id,heart_disease
630000,0.95048654
630001,0.0088885315
630002,0.98882043
630003,0.005079647
630004,0.20463517
630005,0.9818711
630006,0.004074994
630007,0.6025682
630008,0.9918388
630009,0.012129666
630010,0.9184317
630011,0.34348583
630012,0.9809398
630013,0.9656925
630014,0.99571085
630015,0.14172107
630016,0.004802091
630017,0.9742763
630018,0.016446061
630019,0.38957283
630020,0.64232534
630021,0.11052873
630022,0.8577183
630023,0.12766516
630024,0.59996796
630025,0.6983614
630026,0.0038147373
630027,0.14048326
630028,0.46370745
630029,0.25421962
630030,0.000815423
630031,0.90598285
630032,0.03870704
630033,0.07694713
630034,0.006925094
630035,0.04421933
630036,0.8983426
630037,0.9969852
630038,0.0049151373
630039,0.98882335
630040,0.96813565
630041,0.99734783
630042,0.39258847
630043,0.8811623
630044,0.030638486
630045,0.9994947
630046,0.64558446
630047,0.97770023
630048,0.41044042
630049,0.7776967
630050,0.07123552
630051,0.47495046
630052,0.9953124
630053,0.0057749646
630054,0.84618235
630055,0.030615238
630056,0.9450412
630057,0.77089787
630058,0.99763787
630059,0.60029054
630060,0.9681165
630061,0.9856273
630062,0.44690046
630063,0.31579435
630064,0.050928485
630065,0.06421812
630066,0.98763204
630067,0.075780906
630068,0.08164193
630069,0.44576138
630070,0.38246834
630071,0.003096996
630072,0.028195338
630073,0.011801962
630074,0.15404338
630075,0.9358597
630076,0.9962785
630077,0.79525656
630078,0.049629726
630079,0.019554563
630080,0.7784562
630081,0.9726488
630082,0.7729278
630083,0.99298894
630084,0.040589325
630085,0.67008436
630086,0.013399744
630087,0.82187146
630088,0.04799295
630089,0.9980751
630090,0.098069385
630091,0.9961687
630092,0.01261874
630093,0.99958974
630094,0.8772896
630095,0.064408995
630096,0.9809321
630097,0.06936633
630098,0.9987641
630099,0.8209672
630100,0.058505338
630101,0.15894224
630102,0.029698424
630103,0.013924985
630104,0.77683544
630105,0.021213448
630106,0.033417385
630107,0.95258737
630108,0.064232
630109,0.1800443
630110,0.32341352
630111,0.13755505
630112,0.8742699
630113,0.9532918
630114,0.98929584
630115,0.9955575
630116,0.018413994
630117,0.030449597
630118,0.997315
630119,0.18194354
630120,0.8221125
630121,0.87630296
630122,0.036549132
630123,0.45138195
630124,0.046639368
630125,0.70076406
630126,0.01654296
630127,0.07081141
630128,0.7698388
630129,0.025832038
630130,0.004668407
630131,0.9783316
630132,0.039979123
630133,0.004150835
630134,0.7840658
630135,0.91358864
630136,0.9907893
630137,0.53932744
630138,0.005408128
630139,0.7404003
630140,0.1411198
630141,0.9894282
630142,0.05460893
630143,0.00051164004
630144,0.015231215
630145,0.05259423
630146,0.038912207
630147,0.07820926
630148,0.8533066
630149,0.9957578
630150,0.0242165
630151,0.99208724
630152,0.99088746
630153,0.2153543
630154,0.052676957
630155,0.98726726
630156,0.99600244
630157,0.99366486
630158,0.33806142
630159,0.91649365
630160,0.046941496
630161,0.003702004
630162,0.24624124
630163,0.90070117
630164,0.103188805
630165,0.0070476555
630166,0.047593486
630167,0.9883924
630168,0.04171383
630169,0.28089678
630170,0.025664598
630171,0.7395335
630172,0.7163402
630173,0.0063050743
630174,0.9970613
630175,0.5373373
630176,0.9760556
630177,0.7378527
630178,0.37238878
630179,0.94902873
630180,0.9973148
630181,0.006346279
630182,0.048226643
630183,0.8035799
630184,0.95755994
630185,0.9831474
630186,0.079382844
630187,0.9853251
630188,0.9975717
630189,0.024778804
630190,0.97694224
630191,0.955415
630192,0.98874915
630193,0.9701994
630194,0.12805246
630195,0.17538066
630196,0.8751345
630197,0.01769459
630198,0.05605337
630199,0.09146973
630200,0.9570369
630201,0.13739944
630202,0.89569616
630203,0.006861737
630204,0.9321246
630205,0.007266593
630206,0.022192085
630207,0.7027345
630208,0.03510251
630209,0.04763071
630210,0.012222265
630211,0.20264691
630212,0.6518966
630213,0.9987632
630214,0.99645084
630215,0.9719081
630216,0.0052071866
630217,0.99660563
630218,0.008173033
630219,0.58717453
630220,0.12952718
630221,0.017373987
630222,0.9736146
630223,0.87967783
630224,0.11223503
630225,0.06449644
630226,0.34951335
630227,0.03859395
630228,0.07322192
630229,0.03840756
630230,0.12362577
630231,0.15258153
630232,0.07513926
630233,0.97986823
630234,0.017660309
630235,0.85901034
630236,0.99923533
630237,0.18263093
630238,0.87178445
630239,0.015527459
630240,0.86489683
630241,0.0030795264
630242,0.116980195
630243,0.6687207
630244,0.09181824
630245,0.99507856
630246,0.010103889
630247,0.96470386
630248,0.981725
630249,0.08611376
630250,0.001657734
630251,0.06476549
630252,0.9636261
630253,0.9782878
630254,0.07184252
630255,0.19250593
630256,0.086801454
630257,0.9955893
630258,0.98129267
630259,0.9898188
630260,0.91195756
630261,0.06732718
630262,0.99581057
630263,0.9797827
630264,0.9959913
630265,0.16801828
630266,0.34247977
630267,0.00535965
630268,0.043303326
630269,0.61245745
630270,0.016878415
630271,0.016720584
630272,0.39791664
630273,0.9946325
630274,0.0112196235
630275,0.95601165
630276,0.90716165
630277,0.9984649
630278,0.58505446
630279,0.05669363
630280,0.99189264
630281,0.9863855
630282,0.3913688
630283,0.15276623
630284,0.018506207
630285,0.9871216
630286,0.83581173
630287,0.9697264
630288,0.17839468
630289,0.8299773
630290,0.8340081
630291,0.06492636
630292,0.99654514
630293,0.4377187
630294,0.009810923
630295,0.0626843
630296,0.03514614
630297,0.117322326
630298,0.978408
630299,0.9978652
630300,0.03431893
630301,0.9963737
630302,0.005422114
630303,0.035675827
630304,0.1494662
630305,0.99723095
630306,0.4422455
630307,0.9824131
630308,0.9955975
630309,0.43724024
630310,0.02572469
630311,0.056504168
630312,0.02812076
630313,0.7117102
630314,0.07986015
630315,0.006538905
630316,0.9951738
630317,0.9712139
630318,0.039226174
630319,0.9530884
630320,0.027508067
630321,0.9771067
630322,0.93697906
630323,0.99409807
630324,0.05393279
630325,0.029200155
630326,0.059355542
630327,0.018296612
630328,0.019363713
630329,0.103130154
630330,0.89923656
630331,0.99601483
630332,0.85793585
630333,0.683856
630334,0.3075707
630335,0.014775069
630336,0.2374016
630337,0.009746792
630338,0.78825676
630339,0.89926136
630340,0.037646625
630341,0.025916293
630342,0.04759134
630343,0.56991076
630344,0.01636935
630345,0.98789
630346,0.9986255
630347,0.5617692
630348,0.24877015
630349,0.05462265
630350,0.558075
630351,0.06647177
630352,0.7940155
630353,0.024247954
630354,0.89853597
630355,0.03701742
630356,0.011520087
630357,0.9497853
630358,0.41280746
630359,0.99162513
630360,0.05251929
630361,0.023631485
630362,0.7591873
630363,0.7676377
630364,0.008936593
630365,0.0722295
630366,0.05338695
630367,0.99805075
630368,0.97658736
630369,0.87710226
630370,0.5256294
630371,0.31424132
630372,0.15493137
630373,0.027732741
630374,0.9853977
630375,0.81546056
630376,0.9712351
630377,0.026120609
630378,0.09899392
630379,0.017677568
630380,0.76462907
630381,0.5949544
630382,0.013559879
630383,0.95889735
630384,0.108548656
630385,0.02130793
630386,0.98623407
630387,0.97306985
630388,0.7330541
630389,0.9680314
630390,0.98330706
630391,0.6614841
630392,0.008313374
630393,0.15673247
630394,0.21387167
630395,0.98472095
630396,0.31915706
630397,0.9762096
630398,0.67919505
630399,0.00900148
630400,0.98469615
630401,0.036760136
630402,0.66252464
630403,0.9413243
630404,0.3149867
630405,0.99871975
630406,0.9921963
630407,0.09446208
630408,0.116786346
630409,0.26169336
630410,0.011076419
630411,0.15383254
630412,0.13174734
630413,0.9549533
630414,0.9965054
630415,0.95643514
630416,0.0671225
630417,0.99830604
630418,0.73672897
630419,0.6462261
630420,0.9135925
630421,0.9655134
630422,0.0141523965
630423,0.9510951
630424,0.008620843
630425,0.9341623
630426,0.8946404
630427,0.4297192
630428,0.011359949
630429,0.22409429
630430,0.98745763
630431,0.004548638
630432,0.12626208
630433,0.69003713
630434,0.044501655
630435,0.039953638
630436,0.11185146
630437,0.04390428
630438,0.9201802
630439,0.99813837
630440,0.006189943
630441,0.9482473
630442,0.8781594
630443,0.4437341
630444,0.15850843
630445,0.8541073
630446,0.8781579
630447,0.014628343
630448,0.9761874
630449,0.9963374
630450,0.2738083
630451,0.089653134
630452,0.026561134
630453,0.9851668
630454,0.6735821
630455,0.13934109
630456,0.02233014
630457,0.80293757
630458,0.042082846
630459,0.022420721
630460,0.0022231662
630461,0.9434018
630462,0.20981948
630463,0.062158193
630464,0.7480104
630465,0.8750944
630466,0.0033232195
630467,0.99425685
630468,0.0207698
630469,0.97554153
630470,0.8999138
630471,0.0072608376
630472,0.008489379
630473,0.045998555
630474,0.2664981
630475,0.021681892
630476,0.89272535
630477,0.98312294
630478,0.78706235
630479,0.11551712
630480,0.9127388
630481,0.98722523
630482,0.22079214
630483,0.99905956
630484,0.9850272
630485,0.18286125
630486,0.04565336
630487,0.96622396
630488,0.1867238
630489,0.034322165
630490,0.01675362
630491,0.06051229
630492,0.014505029
630493,0.028208572
630494,0.86272144
630495,0.04950162
630496,0.9777455
630497,0.9568135
630498,0.9759455
630499,0.98872024
630500,0.12116359
630501,0.0626943
630502,0.7412686
630503,0.89797014
630504,0.9095644
630505,0.00533412
630506,0.75913244
630507,0.18576644
630508,0.9890473
630509,0.0044289315
630510,0.9573894
630511,0.3286304
630512,0.005098127
630513,0.9844292
630514,0.08035128
630515,0.9163379
630516,0.049763232
630517,0.022969844
630518,0.9235119
630519,0.9981114
630520,0.8589547
630521,0.6926224
630522,0.99879473
630523,0.9939667
630524,0.28090578
630525,0.030860422
630526,0.039828483
630527,0.691216
630528,0.56017125
630529,0.021560153
630530,0.9674421
630531,0.0786748
630532,0.009317373
630533,0.11099001
630534,0.8567718
630535,0.0022562228
630536,0.0007311422
630537,0.27950603
630538,0.53000075
630539,0.02467848
630540,0.8334887
630541,0.071861714
630542,0.9881051
630543,0.9499172
630544,0.018469006
630545,0.047893092
630546,0.0672224
630547,0.7574008
630548,0.53729665
630549,0.87036
630550,0.98546946
630551,0.97361785
630552,0.24131954
630553,0.1942686
630554,0.60139084
630555,0.6427058
630556,0.01229737
630557,0.0036493824
630558,0.97845066
630559,0.93404114
630560,0.7113723
630561,0.023966236
630562,0.972068
630563,0.9648349
630564,0.9964446
630565,0.0051651164
630566,0.14895919
630567,0.6880857
630568,0.9854421
630569,0.95254207
630570,0.0035488142
630571,0.028854009
630572,0.1494979
630573,0.06906469
630574,0.0061842366
630575,0.7775543
630576,0.2905401
630577,0.0012834561
630578,0.89238393
630579,0.83029366
630580,0.33275616
630581,0.0047538253
630582,0.98347443
630583,0.0102020465
630584,0.007781447
630585,0.55351865
630586,0.004439126
630587,0.57618177
630588,0.02473732
630589,0.9826256
630590,0.9740826
630591,0.088836126
630592,0.9605491
630593,0.17298323
630594,0.83381486
630595,0.8969253
630596,0.5666292
630597,0.9932311
630598,0.053890735
630599,0.017225675
630600,0.049763247
630601,0.25661403
630602,0.016906809
630603,0.52643937
630604,0.64979196
630605,0.18324654
630606,0.97415185
630607,0.9671848
630608,0.93487835
630609,0.25967517
630610,0.087032765
630611,0.036955394
630612,0.87334716
630613,0.9800507
630614,0.9403375
630615,0.20426822
630616,0.97576654
630617,0.15930416
630618,0.009403547
630619,0.96939456
630620,0.0014124685
630621,0.98785865
630622,0.034548327
630623,0.2084849
630624,0.8068313
630625,0.058358386
630626,0.017023936
630627,0.049843907
630628,0.01095959
630629,0.051958993
630630,0.32583797
630631,0.9985761
630632,0.97603995
630633,0.0326543
630634,0.019726133
630635,0.03026013
630636,0.20566554
630637,0.96027344
630638,0.012983716
630639,0.90889484
630640,0.19868903
630641,0.0147190625
630642,0.04866724
630643,0.9898454
630644,0.95150363
630645,0.085994944
630646,0.6175277
630647,0.07973754
630648,0.8544443
630649,0.963355
630650,0.23515157
630651,0.0021735616
630652,0.76805484
630653,0.07287715
630654,0.020279123
630655,0.9845742
630656,0.039676335
630657,0.99228776
630658,0.5940861
630659,0.01969017
630660,0.0033789403
630661,0.109825544
630662,0.008371475
630663,0.00089379604
630664,0.063719705
630665,0.9876863
630666,0.34502482
630667,0.12251963
630668,0.06706259
630669,0.0069876746
630670,0.6715215
630671,0.006244935
630672,0.99468666
630673,0.992432
630674,0.99070907
630675,0.97118783
630676,0.9974882
630677,0.18296595
630678,0.6243612
630679,0.9712349
630680,0.37823159
630681,0.0062567876
630682,0.002459653
630683,0.08493275
630684,0.016952574
630685,0.9861375
630686,0.025676908
630687,0.060237665
630688,0.656469
630689,0.009927993
630690,0.18153495
630691,0.9987117
630692,0.08846361
630693,0.88210267
630694,0.99030656
630695,0.96662956
630696,0.6844915
630697,0.9717318
630698,0.24408498
630699,0.07395606
630700,0.9969584
630701,0.017981095
630702,0.057786696
630703,0.7936105
630704,0.05276659
630705,0.8991884
630706,0.14992586
630707,0.06386068
630708,0.012143606
630709,0.9792446
630710,0.0016258883
630711,0.015806941
630712,0.013038412
630713,0.9942575
630714,0.8287899
630715,0.96631354
630716,0.57332444
630717,0.0771954
630718,0.83120817
630719,0.22888827
630720,0.98986924
630721,0.83448994
630722,0.9208337
630723,0.022510435
630724,0.008628234
630725,0.017403224
630726,0.94667935
630727,0.9336223
630728,0.018152902
630729,0.119763695
630730,0.93993807
630731,0.025759054
630732,0.9923289
630733,0.036929198
630734,0.121083625
630735,0.041876644
630736,0.037818782
630737,0.41161668
630738,0.038219973
630739,0.17453282
630740,0.17698047
630741,0.73202705
630742,0.9314711
630743,0.034934346
630744,0.97024465
630745,0.80020267
630746,0.18349223
630747,0.40266687
630748,0.0049828594
630749,0.005999403
630750,0.0010737895
630751,0.96983004
630752,0.8749962
630753,0.17571339
630754,0.37501657
630755,0.0073984014
630756,0.03338176
630757,0.98976606
630758,0.98053694
630759,0.19137686
630760,0.016387325
630761,0.9883689
630762,0.011450206
630763,0.962875
630764,0.012563143
630765,0.8375154
630766,0.6759423
630767,0.004581839
630768,0.8209943
630769,0.9937861
630770,0.72094095
630771,0.0150433285
630772,0.99934554
630773,0.0016695729
630774,0.22109489
630775,0.94066536
630776,0.037937142
630777,0.9212208
630778,0.85025626
630779,0.010552439
630780,0.9976795
630781,0.0074732355
630782,0.38436234
630783,0.014689952
630784,0.015150737
630785,0.22444962
630786,0.01799589
630787,0.2341227
630788,0.9825908
630789,0.015778206
630790,0.5244255
630791,0.08709719
630792,0.015071635
630793,0.042077914
630794,0.94549674
630795,0.98225063
630796,0.8860074
630797,0.5722398
630798,0.7823224
630799,0.8847185
630800,0.049770966
630801,0.9746554
630802,0.23680829
630803,0.053824916
630804,0.6576555
630805,0.78684795
630806,0.1296002
630807,0.49664962
630808,0.009884059
630809,0.0031995876
630810,0.028313823
630811,0.022533193
630812,0.017292142
630813,0.0388479
630814,0.577253
630815,0.75275266
630816,0.075033575
630817,0.9720448
630818,0.9725587
630819,0.09582246
630820,0.15477103
630821,0.6155304
630822,0.030457266
630823,0.06478366
630824,0.995358
630825,0.054284453
630826,0.02263374
630827,0.90835196
630828,0.98585624
630829,0.93898726
630830,0.93239903
630831,0.13799936
630832,0.99257463
630833,0.25464103
630834,0.9936834
630835,0.9769487
630836,0.99405175
630837,0.96071255
630838,0.010232812
630839,0.048744556
630840,0.012827756
630841,0.14762801
630842,0.7040014
630843,0.0030176886
630844,0.9588898
630845,0.026491696
630846,0.09646039
630847,0.8244373
630848,0.9748022
630849,0.00870454
630850,0.28730386
630851,0.10973188
630852,0.113349356
630853,0.024182443
630854,0.10974344
630855,0.12737711
630856,0.9258199
630857,0.060088426
630858,0.32525417
630859,0.051059965
630860,0.7838337
630861,0.018967682
630862,0.17110625
630863,0.0027969254
630864,0.02574398
630865,0.005107961
630866,0.0659004
630867,0.18784076
630868,0.009870183
630869,0.008754691
630870,0.32101032
630871,0.9692571
630872,0.80618954
630873,0.51100254
630874,0.81700873
630875,0.6730257
630876,0.83756566
630877,0.9800532
630878,0.13570201
630879,0.9929999
630880,0.99643934
630881,0.98180324
630882,0.7008939
630883,0.79761946
630884,0.98093235
630885,0.86254454
630886,0.0141613735
630887,0.03236096
630888,0.9124736
630889,0.4340725
630890,0.56555486
630891,0.946332
630892,0.42456797
630893,0.28992224
630894,0.9794669
630895,0.009908306
630896,0.9426843
630897,0.8578891
630898,0.16375114
630899,0.23298207
630900,0.94137657
630901,0.04391048
630902,0.9671871
630903,0.9364303
630904,0.4160198
630905,0.9605758
630906,0.4140911
630907,0.7748827
630908,0.0080443695
630909,0.067805104
630910,0.9727477
630911,0.7992667
630912,0.9953915
630913,0.007709893
630914,0.9649238
630915,0.9940033
630916,0.10004692
630917,0.005125101
630918,0.112945355
630919,0.9113345
630920,0.06812061
630921,0.02094457
630922,0.036258377
630923,0.13713454
630924,0.66489005
630925,0.3326333
630926,0.07430577
630927,0.990073
630928,0.59288716
630929,0.3873863
630930,0.008630769
630931,0.1918006
630932,0.9985288
630933,0.0702268
630934,0.029051768
630935,0.19993304
630936,0.9730411
630937,0.998666
630938,0.0054602283
630939,0.03929609
630940,0.5456326
630941,0.29021505
630942,0.0066239303
630943,0.70457417
630944,0.040972274
630945,0.9997936
630946,0.91799605
630947,0.15241466
630948,0.94644177
630949,0.9685195
630950,0.07420447
630951,0.9984007
630952,0.0446647
630953,0.6700732
630954,0.9781185
630955,0.033999607
630956,0.012721709
630957,0.24440585
630958,0.12902051
630959,0.08909649
630960,0.7566527
630961,0.010778168
630962,0.028084956
630963,0.07296752
630964,0.9984722
630965,0.028887566
630966,0.11793706
630967,0.99770033
630968,0.98515993
630969,0.98507017
630970,0.36776873
630971,0.9980923
630972,0.92957824
630973,0.06933245
630974,0.7045532
630975,0.0063692513
630976,0.8975726
630977,0.024613773
630978,0.0057858233
630979,0.873158
630980,0.9914593
630981,0.118279286
630982,0.003481738
630983,0.9979392
630984,0.041087136
630985,0.4317758
630986,0.3069716
630987,0.20199358
630988,0.4522664
630989,0.9985202
630990,0.21955486
630991,0.7290187
630992,0.98913866
630993,0.9885012
630994,0.98859453
630995,0.9262674
630996,0.42513973
630997,0.057362765
630998,0.13722794
630999,0.003512111
631000,0.0045920745
631001,0.008286734
631002,0.98480535
631003,0.039244153
631004,0.8905156
631005,0.7059487
631006,0.8438412
631007,0.9519369
631008,0.023318544
631009,0.8959242
631010,0.78555703
631011,0.5731051
631012,0.9603949
631013,0.11324559
631014,0.79263455
631015,0.98672867
631016,0.46485752
631017,0.986725
631018,0.27203232
631019,0.9206675
631020,0.96630794
631021,0.07563762
631022,0.8245342
631023,0.98988336
631024,0.9470631
631025,0.90536153
631026,0.25633007
631027,0.9663441
631028,0.012747161
631029,0.051620606
631030,0.13582133
631031,0.8984127
631032,0.99764466
631033,0.0092161065
631034,0.052138057
631035,0.0026991954
631036,0.9953121
631037,0.49246868
631038,0.023844954
631039,0.9554942
631040,0.058110185
631041,0.06082987
631042,0.2472798
631043,0.04193344
631044,0.8004569
631045,0.1636996
631046,0.9607656
631047,0.21383446
631048,0.51923734
631049,0.015333902
631050,0.0020724605
631051,0.93354756
631052,0.15900877
631053,0.76068985
631054,0.034216277
631055,0.015654154
631056,0.0027580317
631057,0.6982897
631058,0.8977186
631059,0.9972825
631060,0.022734858
631061,0.3021644
631062,0.46322018
631063,0.39851585
631064,0.7519342
631065,0.958154
631066,0.98575073
631067,0.030022271
631068,0.076957956
631069,0.89830923
631070,0.053295232
631071,0.36488864
631072,0.0069336146
631073,0.8134867
631074,0.11945689
631075,0.32156426
631076,0.023309596
631077,0.11140409
631078,0.020758348
631079,0.66867036
631080,0.99664235
631081,0.9416232
631082,0.58199024
631083,0.1286032
631084,0.77172786
631085,0.51970494
631086,0.95029265
631087,0.79562545
631088,0.37577748
631089,0.0171534
631090,0.06446269
631091,0.0140216565
631092,0.8800189
631093,0.0020980448
631094,0.47376198
631095,0.0029988168
631096,0.06487842
631097,0.10839095
631098,0.9833143
631099,0.033441357
631100,0.55563116
631101,0.6099251
631102,0.6182848
631103,0.09993748
631104,0.9601031
631105,0.010446796
631106,0.7256164
631107,0.030213697
631108,0.9725917
631109,0.1399297
631110,0.93208075
631111,0.9942271
631112,0.0055719875
631113,0.2366381
631114,0.89424574
631115,0.983259
631116,0.81587
631117,0.043115728
631118,0.010636741
631119,0.043963216
631120,0.08574949
631121,0.98897195
631122,0.46795273
631123,0.07484933
631124,0.06650794
631125,0.06915634
631126,0.98863184
631127,0.26942793
631128,0.037799686
631129,0.20911318
631130,0.030615257
631131,0.0047457316
631132,0.0012626762
631133,0.006152765
631134,0.5935311
631135,0.007061693
631136,0.04624465
631137,0.20557217
631138,0.03208943
631139,0.01612544
631140,0.058339387
631141,0.834089
631142,0.09402193
631143,0.011813427
631144,0.029010592
631145,0.016340422
631146,0.072643675
631147,0.9924266
631148,0.16856197
631149,0.98091394
631150,0.033681724
631151,0.032685902
631152,0.010412227
631153,0.5676257
631154,0.9277809
631155,0.045369472
631156,0.36175394
631157,0.42271382
631158,0.153101
631159,0.7836441
631160,0.9754582
631161,0.123592444
631162,0.9975457
631163,0.1321951
631164,0.038593996
631165,0.9566555
631166,0.00223024
631167,0.9686968
631168,0.13959074
631169,0.27727267
631170,0.34862196
631171,0.029703358
631172,0.23422658
631173,0.28219244
631174,0.81584525
631175,0.45844883
631176,0.94875145
631177,0.9718142
631178,0.99560815
631179,0.9611683
631180,0.79543424
631181,0.1615808
631182,0.008813095
631183,0.5504388
631184,0.0053322045
631185,0.61487234
631186,0.43649086
631187,0.93175954
631188,0.232676
631189,0.25497192
631190,0.51351506
631191,0.8259367
631192,0.234973
631193,0.1299644
631194,0.0042130915
631195,0.9995316
631196,0.99132836
631197,0.5942985
631198,0.7585053
631199,0.54543847
631200,0.03247304
631201,0.027645063
631202,0.7437944
631203,0.37514627
631204,0.9866168
631205,0.0878495
631206,0.011006984
631207,0.9227473
631208,0.99532
631209,0.3357701
631210,0.98134315
631211,0.010449478
631212,0.09416056
631213,0.01943061
631214,0.98616886
631215,0.9649452
631216,0.87841487
631217,0.05540498
631218,0.80235744
631219,0.014742083
631220,0.012835864
631221,0.014855679
631222,0.081617065
631223,0.8436471
631224,0.7766873
631225,0.9705245
631226,0.92980963
631227,0.1709832
631228,0.07362009
631229,0.0028908886
631230,0.17865667
631231,0.02852226
631232,0.9969571
631233,0.107506536
631234,0.002956714
631235,0.17778546
631236,0.024787517
631237,0.53542376
631238,0.0095088305
631239,0.73651063
631240,0.9785914
631241,0.02684893
631242,0.3745223
631243,0.8082749
631244,0.81914014
631245,0.66096234
631246,0.9466111
631247,0.46656924
631248,0.74312294
631249,0.023554346
631250,0.8990588
631251,0.7030189
631252,0.022622706
631253,0.028526042
631254,0.9785422
631255,0.03689463
631256,0.6026414
631257,0.08036642
631258,0.021397034
631259,0.40344822
631260,0.94561374
631261,0.014175649
631262,0.6280749
631263,0.03396386
631264,0.048482347
631265,0.110243626
631266,0.017020945
631267,0.7357397
631268,0.9558766
631269,0.99102294
631270,0.19492392
631271,0.79299843
631272,0.023955978
631273,0.99962604
631274,0.97631323
631275,0.14099714
631276,0.019945318
631277,0.13072705
631278,0.9940034
631279,0.53816795
631280,0.8406091
631281,0.051819056
631282,0.93933463
631283,0.0053730654
631284,0.9926117
631285,0.03254965
631286,0.18170527
631287,0.07357887
631288,0.6879919
631289,0.0056267413
631290,0.12500067
631291,0.54510736
631292,0.0468672
631293,0.7132141
631294,0.99567103
631295,0.10102438
631296,0.06861281
631297,0.998745
631298,0.9499063
631299,0.9174358
631300,0.9827374
631301,0.008470998
631302,0.93406296
631303,0.051718164
631304,0.01007605
631305,0.9955735
631306,0.98974526
631307,0.048598927
631308,0.87896603
631309,0.14186421
631310,0.02527493
631311,0.045980692
631312,0.28294343
631313,0.20775418
631314,0.054264024
631315,0.9846926
631316,0.88425815
631317,0.9078564
631318,0.0031899214
631319,0.011510294
631320,0.9929403
631321,0.018710863
631322,0.8430361
631323,0.5404285
631324,0.96657854
631325,0.0237078
631326,0.91401315
631327,0.95951116
631328,0.07849716
631329,0.84307337
631330,0.11872571
631331,0.6638312
631332,0.053087015
631333,0.8813634
631334,0.022221638
631335,0.034390487
631336,0.098803625
631337,0.8392667
631338,0.9926359
631339,0.93994665
631340,0.009101902
631341,0.169281
631342,0.9927356
631343,0.96923614
631344,0.009388534
631345,0.32657015
631346,0.9985185
631347,0.90801394
631348,0.016567262
631349,0.0032953783
631350,0.14992642
631351,0.9521858
631352,0.8827426
631353,0.9848299
631354,0.029773695
631355,0.93977904
631356,0.0051986203
631357,0.9965604
631358,0.0256409
631359,0.8994571
631360,0.012758655
631361,0.9893221
631362,0.0038161515
631363,0.011193485
631364,0.020528534
631365,0.10887822
631366,0.993165
631367,0.006251548
631368,0.9953257
631369,0.95986027
631370,0.013406952
631371,0.99707055
631372,0.94714504
631373,0.040465456
631374,0.9014401
631375,0.9048565
631376,0.9850366
631377,0.4779822
631378,0.9978432
631379,0.110593885
631380,0.018645607
631381,0.05447814
631382,0.41352412
631383,0.014711264
631384,0.8385626
631385,0.99794215
631386,0.9953502
631387,0.095916115
631388,0.99376535
631389,0.1474812
631390,0.19937012
631391,0.031968698
631392,0.011716094
631393,0.038067278
631394,0.029970445
631395,0.9903418
631396,0.10639812
631397,0.9719468
631398,0.9219624
631399,0.7341084
631400,0.2543719
631401,0.045641236
631402,0.006312503
631403,0.024558386
631404,0.005115662
631405,0.014764661
631406,0.043497585
631407,0.7385212
631408,0.0094534345
631409,0.9831459
631410,0.3646507
631411,0.014477837
631412,0.008263503
631413,0.21394616
631414,0.04788536
631415,0.015683845
631416,0.09601167
631417,0.06947824
631418,0.50057113
631419,0.10267168
631420,0.060839884
631421,0.98552996
631422,0.006801288
631423,0.059608765
631424,0.009880928
631425,0.040367693
631426,0.9906883
631427,0.67662585
631428,0.59100205
631429,0.8940716
631430,0.80188996
631431,0.7820655
631432,0.64076185
631433,0.0075321626
631434,0.062205814
631435,0.008919262
631436,0.9912191
631437,0.37091228
631438,0.0038444465
631439,0.59133166
631440,0.058894124
631441,0.2681412
631442,0.009542323
631443,0.05666278
631444,0.012370495
631445,0.030214269
631446,0.79351884
631447,0.0068617556
631448,0.13306075
631449,0.9835698
631450,0.0880734
631451,0.6136084
631452,0.11943587
631453,0.99544364
631454,0.01536228
631455,0.98206687
631456,0.9971948
631457,0.9696002
631458,0.010059583
631459,0.987524
631460,0.98700345
631461,0.1612523
631462,0.16364937
631463,0.26384214
631464,0.02196876
631465,0.9474358
631466,0.015472572
631467,0.12869991
631468,0.57719123
631469,0.013602994
631470,0.92688423
631471,0.9153173
631472,0.99689364
631473,0.84038013
631474,0.86782086
631475,0.81244427
631476,0.009321472
631477,0.096094854
631478,0.026668578
631479,0.9989414
631480,0.98103863
631481,0.26379892
631482,0.016767658
631483,0.059244353
631484,0.050243042
631485,0.972815
631486,0.92219955
631487,0.010519846
631488,0.41021752
631489,0.87229645
631490,0.008873087
631491,0.7401317
631492,0.0675565
631493,0.008909744
631494,0.04269206
631495,0.5239386
631496,0.9116685
631497,0.071417056
631498,0.003587528
631499,0.989909
631500,0.0575959
631501,0.91559356
631502,0.25508583
631503,0.056157295
631504,0.085836306
631505,0.48486468
631506,0.026714772
631507,0.0011727777
631508,0.857807
631509,0.91332495
631510,0.33314633
631511,0.008667285
631512,0.052112695
631513,0.04306511
631514,0.040825747
631515,0.542196
631516,0.9523392
631517,0.0831601
631518,0.44821528
631519,0.02446491
631520,0.95453227
631521,0.015262163
631522,0.086759076
631523,0.8892169
631524,0.0047871266
631525,0.85962903
631526,0.9852031
631527,0.08172061
631528,0.974877
631529,0.006825835
631530,0.02457523
631531,0.010517314
631532,0.004141468
631533,0.08650597
631534,0.8639029
631535,0.58807987
631536,0.9953754
631537,0.7004579
631538,0.63878447
631539,0.8171276
631540,0.008913331
631541,0.93931556
631542,0.022549845
631543,0.98432755
631544,0.8225866
631545,0.07438093
631546,0.017036825
631547,0.0023215478
631548,0.017254973
631549,0.0053194677
631550,0.019923
631551,0.15025991
631552,0.029021014
631553,0.029242968
631554,0.026621299
631555,0.9958896
631556,0.93429136
631557,0.5795049
631558,0.0066084727
631559,0.0034268587
631560,0.257336
631561,0.25908193
631562,0.711305
631563,0.43734148
631564,0.038468122
631565,0.0073862914
631566,0.23615564
631567,0.027291942
631568,0.9927927
631569,0.29432523
631570,0.96629995
631571,0.7721743
631572,0.99600446
631573,0.9763312
631574,0.6599839
631575,0.09513348
631576,0.98469496
631577,0.91858196
631578,0.52610844
631579,0.91945827
631580,0.10244982
631581,0.07035669
631582,0.22842465
631583,0.9539958
631584,0.87737525
631585,0.048387505
631586,0.1610121
631587,0.6538005
631588,0.05174287
631589,0.26158205
631590,0.06993939
631591,0.963877
631592,0.010161249
631593,0.023849847
631594,0.025876623
631595,0.9247998
631596,0.9792345
631597,0.0072563402
631598,0.024613075
631599,0.9657071
631600,0.95051867
631601,0.92801
631602,0.333496
631603,0.998082
631604,0.85173124
631605,0.9887388
631606,0.26131624
631607,0.0030292296
631608,0.009294582
631609,0.054442935
631610,0.9661956
631611,0.009156836
631612,0.90226954
631613,0.0029716166
631614,0.12445229
631615,0.011478442
631616,0.1824474
631617,0.023017297
631618,0.017307486
631619,0.8509778
631620,0.011007538
631621,0.004185097
631622,0.31646833
631623,0.9600834
631624,0.9829922
631625,0.69606674
631626,0.9870821
631627,0.69343853
631628,0.12517455
631629,0.017350335
631630,0.0049641533
631631,0.7938025
631632,0.13830164
631633,0.035547078
631634,0.014101313
631635,0.0779701
631636,0.9956444
631637,0.047406856
631638,0.005111212
631639,0.23503812
631640,0.027960911
631641,0.0064751254
631642,0.8267394
631643,0.2823623
631644,0.9971132
631645,0.94650424
631646,0.028284876
631647,0.005172385
631648,0.004024789
631649,0.5689843
631650,0.958144
631651,0.0037407838
631652,0.40591732
631653,0.9945606
631654,0.01171363
631655,0.9206158
631656,0.9959713
631657,0.99799144
631658,0.056062855
631659,0.19072935
631660,0.9330264
631661,0.6924753
631662,0.9960697
631663,0.02583977
631664,0.18271983
631665,0.036392737
631666,0.2692295
631667,0.727475
631668,0.010946564
631669,0.02687249
631670,0.26345617
631671,0.95130706
631672,0.052503422
631673,0.9740201
631674,0.0039775833
631675,0.014966831
631676,0.04108669
631677,0.22087811
631678,0.98389316
631679,0.012432164
631680,0.95400053
631681,0.024764124
631682,0.022165893
631683,0.75857544
631684,0.015024185
631685,0.9706256
631686,0.96165097
631687,0.09183782
631688,0.059083838
631689,0.093923196
631690,0.7956457
631691,0.11620849
631692,0.0436304
631693,0.75355816
631694,0.073245466
631695,0.37542674
631696,0.38078052
631697,0.84763676
631698,0.956318
631699,0.007823901
631700,0.96698713
631701,0.98610574
631702,0.9962052
631703,0.041532386
631704,0.96300083
631705,0.97990274
631706,0.9911306
631707,0.9925598
631708,0.8499686
631709,0.41641304
631710,0.020630931
631711,0.05564042
631712,0.6359996
631713,0.028906768
631714,0.00854494
631715,0.88098097
631716,0.037476987
631717,0.913015
631718,0.051423304
631719,0.01150058
631720,0.7071194
631721,0.8707955
631722,0.019027581
631723,0.9670532
631724,0.97908777
631725,0.01764336
631726,0.7764564
631727,0.4471952
631728,0.9661809
631729,0.012963385
631730,0.04038293
631731,0.78614914
631732,0.94981873
631733,0.98960036
631734,0.058444574
631735,0.027880881
631736,0.82878846
631737,0.22572905
631738,0.1285544
631739,0.014615536
631740,0.17424682
631741,0.028303903
631742,0.93234634
631743,0.047392897
631744,0.6516079
631745,0.03498086
631746,0.26810905
631747,0.9882859
631748,0.3749689
631749,0.7342571
631750,0.023987614
631751,0.8171345
631752,0.7830678
631753,0.9462514
631754,0.35203063
631755,0.92306536
631756,0.92121047
631757,0.09637654
631758,0.012455276
631759,0.9796219
631760,0.8933701
631761,0.88939464
631762,0.12637195
631763,0.8546295
631764,0.40999943
631765,0.08614599
631766,0.13473092
631767,0.108413056
631768,0.0202799
631769,0.9472729
631770,0.030654192
631771,0.9988195
631772,0.9765246
631773,0.13676974
631774,0.015428192
631775,0.21063244
631776,0.47002327
631777,0.00356766
631778,0.060045846
631779,0.0067466283
631780,0.0073584206
631781,0.6723716
631782,0.99772584
631783,0.9923307
631784,0.04045378
631785,0.14192995
631786,0.0035513174
631787,0.27713025
631788,0.16984811
631789,0.029040089
631790,0.9872604
631791,0.025223445
631792,0.43128097
631793,0.13546795
631794,0.16109365
631795,0.009892428
631796,0.8018689
631797,0.6704284
631798,0.9454164
631799,0.085523404
631800,0.24043365
631801,0.50992125
631802,0.054279312
631803,0.8286137
631804,0.9447176
631805,0.7578683
631806,0.90614825
631807,0.915215
631808,0.96656185
631809,0.12124315
631810,0.31086075
631811,0.4851099
631812,0.26832065
631813,0.7071439
631814,0.92381144
631815,0.01086569
631816,0.081758425
631817,0.032948595
631818,0.004061597
631819,0.99973834
631820,0.9362925
631821,0.87783706
631822,0.11889105
631823,0.9891362
631824,0.84575593
631825,0.976511
631826,0.00953632
631827,0.55445457
631828,0.9994535
631829,0.004322367
631830,0.9635503
631831,0.8655244
631832,0.99775606
631833,0.0007871366
631834,0.030859362
631835,0.8169844
631836,0.9986714
631837,0.9964025
631838,0.9980011
631839,0.008588916
631840,0.26118267
631841,0.9887943
631842,0.6226717
631843,0.69211334
631844,0.01787201
631845,0.0135334525
631846,0.8521055
631847,0.11598362
631848,0.027145205
631849,0.48934886
631850,0.99902487
631851,0.9982018
631852,0.9163067
631853,0.9969684
631854,0.94330007
631855,0.035308488
631856,0.31471768
631857,0.19632873
631858,0.0017818636
631859,0.9919908
631860,0.041331515
631861,0.14240429
631862,0.0047020325
631863,0.9488733
631864,0.008331604
631865,0.995519
631866,0.010345975
631867,0.04230383
631868,0.024000658
631869,0.09088072
631870,0.42102048
631871,0.82295656
631872,0.038186826
631873,0.40962183
631874,0.9970552
631875,0.0065521654
631876,0.99127185
631877,0.0707724
631878,0.9900653
631879,0.014155198
631880,0.068308555
631881,0.0838533
631882,0.0043340926
631883,0.0415016
631884,0.015101631
631885,0.1888698
631886,0.18138964
631887,0.99636966
631888,0.25966722
631889,0.7412706
631890,0.8267317
631891,0.9807968
631892,0.021276407
631893,0.028085425
631894,0.10538183
631895,0.9896388
631896,0.9993898
631897,0.9561558
631898,0.014075895
631899,0.9584468
631900,0.95711344
631901,0.04221752
631902,0.096637726
631903,0.11154091
631904,0.08127336
631905,0.057862606
631906,0.14320889
631907,0.97206724
631908,0.99515265
631909,0.10667662
631910,0.9939606
631911,0.86112666
631912,0.075450614
631913,0.99277997
631914,0.0017010553
631915,0.1443694
631916,0.9799324
631917,0.59256315
631918,0.67415833
631919,0.9718325
631920,0.019024555
631921,0.012835621
631922,0.08959395
631923,0.99583536
631924,0.9957047
631925,0.028768674
631926,0.2790739
631927,0.6797303
631928,0.10324684
631929,0.028746216
631930,0.05338607
631931,0.011877655
631932,0.0747712
631933,0.015468113
631934,0.020755012
631935,0.036888015
631936,0.9927075
631937,0.059274912
631938,0.9101213
631939,0.018229518
631940,0.97067606
631941,0.74757135
631942,0.9936985
631943,0.04185115
631944,0.016382627
631945,0.04373408
631946,0.2943721
631947,0.20303968
631948,0.005002023
631949,0.981724
631950,0.7718969
631951,0.058592543
631952,0.9864187
631953,0.8554516
631954,0.9564227
631955,0.19861454
631956,0.0061348053
631957,0.99867266
631958,0.25103223
631959,0.89828193
631960,0.58873904
631961,0.9907292
631962,0.009139895
631963,0.008196638
631964,0.0073994505
631965,0.008065242
631966,0.99437815
631967,0.45740154
631968,0.9732131
631969,0.02565183
631970,0.094337866
631971,0.04608053
631972,0.9983102
631973,0.91597015
631974,0.5540946
631975,0.0062425407
631976,0.8933799
631977,0.01405072
631978,0.014619481
631979,0.4626621
631980,0.9873137
631981,0.01547968
631982,0.014533918
631983,0.0044844593
631984,0.1910745
631985,0.9893423
631986,0.031738788
631987,0.0024898164
631988,0.95748544
631989,0.7744434
631990,0.8918612
631991,0.012566882
631992,0.18763636
631993,0.9340864
631994,0.03839718
631995,0.34986296
631996,0.89736575
631997,0.1385091
631998,0.98010254
631999,0.050041676
632000,0.6402301
632001,0.32898617
632002,0.074938424
632003,0.63006234
632004,0.015481044
632005,0.047854118
632006,0.99459565
632007,0.07523714
632008,0.024155283
632009,0.32250637
632010,0.0031218445
632011,0.8208747
632012,0.35261345
632013,0.9800645
632014,0.06712447
632015,0.9390274
632016,0.079757966
632017,0.8688466
632018,0.1201017
632019,0.10564362
632020,0.9793477
632021,0.45704535
632022,0.040739644
632023,0.72632575
632024,0.90408224
632025,0.98787653
632026,0.04326625
632027,0.9206203
632028,0.5116487
632029,0.95886856
632030,0.9643556
632031,0.033382908
632032,0.050402004
632033,0.99598056
632034,0.085534856
632035,0.023037419
632036,0.9702495
632037,0.15432875
632038,0.5601276
632039,0.8290303
632040,0.94686294
632041,0.2769321
632042,0.961061
632043,0.04458317
632044,0.013837287
632045,0.013759071
632046,0.5693864
632047,0.029104041
632048,0.32727444
632049,0.99900126
632050,0.14069316
632051,0.956382
632052,0.8681225
632053,0.0066514453
632054,0.9674528
632055,0.07527715
632056,0.86860484
632057,0.033769518
632058,0.000850419
632059,0.8999466
632060,0.29587018
632061,0.68107855
632062,0.98293257
632063,0.6656426
632064,0.015670553
632065,0.92208445
632066,0.412656
632067,0.5661274
632068,0.024810264
632069,0.052830666
632070,0.04911211
632071,0.9671109
632072,0.0044575874
632073,0.20673764
632074,0.034526598
632075,0.041731317
632076,0.9464574
632077,0.93184733
632078,0.95723754
632079,0.03574363
632080,0.0070357746
632081,0.059074674
632082,0.21852805
632083,0.9541386
632084,0.5306833
632085,0.3752226
632086,0.8449234
632087,0.019070808
632088,0.5537875
632089,0.21389584
632090,0.92462575
632091,0.11583522
632092,0.073145725
632093,0.9738138
632094,0.4937841
632095,0.11419358
632096,0.40402734
632097,0.37509176
632098,0.6126789
632099,0.02832801
632100,0.058574125
632101,0.7292447
632102,0.9376274
632103,0.16671985
632104,0.0075557507
632105,0.5488417
632106,0.93291867
632107,0.7688397
632108,0.37729728
632109,0.02889204
632110,0.99774396
632111,0.8731527
632112,0.34723112
632113,0.74741507
632114,0.99853784
632115,0.11238474
632116,0.7273739
632117,0.99829066
632118,0.050841197
632119,0.9731426
632120,0.9668742
632121,0.03531668
632122,0.09029126
632123,0.99599767
632124,0.034005493
632125,0.057819214
632126,0.82668144
632127,0.07578304
632128,0.085967675
632129,0.105877176
632130,0.89547884
632131,0.06269373
632132,0.08115638
632133,0.067776084
632134,0.97464377
632135,0.16099647
632136,0.83211344
632137,0.04130564
632138,0.9488853
632139,0.005025841
632140,0.10863864
632141,0.047375284
632142,0.97916263
632143,0.041235942
632144,0.86003804
632145,0.62657297
632146,0.77937716
632147,0.996552
632148,0.10986674
632149,0.009974582
632150,0.9847848
632151,0.1150546
632152,0.101270564
632153,0.9804316
632154,0.9939027
632155,0.9401727
632156,0.998963
632157,0.018497773
632158,0.68477523
632159,0.99430555
632160,0.0077237156
632161,0.0064780316
632162,0.6431924
632163,0.0225449
632164,0.012953529
632165,0.08041721
632166,0.04890927
632167,0.98917395
632168,0.98680145
632169,0.022515912
632170,0.063586965
632171,0.08936459
632172,0.22203152
632173,0.006843404
632174,0.02154961
632175,0.11212568
632176,0.77163404
632177,0.9568963
632178,0.17492318
632179,0.96966106
632180,0.037806902
632181,0.99257684
632182,0.13806519
632183,0.018335052
632184,0.0028906239
632185,0.9836668
632186,0.03369488
632187,0.031504363
632188,0.41436395
632189,0.0023486714
632190,0.077573545
632191,0.35822144
632192,0.04900814
632193,0.027673047
632194,0.057691023
632195,0.9794443
632196,0.07008399
632197,0.983117
632198,0.9548913
632199,0.3201769
632200,0.90397334
632201,0.0050828326
632202,0.9812279
632203,0.99826586
632204,0.82529575
632205,0.98728204
632206,0.040434096
632207,0.8253227
632208,0.03642289
632209,0.9551789
632210,0.99254656
632211,0.97696155
632212,0.25303704
632213,0.9986317
632214,0.019558076
632215,0.03895434
632216,0.86838084
632217,0.004090728
632218,0.96941257
632219,0.41089022
632220,0.13105649
632221,0.6034326
632222,0.0044594533
632223,0.69277865
632224,0.02110785
632225,0.99399173
632226,0.97538495
632227,0.027252309
632228,0.02072281
632229,0.96369183
632230,0.61663574
632231,0.0047638915
632232,0.3271475
632233,0.95702827
632234,0.035846803
632235,0.0157734
632236,0.9908325
632237,0.10854526
632238,0.21188353
632239,0.42565295
632240,0.82926095
632241,0.028188314
632242,0.48994514
632243,0.97585696
632244,0.73501813
632245,0.49047872
632246,0.99221337
632247,0.018766504
632248,0.9110882
632249,0.07078561
632250,0.96493167
632251,0.011002056
632252,0.07478969
632253,0.013273435
632254,0.002962286
632255,0.9211118
632256,0.51771724
632257,0.9691925
632258,0.042660862
632259,0.005195004
632260,0.82929486
632261,0.9393251
632262,0.2257565
632263,0.030997992
632264,0.99898916
632265,0.5219316
632266,0.9476478
632267,0.009452434
632268,0.04498801
632269,0.36648798
632270,0.99349856
632271,0.039948553
632272,0.0526841
632273,0.110955104
632274,0.02764671
632275,0.121077
632276,0.15425126
632277,0.9264707
632278,0.006346388
632279,0.7276728
632280,0.9816781
632281,0.97651243
632282,0.7760498
632283,0.9663464
632284,0.6467129
632285,0.9397336
632286,0.022887249
632287,0.8116739
632288,0.9967147
632289,0.9950294
632290,0.03322997
632291,0.07326539
632292,0.9552611
632293,0.9961099
632294,0.6060364
632295,0.008302765
632296,0.10961734
632297,0.99832356
632298,0.07600275
632299,0.02359831
632300,0.001238413
632301,0.39001855
632302,0.074824646
632303,0.91434526
632304,0.018658055
632305,0.02937958
632306,0.90725505
632307,0.63257617
632308,0.9378368
632309,0.24851714
632310,0.008229503
632311,0.83368886
632312,0.087675594
632313,0.535272
632314,0.008146877
632315,0.1334018
632316,0.046289183
632317,0.7709652
632318,0.03686453
632319,0.006043643
632320,0.6473719
632321,0.005068605
632322,0.97884417
632323,0.019848743
632324,0.49913305
632325,0.97816354
632326,0.033810727
632327,0.9854869
632328,0.061054535
632329,0.14065197
632330,0.8229091
632331,0.9933516
632332,0.00785203
632333,0.43536103
632334,0.9879893
632335,0.98298335
632336,0.044210915
632337,0.22616036
632338,0.018806335
632339,0.02463117
632340,0.18220037
632341,0.045281
632342,0.9888044
632343,0.012187423
632344,0.00032667676
632345,0.9966581
632346,0.020586314
632347,0.95657766
632348,0.0056521203
632349,0.0019539478
632350,0.5618081
632351,0.998543
632352,0.638986
632353,0.0009925037
632354,0.013392454
632355,0.6122711
632356,0.0015176579
632357,0.007842857
632358,0.51097214
632359,0.009509217
632360,0.56127226
632361,0.9712563
632362,0.89571583
632363,0.041110978
632364,0.018143103
632365,0.0046361685
632366,0.9260524
632367,0.005905087
632368,0.64240044
632369,0.046063032
632370,0.7898179
632371,0.015580003
632372,0.005219953
632373,0.96271944
632374,0.016233722
632375,0.7450457
632376,0.056771584
632377,0.028306302
632378,0.98484695
632379,0.022371648
632380,0.94735456
632381,0.9019254
632382,0.12458426
632383,0.18286201
632384,0.056887157
632385,0.573573
632386,0.89312387
632387,0.99310774
632388,0.9971529
632389,0.050375845
632390,0.9942211
632391,0.0303325
632392,0.017269688
632393,0.027633736
632394,0.86284274
632395,0.010213177
632396,0.99762833
632397,0.011622023
632398,0.07214992
632399,0.042439763
632400,0.17249212
632401,0.98882836
632402,0.035883266
632403,0.009194167
632404,0.8417132
632405,0.021439144
632406,0.48392296
632407,0.9857505
632408,0.0069835163
632409,0.9691421
632410,0.89873946
632411,0.99615914
632412,0.27691957
632413,0.986471
632414,0.9993391
632415,0.018869787
632416,0.3196322
632417,0.9972817
632418,0.1922454
632419,0.2097015
632420,0.026976326
632421,0.4050926
632422,0.0014505356
632423,0.040007934
632424,0.30171382
632425,0.04698117
632426,0.8342896
632427,0.6628784
632428,0.7172021
632429,0.9901353
632430,0.13391253
632431,0.9982714
632432,0.0076002264
632433,0.025058176
632434,0.06799562
632435,0.7837855
632436,0.9980554
632437,0.9912032
632438,0.034700457
632439,0.9984351
632440,0.056012407
632441,0.98540705
632442,0.006081878
632443,0.20033792
632444,0.94186264
632445,0.9659829
632446,0.988952
632447,0.013725074
632448,0.4024683
632449,0.16863129
632450,0.90585357
632451,0.019131385
632452,0.98388076
632453,0.029778246
632454,0.80364096
632455,0.57391596
632456,0.025093758
632457,0.010604886
632458,0.011649212
632459,0.99420196
632460,0.6793788
632461,0.028293556
632462,0.054183625
632463,0.98518866
632464,0.9950522
632465,0.01771784
632466,0.6020034
632467,0.0045613176
632468,0.95151526
632469,0.55998003
632470,0.97224784
632471,0.99293137
632472,0.24859765
632473,0.59379554
632474,0.0060905535
632475,0.012249653
632476,0.034100458
632477,0.14471604
632478,0.03794301
632479,0.93622696
632480,0.044011977
632481,0.0125831785
632482,0.90517926
632483,0.9218625
632484,0.7242064
632485,0.99382514
632486,0.987041
632487,0.02533913
632488,0.086965375
632489,0.084914386
632490,0.0544385
632491,0.25593758
632492,0.99066705
632493,0.06531891
632494,0.9950036
632495,0.05887972
632496,0.18623243
632497,0.0023005307
632498,0.035114244
632499,0.02573508
632500,0.0026251513
632501,0.13351844
632502,0.994094
632503,0.15643942
632504,0.49814817
632505,0.4088333
632506,0.2760097
632507,0.998729
632508,0.914082
632509,0.7797538
632510,0.9853968
632511,0.99642754
632512,0.0050122146
632513,0.067578815
632514,0.98355377
632515,0.083888516
632516,0.028222436
632517,0.9759554
632518,0.9665443
632519,0.019415416
632520,0.9791495
632521,0.0031860215
632522,0.965762
632523,0.008900734
632524,0.32515213
632525,0.2073585
632526,0.00972134
632527,0.013321964
632528,0.94756377
632529,0.32875416
632530,0.01326742
632531,0.99445593
632532,0.84323835
632533,0.023149628
632534,0.8886214
632535,0.9145403
632536,0.75184005
632537,0.95807356
632538,0.05213747
632539,0.4538063
632540,0.8559116
632541,0.004047906
632542,0.5534023
632543,0.22767383
632544,0.9884261
632545,0.99907327
632546,0.71606445
632547,0.04661306
632548,0.12232275
632549,0.10546911
632550,0.9838704
632551,0.02445269
632552,0.633233
632553,0.0018875753
632554,0.6102024
632555,0.9983467
632556,0.8778952
632557,0.006597896
632558,0.3733599
632559,0.99107814
632560,0.050888136
632561,0.023188796
632562,0.54766434
632563,0.58376086
632564,0.91802716
632565,0.03707282
632566,0.9988137
632567,0.31732053
632568,0.21206626
632569,0.5153435
632570,0.019998237
632571,0.9938383
632572,0.077151634
632573,0.8127266
632574,0.11659121
632575,0.90184253
632576,0.22899096
632577,0.03206066
632578,0.03241045
632579,0.04348151
632580,0.1524128
632581,0.9940971
632582,0.0032243289
632583,0.06044677
632584,0.9636723
632585,0.01672265
632586,0.96694595
632587,0.10338075
632588,0.99062735
632589,0.903391
632590,0.2958701
632591,0.9098177
632592,0.9929985
632593,0.018464534
632594,0.8552279
632595,0.029336171
632596,0.9353329
632597,0.9355666
632598,0.12354039
632599,0.11309204
632600,0.057775546
632601,0.028736174
632602,0.043580227
632603,0.9092289
632604,0.08947684
632605,0.9933903
632606,0.9991294
632607,0.83425534
632608,0.38324988
632609,0.010892266
632610,0.2997502
632611,0.003848611
632612,0.9919965
632613,0.9522766
632614,0.6407209
632615,0.05263296
632616,0.71127594
632617,0.95964986
632618,0.48617756
632619,0.11388037
632620,0.43917152
632621,0.9721192
632622,0.9884204
632623,0.06814429
632624,0.41077513
632625,0.80744696
632626,0.81262624
632627,0.020815434
632628,0.03276099
632629,0.7625757
632630,0.5795408
632631,0.45001084
632632,0.9089405
632633,0.5236976
632634,0.45569563
632635,0.9881479
632636,0.8779109
632637,0.28673488
632638,0.012243082
632639,0.019611001
632640,0.9727286
632641,0.017054927
632642,0.0259659
632643,0.9930817
632644,0.13516724
632645,0.91086125
632646,0.5558834
632647,0.5092254
632648,0.04537398
632649,0.9895075
632650,0.005131539
632651,0.99864334
632652,0.5915938
632653,0.51707053
632654,0.06593337
632655,0.013079935
632656,0.08542445
632657,0.018149111
632658,0.18744847
632659,0.2961124
632660,0.9614078
632661,0.00574588
632662,0.93700486
632663,0.9863986
632664,0.99961764
632665,0.97245383
632666,0.7429968
632667,0.037855078
632668,0.89097655
632669,0.091463104
632670,0.08616359
632671,0.7894003
632672,0.12574257
632673,0.29384637
632674,0.0042497744
632675,0.010129019
632676,0.97140634
632677,0.0015808404
632678,0.9520868
632679,0.8722356
632680,0.021661758
632681,0.7077475
632682,0.49984494
632683,0.015282534
632684,0.98775417
632685,0.017100772
632686,0.9420235
632687,0.78377247
632688,0.030830942
632689,0.11099152
632690,0.0021847405
632691,0.6157155
632692,0.022364493
632693,0.034744546
632694,0.31206515
632695,0.073239684
632696,0.97990566
632697,0.95493484
632698,0.866515
632699,0.072773136
632700,0.8625407
632701,0.012112376
632702,0.06963026
632703,0.8023779
632704,0.8423399
632705,0.121858
632706,0.007949786
632707,0.66277665
632708,0.028077018
632709,0.96703434
632710,0.93623585
632711,0.16803111
632712,0.1720477
632713,0.76443344
632714,0.3028357
632715,0.0078276135
632716,0.8335948
632717,0.9153457
632718,0.29200444
632719,0.0033415766
632720,0.24024725
632721,0.017462071
632722,0.9770637
632723,0.15155695
632724,0.021379158
632725,0.992644
632726,0.07989029
632727,0.83719325
632728,0.9857534
632729,0.977443
632730,0.028444132
632731,0.8956189
632732,0.4173996
632733,0.8513598
632734,0.13115567
632735,0.9862524
632736,0.05333822
632737,0.7881874
632738,0.006784113
632739,0.77345014
632740,0.7505568
632741,0.94067585
632742,0.99590087
632743,0.97729766
632744,0.0037586153
632745,0.04938568
632746,0.004833479
632747,0.631365
632748,0.0059720017
632749,0.96697253
632750,0.79666865
632751,0.35803014
632752,0.08640751
632753,0.011740581
632754,0.7565558
632755,0.43339983
632756,0.044013865
632757,0.009070885
632758,0.077073276
632759,0.054462306
632760,0.022907991
632761,0.016747551
632762,0.9428942
632763,0.9895362
632764,0.0119651
632765,0.009477119
632766,0.9783263
632767,0.93759805
632768,0.048169944
632769,0.7959212
632770,0.9807308
632771,0.0069288174
632772,0.38088858
632773,0.72444814
632774,0.006757946
632775,0.06741907
632776,0.04098686
632777,0.53667426
632778,0.082386225
632779,0.019000519
632780,0.9752276
632781,0.99830896
632782,0.0033474811
632783,0.022687964
632784,0.79895794
632785,0.37244612
632786,0.15852535
632787,0.11248365
632788,0.98138434
632789,0.195231
632790,0.01233647
632791,0.011857026
632792,0.8589788
632793,0.092536196
632794,0.012136838
632795,0.43169144
632796,0.050818134
632797,0.0293498
632798,0.13530731
632799,0.80324984
632800,0.17325747
632801,0.0026207762
632802,0.80903363
632803,0.020363381
632804,0.98118764
632805,0.0060475273
632806,0.19465536
632807,0.026379459
632808,0.008223114
632809,0.563007
632810,0.9231983
632811,0.020114789
632812,0.046044227
632813,0.004174287
632814,0.99401915
632815,0.4669457
632816,0.4351551
632817,0.9915385
632818,0.19610484
632819,0.81878066
632820,0.0034061456
632821,0.14950849
632822,0.74490064
632823,0.997275
632824,0.9824863
632825,0.9142053
632826,0.010651397
632827,0.98906016
632828,0.06428202
632829,0.99370515
632830,0.78204024
632831,0.008451188
632832,0.082992464
632833,0.06963204
632834,0.4425207
632835,0.02311579
632836,0.0012952412
632837,0.9020505
632838,0.0149063
632839,0.9792511
632840,0.004944828
632841,0.8158487
632842,0.94258773
632843,0.9926357
632844,0.040290862
632845,0.8819581
632846,0.03391054
632847,0.93593997
632848,0.054564122
632849,0.9613134
632850,0.48957396
632851,0.17006828
632852,0.9401312
632853,0.062641546
632854,0.59899086
632855,0.98501253
632856,0.7390106
632857,0.742003
632858,0.048824724
632859,0.037338905
632860,0.010202267
632861,0.99683654
632862,0.99793786
632863,0.07007812
632864,0.20413321
632865,0.539772
632866,0.9784295
632867,0.8679021
632868,0.16766672
632869,0.99715906
632870,0.057338025
632871,0.026339743
632872,0.9969784
632873,0.9520315
632874,0.05014344
632875,0.014244141
632876,0.9690443
632877,0.26115593
632878,0.98964936
632879,0.8869668
632880,0.865055
632881,0.7018857
632882,0.013137964
632883,0.9656285
632884,0.021606598
632885,0.60221386
632886,0.30908388
632887,0.9806927
632888,0.99323976
632889,0.9968217
632890,0.14977169
632891,0.005508343
632892,0.037059817
632893,0.99622655
632894,0.9283439
632895,0.9389388
632896,0.91246533
632897,0.67339414
632898,0.9550809
632899,0.96826404
632900,0.045375336
632901,0.9509248
632902,0.9200821
632903,0.9797374
632904,0.00858366
632905,0.9888799
632906,0.26710808
632907,0.27988058
632908,0.979114
632909,0.83095527
632910,0.744066
632911,0.9643223
632912,0.0062910616
632913,0.042162195
632914,0.5566206
632915,0.1328806
632916,0.006265508
632917,0.9922372
632918,0.050981075
632919,0.89675677
632920,0.01281652
632921,0.07689851
632922,0.02171394
632923,0.014452439
632924,0.9669079
632925,0.9919664
632926,0.9292935
632927,0.9317961
632928,0.90014577
632929,0.9823096
632930,0.01687074
632931,0.19103429
632932,0.34885377
632933,0.028035138
632934,0.12947549
632935,0.0071795452
632936,0.99685264
632937,0.98119485
632938,0.55395126
632939,0.84512997
632940,0.10694508
632941,0.1186524
632942,0.30634016
632943,0.9508813
632944,0.23859733
632945,0.95916563
632946,0.8324483
632947,0.10540597
632948,0.12871945
632949,0.9494544
632950,0.42834115
632951,0.9966224
632952,0.99579597
632953,0.04463967
632954,0.1184359
632955,0.17179468
632956,0.31987444
632957,0.9954541
632958,0.72227633
632959,0.54608464
632960,0.98598427
632961,0.13085222
632962,0.07413994
632963,0.044088013
632964,0.09338162
632965,0.37928012
632966,0.07206955
632967,0.057822794
632968,0.004044284
632969,0.99536777
632970,0.01352787
632971,0.26635128
632972,0.6724807
632973,0.040047936
632974,0.9644449
632975,0.04587237
632976,0.014217807
632977,0.57361627
632978,0.25762117
632979,0.004288653
632980,0.77809364
632981,0.17989522
632982,0.9249913
632983,0.000499174
632984,0.014542577
632985,0.025552241
632986,0.24150705
632987,0.1389368
632988,0.10388767
632989,0.27444687
632990,0.004254221
632991,0.23067127
632992,0.2181378
632993,0.023491886
632994,0.006289624
632995,0.3988647
632996,0.077169694
632997,0.99788857
632998,0.00966109
632999,0.99560183
633000,0.91216093
633001,0.9636441
633002,0.5492756
633003,0.9266292
633004,0.012339357
633005,0.009242349
633006,0.044249963
633007,0.9484613
633008,0.01926937
633009,0.23971811
633010,0.7888803
633011,0.9982183
633012,0.9700459
633013,0.99719167
633014,0.9473399
633015,0.9259721
633016,0.5489756
633017,0.004347134
633018,0.08381812
633019,0.040232144
633020,0.020935163
633021,0.6591618
633022,0.9919679
633023,0.9437884
633024,0.025893549
633025,0.5738631
633026,0.9974848
633027,0.008607716
633028,0.6215705
633029,0.4864787
633030,0.012650263
633031,0.99665684
633032,0.2280623
633033,0.025998155
633034,0.96161914
633035,0.012788727
633036,0.04920966
633037,0.92966145
633038,0.9989019
633039,0.54184276
633040,0.10486895
633041,0.9792579
633042,0.119893536
633043,0.01933285
633044,0.99873286
633045,0.8440649
633046,0.98650384
633047,0.28938067
633048,0.79329544
633049,0.99784064
633050,0.98175573
633051,0.06264439
633052,0.073843196
633053,0.08323356
633054,0.83211774
633055,0.33512932
633056,0.060465712
633057,0.83832717
633058,0.049493946
633059,0.02121776
633060,0.012857464
633061,0.6027737
633062,0.9969092
633063,0.6245676
633064,0.021727031
633065,0.9026947
633066,0.019599339
633067,0.0042045177
633068,0.835219
633069,0.031617824
633070,0.08905699
633071,0.033464033
633072,0.025707092
633073,0.07854442
633074,0.003552422
633075,0.032739796
633076,0.20037076
633077,0.89273417
633078,0.048716772
633079,0.5407188
633080,0.31056803
633081,0.9644173
633082,0.99068403
633083,0.6957333
633084,0.0037833755
633085,0.93759465
633086,0.006781281
633087,0.016655272
633088,0.1270104
633089,0.89368033
633090,0.9900859
633091,0.9594208
633092,0.0089102285
633093,0.9988735
633094,0.850851
633095,0.06394833
633096,0.008479744
633097,0.9584304
633098,0.049485628
633099,0.00039862262
633100,0.04427397
633101,0.91373026
633102,0.93896395
633103,0.7816942
633104,0.72046673
633105,0.017435087
633106,0.01906937
633107,0.0121871615
633108,0.031443547
633109,0.99009633
633110,0.010542973
633111,0.95014006
633112,0.067334965
633113,0.42129225
633114,0.99524164
633115,0.18321523
633116,0.9415314
633117,0.05705665
633118,0.014467598
633119,0.033011865
633120,0.0042817118
633121,0.97867286
633122,0.026342046
633123,0.99877214
633124,0.80113506
633125,0.9949498
633126,0.012667557
633127,0.018234283
633128,0.9551095
633129,0.01169961
633130,0.96499467
633131,0.9690786
633132,0.7045888
633133,0.019292427
633134,0.40689695
633135,0.47484386
633136,0.05477411
633137,0.38857657
633138,0.99633557
633139,0.018603899
633140,0.9655458
633141,0.37746185
633142,0.9655607
633143,0.001493652
633144,0.024141768
633145,0.021442201
633146,0.08600429
633147,0.1101753
633148,0.6173899
633149,0.9368534
633150,0.9204398
633151,0.47646356
633152,0.22830307
633153,0.78666866
633154,0.52855796
633155,0.15029946
633156,0.04606407
633157,0.9550482
633158,0.98485535
633159,0.053567566
633160,0.93144244
633161,0.24278341
633162,0.019738033
633163,0.9825344
633164,0.04533209
633165,0.22895822
633166,0.048359588
633167,0.9985058
633168,0.54756916
633169,0.0045051486
633170,0.9821125
633171,0.038358536
633172,0.9578959
633173,0.035473462
633174,0.002984412
633175,0.22139806
633176,0.98616487
633177,0.13497241
633178,0.50530076
633179,0.12880564
633180,0.1884433
633181,0.9678247
633182,0.9262196
633183,0.9821812
633184,0.8408819
633185,0.028897414
633186,0.38605288
633187,0.84372073
633188,0.9941912
633189,0.98395914
633190,0.044240955
633191,0.9641515
633192,0.98256755
633193,0.112118624
633194,0.7267376
633195,0.88497657
633196,0.013195623
633197,0.011895519
633198,0.007057621
633199,0.42020124
633200,0.03421423
633201,0.96556646
633202,0.92943347
633203,0.10557243
633204,0.35584083
633205,0.021395316
633206,0.0043022637
633207,0.9202649
633208,0.16822092
633209,0.7934207
633210,0.9527896
633211,0.99822474
633212,0.9957943
633213,0.5894393
633214,0.99415374
633215,0.74361616
633216,0.0138154235
633217,0.35541287
633218,0.9754027
633219,0.0021572218
633220,0.079413496
633221,0.12874594
633222,0.9251913
633223,0.9549794
633224,0.032491054
633225,0.9437524
633226,0.99650395
633227,0.022340205
633228,0.89933616
633229,0.89626145
633230,0.019321825
633231,0.009663617
633232,0.010457225
633233,0.022198556
633234,0.326171
633235,0.18576606
633236,0.9841482
633237,0.07085962
633238,0.972984
633239,0.032456182
633240,0.786021
633241,0.2944569
633242,0.00528036
633243,0.9534868
633244,0.11324267
633245,0.018540028
633246,0.05321818
633247,0.32555032
633248,0.94060206
633249,0.9968008
633250,0.15348294
633251,0.15472272
633252,0.018500995
633253,0.92068845
633254,0.15744251
633255,0.014763532
633256,0.8791932
633257,0.012760973
633258,0.28432882
633259,0.29876637
633260,0.020246482
633261,0.07992923
633262,0.02695031
633263,0.9798921
633264,0.10935587
633265,0.57976985
633266,0.9813672
633267,0.00042253875
633268,0.11951539
633269,0.9824436
633270,0.011640738
633271,0.048748598
633272,0.94194645
633273,0.3088613
633274,0.004201361
633275,0.52324647
633276,0.04121334
633277,0.014887388
633278,0.912453
633279,0.07150141
633280,0.97548544
633281,0.9639391
633282,0.011265312
633283,0.28388792
633284,0.310832
633285,0.5218085
633286,0.99296397
633287,0.04053993
633288,0.6613996
633289,0.99423665
633290,0.048490442
633291,0.08859832
633292,0.98065555
633293,0.08373513
633294,0.046445005
633295,0.44456366
633296,0.7100384
633297,0.99329674
633298,0.6535626
633299,0.10324818
633300,0.0906508
633301,0.10144157
633302,0.08742943
633303,0.9094809
633304,0.020341497
633305,0.04902439
633306,0.86721915
633307,0.20229803
633308,0.99544346
633309,0.8621812
633310,0.9106066
633311,0.21301012
633312,0.92540294
633313,0.05965489
633314,0.8799554
633315,0.7894519
633316,0.9963027
633317,0.73935527
633318,0.6331607
633319,0.008845759
633320,0.008278191
633321,0.13502029
633322,0.052474026
633323,0.09099493
633324,0.0052827615
633325,0.87357813
633326,0.92798644
633327,0.99688864
633328,0.9803013
633329,0.8981081
633330,0.0037177748
633331,0.0059909928
633332,0.46707344
633333,0.10126563
633334,0.88944185
633335,0.8286814
633336,0.98392427
633337,0.99552
633338,0.5316651
633339,0.75262296
633340,0.0073583433
633341,0.012818353
633342,0.0094397655
633343,0.96227264
633344,0.14310847
633345,0.0851111
633346,0.06034475
633347,0.9933081
633348,0.9831344
633349,0.30491066
633350,0.30069256
633351,0.5488649
633352,0.51207125
633353,0.10052456
633354,0.9729039
633355,0.98687553
633356,0.08475095
633357,0.04446926
633358,0.014674308
633359,0.95507085
633360,0.9960089
633361,0.012172224
633362,0.041861206
633363,0.26438525
633364,0.30534428
633365,0.7706907
633366,0.09303145
633367,0.00830091
633368,0.014266419
633369,0.024582474
633370,0.0070123463
633371,0.061568297
633372,0.5518285
633373,0.333825
633374,0.010499608
633375,0.97760516
633376,0.012017237
633377,0.25873086
633378,0.060238004
633379,0.016912973
633380,0.030539753
633381,0.6202813
633382,0.6318928
633383,0.30557278
633384,0.22636034
633385,0.88685495
633386,0.03218313
633387,0.31024837
633388,0.9354492
633389,0.075574964
633390,0.014996198
633391,0.9984982
633392,0.058518473
633393,0.83779454
633394,0.9844635
633395,0.9652668
633396,0.12080877
633397,0.98020256
633398,0.0028791716
633399,0.61363083
633400,0.99840814
633401,0.44294435
633402,0.049521834
633403,0.62628853
633404,0.5651543
633405,0.85057557
633406,0.026002377
633407,0.020796377
633408,0.8150941
633409,0.0028967527
633410,0.0018934365
633411,0.0052109035
633412,0.020328987
633413,0.34156996
633414,0.98226696
633415,0.012305129
633416,0.029256929
633417,0.12957807
633418,0.5166861
633419,0.022617351
633420,0.11469406
633421,0.49079752
633422,0.94908977
633423,0.012338169
633424,0.27168947
633425,0.012268504
633426,0.115995884
633427,0.0063012987
633428,0.9871802
633429,0.08738966
633430,0.02740926
633431,0.21781072
633432,0.024203114
633433,0.003102012
633434,0.027336758
633435,0.4699826
633436,0.98421454
633437,0.9990301
633438,0.12605791
633439,0.010257275
633440,0.9894641
633441,0.047104955
633442,0.6728171
633443,0.021717615
633444,0.0006496303
633445,0.01192986
633446,0.19306539
633447,0.066087335
633448,0.8764008
633449,0.9688648
633450,0.9844161
633451,0.99641514
633452,0.98880786
633453,0.73362017
633454,0.9901005
633455,0.3484723
633456,0.03428192
633457,0.03839765
633458,0.9421633
633459,0.021788374
633460,0.009997627
633461,0.35026324
633462,0.99597365
633463,0.049859844
633464,0.114909075
633465,0.92381155
633466,0.94964147
633467,0.16174829
633468,0.9669708
633469,0.9485068
633470,0.99091125
633471,0.035019513
633472,0.9496037
633473,0.97890705
633474,0.8977916
633475,0.15282974
633476,0.997267
633477,0.78221
633478,0.511706
633479,0.9988176
633480,0.055339362
633481,0.8768316
633482,0.10153932
633483,0.9974015
633484,0.11810288
633485,0.08224039
633486,0.11957487
633487,0.0036265906
633488,0.24142776
633489,0.0036277655
633490,0.6991191
633491,0.032261614
633492,0.011286927
633493,0.985715
633494,0.0029955104
633495,0.18877603
633496,0.09865978
633497,0.041731134
633498,0.96396893
633499,0.005904656
633500,0.982144
633501,0.99426997
633502,0.25928372
633503,0.027267793
633504,0.83126694
633505,0.997288
633506,0.8745936
633507,0.90476704
633508,0.9929532
633509,0.20281611
633510,0.9725037
633511,0.5319699
633512,0.06150207
633513,0.60671675
633514,0.029805008
633515,0.90654665
633516,0.30920044
633517,0.15454194
633518,0.6772528
633519,0.264394
633520,0.03715932
633521,0.04814264
633522,0.002790075
633523,0.74396455
633524,0.73831064
633525,0.984713
633526,0.027642444
633527,0.5236511
633528,0.00035140658
633529,0.41087985
633530,0.0047447695
633531,0.37160462
633532,0.017939128
633533,0.91918373
633534,0.031805135
633535,0.9669394
633536,0.7863834
633537,0.28444245
633538,0.9962809
633539,0.06715755
633540,0.8305893
633541,0.89591646
633542,0.054949474
633543,0.27683872
633544,0.024054235
633545,0.94026804
633546,0.028570525
633547,0.30832052
633548,0.04583063
633549,0.021749258
633550,0.12269145
633551,0.0014226176
633552,0.80074775
633553,0.026650082
633554,0.14699523
633555,0.9345971
633556,0.9232406
633557,0.060426064
633558,0.018204147
633559,0.014479419
633560,0.033064988
633561,0.054047223
633562,0.04167303
633563,0.8445474
633564,0.92467415
633565,0.99562335
633566,0.56079316
633567,0.024741583
633568,0.008319706
633569,0.8627828
633570,0.13203475
633571,0.024976004
633572,0.5076215
633573,0.0036858853
633574,0.08248621
633575,0.9792792
633576,0.88860667
633577,0.97129685
633578,0.99736184
633579,0.96995854
633580,0.8688515
633581,0.040169705
633582,0.64904284
633583,0.9950562
633584,0.005722059
633585,0.92668605
633586,0.07635041
633587,0.7770625
633588,0.9902377
633589,0.8474845
633590,0.08961657
633591,0.9952927
633592,0.9957052
633593,0.9971083
633594,0.9731646
633595,0.9910341
633596,0.0050067
633597,0.09882173
633598,0.08606872
633599,0.048877
633600,0.9960543
633601,0.014625702
633602,0.0121259205
633603,0.615317
633604,0.055582542
633605,0.006675938
633606,0.9953271
633607,0.2346257
633608,0.20046738
633609,0.0058917776
633610,0.0048290305
633611,0.020731887
633612,0.019663293
633613,0.04132759
633614,0.8501208
633615,0.9846992
633616,0.2602209
633617,0.011572404
633618,0.93932664
633619,0.047040496
633620,0.98704815
633621,0.2813074
633622,0.8076396
633623,0.03155005
633624,0.9290365
633625,0.03260003
633626,0.68263006
633627,0.93669677
633628,0.97392774
633629,0.32710475
633630,0.027844869
633631,0.0055194786
633632,0.016608413
633633,0.10849233
633634,0.003028714
633635,0.9725888
633636,0.9866847
633637,0.5134213
633638,0.9979826
633639,0.006062631
633640,0.78016216
633641,0.03189128
633642,0.9979522
633643,0.98609793
633644,0.013562225
633645,0.023804666
633646,0.35954443
633647,0.51972705
633648,0.43991336
633649,0.0022694988
633650,0.057369538
633651,0.6639224
633652,0.99778813
633653,0.90015
633654,0.0056023006
633655,0.090525895
633656,0.912505
633657,0.9879116
633658,0.9977488
633659,0.45741704
633660,0.28109148
633661,0.019521665
633662,0.63250864
633663,0.9060141
633664,0.906344
633665,0.18051171
633666,0.8884033
633667,0.9822352
633668,0.08055661
633669,0.7540461
633670,0.8740067
633671,0.91784877
633672,0.88063055
633673,0.98686004
633674,0.15506981
633675,0.02508812
633676,0.9720493
633677,0.2088862
633678,0.008677406
633679,0.74278057
633680,0.0063686017
633681,0.6865346
633682,0.7037783
633683,0.34337723
633684,0.9710006
633685,0.2568695
633686,0.9500903
633687,0.52353734
633688,0.9962478
633689,0.015134273
633690,0.028726013
633691,0.0044838414
633692,0.13912721
633693,0.02360152
633694,0.07730609
633695,0.010138506
633696,0.969384
633697,0.08803437
633698,0.6809286
633699,0.009063384
633700,0.8923795
633701,0.012652707
633702,0.97136897
633703,0.37769964
633704,0.94410604
633705,0.05114958
633706,0.21766408
633707,0.9710803
633708,0.029062834
633709,0.09147439
633710,0.0029791337
633711,0.4574265
633712,0.97737885
633713,0.96533406
633714,0.037073314
633715,0.0017951841
633716,0.9674834
633717,0.120090224
633718,0.16160852
633719,0.32146138
633720,0.019313473
633721,0.07151049
633722,0.008277072
633723,0.9658169
633724,0.0010660074
633725,0.5837046
633726,0.96533483
633727,0.27433762
633728,0.28919578
633729,0.014050607
633730,0.9764064
633731,0.010801818
633732,0.95711124
633733,0.97174346
633734,0.8002676
633735,0.7592166
633736,0.020395722
633737,0.010016143
633738,0.678464
633739,0.98616964
633740,0.060372062
633741,0.15066981
633742,0.9438938
633743,0.5319786
633744,0.0060948036
633745,0.95023215
633746,0.4161713
633747,0.03600896
633748,0.07038259
633749,0.98315656
633750,0.01295958
633751,0.064069085
633752,0.045128644
633753,0.016152356
633754,0.035592254
633755,0.9777543
633756,0.20568757
633757,0.03527937
633758,0.021172324
633759,0.618333
633760,0.7511569
633761,0.015482231
633762,0.02561123
633763,0.78645164
633764,0.4588957
633765,0.08987905
633766,0.9629989
633767,0.45792916
633768,0.9968465
633769,0.9856534
633770,0.027591713
633771,0.03255061
633772,0.97052014
633773,0.38428664
633774,0.049566705
633775,0.81172186
633776,0.12228133
633777,0.99049675
633778,0.99886626
633779,0.904646
633780,0.8698291
633781,0.01904803
633782,0.75449425
633783,0.10336638
633784,0.9208559
633785,0.032892153
633786,0.031410906
633787,0.9899549
633788,0.05883891
633789,0.993529
633790,0.36891383
633791,0.016537674
633792,0.016012542
633793,0.003635528
633794,0.023082364
633795,0.016633933
633796,0.116481274
633797,0.02599069
633798,0.019951474
633799,0.9853191
633800,0.021135373
633801,0.0016425615
633802,0.9895039
633803,0.0068356926
633804,0.77336967
633805,0.9666305
633806,0.98165584
633807,0.2637889
633808,0.9967966
633809,0.023312863
633810,0.025504483
633811,0.1893649
633812,0.9673346
633813,0.090418704
633814,0.80604535
633815,0.9748296
633816,0.8482907
633817,0.041125953
633818,0.99056137
633819,0.0061930083
633820,0.048629746
633821,0.017423894
633822,0.0595906
633823,0.003326223
633824,0.97646886
633825,0.3217015
633826,0.96071804
633827,0.97547334
633828,0.05203671
633829,0.018044775
633830,0.19620487
633831,0.92481726
633832,0.030300416
633833,0.9911961
633834,0.23919281
633835,0.093212575
633836,0.059010565
633837,0.65623647
633838,0.98271984
633839,0.7811317
633840,0.9666264
633841,0.94493234
633842,0.5271678
633843,0.05925622
633844,0.08014311
633845,0.99190795
633846,0.40838474
633847,0.50775623
633848,0.94962454
633849,0.03858374
633850,0.20003799
633851,0.024963737
633852,0.07337937
633853,0.89605176
633854,0.31906793
633855,0.08468285
633856,0.8099517
633857,0.92677104
633858,0.9956578
633859,0.035746753
633860,0.99323833
633861,0.9001695
633862,0.99234575
633863,0.028856618
633864,0.61278796
633865,0.5960399
633866,0.31711873
633867,0.9927703
633868,0.7696266
633869,0.72110045
633870,0.077551015
633871,0.11759168
633872,0.042858936
633873,0.6869107
633874,0.03306003
633875,0.6026421
633876,0.967405
633877,0.1584726
633878,0.6968291
633879,0.038663276
633880,0.054587543
633881,0.97386944
633882,0.8844292
633883,0.97300786
633884,0.9673786
633885,0.020451615
633886,0.017029963
633887,0.08005945
633888,0.8374587
633889,0.99505335
633890,0.8491719
633891,0.9954099
633892,0.06798293
633893,0.023480702
633894,0.99809074
633895,0.18895312
633896,0.044384692
633897,0.9956824
633898,0.022274204
633899,0.9852063
633900,0.006074394
633901,0.021996131
633902,0.051368624
633903,0.86755395
633904,0.005492765
633905,0.98880315
633906,0.32299718
633907,0.9580903
633908,0.9933226
633909,0.052368723
633910,0.024247788
633911,0.48892033
633912,0.11567083
633913,0.06558428
633914,0.03797508
633915,0.04042071
633916,0.24842113
633917,0.0015449664
633918,0.24257255
633919,0.10939271
633920,0.8545765
633921,0.475385
633922,0.017113773
633923,0.017635928
633924,0.00713185
633925,0.997948
633926,0.0039988123
633927,0.5703576
633928,0.05882545
633929,0.08956291
633930,0.044640012
633931,0.8412779
633932,0.023694407
633933,0.1448349
633934,0.013984202
633935,0.05024614
633936,0.020154668
633937,0.29845914
633938,0.96528363
633939,0.016702324
633940,0.6513363
633941,0.19301271
633942,0.029483806
633943,0.011480772
633944,0.0318265
633945,0.9030094
633946,0.9739623
633947,0.097463675
633948,0.9128368
633949,0.9088211
633950,0.9760766
633951,0.64139116
633952,0.01865912
633953,0.032211896
633954,0.98955876
633955,0.45624107
633956,0.04409901
633957,0.055672072
633958,0.963409
633959,0.2621429
633960,0.017020188
633961,0.9351408
633962,0.16946651
633963,0.009211889
633964,0.4896254
633965,0.0280287
633966,0.0069219926
633967,0.024159076
633968,0.23514993
633969,0.012171493
633970,0.43857285
633971,0.49699646
633972,0.8669269
633973,0.9786496
633974,0.69101495
633975,0.0808242
633976,0.6437086
633977,0.099860236
633978,0.667001
633979,0.08664799
633980,0.4881292
633981,0.7635875
633982,0.0025864528
633983,0.03413686
633984,0.08850406
633985,0.830391
633986,0.172782
633987,0.9919408
633988,0.9444904
633989,0.998641
633990,0.98057413
633991,0.90745807
633992,0.09282311
633993,0.3987449
633994,0.87976027
633995,0.050971083
633996,0.9096781
633997,0.032927774
633998,0.9587663
633999,0.95032495
634000,0.068110265
634001,0.016270474
634002,0.06932649
634003,0.8747525
634004,0.8108543
634005,0.82130957
634006,0.9019409
634007,0.9993572
634008,0.83567697
634009,0.6364583
634010,0.05102009
634011,0.049899794
634012,0.010228586
634013,0.034702413
634014,0.99823195
634015,0.9899837
634016,0.015374899
634017,0.49973252
634018,0.005512824
634019,0.8563565
634020,0.030482693
634021,0.0613678
634022,0.27466637
634023,0.08341844
634024,0.9931112
634025,0.9986793
634026,0.53121424
634027,0.17384297
634028,0.16773978
634029,0.773242
634030,0.81953514
634031,0.09069671
634032,0.28932923
634033,0.065295435
634034,0.03811994
634035,0.009938798
634036,0.06803876
634037,0.008545911
634038,0.18093914
634039,0.45582354
634040,0.024907334
634041,0.05859671
634042,0.7110508
634043,0.05593081
634044,0.027632128
634045,0.05651143
634046,0.0070645506
634047,0.024889898
634048,0.04742814
634049,0.9166456
634050,0.23261113
634051,0.024099953
634052,0.013274571
634053,0.84591687
634054,0.7774501
634055,0.99078476
634056,0.1019522
634057,0.99779946
634058,0.0045904974
634059,0.017600123
634060,0.0030468574
634061,0.79792374
634062,0.003813662
634063,0.75932693
634064,0.09357518
634065,0.08890605
634066,0.044738222
634067,0.61138576
634068,0.19434273
634069,0.998443
634070,0.6592332
634071,0.19104335
634072,0.9899013
634073,0.028868187
634074,0.040764093
634075,0.027836157
634076,0.4871746
634077,0.0060554636
634078,0.018288776
634079,0.95880073
634080,0.98366046
634081,0.973531
634082,0.031950552
634083,0.074023895
634084,0.5287511
634085,0.16944304
634086,0.9986993
634087,0.98563766
634088,0.008187432
634089,0.11781396
634090,0.16861302
634091,0.96796906
634092,0.90642786
634093,0.014814609
634094,0.5920525
634095,0.6028362
634096,0.015362389
634097,0.07726318
634098,0.22177088
634099,0.7482685
634100,0.005960984
634101,0.00834095
634102,0.9758015
634103,0.018616466
634104,0.016808908
634105,0.018575132
634106,0.020990644
634107,0.95083547
634108,0.96819896
634109,0.019290635
634110,0.005480886
634111,0.8991834
634112,0.004764608
634113,0.82422334
634114,0.04818757
634115,0.09780211
634116,0.07187249
634117,0.048708603
634118,0.15467763
634119,0.9030757
634120,0.04384309
634121,0.72225904
634122,0.7778039
634123,0.93315065
634124,0.016555414
634125,0.95567113
634126,0.3691487
634127,0.8987259
634128,0.057782292
634129,0.013662129
634130,0.058740202
634131,0.00686315
634132,0.017976673
634133,0.005401968
634134,0.01993555
634135,0.6122141
634136,0.97697395
634137,0.36594933
634138,0.13024826
634139,0.1058632
634140,0.05181358
634141,0.12634464
634142,0.508678
634143,0.9779231
634144,0.3986323
634145,0.18206543
634146,0.74137014
634147,0.06527664
634148,0.04670837
634149,0.9975396
634150,0.23970026
634151,0.1736837
634152,0.16382116
634153,0.032560103
634154,0.2992974
634155,0.100620165
634156,0.96719
634157,0.99662066
634158,0.03969692
634159,0.05150687
634160,0.9877143
634161,0.016256474
634162,0.18290228
634163,0.012617969
634164,0.9761092
634165,0.91207874
634166,0.21884136
634167,0.9672487
634168,0.033528656
634169,0.030355124
634170,0.044777732
634171,0.015076821
634172,0.96920514
634173,0.9831787
634174,0.021329187
634175,0.010640491
634176,0.97681093
634177,0.9988386
634178,0.45503
634179,0.12794879
634180,0.66185766
634181,0.9432342
634182,0.61961895
634183,0.97356844
634184,0.88558334
634185,0.49083638
634186,0.9748982
634187,0.09613758
634188,0.0073517533
634189,0.9568806
634190,0.92660874
634191,0.048647396
634192,0.4186719
634193,0.691795
634194,0.9424495
634195,0.9907023
634196,0.99105823
634197,0.06273238
634198,0.014041328
634199,0.8760774
634200,0.18040186
634201,0.98146147
634202,0.0042860787
634203,0.82069635
634204,0.7113749
634205,0.925456
634206,0.05562043
634207,0.010467656
634208,0.015857827
634209,0.01032429
634210,0.98415935
634211,0.027470104
634212,0.020496704
634213,0.015094755
634214,0.24428377
634215,0.103433914
634216,0.87517947
634217,0.04234406
634218,0.043906536
634219,0.056119766
634220,0.108096875
634221,0.8969065
634222,0.99408305
634223,0.22353481
634224,0.028545773
634225,0.18677916
634226,0.5935151
634227,0.9160371
634228,0.57309645
634229,0.0032497987
634230,0.019768232
634231,0.9493293
634232,0.030844036
634233,0.60891104
634234,0.3551314
634235,0.0029811114
634236,0.018748842
634237,0.81209874
634238,0.035275355
634239,0.82405204
634240,0.034321334
634241,0.8424821
634242,0.9791887
634243,0.071553245
634244,0.99328727
634245,0.5147637
634246,0.8493809
634247,0.07048614
634248,0.013072579
634249,0.075377196
634250,0.78641856
634251,0.028675823
634252,0.0066948757
634253,0.7647889
634254,0.7667331
634255,0.98915136
634256,0.0769212
634257,0.020618001
634258,0.97241896
634259,0.026201256
634260,0.12004773
634261,0.5614736
634262,0.843573
634263,0.013565402
634264,0.9664418
634265,0.91281426
634266,0.9624795
634267,0.0030935882
634268,0.94209373
634269,0.87603956
634270,0.11711113
634271,0.14733563
634272,0.20827515
634273,0.033281542
634274,0.12607744
634275,0.013263595
634276,0.24553064
634277,0.059011497
634278,0.917932
634279,0.9252595
634280,0.9249496
634281,0.23096666
634282,0.9026219
634283,0.98927754
634284,0.0048769973
634285,0.028993456
634286,0.021434925
634287,0.6310779
634288,0.07938944
634289,0.0043804427
634290,0.989393
634291,0.9770068
634292,0.07424976
634293,0.030914241
634294,0.40710014
634295,0.97580165
634296,0.92458117
634297,0.9707626
634298,0.16174452
634299,0.015280052
634300,0.99854606
634301,0.15445057
634302,0.01848736
634303,0.8584849
634304,0.9913962
634305,0.65278304
634306,0.9702774
634307,0.64555883
634308,0.01589241
634309,0.047593378
634310,0.8983035
634311,0.013378113
634312,0.92566466
634313,0.9934436
634314,0.009284224
634315,0.015205451
634316,0.7743497
634317,0.029503003
634318,0.24973993
634319,0.7679137
634320,0.7306234
634321,0.78872436
634322,0.9917221
634323,0.041955087
634324,0.042192593
634325,0.8669119
634326,0.4320122
634327,0.9844823
634328,0.0080851
634329,0.99591637
634330,0.90478563
634331,0.8434746
634332,0.23167294
634333,0.9965202
634334,0.92151153
634335,0.9752233
634336,0.05392591
634337,0.00409577
634338,0.87590474
634339,0.0026928615
634340,0.884862
634341,0.99062884
634342,0.13810378
634343,0.9529257
634344,0.031625137
634345,0.38591525
634346,0.017107412
634347,0.9883113
634348,0.90864706
634349,0.36366862
634350,0.98946697
634351,0.04277541
634352,0.0062474604
634353,0.99231267
634354,0.9956059
634355,0.90336144
634356,0.11541624
634357,0.97105914
634358,0.34695423
634359,0.50534445
634360,0.9467037
634361,0.064786315
634362,0.8037951
634363,0.11256383
634364,0.53579617
634365,0.015648825
634366,0.009897366
634367,0.07175877
634368,0.6406168
634369,0.22930095
634370,0.93505615
634371,0.6630609
634372,0.9548991
634373,0.07371328
634374,0.9989979
634375,0.02005821
634376,0.011318829
634377,0.16290134
634378,0.011354662
634379,0.052811358
634380,0.10123927
634381,0.009317868
634382,0.5865962
634383,0.051567685
634384,0.8326416
634385,0.07982342
634386,0.98048985
634387,0.40257186
634388,0.22080868
634389,0.6245661
634390,0.034426115
634391,0.21593896
634392,0.7039546
634393,0.9936217
634394,0.14089073
634395,0.5820396
634396,0.016849248
634397,0.9802091
634398,0.0072998973
634399,0.98309124
634400,0.9949723
634401,0.032815203
634402,0.39932647
634403,0.3819977
634404,0.0064274296
634405,0.98597354
634406,0.10744199
634407,0.13919525
634408,0.96054995
634409,0.07391097
634410,0.999516
634411,0.00958176
634412,0.02313155
634413,0.5006892
634414,0.004391267
634415,0.89545995
634416,0.9901905
634417,0.003168025
634418,0.7685575
634419,0.0042111306
634420,0.98792934
634421,0.25998914
634422,0.06324275
634423,0.9954845
634424,0.41617477
634425,0.9594959
634426,0.5227589
634427,0.37401548
634428,0.98735183
634429,0.3486542
634430,0.016005319
634431,0.20476313
634432,0.9950878
634433,0.092860594
634434,0.046605796
634435,0.99104494
634436,0.96349347
634437,0.1290934
634438,0.31729832
634439,0.98369175
634440,0.9808054
634441,0.13827634
634442,0.005809014
634443,0.9764419
634444,0.855036
634445,0.06880784
634446,0.0073404196
634447,0.008654075
634448,0.026641423
634449,0.052526467
634450,0.96224403
634451,0.019675637
634452,0.86526036
634453,0.0138908215
634454,0.9918214
634455,0.04477586
634456,0.05577348
634457,0.009260557
634458,0.99560684
634459,0.52693737
634460,0.008107606
634461,0.031674337
634462,0.2871718
634463,0.3649982
634464,0.09434149
634465,0.34147057
634466,0.9340338
634467,0.6201544
634468,0.11694468
634469,0.19315468
634470,0.013538071
634471,0.06855579
634472,0.03651456
634473,0.15381047
634474,0.9171991
634475,0.9126061
634476,0.009964256
634477,0.96206105
634478,0.6454863
634479,0.55650264
634480,0.9822817
634481,0.035100553
634482,0.3126997
634483,0.91528577
634484,0.036698442
634485,0.097786896
634486,0.98420215
634487,0.46204048
634488,0.9760661
634489,0.012843139
634490,0.013023429
634491,0.043210126
634492,0.006883759
634493,0.8138164
634494,0.9043237
634495,0.8476148
634496,0.9128662
634497,0.9855509
634498,0.027774539
634499,0.012223881
634500,0.59589624
634501,0.46061736
634502,0.98171496
634503,0.01831057
634504,0.8618912
634505,0.9421026
634506,0.6419144
634507,0.18004543
634508,0.17776737
634509,0.022553775
634510,0.06825182
634511,0.009190471
634512,0.71481806
634513,0.060727946
634514,0.98235846
634515,0.028428607
634516,0.9840631
634517,0.7968573
634518,0.4246743
634519,0.8930006
634520,0.002308474
634521,0.85477895
634522,0.005161977
634523,0.038649622
634524,0.017055616
634525,0.1981183
634526,0.03211006
634527,0.12141344
634528,0.04863194
634529,0.8614057
634530,0.9973997
634531,0.9797105
634532,0.36432183
634533,0.99283504
634534,0.22803435
634535,0.94878846
634536,0.906216
634537,0.8021793
634538,0.30178556
634539,0.019935263
634540,0.99425846
634541,0.009471195
634542,0.02708838
634543,0.9527441
634544,0.18179862
634545,0.010121964
634546,0.6446183
634547,0.003885267
634548,0.047233395
634549,0.9869754
634550,0.9908789
634551,0.024888208
634552,0.61640507
634553,0.32087332
634554,0.80817795
634555,0.997386
634556,0.05384391
634557,0.9695337
634558,0.9340651
634559,0.7388763
634560,0.9446678
634561,0.010555083
634562,0.9165544
634563,0.13372336
634564,0.9397345
634565,0.014388935
634566,0.9957992
634567,0.2375321
634568,0.6906056
634569,0.8955374
634570,0.2532816
634571,0.018780176
634572,0.032182995
634573,0.25552538
634574,0.6146874
634575,0.33475116
634576,0.07018426
634577,0.9818912
634578,0.43969253
634579,0.9870426
634580,0.0055877334
634581,0.033290207
634582,0.9885667
634583,0.8933882
634584,0.24667451
634585,0.01686975
634586,0.9816652
634587,0.28773773
634588,0.0052947677
634589,0.14402173
634590,0.9954426
634591,0.99904984
634592,0.519609
634593,0.9085407
634594,0.2788996
634595,0.008153962
634596,0.01012337
634597,0.03720398
634598,0.99572843
634599,0.040583216
634600,0.91547835
634601,0.969101
634602,0.26724866
634603,0.01712489
634604,0.9558066
634605,0.1713255
634606,0.62923765
634607,0.97095776
634608,0.9258173
634609,0.98565555
634610,0.6778811
634611,0.98938346
634612,0.8599819
634613,0.19497475
634614,0.0049875183
634615,0.26017186
634616,0.010457072
634617,0.06484199
634618,0.07017841
634619,0.9569444
634620,0.85493124
634621,0.51540804
634622,0.9756318
634623,0.94187605
634624,0.052460834
634625,0.0072697606
634626,0.88577974
634627,0.0061435085
634628,0.08171946
634629,0.51561296
634630,0.8792293
634631,0.9869685
634632,0.0015185607
634633,0.22484756
634634,0.06545277
634635,0.006647319
634636,0.8517525
634637,0.99726534
634638,0.22189274
634639,0.0055295755
634640,0.15018867
634641,0.9964119
634642,0.01160482
634643,0.92640173
634644,0.080757126
634645,0.012831225
634646,0.90391594
634647,0.052837595
634648,0.9519083
634649,0.59472954
634650,0.96511525
634651,0.078883946
634652,0.008681328
634653,0.9954774
634654,0.9974055
634655,0.98373425
634656,0.0006156748
634657,0.0075780433
634658,0.9739201
634659,0.0071772523
634660,0.96609366
634661,0.045030404
634662,0.004891864
634663,0.00790871
634664,0.96504855
634665,0.99254715
634666,0.118131205
634667,0.5714101
634668,0.53655684
634669,0.7699712
634670,0.8536389
634671,0.014863228
634672,0.14668976
634673,0.69310164
634674,0.96699756
634675,0.98890907
634676,0.08856902
634677,0.03368391
634678,0.254597
634679,0.02750036
634680,0.05975025
634681,0.019451901
634682,0.015372475
634683,0.016468167
634684,0.99744713
634685,0.74550104
634686,0.99626815
634687,0.09024855
634688,0.016340755
634689,0.81875366
634690,0.2878518
634691,0.02131379
634692,0.90567625
634693,0.731848
634694,0.9480686
634695,0.007796798
634696,0.9324049
634697,0.010674626
634698,0.22712973
634699,0.06245224
634700,0.9751374
634701,0.9898287
634702,0.12880924
634703,0.83250827
634704,0.98897314
634705,0.0069879224
634706,0.9814904
634707,0.25774357
634708,0.72238594
634709,0.0016881833
634710,0.9932986
634711,0.19364853
634712,0.02379511
634713,0.10333726
634714,0.9173337
634715,0.09687822
634716,0.21030629
634717,0.026355283
634718,0.005343831
634719,0.002180385
634720,0.0034029828
634721,0.20816515
634722,0.041272905
634723,0.7582959
634724,0.99005187
634725,0.88616025
634726,0.98425364
634727,0.17814103
634728,0.4155162
634729,0.9545904
634730,0.011326141
634731,0.7831805
634732,0.7026186
634733,0.01339362
634734,0.9984429
634735,0.17717986
634736,0.04592421
634737,0.12711641
634738,0.9912467
634739,0.9536443
634740,0.08925156
634741,0.99635494
634742,0.99617445
634743,0.02198454
634744,0.4821255
634745,0.0047173756
634746,0.15123798
634747,0.97814864
634748,0.16760612
634749,0.99319947
634750,0.004093285
634751,0.064344466
634752,0.99426395
634753,0.032869376
634754,0.7444281
634755,0.9988537
634756,0.41977406
634757,0.0031812964
634758,0.09482278
634759,0.31875417
634760,0.99773264
634761,0.0061861873
634762,0.0035374246
634763,0.6877263
634764,0.46977183
634765,0.105473615
634766,0.99417925
634767,0.4857138
634768,0.028441645
634769,0.1154989
634770,0.48489153
634771,0.6953658
634772,0.72854275
634773,0.95519924
634774,0.30460787
634775,0.002696111
634776,0.8781724
634777,0.681615
634778,0.34370086
634779,0.025352089
634780,0.025532464
634781,0.008982323
634782,0.96161366
634783,0.087213814
634784,0.9274731
634785,0.061660066
634786,0.011136004
634787,0.024244845
634788,0.9918578
634789,0.05193963
634790,0.99463856
634791,0.01435888
634792,0.01742118
634793,0.035065144
634794,0.013288237
634795,0.9879966
634796,0.5568675
634797,0.9538754
634798,0.020115009
634799,0.8745216
634800,0.018652678
634801,0.033887364
634802,0.07990185
634803,0.05123274
634804,0.642131
634805,0.05741264
634806,0.020064691
634807,0.9986
634808,0.96010154
634809,0.9957699
634810,0.78906494
634811,0.99560934
634812,0.018929174
634813,0.010242014
634814,0.05622971
634815,0.010050764
634816,0.27110353
634817,0.14027452
634818,0.9621514
634819,0.9972662
634820,0.023331491
634821,0.36686644
634822,0.06727573
634823,0.22674784
634824,0.9847462
634825,0.040222064
634826,0.5803721
634827,0.0439756
634828,0.39055756
634829,0.027285317
634830,0.959632
634831,0.96145356
634832,0.96934134
634833,0.0015518647
634834,0.07600945
634835,0.99348766
634836,0.017840613
634837,0.9966979
634838,0.9586352
634839,0.62413853
634840,0.024112815
634841,0.022492552
634842,0.03099845
634843,0.016663693
634844,0.010291339
634845,0.020191327
634846,0.052787974
634847,0.031876113
634848,0.21609265
634849,0.0453794
634850,0.9933888
634851,0.9647131
634852,0.059449565
634853,0.02499339
634854,0.9847911
634855,0.29532775
634856,0.48285767
634857,0.9868233
634858,0.02064756
634859,0.32851622
634860,0.052693304
634861,0.0050693047
634862,0.020906828
634863,0.9885438
634864,0.9678855
634865,0.9526846
634866,0.019512404
634867,0.02941785
634868,0.0073877443
634869,0.8942059
634870,0.13660456
634871,0.993717
634872,0.9944894
634873,0.897912
634874,0.9845569
634875,0.099734455
634876,0.9891598
634877,0.011490641
634878,0.13876677
634879,0.014270555
634880,0.88918567
634881,0.9794442
634882,0.99251235
634883,0.07027626
634884,0.037727103
634885,0.9513407
634886,0.061556242
634887,0.19861732
634888,0.020455878
634889,0.7226008
634890,0.9340539
634891,0.9988295
634892,0.13300191
634893,0.33444282
634894,0.93061227
634895,0.8824021
634896,0.076776706
634897,0.61911976
634898,0.93670046
634899,0.59215903
634900,0.05541104
634901,0.006780847
634902,0.12817305
634903,0.44508538
634904,0.0131483935
634905,0.06778874
634906,0.02077252
634907,0.008631585
634908,0.009887421
634909,0.9885048
634910,0.98724073
634911,0.12636173
634912,0.08334326
634913,0.80230683
634914,0.90108144
634915,0.81662595
634916,0.009912616
634917,0.64869255
634918,0.7875344
634919,0.8577794
634920,0.9976831
634921,0.27928895
634922,0.957983
634923,0.092518926
634924,0.96120167
634925,0.19649354
634926,0.7337307
634927,0.6441067
634928,0.98736024
634929,0.89471084
634930,0.23289603
634931,0.98683906
634932,0.8257326
634933,0.0016000494
634934,0.79235876
634935,0.86565053
634936,0.847316
634937,0.07255998
634938,0.9661117
634939,0.06506443
634940,0.9723611
634941,0.058322
634942,0.20972389
634943,0.07189807
634944,0.017829638
634945,0.0026628803
634946,0.6855941
634947,0.006541066
634948,0.88615
634949,0.008159046
634950,0.13275404
634951,0.9497479
634952,0.037014484
634953,0.93976176
634954,0.02623402
634955,0.007755775
634956,0.899012
634957,0.20652261
634958,0.07366049
634959,0.9437811
634960,0.025655385
634961,0.24287862
634962,0.99744564
634963,0.111398466
634964,0.86051637
634965,0.13852274
634966,0.9905976
634967,0.9557203
634968,0.013056023
634969,0.13106418
634970,0.44291607
634971,0.021759411
634972,0.7219903
634973,0.96012765
634974,0.95446754
634975,0.9765568
634976,0.19874325
634977,0.031417932
634978,0.99370223
634979,0.055814214
634980,0.0045343074
634981,0.9931283
634982,0.03361886
634983,0.9756643
634984,0.9838421
634985,0.022418447
634986,0.044230867
634987,0.9961331
634988,0.0048933337
634989,0.9917483
634990,0.43515468
634991,0.03403857
634992,0.018860532
634993,0.020713689
634994,0.9793937
634995,0.8400833
634996,0.9935609
634997,0.04359201
634998,0.038609285
634999,0.44573578
635000,0.09669636
635001,0.9402719
635002,0.9952016
635003,0.8862093
635004,0.49434102
635005,0.45661926
635006,0.06708178
635007,0.073001064
635008,0.75259495
635009,0.18344513
635010,0.758079
635011,0.3229061
635012,0.00765186
635013,0.9938568
635014,0.8275884
635015,0.0012315663
635016,0.9947868
635017,0.9949289
635018,0.9377957
635019,0.017237026
635020,0.026829164
635021,0.99395806
635022,0.07392753
635023,0.9210322
635024,0.08673436
635025,0.011054365
635026,0.99890846
635027,0.2681952
635028,0.8310318
635029,0.38819155
635030,0.39888877
635031,0.050444268
635032,0.99058104
635033,0.9952239
635034,0.017500777
635035,0.001973655
635036,0.93494725
635037,0.044021316
635038,0.70920235
635039,0.047523625
635040,0.2800647
635041,0.5161886
635042,0.9249878
635043,0.0067374567
635044,0.32701832
635045,0.983968
635046,0.9240503
635047,0.9958741
635048,0.13936897
635049,0.96787137
635050,0.07051779
635051,0.53017193
635052,0.026267963
635053,0.9660843
635054,0.37569392
635055,0.06552525
635056,0.008606755
635057,0.46701804
635058,0.4141809
635059,0.99569494
635060,0.9086495
635061,0.47842234
635062,0.0024412936
635063,0.9538726
635064,0.70597816
635065,0.012616242
635066,0.49910966
635067,0.006498425
635068,0.8558988
635069,0.78586984
635070,0.3920104
635071,0.51286596
635072,0.6821344
635073,0.019313857
635074,0.9769377
635075,0.028283978
635076,0.026761174
635077,0.030717593
635078,0.9375987
635079,0.009691175
635080,0.10841955
635081,0.027631529
635082,0.011062457
635083,0.9966479
635084,0.040325653
635085,0.071584634
635086,0.02574798
635087,0.04650452
635088,0.97545767
635089,0.97472453
635090,0.043616332
635091,0.009215115
635092,0.042249195
635093,0.6221357
635094,0.1880922
635095,0.9244981
635096,0.03344201
635097,0.002118735
635098,0.9983396
635099,0.003903205
635100,0.71330404
635101,0.9366984
635102,0.013628036
635103,0.06523315
635104,0.015333019
635105,0.07801385
635106,0.035632394
635107,0.9991263
635108,0.013749741
635109,0.9096754
635110,0.021471152
635111,0.17052463
635112,0.9753526
635113,0.10969338
635114,0.8923043
635115,0.99351597
635116,0.959447
635117,0.08694988
635118,0.994257
635119,0.9711188
635120,0.97910213
635121,0.036607686
635122,0.03870447
635123,0.02201257
635124,0.99871725
635125,0.9996957
635126,0.015488818
635127,0.2608904
635128,0.010751368
635129,0.9493101
635130,0.8510043
635131,0.2660491
635132,0.93872803
635133,0.0009923012
635134,0.19930556
635135,0.9801184
635136,0.004333103
635137,0.6181809
635138,0.98281866
635139,0.097851746
635140,0.9994664
635141,0.9709753
635142,0.15766902
635143,0.96607727
635144,0.9923165
635145,0.094189055
635146,0.99763566
635147,0.0060784924
635148,0.012603224
635149,0.006284346
635150,0.8336919
635151,0.1684866
635152,0.91724336
635153,0.016368292
635154,0.15120618
635155,0.006224961
635156,0.6448474
635157,0.9990412
635158,0.022842478
635159,0.017199311
635160,0.026680153
635161,0.032130357
635162,0.9726075
635163,0.9949738
635164,0.99789673
635165,0.9812079
635166,0.1260938
635167,0.9942604
635168,0.8115514
635169,0.97896487
635170,0.9966786
635171,0.10797592
635172,0.0140029825
635173,0.056226827
635174,0.05648176
635175,0.9080097
635176,0.97533137
635177,0.9851523
635178,0.24423245
635179,0.028782867
635180,0.9823124
635181,0.04613246
635182,0.9939817
635183,0.0019263598
635184,0.9828207
635185,0.014796228
635186,0.004085918
635187,0.063864045
635188,0.02383488
635189,0.005778853
635190,0.96551526
635191,0.6204021
635192,0.022002352
635193,0.9998103
635194,0.9467245
635195,0.19921342
635196,0.04011426
635197,0.9990862
635198,0.062940806
635199,0.039280366
635200,0.003312523
635201,0.7146476
635202,0.9436271
635203,0.99502355
635204,0.7187818
635205,0.07874921
635206,0.02035054
635207,0.04601371
635208,0.015710605
635209,0.1222021
635210,0.77813685
635211,0.009730548
635212,0.9948375
635213,0.005961355
635214,0.88063085
635215,0.029203694
635216,0.79348665
635217,0.91800183
635218,0.016450297
635219,0.26525456
635220,0.9893465
635221,0.6040946
635222,0.05302965
635223,0.95566356
635224,0.117225945
635225,0.038868535
635226,0.8525478
635227,0.024858829
635228,0.038503986
635229,0.9950348
635230,0.038241703
635231,0.94686115
635232,0.40419924
635233,0.61912334
635234,0.6985231
635235,0.9085471
635236,0.034974277
635237,0.12608376
635238,0.6784426
635239,0.013754676
635240,0.9933377
635241,0.035691205
635242,0.05144637
635243,0.9694168
635244,0.05107891
635245,0.9980098
635246,0.2067152
635247,0.52116495
635248,0.80126977
635249,0.020560829
635250,0.71816796
635251,0.23618494
635252,0.43874657
635253,0.99168575
635254,0.0056176465
635255,0.04221947
635256,0.3424997
635257,0.10341976
635258,0.0056497194
635259,0.98043257
635260,0.3189838
635261,0.2395309
635262,0.83207136
635263,0.9913816
635264,0.70726585
635265,0.06425786
635266,0.9903159
635267,0.33966222
635268,0.3714374
635269,0.94954896
635270,0.6793326
635271,0.0119407205
635272,0.021530263
635273,0.9837642
635274,0.99270004
635275,0.99439263
635276,0.33875415
635277,0.9990604
635278,0.486852
635279,0.9370859
635280,0.12602843
635281,0.9432101
635282,0.51824695
635283,0.27607578
635284,0.88614357
635285,0.99102926
635286,0.98713756
635287,0.710695
635288,0.1239691
635289,0.047984876
635290,0.9423055
635291,0.9883739
635292,0.9473424
635293,0.032706916
635294,0.9858922
635295,0.034145206
635296,0.96779215
635297,0.98088413
635298,0.024767453
635299,0.055376653
635300,0.051198103
635301,0.3846133
635302,0.015637351
635303,0.016939774
635304,0.7056983
635305,0.81587225
635306,0.46692985
635307,0.9981787
635308,0.030998867
635309,0.0020065568
635310,0.023769315
635311,0.007207345
635312,0.9812828
635313,0.94472086
635314,0.499596
635315,0.98284733
635316,0.99486727
635317,0.0035440878
635318,0.0076944698
635319,0.9912444
635320,0.99494773
635321,0.9821275
635322,0.9201104
635323,0.1761693
635324,0.33282056
635325,0.9731736
635326,0.13581315
635327,0.99521774
635328,0.0528378
635329,0.020551817
635330,0.7868725
635331,0.9932747
635332,0.02791643
635333,0.0035483036
635334,0.99130905
635335,0.04681937
635336,0.019856434
635337,0.007376905
635338,0.22651455
635339,0.0834148
635340,0.9908777
635341,0.054366052
635342,0.11211422
635343,0.98645526
635344,0.019097378
635345,0.002319678
635346,0.023369633
635347,0.20122933
635348,0.027865037
635349,0.9810932
635350,0.9887388
635351,0.025822766
635352,0.06926973
635353,0.04966121
635354,0.020652479
635355,0.67440987
635356,0.046917785
635357,0.9021898
635358,0.7048431
635359,0.04107645
635360,0.9990362
635361,0.7364682
635362,0.9896432
635363,0.12790182
635364,0.46164298
635365,0.053479332
635366,0.9939478
635367,0.44446558
635368,0.16541153
635369,0.22118695
635370,0.069017075
635371,0.08189308
635372,0.019156298
635373,0.008938835
635374,0.9856365
635375,0.2552582
635376,0.9403545
635377,0.12299654
635378,0.48842502
635379,0.0043143993
635380,0.87055963
635381,0.02245147
635382,0.97982097
635383,0.44090268
635384,0.047530934
635385,0.05461932
635386,0.9959825
635387,0.8447846
635388,0.009788992
635389,0.32292974
635390,0.99117285
635391,0.01245863
635392,0.081829384
635393,0.036818177
635394,0.35175318
635395,0.0022229753
635396,0.012654622
635397,0.014440948
635398,0.25118443
635399,0.12000416
635400,0.99317795
635401,0.011840286
635402,0.14431658
635403,0.78374916
635404,0.014112491
635405,0.8875287
635406,0.066382766
635407,0.6971432
635408,0.22867328
635409,0.9131393
635410,0.9952358
635411,0.94992256
635412,0.02594026
635413,0.023930296
635414,0.024107285
635415,0.77306193
635416,0.16143072
635417,0.064699255
635418,0.99984497
635419,0.9420291
635420,0.54322267
635421,0.18682584
635422,0.03246194
635423,0.022205649
635424,0.94773626
635425,0.17489323
635426,0.43430215
635427,0.030324826
635428,0.7991097
635429,0.68745685
635430,0.93377745
635431,0.85948354
635432,0.148101
635433,0.04518786
635434,0.99723047
635435,0.86527616
635436,0.018733226
635437,0.8947286
635438,0.056451675
635439,0.8984842
635440,0.011227608
635441,0.99747413
635442,0.02334602
635443,0.6554891
635444,0.9880732
635445,0.78240937
635446,0.9962127
635447,0.025530184
635448,0.06288317
635449,0.020035356
635450,0.980425
635451,0.4190345
635452,0.9683989
635453,0.8904221
635454,0.41858518
635455,0.810011
635456,0.0028646002
635457,0.1659155
635458,0.017846849
635459,0.97855
635460,0.99518996
635461,0.060245343
635462,0.5305697
635463,0.0015203182
635464,0.45647487
635465,0.025618326
635466,0.07593054
635467,0.9567754
635468,0.93564296
635469,0.1010915
635470,0.2115589
635471,0.06267391
635472,0.9353343
635473,0.03893821
635474,0.99643886
635475,0.89497316
635476,0.008948199
635477,0.0035492722
635478,0.11100082
635479,0.0004945773
635480,0.8455979
635481,0.86124986
635482,0.027514972
635483,0.07576374
635484,0.6410423
635485,0.012938563
635486,0.1421218
635487,0.2896687
635488,0.16423365
635489,0.17479315
635490,0.020810198
635491,0.0061643273
635492,0.99434996
635493,0.17749755
635494,0.08181752
635495,0.9132504
635496,0.99237925
635497,0.5460951
635498,0.9909953
635499,0.094204605
635500,0.20546724
635501,0.93148303
635502,0.998978
635503,0.0007059196
635504,0.66298944
635505,0.0055439975
635506,0.007825707
635507,0.95743585
635508,0.07231696
635509,0.0033057348
635510,0.9862243
635511,0.9844909
635512,0.088375166
635513,0.023845691
635514,0.02616497
635515,0.98869336
635516,0.024683284
635517,0.6589533
635518,0.013444055
635519,0.96511626
635520,0.018721843
635521,0.17949876
635522,0.95475656
635523,0.016588246
635524,0.068968
635525,0.082609534
635526,0.024139825
635527,0.08517753
635528,0.022932684
635529,0.30027753
635530,0.048150994
635531,0.6742724
635532,0.01453984
635533,0.99070597
635534,0.080627486
635535,0.25675315
635536,0.23647448
635537,0.061376818
635538,0.040719077
635539,0.5074855
635540,0.75819683
635541,0.020881046
635542,0.14283244
635543,0.9125169
635544,0.052350968
635545,0.99728864
635546,0.9947105
635547,0.0045527685
635548,0.2264107
635549,0.9688322
635550,0.9422617
635551,0.22641645
635552,0.9684652
635553,0.9956071
635554,0.95600116
635555,0.0040989337
635556,0.96668315
635557,0.16660202
635558,0.08245349
635559,0.9223308
635560,0.17843966
635561,0.010926283
635562,0.018241426
635563,0.9775558
635564,0.02196873
635565,0.753934
635566,0.024909621
635567,0.0058006723
635568,0.008241412
635569,0.9794857
635570,0.8383243
635571,0.73528
635572,0.9583479
635573,0.038408425
635574,0.027277488
635575,0.8480534
635576,0.055765986
635577,0.031892434
635578,0.9082021
635579,0.055948585
635580,0.51534283
635581,0.9411898
635582,0.991524
635583,0.34936857
635584,0.011559781
635585,0.98549676
635586,0.85063195
635587,0.9901961
635588,0.89524615
635589,0.07708365
635590,0.9688233
635591,0.99560523
635592,0.08518699
635593,0.031712115
635594,0.58243227
635595,0.3022079
635596,0.01912539
635597,0.99174726
635598,0.010690365
635599,0.012403347
635600,0.66461724
635601,0.09594762
635602,0.99637127
635603,0.018728692
635604,0.7633229
635605,0.26397347
635606,0.031105625
635607,0.99640644
635608,0.002195869
635609,0.93647444
635610,0.6022361
635611,0.7930277
635612,0.12119415
635613,0.016584171
635614,0.0065361257
635615,0.004010599
635616,0.014028352
635617,0.97296995
635618,0.03956543
635619,0.15576985
635620,0.04983311
635621,0.8099364
635622,0.021922292
635623,0.04008259
635624,0.111146174
635625,0.6130641
635626,0.027642455
635627,0.016511887
635628,0.92140925
635629,0.81532043
635630,0.98535883
635631,0.5853867
635632,0.8708546
635633,0.5352365
635634,0.04430725
635635,0.9887791
635636,0.0023938622
635637,0.04004186
635638,0.0036650165
635639,0.9631419
635640,0.018096667
635641,0.58139896
635642,0.005978114
635643,0.9976436
635644,0.54286164
635645,0.008118743
635646,0.98652446
635647,0.98831797
635648,0.0272493
635649,0.4736751
635650,0.42343473
635651,0.36874285
635652,0.030944169
635653,0.9472309
635654,0.9076338
635655,0.90410876
635656,0.073517844
635657,0.9979268
635658,0.0418502
635659,0.019673184
635660,0.68657035
635661,0.9443695
635662,0.9632273
635663,0.013462552
635664,0.8017397
635665,0.02014932
635666,0.9249468
635667,0.9890413
635668,0.44070715
635669,0.29158184
635670,0.012274286
635671,0.03891591
635672,0.9688915
635673,0.42979336
635674,0.9848159
635675,0.02766158
635676,0.9147083
635677,0.2338936
635678,0.90723896
635679,0.6629504
635680,0.12929288
635681,0.046616167
635682,0.020855857
635683,0.31190047
635684,0.9878911
635685,0.5870158
635686,0.023964616
635687,0.54543835
635688,0.99720085
635689,0.9468621
635690,0.9144099
635691,0.021513812
635692,0.87961644
635693,0.047092594
635694,0.90801257
635695,0.8643538
635696,0.9890701
635697,0.34501526
635698,0.019371398
635699,0.8034185
635700,0.004080618
635701,0.21406698
635702,0.1265118
635703,0.94831455
635704,0.7279688
635705,0.019172266
635706,0.9972023
635707,0.0032242232
635708,0.011782706
635709,0.006940865
635710,0.018046118
635711,0.0047237417
635712,0.01977217
635713,0.019537944
635714,0.04962352
635715,0.9754718
635716,0.96000534
635717,0.015300371
635718,0.88284796
635719,0.115868784
635720,0.9680591
635721,0.0019180878
635722,0.29001784
635723,0.98439336
635724,0.18999209
635725,0.0016056753
635726,0.1090859
635727,0.10579455
635728,0.1154811
635729,0.0105707245
635730,0.0048521087
635731,0.98394716
635732,0.36302388
635733,0.5695949
635734,0.9970991
635735,0.031638682
635736,0.5380349
635737,0.058885105
635738,0.9504075
635739,0.024881195
635740,0.97917217
635741,0.08341239
635742,0.9884448
635743,0.5507636
635744,0.42943996
635745,0.8224814
635746,0.012788109
635747,0.043799967
635748,0.40128586
635749,0.54049414
635750,0.45406798
635751,0.5995074
635752,0.05617287
635753,0.9514325
635754,0.0038546305
635755,0.014166515
635756,0.89659035
635757,0.4086025
635758,0.5588281
635759,0.6859271
635760,0.2290158
635761,0.4379483
635762,0.092919335
635763,0.44576073
635764,0.034509514
635765,0.2946634
635766,0.025090758
635767,0.6427249
635768,0.9593321
635769,0.08297634
635770,0.02485469
635771,0.75649667
635772,0.88170576
635773,0.5251507
635774,0.8305105
635775,0.0024436356
635776,0.020674998
635777,0.11881709
635778,0.06911647
635779,0.044992983
635780,0.44295847
635781,0.99207973
635782,0.0127819665
635783,0.9573224
635784,0.00861266
635785,0.018895984
635786,0.05407373
635787,0.169406
635788,0.018656386
635789,0.12399222
635790,0.72493166
635791,0.9591877
635792,0.19139385
635793,0.054651454
635794,0.9846625
635795,0.96391726
635796,0.4785286
635797,0.50241554
635798,0.886546
635799,0.0097288275
635800,0.03483294
635801,0.12582627
635802,0.8176016
635803,0.859603
635804,0.029748626
635805,0.0015464035
635806,0.86612105
635807,0.022206843
635808,0.008308587
635809,0.006541653
635810,0.9319583
635811,0.053358868
635812,0.99787366
635813,0.99126184
635814,0.93343747
635815,0.4697267
635816,0.73624504
635817,0.008708097
635818,0.043446917
635819,0.05640149
635820,0.98195636
635821,0.64465785
635822,0.72685325
635823,0.9481363
635824,0.29924706
635825,0.9902246
635826,0.9594197
635827,0.016199812
635828,0.027409628
635829,0.333535
635830,0.9925437
635831,0.9785188
635832,0.002074846
635833,0.96763384
635834,0.9735294
635835,0.05959208
635836,0.7489126
635837,0.5417698
635838,0.05005086
635839,0.8686987
635840,0.9809039
635841,0.8587061
635842,0.64846957
635843,0.054903064
635844,0.04656884
635845,0.8713899
635846,0.9874085
635847,0.9261837
635848,0.28029183
635849,0.011018448
635850,0.21524613
635851,0.17027095
635852,0.9675179
635853,0.9996593
635854,0.007460807
635855,0.040222846
635856,0.025029559
635857,0.9915242
635858,0.13211337
635859,0.7356726
635860,0.9582957
635861,0.022544652
635862,0.11911252
635863,0.053298727
635864,0.6063901
635865,0.015834628
635866,0.042782754
635867,0.9465801
635868,0.017123662
635869,0.9021741
635870,0.602256
635871,0.23727599
635872,0.016307505
635873,0.48265886
635874,0.9927503
635875,0.5734888
635876,0.9889741
635877,0.71700424
635878,0.0067763403
635879,0.91961217
635880,0.9934001
635881,0.017314745
635882,0.99028975
635883,0.7881997
635884,0.037929405
635885,0.69900537
635886,0.011019994
635887,0.9947474
635888,0.14090097
635889,0.044196658
635890,0.9554425
635891,0.13371268
635892,0.048427287
635893,0.99680275
635894,0.016649328
635895,0.057382137
635896,0.5348756
635897,0.56183237
635898,0.97663295
635899,0.32894325
635900,0.9994083
635901,0.9805224
635902,0.5937073
635903,0.018409332
635904,0.4091509
635905,0.045964804
635906,0.0065634088
635907,0.05365759
635908,0.5261197
635909,0.0017175777
635910,0.99518037
635911,0.10853122
635912,0.91959804
635913,0.33921224
635914,0.014805382
635915,0.024325565
635916,0.048241787
635917,0.040090542
635918,0.95927095
635919,0.017001348
635920,0.49822497
635921,0.883188
635922,0.71616876
635923,0.01323239
635924,0.011590002
635925,0.06604652
635926,0.99727786
635927,0.15377127
635928,0.6149425
635929,0.09445262
635930,0.016192023
635931,0.49732235
635932,0.7937153
635933,0.7546784
635934,0.02623895
635935,0.81778276
635936,0.99907774
635937,0.045609046
635938,0.88379335
635939,0.40624863
635940,0.04667495
635941,0.8037786
635942,0.011355533
635943,0.96218073
635944,0.9739753
635945,0.07356464
635946,0.983087
635947,0.9286431
635948,0.9953841
635949,0.24618195
635950,0.056767892
635951,0.7595534
635952,0.013420327
635953,0.18498984
635954,0.017718263
635955,0.007711102
635956,0.9288994
635957,0.7331134
635958,0.17624937
635959,0.0030444218
635960,0.011103591
635961,0.03636253
635962,0.015548116
635963,0.9867318
635964,0.15053926
635965,0.0058019725
635966,0.9718383
635967,0.78964424
635968,0.090501375
635969,0.013656443
635970,0.013179128
635971,0.007442961
635972,0.23994108
635973,0.98839915
635974,0.21802863
635975,0.85692525
635976,0.05923471
635977,0.23566326
635978,0.27705684
635979,0.027725037
635980,0.21216689
635981,0.98743373
635982,0.3654715
635983,0.9824276
635984,0.015466342
635985,0.9964751
635986,0.028537063
635987,0.008446806
635988,0.012675975
635989,0.9246764
635990,0.034300737
635991,0.06937899
635992,0.025567077
635993,0.79926586
635994,0.02493426
635995,0.80112076
635996,0.012809112
635997,0.985759
635998,0.004938027
635999,0.049268506
636000,0.06495592
636001,0.049892712
636002,0.0024416316
636003,0.9443437
636004,0.23656894
636005,0.068656854
636006,0.0028776834
636007,0.9833764
636008,0.2574859
636009,0.1461623
636010,0.015158616
636011,0.4163068
636012,0.028169723
636013,0.6778255
636014,0.70015085
636015,0.0040563503
636016,0.81079155
636017,0.55014527
636018,0.94144416
636019,0.34647724
636020,0.87969303
636021,0.017998826
636022,0.02584001
636023,0.8222913
636024,0.96523535
636025,0.9785415
636026,0.011104593
636027,0.9969038
636028,0.985675
636029,0.9942537
636030,0.9806346
636031,0.9248492
636032,0.26414633
636033,0.16510281
636034,0.47354758
636035,0.043437947
636036,0.5871165
636037,0.99851865
636038,0.97402716
636039,0.026032817
636040,0.7588704
636041,0.03639806
636042,0.24088675
636043,0.03434465
636044,0.28318042
636045,0.030959472
636046,0.0041146795
636047,0.05422514
636048,0.9841106
636049,0.754866
636050,0.36677718
636051,0.009985159
636052,0.20663694
636053,0.0020553689
636054,0.3362417
636055,0.009390883
636056,0.112491846
636057,0.44124386
636058,0.95611274
636059,0.14609885
636060,0.010869998
636061,0.07127842
636062,0.014692277
636063,0.5800644
636064,0.05691534
636065,0.9401603
636066,0.015266208
636067,0.036692828
636068,0.009709142
636069,0.63222736
636070,0.014444828
636071,0.009359582
636072,0.9137506
636073,0.45799804
636074,0.032356687
636075,0.81254536
636076,0.889504
636077,0.047060627
636078,0.026473753
636079,0.7363769
636080,0.8691253
636081,0.019140474
636082,0.9491044
636083,0.06665717
636084,0.26492965
636085,0.98088896
636086,0.52985585
636087,0.6626947
636088,0.7784153
636089,0.0055575687
636090,0.9983892
636091,0.92825836
636092,0.9455412
636093,0.03102395
636094,0.45062125
636095,0.8978835
636096,0.9638104
636097,0.36968374
636098,0.9962865
636099,0.8684531
636100,0.9779354
636101,0.68252033
636102,0.9982571
636103,0.17182167
636104,0.7732276
636105,0.019182993
636106,0.9042267
636107,0.57069856
636108,0.01981861
636109,0.07772985
636110,0.98676205
636111,0.19754422
636112,0.07664969
636113,0.97786677
636114,0.9531034
636115,0.13606694
636116,0.019882455
636117,0.09925373
636118,0.017214801
636119,0.15102884
636120,0.02523404
636121,0.9902143
636122,0.01461369
636123,0.45835415
636124,0.61045015
636125,0.011116912
636126,0.21634206
636127,0.5082395
636128,0.25741315
636129,0.024126504
636130,0.009950817
636131,0.9873991
636132,0.022203635
636133,0.009918809
636134,0.9632191
636135,0.015213752
636136,0.9969193
636137,0.03202911
636138,0.096748985
636139,0.9443344
636140,0.45884627
636141,0.1381384
636142,0.013827388
636143,0.97303444
636144,0.08520773
636145,0.0729958
636146,0.98117936
636147,0.014567964
636148,0.8212756
636149,0.29205465
636150,0.52974796
636151,0.9648974
636152,0.7842699
636153,0.971152
636154,0.7584797
636155,0.2046966
636156,0.977539
636157,0.7435917
636158,0.0845808
636159,0.97585
636160,0.99515307
636161,0.9973567
636162,0.024070319
636163,0.035924204
636164,0.99934155
636165,0.007651625
636166,0.04665978
636167,0.4587572
636168,0.36585912
636169,0.6255292
636170,0.07757534
636171,0.9290593
636172,0.01580877
636173,0.0369308
636174,0.009751597
636175,0.12350346
636176,0.8831675
636177,0.22110537
636178,0.15715778
636179,0.85984147
636180,0.97449946
636181,0.2783276
636182,0.06620142
636183,0.0060695624
636184,0.9986202
636185,0.47594333
636186,0.88486814
636187,0.29240093
636188,0.8585597
636189,0.39569432
636190,0.009164024
636191,0.9245132
636192,0.99915004
636193,0.043559168
636194,0.9870564
636195,0.86865413
636196,0.23575333
636197,0.027488863
636198,0.46026
636199,0.851182
636200,0.023043089
636201,0.96553576
636202,0.855494
636203,0.44092798
636204,0.9881711
636205,0.09526932
636206,0.3039806
636207,0.016134625
636208,0.9932854
636209,0.03454732
636210,0.1279342
636211,0.92215884
636212,0.38287354
636213,0.9664571
636214,0.12910451
636215,0.98590845
636216,0.35413557
636217,0.9743345
636218,0.5345005
636219,0.10958302
636220,0.009108946
636221,0.6257556
636222,0.5903125
636223,0.013289094
636224,0.18110195
636225,0.69173265
636226,0.01212796
636227,0.050760154
636228,0.006843281
636229,0.9632151
636230,0.041462377
636231,0.91406405
636232,0.28327832
636233,0.050063655
636234,0.016698819
636235,0.18711835
636236,0.2447949
636237,0.18567516
636238,0.11021729
636239,0.43668166
636240,0.48358727
636241,0.6094241
636242,0.036404956
636243,0.98510367
636244,0.99552375
636245,0.015020769
636246,0.9658732
636247,0.6406379
636248,0.62376606
636249,0.059753068
636250,0.0109714335
636251,0.9871741
636252,0.030155797
636253,0.29455906
636254,0.9791391
636255,0.09373188
636256,0.044880264
636257,0.98735
636258,0.97191596
636259,0.97317296
636260,0.017156757
636261,0.9989023
636262,0.9745322
636263,0.80228674
636264,0.21461765
636265,0.954223
636266,0.033929024
636267,0.091161124
636268,0.011845083
636269,0.9954158
636270,0.036670946
636271,0.14686143
636272,0.6253424
636273,0.8570735
636274,0.9625321
636275,0.9832735
636276,0.12408684
636277,0.7232164
636278,0.09782431
636279,0.032355145
636280,0.5767464
636281,0.8168185
636282,0.92046875
636283,0.14360473
636284,0.015621649
636285,0.017325874
636286,0.85162365
636287,0.80431795
636288,0.9286729
636289,0.010727784
636290,0.34822157
636291,0.079545654
636292,0.08712074
636293,0.95721406
636294,0.9851885
636295,0.98650026
636296,0.9872033
636297,0.20647258
636298,0.80618984
636299,0.6565994
636300,0.018892825
636301,0.3107429
636302,0.39079332
636303,0.61450547
636304,0.9168495
636305,0.07762932
636306,0.2215914
636307,0.94509476
636308,0.10602228
636309,0.0047982517
636310,0.9918314
636311,0.9396185
636312,0.05602862
636313,0.79794055
636314,0.9322718
636315,0.009022475
636316,0.96520245
636317,0.17177746
636318,0.50430965
636319,0.019260243
636320,0.08823688
636321,0.30740052
636322,0.08718355
636323,0.008553475
636324,0.19876927
636325,0.0034258254
636326,0.008708712
636327,0.9986843
636328,0.050725188
636329,0.96642417
636330,0.21429488
636331,0.24351154
636332,0.08074734
636333,0.03428294
636334,0.93043965
636335,0.9433185
636336,0.021504968
636337,0.7344787
636338,0.9996438
636339,0.99141616
636340,0.003141962
636341,0.81449306
636342,0.031850714
636343,0.056972425
636344,0.104133666
636345,0.85939777
636346,0.99149877
636347,0.0070907585
636348,0.9456589
636349,0.9832725
636350,0.95743287
636351,0.47173554
636352,0.101121284
636353,0.8397215
636354,0.99346966
636355,0.8457866
636356,0.93188846
636357,0.008732477
636358,0.4972028
636359,0.002317063
636360,0.014816447
636361,0.04015804
636362,0.004027435
636363,0.009133796
636364,0.01622903
636365,0.9876327
636366,0.9685451
636367,0.001953598
636368,0.032017555
636369,0.9685751
636370,0.9932427
636371,0.004712141
636372,0.039190613
636373,0.0031493169
636374,0.2208327
636375,0.97906184
636376,0.08702205
636377,0.085248366
636378,0.68555486
636379,0.052799385
636380,0.124885
636381,0.97586656
636382,0.036766794
636383,0.0025689835
636384,0.3466192
636385,0.763886
636386,0.89250803
636387,0.25698096
636388,0.004065707
636389,0.0035609542
636390,0.14463034
636391,0.094758004
636392,0.73470366
636393,0.9879634
636394,0.047056276
636395,0.04843362
636396,0.20165929
636397,0.08029228
636398,0.97707033
636399,0.0051426757
636400,0.05990895
636401,0.020531889
636402,0.030480703
636403,0.012473723
636404,0.022206737
636405,0.2833625
636406,0.68519735
636407,0.76844954
636408,0.20475376
636409,0.5769644
636410,0.031239593
636411,0.009269483
636412,0.51232743
636413,0.9914792
636414,0.9444376
636415,0.9986378
636416,0.0035758524
636417,0.022019465
636418,0.4491153
636419,0.31299478
636420,0.010537511
636421,0.9865766
636422,0.64399487
636423,0.62285626
636424,0.5815884
636425,0.0038596918
636426,0.00451368
636427,0.10186893
636428,0.7104094
636429,0.9618929
636430,0.99872655
636431,0.16610241
636432,0.073101595
636433,0.05208545
636434,0.085198775
636435,0.17421913
636436,0.5561569
636437,0.025922088
636438,0.979836
636439,0.05151922
636440,0.047173172
636441,0.027906353
636442,0.7498753
636443,0.9786123
636444,0.018512081
636445,0.98963094
636446,0.029886182
636447,0.17091608
636448,0.060773514
636449,0.4993561
636450,0.092969045
636451,0.030134771
636452,0.0653172
636453,0.118978284
636454,0.9335699
636455,0.88529015
636456,0.9871711
636457,0.99420905
636458,0.9998453
636459,0.7086171
636460,0.11423777
636461,0.10909073
636462,0.77271473
636463,0.09635625
636464,0.0018233953
636465,0.022348214
636466,0.063999705
636467,0.071564086
636468,0.038786165
636469,0.22775382
636470,0.20982113
636471,0.90209913
636472,0.74077475
636473,0.048958298
636474,0.9220163
636475,0.99838465
636476,0.42791796
636477,0.95790315
636478,0.10078214
636479,0.017022148
636480,0.5768822
636481,0.17420468
636482,0.16092409
636483,0.10393042
636484,0.29404864
636485,0.50822353
636486,0.9939335
636487,0.7061282
636488,0.9956138
636489,0.58844197
636490,0.0642014
636491,0.06487591
636492,0.6981693
636493,0.9298017
636494,0.14967373
636495,0.97088075
636496,0.4540506
636497,0.0034187415
636498,0.85792553
636499,0.01667766
636500,0.6982189
636501,0.98134905
636502,0.91197515
636503,0.91942394
636504,0.91288704
636505,0.97884846
636506,0.014598392
636507,0.003301329
636508,0.78820074
636509,0.78161603
636510,0.10975878
636511,0.27537212
636512,0.5947264
636513,0.035924267
636514,0.0075890943
636515,0.99770534
636516,0.999364
636517,0.9948423
636518,0.032239452
636519,0.015956858
636520,0.90959644
636521,0.0637046
636522,0.96414673
636523,0.008778603
636524,0.03524384
636525,0.9612853
636526,0.016804766
636527,0.5602186
636528,0.06748722
636529,0.7122402
636530,0.997766
636531,0.67534745
636532,0.013411872
636533,0.8501868
636534,0.008927647
636535,0.95230335
636536,0.7206614
636537,0.14274102
636538,0.6202002
636539,0.0116936285
636540,0.83787006
636541,0.9952346
636542,0.93243736
636543,0.43961614
636544,0.70572126
636545,0.28433207
636546,0.99423754
636547,0.05713675
636548,0.96872735
636549,0.9947653
636550,0.10378765
636551,0.025214791
636552,0.91820705
636553,0.7857198
636554,0.09764184
636555,0.4958128
636556,0.15447447
636557,0.7014281
636558,0.7383076
636559,0.46137133
636560,0.0114863925
636561,0.66780496
636562,0.33321625
636563,0.8563014
636564,0.9825692
636565,0.03241185
636566,0.61351144
636567,0.75112975
636568,0.93605065
636569,0.08904962
636570,0.21667306
636571,0.40355623
636572,0.15026964
636573,0.008914116
636574,0.98571956
636575,0.99724
636576,0.98702437
636577,0.9955727
636578,0.9610389
636579,0.10104509
636580,0.0077646226
636581,0.4648782
636582,0.1198241
636583,0.3678828
636584,0.937744
636585,0.98878336
636586,0.15887159
636587,0.7703241
636588,0.24913035
636589,0.99436307
636590,0.98360366
636591,0.58762366
636592,0.96547925
636593,0.0282617
636594,0.9109136
636595,0.93451035
636596,0.011189632
636597,0.046569154
636598,0.7779764
636599,0.024810337
636600,0.106320195
636601,0.948414
636602,0.044329293
636603,0.8257231
636604,0.22391227
636605,0.9875946
636606,0.915297
636607,0.14962003
636608,0.019387912
636609,0.9959742
636610,0.07450861
636611,0.0038558766
636612,0.111779764
636613,0.93463534
636614,0.9937047
636615,0.00543676
636616,0.008553638
636617,0.9459187
636618,0.044607237
636619,0.43700588
636620,0.07322262
636621,0.11514001
636622,0.055639196
636623,0.2890652
636624,0.8142361
636625,0.061243318
636626,0.9708606
636627,0.9887067
636628,0.95057607
636629,0.6358069
636630,0.98300254
636631,0.9337741
636632,0.009959531
636633,0.0060759457
636634,0.9797436
636635,0.9925221
636636,0.008601714
636637,0.9916293
636638,0.9788505
636639,0.043977585
636640,0.12959999
636641,0.999245
636642,0.5911627
636643,0.5777776
636644,0.007302857
636645,0.97604394
636646,0.7833909
636647,0.010826513
636648,0.016440107
636649,0.27316782
636650,0.48058957
636651,0.12979181
636652,0.7712643
636653,0.95504636
636654,0.87399286
636655,0.9716308
636656,0.05900152
636657,0.998199
636658,0.03165945
636659,0.025796477
636660,0.09960252
636661,0.74070746
636662,0.60650885
636663,0.92154497
636664,0.99342215
636665,0.14957196
636666,0.7270691
636667,0.32153302
636668,0.993149
636669,0.8047465
636670,0.49950764
636671,0.015336787
636672,0.38150474
636673,0.017171446
636674,0.0864411
636675,0.038296193
636676,0.9730365
636677,0.027729413
636678,0.15852885
636679,0.9839741
636680,0.98570156
636681,0.08553923
636682,0.9197403
636683,0.016290545
636684,0.027219051
636685,0.04419461
636686,0.12644537
636687,0.020875841
636688,0.010747867
636689,0.2640416
636690,0.97112143
636691,0.94435364
636692,0.061941765
636693,0.3630386
636694,0.027843473
636695,0.7655572
636696,0.988313
636697,0.92620045
636698,0.1451816
636699,0.8187883
636700,0.69030124
636701,0.031680718
636702,0.033999298
636703,0.23177603
636704,0.22477594
636705,0.8489198
636706,0.95016694
636707,0.003551859
636708,0.07474938
636709,0.9895724
636710,0.71556425
636711,0.4026662
636712,0.39986342
636713,0.024959225
636714,0.29432398
636715,0.5289616
636716,0.13500753
636717,0.05730194
636718,0.9340385
636719,0.8715901
636720,0.052576363
636721,0.9919604
636722,0.008023698
636723,0.035544932
636724,0.018654983
636725,0.9992299
636726,0.018199284
636727,0.90949667
636728,0.9945688
636729,0.031182803
636730,0.008796166
636731,0.9617409
636732,0.93769854
636733,0.61938477
636734,0.011205848
636735,0.9982147
636736,0.66911125
636737,0.889482
636738,0.02818814
636739,0.9905391
636740,0.015735036
636741,0.9476003
636742,0.039673936
636743,0.14416343
636744,0.51748836
636745,0.98924965
636746,0.97384554
636747,0.015164325
636748,0.05587081
636749,0.04575568
636750,0.015741017
636751,0.018013136
636752,0.0050412007
636753,0.11787822
636754,0.018343188
636755,0.72748953
636756,0.018597651
636757,0.4620404
636758,0.4334256
636759,0.9974649
636760,0.230439
636761,0.6819222
636762,0.9573376
636763,0.9544669
636764,0.23978534
636765,0.30261862
636766,0.9160039
636767,0.8482112
636768,0.035994664
636769,0.004980608
636770,0.17860919
636771,0.9966783
636772,0.49104506
636773,0.9854077
636774,0.97763574
636775,0.017018864
636776,0.9675199
636777,0.8148824
636778,0.9936147
636779,0.024044812
636780,0.11445172
636781,0.004808299
636782,0.004141972
636783,0.017507102
636784,0.6922071
636785,0.0163466
636786,0.049174078
636787,0.8558252
636788,0.11222242
636789,0.20753552
636790,0.4583218
636791,0.97680277
636792,0.022410063
636793,0.99688524
636794,0.018076975
636795,0.015581118
636796,0.45085704
636797,0.9671153
636798,0.00635097
636799,0.019490428
636800,0.272017
636801,0.007280133
636802,0.020464303
636803,0.8942522
636804,0.020732455
636805,0.90423155
636806,0.013206102
636807,0.011776505
636808,0.90312696
636809,0.10843103
636810,0.8690528
636811,0.9494261
636812,0.9998692
636813,0.004486907
636814,0.22196689
636815,0.018082265
636816,0.7985769
636817,0.9532539
636818,0.046245407
636819,0.9577292
636820,0.0029671162
636821,0.011180204
636822,0.0039559663
636823,0.83501625
636824,0.89048684
636825,0.7309031
636826,0.009775182
636827,0.8406621
636828,0.5806945
636829,0.7170985
636830,0.9810797
636831,0.909952
636832,0.4419155
636833,0.008376189
636834,0.009713363
636835,0.84834474
636836,0.09522236
636837,0.009490458
636838,0.9885438
636839,0.98604494
636840,0.05834721
636841,0.0068892324
636842,0.0024666954
636843,0.98889214
636844,0.97250134
636845,0.024590116
636846,0.46242172
636847,0.24341148
636848,0.05633456
636849,0.02325622
636850,0.97521365
636851,0.071377546
636852,0.021065652
636853,0.41570064
636854,0.111293584
636855,0.030593589
636856,0.86535054
636857,0.008019768
636858,0.52326506
636859,0.5015524
636860,0.99768466
636861,0.90289867
636862,0.7769233
636863,0.9747158
636864,0.9850707
636865,0.021772824
636866,0.017775403
636867,0.32854027
636868,0.880384
636869,0.49943113
636870,0.9956076
636871,0.0740857
636872,0.015747774
636873,0.9780649
636874,0.9558345
636875,0.03750648
636876,0.70638365
636877,0.8737393
636878,0.95912313
636879,0.9854813
636880,0.9772728
636881,0.016764795
636882,0.82885516
636883,0.27244157
636884,0.9568808
636885,0.9932678
636886,0.96312
636887,0.82934964
636888,0.13442414
636889,0.9653853
636890,0.111287355
636891,0.81888
636892,0.05306777
636893,0.087690055
636894,0.9984137
636895,0.6135095
636896,0.9989752
636897,0.98577607
636898,0.007959869
636899,0.94632983
636900,0.9699659
636901,0.5169124
636902,0.97912645
636903,0.032784123
636904,0.94472504
636905,0.96050084
636906,0.91345036
636907,0.008490068
636908,0.34061843
636909,0.034069188
636910,0.4442057
636911,0.003987331
636912,0.39345914
636913,0.017145863
636914,0.07863198
636915,0.97085524
636916,0.94062734
636917,0.008711075
636918,0.054963797
636919,0.019520637
636920,0.009232234
636921,0.9261214
636922,0.94246256
636923,0.078659445
636924,0.016228741
636925,0.99729013
636926,0.913582
636927,0.10158338
636928,0.019272134
636929,0.26352778
636930,0.01727128
636931,0.997102
636932,0.07711059
636933,0.72429234
636934,0.98989093
636935,0.025946263
636936,0.9868435
636937,0.0031694146
636938,0.0023212838
636939,0.91433775
636940,0.10959771
636941,0.9979043
636942,0.080985844
636943,0.98720545
636944,0.013695789
636945,0.04258244
636946,0.045935377
636947,0.021488553
636948,0.0070658666
636949,0.7297489
636950,0.9921206
636951,0.97069216
636952,0.76429415
636953,0.032344345
636954,0.013692133
636955,0.0819784
636956,0.014912081
636957,0.47953108
636958,0.0050806846
636959,0.0036427393
636960,0.45101053
636961,0.06962832
636962,0.82604265
636963,0.8270955
636964,0.2605131
636965,0.043732803
636966,0.008509626
636967,0.123168066
636968,0.06949571
636969,0.030369021
636970,0.26708364
636971,0.9574772
636972,0.1807516
636973,0.9927154
636974,0.66622454
636975,0.011183526
636976,0.9693328
636977,0.98829454
636978,0.6112983
636979,0.0916735
636980,0.008331723
636981,0.99294156
636982,0.5890031
636983,0.08198287
636984,0.9496131
636985,0.64499027
636986,0.99040115
636987,0.65128565
636988,0.0061442163
636989,0.0068215756
636990,0.025695663
636991,0.8836702
636992,0.01240212
636993,0.28566092
636994,0.5110085
636995,0.013986656
636996,0.7451942
636997,0.66205955
636998,0.032374274
636999,0.32470345
637000,0.16869189
637001,0.01327754
637002,0.015489196
637003,0.05672304
637004,0.02057663
637005,0.3190995
637006,0.7651216
637007,0.88927025
637008,0.07580443
637009,0.030521762
637010,0.6318634
637011,0.78600866
637012,0.5229572
637013,0.24359825
637014,0.042971585
637015,0.0096977465
637016,0.9039241
637017,0.0064497082
637018,0.038471155
637019,0.9984299
637020,0.1760751
637021,0.38250345
637022,0.9378741
637023,0.012412487
637024,0.05701463
637025,0.9945365
637026,0.0063993754
637027,0.9841615
637028,0.9745685
637029,0.9491738
637030,0.30628943
637031,0.14735734
637032,0.98545945
637033,0.87297636
637034,0.74887663
637035,0.92874116
637036,0.9380059
637037,0.090048395
637038,0.04039283
637039,0.04440409
637040,0.055811703
637041,0.9829315
637042,0.0031602264
637043,0.0158675
637044,0.005361726
637045,0.12109509
637046,0.9576893
637047,0.062519655
637048,0.65378165
637049,0.9129536
637050,0.5645919
637051,0.0192521
637052,0.072305016
637053,0.5958289
637054,0.15925036
637055,0.08476378
637056,0.7892183
637057,0.98144877
637058,0.88027275
637059,0.17418139
637060,0.9497438
637061,0.105157495
637062,0.049185336
637063,0.23736158
637064,0.17802063
637065,0.9496062
637066,0.06768997
637067,0.013614992
637068,0.72024506
637069,0.036575697
637070,0.705196
637071,0.040877774
637072,0.9652521
637073,0.9979097
637074,0.8180467
637075,0.99087286
637076,0.94251657
637077,0.9504863
637078,0.21280187
637079,0.22737369
637080,0.9198939
637081,0.5683934
637082,0.02247168
637083,0.13664809
637084,0.04599112
637085,0.086204976
637086,0.11536482
637087,0.93292826
637088,0.036556475
637089,0.8533014
637090,0.99386024
637091,0.27396083
637092,0.98548007
637093,0.98124516
637094,0.21042098
637095,0.80347097
637096,0.05375819
637097,0.9844602
637098,0.45594668
637099,0.033088315
637100,0.25276792
637101,0.025642939
637102,0.018436782
637103,0.5392306
637104,0.010527419
637105,0.08519505
637106,0.026966712
637107,0.020698395
637108,0.8494179
637109,0.9934771
637110,0.9920969
637111,0.003093576
637112,0.008548257
637113,0.27720284
637114,0.009705843
637115,0.27226686
637116,0.044729307
637117,0.9737472
637118,0.95456344
637119,0.9853223
637120,0.021936527
637121,0.2661075
637122,0.0693551
637123,0.044438094
637124,0.9422916
637125,0.9974593
637126,0.47856954
637127,0.0027048094
637128,0.003888006
637129,0.076138176
637130,0.039136756
637131,0.8367433
637132,0.44830954
637133,0.65208584
637134,0.014130496
637135,0.14234337
637136,0.083388284
637137,0.16125768
637138,0.5390337
637139,0.9780167
637140,0.99755716
637141,0.010906945
637142,0.27142897
637143,0.0926639
637144,0.98767674
637145,0.64680195
637146,0.0037121316
637147,0.18829669
637148,0.06051836
637149,0.07227739
637150,0.006703904
637151,0.78840464
637152,0.9004714
637153,0.982025
637154,0.9942967
637155,0.19696973
637156,0.6077126
637157,0.8868344
637158,0.32887426
637159,0.007813262
637160,0.26662165
637161,0.096798226
637162,0.01754804
637163,0.8016997
637164,0.98777115
637165,0.008518416
637166,0.01666723
637167,0.016432675
637168,0.1300723
637169,0.09756926
637170,0.24807616
637171,0.90395916
637172,0.0120656
637173,0.83300424
637174,0.3124926
637175,0.010316564
637176,0.5747347
637177,0.96646416
637178,0.07017957
637179,0.9813101
637180,0.8882718
637181,0.99536306
637182,0.037061967
637183,0.93454325
637184,0.04285448
637185,0.068827085
637186,0.037028074
637187,0.009309227
637188,0.99254876
637189,0.072440505
637190,0.2045214
637191,0.068417154
637192,0.0074982364
637193,0.055625483
637194,0.8378765
637195,0.8967
637196,0.31636283
637197,0.9919417
637198,0.12871729
637199,0.23679525
637200,0.9996214
637201,0.9844116
637202,0.04136165
637203,0.16510114
637204,0.9710997
637205,0.0020932157
637206,0.98536944
637207,0.9972948
637208,0.6746728
637209,0.07763853
637210,0.23810862
637211,0.055044435
637212,0.03057533
637213,0.056816325
637214,0.9832777
637215,0.056931965
637216,0.39472097
637217,0.60100204
637218,0.05981908
637219,0.048392907
637220,0.033577744
637221,0.8933583
637222,0.86178553
637223,0.048724845
637224,0.9295399
637225,0.0098813
637226,0.015321041
637227,0.99110955
637228,0.0369883
637229,0.08139749
637230,0.97448814
637231,0.009456174
637232,0.08348362
637233,0.9669587
637234,0.044413835
637235,0.020615425
637236,0.07819595
637237,0.53739583
637238,0.024229674
637239,0.95174843
637240,0.9537196
637241,0.006331278
637242,0.5503598
637243,0.005013
637244,0.02862053
637245,0.940957
637246,0.99161893
637247,0.99553996
637248,0.96893936
637249,0.020494845
637250,0.018930342
637251,0.98884654
637252,0.01479069
637253,0.0058383243
637254,0.7098851
637255,0.8707642
637256,0.6956136
637257,0.9888406
637258,0.04758045
637259,0.95478046
637260,0.9772605
637261,0.085181
637262,0.5312018
637263,0.872499
637264,0.06366687
637265,0.03611763
637266,0.0028288693
637267,0.49378002
637268,0.023173368
637269,0.037839502
637270,0.6933531
637271,0.88290167
637272,0.36043012
637273,0.43151608
637274,0.4730469
637275,0.5039877
637276,0.72867644
637277,0.013147776
637278,0.9913378
637279,0.9995133
637280,0.8635013
637281,0.9429096
637282,0.99148643
637283,0.03432037
637284,0.17525205
637285,0.030478666
637286,0.020713046
637287,0.0035420132
637288,0.035475418
637289,0.09597222
637290,0.6760071
637291,0.8211605
637292,0.5435652
637293,0.9363132
637294,0.8711518
637295,0.21163718
637296,0.97351784
637297,0.006342374
637298,0.98542386
637299,0.6271448
637300,0.75778353
637301,0.97898436
637302,0.29592925
637303,0.4209347
637304,0.62698495
637305,0.9940002
637306,0.9056361
637307,0.9977683
637308,0.074376404
637309,0.5528792
637310,0.055538647
637311,0.023786215
637312,0.6665288
637313,0.97389305
637314,0.105648436
637315,0.040175334
637316,0.8169684
637317,0.009277055
637318,0.5668103
637319,0.6530185
637320,0.13554585
637321,0.030595405
637322,0.027237546
637323,0.0012883005
637324,0.14853336
637325,0.76259094
637326,0.75182766
637327,0.90541875
637328,0.01861101
637329,0.3280438
637330,0.29872537
637331,0.42539197
637332,0.138745
637333,0.93975157
637334,0.5003809
637335,0.007610826
637336,0.008279184
637337,0.1884765
637338,0.15403146
637339,0.041530173
637340,0.9824432
637341,0.992384
637342,0.0059006475
637343,0.37243944
637344,0.030382693
637345,0.039554536
637346,0.0060595097
637347,0.97811973
637348,0.1658504
637349,0.017699124
637350,0.053606637
637351,0.017180406
637352,0.552736
637353,0.015871916
637354,0.03221818
637355,0.01639809
637356,0.9951058
637357,0.05695518
637358,0.93941975
637359,0.014835301
637360,0.22448182
637361,0.7484058
637362,0.9230896
637363,0.012854213
637364,0.3789195
637365,0.9563935
637366,0.18218778
637367,0.61128575
637368,0.9765047
637369,0.29483452
637370,0.96026134
637371,0.016803704
637372,0.8592883
637373,0.004893376
637374,0.057358697
637375,0.02829141
637376,0.9503176
637377,0.95373094
637378,0.040346757
637379,0.98411274
637380,0.9768119
637381,0.979183
637382,0.06930569
637383,0.016550098
637384,0.019278444
637385,0.008038431
637386,0.18422121
637387,0.17066644
637388,0.8255167
637389,0.06260609
637390,0.0028128168
637391,0.7298405
637392,0.046855953
637393,0.95486754
637394,0.77777946
637395,0.023083856
637396,0.96884793
637397,0.06436644
637398,0.13435344
637399,0.086756
637400,0.8553033
637401,0.98744994
637402,0.008201598
637403,0.01566167
637404,0.011338472
637405,0.79153633
637406,0.02302104
637407,0.018400915
637408,0.42273825
637409,0.9701103
637410,0.037556425
637411,0.9861609
637412,0.911543
637413,0.027133962
637414,0.005906826
637415,0.9838706
637416,0.028215822
637417,0.99826103
637418,0.9749721
637419,0.018312216
637420,0.0066728587
637421,0.9970909
637422,0.9328741
637423,0.21068212
637424,0.98913825
637425,0.9512948
637426,0.9233861
637427,0.93881476
637428,0.99901223
637429,0.09470207
637430,0.007406598
637431,0.05033865
637432,0.013080433
637433,0.21237662
637434,0.0056996224
637435,0.9094868
637436,0.22239527
637437,0.9563916
637438,0.9111788
637439,0.021002306
637440,0.74720645
637441,0.5731199
637442,0.036050215
637443,0.99788696
637444,0.79172087
637445,0.9530516
637446,0.5465622
637447,0.09260973
637448,0.11124271
637449,0.5085299
637450,0.41930535
637451,0.78182125
637452,0.007369784
637453,0.033522084
637454,0.07352735
637455,0.98444706
637456,0.02407486
637457,0.9854179
637458,0.38379183
637459,0.9945895
637460,0.05612298
637461,0.9493265
637462,0.610282
637463,0.9267801
637464,0.13998725
637465,0.99537605
637466,0.9988415
637467,0.17130964
637468,0.08734015
637469,0.9594585
637470,0.90447056
637471,0.08204794
637472,0.8194665
637473,0.03392869
637474,0.39168268
637475,0.035621025
637476,0.997211
637477,0.02006632
637478,0.03991586
637479,0.93744963
637480,0.038976856
637481,0.9047262
637482,0.9849422
637483,0.9411882
637484,0.9210367
637485,0.0022708508
637486,0.0060581965
637487,0.28120613
637488,0.6290335
637489,0.92418987
637490,0.9562956
637491,0.07368424
637492,0.16467355
637493,0.079712495
637494,0.61729944
637495,0.04810236
637496,0.51283705
637497,0.0032282707
637498,0.05544968
637499,0.04258158
637500,0.5166662
637501,0.9840933
637502,0.99673307
637503,0.79772395
637504,0.9161137
637505,0.75970966
637506,0.49400306
637507,0.015190256
637508,0.11058078
637509,0.9780452
637510,0.92392594
637511,0.4718869
637512,0.97135186
637513,0.97194314
637514,0.54580325
637515,0.4404064
637516,0.13359615
637517,0.24078731
637518,0.48149627
637519,0.8602679
637520,0.10329666
637521,0.09124085
637522,0.3519555
637523,0.034833476
637524,0.073320754
637525,0.04532839
637526,0.046880644
637527,0.23238684
637528,0.0135622015
637529,0.9745034
637530,0.51360947
637531,0.020348832
637532,0.23992714
637533,0.00092676864
637534,0.00712616
637535,0.28538513
637536,0.004013297
637537,0.17853361
637538,0.5801439
637539,0.021971013
637540,0.91078556
637541,0.8815626
637542,0.036312453
637543,0.09170691
637544,0.016155297
637545,0.4889676
637546,0.019645283
637547,0.025045859
637548,0.08983511
637549,0.38049042
637550,0.9802626
637551,0.39333728
637552,0.012670756
637553,0.0026437342
637554,0.44354922
637555,0.9057739
637556,0.11776706
637557,0.9855387
637558,0.9644207
637559,0.95479596
637560,0.0080276355
637561,0.35095596
637562,0.51906216
637563,0.022991564
637564,0.99935853
637565,0.9995259
637566,0.074547544
637567,0.004129446
637568,0.9932995
637569,0.0070556225
637570,0.019986678
637571,0.98398423
637572,0.02473744
637573,0.06787889
637574,0.36623254
637575,0.9306738
637576,0.13055256
637577,0.6432483
637578,0.0934765
637579,0.016241614
637580,0.002544349
637581,0.043872386
637582,0.98665094
637583,0.07297292
637584,0.99527466
637585,0.8058276
637586,0.4272094
637587,0.64169943
637588,0.015600624
637589,0.5356571
637590,0.9367569
637591,0.646209
637592,0.8505789
637593,0.995698
637594,0.65780485
637595,0.99584234
637596,0.003132024
637597,0.7205868
637598,0.911942
637599,0.034868807
637600,0.2685054
637601,0.029244952
637602,0.13953505
637603,0.036421277
637604,0.37106287
637605,0.9356668
637606,0.9659737
637607,0.012809604
637608,0.93259597
637609,0.044645675
637610,0.0060774935
637611,0.03497619
637612,0.8632241
637613,0.99846023
637614,0.023786305
637615,0.9963361
637616,0.4899919
637617,0.13452406
637618,0.9284703
637619,0.9822832
637620,0.8341243
637621,0.055889826
637622,0.019040253
637623,0.044480205
637624,0.0064141816
637625,0.9745703
637626,0.95037264
637627,0.62510645
637628,0.6299453
637629,0.14709708
637630,0.047195397
637631,0.012349084
637632,0.43878856
637633,0.97617424
637634,0.01230588
637635,0.037951272
637636,0.4750458
637637,0.013451066
637638,0.71339935
637639,0.36580428
637640,0.74939257
637641,0.99142057
637642,0.017963154
637643,0.94728744
637644,0.99598444
637645,0.7716036
637646,0.9307726
637647,0.04813105
637648,0.035567023
637649,0.11124339
637650,0.99734163
637651,0.82778054
637652,0.09453122
637653,0.9982022
637654,0.01763478
637655,0.946825
637656,0.11292954
637657,0.37435037
637658,0.998875
637659,0.09946496
637660,0.99368495
637661,0.00923587
637662,0.9726997
637663,0.85156405
637664,0.030043881
637665,0.1895573
637666,0.007759261
637667,0.08261755
637668,0.0031380062
637669,0.04397495
637670,0.012113518
637671,0.30783018
637672,0.027941646
637673,0.055396415
637674,0.99244446
637675,0.023611788
637676,0.19841062
637677,0.9954754
637678,0.6558952
637679,0.93485737
637680,0.123640835
637681,0.9619875
637682,0.05641203
637683,0.9934119
637684,0.03681304
637685,0.98336434
637686,0.0027734218
637687,0.8664117
637688,0.026749706
637689,0.0347634
637690,0.004047808
637691,0.0037076625
637692,0.014203928
637693,0.0047750752
637694,0.04668452
637695,0.8886889
637696,0.98988533
637697,0.0019925982
637698,0.9957156
637699,0.10469308
637700,0.024818884
637701,0.99084985
637702,0.4511056
637703,0.99197084
637704,0.110958435
637705,0.9888341
637706,0.18054496
637707,0.75574243
637708,0.0063293995
637709,0.9439926
637710,0.46549383
637711,0.6441956
637712,0.021143397
637713,0.8600378
637714,0.7889317
637715,0.008911798
637716,0.10523327
637717,0.18031065
637718,0.030033346
637719,0.81122017
637720,0.9955708
637721,0.799942
637722,0.09806181
637723,0.027321976
637724,0.97333366
637725,0.013284299
637726,0.7445222
637727,0.99440217
637728,0.9253762
637729,0.9535141
637730,0.011097395
637731,0.68562824
637732,0.99662894
637733,0.80304945
637734,0.09211317
637735,0.91515243
637736,0.059222605
637737,0.17481072
637738,0.8564971
637739,0.9758042
637740,0.0039810417
637741,0.99530023
637742,0.005792008
637743,0.21152706
637744,0.7668645
637745,0.009461809
637746,0.12546784
637747,0.90049887
637748,0.77930856
637749,0.0056101587
637750,0.004406875
637751,0.9511145
637752,0.99601436
637753,0.3078688
637754,0.91553664
637755,0.005669562
637756,0.029505776
637757,0.9564214
637758,0.82198954
637759,0.07094525
637760,0.006394692
637761,0.8877135
637762,0.92420876
637763,0.009115145
637764,0.018020542
637765,0.8030149
637766,0.99546564
637767,0.5301966
637768,0.112435125
637769,0.85771036
637770,0.007501261
637771,0.014165681
637772,0.99839735
637773,0.9789061
637774,0.88401484
637775,0.04555536
637776,0.017534077
637777,0.19593738
637778,0.24091803
637779,0.04087281
637780,0.4152555
637781,0.98434275
637782,0.15292339
637783,0.007788235
637784,0.02385418
637785,0.46392503
637786,0.08490036
637787,0.0024121536
637788,0.007264029
637789,0.0077136033
637790,0.9668087
637791,0.99585235
637792,0.15547428
637793,0.0049992
637794,0.027436573
637795,0.0082248915
637796,0.31863487
637797,0.011601128
637798,0.049935427
637799,0.6976987
637800,0.94937325
637801,0.96024126
637802,0.9185165
637803,0.9754237
637804,0.5364101
637805,0.024600381
637806,0.33667296
637807,0.079625346
637808,0.9965533
637809,0.3166261
637810,0.2861815
637811,0.14833477
637812,0.02299183
637813,0.086692914
637814,0.96587056
637815,0.015785076
637816,0.8683746
637817,0.06220863
637818,0.5808804
637819,0.28047323
637820,0.011436309
637821,0.0971296
637822,0.9459184
637823,0.007030372
637824,0.30227107
637825,0.18659166
637826,0.41393265
637827,0.9972149
637828,0.12980855
637829,0.007954076
637830,0.8463998
637831,0.98408026
637832,0.98764217
637833,0.09157695
637834,0.9952659
637835,0.08417968
637836,0.017792508
637837,0.018849093
637838,0.060877033
637839,0.038202807
637840,0.0049316566
637841,0.034866773
637842,0.09415595
637843,0.019871114
637844,0.6298638
637845,0.115873545
637846,0.9813959
637847,0.8438748
637848,0.0077660624
637849,0.21372773
637850,0.99556136
637851,0.69222444
637852,0.9964405
637853,0.98951256
637854,0.9839257
637855,0.37769765
637856,0.9387554
637857,0.6868796
637858,0.9942264
637859,0.028676644
637860,0.032566506
637861,0.01189507
637862,0.9452853
637863,0.9744336
637864,0.36072868
637865,0.0462643
637866,0.021694161
637867,0.972344
637868,0.9766254
637869,0.022501014
637870,0.501322
637871,0.92238206
637872,0.8046565
637873,0.0026314338
637874,0.034408357
637875,0.32451788
637876,0.9078117
637877,0.0051341145
637878,0.008552959
637879,0.009034046
637880,0.104880504
637881,0.0225037
637882,0.006143479
637883,0.38861075
637884,0.854424
637885,0.8877605
637886,0.2836061
637887,0.98135114
637888,0.9733393
637889,0.3720044
637890,0.9985107
637891,0.8922419
637892,0.0063148174
637893,0.77239674
637894,0.038737103
637895,0.18861213
637896,0.50607646
637897,0.13720417
637898,0.3410586
637899,0.9678898
637900,0.023235593
637901,0.51371104
637902,0.9780855
637903,0.514047
637904,0.90357244
637905,0.98761487
637906,0.3880828
637907,0.85457623
637908,0.77017087
637909,0.024960801
637910,0.002657529
637911,0.22885764
637912,0.15147312
637913,0.99052334
637914,0.018585151
637915,0.22466794
637916,0.5470133
637917,0.19003353
637918,0.5522552
637919,0.19375081
637920,0.13920817
637921,0.8848779
637922,0.00381104
637923,0.004465201
637924,0.077880755
637925,0.018809902
637926,0.023499548
637927,0.9970963
637928,0.9565422
637929,0.022085685
637930,0.0018917331
637931,0.24345274
637932,0.18377711
637933,0.07910904
637934,0.9287189
637935,0.77686137
637936,0.449959
637937,0.47574422
637938,0.27648735
637939,0.02630894
637940,0.30533957
637941,0.99555403
637942,0.9882859
637943,0.98654866
637944,0.0092716385
637945,0.108646326
637946,0.03854567
637947,0.020238766
637948,0.00873534
637949,0.75698584
637950,0.006907152
637951,0.929413
637952,0.70920193
637953,0.81728977
637954,0.9919149
637955,0.5809656
637956,0.981064
637957,0.918879
637958,0.060705774
637959,0.021634547
637960,0.99771893
637961,0.9983286
637962,0.74423176
637963,0.9863754
637964,0.8440281
637965,0.6888164
637966,0.7073025
637967,0.63420075
637968,0.02411371
637969,0.0044043683
637970,0.16089483
637971,0.8839373
637972,0.079200394
637973,0.3576182
637974,0.0007616816
637975,0.0077239885
637976,0.9552044
637977,0.9574407
637978,0.02929556
637979,0.2815124
637980,0.048863817
637981,0.9992786
637982,0.37005654
637983,0.8610629
637984,0.94346935
637985,0.9862179
637986,0.78411347
637987,0.7279954
637988,0.28865433
637989,0.47561365
637990,0.19700663
637991,0.19143103
637992,0.9310905
637993,0.90788007
637994,0.04741779
637995,0.008593047
637996,0.5297613
637997,0.76335156
637998,0.006273533
637999,0.0031992747
638000,0.7313584
638001,0.99554527
638002,0.36934417
638003,0.9975873
638004,0.17067076
638005,0.65298045
638006,0.99400306
638007,0.98291737
638008,0.9951424
638009,0.55199635
638010,0.8924666
638011,0.97908556
638012,0.00066399935
638013,0.0065776026
638014,0.15571994
638015,0.73496974
638016,0.8897841
638017,0.08204569
638018,0.96673036
638019,0.9958578
638020,0.8807946
638021,0.08176288
638022,0.3090784
638023,0.023809955
638024,0.9950358
638025,0.4459483
638026,0.99610525
638027,0.90444636
638028,0.068117246
638029,0.9990535
638030,0.02287528
638031,0.046965662
638032,0.017139968
638033,0.6775178
638034,0.018986907
638035,0.2293143
638036,0.98036873
638037,0.059565533
638038,0.9721524
638039,0.027062533
638040,0.059423916
638041,0.0030493308
638042,0.060231768
638043,0.25200757
638044,0.7216681
638045,0.9351945
638046,0.30510896
638047,0.882972
638048,0.03834344
638049,0.02489413
638050,0.3635175
638051,0.088193655
638052,0.08306347
638053,0.98761725
638054,0.016349845
638055,0.08542305
638056,0.03460019
638057,0.04903538
638058,0.019779803
638059,0.92624223
638060,0.011636909
638061,0.120926715
638062,0.16643603
638063,0.9980338
638064,0.033980343
638065,0.0284697
638066,0.9971853
638067,0.0053822086
638068,0.03530769
638069,0.973664
638070,0.9893701
638071,0.41236407
638072,0.9622077
638073,0.9991018
638074,0.04961183
638075,0.020931132
638076,0.9557717
638077,0.8402444
638078,0.8775758
638079,0.04565437
638080,0.017338317
638081,0.010582221
638082,0.11816874
638083,0.013483598
638084,0.7905919
638085,0.030932492
638086,0.10217353
638087,0.9418263
638088,0.027845865
638089,0.1549168
638090,0.87558097
638091,0.00973908
638092,0.0038368823
638093,0.029193077
638094,0.9212406
638095,0.9886234
638096,0.40987796
638097,0.03435385
638098,0.048881795
638099,0.41942456
638100,0.06395284
638101,0.0766875
638102,0.075506
638103,0.0967197
638104,0.05722972
638105,0.9772912
638106,0.96910757
638107,0.51130587
638108,0.01518658
638109,0.9704905
638110,0.22671893
638111,0.8340103
638112,0.017178146
638113,0.008150187
638114,0.015412655
638115,0.17809126
638116,0.4795398
638117,0.9705609
638118,0.9912122
638119,0.21061984
638120,0.24947149
638121,0.80855507
638122,0.10858146
638123,0.05860865
638124,0.12013894
638125,0.08696778
638126,0.87549555
638127,0.06509027
638128,0.050594263
638129,0.14941612
638130,0.06232479
638131,0.92656887
638132,0.018048842
638133,0.097356535
638134,0.8398997
638135,0.9768509
638136,0.016882256
638137,0.67082125
638138,0.38965285
638139,0.01945555
638140,0.118379004
638141,0.011238071
638142,0.94573027
638143,0.0034589511
638144,0.058364093
638145,0.2791329
638146,0.85500187
638147,0.44671625
638148,0.09143422
638149,0.9889757
638150,0.018210799
638151,0.0038857732
638152,0.97225493
638153,0.05487528
638154,0.29949564
638155,0.99739164
638156,0.9744477
638157,0.11703776
638158,0.9608433
638159,0.03879954
638160,0.39712483
638161,0.057395108
638162,0.2022768
638163,0.7398027
638164,0.9984435
638165,0.3004164
638166,0.2089845
638167,0.6969508
638168,0.88782096
638169,0.8846848
638170,0.00284361
638171,0.04377994
638172,0.6058505
638173,0.99361646
638174,0.033962797
638175,0.13512042
638176,0.39098364
638177,0.22343269
638178,0.9945786
638179,0.968617
638180,0.091899894
638181,0.040088046
638182,0.92877203
638183,0.22483598
638184,0.85487044
638185,0.7296496
638186,0.9582066
638187,0.15476969
638188,0.15682226
638189,0.02421435
638190,0.46610922
638191,0.67889
638192,0.012211749
638193,0.49013692
638194,0.46283323
638195,0.13178228
638196,0.15458342
638197,0.0035049815
638198,0.97983503
638199,0.8780241
638200,0.99581665
638201,0.9902012
638202,0.28809175
638203,0.7554143
638204,0.97454154
638205,0.87217057
638206,0.9982474
638207,0.9641133
638208,0.5464628
638209,0.07207931
638210,0.97263134
638211,0.83265257
638212,0.010746397
638213,0.65068436
638214,0.9966818
638215,0.080445796
638216,0.99589926
638217,0.32461524
638218,0.064255044
638219,0.06264942
638220,0.7172796
638221,0.9024379
638222,0.022093767
638223,0.20516817
638224,0.025677945
638225,0.7927299
638226,0.01558278
638227,0.9799185
638228,0.71750045
638229,0.9867487
638230,0.9992033
638231,0.16282012
638232,0.008589587
638233,0.9721317
638234,0.0315428
638235,0.995592
638236,0.716106
638237,0.020728566
638238,0.05423424
638239,0.036348417
638240,0.9738047
638241,0.93775773
638242,0.9574619
638243,0.005674457
638244,0.55883515
638245,0.87589616
638246,0.6847328
638247,0.04394014
638248,0.08423462
638249,0.9078145
638250,0.031684577
638251,0.92627543
638252,0.99879915
638253,0.07254113
638254,0.94560236
638255,0.9876933
638256,0.8375621
638257,0.269202
638258,0.9952527
638259,0.009588984
638260,0.089905284
638261,0.98137885
638262,0.017735256
638263,0.97504234
638264,0.9877453
638265,0.8649883
638266,0.0021369525
638267,0.05646463
638268,0.6122251
638269,0.74435574
638270,0.99670136
638271,0.8136744
638272,0.02770629
638273,0.016533058
638274,0.9934858
638275,0.9844098
638276,0.055300385
638277,0.93236005
638278,0.995293
638279,0.046719916
638280,0.9943824
638281,0.0036836446
638282,0.031593837
638283,0.9592997
638284,0.043258537
638285,0.8127062
638286,0.018645668
638287,0.05896704
638288,0.114241295
638289,0.38331416
638290,0.019342255
638291,0.14420022
638292,0.09611866
638293,0.003601255
638294,0.11008334
638295,0.007890061
638296,0.73150665
638297,0.050940007
638298,0.94128394
638299,0.9900224
638300,0.9502553
638301,0.59841585
638302,0.006602321
638303,0.10113026
638304,0.017686373
638305,0.016765792
638306,0.020257635
638307,0.06599766
638308,0.00508748
638309,0.8189095
638310,0.058328345
638311,0.0237612
638312,0.9971515
638313,0.9898075
638314,0.94845235
638315,0.008116723
638316,0.099969335
638317,0.97424906
638318,0.9635062
638319,0.005497235
638320,0.73977494
638321,0.9450791
638322,0.051380858
638323,0.9460528
638324,0.9716172
638325,0.13875
638326,0.12533452
638327,0.82444423
638328,0.8459233
638329,0.65084434
638330,0.0052859522
638331,0.008073027
638332,0.069643304
638333,0.9800146
638334,0.68133545
638335,0.758891
638336,0.0092434725
638337,0.05407995
638338,0.066854715
638339,0.019463614
638340,0.9028102
638341,0.99402404
638342,0.048296187
638343,0.99531853
638344,0.010930908
638345,0.77517486
638346,0.93755776
638347,0.2563744
638348,0.99288726
638349,0.040263616
638350,0.11587676
638351,0.8563764
638352,0.17045431
638353,0.01726444
638354,0.072237775
638355,0.00881772
638356,0.983597
638357,0.99285126
638358,0.92876804
638359,0.66692555
638360,0.3359815
638361,0.005676672
638362,0.9970455
638363,0.9229133
638364,0.03364874
638365,0.01179483
638366,0.98661923
638367,0.091692604
638368,0.065772645
638369,0.07555562
638370,0.9657367
638371,0.042361833
638372,0.10731833
638373,0.033509508
638374,0.99009097
638375,0.32721743
638376,0.9681407
638377,0.018129297
638378,0.055077903
638379,0.2652761
638380,0.056771316
638381,0.25029325
638382,0.01431075
638383,0.917327
638384,0.99692416
638385,0.012773553
638386,0.00086945057
638387,0.050780267
638388,0.004430569
638389,0.37886626
638390,0.44543943
638391,0.4333884
638392,0.0034550508
638393,0.018990451
638394,0.9841355
638395,0.9786399
638396,0.00614498
638397,0.99611527
638398,0.27411476
638399,0.011720128
638400,0.6301852
638401,0.44215098
638402,0.0043165893
638403,0.04295606
638404,0.99675584
638405,0.007397953
638406,0.051736265
638407,0.9421308
638408,0.99199766
638409,0.37142837
638410,0.7574066
638411,0.90896654
638412,0.9741841
638413,0.020685978
638414,0.010188581
638415,0.08637095
638416,0.020992083
638417,0.43428874
638418,0.009140817
638419,0.0032880055
638420,0.16876201
638421,0.13459428
638422,0.038616423
638423,0.97292113
638424,0.8477539
638425,0.008239788
638426,0.039739914
638427,0.9176667
638428,0.67358315
638429,0.92420924
638430,0.80126613
638431,0.9900379
638432,0.0021339
638433,0.022459026
638434,0.9995757
638435,0.9944528
638436,0.57938766
638437,0.01840188
638438,0.17618352
638439,0.0011140258
638440,0.7738648
638441,0.7864219
638442,0.124222994
638443,0.99934024
638444,0.31049952
638445,0.009780364
638446,0.015082674
638447,0.9707747
638448,0.9970834
638449,0.94983816
638450,0.03374247
638451,0.46869975
638452,0.023803227
638453,0.4249211
638454,0.060454693
638455,0.0029364896
638456,0.8861511
638457,0.98094565
638458,0.54702026
638459,0.7132923
638460,0.007836663
638461,0.0069405846
638462,0.951838
638463,0.30856293
638464,0.03587354
638465,0.047171168
638466,0.020298108
638467,0.9951192
638468,0.12849525
638469,0.004844382
638470,0.0025159428
638471,0.024380926
638472,0.6620978
638473,0.99556017
638474,0.99582994
638475,0.0074216723
638476,0.999303
638477,0.4431091
638478,0.98298424
638479,0.27001613
638480,0.9990241
638481,0.040261604
638482,0.920128
638483,0.9832519
638484,0.90940505
638485,0.06527178
638486,0.016288936
638487,0.6731687
638488,0.8741029
638489,0.047641702
638490,0.09042826
638491,0.95287764
638492,0.56186527
638493,0.98932254
638494,0.022815805
638495,0.34913915
638496,0.14327046
638497,0.79234445
638498,0.7603222
638499,0.106015444
638500,0.985391
638501,0.17167994
638502,0.949581
638503,0.30210924
638504,0.022759788
638505,0.013710344
638506,0.0117186615
638507,0.04346682
638508,0.98354197
638509,0.8168564
638510,0.056090042
638511,0.9617368
638512,0.97720873
638513,0.1548233
638514,0.07198539
638515,0.018911773
638516,0.1016577
638517,0.030583011
638518,0.9813228
638519,0.9863206
638520,0.37446412
638521,0.009478088
638522,0.19296396
638523,0.63693637
638524,0.032307748
638525,0.2505211
638526,0.21388346
638527,0.044001654
638528,0.057296894
638529,0.93162066
638530,0.0072674304
638531,0.0115298685
638532,0.9950543
638533,0.03935327
638534,0.83656716
638535,0.087848604
638536,0.5126489
638537,0.53141034
638538,0.20340304
638539,0.003404932
638540,0.4002582
638541,0.8787339
638542,0.91744936
638543,0.18780863
638544,0.9674988
638545,0.9598086
638546,0.9448225
638547,0.27378413
638548,0.009431432
638549,0.9859553
638550,0.9280019
638551,0.94902235
638552,0.104529
638553,0.9961902
638554,0.030519571
638555,0.6130329
638556,0.8281091
638557,0.97759974
638558,0.04897741
638559,0.04511998
638560,0.043300986
638561,0.009201994
638562,0.006478585
638563,0.035438746
638564,0.06845233
638565,0.042555787
638566,0.6439569
638567,0.2935211
638568,0.9983516
638569,0.011799177
638570,0.49982405
638571,0.881722
638572,0.9508568
638573,0.5520539
638574,0.057319652
638575,0.951607
638576,0.022557763
638577,0.14924762
638578,0.045662522
638579,0.973541
638580,0.9352567
638581,0.5644417
638582,0.79875803
638583,0.0013598035
638584,0.012389624
638585,0.7654585
638586,0.98069763
638587,0.11038415
638588,0.9943907
638589,0.92552185
638590,0.06077847
638591,0.91612154
638592,0.0023754565
638593,0.95744205
638594,0.883497
638595,0.48804578
638596,0.047836225
638597,0.014034831
638598,0.08008801
638599,0.8614447
638600,0.0058468916
638601,0.7575327
638602,0.9861115
638603,0.3890922
638604,0.029470105
638605,0.98595715
638606,0.26755837
638607,0.6230465
638608,0.027225994
638609,0.9944743
638610,0.99429107
638611,0.12206313
638612,0.763661
638613,0.006372899
638614,0.009096428
638615,0.9948765
638616,0.9346769
638617,0.89434886
638618,0.8412386
638619,0.9574708
638620,0.018933479
638621,0.072044745
638622,0.9419208
638623,0.97668296
638624,0.19385855
638625,0.052409776
638626,0.99881166
638627,0.014547825
638628,0.22689718
638629,0.037607282
638630,0.6235688
638631,0.0053637344
638632,0.83549297
638633,0.00043751296
638634,0.026363181
638635,0.6596242
638636,0.01756746
638637,0.791643
638638,0.2942662
638639,0.9448097
638640,0.9935999
638641,0.0051549966
638642,0.7825196
638643,0.013785211
638644,0.27663317
638645,0.9684921
638646,0.8497996
638647,0.92200476
638648,0.9772773
638649,0.9828602
638650,0.7722608
638651,0.9332646
638652,0.982953
638653,0.2033583
638654,0.5221094
638655,0.01659726
638656,0.07186399
638657,0.30728745
638658,0.2831446
638659,0.9948677
638660,0.97647667
638661,0.9684899
638662,0.025759948
638663,0.08618051
638664,0.90611213
638665,0.34883597
638666,0.06311377
638667,0.82505304
638668,0.08712111
638669,0.11444837
638670,0.005721934
638671,0.9710052
638672,0.09817373
638673,0.50686926
638674,0.5359038
638675,0.039207097
638676,0.9524504
638677,0.86312354
638678,0.99885464
638679,0.026367143
638680,0.30347812
638681,0.8218088
638682,0.059402525
638683,0.22113505
638684,0.055126578
638685,0.43169314
638686,0.0047294465
638687,0.9962476
638688,0.9652954
638689,0.054536264
638690,0.8375471
638691,0.87372905
638692,0.020758938
638693,0.016660891
638694,0.015581956
638695,0.038098525
638696,0.010229636
638697,0.13501413
638698,0.021664567
638699,0.010822659
638700,0.9472179
638701,0.078524604
638702,0.034879357
638703,0.99219084
638704,0.14253162
638705,0.020223098
638706,0.99760294
638707,0.63031465
638708,0.60312057
638709,0.9682173
638710,0.1471101
638711,0.028516278
638712,0.979575
638713,0.9215988
638714,0.9316291
638715,0.058569662
638716,0.6039295
638717,0.18654233
638718,0.42435983
638719,0.03610445
638720,0.61456966
638721,0.67678374
638722,0.9919396
638723,0.13550921
638724,0.94660616
638725,0.0053862017
638726,0.0126797
638727,0.0038654185
638728,0.022029115
638729,0.18350625
638730,0.6137082
638731,0.82656825
638732,0.0049132463
638733,0.5312156
638734,0.0062478334
638735,0.98834884
638736,0.40016443
638737,0.1476431
638738,0.9421476
638739,0.04794837
638740,0.14040801
638741,0.97398555
638742,0.09708657
638743,0.993441
638744,0.03018386
638745,0.020050118
638746,0.9780281
638747,0.011317738
638748,0.97102123
638749,0.058198042
638750,0.0036482203
638751,0.03556292
638752,0.03050701
638753,0.9739285
638754,0.05538661
638755,0.0031206997
638756,0.017514277
638757,0.026862007
638758,0.99469984
638759,0.89005893
638760,0.007286473
638761,0.30525076
638762,0.2019583
638763,0.12786782
638764,0.43779776
638765,0.949933
638766,0.008325413
638767,0.55363935
638768,0.9509716
638769,0.7743478
638770,0.16171074
638771,0.011369498
638772,0.08895196
638773,0.01847309
638774,0.9885913
638775,0.9880595
638776,0.31421423
638777,0.92790234
638778,0.778802
638779,0.71559227
638780,0.6943749
638781,0.05998369
638782,0.0042436896
638783,0.96319604
638784,0.81840223
638785,0.6897058
638786,0.039993282
638787,0.9856425
638788,0.029142506
638789,0.89197135
638790,0.98177487
638791,0.17433694
638792,0.39352253
638793,0.97388023
638794,0.25433588
638795,0.74293596
638796,0.016758922
638797,0.06846792
638798,0.05508985
638799,0.77112913
638800,0.9897027
638801,0.05785404
638802,0.005078238
638803,0.04313789
638804,0.97402066
638805,0.054068506
638806,0.937546
638807,0.046467997
638808,0.13047622
638809,0.33855242
638810,0.99565566
638811,0.042410493
638812,0.38227212
638813,0.0013200622
638814,0.025747819
638815,0.0031288625
638816,0.075724095
638817,0.6114651
638818,0.044683717
638819,0.92642003
638820,0.34364298
638821,0.08544433
638822,0.008873018
638823,0.008571034
638824,0.98845077
638825,0.9986257
638826,0.48580143
638827,0.8833121
638828,0.0074061947
638829,0.09242957
638830,0.0068244147
638831,0.25040624
638832,0.95806694
638833,0.0070082718
638834,0.9491527
638835,0.98717374
638836,0.38398066
638837,0.99279696
638838,0.9175726
638839,0.02872539
638840,0.043416377
638841,0.8667971
638842,0.059276696
638843,0.86740786
638844,0.11404842
638845,0.88224554
638846,0.037346914
638847,0.028027631
638848,0.7290406
638849,0.99744284
638850,0.016092604
638851,0.021973122
638852,0.9693147
638853,0.05368258
638854,0.19119745
638855,0.9770097
638856,0.9900646
638857,0.6870295
638858,0.8135654
638859,0.27298716
638860,0.0076081404
638861,0.015729014
638862,0.16802071
638863,0.9425623
638864,0.003055946
638865,0.7753327
638866,0.0035718028
638867,0.035207618
638868,0.80604315
638869,0.9048877
638870,0.013832251
638871,0.14477435
638872,0.02592415
638873,0.9220858
638874,0.5643419
638875,0.9066685
638876,0.048120815
638877,0.7343006
638878,0.40059158
638879,0.12029635
638880,0.9004668
638881,0.002903391
638882,0.3744243
638883,0.124244675
638884,0.2757078
638885,0.0074907094
638886,0.9588568
638887,0.012445151
638888,0.0046915472
638889,0.97463036
638890,0.021543972
638891,0.62217075
638892,0.023369037
638893,0.7365942
638894,0.14058706
638895,0.07649559
638896,0.99829006
638897,0.7043599
638898,0.13790919
638899,0.69422424
638900,0.69135094
638901,0.9766893
638902,0.024034424
638903,0.8391548
638904,0.029076193
638905,0.9926462
638906,0.01943193
638907,0.9448749
638908,0.24158546
638909,0.19312507
638910,0.023797676
638911,0.009280678
638912,0.009388523
638913,0.9120239
638914,0.9930203
638915,0.0007195424
638916,0.99769646
638917,0.8818102
638918,0.061219133
638919,0.03358821
638920,0.03012119
638921,0.96461946
638922,0.15033062
638923,0.23979962
638924,0.9897233
638925,0.9981818
638926,0.5017985
638927,0.007053718
638928,0.97134125
638929,0.14148788
638930,0.06279239
638931,0.48586285
638932,0.047192864
638933,0.5851145
638934,0.58854175
638935,0.04898733
638936,0.123073526
638937,0.0017960359
638938,0.16719519
638939,0.18329139
638940,0.006282928
638941,0.9885785
638942,0.3019886
638943,0.2701844
638944,0.6860932
638945,0.02020908
638946,0.8684348
638947,0.05832262
638948,0.9844679
638949,0.9258453
638950,0.9936147
638951,0.49426246
638952,0.42685664
638953,0.9972539
638954,0.9829244
638955,0.50994134
638956,0.7965816
638957,0.30029833
638958,0.006568582
638959,0.49323434
638960,0.007543176
638961,0.057486042
638962,0.0051855277
638963,0.6294422
638964,0.031877495
638965,0.98837596
638966,0.95357126
638967,0.99698794
638968,0.011624418
638969,0.21452005
638970,0.005506954
638971,0.027939761
638972,0.9830831
638973,0.05262353
638974,0.023557952
638975,0.030604742
638976,0.029825618
638977,0.05957987
638978,0.87333935
638979,0.7251625
638980,0.50442016
638981,0.065303355
638982,0.020680334
638983,0.06515212
638984,0.021483777
638985,0.054976936
638986,0.0073268535
638987,0.27027744
638988,0.9970449
638989,0.03991411
638990,0.6552973
638991,0.233232
638992,0.9929712
638993,0.010348556
638994,0.40170425
638995,0.9954468
638996,0.6540324
638997,0.019155374
638998,0.77920973
638999,0.0019699552
639000,0.018806666
639001,0.7405573
639002,0.010874738
639003,0.0076771285
639004,0.013583145
639005,0.9217434
639006,0.05340924
639007,0.019802785
639008,0.483827
639009,0.012497464
639010,0.8659302
639011,0.17912292
639012,0.012723764
639013,0.03744974
639014,0.007085763
639015,0.9936848
639016,0.0061038528
639017,0.009943917
639018,0.99025
639019,0.045030467
639020,0.9234479
639021,0.9989608
639022,0.9947826
639023,0.96622473
639024,0.48784432
639025,0.018972928
639026,0.9712002
639027,0.008576185
639028,0.96688527
639029,0.94151294
639030,0.9194872
639031,0.92383724
639032,0.29103085
639033,0.17917559
639034,0.023464136
639035,0.013334081
639036,0.82824254
639037,0.07743303
639038,0.0115055
639039,0.09558994
639040,0.3582881
639041,0.9984074
639042,0.102037385
639043,0.868432
639044,0.46201515
639045,0.82111084
639046,0.97993577
639047,0.9957858
639048,0.9885981
639049,0.07797573
639050,0.023808239
639051,0.0922523
639052,0.1280121
639053,0.006716819
639054,0.8246943
639055,0.83909076
639056,0.00560013
639057,0.9647625
639058,0.9814957
639059,0.11360717
639060,0.033190355
639061,0.029805457
639062,0.009718041
639063,0.022888217
639064,0.39743948
639065,0.9937854
639066,0.06316023
639067,0.7930324
639068,0.0015316521
639069,0.87455773
639070,0.03973975
639071,0.005080053
639072,0.032201827
639073,0.16875732
639074,0.0022368592
639075,0.011213065
639076,0.39300907
639077,0.7260624
639078,0.3821632
639079,0.126715
639080,0.99374443
639081,0.3681013
639082,0.026979148
639083,0.99261606
639084,0.32742545
639085,0.005949939
639086,0.019555435
639087,0.99730396
639088,0.06194917
639089,0.02988004
639090,0.012461168
639091,0.14188838
639092,0.9988485
639093,0.022729836
639094,0.0027938343
639095,0.09093188
639096,0.024202876
639097,0.15120834
639098,0.009480403
639099,0.39015177
639100,0.015231875
639101,0.013579466
639102,0.8953222
639103,0.81076777
639104,0.9124143
639105,0.9855069
639106,0.83647996
639107,0.0064314315
639108,0.18506467
639109,0.17104383
639110,0.95519435
639111,0.009342262
639112,0.093681365
639113,0.06844558
639114,0.89438295
639115,0.013253449
639116,0.5086763
639117,0.61477196
639118,0.98352385
639119,0.024712043
639120,0.032449827
639121,0.5146864
639122,0.9485837
639123,0.053949535
639124,0.20472983
639125,0.09249177
639126,0.04932242
639127,0.014655441
639128,0.018441116
639129,0.9904098
639130,0.9965713
639131,0.15525393
639132,0.0799721
639133,0.05332408
639134,0.10918109
639135,0.9526443
639136,0.99736625
639137,0.010742281
639138,0.9315808
639139,0.9703597
639140,0.015548621
639141,0.8049866
639142,0.98747176
639143,0.9965751
639144,0.024321292
639145,0.030852908
639146,0.24295817
639147,0.014243915
639148,0.23352438
639149,0.03598697
639150,0.035394304
639151,0.97576857
639152,0.7595655
639153,0.78445125
639154,0.9342185
639155,0.05662526
639156,0.00820976
639157,0.07303714
639158,0.9905368
639159,0.7033154
639160,0.95692635
639161,0.16854614
639162,0.99915147
639163,0.93272483
639164,0.009717802
639165,0.9841405
639166,0.07884111
639167,0.05684209
639168,0.060236752
639169,0.9873227
639170,0.9808909
639171,0.23939614
639172,0.03326279
639173,0.022822518
639174,0.15032423
639175,0.026199415
639176,0.34079847
639177,0.9989892
639178,0.07386467
639179,0.9694857
639180,0.9381268
639181,0.09125222
639182,0.1562925
639183,0.028329834
639184,0.004799217
639185,0.9684068
639186,0.8583261
639187,0.088627316
639188,0.045657903
639189,0.9157027
639190,0.015827889
639191,0.9870662
639192,0.55016303
639193,0.021333
639194,0.9617603
639195,0.9684375
639196,0.9949085
639197,0.98197293
639198,0.98543936
639199,0.9727239
639200,0.0039928765
639201,0.4931175
639202,0.056998633
639203,0.033004273
639204,0.054716945
639205,0.20169115
639206,0.60866356
639207,0.9580076
639208,0.014273192
639209,0.019760646
639210,0.9811251
639211,0.14041847
639212,0.62177926
639213,0.0037158479
639214,0.96825397
639215,0.98955745
639216,0.007403686
639217,0.9718716
639218,0.276211
639219,0.66506875
639220,0.048675425
639221,0.03360102
639222,0.9975156
639223,0.9826876
639224,0.45706278
639225,0.6832236
639226,0.005996935
639227,0.28051144
639228,0.115139425
639229,0.02412618
639230,0.03123232
639231,0.8125054
639232,0.056592274
639233,0.9773293
639234,0.013800846
639235,0.06513752
639236,0.877212
639237,0.10401442
639238,0.055790193
639239,0.0882606
639240,0.004427246
639241,0.037829343
639242,0.3902804
639243,0.008358933
639244,0.30203947
639245,0.11394385
639246,0.01381658
639247,0.95053864
639248,0.5645062
639249,0.9795495
639250,0.9947976
639251,0.037949275
639252,0.04891642
639253,0.5452337
639254,0.86609817
639255,0.09660363
639256,0.011126057
639257,0.020814918
639258,0.9975816
639259,0.9019273
639260,0.26405346
639261,0.7775164
639262,0.81524163
639263,0.055933733
639264,0.9978333
639265,0.38114485
639266,0.36368394
639267,0.02104212
639268,0.02411197
639269,0.9048048
639270,0.2959365
639271,0.023183737
639272,0.16339454
639273,0.069639385
639274,0.99413604
639275,0.01670951
639276,0.100024454
639277,0.28138766
639278,0.04244169
639279,0.9979715
639280,0.98900187
639281,0.07297543
639282,0.6236012
639283,0.95005
639284,0.9982099
639285,0.3889145
639286,0.007680852
639287,0.013874799
639288,0.022222985
639289,0.9580832
639290,0.8817929
639291,0.005299175
639292,0.7949235
639293,0.1013845
639294,0.981794
639295,0.9904922
639296,0.91262853
639297,0.02472051
639298,0.016621092
639299,0.1397236
639300,0.05062067
639301,0.03978495
639302,0.9683666
639303,0.89303887
639304,0.0025034014
639305,0.9687644
639306,0.9929107
639307,0.113263324
639308,0.0067260116
639309,0.02997088
639310,0.99125713
639311,0.8721932
639312,0.016357172
639313,0.9117316
639314,0.99230313
639315,0.74245536
639316,0.9150222
639317,0.84521765
639318,0.9837228
639319,0.06282995
639320,0.89021873
639321,0.066940054
639322,0.10043481
639323,0.049421545
639324,0.014502341
639325,0.09590694
639326,0.9836334
639327,0.23180462
639328,0.9887537
639329,0.8626942
639330,0.00772996
639331,0.9970149
639332,0.10270875
639333,0.28410828
639334,0.45407626
639335,0.01287131
639336,0.34793708
639337,0.27064726
639338,0.93240374
639339,0.12868124
639340,0.9898311
639341,0.17493549
639342,0.01106333
639343,0.98993975
639344,0.012818798
639345,0.7843405
639346,0.038633496
639347,0.6362601
639348,0.9402572
639349,0.93810153
639350,0.3856966
639351,0.975063
639352,0.8650864
639353,0.17144999
639354,0.7819846
639355,0.9911031
639356,0.025706276
639357,0.9510475
639358,0.0037337516
639359,0.91004264
639360,0.008822499
639361,0.1996578
639362,0.8411715
639363,0.11027588
639364,0.020378519
639365,0.7898836
639366,0.022915326
639367,0.0116064055
639368,0.9624113
639369,0.7919879
639370,0.0042279186
639371,0.30231598
639372,0.9890669
639373,0.47178873
639374,0.71161216
639375,0.98825735
639376,0.08241619
639377,0.23333652
639378,0.49472022
639379,0.021620013
639380,0.990625
639381,0.99906564
639382,0.5271925
639383,0.02954692
639384,0.033049464
639385,0.71866536
639386,0.99699193
639387,0.573624
639388,0.009515887
639389,0.99384457
639390,0.24861151
639391,0.9813979
639392,0.05211362
639393,0.82880116
639394,0.037698045
639395,0.9924224
639396,0.96869564
639397,0.36517516
639398,0.7513212
639399,0.0048177624
639400,0.022349548
639401,0.98313904
639402,0.48952302
639403,0.0019446015
639404,0.39781424
639405,0.22741738
639406,0.85489786
639407,0.7069527
639408,0.042726215
639409,0.6493471
639410,0.0058667194
639411,0.059442244
639412,0.26853767
639413,0.1039651
639414,0.036737945
639415,0.025840126
639416,0.044074543
639417,0.81623757
639418,0.99785984
639419,0.41048473
639420,0.003027605
639421,0.150107
639422,0.02591975
639423,0.57839805
639424,0.03805308
639425,0.84242034
639426,0.010451576
639427,0.11348114
639428,0.8895413
639429,0.1269573
639430,0.9319171
639431,0.90490675
639432,0.9914837
639433,0.01832172
639434,0.11201704
639435,0.031666763
639436,0.078504495
639437,0.010273417
639438,0.99878097
639439,0.4186964
639440,0.9961063
639441,0.25099346
639442,0.45499083
639443,0.032403428
639444,0.011663567
639445,0.9936347
639446,0.35142812
639447,0.84871
639448,0.8310772
639449,0.94987285
639450,0.9881824
639451,0.026082713
639452,0.075488456
639453,0.06385195
639454,0.009685216
639455,0.99171585
639456,0.9851092
639457,0.037783656
639458,0.73798966
639459,0.8754447
639460,0.11026171
639461,0.046132516
639462,0.87990123
639463,0.9939861
639464,0.4053517
639465,0.1283535
639466,0.9707587
639467,0.9930253
639468,0.016793929
639469,0.09240991
639470,0.17744675
639471,0.009971879
639472,0.012839107
639473,0.9760053
639474,0.94843966
639475,0.016692981
639476,0.9738207
639477,0.024980675
639478,0.8249665
639479,0.6205418
639480,0.07965223
639481,0.034266163
639482,0.0078043463
639483,0.9938207
639484,0.019085577
639485,0.11727639
639486,0.870407
639487,0.48751092
639488,0.04593716
639489,0.027586304
639490,0.24030937
639491,0.048156336
639492,0.98226744
639493,0.916858
639494,0.017506884
639495,0.30812886
639496,0.039974496
639497,0.11857727
639498,0.11828804
639499,0.98422706
639500,0.98853666
639501,0.52406484
639502,0.13726601
639503,0.85462475
639504,0.050541926
639505,0.12244549
639506,0.012682532
639507,0.005913034
639508,0.1395165
639509,0.067580946
639510,0.0029411167
639511,0.37744737
639512,0.015020472
639513,0.033022802
639514,0.24600941
639515,0.033179194
639516,0.97620046
639517,0.42921513
639518,0.21922936
639519,0.12777175
639520,0.30699536
639521,0.053737305
639522,0.1347745
639523,0.99149585
639524,0.5302167
639525,0.4029519
639526,0.20996428
639527,0.81863385
639528,0.06258929
639529,0.002397076
639530,0.35703722
639531,0.022078017
639532,0.6604986
639533,0.0068817916
639534,0.9964129
639535,0.3119886
639536,0.9312823
639537,0.48933628
639538,0.050051257
639539,0.016938437
639540,0.6089966
639541,0.59985834
639542,0.028148003
639543,0.92179036
639544,0.34090033
639545,0.09863911
639546,0.7412081
639547,0.37162608
639548,0.024710445
639549,0.66649973
639550,0.01267902
639551,0.31254634
639552,0.0027885563
639553,0.9688972
639554,0.015511964
639555,0.88802874
639556,0.94349515
639557,0.8991816
639558,0.1282053
639559,0.038473323
639560,0.07919636
639561,0.90286434
639562,0.99413276
639563,0.8234805
639564,0.07047069
639565,0.009522036
639566,0.10912889
639567,0.5321522
639568,0.28399456
639569,0.50569063
639570,0.1424305
639571,0.012293583
639572,0.17621407
639573,0.08689436
639574,0.03176913
639575,0.47970164
639576,0.111217275
639577,0.022019504
639578,0.9995563
639579,0.19888312
639580,0.8169706
639581,0.37078026
639582,0.9195759
639583,0.052022867
639584,0.59604377
639585,0.15864438
639586,0.009781392
639587,0.005018708
639588,0.00260344
639589,0.062433347
639590,0.03434224
639591,0.016459497
639592,0.55602044
639593,0.0135806305
639594,0.25383222
639595,0.054159455
639596,0.060793795
639597,0.009086128
639598,0.013256948
639599,0.35707062
639600,0.67754745
639601,0.43138647
639602,0.39114732
639603,0.0039044046
639604,0.99670434
639605,0.2074728
639606,0.9994158
639607,0.9750781
639608,0.12574415
639609,0.032582797
639610,0.053715676
639611,0.990433
639612,0.11633436
639613,0.038073562
639614,0.10259819
639615,0.20093463
639616,0.9377743
639617,0.035105526
639618,0.87700653
639619,0.29504806
639620,0.07902294
639621,0.99457866
639622,0.022190463
639623,0.002385463
639624,0.040382437
639625,0.023000168
639626,0.082593754
639627,0.042833224
639628,0.9735212
639629,0.002112628
639630,0.037488524
639631,0.8653641
639632,0.025893122
639633,0.58942306
639634,0.059223503
639635,0.009715636
639636,0.99057126
639637,0.6791887
639638,0.878207
639639,0.49942565
639640,0.0037742918
639641,0.020392274
639642,0.85636437
639643,0.16876005
639644,0.97365695
639645,0.6663795
639646,0.09467015
639647,0.046656463
639648,0.009111238
639649,0.996909
639650,0.050061136
639651,0.7748256
639652,0.9748111
639653,0.8425089
639654,0.32119787
639655,0.9262366
639656,0.9990971
639657,0.89689416
639658,0.12056924
639659,0.38224393
639660,0.39158946
639661,0.1205381
639662,0.996
639663,0.39099264
639664,0.0076582367
639665,0.07037587
639666,0.7234077
639667,0.37003192
639668,0.0034011577
639669,0.3326998
639670,0.034611296
639671,0.10320049
639672,0.9958347
639673,0.11948809
639674,0.9909127
639675,0.9325658
639676,0.06679751
639677,0.985
639678,0.08388368
639679,0.34739587
639680,0.99667805
639681,0.13883623
639682,0.010279552
639683,0.096527345
639684,0.40493363
639685,0.9965887
639686,0.012868502
639687,0.0034783408
639688,0.0423806
639689,0.0038736062
639690,0.017205376
639691,0.23309785
639692,0.8046622
639693,0.5417664
639694,0.98581576
639695,0.8710066
639696,0.989918
639697,0.04401
639698,0.9397827
639699,0.05108976
639700,0.98809016
639701,0.38799924
639702,0.004725174
639703,0.03591548
639704,0.28449938
639705,0.028849171
639706,0.21361591
639707,0.6377187
639708,0.977445
639709,0.99196565
639710,0.9942002
639711,0.98105645
639712,0.015979249
639713,0.99946547
639714,0.022071868
639715,0.998914
639716,0.1966128
639717,0.19244696
639718,0.9706042
639719,0.45737448
639720,0.08277209
639721,0.022540491
639722,0.06343114
639723,0.52321076
639724,0.9805404
639725,0.052222572
639726,0.9972819
639727,0.9870645
639728,0.7383884
639729,0.4465148
639730,0.89442337
639731,0.059695475
639732,0.9913111
639733,0.010515286
639734,0.012523129
639735,0.0048557823
639736,0.0035910713
639737,0.9880807
639738,0.67755973
639739,0.64549816
639740,0.000338439
639741,0.7572255
639742,0.8771472
639743,0.014133064
639744,0.004216982
639745,0.8942469
639746,0.051790785
639747,0.1774196
639748,0.03164235
639749,0.30314618
639750,0.15003023
639751,0.02758573
639752,0.07868865
639753,0.03935475
639754,0.036299963
639755,0.52488124
639756,0.999612
639757,0.87388676
639758,0.9614257
639759,0.04145389
639760,0.79863447
639761,0.015813058
639762,0.013353762
639763,0.06656398
639764,0.27716428
639765,0.003182801
639766,0.42187113
639767,0.99083257
639768,0.42323697
639769,0.05674345
639770,0.05535386
639771,0.038196303
639772,0.00605385
639773,0.07599629
639774,0.059499692
639775,0.26908055
639776,0.073123895
639777,0.97965515
639778,0.98648965
639779,0.9801045
639780,0.96075493
639781,0.7305581
639782,0.91164637
639783,0.99466836
639784,0.9435756
639785,0.25280243
639786,0.055567585
639787,0.4291486
639788,0.3755089
639789,0.3762963
639790,0.9514195
639791,0.1903139
639792,0.04294719
639793,0.98771673
639794,0.01758086
639795,0.8370371
639796,0.99430573
639797,0.81674325
639798,0.0069214692
639799,0.050396338
639800,0.094500646
639801,0.9556415
639802,0.99067223
639803,0.14112762
639804,0.6617079
639805,0.17831212
639806,0.24707387
639807,0.12959208
639808,0.039919
639809,0.050532114
639810,0.13526842
639811,0.99501455
639812,0.9918086
639813,0.056010365
639814,0.9602351
639815,0.005924901
639816,0.07911155
639817,0.0797358
639818,0.99809045
639819,0.04698234
639820,0.25286078
639821,0.14054906
639822,0.029541507
639823,0.077764876
639824,0.18837371
639825,0.15686111
639826,0.073653474
639827,0.00083348533
639828,0.045976833
639829,0.1450877
639830,0.0015250547
639831,0.14021108
639832,0.9842555
639833,0.023275867
639834,0.99650514
639835,0.89841557
639836,0.99436074
639837,0.42032862
639838,0.005521799
639839,0.006553411
639840,0.932212
639841,0.10553152
639842,0.18146038
639843,0.014047185
639844,0.014925506
639845,0.94045955
639846,0.36465102
639847,0.8688618
639848,0.724239
639849,0.96469283
639850,0.9858614
639851,0.02879019
639852,0.026078464
639853,0.5814163
639854,0.017916702
639855,0.7227979
639856,0.104339965
639857,0.34017572
639858,0.040343974
639859,0.97386855
639860,0.07598605
639861,0.65366477
639862,0.15550493
639863,0.3927664
639864,0.9719844
639865,0.757946
639866,0.98320717
639867,0.97396564
639868,0.03386064
639869,0.9917231
639870,0.018763622
639871,0.006312146
639872,0.2850785
639873,0.95611346
639874,0.95668226
639875,0.009617604
639876,0.9865469
639877,0.013501266
639878,0.9483745
639879,0.97780585
639880,0.9740084
639881,0.9250781
639882,0.11234583
639883,0.030433618
639884,0.94464934
639885,0.037143283
639886,0.036040388
639887,0.98738056
639888,0.94340485
639889,0.9865191
639890,0.89490646
639891,0.8935119
639892,0.010766009
639893,0.5660564
639894,0.44806707
639895,0.64811397
639896,0.045349877
639897,0.99710083
639898,0.9939614
639899,0.589348
639900,0.011404953
639901,0.8550864
639902,0.878118
639903,0.9867198
639904,0.006571764
639905,0.026252847
639906,0.019857332
639907,0.98497546
639908,0.029652199
639909,0.9242731
639910,0.040476687
639911,0.8831189
639912,0.035003297
639913,0.067498356
639914,0.9139626
639915,0.981172
639916,0.027686017
639917,0.9960871
639918,0.039675236
639919,0.026918378
639920,0.99222493
639921,0.15516639
639922,0.9973164
639923,0.99719304
639924,0.9947248
639925,0.9761262
639926,0.992831
639927,0.4445758
639928,0.04337808
639929,0.41887614
639930,0.9976135
639931,0.092543036
639932,0.96777654
639933,0.99689776
639934,0.9360796
639935,0.13635366
639936,0.9966532
639937,0.00987226
639938,0.01833254
639939,0.07279893
639940,0.61448264
639941,0.007402378
639942,0.27314758
639943,0.9246514
639944,0.7208651
639945,0.011489628
639946,0.8783976
639947,0.03092935
639948,0.008576231
639949,0.001233568
639950,0.010410233
639951,0.8218642
639952,0.9512146
639953,0.1333679
639954,0.10433458
639955,0.8827336
639956,0.008366609
639957,0.17388275
639958,0.98061216
639959,0.95800996
639960,0.20639284
639961,0.06842951
639962,0.052172877
639963,0.9984807
639964,0.32169572
639965,0.9582905
639966,0.3956938
639967,0.06198419
639968,0.9226947
639969,0.9824924
639970,0.028350407
639971,0.57630295
639972,0.5477679
639973,0.56745964
639974,0.007245614
639975,0.99011034
639976,0.07683811
639977,0.36379263
639978,0.8620429
639979,0.74103487
639980,0.0825657
639981,0.083908744
639982,0.9926727
639983,0.97054267
639984,0.10488388
639985,0.1411968
639986,0.08105867
639987,0.14371237
639988,0.66363645
639989,0.44293255
639990,0.7670083
639991,0.98651075
639992,0.8772047
639993,0.98961467
639994,0.21124321
639995,0.38901788
639996,0.73116356
639997,0.9992337
639998,0.0098917065
639999,0.98874366
640000,0.9969719
640001,0.36777508
640002,0.9779233
640003,0.35223094
640004,0.9968142
640005,0.1699706
640006,0.52950644
640007,0.18431012
640008,0.4135291
640009,0.021081524
640010,0.035318904
640011,0.9569889
640012,0.81599045
640013,0.06850897
640014,0.9937132
640015,0.009318836
640016,0.60498714
640017,0.99227947
640018,0.990383
640019,0.998903
640020,0.9414516
640021,0.3573367
640022,0.03765731
640023,0.1408091
640024,0.012788777
640025,0.9790039
640026,0.006692477
640027,0.96830654
640028,0.11483301
640029,0.0045005777
640030,0.63324654
640031,0.0016896015
640032,0.97618103
640033,0.40605047
640034,0.072099
640035,0.64302087
640036,0.92937016
640037,0.820449
640038,0.9616284
640039,0.008105291
640040,0.8281041
640041,0.9655234
640042,0.106964044
640043,0.44547006
640044,0.0055475472
640045,0.016723674
640046,0.99127066
640047,0.7279464
640048,0.88643587
640049,0.053783905
640050,0.3687286
640051,0.96178794
640052,0.01803613
640053,0.4595878
640054,0.039019857
640055,0.026739126
640056,0.5255116
640057,0.9537301
640058,0.0039102347
640059,0.0068369233
640060,0.10517626
640061,0.6769979
640062,0.9968195
640063,0.79806674
640064,0.03607669
640065,0.4875148
640066,0.29201
640067,0.005092469
640068,0.99214476
640069,0.01561899
640070,0.014678492
640071,0.97509515
640072,0.006779676
640073,0.92727077
640074,0.49843177
640075,0.007913318
640076,0.0328947
640077,0.9723116
640078,0.8823657
640079,0.42675453
640080,0.033087406
640081,0.8033078
640082,0.68130386
640083,0.0011755603
640084,0.9137444
640085,0.99287355
640086,0.99494696
640087,0.9793413
640088,0.67354465
640089,0.8528657
640090,0.0035669496
640091,0.009610865
640092,0.30415028
640093,0.0131712025
640094,0.5595375
640095,0.019699572
640096,0.055942297
640097,0.09007856
640098,0.97845423
640099,0.0067939553
640100,0.08236778
640101,0.4110775
640102,0.02161696
640103,0.90199965
640104,0.015043693
640105,0.64359367
640106,0.16002105
640107,0.004945003
640108,0.19458799
640109,0.23857497
640110,0.028646141
640111,0.51523715
640112,0.0045288852
640113,0.9973625
640114,0.9811398
640115,0.99823713
640116,0.97788525
640117,0.009591036
640118,0.14739922
640119,0.8939305
640120,0.9659102
640121,0.023719002
640122,0.8714258
640123,0.003097994
640124,0.80927664
640125,0.99642336
640126,0.9811512
640127,0.2519844
640128,0.19814613
640129,0.35870942
640130,0.15477291
640131,0.96159285
640132,0.9935825
640133,0.9978921
640134,0.011732137
640135,0.006905471
640136,0.8910834
640137,0.013809982
640138,0.9887174
640139,0.008470344
640140,0.008012237
640141,0.10775828
640142,0.0064341957
640143,0.9929437
640144,0.33830592
640145,0.9880995
640146,0.74042344
640147,0.93625355
640148,0.012393417
640149,0.07078732
640150,0.21214254
640151,0.08270581
640152,0.77801776
640153,0.08354491
640154,0.011711771
640155,0.9519232
640156,0.13455264
640157,0.95600367
640158,0.030091867
640159,0.21835873
640160,0.92598736
640161,0.27498385
640162,0.99373966
640163,0.24619073
640164,0.008294637
640165,0.08561355
640166,0.69596475
640167,0.026797762
640168,0.04060887
640169,0.16019374
640170,0.9239076
640171,0.012307867
640172,0.13102701
640173,0.0070663868
640174,0.5741596
640175,0.8253051
640176,0.051827542
640177,0.9715897
640178,0.096900895
640179,0.9982927
640180,0.85135615
640181,0.95253885
640182,0.02302949
640183,0.9887508
640184,0.0032350128
640185,0.9741714
640186,0.0028948316
640187,0.03500305
640188,0.8925144
640189,0.85828847
640190,0.047405344
640191,0.9524425
640192,0.25375992
640193,0.97162735
640194,0.99672043
640195,0.9303253
640196,0.993985
640197,0.9240991
640198,0.9849875
640199,0.9161492
640200,0.34054044
640201,0.0169377
640202,0.01059323
640203,0.04009443
640204,0.13348666
640205,0.95029426
640206,0.03431565
640207,0.0039908728
640208,0.2654315
640209,0.33676568
640210,0.0072819274
640211,0.013754637
640212,0.64287865
640213,0.9883268
640214,0.93818825
640215,0.9193518
640216,0.9398181
640217,0.019320639
640218,0.031776004
640219,0.01476871
640220,0.14939612
640221,0.044451863
640222,0.92526716
640223,0.837254
640224,0.00895692
640225,0.85820514
640226,0.46454284
640227,0.0051501975
640228,0.0039626034
640229,0.26102036
640230,0.76568514
640231,0.013379466
640232,0.97875565
640233,0.015989862
640234,0.9679114
640235,0.055960897
640236,0.9086659
640237,0.013823582
640238,0.0055535734
640239,0.10380259
640240,0.59848356
640241,0.119317725
640242,0.048410494
640243,0.015201149
640244,0.018161494
640245,0.04526965
640246,0.015711524
640247,0.037278824
640248,0.98236066
640249,0.9761268
640250,0.99088836
640251,0.009076461
640252,0.73239136
640253,0.008062051
640254,0.081750326
640255,0.017569514
640256,0.8636021
640257,0.029691681
640258,0.6680197
640259,0.996824
640260,0.9595951
640261,0.74923944
640262,0.9901131
640263,0.97134626
640264,0.017317804
640265,0.9797427
640266,0.5963528
640267,0.34814158
640268,0.008409188
640269,0.9595148
640270,0.9990426
640271,0.67579675
640272,0.90176094
640273,0.9795693
640274,0.9353609
640275,0.69083357
640276,0.13361533
640277,0.7601799
640278,0.9458707
640279,0.014159011
640280,0.062794834
640281,0.009091916
640282,0.38579816
640283,0.003188625
640284,0.8424394
640285,0.7807916
640286,0.01980683
640287,0.7657267
640288,0.9087666
640289,0.038486805
640290,0.9947197
640291,0.06772457
640292,0.025986936
640293,0.85525686
640294,0.65745294
640295,0.00832531
640296,0.034319617
640297,0.112159215
640298,0.060198657
640299,0.9882212
640300,0.16990474
640301,0.97935665
640302,0.9914104
640303,0.95440394
640304,0.20445694
640305,0.9915448
640306,0.15409106
640307,0.069008276
640308,0.029021364
640309,0.45352373
640310,0.056350835
640311,0.40369827
640312,0.9468117
640313,0.002543974
640314,0.97617686
640315,0.010490035
640316,0.8014659
640317,0.87442434
640318,0.1687273
640319,0.9931115
640320,0.028683953
640321,0.8746471
640322,0.006338347
640323,0.18756992
640324,0.003155999
640325,0.050217435
640326,0.9522391
640327,0.41036054
640328,0.3369809
640329,0.083573565
640330,0.0028468764
640331,0.035123512
640332,0.30637288
640333,0.99758583
640334,0.028101096
640335,0.96839225
640336,0.057792995
640337,0.34915885
640338,0.5203229
640339,0.03642974
640340,0.8418313
640341,0.41048124
640342,0.005467139
640343,0.8555326
640344,0.98628604
640345,0.971713
640346,0.025061328
640347,0.09463442
640348,0.3205885
640349,0.30295074
640350,0.96337223
640351,0.9721163
640352,0.25442624
640353,0.3591448
640354,0.98026264
640355,0.8343816
640356,0.5397643
640357,0.018359663
640358,0.92783916
640359,0.9868446
640360,0.057415683
640361,0.17656931
640362,0.11333328
640363,0.84921265
640364,0.017343545
640365,0.110078394
640366,0.011020535
640367,0.012550704
640368,0.14081086
640369,0.97532433
640370,0.85055935
640371,0.8245758
640372,0.15844126
640373,0.73400444
640374,0.9169321
640375,0.98176914
640376,0.03610003
640377,0.0842872
640378,0.010978786
640379,0.7899631
640380,0.5908959
640381,0.95703185
640382,0.9606996
640383,0.16874681
640384,0.75566554
640385,0.40387538
640386,0.0466376
640387,0.2524596
640388,0.08476821
640389,0.84549695
640390,0.98457
640391,0.006816072
640392,0.9805396
640393,0.0254132
640394,0.09921111
640395,0.95162326
640396,0.83826476
640397,0.089159854
640398,0.99931425
640399,0.30247903
640400,0.0042313063
640401,0.97916657
640402,0.02256547
640403,0.0055587916
640404,0.007053617
640405,0.007659547
640406,0.97881293
640407,0.004088086
640408,0.99656385
640409,0.9786905
640410,0.009559231
640411,0.9772204
640412,0.12343493
640413,0.9468809
640414,0.03346233
640415,0.079168156
640416,0.0031286967
640417,0.034609456
640418,0.13554549
640419,0.0057358546
640420,0.18209183
640421,0.5996841
640422,0.9977139
640423,0.7142506
640424,0.05960781
640425,0.86943114
640426,0.016394623
640427,0.015886514
640428,0.18348752
640429,0.011823665
640430,0.9248092
640431,0.052927632
640432,0.080589816
640433,0.0015443283
640434,0.78768516
640435,0.037524264
640436,0.04312578
640437,0.016261268
640438,0.09952343
640439,0.070947096
640440,0.12685578
640441,0.9617171
640442,0.104976624
640443,0.12052412
640444,0.99573344
640445,0.9803939
640446,0.31415048
640447,0.99938077
640448,0.7291583
640449,0.0054815453
640450,0.1275765
640451,0.90109324
640452,0.047288373
640453,0.29197928
640454,0.04446068
640455,0.09182704
640456,0.9966404
640457,0.9851648
640458,0.5107496
640459,0.83572114
640460,0.44339496
640461,0.96546936
640462,0.007240475
640463,0.8506607
640464,0.8941084
640465,0.9962111
640466,0.1353745
640467,0.853712
640468,0.0016446405
640469,0.4495852
640470,0.0051007485
640471,0.94573087
640472,0.036755648
640473,0.019190587
640474,0.24155098
640475,0.38974392
640476,0.93012804
640477,0.015906189
640478,0.024952654
640479,0.4409718
640480,0.09363906
640481,0.94165975
640482,0.006530132
640483,0.0138923805
640484,0.46052966
640485,0.94393045
640486,0.0069616283
640487,0.004408038
640488,0.986851
640489,0.15559186
640490,0.0037197445
640491,0.06802395
640492,0.98010546
640493,0.9471727
640494,0.09090326
640495,0.8590174
640496,0.99722755
640497,0.0117861
640498,0.01002652
640499,0.4432821
640500,0.99487746
640501,0.13769937
640502,0.9991898
640503,0.0065875906
640504,0.95165336
640505,0.96439606
640506,0.003399223
640507,0.7217622
640508,0.06878397
640509,0.99859524
640510,0.031882077
640511,0.65978765
640512,0.06920488
640513,0.005910125
640514,0.98708105
640515,0.6901704
640516,0.99852425
640517,0.045198016
640518,0.99853015
640519,0.034358993
640520,0.14116882
640521,0.18977112
640522,0.13121173
640523,0.028064797
640524,0.005427778
640525,0.0020515712
640526,0.8389955
640527,0.00830279
640528,0.015213632
640529,0.88615394
640530,0.30804643
640531,0.68800443
640532,0.0076049995
640533,0.03277076
640534,0.9923492
640535,0.96985006
640536,0.99771965
640537,0.033289835
640538,0.83252895
640539,0.93062246
640540,0.52693164
640541,0.40136126
640542,0.9709148
640543,0.9783901
640544,0.25968584
640545,0.020675343
640546,0.0720049
640547,0.7693691
640548,0.99594766
640549,0.2613565
640550,0.6314006
640551,0.98616236
640552,0.009518933
640553,0.8625506
640554,0.9199119
640555,0.005215614
640556,0.0037394837
640557,0.15463425
640558,0.05139277
640559,0.62542295
640560,0.14877371
640561,0.9096123
640562,0.007641793
640563,0.02946554
640564,0.99812514
640565,0.7990422
640566,0.946307
640567,0.961282
640568,0.01985451
640569,0.9883004
640570,0.7785102
640571,0.005004033
640572,0.012304266
640573,0.9662701
640574,0.0025351583
640575,0.9972243
640576,0.013599211
640577,0.040558264
640578,0.9989637
640579,0.95572364
640580,0.027230311
640581,0.002839862
640582,0.6921559
640583,0.17990255
640584,0.98511004
640585,0.79489005
640586,0.88576496
640587,0.7752417
640588,0.014467256
640589,0.12823641
640590,0.019482095
640591,0.4534895
640592,0.9889545
640593,0.0433207
640594,0.9553442
640595,0.059072964
640596,0.014317869
640597,0.3231445
640598,0.09174851
640599,0.61998296
640600,0.014961313
640601,0.5441692
640602,0.8399044
640603,0.2256248
640604,0.002059172
640605,0.031974986
640606,0.054699507
640607,0.0017271424
640608,0.25228018
640609,0.71760106
640610,0.7097413
640611,0.84053165
640612,0.34528667
640613,0.0865651
640614,0.44276878
640615,0.9934649
640616,0.7694897
640617,0.9603531
640618,0.1216315
640619,0.004156047
640620,0.61464417
640621,0.23967564
640622,0.021285564
640623,0.9743148
640624,0.9939277
640625,0.5178382
640626,0.16389911
640627,0.08264296
640628,0.9482054
640629,0.037671424
640630,0.02529445
640631,0.020429164
640632,0.017221827
640633,0.21572551
640634,0.036405347
640635,0.04383217
640636,0.476721
640637,0.10958353
640638,0.84818685
640639,0.0065361387
640640,0.040474772
640641,0.9919745
640642,0.9910557
640643,0.018043045
640644,0.0035873065
640645,0.8644865
640646,0.13272925
640647,0.8120234
640648,0.99867046
640649,0.082108855
640650,0.97277606
640651,0.012075816
640652,0.022930881
640653,0.38705236
640654,0.9902975
640655,0.09486818
640656,0.012932108
640657,0.108057715
640658,0.0052611018
640659,0.31991667
640660,0.0580026
640661,0.9967921
640662,0.032018956
640663,0.16556913
640664,0.9789011
640665,0.16614592
640666,0.99215984
640667,0.18698756
640668,0.71339095
640669,0.008599633
640670,0.015412606
640671,0.09159908
640672,0.19706744
640673,0.02236579
640674,0.04903534
640675,0.06313234
640676,0.2475571
640677,0.15058482
640678,0.060178995
640679,0.03495286
640680,0.012513321
640681,0.98133516
640682,0.8886931
640683,0.04817052
640684,0.88287246
640685,0.98492813
640686,0.022082942
640687,0.06683687
640688,0.6983067
640689,0.05593445
640690,0.20250022
640691,0.98753464
640692,0.11521136
640693,0.024317672
640694,0.0068190214
640695,0.019181237
640696,0.9930577
640697,0.96362805
640698,0.055695225
640699,0.060662966
640700,0.29558182
640701,0.7536005
640702,0.9990893
640703,0.015543796
640704,0.8405485
640705,0.7793123
640706,0.70985615
640707,0.13081819
640708,0.99932086
640709,0.003266145
640710,0.0299831
640711,0.102837116
640712,0.88579005
640713,0.004523618
640714,0.8091953
640715,0.04597424
640716,0.9860984
640717,0.60403544
640718,0.012821482
640719,0.13713145
640720,0.97453886
640721,0.19610643
640722,0.93939054
640723,0.5871405
640724,0.93114793
640725,0.08840944
640726,0.013007749
640727,0.9927686
640728,0.20579498
640729,0.973565
640730,0.038605854
640731,0.1545449
640732,0.9424715
640733,0.999035
640734,0.92244774
640735,0.47893006
640736,0.028020937
640737,0.045054533
640738,0.069475494
640739,0.15553471
640740,0.37580574
640741,0.5052086
640742,0.069545135
640743,0.607559
640744,0.99838114
640745,0.003719619
640746,0.8636986
640747,0.4113599
640748,0.008485401
640749,0.55699426
640750,0.09942432
640751,0.19106793
640752,0.9803299
640753,0.044860926
640754,0.119328886
640755,0.11334913
640756,0.18011643
640757,0.019619536
640758,0.9946213
640759,0.004224291
640760,0.1691028
640761,0.1313175
640762,0.98801863
640763,0.981513
640764,0.6839407
640765,0.023440931
640766,0.9748321
640767,0.9939418
640768,0.49421334
640769,0.290143
640770,0.9964855
640771,0.067943245
640772,0.99616957
640773,0.03987951
640774,0.96464086
640775,0.8359405
640776,0.019761272
640777,0.058539294
640778,0.002682811
640779,0.98740035
640780,0.9693682
640781,0.27273726
640782,0.68991345
640783,0.9079653
640784,0.023494221
640785,0.018699847
640786,0.6039883
640787,0.27036223
640788,0.075644836
640789,0.062327527
640790,0.42038536
640791,0.27268273
640792,0.4238799
640793,0.95825225
640794,0.6018061
640795,0.0073025934
640796,0.29872024
640797,0.5530979
640798,0.9632908
640799,0.8901307
640800,0.01751051
640801,0.009427484
640802,0.52923167
640803,0.0056200475
640804,0.97102416
640805,0.9926395
640806,0.94575775
640807,0.24893467
640808,0.021667754
640809,0.00498283
640810,0.01230781
640811,0.41506016
640812,0.7135859
640813,0.0035592432
640814,0.0070896284
640815,0.9370999
640816,0.91035354
640817,0.9948651
640818,0.07622808
640819,0.9659712
640820,0.012288308
640821,0.33884567
640822,0.9789095
640823,0.74239945
640824,0.92732155
640825,0.01353514
640826,0.9993017
640827,0.009225195
640828,0.9973587
640829,0.9745225
640830,0.93267286
640831,0.95488495
640832,0.76496196
640833,0.040203005
640834,0.07595636
640835,0.0027404774
640836,0.03033406
640837,0.025550153
640838,0.010373523
640839,0.9798621
640840,0.031773075
640841,0.9763731
640842,0.985047
640843,0.9734602
640844,0.5117422
640845,0.035308648
640846,0.009612538
640847,0.9871692
640848,0.64219624
640849,0.7917567
640850,0.95444554
640851,0.03924274
640852,0.9305241
640853,0.016950969
640854,0.013182135
640855,0.9751965
640856,0.5499248
640857,0.83269435
640858,0.003971472
640859,0.016559465
640860,0.29079372
640861,0.001692117
640862,0.9989232
640863,0.96918213
640864,0.06972252
640865,0.7909926
640866,0.9781949
640867,0.98315334
640868,0.9963868
640869,0.5404655
640870,0.7207476
640871,0.025733095
640872,0.9016769
640873,0.01151307
640874,0.045636587
640875,0.6470603
640876,0.012757364
640877,0.9482084
640878,0.69792175
640879,0.0737901
640880,0.99328506
640881,0.9423981
640882,0.08707295
640883,0.01943567
640884,0.036505003
640885,0.003829971
640886,0.018128153
640887,0.25663358
640888,0.8529178
640889,0.477571
640890,0.041923758
640891,0.80164766
640892,0.9795236
640893,0.11456963
640894,0.41970068
640895,0.21541099
640896,0.029619558
640897,0.14236605
640898,0.9991622
640899,0.99661505
640900,0.7860013
640901,0.22451197
640902,0.8336701
640903,0.04703308
640904,0.079570316
640905,0.80901766
640906,0.012229349
640907,0.60914385
640908,0.35529545
640909,0.27515084
640910,0.13177718
640911,0.97016585
640912,0.08113207
640913,0.8904159
640914,0.93987024
640915,0.08640732
640916,0.01732355
640917,0.9462645
640918,0.0064665168
640919,0.011978714
640920,0.9767767
640921,0.1743929
640922,0.99200463
640923,0.99214894
640924,0.28971574
640925,0.05497009
640926,0.0155278295
640927,0.6311194
640928,0.93273664
640929,0.00032535053
640930,0.067517504
640931,0.9277547
640932,0.0088353325
640933,0.06855899
640934,0.9570723
640935,0.12110691
640936,0.95050794
640937,0.9898002
640938,0.96552926
640939,0.9152561
640940,0.3741013
640941,0.083466195
640942,0.97694284
640943,0.026603386
640944,0.044178255
640945,0.9893547
640946,0.77018994
640947,0.0037188483
640948,0.11941602
640949,0.9911571
640950,0.08352595
640951,0.08291787
640952,0.009518242
640953,0.0034486118
640954,0.003230019
640955,0.02504702
640956,0.94311965
640957,0.028753452
640958,0.14304249
640959,0.22925517
640960,0.9765739
640961,0.9487026
640962,0.05586327
640963,0.990605
640964,0.99068487
640965,0.007234255
640966,0.63306403
640967,0.92929375
640968,0.12258288
640969,0.9810046
640970,0.5287663
640971,0.9873146
640972,0.12269266
640973,0.76499844
640974,0.6990947
640975,0.20999072
640976,0.036199953
640977,0.02662201
640978,0.07339428
640979,0.025248492
640980,0.89764637
640981,0.9425519
640982,0.86758226
640983,0.5966675
640984,0.19220376
640985,0.9421514
640986,0.007854804
640987,0.040150166
640988,0.9425135
640989,0.71424174
640990,0.093458325
640991,0.9967922
640992,0.0017453067
640993,0.98429745
640994,0.98259056
640995,0.052413195
640996,0.6033896
640997,0.017660655
640998,0.4094329
640999,0.98990566
641000,0.989561
641001,0.84172636
641002,0.13780224
641003,0.021040311
641004,0.98630506
641005,0.012340731
641006,0.7808263
641007,0.1764386
641008,0.1854953
641009,0.9966627
641010,0.89488745
641011,0.097787865
641012,0.9859171
641013,0.98799807
641014,0.98491853
641015,0.9480492
641016,0.32247323
641017,0.9807725
641018,0.95967555
641019,0.7622042
641020,0.30514103
641021,0.0031589097
641022,0.11636824
641023,0.25433737
641024,0.36551875
641025,0.75132596
641026,0.04544331
641027,0.04913161
641028,0.98213935
641029,0.5708548
641030,0.10730344
641031,0.10940596
641032,0.99731445
641033,0.99478066
641034,0.023165021
641035,0.006903022
641036,0.05650814
641037,0.99860674
641038,0.07812321
641039,0.16590148
641040,0.14788237
641041,0.28661633
641042,0.116193764
641043,0.17521124
641044,0.8410609
641045,0.021830533
641046,0.7654428
641047,0.9456883
641048,0.034006566
641049,0.6352531
641050,0.27004248
641051,0.7683878
641052,0.98200196
641053,0.05599956
641054,0.9941282
641055,0.9445429
641056,0.0123563185
641057,0.09590615
641058,0.99821186
641059,0.9979713
641060,0.28974754
641061,0.7924238
641062,0.98147523
641063,0.93718123
641064,0.9683074
641065,0.98683256
641066,0.14053686
641067,0.84051466
641068,0.084354445
641069,0.9961791
641070,0.034301043
641071,0.31463188
641072,0.026860753
641073,0.031398512
641074,0.9964802
641075,0.06616866
641076,0.023805233
641077,0.9817391
641078,0.48610207
641079,0.01953194
641080,0.9063601
641081,0.98999065
641082,0.23134613
641083,0.018528733
641084,0.9963779
641085,0.010337727
641086,0.08278819
641087,0.3713874
641088,0.0052754343
641089,0.19378892
641090,0.8879381
641091,0.0055528423
641092,0.1032622
641093,0.0039204666
641094,0.42857283
641095,0.94360316
641096,0.9963304
641097,0.007473278
641098,0.95806444
641099,0.026345901
641100,0.015023674
641101,0.7756053
641102,0.9733515
641103,0.017565925
641104,0.19911154
641105,0.11223499
641106,0.0025492352
641107,0.008705295
641108,0.8827164
641109,0.8144549
641110,0.08438468
641111,0.0038564887
641112,0.15479179
641113,0.16714965
641114,0.1292572
641115,0.08918409
641116,0.011149761
641117,0.2848979
641118,0.27404025
641119,0.5769838
641120,0.9960383
641121,0.7563015
641122,0.994721
641123,0.07467836
641124,0.9103749
641125,0.019715972
641126,0.007325808
641127,0.5065935
641128,0.08249811
641129,0.0011229869
641130,0.0105212
641131,0.98998934
641132,0.017754477
641133,0.02330762
641134,0.89821637
641135,0.9248179
641136,0.375319
641137,0.0034717028
641138,0.78740585
641139,0.16331013
641140,0.9759805
641141,0.01463188
641142,0.99754184
641143,0.85435975
641144,0.11332867
641145,0.002785975
641146,0.99764097
641147,0.788766
641148,0.9661505
641149,0.1862692
641150,0.71127385
641151,0.95547336
641152,0.017055226
641153,0.008104366
641154,0.6361834
641155,0.1761157
641156,0.0873526
641157,0.99936664
641158,0.9171627
641159,0.9555238
641160,0.94406575
641161,0.835407
641162,0.06930418
641163,0.046059757
641164,0.99120474
641165,0.02314638
641166,0.022385666
641167,0.012529612
641168,0.012186803
641169,0.91852033
641170,0.01083811
641171,0.36148873
641172,0.98315555
641173,0.2114346
641174,0.35528928
641175,0.96371347
641176,0.24193192
641177,0.11296349
641178,0.051338516
641179,0.91053593
641180,0.8993459
641181,0.014592301
641182,0.039603956
641183,0.9305492
641184,0.8327607
641185,0.8999979
641186,0.0012365583
641187,0.019777443
641188,0.4747613
641189,0.225431
641190,0.025286151
641191,0.9519344
641192,0.7780656
641193,0.9735031
641194,0.075800166
641195,0.15256304
641196,0.96401095
641197,0.95241994
641198,0.77453244
641199,0.004424097
641200,0.014280122
641201,0.4146658
641202,0.041126326
641203,0.0063467724
641204,0.99545956
641205,0.006046216
641206,0.9905001
641207,0.00607898
641208,0.3702138
641209,0.9750732
641210,0.09356391
641211,0.9958306
641212,0.956936
641213,0.94018054
641214,0.15257162
641215,0.9470456
641216,0.0035843968
641217,0.015050538
641218,0.081385225
641219,0.068306915
641220,0.9211158
641221,0.37617773
641222,0.01756116
641223,0.9538269
641224,0.07637931
641225,0.12091817
641226,0.31997174
641227,0.03347671
641228,0.89688474
641229,0.81824166
641230,0.17794393
641231,0.013861919
641232,0.031406578
641233,0.027435292
641234,0.9817052
641235,0.98617256
641236,0.29645208
641237,0.76300895
641238,0.99581826
641239,0.9207462
641240,0.6039714
641241,0.02160515
641242,0.22729602
641243,0.029915294
641244,0.12965098
641245,0.8080896
641246,0.22946881
641247,0.074359074
641248,0.02758378
641249,0.17490861
641250,0.029759284
641251,0.4573244
641252,0.08054763
641253,0.85166705
641254,0.06545116
641255,0.81724614
641256,0.12219175
641257,0.01173716
641258,0.06244962
641259,0.17239112
641260,0.65542704
641261,0.0029559692
641262,0.97601956
641263,0.99932325
641264,0.57939184
641265,0.99873984
641266,0.018170703
641267,0.99589217
641268,0.009850799
641269,0.012085274
641270,0.7796567
641271,0.08703762
641272,0.9248668
641273,0.71630514
641274,0.39485484
641275,0.02434562
641276,0.04830603
641277,0.7657247
641278,0.0017530711
641279,0.056686137
641280,0.953455
641281,0.013386623
641282,0.9669785
641283,0.30263826
641284,0.97063416
641285,0.035327803
641286,0.021280123
641287,0.23180485
641288,0.91789055
641289,0.9994655
641290,0.040568203
641291,0.10855516
641292,0.7300562
641293,0.05736969
641294,0.016069323
641295,0.96220946
641296,0.58388275
641297,0.7027541
641298,0.006203032
641299,0.015556892
641300,0.9494881
641301,0.012420121
641302,0.018964779
641303,0.032382727
641304,0.083258465
641305,0.004095788
641306,0.91785955
641307,0.075822145
641308,0.98887014
641309,0.22592722
641310,0.92457575
641311,0.014406937
641312,0.44900578
641313,0.9909072
641314,0.19883034
641315,0.062134933
641316,0.960145
641317,0.794328
641318,0.099185176
641319,0.9809574
641320,0.056689244
641321,0.13761078
641322,0.23274314
641323,0.006846901
641324,0.010591696
641325,0.115829125
641326,0.019631954
641327,0.8966985
641328,0.015754985
641329,0.040611476
641330,0.2019887
641331,0.15278724
641332,0.011354949
641333,0.85205704
641334,0.9588189
641335,0.23897943
641336,0.013442288
641337,0.01824776
641338,0.015716216
641339,0.11069493
641340,0.83959377
641341,0.8911602
641342,0.09366262
641343,0.011813495
641344,0.8985565
641345,0.9920223
641346,0.52478373
641347,0.25100887
641348,0.07229826
641349,0.0263016
641350,0.0056937844
641351,0.042097144
641352,0.71951336
641353,0.63227177
641354,0.095235065
641355,0.943243
641356,0.9258576
641357,0.09407154
641358,0.99464035
641359,0.014101951
641360,0.29406673
641361,0.83707553
641362,0.016658198
641363,0.6571708
641364,0.47924805
641365,0.87026644
641366,0.14541014
641367,0.33311492
641368,0.10778299
641369,0.17629048
641370,0.98714364
641371,0.033849984
641372,0.002966577
641373,0.9881161
641374,0.722069
641375,0.27221158
641376,0.8498403
641377,0.71812457
641378,0.9744079
641379,0.033941634
641380,0.049209733
641381,0.16904125
641382,0.020955363
641383,0.93206614
641384,0.021816034
641385,0.71926636
641386,0.08696634
641387,0.93568826
641388,0.97940236
641389,0.36220112
641390,0.015205043
641391,0.014456226
641392,0.020583522
641393,0.9626911
641394,0.36309746
641395,0.9584241
641396,0.009540036
641397,0.059664853
641398,0.44856656
641399,0.08344145
641400,0.91106224
641401,0.24460575
641402,0.716535
641403,0.978067
641404,0.99183816
641405,0.20660838
641406,0.94772524
641407,0.012841184
641408,0.19456102
641409,0.82845986
641410,0.92140883
641411,0.016092544
641412,0.020189106
641413,0.011634478
641414,0.9846191
641415,0.026882807
641416,0.062064305
641417,0.9818872
641418,0.27639264
641419,0.9945799
641420,0.054439392
641421,0.28690693
641422,0.046370164
641423,0.051281925
641424,0.9985007
641425,0.8647618
641426,0.9556114
641427,0.76919115
641428,0.5607012
641429,0.9898763
641430,0.069201306
641431,0.8911975
641432,0.8837582
641433,0.012753957
641434,0.045923404
641435,0.9377538
641436,0.69823754
641437,0.99882764
641438,0.03182077
641439,0.066397704
641440,0.023621272
641441,0.9827123
641442,0.9660867
641443,0.12133338
641444,0.97487277
641445,0.7883083
641446,0.5991882
641447,0.1406129
641448,0.98378456
641449,0.4610626
641450,0.9176067
641451,0.8477066
641452,0.012804986
641453,0.024218235
641454,0.27000374
641455,0.047395684
641456,0.73243266
641457,0.68368095
641458,0.05758077
641459,0.63972163
641460,0.109203935
641461,0.06779457
641462,0.09730297
641463,0.6282578
641464,0.9957339
641465,0.44738278
641466,0.022220096
641467,0.992038
641468,0.6867626
641469,0.99629474
641470,0.27936476
641471,0.8430489
641472,0.049124584
641473,0.031468883
641474,0.017316915
641475,0.9980216
641476,0.007438902
641477,0.9410008
641478,0.99668866
641479,0.7549952
641480,0.70762974
641481,0.0546975
641482,0.004900473
641483,0.00056029507
641484,0.6560132
641485,0.93515193
641486,0.11254508
641487,0.1811075
641488,0.024849935
641489,0.9652411
641490,0.87088954
641491,0.3232539
641492,0.9881677
641493,0.969358
641494,0.9950644
641495,0.99220425
641496,0.28022727
641497,0.9528664
641498,0.9987874
641499,0.023385344
641500,0.44881207
641501,0.49086255
641502,0.12600778
641503,0.012990894
641504,0.8766328
641505,0.014738414
641506,0.2520218
641507,0.19032982
641508,0.9942297
641509,0.62070966
641510,0.67271155
641511,0.8933359
641512,0.9600662
641513,0.059459537
641514,0.11698657
641515,0.6992273
641516,0.475829
641517,0.63295245
641518,0.93952423
641519,0.028910486
641520,0.010485725
641521,0.15971145
641522,0.0052727754
641523,0.015016061
641524,0.9481648
641525,0.81367886
641526,0.8669293
641527,0.13133988
641528,0.6898347
641529,0.9258199
641530,0.8544366
641531,0.010230211
641532,0.015850531
641533,0.32181895
641534,0.21287103
641535,0.004113962
641536,0.98882866
641537,0.077175885
641538,0.9749062
641539,0.092218675
641540,0.98422205
641541,0.4868815
641542,0.31240422
641543,0.98872304
641544,0.16978565
641545,0.028248752
641546,0.020165658
641547,0.1968788
641548,0.011827501
641549,0.9817177
641550,0.013887243
641551,0.9694245
641552,0.98908794
641553,0.1885044
641554,0.9164199
641555,0.09690621
641556,0.19352046
641557,0.793107
641558,0.5185064
641559,0.00028010271
641560,0.35831672
641561,0.98969257
641562,0.005321099
641563,0.09744493
641564,0.0019736092
641565,0.9881525
641566,0.07576557
641567,0.03066986
641568,0.002105481
641569,0.00881119
641570,0.3318473
641571,0.4178381
641572,0.78756195
641573,0.96434724
641574,0.89619744
641575,0.9986828
641576,0.18621087
641577,0.10118857
641578,0.3462854
641579,0.121083885
641580,0.98918796
641581,0.035260286
641582,0.98380864
641583,0.99499416
641584,0.06454457
641585,0.99251145
641586,0.029593399
641587,0.087635465
641588,0.18186101
641589,0.008371072
641590,0.99014133
641591,0.013193868
641592,0.71764857
641593,0.27282423
641594,0.27765423
641595,0.96849287
641596,0.067114644
641597,0.5937495
641598,0.031946883
641599,0.02233762
641600,0.40237772
641601,0.97052914
641602,0.03759697
641603,0.97992843
641604,0.050633296
641605,0.067406446
641606,0.9837923
641607,0.076364405
641608,0.21706507
641609,0.014158111
641610,0.9132386
641611,0.8880135
641612,0.96052676
641613,0.9839902
641614,0.43576604
641615,0.955966
641616,0.030817352
641617,0.06261619
641618,0.96783096
641619,0.0007774257
641620,0.96634054
641621,0.9847026
641622,0.009833935
641623,0.8820415
641624,0.99181044
641625,0.014379931
641626,0.1685266
641627,0.035609327
641628,0.82137585
641629,0.9041687
641630,0.06494861
641631,0.15001012
641632,0.014225279
641633,0.9236851
641634,0.9964992
641635,0.062100418
641636,0.55828893
641637,0.023329321
641638,0.04484166
641639,0.98889506
641640,0.82462335
641641,0.010192194
641642,0.9706638
641643,0.9976827
641644,0.016235221
641645,0.289426
641646,0.37242365
641647,0.7063912
641648,0.9727494
641649,0.97497857
641650,0.014248732
641651,0.9956558
641652,0.045501407
641653,0.42115563
641654,0.9312073
641655,0.9286757
641656,0.9993051
641657,0.010478604
641658,0.040157877
641659,0.089354396
641660,0.7727372
641661,0.9918935
641662,0.96828705
641663,0.954229
641664,0.019852147
641665,0.9398686
641666,0.018774789
641667,0.9798708
641668,0.31354335
641669,0.011007868
641670,0.01036794
641671,0.09106241
641672,0.97514397
641673,0.45124635
641674,0.13106643
641675,0.050853424
641676,0.9067318
641677,0.6778376
641678,0.003747424
641679,0.9897869
641680,0.04096035
641681,0.10532267
641682,0.05559614
641683,0.0047515007
641684,0.0077175777
641685,0.0049453573
641686,0.07707818
641687,0.044528656
641688,0.08638434
641689,0.021937987
641690,0.98904294
641691,0.99690235
641692,0.8901796
641693,0.04604047
641694,0.95975673
641695,0.005023589
641696,0.010899746
641697,0.679427
641698,0.19952503
641699,0.34916162
641700,0.7573896
641701,0.012510642
641702,0.99070305
641703,0.9229399
641704,0.5730127
641705,0.37157464
641706,0.45499367
641707,0.602708
641708,0.016141647
641709,0.7533788
641710,0.1696349
641711,0.022095151
641712,0.93247354
641713,0.9209182
641714,0.06795535
641715,0.712073
641716,0.8810985
641717,0.9984914
641718,0.025505623
641719,0.98376817
641720,0.020875197
641721,0.95326805
641722,0.031083452
641723,0.0036131677
641724,0.997103
641725,0.83513534
641726,0.013906381
641727,0.5381172
641728,0.3150686
641729,0.93359566
641730,0.98988646
641731,0.9483875
641732,0.025836794
641733,0.016675087
641734,0.024551429
641735,0.032109924
641736,0.02893504
641737,0.011269787
641738,0.9026711
641739,0.7006613
641740,0.96996444
641741,0.7232928
641742,0.18707895
641743,0.7827052
641744,0.65317225
641745,0.9159373
641746,0.9434264
641747,0.49279743
641748,0.005021787
641749,0.07175105
641750,0.15666838
641751,0.080583446
641752,0.99785316
641753,0.6864568
641754,0.023608837
641755,0.92238224
641756,0.008870494
641757,0.00086991064
641758,0.0026093528
641759,0.4040885
641760,0.1298036
641761,0.99727255
641762,0.0044408664
641763,0.9993866
641764,0.35048202
641765,0.01598068
641766,0.04557661
641767,0.044333678
641768,0.069226675
641769,0.10585314
641770,0.01700093
641771,0.42387754
641772,0.007072984
641773,0.9663666
641774,0.050534435
641775,0.15165123
641776,0.98796153
641777,0.7825772
641778,0.9933281
641779,0.48316085
641780,0.024554767
641781,0.943251
641782,0.91443944
641783,0.9965866
641784,0.0044288947
641785,0.9417095
641786,0.7222122
641787,0.3219702
641788,0.21012886
641789,0.68470925
641790,0.8838474
641791,0.1078472
641792,0.029309206
641793,0.9887299
641794,0.94304144
641795,0.8769611
641796,0.8517375
641797,0.97564214
641798,0.9936621
641799,0.9958453
641800,0.047512483
641801,0.90922284
641802,0.63495594
641803,0.17869042
641804,0.98636574
641805,0.9846791
641806,0.97749346
641807,0.34497645
641808,0.15210402
641809,0.9990703
641810,0.019150902
641811,0.0077022035
641812,0.0771651
641813,0.025741834
641814,0.80796117
641815,0.9747049
641816,0.062837556
641817,0.4095652
641818,0.029370267
641819,0.032690458
641820,0.14271842
641821,0.4746993
641822,0.0011088215
641823,0.67239
641824,0.76766634
641825,0.3130122
641826,0.10623923
641827,0.99002457
641828,0.6732984
641829,0.015827114
641830,0.017079141
641831,0.12528883
641832,0.05145789
641833,0.098778605
641834,0.96518254
641835,0.01732498
641836,0.8650396
641837,0.3467878
641838,0.9757959
641839,0.019279353
641840,0.97707134
641841,0.7161147
641842,0.053949058
641843,0.011541577
641844,0.37103406
641845,0.96460897
641846,0.9957849
641847,0.82395685
641848,0.18684076
641849,0.044166133
641850,0.035944123
641851,0.17020677
641852,0.99948156
641853,0.084246345
641854,0.3753687
641855,0.08331047
641856,0.017218025
641857,0.7110236
641858,0.022916842
641859,0.016050156
641860,0.9880943
641861,0.04614062
641862,0.8581311
641863,0.9915461
641864,0.9753224
641865,0.005724572
641866,0.99827695
641867,0.008670812
641868,0.96484745
641869,0.71505314
641870,0.5722235
641871,0.04659498
641872,0.6155764
641873,0.0035812017
641874,0.8872481
641875,0.02648327
641876,0.6502657
641877,0.019801592
641878,0.9952506
641879,0.041050855
641880,0.96939206
641881,0.070371024
641882,0.9129775
641883,0.95711815
641884,0.95686907
641885,0.8348447
641886,0.13507158
641887,0.904868
641888,0.98481977
641889,0.036233462
641890,0.009368669
641891,0.7272187
641892,0.13135585
641893,0.99079335
641894,0.7016895
641895,0.6047356
641896,0.087709
641897,0.021342747
641898,0.6553621
641899,0.031372406
641900,0.96965647
641901,0.0051890304
641902,0.15242437
641903,0.0052964436
641904,0.99391615
641905,0.12593864
641906,0.34569728
641907,0.44203535
641908,0.24066533
641909,0.10727537
641910,0.9988065
641911,0.0045562875
641912,0.054057002
641913,0.677712
641914,0.56439435
641915,0.043897383
641916,0.978831
641917,0.20044115
641918,0.008152213
641919,0.026718426
641920,0.7637427
641921,0.9641036
641922,0.6047088
641923,0.99458337
641924,0.8369172
641925,0.88154584
641926,0.049214143
641927,0.91958433
641928,0.1592288
641929,0.008292739
641930,0.032645427
641931,0.12248121
641932,0.001149062
641933,0.077720605
641934,0.052146036
641935,0.41677547
641936,0.99696594
641937,0.9199162
641938,0.9743104
641939,0.022421505
641940,0.89189553
641941,0.55783975
641942,0.0354852
641943,0.9795879
641944,0.8825408
641945,0.054519266
641946,0.017894033
641947,0.37734476
641948,0.02562722
641949,0.03490555
641950,0.0564049
641951,0.9948456
641952,0.010385229
641953,0.2693378
641954,0.014720103
641955,0.02866178
641956,0.008787054
641957,0.46727848
641958,0.059859958
641959,0.44532585
641960,0.99591637
641961,0.01933181
641962,0.018700842
641963,0.9633839
641964,0.007121523
641965,0.9398229
641966,0.054658066
641967,0.23623213
641968,0.32581294
641969,0.8726486
641970,0.03631233
641971,0.7676309
641972,0.9759664
641973,0.0070361355
641974,0.99979275
641975,0.63356096
641976,0.9892833
641977,0.009865287
641978,0.9736143
641979,0.9954677
641980,0.014554389
641981,0.050607577
641982,0.01726892
641983,0.061636
641984,0.9934045
641985,0.254359
641986,0.37680194
641987,0.10717261
641988,0.99489665
641989,0.8908973
641990,0.923191
641991,0.028107174
641992,0.03721859
641993,0.05665447
641994,0.91866267
641995,0.01328325
641996,0.96752095
641997,0.0042954106
641998,0.28920025
641999,0.9779596
642000,0.956169
642001,0.96150005
642002,0.9989866
642003,0.91083777
642004,0.0427953
642005,0.8466627
642006,0.7178097
642007,0.9850494
642008,0.62323916
642009,0.059033267
642010,0.9931449
642011,0.37780464
642012,0.007837783
642013,0.3147417
642014,0.08873084
642015,0.9953604
642016,0.7592945
642017,0.00805581
642018,0.030629775
642019,0.9245699
642020,0.98885095
642021,0.9772118
642022,0.9771769
642023,0.018792965
642024,0.5436493
642025,0.018379826
642026,0.94687045
642027,0.8921412
642028,0.9827013
642029,0.067640096
642030,0.96554375
642031,0.80834556
642032,0.057422742
642033,0.036722608
642034,0.4717636
642035,0.9757148
642036,0.79833025
642037,0.0067955684
642038,0.4847808
642039,0.44659245
642040,0.9362156
642041,0.98844695
642042,0.14358705
642043,0.010419967
642044,0.98923993
642045,0.97743136
642046,0.012693899
642047,0.030779153
642048,0.99565125
642049,0.9933491
642050,0.2431384
642051,0.24250716
642052,0.6748915
642053,0.0048814593
642054,0.09529885
642055,0.0051245475
642056,0.38258117
642057,0.24857253
642058,0.83498025
642059,0.45713925
642060,0.010190087
642061,0.92307687
642062,0.015106855
642063,0.6688658
642064,0.41157624
642065,0.9970902
642066,0.0909507
642067,0.019160919
642068,0.01614903
642069,0.9859053
642070,0.98877984
642071,0.9933657
642072,0.9361528
642073,0.97697866
642074,0.86431175
642075,0.072547376
642076,0.99257934
642077,0.13644038
642078,0.22028494
642079,0.78051126
642080,0.85185033
642081,0.0077102217
642082,0.2229406
642083,0.009190513
642084,0.022176623
642085,0.9468538
642086,0.9647349
642087,0.023888782
642088,0.8730868
642089,0.9883674
642090,0.96471274
642091,0.19701631
642092,0.014326329
642093,0.003341871
642094,0.9477067
642095,0.5622396
642096,0.9912523
642097,0.949638
642098,0.9961442
642099,0.9485082
642100,0.9896452
642101,0.8239652
642102,0.013613944
642103,0.24071655
642104,0.24508294
642105,0.055755742
642106,0.9861476
642107,0.26816
642108,0.05213935
642109,0.32163048
642110,0.015663093
642111,0.01740491
642112,0.08369434
642113,0.8154497
642114,0.96764517
642115,0.056624636
642116,0.8139087
642117,0.086054765
642118,0.011968736
642119,0.031399477
642120,0.9297453
642121,0.9863157
642122,0.16855037
642123,0.98873174
642124,0.035712816
642125,0.07636664
642126,0.99191725
642127,0.013298101
642128,0.026307091
642129,0.80284554
642130,0.6447211
642131,0.9792706
642132,0.6118634
642133,0.02586768
642134,0.22977231
642135,0.11466856
642136,0.992038
642137,0.0537301
642138,0.03577175
642139,0.30114853
642140,0.1115242
642141,0.93448186
642142,0.33334637
642143,0.09945187
642144,0.9939207
642145,0.077514604
642146,0.023380756
642147,0.9867977
642148,0.005763409
642149,0.8444109
642150,0.9982717
642151,0.11466521
642152,0.6792975
642153,0.89794105
642154,0.004667319
642155,0.11626183
642156,0.9849118
642157,0.9680438
642158,0.1169793
642159,0.9858151
642160,0.007995484
642161,0.98783016
642162,0.5271236
642163,0.010387186
642164,0.9682436
642165,0.98253226
642166,0.013210027
642167,0.07106162
642168,0.16255076
642169,0.8822125
642170,0.18874405
642171,0.99964
642172,0.9661761
642173,0.08418672
642174,0.9428503
642175,0.090445444
642176,0.9841446
642177,0.0021977215
642178,0.014252559
642179,0.98700625
642180,0.010182494
642181,0.01675251
642182,0.071375415
642183,0.31423318
642184,0.9893924
642185,0.9846928
642186,0.036764164
642187,0.9855113
642188,0.032176718
642189,0.023495676
642190,0.13945827
642191,0.64868563
642192,0.99307877
642193,0.99536693
642194,0.45667905
642195,0.0314685
642196,0.07157638
642197,0.0024276834
642198,0.15342332
642199,0.988536
642200,0.43044716
642201,0.013051681
642202,0.03549747
642203,0.9806595
642204,0.99566376
642205,0.2677031
642206,0.010634828
642207,0.62494415
642208,0.45987308
642209,0.949144
642210,0.057379063
642211,0.005906023
642212,0.11967299
642213,0.3171925
642214,0.9173742
642215,0.98271
642216,0.28312153
642217,0.9921638
642218,0.029676951
642219,0.41651994
642220,0.9849667
642221,0.8901459
642222,0.13110477
642223,0.9919152
642224,0.99618804
642225,0.01653248
642226,0.023944031
642227,0.025842655
642228,0.9151783
642229,0.15220425
642230,0.99433446
642231,0.7551307
642232,0.6235871
642233,0.9960992
642234,0.8841262
642235,0.007567751
642236,0.9940562
642237,0.90002936
642238,0.9995532
642239,0.0040437654
642240,0.21938854
642241,0.97165954
642242,0.529235
642243,0.008418959
642244,0.04904792
642245,0.9399166
642246,0.82876194
642247,0.012662707
642248,0.98656785
642249,0.79021776
642250,0.41693094
642251,0.11810276
642252,0.020080378
642253,0.007935163
642254,0.20225605
642255,0.65995896
642256,0.48568973
642257,0.017598448
642258,0.021443427
642259,0.015179625
642260,0.09260704
642261,0.005114882
642262,0.087700546
642263,0.039805286
642264,0.0929432
642265,0.9988849
642266,0.09360549
642267,0.012520136
642268,0.2207078
642269,0.027556242
642270,0.8328078
642271,0.94180155
642272,0.44772115
642273,0.23298647
642274,0.9207464
642275,0.8419354
642276,0.6011045
642277,0.07412456
642278,0.0053648762
642279,0.99135643
642280,0.08874585
642281,0.9544695
642282,0.61155534
642283,0.16354372
642284,0.9544587
642285,0.021603946
642286,0.08894123
642287,0.8566576
642288,0.12417973
642289,0.9945636
642290,0.011969535
642291,0.19659407
642292,0.9651945
642293,0.0150915515
642294,0.025083032
642295,0.9907906
642296,0.98389506
642297,0.016846178
642298,0.018587876
642299,0.007463994
642300,0.0066711344
642301,0.9945131
642302,0.37024
642303,0.06376685
642304,0.97839755
642305,0.037205834
642306,0.017348837
642307,0.013167815
642308,0.031935252
642309,0.9910766
642310,0.9239337
642311,0.92874867
642312,0.053385798
642313,0.2559026
642314,0.017728267
642315,0.053768147
642316,0.0056543727
642317,0.031337414
642318,0.9786457
642319,0.058479182
642320,0.95622617
642321,0.90711296
642322,0.1458286
642323,0.97011125
642324,0.022749254
642325,0.012740312
642326,0.44928795
642327,0.9707525
642328,0.17064923
642329,0.52011293
642330,0.012740776
642331,0.913584
642332,0.49340498
642333,0.99500966
642334,0.057182148
642335,0.06725201
642336,0.0039377324
642337,0.9975071
642338,0.8256968
642339,0.08728242
642340,0.027251085
642341,0.71214557
642342,0.46624714
642343,0.29758474
642344,0.1758851
642345,0.9183253
642346,0.97371584
642347,0.9768176
642348,0.005138937
642349,0.31159872
642350,0.603133
642351,0.13906056
642352,0.012941323
642353,0.8720346
642354,0.9911711
642355,0.025377665
642356,0.997293
642357,0.09298155
642358,0.65448797
642359,0.7159733
642360,0.015130778
642361,0.013068691
642362,0.93420386
642363,0.98976934
642364,0.9016702
642365,0.2381061
642366,0.5433149
642367,0.04607831
642368,0.26729113
642369,0.8800229
642370,0.51661825
642371,0.0351246
642372,0.27900904
642373,0.9337038
642374,0.30956808
642375,0.029306727
642376,0.62835443
642377,0.011479958
642378,0.6326027
642379,0.0073111653
642380,0.9159803
642381,0.09495808
642382,0.042267486
642383,0.00056218304
642384,0.24721539
642385,0.92012674
642386,0.43555242
642387,0.3098602
642388,0.99698114
642389,0.382099
642390,0.9442297
642391,0.0037241478
642392,0.9401642
642393,0.5790647
642394,0.05538904
642395,0.97227883
642396,0.009064486
642397,0.98627007
642398,0.8735628
642399,0.08415031
642400,0.99302167
642401,0.049045358
642402,0.0039381566
642403,0.8625669
642404,0.006880461
642405,0.0072716735
642406,0.019438185
642407,0.9385097
642408,0.09431824
642409,0.97451246
642410,0.099396236
642411,0.294588
642412,0.9747709
642413,0.47112224
642414,0.859018
642415,0.9595226
642416,0.889985
642417,0.9961698
642418,0.9932778
642419,0.9946671
642420,0.6376679
642421,0.9842995
642422,0.07033117
642423,0.21810488
642424,0.091304034
642425,0.017864
642426,0.050488297
642427,0.025474032
642428,0.89088666
642429,0.98002136
642430,0.08571268
642431,0.010042249
642432,0.020203106
642433,0.907964
642434,0.9764414
642435,0.9311266
642436,0.9876723
642437,0.98280066
642438,0.0059125395
642439,0.046295673
642440,0.01858517
642441,0.706409
642442,0.9916108
642443,0.9592029
642444,0.9958183
642445,0.09891513
642446,0.35152033
642447,0.3406713
642448,0.0055758953
642449,0.29125866
642450,0.029504806
642451,0.32220256
642452,0.023010416
642453,0.0266372
642454,0.99040014
642455,0.05863835
642456,0.9069883
642457,0.7503586
642458,0.24845809
642459,0.029206065
642460,0.04344805
642461,0.9851969
642462,0.9795833
642463,0.93986964
642464,0.9253091
642465,0.024467789
642466,0.91163784
642467,0.9892267
642468,0.94210035
642469,0.9983003
642470,0.9946109
642471,0.06590969
642472,0.093428046
642473,0.9963493
642474,0.9493784
642475,0.03853699
642476,0.046827797
642477,0.10112928
642478,0.9927266
642479,0.0024098027
642480,0.7618917
642481,0.12514752
642482,0.00649242
642483,0.10942602
642484,0.963462
642485,0.009390094
642486,0.018553263
642487,0.008422114
642488,0.9840557
642489,0.96407366
642490,0.98171407
642491,0.9559694
642492,0.016056309
642493,0.011532812
642494,0.9853342
642495,0.99021006
642496,0.9906129
642497,0.014766094
642498,0.012261152
642499,0.25328964
642500,0.9748293
642501,0.044205185
642502,0.003289769
642503,0.98207104
642504,0.9863997
642505,0.14098543
642506,0.12240847
642507,0.8504322
642508,0.99779207
642509,0.7473494
642510,0.997278
642511,0.024317682
642512,0.0045084315
642513,0.1925922
642514,0.9846968
642515,0.9939721
642516,0.09182294
642517,0.051322564
642518,0.9288696
642519,0.063817844
642520,0.0085695665
642521,0.5646355
642522,0.312206
642523,0.19308871
642524,0.10598577
642525,0.9994618
642526,0.019244628
642527,0.0026380396
642528,0.9790851
642529,0.3409743
642530,0.054208003
642531,0.014274064
642532,0.054429717
642533,0.6764109
642534,0.98448086
642535,0.97114635
642536,0.5217913
642537,0.9713498
642538,0.98099214
642539,0.9891763
642540,0.86241305
642541,0.014150365
642542,0.009151248
642543,0.0130691305
642544,0.051180642
642545,0.0670582
642546,0.019805545
642547,0.014199185
642548,0.016037274
642549,0.9591437
642550,0.030270591
642551,0.9927312
642552,0.051416006
642553,0.97907203
642554,0.99051815
642555,0.015152858
642556,0.8462275
642557,0.24364987
642558,0.12097156
642559,0.016734466
642560,0.018849218
642561,0.041202758
642562,0.61240816
642563,0.19958788
642564,0.29526067
642565,0.0049968194
642566,0.8923635
642567,0.9848615
642568,0.9491342
642569,0.06288066
642570,0.9906099
642571,0.98705876
642572,0.998559
642573,0.03766281
642574,0.99576163
642575,0.0043481076
642576,0.014082021
642577,0.6900183
642578,0.031368203
642579,0.47956824
642580,0.012547819
642581,0.027641771
642582,0.145383
642583,0.014487853
642584,0.96753293
642585,0.9905256
642586,0.15810733
642587,0.024246788
642588,0.12600593
642589,0.96607494
642590,0.9332397
642591,0.9929674
642592,0.9438043
642593,0.97612417
642594,0.91418076
642595,0.009036274
642596,0.024232931
642597,0.9861995
642598,0.08494386
642599,0.9920968
642600,0.97853345
642601,0.98601717
642602,0.007955817
642603,0.010252197
642604,0.13559762
642605,0.9755565
642606,0.05221085
642607,0.5511945
642608,0.95374817
642609,0.99199784
642610,0.8328967
642611,0.0072642337
642612,0.99284047
642613,0.0067101563
642614,0.7387535
642615,0.8486028
642616,0.8189543
642617,0.013822809
642618,0.084951356
642619,0.013626782
642620,0.61600906
642621,0.26475027
642622,0.4312389
642623,0.7108752
642624,0.04150214
642625,0.67977273
642626,0.04098986
642627,0.96591383
642628,0.9962385
642629,0.14556386
642630,0.8871087
642631,0.9957018
642632,0.0080020875
642633,0.1572772
642634,0.97291696
642635,0.9741775
642636,0.0015317218
642637,0.93119735
642638,0.9990305
642639,0.15814593
642640,0.010937095
642641,0.079811916
642642,0.9632507
642643,0.9007296
642644,0.016305603
642645,0.96800774
642646,0.9489687
642647,0.047277104
642648,0.019823246
642649,0.09631442
642650,0.45395947
642651,0.012943248
642652,0.983122
642653,0.036132045
642654,0.9526671
642655,0.8552475
642656,0.8964803
642657,0.66874826
642658,0.91015434
642659,0.021133967
642660,0.44480872
642661,0.99839455
642662,0.9743605
642663,0.7840294
642664,0.76376164
642665,0.8784759
642666,0.011056645
642667,0.030193165
642668,0.19593082
642669,0.98736197
642670,0.011532511
642671,0.11677078
642672,0.059728485
642673,0.003640931
642674,0.6317724
642675,0.025718
642676,0.021133138
642677,0.08690948
642678,0.8551231
642679,0.4579914
642680,0.02403546
642681,0.92369354
642682,0.17738807
642683,0.97526383
642684,0.1850923
642685,0.8366101
642686,0.7650822
642687,0.9820637
642688,0.33037388
642689,0.104929104
642690,0.9958262
642691,0.0530515
642692,0.020524899
642693,0.95146024
642694,0.07545003
642695,0.67828536
642696,0.018188281
642697,0.99833655
642698,0.026631601
642699,0.99285203
642700,0.9776771
642701,0.0068407804
642702,0.026035747
642703,0.9880024
642704,0.97874796
642705,0.0078827785
642706,0.002492425
642707,0.826346
642708,0.0066252938
642709,0.30285138
642710,0.90424347
642711,0.9957114
642712,0.33918762
642713,0.17317781
642714,0.4959756
642715,0.35925198
642716,0.07744145
642717,0.0041584773
642718,0.99716514
642719,0.0501518
642720,0.06509547
642721,0.006744253
642722,0.99709785
642723,0.42408717
642724,0.007980892
642725,0.8422238
642726,0.98966056
642727,0.0134654
642728,0.38176873
642729,0.00839563
642730,0.89484596
642731,0.23119535
642732,0.1738027
642733,0.63894325
642734,0.011722877
642735,0.6071758
642736,0.90650606
642737,0.99446535
642738,0.029038211
642739,0.9808953
642740,0.01391574
642741,0.014185721
642742,0.99520266
642743,0.004328708
642744,0.060387094
642745,0.27308565
642746,0.0200493
642747,0.02388404
642748,0.39796674
642749,0.89708585
642750,0.5848159
642751,0.9788037
642752,0.01572027
642753,0.24736407
642754,0.9663871
642755,0.98940194
642756,0.3024894
642757,0.9674691
642758,0.9739721
642759,0.08501417
642760,0.03045695
642761,0.97078323
642762,0.06982659
642763,0.0037063123
642764,0.9988086
642765,0.028953636
642766,0.64324474
642767,0.99584043
642768,0.012180617
642769,0.6522724
642770,0.026666937
642771,0.4890291
642772,0.998671
642773,0.9473107
642774,0.97026765
642775,0.03675299
642776,0.023473885
642777,0.10280975
642778,0.02221435
642779,0.9761461
642780,0.92478293
642781,0.99428064
642782,0.9975245
642783,0.2251807
642784,0.03671465
642785,0.9585345
642786,0.07041786
642787,0.9498685
642788,0.22270864
642789,0.07489342
642790,0.95158714
642791,0.05474475
642792,0.96295625
642793,0.013085194
642794,0.54395974
642795,0.041933265
642796,0.079979755
642797,0.992232
642798,0.032570507
642799,0.014939824
642800,0.051931303
642801,0.6707161
642802,0.9945923
642803,0.51364696
642804,0.9420531
642805,0.9925161
642806,0.0727004
642807,0.26698956
642808,0.33094734
642809,0.36092722
642810,0.9378977
642811,0.9435374
642812,0.7024443
642813,0.016977964
642814,0.94901514
642815,0.07777842
642816,0.26288497
642817,0.080496885
642818,0.7674256
642819,0.009402385
642820,0.029316425
642821,0.9627147
642822,0.35797668
642823,0.66744995
642824,0.081467144
642825,0.9880407
642826,0.03171108
642827,0.94863266
642828,0.6495802
642829,0.89230627
642830,0.02195804
642831,0.09079869
642832,0.054029845
642833,0.99788415
642834,0.016897382
642835,0.978475
642836,0.013887582
642837,0.11334796
642838,0.024346512
642839,0.0017612914
642840,0.97418267
642841,0.1907883
642842,0.894075
642843,0.9903352
642844,0.9905091
642845,0.03139196
642846,0.04644749
642847,0.012279089
642848,0.012226672
642849,0.8799987
642850,0.008270868
642851,0.98598635
642852,0.99668705
642853,0.67983735
642854,0.21764752
642855,0.06930754
642856,0.0074523585
642857,0.02887289
642858,0.054158986
642859,0.0016373569
642860,0.9772545
642861,0.0495895
642862,0.0036407076
642863,0.9591794
642864,0.016010504
642865,0.015617708
642866,0.0114089465
642867,0.0032412237
642868,0.013666978
642869,0.89606315
642870,0.19322902
642871,0.9966381
642872,0.008440999
642873,0.0901289
642874,0.0038071016
642875,0.99514824
642876,0.024908883
642877,0.005253488
642878,0.026508495
642879,0.984915
642880,0.0024536713
642881,0.94324064
642882,0.08711029
642883,0.015152529
642884,0.024031745
642885,0.0336933
642886,0.5353109
642887,0.98435444
642888,0.947118
642889,0.0055399835
642890,0.32874393
642891,0.99923414
642892,0.07183357
642893,0.9643217
642894,0.12222674
642895,0.6549548
642896,0.74616396
642897,0.9956114
642898,0.0072770687
642899,0.03132933
642900,0.45130542
642901,0.03172858
642902,0.093360476
642903,0.021138106
642904,0.83060837
642905,0.00092972966
642906,0.940639
642907,0.01852955
642908,0.98573226
642909,0.41423604
642910,0.8478598
642911,0.09081637
642912,0.4485042
642913,0.8960558
642914,0.04895334
642915,0.2500492
642916,0.05165907
642917,0.9444393
642918,0.96687114
642919,0.060573936
642920,0.03450115
642921,0.30001494
642922,0.96206146
642923,0.98818207
642924,0.081326105
642925,0.0018858687
642926,0.9892296
642927,0.032371093
642928,0.18997456
642929,0.06691781
642930,0.7001126
642931,0.99630386
642932,0.993781
642933,0.16096842
642934,0.9559006
642935,0.73248476
642936,0.84249413
642937,0.9773439
642938,0.050209086
642939,0.041353293
642940,0.0323242
642941,0.07831847
642942,0.0024666034
642943,0.097874805
642944,0.055149633
642945,0.9778391
642946,0.1359929
642947,0.22556639
642948,0.024894817
642949,0.014300137
642950,0.9706789
642951,0.1502152
642952,0.018817382
642953,0.9523315
642954,0.104394555
642955,0.9961947
642956,0.89903694
642957,0.9946896
642958,0.10190977
642959,0.57570314
642960,0.03505274
642961,0.8009053
642962,0.0868524
642963,0.8796232
642964,0.70388895
642965,0.05038999
642966,0.26695815
642967,0.0032295664
642968,0.023930987
642969,0.38732332
642970,0.006571906
642971,0.03234292
642972,0.11407034
642973,0.007350006
642974,0.25996393
642975,0.98378927
642976,0.2381184
642977,0.7462943
642978,0.99548715
642979,0.9813738
642980,0.08665538
642981,0.8678603
642982,0.21843167
642983,0.0034940613
642984,0.0049432395
642985,0.008377801
642986,0.04118294
642987,0.009542043
642988,0.00822188
642989,0.019733604
642990,0.84613335
642991,0.944707
642992,0.6439808
642993,0.49661613
642994,0.9860038
642995,0.3968819
642996,0.6388462
642997,0.9719028
642998,0.7229904
642999,0.14689264
643000,0.22993588
643001,0.013446044
643002,0.006360923
643003,0.08054015
643004,0.03128884
643005,0.99112236
643006,0.0040527787
643007,0.024814583
643008,0.9893183
643009,0.620157
643010,0.055981472
643011,0.99823725
643012,0.03696992
643013,0.96676123
643014,0.26998198
643015,0.008536133
643016,0.7824918
643017,0.9533936
643018,0.9782026
643019,0.026253626
643020,0.0049901293
643021,0.97431725
643022,0.09288476
643023,0.9871483
643024,0.00699504
643025,0.018045487
643026,0.9889035
643027,0.65459883
643028,0.8559806
643029,0.013022813
643030,0.012031824
643031,0.010688981
643032,0.009805397
643033,0.010212056
643034,0.042718843
643035,0.030174667
643036,0.6117377
643037,0.16607285
643038,0.060705874
643039,0.039234042
643040,0.7541257
643041,0.04712242
643042,0.22267926
643043,0.012289961
643044,0.99289155
643045,0.04303758
643046,0.014237234
643047,0.6023166
643048,0.9369384
643049,0.15253662
643050,0.02592477
643051,0.4362997
643052,0.6782236
643053,0.23685557
643054,0.009962514
643055,0.015762856
643056,0.099178225
643057,0.99784625
643058,0.008878742
643059,0.006389657
643060,0.97938627
643061,0.0562141
643062,0.23782651
643063,0.34272346
643064,0.68401694
643065,0.9933418
643066,0.97323096
643067,0.21464314
643068,0.99523747
643069,0.95646006
643070,0.52415323
643071,0.99862456
643072,0.039943285
643073,0.017444547
643074,0.25037637
643075,0.9873418
643076,0.016022786
643077,0.0047910097
643078,0.031104712
643079,0.7198407
643080,0.09188728
643081,0.34667486
643082,0.9989953
643083,0.9488142
643084,0.20579973
643085,0.06663097
643086,0.97016186
643087,0.5243398
643088,0.97457457
643089,0.5385066
643090,0.99560887
643091,0.04874822
643092,0.5614982
643093,0.10120474
643094,0.018941745
643095,0.80136436
643096,0.94342005
643097,0.010473551
643098,0.061675474
643099,0.06570313
643100,0.00785639
643101,0.0017350002
643102,0.9971862
643103,0.039954055
643104,0.9935436
643105,0.027332945
643106,0.99103427
643107,0.97993016
643108,0.004766372
643109,0.010292702
643110,0.07688257
643111,0.07652849
643112,0.0837274
643113,0.9872519
643114,0.09987676
643115,0.028415173
643116,0.13418475
643117,0.09138711
643118,0.9871748
643119,0.014723959
643120,0.8030034
643121,0.99652773
643122,0.047068715
643123,0.5596933
643124,0.06393236
643125,0.9334252
643126,0.045110628
643127,0.98559415
643128,0.95221424
643129,0.28117365
643130,0.080979496
643131,0.044896774
643132,0.56388557
643133,0.030578937
643134,0.0015656302
643135,0.93569845
643136,0.2629094
643137,0.8798049
643138,0.97590643
643139,0.99254155
643140,0.23028943
643141,0.42559505
643142,0.92287946
643143,0.98389065
643144,0.011882319
643145,0.024504703
643146,0.015319194
643147,0.92436683
643148,0.2644403
643149,0.062429048
643150,0.011796766
643151,0.92204636
643152,0.032293152
643153,0.013147818
643154,0.9794353
643155,0.0021073194
643156,0.305331
643157,0.5037122
643158,0.39621404
643159,0.7531234
643160,0.030295258
643161,0.98221993
643162,0.009980248
643163,0.13704264
643164,0.98949575
643165,0.017847031
643166,0.96849275
643167,0.09983842
643168,0.64654005
643169,0.97059286
643170,0.7240018
643171,0.2785238
643172,0.93021476
643173,0.010257756
643174,0.9977069
643175,0.035376083
643176,0.9362995
643177,0.025075506
643178,0.038787667
643179,0.0030434593
643180,0.25749183
643181,0.024701944
643182,0.06509818
643183,0.93857485
643184,0.97024375
643185,0.98827773
643186,0.85995144
643187,0.014143055
643188,0.15708795
643189,0.6444861
643190,0.9836046
643191,0.49331796
643192,0.95477414
643193,0.99346477
643194,0.47503543
643195,0.96045125
643196,0.9527757
643197,0.9948278
643198,0.9214166
643199,0.010276448
643200,0.98342896
643201,0.019767862
643202,0.0237783
643203,0.022455657
643204,0.004891682
643205,0.28223783
643206,0.3185796
643207,0.0068940315
643208,0.32045123
643209,0.9820496
643210,0.011442244
643211,0.9387898
643212,0.03525227
643213,0.99886817
643214,0.9974011
643215,0.5009269
643216,0.9275508
643217,0.24868843
643218,0.011480963
643219,0.7394868
643220,0.033973083
643221,0.77999663
643222,0.17984244
643223,0.9718722
643224,0.20479473
643225,0.7971115
643226,0.04578059
643227,0.98766387
643228,0.9291258
643229,0.14753722
643230,0.63710433
643231,0.94652575
643232,0.04059687
643233,0.01082377
643234,0.9567201
643235,0.005500783
643236,0.010039439
643237,0.9551834
643238,0.29603863
643239,0.9880972
643240,0.10528834
643241,0.9899535
643242,0.9855243
643243,0.48935133
643244,0.83995026
643245,0.4876629
643246,0.15024045
643247,0.167971
643248,0.9496737
643249,0.00896021
643250,0.016128674
643251,0.9741541
643252,0.05465969
643253,0.18405199
643254,0.7725961
643255,0.7732933
643256,0.977087
643257,0.21533161
643258,0.20867088
643259,0.9291973
643260,0.5898379
643261,0.15034056
643262,0.99819237
643263,0.990514
643264,0.92532873
643265,0.123047605
643266,0.058627643
643267,0.84317267
643268,0.56745636
643269,0.10003948
643270,0.80139816
643271,0.9982821
643272,0.03588227
643273,0.99670196
643274,0.8761766
643275,0.16564538
643276,0.15597433
643277,0.98485017
643278,0.003698939
643279,0.0071177594
643280,0.026203247
643281,0.9844821
643282,0.022208218
643283,0.5962243
643284,0.30593428
643285,0.00584755
643286,0.03701005
643287,0.04435143
643288,0.9125325
643289,0.0075817383
643290,0.22895588
643291,0.00471767
643292,0.01768371
643293,0.5061095
643294,0.95876175
643295,0.93204826
643296,0.991902
643297,0.12274882
643298,0.06584163
643299,0.98452306
643300,0.929826
643301,0.8442071
643302,0.08147282
643303,0.33200353
643304,0.13763715
643305,0.7644299
643306,0.9589267
643307,0.9917012
643308,0.0066673052
643309,0.7625758
643310,0.17538548
643311,0.9656026
643312,0.9783587
643313,0.8718133
643314,0.9502395
643315,0.9401232
643316,0.9324626
643317,0.038598694
643318,0.10246817
643319,0.9978043
643320,0.48427194
643321,0.94368666
643322,0.9339025
643323,0.8242376
643324,0.99815875
643325,0.068623565
643326,0.459921
643327,0.015298823
643328,0.13399507
643329,0.04033345
643330,0.75566155
643331,0.9717252
643332,0.0018731445
643333,0.08004745
643334,0.012656688
643335,0.9844426
643336,0.38867164
643337,0.66301036
643338,0.6777909
643339,0.8359169
643340,0.14131951
643341,0.993796
643342,0.9784235
643343,0.027958417
643344,0.031311482
643345,0.063241854
643346,0.8938328
643347,0.43096873
643348,0.010657038
643349,0.018120091
643350,0.017594706
643351,0.7864653
643352,0.9497892
643353,0.08811879
643354,0.9990424
643355,0.011409103
643356,0.08084055
643357,0.006015176
643358,0.9914682
643359,0.32133093
643360,0.020255497
643361,0.0399957
643362,0.0053647496
643363,0.0029881087
643364,0.010880189
643365,0.9241837
643366,0.021979963
643367,0.005067979
643368,0.74884737
643369,0.9975016
643370,0.7541641
643371,0.3333489
643372,0.25980958
643373,0.07455532
643374,0.8310429
643375,0.003647714
643376,0.80393565
643377,0.99844015
643378,0.57794285
643379,0.94845665
643380,0.97794485
643381,0.010981968
643382,0.037328184
643383,0.98137325
643384,0.00088171096
643385,0.04456692
643386,0.23963289
643387,0.7039952
643388,0.62220335
643389,0.007222041
643390,0.44732618
643391,0.007746607
643392,0.9846479
643393,0.98861456
643394,0.8905407
643395,0.2448174
643396,0.14770001
643397,0.016840708
643398,0.5855635
643399,0.9905115
643400,0.9269739
643401,0.21169928
643402,0.8672324
643403,0.8423999
643404,0.21222511
643405,0.10173482
643406,0.46554998
643407,0.26534766
643408,0.067395546
643409,0.055883784
643410,0.030530158
643411,0.96261764
643412,0.039774712
643413,0.60661316
643414,0.6677077
643415,0.9707724
643416,0.17277034
643417,0.016129635
643418,0.19432391
643419,0.19502708
643420,0.012954613
643421,0.040777046
643422,0.16131145
643423,0.9861576
643424,0.00415682
643425,0.7231377
643426,0.97242725
643427,0.98404217
643428,0.048771255
643429,0.43844333
643430,0.2394279
643431,0.9553155
643432,0.08033339
643433,0.0065529943
643434,0.041985773
643435,0.6613651
643436,0.9617013
643437,0.18603623
643438,0.32816833
643439,0.16095021
643440,0.9806372
643441,0.007242241
643442,0.97497344
643443,0.30603147
643444,0.9297994
643445,0.8483182
643446,0.0043925615
643447,0.57506144
643448,0.04793305
643449,0.051866565
643450,0.09139803
643451,0.016654564
643452,0.39936686
643453,0.69199336
643454,0.77844393
643455,0.016492274
643456,0.035774514
643457,0.2325562
643458,0.079396464
643459,0.021924887
643460,0.863757
643461,0.004379648
643462,0.036473103
643463,0.8695948
643464,0.13711849
643465,0.01054078
643466,0.04910242
643467,0.97670025
643468,0.6858302
643469,0.9941504
643470,0.51544076
643471,0.0112160295
643472,0.9725901
643473,0.27010465
643474,0.0070956093
643475,0.12710562
643476,0.020228405
643477,0.87642676
643478,0.14518398
643479,0.0012994122
643480,0.9632471
643481,0.9969841
643482,0.012330598
643483,0.92532194
643484,0.020764915
643485,0.35611993
643486,0.16730617
643487,0.97820383
643488,0.02738322
643489,0.256688
643490,0.40180674
643491,0.017361535
643492,0.4758197
643493,0.036337353
643494,0.9505974
643495,0.0012789714
643496,0.8290662
643497,0.967581
643498,0.0077161454
643499,0.9174672
643500,0.99420816
643501,0.9580225
643502,0.9648955
643503,0.34753597
643504,0.032950744
643505,0.07490897
643506,0.8262343
643507,0.9935057
643508,0.9885359
643509,0.9314279
643510,0.7884306
643511,0.0058803903
643512,0.060062148
643513,0.036135353
643514,0.85952675
643515,0.040006243
643516,0.048892446
643517,0.23475277
643518,0.79167306
643519,0.9366093
643520,0.011191189
643521,0.05918091
643522,0.04252103
643523,0.02233041
643524,0.9923064
643525,0.15063967
643526,0.06282435
643527,0.13158941
643528,0.026464382
643529,0.04864835
643530,0.9951434
643531,0.9916785
643532,0.029311333
643533,0.015726395
643534,0.70366704
643535,0.9756932
643536,0.64050233
643537,0.5686521
643538,0.82225883
643539,0.7042948
643540,0.011811852
643541,0.87488115
643542,0.984498
643543,0.4273931
643544,0.0062839864
643545,0.9819572
643546,0.99417543
643547,0.58681786
643548,0.022112705
643549,0.997519
643550,0.0065254373
643551,0.6263904
643552,0.13149917
643553,0.15392351
643554,0.5229646
643555,0.58502555
643556,0.872169
643557,0.029851533
643558,0.2970141
643559,0.13965262
643560,0.98879033
643561,0.9669618
643562,0.18219787
643563,0.4751315
643564,0.748982
643565,0.36813346
643566,0.9647797
643567,0.9870591
643568,0.9897479
643569,0.48994786
643570,0.0058518406
643571,0.82717294
643572,0.024968673
643573,0.06959683
643574,0.9381838
643575,0.014362682
643576,0.95239246
643577,0.14340925
643578,0.033419564
643579,0.004062611
643580,0.97246283
643581,0.7789686
643582,0.35425568
643583,0.09573065
643584,0.0756207
643585,0.9602559
643586,0.9161588
643587,0.9938195
643588,0.021751985
643589,0.03431717
643590,0.2564367
643591,0.9837549
643592,0.992388
643593,0.84572065
643594,0.0075936997
643595,0.9296048
643596,0.99431694
643597,0.7495948
643598,0.03872269
643599,0.017598685
643600,0.058761474
643601,0.9958024
643602,0.94718736
643603,0.9520241
643604,0.12348979
643605,0.9866158
643606,0.8656441
643607,0.36831462
643608,0.9739255
643609,0.9979856
643610,0.010179662
643611,0.57595885
643612,0.029578405
643613,0.9977428
643614,0.9971512
643615,0.004437316
643616,0.998215
643617,0.55767
643618,0.5030228
643619,0.8547292
643620,0.9768844
643621,0.11894263
643622,0.9121211
643623,0.9318118
643624,0.013883195
643625,0.0018096812
643626,0.49765295
643627,0.967232
643628,0.031475697
643629,0.13894215
643630,0.5256146
643631,0.89787304
643632,0.9063618
643633,0.0057189884
643634,0.110772155
643635,0.009248611
643636,0.02280357
643637,0.17427894
643638,0.7228428
643639,0.8832003
643640,0.37824345
643641,0.57076526
643642,0.002901425
643643,0.015371254
643644,0.99364674
643645,0.007051674
643646,0.0537742
643647,0.07483004
643648,0.88544214
643649,0.95619804
643650,0.015715206
643651,0.449446
643652,0.4109024
643653,0.030579548
643654,0.7110727
643655,0.9638287
643656,0.032917716
643657,0.37883765
643658,0.04532066
643659,0.0020934457
643660,0.83787763
643661,0.13900118
643662,0.024135629
643663,0.49521336
643664,0.9953046
643665,0.010314794
643666,0.049680088
643667,0.99593633
643668,0.5785873
643669,0.013398601
643670,0.8267154
643671,0.025864605
643672,0.9753908
643673,0.9952359
643674,0.006298663
643675,0.010425745
643676,0.019631833
643677,0.2333844
643678,0.0061071552
643679,0.26262552
643680,0.9873062
643681,0.989897
643682,0.97810376
643683,0.03406098
643684,0.035329588
643685,0.9168947
643686,0.22208533
643687,0.32053015
643688,0.0029743894
643689,0.86453533
643690,0.073615186
643691,0.035687882
643692,0.9987465
643693,0.19245662
643694,0.017430373
643695,0.021315293
643696,0.31973124
643697,0.20964862
643698,0.08892187
643699,0.11834407
643700,0.9385451
643701,0.019858345
643702,0.7181174
643703,0.9961476
643704,0.9801186
643705,0.98395735
643706,0.9825885
643707,0.0012866401
643708,0.098764226
643709,0.03640908
643710,0.010872552
643711,0.036941607
643712,0.078339085
643713,0.74264455
643714,0.007825282
643715,0.066704065
643716,0.015700845
643717,0.94574904
643718,0.015161248
643719,0.6351996
643720,0.8750117
643721,0.57309735
643722,0.056131534
643723,0.20557812
643724,0.047037624
643725,0.05692331
643726,0.52616465
643727,0.005690808
643728,0.98798084
643729,0.9731045
643730,0.839497
643731,0.10720652
643732,0.81081605
643733,0.90534973
643734,0.1279234
643735,0.10806871
643736,0.9508295
643737,0.9448255
643738,0.95137316
643739,0.017372802
643740,0.045255646
643741,0.11791265
643742,0.8480755
643743,0.7156457
643744,0.034814175
643745,0.03856645
643746,0.061101504
643747,0.007970155
643748,0.033446617
643749,0.44167197
643750,0.010568413
643751,0.002893926
643752,0.9991486
643753,0.973708
643754,0.9041498
643755,0.96859026
643756,0.8499649
643757,0.0034004694
643758,0.03936474
643759,0.83319765
643760,0.9740692
643761,0.9844374
643762,0.29558367
643763,0.0019605127
643764,0.31958878
643765,0.94365245
643766,0.027598081
643767,0.84598553
643768,0.02860485
643769,0.0040925257
643770,0.046106156
643771,0.026528923
643772,0.009412211
643773,0.089171134
643774,0.008301006
643775,0.016098881
643776,0.99496424
643777,0.9875595
643778,0.06930776
643779,0.90828526
643780,0.9751477
643781,0.10999843
643782,0.9525074
643783,0.012077678
643784,0.19935688
643785,0.45068523
643786,0.0073643806
643787,0.68151927
643788,0.99816656
643789,0.97549534
643790,0.91299695
643791,0.9907037
643792,0.9857145
643793,0.9405838
643794,0.97374094
643795,0.72451043
643796,0.007791948
643797,0.9963455
643798,0.09241757
643799,0.42877138
643800,0.1295201
643801,0.0013337017
643802,0.23405437
643803,0.9802005
643804,0.11072294
643805,0.10809122
643806,0.013281164
643807,0.01537907
643808,0.9959523
643809,0.25175163
643810,0.9714579
643811,0.9916955
643812,0.15134595
643813,0.9084781
643814,0.49381775
643815,0.046505243
643816,0.9859457
643817,0.033498425
643818,0.0053307633
643819,0.95510244
643820,0.032452542
643821,0.99490976
643822,0.6762248
643823,0.87520915
643824,0.01873101
643825,0.009451876
643826,0.23026234
643827,0.0067771296
643828,0.9849021
643829,0.018307941
643830,0.08775995
643831,0.92498505
643832,0.97731936
643833,0.0035587288
643834,0.99671733
643835,0.7574405
643836,0.38099062
643837,0.038689945
643838,0.99440104
643839,0.029449401
643840,0.122767456
643841,0.022732813
643842,0.6473997
643843,0.9977471
643844,0.051020946
643845,0.28095162
643846,0.9980068
643847,0.02820989
643848,0.9983343
643849,0.013905795
643850,0.9571408
643851,0.9478635
643852,0.9867122
643853,0.00087666337
643854,0.5739033
643855,0.52495265
643856,0.08659216
643857,0.0149595495
643858,0.94454956
643859,0.75362575
643860,0.9711685
643861,0.008254632
643862,0.012512702
643863,0.18327923
643864,0.94516796
643865,0.06577195
643866,0.021232693
643867,0.96602076
643868,0.005938976
643869,0.04169476
643870,0.9897806
643871,0.987242
643872,0.07217907
643873,0.0029836658
643874,0.9642125
643875,0.0072797565
643876,0.04211551
643877,0.036906984
643878,0.011500375
643879,0.8015046
643880,0.1627035
643881,0.033386983
643882,0.68118197
643883,0.9743129
643884,0.2971963
643885,0.079982884
643886,0.88828474
643887,0.6010957
643888,0.25151667
643889,0.9857824
643890,0.15691623
643891,0.3109874
643892,0.062092192
643893,0.004486953
643894,0.017803691
643895,0.012657002
643896,0.03722714
643897,0.85960186
643898,0.024014674
643899,0.2445111
643900,0.996221
643901,0.9477607
643902,0.9356691
643903,0.009510758
643904,0.020434294
643905,0.88180745
643906,0.056005187
643907,0.015002442
643908,0.033434708
643909,0.37417024
643910,0.20820515
643911,0.012218982
643912,0.012096704
643913,0.89423114
643914,0.82073814
643915,0.9712617
643916,0.1694085
643917,0.9891622
643918,0.028797824
643919,0.19408698
643920,0.99162877
643921,0.15596709
643922,0.0074164392
643923,0.96855986
643924,0.99884534
643925,0.1677496
643926,0.4409552
643927,0.00886802
643928,0.100901075
643929,0.98131704
643930,0.095099784
643931,0.9961204
643932,0.025297638
643933,0.996624
643934,0.7575375
643935,0.6386092
643936,0.011301183
643937,0.04736892
643938,0.42501763
643939,0.99427843
643940,0.015229419
643941,0.011071684
643942,0.8496743
643943,0.88554394
643944,0.2127749
643945,0.0018806296
643946,0.39273012
643947,0.26482555
643948,0.19464932
643949,0.906309
643950,0.00034765355
643951,0.025851876
643952,0.8579778
643953,0.026780115
643954,0.011299011
643955,0.92958224
643956,0.03370607
643957,0.10869482
643958,0.95985556
643959,0.022839544
643960,0.1610378
643961,0.0041405563
643962,0.081488594
643963,0.05116821
643964,0.9794931
643965,0.8621579
643966,0.02311874
643967,0.8036978
643968,0.46405327
643969,0.001800073
643970,0.48847649
643971,0.05566722
643972,0.004977117
643973,0.42812896
643974,0.59574854
643975,0.85527694
643976,0.66834456
643977,0.028716872
643978,0.435241
643979,0.0017908232
643980,0.005381109
643981,0.015431956
643982,0.008168787
643983,0.90672785
643984,0.49392986
643985,0.09603115
643986,0.1522463
643987,0.88052094
643988,0.9974539
643989,0.10737273
643990,0.9986232
643991,0.15091091
643992,0.4426275
643993,0.96934944
643994,0.97002876
643995,0.031907756
643996,0.99151814
643997,0.3250442
643998,0.010164171
643999,0.9766718
644000,0.106003754
644001,0.054045506
644002,0.13429144
644003,0.98658997
644004,0.96931565
644005,0.37660766
644006,0.1859444
644007,0.36728346
644008,0.023446206
644009,0.19465041
644010,0.05320544
644011,0.14118949
644012,0.018177103
644013,0.10185574
644014,0.9972918
644015,0.97780716
644016,0.0036361795
644017,0.9793776
644018,0.04305894
644019,0.98625994
644020,0.2536465
644021,0.8840435
644022,0.27979454
644023,0.9599176
644024,0.9982867
644025,0.0032724058
644026,0.72810733
644027,0.97983766
644028,0.5813912
644029,0.07991164
644030,0.99875456
644031,0.03940235
644032,0.3086453
644033,0.9566436
644034,0.16125797
644035,0.9987563
644036,0.060174976
644037,0.018642046
644038,0.008027721
644039,0.015215898
644040,0.8233769
644041,0.0021374554
644042,0.02236508
644043,0.9086049
644044,0.006292263
644045,0.4785086
644046,0.9944383
644047,0.013354402
644048,0.46306455
644049,0.90170133
644050,0.0206956
644051,0.34544045
644052,0.11910215
644053,0.041743174
644054,0.6800043
644055,0.84490395
644056,0.3854416
644057,0.87868917
644058,0.89501387
644059,0.15239295
644060,0.6215656
644061,0.41504598
644062,0.0045864843
644063,0.017195687
644064,0.95715016
644065,0.04138317
644066,0.28943914
644067,0.99692
644068,0.36635187
644069,0.77196306
644070,0.19625734
644071,0.45533353
644072,0.017506797
644073,0.99476755
644074,0.9990311
644075,0.09296077
644076,0.73125494
644077,0.2386314
644078,0.94885826
644079,0.7000189
644080,0.016951133
644081,0.44092527
644082,0.545134
644083,0.23622586
644084,0.9584546
644085,0.25414547
644086,0.89334965
644087,0.99117625
644088,0.9395753
644089,0.99460196
644090,0.35286796
644091,0.011382147
644092,0.37572438
644093,0.98789227
644094,0.025986547
644095,0.88701725
644096,0.041381158
644097,0.9843014
644098,0.08078247
644099,0.9145867
644100,0.9939028
644101,0.0035269589
644102,0.945884
644103,0.3920582
644104,0.91648805
644105,0.5099899
644106,0.97541714
644107,0.7211339
644108,0.009716383
644109,0.07341188
644110,0.8767295
644111,0.93833184
644112,0.09548812
644113,0.007475567
644114,0.06164639
644115,0.036786623
644116,0.9875113
644117,0.99190235
644118,0.048399054
644119,0.937956
644120,0.99853414
644121,0.9813801
644122,0.99347204
644123,0.030888263
644124,0.009997894
644125,0.014273033
644126,0.10402101
644127,0.86917543
644128,0.006128191
644129,0.7190894
644130,0.9986594
644131,0.99391437
644132,0.009208912
644133,0.08919723
644134,0.6519011
644135,0.02589976
644136,0.08330203
644137,0.004743004
644138,0.99569756
644139,0.9990012
644140,0.86574244
644141,0.46606737
644142,0.2131704
644143,0.82406056
644144,0.2804786
644145,0.24741003
644146,0.024532001
644147,0.60400456
644148,0.37413818
644149,0.042692278
644150,0.74305725
644151,0.06440301
644152,0.98306257
644153,0.043982
644154,0.120647445
644155,0.948445
644156,0.9197381
644157,0.9376631
644158,0.037757516
644159,0.9984664
644160,0.0057562697
644161,0.023315912
644162,0.43744278
644163,0.99742687
644164,0.74378246
644165,0.039506953
644166,0.87291497
644167,0.93002945
644168,0.30048874
644169,0.9149801
644170,0.9061532
644171,0.9942568
644172,0.7924411
644173,0.41995263
644174,0.9972394
644175,0.017001644
644176,0.9967945
644177,0.012318191
644178,0.68887573
644179,0.026274398
644180,0.9616903
644181,0.0026658806
644182,0.011462562
644183,0.9964517
644184,0.01792515
644185,0.1347101
644186,0.99287635
644187,0.005064874
644188,0.80104256
644189,0.10005297
644190,0.050368518
644191,0.019071823
644192,0.9979712
644193,0.408742
644194,0.01533705
644195,0.027403355
644196,0.5731343
644197,0.012789024
644198,0.007644871
644199,0.9929497
644200,0.8300622
644201,0.9567843
644202,0.9920886
644203,0.34305376
644204,0.99788
644205,0.96726584
644206,0.96404654
644207,0.33237755
644208,0.96790093
644209,0.99605644
644210,0.00419329
644211,0.0070796
644212,0.9458605
644213,0.98570126
644214,0.012097649
644215,0.028289014
644216,0.982803
644217,0.82393163
644218,0.08305891
644219,0.0187856
644220,0.25362247
644221,0.03704207
644222,0.9302157
644223,0.0718891
644224,0.19516288
644225,0.035993367
644226,0.20195843
644227,0.98559433
644228,0.08284634
644229,0.09651764
644230,0.81634545
644231,0.9466327
644232,0.020410286
644233,0.26027608
644234,0.018681252
644235,0.9951777
644236,0.004766089
644237,0.99906594
644238,0.004426161
644239,0.84225994
644240,0.7328608
644241,0.02108815
644242,0.04565151
644243,0.03203443
644244,0.16007768
644245,0.059456006
644246,0.01357431
644247,0.018834345
644248,0.94857156
644249,0.7648006
644250,0.021701265
644251,0.013187118
644252,0.031179795
644253,0.15950026
644254,0.048157804
644255,0.16815221
644256,0.88001746
644257,0.99905974
644258,0.053304736
644259,0.07297334
644260,0.99040604
644261,0.14958915
644262,0.94067883
644263,0.9929256
644264,0.011969234
644265,0.8933685
644266,0.010384167
644267,0.026314318
644268,0.28716648
644269,0.7238669
644270,0.038863704
644271,0.9627409
644272,0.49340132
644273,0.32695982
644274,0.9796109
644275,0.97580266
644276,0.9955067
644277,0.041132413
644278,0.020810695
644279,0.0030784616
644280,0.9514681
644281,0.028429165
644282,0.004616973
644283,0.994156
644284,0.19890133
644285,0.04840415
644286,0.97479314
644287,0.4347434
644288,0.9774809
644289,0.9652699
644290,0.07801266
644291,0.65365094
644292,0.69470596
644293,0.023935877
644294,0.44270468
644295,0.041158088
644296,0.6707271
644297,0.00034971195
644298,0.016013619
644299,0.04380601
644300,0.0055834223
644301,0.9969903
644302,0.99907655
644303,0.010228166
644304,0.018433196
644305,0.6059123
644306,0.9742741
644307,0.21224917
644308,0.023622058
644309,0.04641008
644310,0.16178949
644311,0.9214689
644312,0.9398366
644313,0.99581915
644314,0.9968903
644315,0.041386813
644316,0.9955425
644317,0.8968316
644318,0.9664355
644319,0.0089415265
644320,0.41486862
644321,0.012048974
644322,0.009377744
644323,0.79735243
644324,0.9971838
644325,0.005686058
644326,0.032853566
644327,0.67439747
644328,0.07747866
644329,0.018033966
644330,0.2779619
644331,0.15160093
644332,0.014747858
644333,0.19325972
644334,0.91738474
644335,0.025922483
644336,0.14254937
644337,0.99816805
644338,0.9932419
644339,0.28007877
644340,0.027447328
644341,0.99148744
644342,0.0035807607
644343,0.48025215
644344,0.0077182706
644345,0.013529002
644346,0.9985329
644347,0.046213746
644348,0.007342532
644349,0.6309627
644350,0.7533001
644351,0.025612827
644352,0.05202544
644353,0.16253096
644354,0.119317934
644355,0.09869063
644356,0.9969136
644357,0.975825
644358,0.44220936
644359,0.08831619
644360,0.06941351
644361,0.64421326
644362,0.061491877
644363,0.9968698
644364,0.014174333
644365,0.37636733
644366,0.98774403
644367,0.6733718
644368,0.042668663
644369,0.9965654
644370,0.01798856
644371,0.053748943
644372,0.94010115
644373,0.0043295603
644374,0.99364555
644375,0.36426014
644376,0.19304034
644377,0.7006071
644378,0.99150956
644379,0.28882146
644380,0.99305475
644381,0.8930062
644382,0.032829165
644383,0.20334566
644384,0.90056366
644385,0.0071928888
644386,0.14270405
644387,0.5355442
644388,0.72700644
644389,0.8986831
644390,0.9491073
644391,0.00797474
644392,0.29110128
644393,0.016565047
644394,0.004519075
644395,0.89324343
644396,0.016096298
644397,0.007937277
644398,0.006715141
644399,0.98310983
644400,0.056752056
644401,0.12606192
644402,0.008103823
644403,0.07150991
644404,0.035545044
644405,0.6531429
644406,0.3030365
644407,0.96465147
644408,0.92898846
644409,0.108501315
644410,0.9950587
644411,0.018791366
644412,0.30750656
644413,0.0138009945
644414,0.087309316
644415,0.50799
644416,0.8276296
644417,0.9827321
644418,0.8840486
644419,0.79265594
644420,0.30468225
644421,0.022613093
644422,0.95363337
644423,0.71386623
644424,0.7803433
644425,0.99343395
644426,0.93080723
644427,0.8538364
644428,0.9992168
644429,0.5187341
644430,0.9848745
644431,0.031564884
644432,0.021316862
644433,0.33211553
644434,0.8007289
644435,0.9806269
644436,0.9667875
644437,0.9493162
644438,0.00040998653
644439,0.433703
644440,0.9920943
644441,0.5873798
644442,0.08394894
644443,0.06794953
644444,0.8604137
644445,0.9819228
644446,0.9897082
644447,0.097214475
644448,0.9594062
644449,0.026550094
644450,0.40034026
644451,0.1849733
644452,0.46510154
644453,0.67125994
644454,0.99561226
644455,0.31143457
644456,0.04575676
644457,0.017998315
644458,0.032149047
644459,0.9485963
644460,0.9949984
644461,0.012917519
644462,0.98873156
644463,0.97884995
644464,0.6525427
644465,0.3422837
644466,0.010273367
644467,0.9167713
644468,0.71626824
644469,0.90505886
644470,0.9718617
644471,0.96771085
644472,0.013208205
644473,0.8219002
644474,0.93203855
644475,0.009774311
644476,0.99863726
644477,0.3546102
644478,0.04016132
644479,0.99803376
644480,0.6722348
644481,0.028824888
644482,0.90913916
644483,0.0073137684
644484,0.9183129
644485,0.022355234
644486,0.030775929
644487,0.6020532
644488,0.03366463
644489,0.9931473
644490,0.02464124
644491,0.96503186
644492,0.98537564
644493,0.015672017
644494,0.88218683
644495,0.044423606
644496,0.07490946
644497,0.9983355
644498,0.51934505
644499,0.07040909
644500,0.008065426
644501,0.8196336
644502,0.97451967
644503,0.9030388
644504,0.9423403
644505,0.9684056
644506,0.006078764
644507,0.012647983
644508,0.06609006
644509,0.090030044
644510,0.4687326
644511,0.28175455
644512,0.9600634
644513,0.95587593
644514,0.9978548
644515,0.99692756
644516,0.9938241
644517,0.056376368
644518,0.01571573
644519,0.9960313
644520,0.011481784
644521,0.028808821
644522,0.026459914
644523,0.2897786
644524,0.11919514
644525,0.022988722
644526,0.008149274
644527,0.94102466
644528,0.043248173
644529,0.010370876
644530,0.07207404
644531,0.99369705
644532,0.09469512
644533,0.11074625
644534,0.9892509
644535,0.101494715
644536,0.1157403
644537,0.7033477
644538,0.0072852327
644539,0.10201304
644540,0.5922747
644541,0.21341209
644542,0.305125
644543,0.63126165
644544,0.049508467
644545,0.018420048
644546,0.6875675
644547,0.98228157
644548,0.8569002
644549,0.9742793
644550,0.58686733
644551,0.9955191
644552,0.98444366
644553,0.38812315
644554,0.85715973
644555,0.044166207
644556,0.62077975
644557,0.13317113
644558,0.030624932
644559,0.9941447
644560,0.25201443
644561,0.042239405
644562,0.00871245
644563,0.49975085
644564,0.14171514
644565,0.5071199
644566,0.9883049
644567,0.081131786
644568,0.9771211
644569,0.011568775
644570,0.019358994
644571,0.008842805
644572,0.047940675
644573,0.022103142
644574,0.022818305
644575,0.05137697
644576,0.48110995
644577,0.46366262
644578,0.4552501
644579,0.67877126
644580,0.98295647
644581,0.06388902
644582,0.9292167
644583,0.9832778
644584,0.019999672
644585,0.90812266
644586,0.99276745
644587,0.018027386
644588,0.016532555
644589,0.9732898
644590,0.019921586
644591,0.07820828
644592,0.025171045
644593,0.015480908
644594,0.015404735
644595,0.85143626
644596,0.074059315
644597,0.028988112
644598,0.08800061
644599,0.023329504
644600,0.0026984129
644601,0.8609099
644602,0.9681138
644603,0.94944715
644604,0.9865662
644605,0.015768286
644606,0.98075306
644607,0.4102944
644608,0.008150624
644609,0.9813233
644610,0.1447953
644611,0.8328511
644612,0.96844363
644613,0.0045813844
644614,0.20305225
644615,0.32312334
644616,0.9011692
644617,0.23985094
644618,0.6890946
644619,0.017702421
644620,0.32815996
644621,0.06658745
644622,0.023308877
644623,0.26166993
644624,0.9574574
644625,0.95684505
644626,0.019204704
644627,0.9693259
644628,0.008434596
644629,0.17822948
644630,0.0672721
644631,0.9929757
644632,0.6673353
644633,0.08061321
644634,0.020440992
644635,0.07769944
644636,0.03774137
644637,0.9198318
644638,0.02159087
644639,0.5532507
644640,0.007086545
644641,0.6208175
644642,0.8651501
644643,0.9738717
644644,0.99307907
644645,0.07173541
644646,0.8146579
644647,0.07741666
644648,0.2951179
644649,0.98861116
644650,0.17482357
644651,0.018077588
644652,0.09999277
644653,0.21242824
644654,0.5793894
644655,0.028185429
644656,0.017661484
644657,0.87549686
644658,0.62821716
644659,0.816149
644660,0.007983888
644661,0.7830266
644662,0.05943694
644663,0.07181294
644664,0.6561403
644665,0.0018994737
644666,0.16253363
644667,0.013930464
644668,0.040120915
644669,0.07811675
644670,0.9316011
644671,0.9933146
644672,0.79036367
644673,0.8949097
644674,0.5416911
644675,0.9979768
644676,0.39624083
644677,0.07208083
644678,0.9715014
644679,0.018465497
644680,0.02272826
644681,0.9647293
644682,0.056350395
644683,0.02384209
644684,0.07229948
644685,0.9983317
644686,0.99849576
644687,0.20524405
644688,0.0020192391
644689,0.9227322
644690,0.08502105
644691,0.9616104
644692,0.027533649
644693,0.94021434
644694,0.03674738
644695,0.089118324
644696,0.9933111
644697,0.8587986
644698,0.9889274
644699,0.010498135
644700,0.90601707
644701,0.94790137
644702,0.009691287
644703,0.018517153
644704,0.038702834
644705,0.99785626
644706,0.27114704
644707,0.016342696
644708,0.9822752
644709,0.009413475
644710,0.9519044
644711,0.25563332
644712,0.50842273
644713,0.22361836
644714,0.87186414
644715,0.053681336
644716,0.02421126
644717,0.0041221064
644718,0.9945216
644719,0.4936753
644720,0.0062534176
644721,0.23458226
644722,0.05647183
644723,0.9704876
644724,0.84512925
644725,0.86181474
644726,0.02045633
644727,0.9978281
644728,0.983357
644729,0.020884324
644730,0.8787333
644731,0.9674734
644732,0.056132186
644733,0.03555265
644734,0.19701147
644735,0.7224835
644736,0.009460025
644737,0.6945342
644738,0.68330353
644739,0.9948198
644740,0.8140767
644741,0.9695785
644742,0.8830733
644743,0.9707509
644744,0.6494622
644745,0.77950716
644746,0.99692804
644747,0.14754082
644748,0.26482922
644749,0.12803093
644750,0.04554029
644751,0.0035807448
644752,0.002521459
644753,0.86177385
644754,0.9926225
644755,0.054792415
644756,0.9897858
644757,0.32044068
644758,0.89152193
644759,0.0409973
644760,0.695382
644761,0.1281417
644762,0.108832896
644763,0.009067631
644764,0.005114966
644765,0.005485064
644766,0.84857213
644767,0.978914
644768,0.9780022
644769,0.11251077
644770,0.014631895
644771,0.090240836
644772,0.024413977
644773,0.08190915
644774,0.3499042
644775,0.21853201
644776,0.16835342
644777,0.04028776
644778,0.973124
644779,0.33946064
644780,0.05576464
644781,0.92109483
644782,0.031870082
644783,0.9584289
644784,0.26530838
644785,0.7973326
644786,0.9328721
644787,0.43072784
644788,0.011856781
644789,0.07558735
644790,0.90529513
644791,0.008705799
644792,0.16265249
644793,0.024084428
644794,0.8675047
644795,0.9065072
644796,0.051584665
644797,0.25530398
644798,0.99670714
644799,0.9989939
644800,0.15164958
644801,0.3917109
644802,0.96178454
644803,0.09203764
644804,0.02798808
644805,0.9266311
644806,0.31763554
644807,0.48910144
644808,0.72623056
644809,0.082677454
644810,0.4741965
644811,0.01675395
644812,0.9747229
644813,0.53940964
644814,0.014340929
644815,0.95610607
644816,0.02930495
644817,0.28371546
644818,0.24973348
644819,0.016874362
644820,0.98533726
644821,0.7110367
644822,0.01113305
644823,0.24883199
644824,0.23400995
644825,0.117815286
644826,0.9425599
644827,0.9217501
644828,0.06791614
644829,0.061396286
644830,0.9870107
644831,0.08531208
644832,0.9366747
644833,0.9966232
644834,0.005909956
644835,0.0095736785
644836,0.26778919
644837,0.004558064
644838,0.88906217
644839,0.11534229
644840,0.75300384
644841,0.49142036
644842,0.0068869754
644843,0.004164093
644844,0.22888589
644845,0.08596648
644846,0.04150879
644847,0.123548225
644848,0.9618729
644849,0.99330014
644850,0.047079593
644851,0.010497131
644852,0.9582763
644853,0.99129957
644854,0.9950836
644855,0.98618174
644856,0.16021435
644857,0.07539737
644858,0.03649039
644859,0.9715885
644860,0.009611272
644861,0.02127127
644862,0.29586068
644863,0.025253464
644864,0.8285849
644865,0.013654189
644866,0.25911197
644867,0.010245049
644868,0.960635
644869,0.7392919
644870,0.021999214
644871,0.002203121
644872,0.18737581
644873,0.69120914
644874,0.99601436
644875,0.98241127
644876,0.014169653
644877,0.027866445
644878,0.9407787
644879,0.2883239
644880,0.006126502
644881,0.31323394
644882,0.9611435
644883,0.47115743
644884,0.009500939
644885,0.013305483
644886,0.634836
644887,0.41017196
644888,0.9920526
644889,0.0006120262
644890,0.034098998
644891,0.3476054
644892,0.040084425
644893,0.99860096
644894,0.02704863
644895,0.98069745
644896,0.14277002
644897,0.22523703
644898,0.9919687
644899,0.2679956
644900,0.9768101
644901,0.05609148
644902,0.032195576
644903,0.108249605
644904,0.32085508
644905,0.8106654
644906,0.04892857
644907,0.31825832
644908,0.010952067
644909,0.0144124525
644910,0.9976345
644911,0.9341595
644912,0.97940344
644913,0.42707938
644914,0.9734458
644915,0.032519806
644916,0.406188
644917,0.29884988
644918,0.8157388
644919,0.0042784764
644920,0.44026944
644921,0.23814571
644922,0.028124018
644923,0.485099
644924,0.061294384
644925,0.016738424
644926,0.018111695
644927,0.003335941
644928,0.4605137
644929,0.47467795
644930,0.008831484
644931,0.01441819
644932,0.97585005
644933,0.027170695
644934,0.09360324
644935,0.22171983
644936,0.025347112
644937,0.014781019
644938,0.91060543
644939,0.9532901
644940,0.9626515
644941,0.0410383
644942,0.9763292
644943,0.71460134
644944,0.16001968
644945,0.33642834
644946,0.98005164
644947,0.99229205
644948,0.07718818
644949,0.94495857
644950,0.97698957
644951,0.45053756
644952,0.9755537
644953,0.7208682
644954,0.027625762
644955,0.011684487
644956,0.15714213
644957,0.0092821065
644958,0.9515156
644959,0.8932061
644960,0.72789955
644961,0.56036556
644962,0.43830115
644963,0.97465926
644964,0.95459807
644965,0.05844164
644966,0.031534556
644967,0.9587295
644968,0.8404146
644969,0.1236922
644970,0.31847304
644971,0.43673873
644972,0.5462711
644973,0.3741299
644974,0.972578
644975,0.99518013
644976,0.99520385
644977,0.9605861
644978,0.78899366
644979,0.34432817
644980,0.26871675
644981,0.09778392
644982,0.06349282
644983,0.9257841
644984,0.041924328
644985,0.9951468
644986,0.9621154
644987,0.022395821
644988,0.05089916
644989,0.90286463
644990,0.006503084
644991,0.0538209
644992,0.99524015
644993,0.018135387
644994,0.9739342
644995,0.9983386
644996,0.14535315
644997,0.89905125
644998,0.94016886
644999,0.016398808
645000,0.026607433
645001,0.53941107
645002,0.0316928
645003,0.9617375
645004,0.15469414
645005,0.97539335
645006,0.102449745
645007,0.9251201
645008,0.013767593
645009,0.026643068
645010,0.9222925
645011,0.9963111
645012,0.08402093
645013,0.994641
645014,0.0056903413
645015,0.22677861
645016,0.007598953
645017,0.7556239
645018,0.9868485
645019,0.00434672
645020,0.051832944
645021,0.8942687
645022,0.95443875
645023,0.6520178
645024,0.06351209
645025,0.04306072
645026,0.39396125
645027,0.36777708
645028,0.009769324
645029,0.84422183
645030,0.00898658
645031,0.004625173
645032,0.9761252
645033,0.0056669926
645034,0.023214588
645035,0.24699429
645036,0.825258
645037,0.022272505
645038,0.005809577
645039,0.9898907
645040,0.01198047
645041,0.30910382
645042,0.87112266
645043,0.035251558
645044,0.12207583
645045,0.5896776
645046,0.008627216
645047,0.007719464
645048,0.025870066
645049,0.0021614674
645050,0.00836966
645051,0.7656026
645052,0.018210439
645053,0.39888954
645054,0.008811852
645055,0.13354425
645056,0.0054441476
645057,0.021708028
645058,0.013145274
645059,0.9968004
645060,0.0015725209
645061,0.053828843
645062,0.019563146
645063,0.27253297
645064,0.2322626
645065,0.693289
645066,0.8437576
645067,0.70151615
645068,0.7342922
645069,0.033114128
645070,0.09460001
645071,0.11007193
645072,0.005057586
645073,0.9828997
645074,0.8619492
645075,0.018390818
645076,0.054615557
645077,0.012753887
645078,0.66393864
645079,0.014857904
645080,0.99858093
645081,0.022984136
645082,0.9943963
645083,0.5437067
645084,0.04015526
645085,0.9695112
645086,0.17166206
645087,0.014253432
645088,0.9776632
645089,0.2981754
645090,0.13295223
645091,0.98531985
645092,0.012807733
645093,0.989962
645094,0.02385315
645095,0.009453484
645096,0.9775476
645097,0.9947678
645098,0.14807433
645099,0.95162344
645100,0.010662062
645101,0.002020466
645102,0.92435956
645103,0.99798894
645104,0.0029672745
645105,0.25175902
645106,0.79548854
645107,0.9971642
645108,0.019379362
645109,0.070028424
645110,0.99246097
645111,0.9842763
645112,0.93255687
645113,0.92470074
645114,0.5220642
645115,0.068420745
645116,0.065297395
645117,0.9871191
645118,0.97836876
645119,0.08008699
645120,0.028270349
645121,0.15006648
645122,0.004353636
645123,0.4908383
645124,0.9835866
645125,0.29452693
645126,0.84606147
645127,0.958578
645128,0.07738567
645129,0.17073315
645130,0.8427881
645131,0.20393932
645132,0.049965713
645133,0.18082233
645134,0.10275561
645135,0.9926195
645136,0.023922177
645137,0.1093489
645138,0.016199874
645139,0.98327
645140,0.9681164
645141,0.035880268
645142,0.423809
645143,0.49346665
645144,0.97212815
645145,0.03355883
645146,0.7908581
645147,0.9718293
645148,0.9680971
645149,0.6140062
645150,0.28401425
645151,0.4742944
645152,0.008266312
645153,0.034858633
645154,0.007219661
645155,0.16695797
645156,0.07369882
645157,0.87377656
645158,0.986266
645159,0.04210539
645160,0.8354932
645161,0.9456455
645162,0.46654892
645163,0.01052566
645164,0.03938755
645165,0.96606493
645166,0.77872914
645167,0.6003319
645168,0.032195456
645169,0.07561374
645170,0.009930747
645171,0.00983103
645172,0.09211992
645173,0.53393394
645174,0.970191
645175,0.88827664
645176,0.0019636694
645177,0.96891296
645178,0.6327745
645179,0.13027763
645180,0.62968576
645181,0.8607376
645182,0.06312187
645183,0.09108013
645184,0.9944917
645185,0.63972354
645186,0.03232227
645187,0.03618736
645188,0.072109364
645189,0.012871913
645190,0.46431544
645191,0.014141865
645192,0.99553686
645193,0.0015232351
645194,0.99832594
645195,0.06008225
645196,0.020154439
645197,0.07981384
645198,0.27043858
645199,0.34548694
645200,0.030447837
645201,0.08769042
645202,0.906027
645203,0.073698476
645204,0.07488713
645205,0.0037273583
645206,0.013081864
645207,0.017577274
645208,0.0020310734
645209,0.07303112
645210,0.09027998
645211,0.4899745
645212,0.8044071
645213,0.9325202
645214,0.19110861
645215,0.34987286
645216,0.98122156
645217,0.9943468
645218,0.031228842
645219,0.96848094
645220,0.994895
645221,0.92358625
645222,0.025694812
645223,0.38513145
645224,0.042227082
645225,0.015807956
645226,0.007016512
645227,0.5742079
645228,0.058528043
645229,0.012655421
645230,0.03111877
645231,0.32470945
645232,0.9101667
645233,0.8071936
645234,0.051886253
645235,0.94556975
645236,0.9360778
645237,0.8590873
645238,0.0126645835
645239,0.29912728
645240,0.77418536
645241,0.15982327
645242,0.15161829
645243,0.94013137
645244,0.97800463
645245,0.9843862
645246,0.022199512
645247,0.012207485
645248,0.46439844
645249,0.05717177
645250,0.12067258
645251,0.93491685
645252,0.017736804
645253,0.36391175
645254,0.014520118
645255,0.031363934
645256,0.9332465
645257,0.9681613
645258,0.32386795
645259,0.07692427
645260,0.011884046
645261,0.87602496
645262,0.057791322
645263,0.056744467
645264,0.94819236
645265,0.12211668
645266,0.98557365
645267,0.04422458
645268,0.07296261
645269,0.0755292
645270,0.22119181
645271,0.010256181
645272,0.85694253
645273,0.87733626
645274,0.993228
645275,0.1374574
645276,0.026903417
645277,0.9907682
645278,0.9905498
645279,0.49012452
645280,0.37944347
645281,0.122694865
645282,0.42382872
645283,0.99899936
645284,0.3510892
645285,0.009967407
645286,0.07601674
645287,0.04397741
645288,0.01775939
645289,0.010667996
645290,0.9323647
645291,0.5929362
645292,0.009222697
645293,0.8106334
645294,0.95911086
645295,0.0046692155
645296,0.009290984
645297,0.10092775
645298,0.9159803
645299,0.5319164
645300,0.47544006
645301,0.030911857
645302,0.015699139
645303,0.9942557
645304,0.8801045
645305,0.14112173
645306,0.081084155
645307,0.3713115
645308,0.045857977
645309,0.6308492
645310,0.020119105
645311,0.049877405
645312,0.96435475
645313,0.8530985
645314,0.031077843
645315,0.9861455
645316,0.16278514
645317,0.89968175
645318,0.24142589
645319,0.801781
645320,0.94164395
645321,0.827604
645322,0.9782184
645323,0.4586097
645324,0.009533804
645325,0.15627494
645326,0.18507484
645327,0.1279843
645328,0.9031373
645329,0.06617507
645330,0.9992374
645331,0.014759568
645332,0.032056555
645333,0.38792133
645334,0.988394
645335,0.93963647
645336,0.9913304
645337,0.39590743
645338,0.3266442
645339,0.9984833
645340,0.14672944
645341,0.68366224
645342,0.04143989
645343,0.1372579
645344,0.9641535
645345,0.01578356
645346,0.0071601835
645347,0.016072396
645348,0.9762699
645349,0.003675594
645350,0.9316843
645351,0.9838838
645352,0.0069859196
645353,0.9913131
645354,0.22985402
645355,0.021311084
645356,0.07401383
645357,0.08129976
645358,0.43902224
645359,0.01445625
645360,0.9788022
645361,0.86863756
645362,0.0065551554
645363,0.8628217
645364,0.012606867
645365,0.94946015
645366,0.15593432
645367,0.69744796
645368,0.99900085
645369,0.9847626
645370,0.01432304
645371,0.79552376
645372,0.47979504
645373,0.953844
645374,0.9936712
645375,0.9803142
645376,0.11677173
645377,0.66852707
645378,0.99724585
645379,0.01429139
645380,0.22588651
645381,0.92536163
645382,0.20876515
645383,0.014010367
645384,0.23552172
645385,0.83266187
645386,0.028907888
645387,0.0037414806
645388,0.9200764
645389,0.079425745
645390,0.014336644
645391,0.046509027
645392,0.013805992
645393,0.9879349
645394,0.7133747
645395,0.069633156
645396,0.98211426
645397,0.8804462
645398,0.72656506
645399,0.71988
645400,0.8986337
645401,0.73685175
645402,0.031136582
645403,0.67318344
645404,0.88176566
645405,0.012858158
645406,0.9728621
645407,0.99419576
645408,0.06680121
645409,0.10936316
645410,0.9932264
645411,0.0033769235
645412,0.9686389
645413,0.5348107
645414,0.99955916
645415,0.025832936
645416,0.036511965
645417,0.829144
645418,0.0997825
645419,0.042110994
645420,0.08705564
645421,0.028862013
645422,0.9974861
645423,0.9539783
645424,0.14498748
645425,0.8441937
645426,0.17383975
645427,0.992352
645428,0.032087047
645429,0.040546738
645430,0.8601778
645431,0.09903853
645432,0.19015233
645433,0.75336075
645434,0.9729611
645435,0.99522084
645436,0.8864571
645437,0.0077852267
645438,0.95286864
645439,0.1760429
645440,0.03491808
645441,0.014160319
645442,0.009583445
645443,0.99802744
645444,0.24807212
645445,0.9952284
645446,0.14336014
645447,0.03949786
645448,0.9718788
645449,0.002779677
645450,0.96084225
645451,0.6710923
645452,0.00443181
645453,0.9879749
645454,0.69565463
645455,0.013962675
645456,0.9655001
645457,0.6825013
645458,0.35547578
645459,0.9887944
645460,0.7975415
645461,0.1990765
645462,0.0007609094
645463,0.23192911
645464,0.24580793
645465,0.98349905
645466,0.0064056367
645467,0.03302092
645468,0.0082912175
645469,0.06138326
645470,0.3137229
645471,0.011318877
645472,0.032077592
645473,0.02534566
645474,0.001893839
645475,0.21607989
645476,0.38081944
645477,0.0343672
645478,0.08034544
645479,0.85637593
645480,0.9598602
645481,0.022261148
645482,0.95049214
645483,0.98626935
645484,0.015098667
645485,0.017080823
645486,0.095462546
645487,0.080180384
645488,0.06897437
645489,0.03268098
645490,0.008079714
645491,0.0106409425
645492,0.5075144
645493,0.058532804
645494,0.9995626
645495,0.02414425
645496,0.9881135
645497,0.9905916
645498,0.99352276
645499,0.37358904
645500,0.1944989
645501,0.9816991
645502,0.9905012
645503,0.61276305
645504,0.9853386
645505,0.96061087
645506,0.9988558
645507,0.026278328
645508,0.12763499
645509,0.2087224
645510,0.9789277
645511,0.23421066
645512,0.67563623
645513,0.9604917
645514,0.028003564
645515,0.007684498
645516,0.6919459
645517,0.9939344
645518,0.09131423
645519,0.014924182
645520,0.89513046
645521,0.005265809
645522,0.08070746
645523,0.99712634
645524,0.04185103
645525,0.80606985
645526,0.9028182
645527,0.005937335
645528,0.015948894
645529,0.93008566
645530,0.4774282
645531,0.9818531
645532,0.025695475
645533,0.25700992
645534,0.93454146
645535,0.14282927
645536,0.9957394
645537,0.45556393
645538,0.9377905
645539,0.15947399
645540,0.16016965
645541,0.04092386
645542,0.17129424
645543,0.6847663
645544,0.17258191
645545,0.15805891
645546,0.07232056
645547,0.87797093
645548,0.0024630541
645549,0.02986957
645550,0.19260286
645551,0.96958405
645552,0.9861226
645553,0.86139923
645554,0.32079014
645555,0.18393958
645556,0.9545226
645557,0.0746243
645558,0.99399126
645559,0.9953492
645560,0.90665084
645561,0.9326569
645562,0.8714411
645563,0.10795445
645564,0.9710609
645565,0.00868539
645566,0.96712244
645567,0.05366512
645568,0.70373684
645569,0.01090878
645570,0.005105913
645571,0.04120911
645572,0.11888844
645573,0.091222614
645574,0.98739153
645575,0.78800595
645576,0.04421149
645577,0.016970566
645578,0.0047237873
645579,0.9896094
645580,0.61353177
645581,0.039406475
645582,0.9862373
645583,0.004921737
645584,0.07689538
645585,0.98433185
645586,0.90665317
645587,0.90460217
645588,0.008463407
645589,0.10989672
645590,0.99703485
645591,0.96467876
645592,0.037117045
645593,0.015204964
645594,0.021510076
645595,0.10581587
645596,0.9302517
645597,0.008358937
645598,0.9164174
645599,0.4449026
645600,0.38338602
645601,0.0029950363
645602,0.0017295511
645603,0.021035768
645604,0.9876273
645605,0.9969548
645606,0.98151946
645607,0.06361175
645608,0.011339525
645609,0.57636297
645610,0.35239607
645611,0.2813641
645612,0.016166687
645613,0.4526195
645614,0.5413436
645615,0.015428412
645616,0.0024715322
645617,0.9456463
645618,0.09984609
645619,0.99217254
645620,0.7255399
645621,0.4103024
645622,0.05041937
645623,0.015482623
645624,0.029973792
645625,0.99919087
645626,0.9879534
645627,0.009878673
645628,0.025865426
645629,0.034943283
645630,0.9919255
645631,0.033521153
645632,0.99905866
645633,0.01002457
645634,0.086977944
645635,0.43441784
645636,0.9721253
645637,0.508891
645638,0.022227084
645639,0.80603784
645640,0.08929421
645641,0.99771935
645642,0.5406157
645643,0.088029355
645644,0.07525676
645645,0.9923248
645646,0.9740535
645647,0.9893816
645648,0.9508145
645649,0.67178977
645650,0.04008282
645651,0.49733198
645652,0.010945868
645653,0.39511243
645654,0.023083933
645655,0.0099349655
645656,0.26429653
645657,0.93825305
645658,0.017157592
645659,0.54514706
645660,0.8203991
645661,0.2765333
645662,0.05499153
645663,0.0053409818
645664,0.013836193
645665,0.29542267
645666,0.8352885
645667,0.8768393
645668,0.024422582
645669,0.99639034
645670,0.7554022
645671,0.022235151
645672,0.9935037
645673,0.83479565
645674,0.98688626
645675,0.87811756
645676,0.009048626
645677,0.9536675
645678,0.96906954
645679,0.010292995
645680,0.9979607
645681,0.028984439
645682,0.0037682683
645683,0.99839175
645684,0.07044945
645685,0.82916355
645686,0.019546514
645687,0.013570182
645688,0.014684784
645689,0.997249
645690,0.83366364
645691,0.055145517
645692,0.29479787
645693,0.07145955
645694,0.0074312487
645695,0.09728936
645696,0.9983199
645697,0.013996843
645698,0.2501452
645699,0.1930583
645700,0.049566317
645701,0.0053798677
645702,0.2187375
645703,0.84405
645704,0.05790123
645705,0.0025233482
645706,0.9652437
645707,0.28630564
645708,0.13474955
645709,0.00584526
645710,0.04098835
645711,0.4224381
645712,0.97842467
645713,0.9202823
645714,0.039479278
645715,0.82503337
645716,0.52906346
645717,0.6836319
645718,0.19323723
645719,0.024155086
645720,0.008642058
645721,0.3224471
645722,0.0294198
645723,0.60447407
645724,0.7704356
645725,0.9061579
645726,0.7263793
645727,0.053215023
645728,0.24285004
645729,0.44834155
645730,0.97805154
645731,0.007233191
645732,0.020075526
645733,0.009082695
645734,0.2732485
645735,0.99876225
645736,0.3074039
645737,0.07642606
645738,0.027364077
645739,0.087212995
645740,0.9866546
645741,0.049005996
645742,0.19328946
645743,0.39818403
645744,0.86911327
645745,0.09448419
645746,0.99757093
645747,0.1741228
645748,0.9542752
645749,0.98267835
645750,0.9979069
645751,0.77085507
645752,0.038931236
645753,0.031248437
645754,0.014582213
645755,0.018708063
645756,0.013915046
645757,0.94858503
645758,0.4223332
645759,0.06976102
645760,0.99366176
645761,0.039487176
645762,0.21043614
645763,0.41385025
645764,0.9715847
645765,0.9948211
645766,0.93175733
645767,0.015294488
645768,0.058550563
645769,0.99466014
645770,0.9900669
645771,0.005983859
645772,0.5262193
645773,0.96991146
645774,0.0022777638
645775,0.07641687
645776,0.5112409
645777,0.95102906
645778,0.018674372
645779,0.9961438
645780,0.08747584
645781,0.039892126
645782,0.018899092
645783,0.97097516
645784,0.988522
645785,0.011848049
645786,0.9925412
645787,0.04127896
645788,0.014859294
645789,0.16434166
645790,0.04885657
645791,0.193201
645792,0.028612617
645793,0.98576355
645794,0.99595344
645795,0.96301365
645796,0.15633816
645797,0.11507186
645798,0.92538875
645799,0.008758502
645800,0.09215546
645801,0.3358544
645802,0.04624472
645803,0.01022767
645804,0.91801894
645805,0.06850559
645806,0.18741313
645807,0.010776257
645808,0.08530825
645809,0.35931715
645810,0.6731497
645811,0.6836132
645812,0.62290436
645813,0.10750048
645814,0.008404506
645815,0.85281837
645816,0.040659364
645817,0.1746727
645818,0.2294216
645819,0.068970434
645820,0.714368
645821,0.051209323
645822,0.29147536
645823,0.57688946
645824,0.963905
645825,0.93103397
645826,0.017659571
645827,0.98563826
645828,0.10536355
645829,0.06255724
645830,0.8177302
645831,0.061216768
645832,0.30242488
645833,0.01995831
645834,0.99013597
645835,0.004320162
645836,0.98546803
645837,0.030876411
645838,0.97184706
645839,0.1153999
645840,0.91635436
645841,0.8890575
645842,0.23118605
645843,0.036415726
645844,0.096504405
645845,0.2008667
645846,0.9482999
645847,0.8355768
645848,0.99981564
645849,0.08236534
645850,0.0055444557
645851,0.011831773
645852,0.80410016
645853,0.056883417
645854,0.010768038
645855,0.98581254
645856,0.015567364
645857,0.017143983
645858,0.022420641
645859,0.69874597
645860,0.016501538
645861,0.008028059
645862,0.51401
645863,0.72148365
645864,0.040848903
645865,0.09783389
645866,0.0438604
645867,0.56666
645868,0.9978153
645869,0.09020586
645870,0.9895583
645871,0.22536713
645872,0.053249873
645873,0.0073164217
645874,0.13079427
645875,0.5306357
645876,0.99714726
645877,0.998553
645878,0.03944314
645879,0.15266727
645880,0.100941844
645881,0.9955873
645882,0.106250204
645883,0.63683146
645884,0.9872755
645885,0.0748063
645886,0.8950245
645887,0.7208445
645888,0.015915764
645889,0.03947596
645890,0.8387771
645891,0.9989208
645892,0.19349945
645893,0.9869133
645894,0.09656389
645895,0.39603883
645896,0.99689287
645897,0.022239303
645898,0.33250022
645899,0.029559094
645900,0.40435612
645901,0.011562638
645902,0.99564993
645903,0.9471693
645904,0.9985918
645905,0.11144452
645906,0.93807036
645907,0.98262465
645908,0.8554753
645909,0.32899034
645910,0.004171191
645911,0.011203541
645912,0.13244545
645913,0.6881447
645914,0.0047329436
645915,0.009603664
645916,0.19236523
645917,0.48442817
645918,0.747132
645919,0.99862236
645920,0.99439
645921,0.99297863
645922,0.5402124
645923,0.0011091313
645924,0.013000006
645925,0.9853064
645926,0.0011404401
645927,0.97809255
645928,0.9647
645929,0.7692965
645930,0.050708
645931,0.9636557
645932,0.94906926
645933,0.9975157
645934,0.69187504
645935,0.23673098
645936,0.040453307
645937,0.9936001
645938,0.10515557
645939,0.9883456
645940,0.92747307
645941,0.99968404
645942,0.53581333
645943,0.014498176
645944,0.8031314
645945,0.995159
645946,0.97477055
645947,0.017765686
645948,0.9832183
645949,0.012424222
645950,0.39697695
645951,0.99584436
645952,0.6410357
645953,0.031981744
645954,0.98814267
645955,0.046501353
645956,0.0026367528
645957,0.8511237
645958,0.97241944
645959,0.011672147
645960,0.5746171
645961,0.1175053
645962,0.12533823
645963,0.0054276325
645964,0.5785234
645965,0.03641839
645966,0.37337127
645967,0.013695922
645968,0.98781496
645969,0.038372185
645970,0.48334265
645971,0.037487615
645972,0.8697701
645973,0.34609428
645974,0.010958656
645975,0.5491083
645976,0.07880773
645977,0.273349
645978,0.023890117
645979,0.27622956
645980,0.9849013
645981,0.9930531
645982,0.9033978
645983,0.9786469
645984,0.9847153
645985,0.9713453
645986,0.9870042
645987,0.98209846
645988,0.65163237
645989,0.045551732
645990,0.99420905
645991,0.4824722
645992,0.09683776
645993,0.21667421
645994,0.6773003
645995,0.81777054
645996,0.93438566
645997,0.050981123
645998,0.7252215
645999,0.25296295
646000,0.99351573
646001,0.060536824
646002,0.38040483
646003,0.45845017
646004,0.0076910704
646005,0.9932575
646006,0.9997261
646007,0.0056344075
646008,0.95482147
646009,0.029205525
646010,0.033527665
646011,0.091437794
646012,0.048030853
646013,0.2451731
646014,0.97143537
646015,0.99293345
646016,0.9946423
646017,0.042625282
646018,0.98454595
646019,0.63883877
646020,0.019589975
646021,0.009532977
646022,0.9606435
646023,0.007108241
646024,0.010261869
646025,0.009604726
646026,0.5234551
646027,0.66062105
646028,0.17899415
646029,0.2796021
646030,0.9975092
646031,0.008330844
646032,0.9862255
646033,0.99288446
646034,0.061993804
646035,0.9984216
646036,0.02513469
646037,0.99721587
646038,0.93034035
646039,0.99282455
646040,0.9958312
646041,0.0076982565
646042,0.06485451
646043,0.7826151
646044,0.9887516
646045,0.014029484
646046,0.9915966
646047,0.027244678
646048,0.8876616
646049,0.024914548
646050,0.9713069
646051,0.022621948
646052,0.041624993
646053,0.03559128
646054,0.0045599854
646055,0.9989915
646056,0.99910045
646057,0.28601792
646058,0.99017507
646059,0.0013226998
646060,0.9882326
646061,0.29274553
646062,0.011654461
646063,0.99542767
646064,0.027496263
646065,0.28747985
646066,0.74955994
646067,0.9888542
646068,0.9435563
646069,0.14162558
646070,0.9891343
646071,0.62306917
646072,0.033426218
646073,0.067432776
646074,0.84386796
646075,0.99783957
646076,0.24762896
646077,0.07271302
646078,0.11029934
646079,0.022421159
646080,0.07943017
646081,0.9805505
646082,0.97479147
646083,0.993582
646084,0.058303628
646085,0.994696
646086,0.031930763
646087,0.92379624
646088,0.9700862
646089,0.03277412
646090,0.1247946
646091,0.99722767
646092,0.97497046
646093,0.037677452
646094,0.65047014
646095,0.937803
646096,0.12936373
646097,0.96437514
646098,0.2583048
646099,0.14477688
646100,0.31014043
646101,0.32642677
646102,0.035809103
646103,0.034974683
646104,0.107555375
646105,0.039767325
646106,0.027989954
646107,0.8410366
646108,0.9977495
646109,0.9593184
646110,0.0031987387
646111,0.31148347
646112,0.035941385
646113,0.9866039
646114,0.5444159
646115,0.078335114
646116,0.036696523
646117,0.13992819
646118,0.35727254
646119,0.5545491
646120,0.952797
646121,0.90266305
646122,0.0021839158
646123,0.9755108
646124,0.90616035
646125,0.03291616
646126,0.9920663
646127,0.030892119
646128,0.81398576
646129,0.057311155
646130,0.03404952
646131,0.011984272
646132,0.4682842
646133,0.058332674
646134,0.998306
646135,0.821198
646136,0.23335269
646137,0.004903177
646138,0.0032142284
646139,0.48807767
646140,0.08080134
646141,0.688712
646142,0.022276875
646143,0.01812759
646144,0.068833545
646145,0.9909303
646146,0.008058209
646147,0.41263407
646148,0.11710537
646149,0.0073600374
646150,0.9110324
646151,0.69855297
646152,0.020236928
646153,0.8581329
646154,0.20075054
646155,0.987284
646156,0.6476179
646157,0.983046
646158,0.10725914
646159,0.74966455
646160,0.38682473
646161,0.99137515
646162,0.9944238
646163,0.82002634
646164,0.7736405
646165,0.027931055
646166,0.30914277
646167,0.9795236
646168,0.006425007
646169,0.18018019
646170,0.9613584
646171,0.95771277
646172,0.110079646
646173,0.5397027
646174,0.95350355
646175,0.9635794
646176,0.99849296
646177,0.4939996
646178,0.4385378
646179,0.017023323
646180,0.95931727
646181,0.007242226
646182,0.014414723
646183,0.13983554
646184,0.55415666
646185,0.99458224
646186,0.069653034
646187,0.035486266
646188,0.010146381
646189,0.8875314
646190,0.04300693
646191,0.022435343
646192,0.34322944
646193,0.97909164
646194,0.9984553
646195,0.4192094
646196,0.27475098
646197,0.09436315
646198,0.01454944
646199,0.95291847
646200,0.008917823
646201,0.19247282
646202,0.5685595
646203,0.9947459
646204,0.22706199
646205,0.9712895
646206,0.08593604
646207,0.3668375
646208,0.026830997
646209,0.012057368
646210,0.42234594
646211,0.99521565
646212,0.35831133
646213,0.008669939
646214,0.055609904
646215,0.99703693
646216,0.94419825
646217,0.15285474
646218,0.103158996
646219,0.11338389
646220,0.1996201
646221,0.99476206
646222,0.9514986
646223,0.017618967
646224,0.17770655
646225,0.09218569
646226,0.9546857
646227,0.19541945
646228,0.9443926
646229,0.054972254
646230,0.677384
646231,0.024978843
646232,0.9841638
646233,0.2678251
646234,0.0046435804
646235,0.06158084
646236,0.008626991
646237,0.16698964
646238,0.0021242248
646239,0.04380725
646240,0.7262533
646241,0.08710709
646242,0.088124886
646243,0.03440368
646244,0.93608457
646245,0.2638378
646246,0.07487659
646247,0.01930787
646248,0.04621807
646249,0.7556609
646250,0.14555919
646251,0.93190956
646252,0.006238573
646253,0.18248188
646254,0.8489721
646255,0.10026829
646256,0.04976691
646257,0.16781378
646258,0.51816285
646259,0.106832966
646260,0.071237154
646261,0.99747026
646262,0.93422496
646263,0.0030619968
646264,0.9989295
646265,0.976756
646266,0.6136377
646267,0.3201267
646268,0.99565536
646269,0.1480656
646270,0.9850297
646271,0.44357836
646272,0.61979157
646273,0.9554265
646274,0.03647061
646275,0.836473
646276,0.803862
646277,0.3452078
646278,0.8965217
646279,0.4715517
646280,0.22283997
646281,0.011638073
646282,0.93291295
646283,0.9685056
646284,0.9346969
646285,0.014117524
646286,0.006116735
646287,0.009019122
646288,0.0071681836
646289,0.84782976
646290,0.019881368
646291,0.15699694
646292,0.4686153
646293,0.08550157
646294,0.48574492
646295,0.16790515
646296,0.035361636
646297,0.18433331
646298,0.6816002
646299,0.9491639
646300,0.5963649
646301,0.97379977
646302,0.27267987
646303,0.010520902
646304,0.9988769
646305,0.035751395
646306,0.20178097
646307,0.0067203743
646308,0.020339295
646309,0.6166209
646310,0.93177974
646311,0.15814136
646312,0.6603369
646313,0.062898695
646314,0.99234045
646315,0.108887225
646316,0.19071826
646317,0.5405872
646318,0.8738837
646319,0.024755262
646320,0.9313076
646321,0.86470294
646322,0.027943986
646323,0.9857366
646324,0.9763733
646325,0.02618961
646326,0.9480423
646327,0.08773358
646328,0.9927295
646329,0.98351836
646330,0.52255166
646331,0.0059390445
646332,0.92200446
646333,0.03198136
646334,0.016209008
646335,0.0047722226
646336,0.9048581
646337,0.9788862
646338,0.9279214
646339,0.39595124
646340,0.0095172515
646341,0.030197477
646342,0.040928725
646343,0.9446967
646344,0.09539042
646345,0.010028218
646346,0.6678814
646347,0.7774644
646348,0.007475623
646349,0.9688755
646350,0.9942584
646351,0.56459594
646352,0.05368236
646353,0.9812329
646354,0.9685223
646355,0.045420244
646356,0.2831441
646357,0.008521871
646358,0.99805856
646359,0.07448448
646360,0.030028883
646361,0.972443
646362,0.25753766
646363,0.9762248
646364,0.5733904
646365,0.034701455
646366,0.99819493
646367,0.040602893
646368,0.5219816
646369,0.99661225
646370,0.99657613
646371,0.4970682
646372,0.21202555
646373,0.9625517
646374,0.009646891
646375,0.039610997
646376,0.960674
646377,0.014747944
646378,0.46844614
646379,0.03144135
646380,0.48665443
646381,0.065209314
646382,0.9671687
646383,0.6424663
646384,0.92676693
646385,0.9803536
646386,0.09461546
646387,0.9736584
646388,0.97637534
646389,0.0793265
646390,0.06173685
646391,0.9379209
646392,0.33863217
646393,0.8473101
646394,0.7417573
646395,0.9765836
646396,0.40740123
646397,0.04162782
646398,0.8136711
646399,0.99653023
646400,0.35066578
646401,0.99366236
646402,0.0125841815
646403,0.0036342505
646404,0.931576
646405,0.116069295
646406,0.021942172
646407,0.013870131
646408,0.022289397
646409,0.03751966
646410,0.06823093
646411,0.5334595
646412,0.018845726
646413,0.004171636
646414,0.6888064
646415,0.5778972
646416,0.99290806
646417,0.84993935
646418,0.114633724
646419,0.9872507
646420,0.80563366
646421,0.3912679
646422,0.040927052
646423,0.06268851
646424,0.9628894
646425,0.027477104
646426,0.8655092
646427,0.6902629
646428,0.03497627
646429,0.021529589
646430,0.8761586
646431,0.50337714
646432,0.0051432285
646433,0.0586419
646434,0.02011732
646435,0.96161526
646436,0.09985593
646437,0.2012482
646438,0.99638855
646439,0.0891603
646440,0.048442967
646441,0.004610112
646442,0.99942744
646443,0.026676651
646444,0.0123997545
646445,0.983271
646446,0.29439476
646447,0.86890113
646448,0.44369778
646449,0.05045472
646450,0.7169628
646451,0.996496
646452,0.017306998
646453,0.925305
646454,0.30757472
646455,0.13986552
646456,0.21689378
646457,0.032616753
646458,0.014485317
646459,0.51440114
646460,0.8391909
646461,0.9835942
646462,0.63365304
646463,0.025447836
646464,0.14966682
646465,0.9939065
646466,0.020719148
646467,0.4705378
646468,0.9158713
646469,0.99961233
646470,0.1065502
646471,0.8055457
646472,0.99876666
646473,0.98288894
646474,0.10633967
646475,0.007364544
646476,0.10595031
646477,0.005683487
646478,0.25693512
646479,0.35700953
646480,0.82333046
646481,0.011948484
646482,0.9822787
646483,0.02722514
646484,0.04686369
646485,0.06858737
646486,0.9609884
646487,0.37907773
646488,0.79224074
646489,0.97749394
646490,0.019876067
646491,0.49651927
646492,0.118251055
646493,0.0044420036
646494,0.030840471
646495,0.078931674
646496,0.8869206
646497,0.99820936
646498,0.50080216
646499,0.7752324
646500,0.9461187
646501,0.034354165
646502,0.9945247
646503,0.0250312
646504,0.02738954
646505,0.7331262
646506,0.9878972
646507,0.0012634967
646508,0.7557887
646509,0.21589236
646510,0.77125615
646511,0.0036132848
646512,0.9900151
646513,0.01466505
646514,0.936249
646515,0.40167448
646516,0.13605984
646517,0.0029383563
646518,0.010143084
646519,0.00445462
646520,0.3165362
646521,0.40795386
646522,0.79035425
646523,0.102497794
646524,0.015254438
646525,0.012472325
646526,0.037813295
646527,0.15665703
646528,0.7774508
646529,0.5173425
646530,0.8481392
646531,0.20732276
646532,0.024641948
646533,0.013265369
646534,0.059373662
646535,0.18153255
646536,0.7127245
646537,0.47337523
646538,0.97318447
646539,0.02661964
646540,0.16369638
646541,0.99887604
646542,0.3334879
646543,0.00892422
646544,0.74432623
646545,0.99388844
646546,0.9178957
646547,0.06576887
646548,0.016398236
646549,0.9847639
646550,0.31068194
646551,0.5203627
646552,0.12937248
646553,0.11576988
646554,0.0107068475
646555,0.0053110914
646556,0.28282148
646557,0.14580306
646558,0.23669058
646559,0.9990071
646560,0.8066344
646561,0.95011985
646562,0.7066736
646563,0.0026470523
646564,0.12341534
646565,0.0075654397
646566,0.99134856
646567,0.05653645
646568,0.79666036
646569,0.0045324136
646570,0.95196986
646571,0.013100864
646572,0.24172044
646573,0.0048710248
646574,0.20724168
646575,0.93254495
646576,0.009441376
646577,0.0031726277
646578,0.9507206
646579,0.07264837
646580,0.9922117
646581,0.96526986
646582,0.005688118
646583,0.018601803
646584,0.016468506
646585,0.8542954
646586,0.08414512
646587,0.041732177
646588,0.5279455
646589,0.3328905
646590,0.9906384
646591,0.5203326
646592,0.9863792
646593,0.021135168
646594,0.0023171317
646595,0.067187905
646596,0.09070459
646597,0.9934218
646598,0.5156163
646599,0.97814584
646600,0.0189743
646601,0.98979545
646602,0.028068079
646603,0.014827291
646604,0.025474051
646605,0.019079126
646606,0.25478908
646607,0.9897093
646608,0.03291165
646609,0.96057934
646610,0.846572
646611,0.04025239
646612,0.97229445
646613,0.04265664
646614,0.044005826
646615,0.6604479
646616,0.91197526
646617,0.6991793
646618,0.015428797
646619,0.9986855
646620,0.6797713
646621,0.97239196
646622,0.9900062
646623,0.0052337595
646624,0.013539565
646625,0.048269816
646626,0.9819095
646627,0.019963427
646628,0.12582046
646629,0.043676633
646630,0.31633314
646631,0.7580111
646632,0.28376275
646633,0.29443255
646634,0.045330066
646635,0.820101
646636,0.030877551
646637,0.05957731
646638,0.9577463
646639,0.19207358
646640,0.9952809
646641,0.01056732
646642,0.070493214
646643,0.42186126
646644,0.0074611157
646645,0.009968826
646646,0.9714061
646647,0.9934353
646648,0.9776712
646649,0.029631693
646650,0.9895638
646651,0.010728682
646652,0.91884774
646653,0.010137321
646654,0.9955145
646655,0.038706385
646656,0.92574424
646657,0.01050018
646658,0.82098067
646659,0.97834903
646660,0.9845618
646661,0.014291536
646662,0.043798935
646663,0.99925756
646664,0.057920977
646665,0.9894624
646666,0.03376154
646667,0.19957119
646668,0.0017770766
646669,0.96205235
646670,0.026266854
646671,0.13433914
646672,0.9715185
646673,0.7016518
646674,0.9954444
646675,0.08687117
646676,0.26038837
646677,0.9984807
646678,0.21330285
646679,0.99610186
646680,0.2504925
646681,0.97502863
646682,0.872877
646683,0.7059964
646684,0.029713808
646685,0.9121914
646686,0.03734169
646687,0.8720297
646688,0.9969713
646689,0.18520315
646690,0.84932494
646691,0.9682992
646692,0.9308337
646693,0.07892791
646694,0.9885345
646695,0.35376912
646696,0.9977728
646697,0.973338
646698,0.6125979
646699,0.9542439
646700,0.017865641
646701,0.021871023
646702,0.7977761
646703,0.019965503
646704,0.13870835
646705,0.3921135
646706,0.02845362
646707,0.6071739
646708,0.9898947
646709,0.013503067
646710,0.010461614
646711,0.010553885
646712,0.10109069
646713,0.2093885
646714,0.16867003
646715,0.011337435
646716,0.9489999
646717,0.1416767
646718,0.68594396
646719,0.92278296
646720,0.015840396
646721,0.7061284
646722,0.9958435
646723,0.9385916
646724,0.9228941
646725,0.98996997
646726,0.1317773
646727,0.9622454
646728,0.01611994
646729,0.99539256
646730,0.9401085
646731,0.080080874
646732,0.97437096
646733,0.005372733
646734,0.11358481
646735,0.9750092
646736,0.99176383
646737,0.026066508
646738,0.028404702
646739,0.13068138
646740,0.55013555
646741,0.93385637
646742,0.62554246
646743,0.0075383256
646744,0.9188937
646745,0.021081675
646746,0.03339189
646747,0.96209186
646748,0.020025492
646749,0.009772312
646750,0.023941938
646751,0.06795895
646752,0.83161336
646753,0.37442732
646754,0.03684434
646755,0.9430244
646756,0.0058551943
646757,0.01867463
646758,0.017258072
646759,0.9782842
646760,0.9866413
646761,0.9972316
646762,0.7898343
646763,0.9207389
646764,0.9709824
646765,0.32064438
646766,0.31588626
646767,0.13461296
646768,0.99480975
646769,0.99825656
646770,0.99630976
646771,0.01734223
646772,0.9150637
646773,0.023398558
646774,0.9229891
646775,0.057964377
646776,0.112209275
646777,0.10185709
646778,0.37619647
646779,0.99062836
646780,0.008051168
646781,0.88757235
646782,0.6511997
646783,0.5219484
646784,0.7024195
646785,0.19077346
646786,0.24867085
646787,0.07084665
646788,0.0085092485
646789,0.010205459
646790,0.041820318
646791,0.99392074
646792,0.07388961
646793,0.41045144
646794,0.40515053
646795,0.13131112
646796,0.98135066
646797,0.24802724
646798,0.010387395
646799,0.061094567
646800,0.30095825
646801,0.65827155
646802,0.010121559
646803,0.02195361
646804,0.012623198
646805,0.9738491
646806,0.0418586
646807,0.027812652
646808,0.4199323
646809,0.6979506
646810,0.99840695
646811,0.04313635
646812,0.87631106
646813,0.7636489
646814,0.0041663214
646815,0.021285968
646816,0.13874319
646817,0.22678486
646818,0.93113005
646819,0.020381536
646820,0.03163924
646821,0.9989533
646822,0.0059894403
646823,0.1698087
646824,0.10966681
646825,0.76939774
646826,0.90429485
646827,0.990124
646828,0.042882048
646829,0.016031824
646830,0.058247115
646831,0.93751574
646832,0.39216375
646833,0.9819641
646834,0.9514913
646835,0.028547361
646836,0.9392068
646837,0.45139652
646838,0.85825044
646839,0.42523623
646840,0.9966039
646841,0.7556141
646842,0.0044274237
646843,0.5339272
646844,0.7059372
646845,0.85649127
646846,0.06601547
646847,0.9875718
646848,0.8935327
646849,0.03847431
646850,0.021137934
646851,0.34973618
646852,0.030184163
646853,0.052780576
646854,0.004774726
646855,0.0064165443
646856,0.6625536
646857,0.09108877
646858,0.9975635
646859,0.9821027
646860,0.0026403463
646861,0.0033264975
646862,0.13190854
646863,0.9991553
646864,0.91192126
646865,0.0040986515
646866,0.99191153
646867,0.33540064
646868,0.1775456
646869,0.016442744
646870,0.946235
646871,0.89761525
646872,0.06326562
646873,0.010224302
646874,0.0011673041
646875,0.9846566
646876,0.058092754
646877,0.030084211
646878,0.99771005
646879,0.03440831
646880,0.7724197
646881,0.9675504
646882,0.009111847
646883,0.8840165
646884,0.84049433
646885,0.7866497
646886,0.25011784
646887,0.42542538
646888,0.5675895
646889,0.94232285
646890,0.68272364
646891,0.939367
646892,0.67132586
646893,0.047742303
646894,0.010689598
646895,0.9634044
646896,0.99423295
646897,0.007610008
646898,0.2990839
646899,0.017009333
646900,0.021737225
646901,0.3515851
646902,0.5374183
646903,0.0755873
646904,0.01608714
646905,0.02725902
646906,0.9878738
646907,0.07851265
646908,0.9946069
646909,0.009539984
646910,0.9206268
646911,0.028048946
646912,0.99821556
646913,0.024006294
646914,0.28734368
646915,0.9783285
646916,0.85453826
646917,0.97494763
646918,0.9457108
646919,0.015251766
646920,0.0057859835
646921,0.08484
646922,0.0028653694
646923,0.7257744
646924,0.124167584
646925,0.023053119
646926,0.93482095
646927,0.46150267
646928,0.5915965
646929,0.7933446
646930,0.99253535
646931,0.08035492
646932,0.9364948
646933,0.27751085
646934,0.87176466
646935,0.72723496
646936,0.01609559
646937,0.032151114
646938,0.1706349
646939,0.38698098
646940,0.98588145
646941,0.99458313
646942,0.793635
646943,0.009175091
646944,0.98696405
646945,0.9926568
646946,0.9897872
646947,0.047208164
646948,0.02263459
646949,0.9986223
646950,0.48589453
646951,0.4599169
646952,0.95205593
646953,0.5035452
646954,0.20324787
646955,0.03249264
646956,0.94065166
646957,0.9141269
646958,0.11309316
646959,0.95890224
646960,0.07447635
646961,0.8284094
646962,0.08137271
646963,0.036786094
646964,0.14023653
646965,0.026354637
646966,0.6836253
646967,0.032813594
646968,0.3816172
646969,0.01596161
646970,0.027029134
646971,0.048850268
646972,0.5939927
646973,0.036223385
646974,0.54329276
646975,0.89495677
646976,0.008358592
646977,0.9986293
646978,0.7310933
646979,0.013049457
646980,0.9872199
646981,0.30341268
646982,0.0034191075
646983,0.007416157
646984,0.0025418962
646985,0.99835926
646986,0.83677393
646987,0.98352754
646988,0.022294076
646989,0.07604178
646990,0.95662135
646991,0.497223
646992,0.05009938
646993,0.98383
646994,0.030916963
646995,0.9987024
646996,0.5874912
646997,0.017802313
646998,0.32738665
646999,0.52388513
647000,0.01685868
647001,0.9385672
647002,0.99720466
647003,0.16645886
647004,0.35442573
647005,0.9463603
647006,0.09362835
647007,0.3386153
647008,0.9481801
647009,0.97651935
647010,0.2552479
647011,0.02292296
647012,0.098014966
647013,0.20750552
647014,0.965934
647015,0.03153695
647016,0.9811038
647017,0.98521286
647018,0.01344547
647019,0.3307777
647020,0.07050604
647021,0.12516238
647022,0.015376398
647023,0.21394563
647024,0.0061172526
647025,0.18237741
647026,0.98057735
647027,0.006811433
647028,0.73689306
647029,0.52896327
647030,0.018623458
647031,0.0007127559
647032,0.28673097
647033,0.99591225
647034,0.028748112
647035,0.2804763
647036,0.11778828
647037,0.03691655
647038,0.091750056
647039,0.016995471
647040,0.5668574
647041,0.9374696
647042,0.90622294
647043,0.004536931
647044,0.9860826
647045,0.99569654
647046,0.060112663
647047,0.0026493971
647048,0.8705704
647049,0.6550303
647050,0.09480876
647051,0.039277904
647052,0.8014904
647053,0.9540149
647054,0.9060271
647055,0.923473
647056,0.9857606
647057,0.15622249
647058,0.9404559
647059,0.55668056
647060,0.99272454
647061,0.046667248
647062,0.011886222
647063,0.007817099
647064,0.15476158
647065,0.9453621
647066,0.04824678
647067,0.94211465
647068,0.011037207
647069,0.007492118
647070,0.89449215
647071,0.29240292
647072,0.9980358
647073,0.9942528
647074,0.29613644
647075,0.018783526
647076,0.99477875
647077,0.06037005
647078,0.9337734
647079,0.9396682
647080,0.7378058
647081,0.16326562
647082,0.11045432
647083,0.69870937
647084,0.91612107
647085,0.42593378
647086,0.5636029
647087,0.99825644
647088,0.009791847
647089,0.9771159
647090,0.85412765
647091,0.963588
647092,0.9966823
647093,0.858819
647094,0.9919714
647095,0.71932507
647096,0.99569976
647097,0.21772343
647098,0.84401405
647099,0.11206606
647100,0.045192644
647101,0.91651756
647102,0.98186934
647103,0.9713599
647104,0.9607702
647105,0.8993683
647106,0.6072901
647107,0.91859657
647108,0.08980932
647109,0.041957654
647110,0.2697717
647111,0.9774934
647112,0.2795664
647113,0.9629408
647114,0.067397535
647115,0.04162015
647116,0.0070532537
647117,0.9327492
647118,0.86353755
647119,0.94657385
647120,0.9406302
647121,0.02746879
647122,0.92149335
647123,0.008963127
647124,0.13857925
647125,0.7544787
647126,0.9372161
647127,0.010409933
647128,0.50812423
647129,0.08526416
647130,0.808648
647131,0.015256154
647132,0.3106325
647133,0.87740606
647134,0.03858569
647135,0.09334652
647136,0.99541867
647137,0.04275305
647138,0.5143012
647139,0.8042012
647140,0.019089125
647141,0.7202942
647142,0.03553929
647143,0.8868097
647144,0.83783746
647145,0.97467923
647146,0.99546
647147,0.15936762
647148,0.6824139
647149,0.0025321408
647150,0.984297
647151,0.118902445
647152,0.028528329
647153,0.0034787166
647154,0.0033334868
647155,0.50081754
647156,0.8920054
647157,0.033845864
647158,0.56999135
647159,0.00890265
647160,0.5356308
647161,0.99602187
647162,0.043985378
647163,0.0124817025
647164,0.8729546
647165,0.0020311992
647166,0.997324
647167,0.07609333
647168,0.14806658
647169,0.11484592
647170,0.9739548
647171,0.1421666
647172,0.4805043
647173,0.7898663
647174,0.9440558
647175,0.029649291
647176,0.9918623
647177,0.96533084
647178,0.219664
647179,0.084338896
647180,0.9211072
647181,0.48610115
647182,0.15895009
647183,0.39498693
647184,0.8687477
647185,0.24024437
647186,0.41003427
647187,0.059931844
647188,0.412696
647189,0.983825
647190,0.11693779
647191,0.34602958
647192,0.0049801227
647193,0.009860249
647194,0.976126
647195,0.051511116
647196,0.43975073
647197,0.18370643
647198,0.97027165
647199,0.7815499
647200,0.7611056
647201,0.01644786
647202,0.99540836
647203,0.99800223
647204,0.6896121
647205,0.06693105
647206,0.16490303
647207,0.9412754
647208,0.8522269
647209,0.03139591
647210,0.090561256
647211,0.9827939
647212,0.980282
647213,0.66702914
647214,0.5400343
647215,0.2443854
647216,0.20640242
647217,0.26189443
647218,0.013323767
647219,0.14281498
647220,0.86001456
647221,0.20199016
647222,0.99900717
647223,0.0039197574
647224,0.9939182
647225,0.0025545703
647226,0.030447783
647227,0.07516456
647228,0.98984724
647229,0.2226541
647230,0.05056395
647231,0.046565488
647232,0.9337756
647233,0.0579956
647234,0.07289192
647235,0.2502793
647236,0.9989973
647237,0.7178547
647238,0.9927061
647239,0.002968078
647240,0.9421493
647241,0.11003168
647242,0.99846655
647243,0.061835494
647244,0.1991727
647245,0.15289971
647246,0.1370046
647247,0.026289482
647248,0.024561755
647249,0.007594999
647250,0.9699438
647251,0.77654725
647252,0.915789
647253,0.7667209
647254,0.04191325
647255,0.010323532
647256,0.99763495
647257,0.019327741
647258,0.01359549
647259,0.91587794
647260,0.13163349
647261,0.5277189
647262,0.9982374
647263,0.18692437
647264,0.9813552
647265,0.9411503
647266,0.05886031
647267,0.93512046
647268,0.9893839
647269,0.43384856
647270,0.92652464
647271,0.46065193
647272,0.06856459
647273,0.3754202
647274,0.9535208
647275,0.0070307157
647276,0.42392683
647277,0.01168501
647278,0.10607737
647279,0.9952914
647280,0.86252487
647281,0.010414316
647282,0.9692136
647283,0.022995638
647284,0.9818682
647285,0.94628125
647286,0.020588543
647287,0.9216431
647288,0.36972126
647289,0.011037523
647290,0.035693407
647291,0.96548456
647292,0.11824356
647293,0.027225517
647294,0.6819538
647295,0.02072278
647296,0.007698423
647297,0.91516685
647298,0.6516099
647299,0.13658792
647300,0.023270756
647301,0.18972957
647302,0.18613926
647303,0.0078103873
647304,0.3500526
647305,0.9880096
647306,0.9900364
647307,0.18852305
647308,0.3018706
647309,0.00799737
647310,0.2708569
647311,0.8280039
647312,0.054884195
647313,0.00890806
647314,0.07731436
647315,0.74606794
647316,0.55928487
647317,0.9814311
647318,0.005811857
647319,0.95129544
647320,0.019335868
647321,0.95547247
647322,0.9892511
647323,0.32197905
647324,0.9081743
647325,0.08951304
647326,0.1437133
647327,0.06628119
647328,0.084949285
647329,0.73578805
647330,0.9974247
647331,0.9088451
647332,0.017245978
647333,0.9793381
647334,0.97037774
647335,0.9661795
647336,0.038668025
647337,0.14519967
647338,0.02039412
647339,0.96872795
647340,0.95217717
647341,0.68363523
647342,0.99051
647343,0.0046039587
647344,0.16486709
647345,0.33628854
647346,0.07112831
647347,0.35242486
647348,0.65998566
647349,0.019360898
647350,0.07571956
647351,0.9288415
647352,0.02929169
647353,0.034517635
647354,0.9892838
647355,0.0056650634
647356,0.96248275
647357,0.8923533
647358,0.2155196
647359,0.96325034
647360,0.16261704
647361,0.050772984
647362,0.09807214
647363,0.81647205
647364,0.0056091323
647365,0.92262775
647366,0.0030142134
647367,0.20017013
647368,0.33808917
647369,0.50063807
647370,0.0134492945
647371,0.9732819
647372,0.98198915
647373,0.77212906
647374,0.19759399
647375,0.9983441
647376,0.16281235
647377,0.10246732
647378,0.019252669
647379,0.9356224
647380,0.38520885
647381,0.9943725
647382,0.0057480135
647383,0.044461675
647384,0.97557485
647385,0.0687823
647386,0.122748606
647387,0.44756454
647388,0.82125497
647389,0.99805415
647390,0.4961485
647391,0.98776233
647392,0.2089087
647393,0.9688337
647394,0.6678202
647395,0.99839944
647396,0.0034934029
647397,0.018159851
647398,0.35044414
647399,0.952065
647400,0.0039133546
647401,0.84323466
647402,0.9469138
647403,0.005134664
647404,0.104400694
647405,0.9454906
647406,0.0025898174
647407,0.034023874
647408,0.8475376
647409,0.48052967
647410,0.9965597
647411,0.97529185
647412,0.8634993
647413,0.20612943
647414,0.02103911
647415,0.028912954
647416,0.026841307
647417,0.05950358
647418,0.97736573
647419,0.023007996
647420,0.20913318
647421,0.9238404
647422,0.10491837
647423,0.0021609743
647424,0.99772364
647425,0.04762572
647426,0.9960489
647427,0.033935774
647428,0.01563417
647429,0.0957295
647430,0.93982965
647431,0.82961065
647432,0.092073634
647433,0.8434254
647434,0.025493022
647435,0.93660796
647436,0.60733235
647437,0.93486327
647438,0.06937811
647439,0.15844396
647440,0.5569096
647441,0.38827267
647442,0.28163058
647443,0.7750939
647444,0.030875064
647445,0.110803336
647446,0.96325016
647447,0.96895057
647448,0.082910165
647449,0.91373837
647450,0.44953167
647451,0.01719808
647452,0.25906685
647453,0.8029189
647454,0.43181163
647455,0.9558282
647456,0.71500397
647457,0.9755852
647458,0.055996206
647459,0.8520745
647460,0.9731609
647461,0.038706068
647462,0.026908908
647463,0.04476301
647464,0.21024178
647465,0.0072890823
647466,0.6282601
647467,0.23171717
647468,0.12405765
647469,0.7416003
647470,0.16908063
647471,0.029470623
647472,0.65000224
647473,0.83154106
647474,0.049487866
647475,0.89150655
647476,0.7983191
647477,0.006499304
647478,0.021492252
647479,0.07582897
647480,0.019276703
647481,0.41703814
647482,0.9741155
647483,0.019705158
647484,0.9577503
647485,0.082699396
647486,0.29134586
647487,0.99304134
647488,0.012299273
647489,0.9940804
647490,0.0012564909
647491,0.03659773
647492,0.032120585
647493,0.10582506
647494,0.022460666
647495,0.00972964
647496,0.9823939
647497,0.016291918
647498,0.97503066
647499,0.51900494
647500,0.2938195
647501,0.116662726
647502,0.9990635
647503,0.99819434
647504,0.8005209
647505,0.96287966
647506,0.31958157
647507,0.059255518
647508,0.007964078
647509,0.9901608
647510,0.29943234
647511,0.8240092
647512,0.55352324
647513,0.0074181105
647514,0.0045194156
647515,0.94049543
647516,0.9970674
647517,0.84893256
647518,0.888039
647519,0.9813958
647520,0.0075440006
647521,0.0065689716
647522,0.040096708
647523,0.046674386
647524,0.24949567
647525,0.9097419
647526,0.0056812926
647527,0.9877917
647528,0.4337663
647529,0.008383451
647530,0.4129053
647531,0.43925318
647532,0.29807818
647533,0.16787936
647534,0.05281978
647535,0.5648722
647536,0.2993276
647537,0.021522898
647538,0.016232362
647539,0.015716957
647540,0.97155577
647541,0.49982923
647542,0.49906176
647543,0.8913684
647544,0.9869713
647545,0.039849736
647546,0.9945954
647547,0.013126558
647548,0.011386139
647549,0.9898549
647550,0.9631319
647551,0.9977202
647552,0.0038143503
647553,0.9905234
647554,0.0025820239
647555,0.039814692
647556,0.0047488473
647557,0.053418756
647558,0.06932589
647559,0.005200709
647560,0.003761116
647561,0.9608762
647562,0.8960915
647563,0.72623014
647564,0.04066002
647565,0.03633987
647566,0.83704245
647567,0.979496
647568,0.025169946
647569,0.52601147
647570,0.9666925
647571,0.0045066583
647572,0.022451416
647573,0.72148
647574,0.984246
647575,0.04712031
647576,0.13135022
647577,0.45453453
647578,0.08125913
647579,0.31896925
647580,0.79352987
647581,0.0355496
647582,0.56030786
647583,0.05863949
647584,0.20478758
647585,0.9709182
647586,0.00087603147
647587,0.2105287
647588,0.9402441
647589,0.9519203
647590,0.0048230225
647591,0.35950878
647592,0.88911384
647593,0.3638929
647594,0.18633452
647595,0.9258089
647596,0.9897497
647597,0.8465287
647598,0.28390318
647599,0.19051105
647600,0.83261764
647601,0.21623021
647602,0.76329315
647603,0.43565062
647604,0.9766729
647605,0.040090747
647606,0.9278112
647607,0.038034588
647608,0.39566666
647609,0.018678635
647610,0.046900827
647611,0.17976479
647612,0.9934465
647613,0.9861636
647614,0.050104763
647615,0.031642556
647616,0.012154442
647617,0.9638565
647618,0.9713119
647619,0.029276084
647620,0.047651738
647621,0.16860953
647622,0.916254
647623,0.10846749
647624,0.028029744
647625,0.9856406
647626,0.9740891
647627,0.982204
647628,0.93289393
647629,0.015725695
647630,0.018050287
647631,0.04093963
647632,0.004362082
647633,0.03839192
647634,0.031970844
647635,0.92636704
647636,0.012170197
647637,0.13566661
647638,0.02021094
647639,0.9078109
647640,0.4765976
647641,0.01547968
647642,0.84406656
647643,0.47434086
647644,0.017062603
647645,0.037148416
647646,0.06896752
647647,0.09142487
647648,0.73779875
647649,0.9604396
647650,0.9904216
647651,0.021841548
647652,0.011463966
647653,0.12247014
647654,0.99527085
647655,0.10362682
647656,0.025213845
647657,0.673236
647658,0.97471166
647659,0.3426343
647660,0.0554239
647661,0.038866557
647662,0.3554666
647663,0.0049474454
647664,0.9240382
647665,0.066555664
647666,0.039912283
647667,0.17378843
647668,0.009556508
647669,0.32960042
647670,0.17356013
647671,0.009805264
647672,0.0013272611
647673,0.92535865
647674,0.02088199
647675,0.0130598685
647676,0.014098898
647677,0.9791215
647678,0.26157776
647679,0.35115382
647680,0.032456506
647681,0.03587281
647682,0.008815177
647683,0.9923248
647684,0.9517302
647685,0.011313741
647686,0.9936351
647687,0.8981335
647688,0.7412348
647689,0.98557836
647690,0.041636586
647691,0.027600417
647692,0.5295386
647693,0.07084827
647694,0.011086699
647695,0.10230788
647696,0.048951223
647697,0.016256358
647698,0.0868706
647699,0.08577392
647700,0.041959204
647701,0.07319844
647702,0.92953014
647703,0.45571458
647704,0.62980545
647705,0.043502577
647706,0.8574915
647707,0.99559766
647708,0.36579242
647709,0.80736154
647710,0.00500605
647711,0.41952667
647712,0.025354877
647713,0.9464175
647714,0.0070130546
647715,0.15473923
647716,0.9715091
647717,0.04614336
647718,0.015957152
647719,0.37603906
647720,0.019280331
647721,0.028693546
647722,0.021392765
647723,0.6405324
647724,0.9970369
647725,0.7939278
647726,0.63881546
647727,0.011805834
647728,0.5877845
647729,0.9057355
647730,0.97934306
647731,0.05208029
647732,0.9925623
647733,0.16065627
647734,0.016439158
647735,0.02543677
647736,0.04488541
647737,0.98954153
647738,0.0015779518
647739,0.6000477
647740,0.9837468
647741,0.014133447
647742,0.18172868
647743,0.26433712
647744,0.93764913
647745,0.9305107
647746,0.99491984
647747,0.98790866
647748,0.8946755
647749,0.024725577
647750,0.04101543
647751,0.019832004
647752,0.0034827103
647753,0.03606535
647754,0.26833892
647755,0.96618885
647756,0.86205846
647757,0.014963452
647758,0.043141216
647759,0.7583163
647760,0.4656564
647761,0.044269107
647762,0.5432553
647763,0.9977007
647764,0.8687926
647765,0.22035661
647766,0.12357633
647767,0.084116936
647768,0.03818318
647769,0.7872903
647770,0.36302525
647771,0.96593547
647772,0.04839316
647773,0.056963563
647774,0.9590851
647775,0.059485305
647776,0.0011988932
647777,0.9965574
647778,0.95265055
647779,0.9877442
647780,0.02094773
647781,0.6869646
647782,0.01986494
647783,0.09105921
647784,0.012079393
647785,0.04219695
647786,0.027977537
647787,0.9943319
647788,0.9526685
647789,0.97096837
647790,0.30341685
647791,0.9661231
647792,0.99249244
647793,0.017206714
647794,0.88354874
647795,0.97534144
647796,0.94487685
647797,0.99022883
647798,0.9845984
647799,0.98702705
647800,0.9180776
647801,0.99267375
647802,0.9227767
647803,0.84270936
647804,0.4244222
647805,0.99531716
647806,0.3426714
647807,0.99824554
647808,0.8947017
647809,0.026185434
647810,0.00045743125
647811,0.9820197
647812,0.0067086862
647813,0.010859648
647814,0.979909
647815,0.01430531
647816,0.95002496
647817,0.11951323
647818,0.06663391
647819,0.004111233
647820,0.81846356
647821,0.96272624
647822,0.97837424
647823,0.26846203
647824,0.12090402
647825,0.99243724
647826,0.9818833
647827,0.08655332
647828,0.99737275
647829,0.83502114
647830,0.5067167
647831,0.7850694
647832,0.95951754
647833,0.13830481
647834,0.83144575
647835,0.9413588
647836,0.9990501
647837,0.8260149
647838,0.012716461
647839,0.26202607
647840,0.0059069134
647841,0.3585927
647842,0.004315626
647843,0.07955464
647844,0.8065999
647845,0.031976618
647846,0.13466857
647847,0.018643608
647848,0.08879322
647849,0.5917512
647850,0.29608512
647851,0.97758037
647852,0.003168244
647853,0.88272053
647854,0.06387635
647855,0.014299366
647856,0.010683904
647857,0.19024408
647858,0.005717757
647859,0.9932049
647860,0.99330986
647861,0.15419178
647862,0.014470594
647863,0.19855374
647864,0.9459872
647865,0.98777616
647866,0.9794167
647867,0.10598905
647868,0.24174212
647869,0.01695553
647870,0.17236856
647871,0.082840845
647872,0.046486825
647873,0.03883088
647874,0.11531915
647875,0.99212587
647876,0.025615634
647877,0.9812108
647878,0.9725912
647879,0.046027295
647880,0.014630713
647881,0.013962828
647882,0.31041306
647883,0.0033548302
647884,0.97602624
647885,0.096031606
647886,0.91896397
647887,0.024675258
647888,0.012187415
647889,0.0030211243
647890,0.005587152
647891,0.26783407
647892,0.07062718
647893,0.97630936
647894,0.012765428
647895,0.9559914
647896,0.947838
647897,0.9806405
647898,0.9785896
647899,0.98528934
647900,0.30424836
647901,0.45238623
647902,0.03814166
647903,0.79897547
647904,0.025403066
647905,0.33088624
647906,0.022623958
647907,0.4020654
647908,0.8785198
647909,0.044563793
647910,0.5721917
647911,0.9527841
647912,0.9419617
647913,0.117136955
647914,0.23141384
647915,0.19796106
647916,0.026310947
647917,0.95911014
647918,0.0072059836
647919,0.0075528836
647920,0.9976597
647921,0.30461133
647922,0.9843827
647923,0.8781841
647924,0.30580932
647925,0.014480518
647926,0.13910513
647927,0.9910749
647928,0.9477558
647929,0.024569131
647930,0.98067296
647931,0.00929151
647932,0.99544346
647933,0.030186903
647934,0.11940872
647935,0.21492514
647936,0.004938107
647937,0.004490359
647938,0.71934104
647939,0.9847834
647940,0.9975704
647941,0.9936084
647942,0.0115498835
647943,0.9048423
647944,0.1065471
647945,0.8288642
647946,0.057270274
647947,0.9915024
647948,0.96855474
647949,0.43854886
647950,0.0654284
647951,0.9587168
647952,0.016449688
647953,0.80176747
647954,0.019999525
647955,0.7861706
647956,0.0034479138
647957,0.9749853
647958,0.99855816
647959,0.007057423
647960,0.9990884
647961,0.80470276
647962,0.09598604
647963,0.004974175
647964,0.8616955
647965,0.10003021
647966,0.99113774
647967,0.625049
647968,0.05090323
647969,0.002763418
647970,0.028738268
647971,0.9380506
647972,0.113052286
647973,0.35337374
647974,0.014075864
647975,0.9970237
647976,0.2180138
647977,0.59309405
647978,0.9765552
647979,0.9792748
647980,0.02838921
647981,0.997902
647982,0.98753726
647983,0.938396
647984,0.509331
647985,0.024371125
647986,0.015283961
647987,0.03399769
647988,0.1306286
647989,0.823073
647990,0.7466152
647991,0.9676822
647992,0.9958962
647993,0.9970777
647994,0.9939733
647995,0.5978937
647996,0.03030715
647997,0.0033978904
647998,0.90618145
647999,0.99020857
648000,0.99542856
648001,0.94732726
648002,0.998666
648003,0.9355569
648004,0.045528203
648005,0.6952598
648006,0.03781165
648007,0.70110303
648008,0.035171043
648009,0.0196602
648010,0.16934149
648011,0.023428049
648012,0.9946676
648013,0.98413277
648014,0.7155876
648015,0.29863364
648016,0.9321006
648017,0.9840105
648018,0.9930272
648019,0.9952061
648020,0.9512639
648021,0.4928837
648022,0.008603407
648023,0.029226568
648024,0.09908803
648025,0.7753817
648026,0.009713151
648027,0.3205384
648028,0.4176769
648029,0.01239909
648030,0.013864338
648031,0.6061209
648032,0.40723306
648033,0.016186282
648034,0.056529924
648035,0.0033585643
648036,0.057183724
648037,0.023897223
648038,0.9717638
648039,0.003939499
648040,0.659072
648041,0.30956239
648042,0.008000762
648043,0.34732956
648044,0.043555215
648045,0.1003113
648046,0.01752368
648047,0.6207543
648048,0.5891726
648049,0.16478723
648050,0.5439025
648051,0.9902727
648052,0.940044
648053,0.4879436
648054,0.9910863
648055,0.7024401
648056,0.21572728
648057,0.046456225
648058,0.89859927
648059,0.87780213
648060,0.030355623
648061,0.06583289
648062,0.021159682
648063,0.037941694
648064,0.71960175
648065,0.04276233
648066,0.08843405
648067,0.1711033
648068,0.058778256
648069,0.014143587
648070,0.32276118
648071,0.0077481717
648072,0.029397767
648073,0.01489998
648074,0.991024
648075,0.24085718
648076,0.06946984
648077,0.027545508
648078,0.8697756
648079,0.99348027
648080,0.30969682
648081,0.93643546
648082,0.2337568
648083,0.2569387
648084,0.43354166
648085,0.7584058
648086,0.9563353
648087,0.9985603
648088,0.116452605
648089,0.014138554
648090,0.08361474
648091,0.009866481
648092,0.3056743
648093,0.9487062
648094,0.015977496
648095,0.9089582
648096,0.9369085
648097,0.12611379
648098,0.7832037
648099,0.86120796
648100,0.0055186898
648101,0.64196473
648102,0.92950416
648103,0.99627614
648104,0.03703192
648105,0.0807423
648106,0.011939499
648107,0.5409841
648108,0.24580216
648109,0.040982306
648110,0.9766643
648111,0.01455166
648112,0.0205836
648113,0.96072674
648114,0.99937356
648115,0.9653002
648116,0.99520504
648117,0.00236118
648118,0.10914984
648119,0.2422657
648120,0.69129276
648121,0.21125317
648122,0.9827128
648123,0.097149774
648124,0.8087598
648125,0.00909951
648126,0.6316655
648127,0.20959581
648128,0.046664648
648129,0.010896606
648130,0.9914768
648131,0.1305216
648132,0.22916082
648133,0.52286613
648134,0.13617535
648135,0.008391281
648136,0.68672156
648137,0.97141576
648138,0.14448309
648139,0.12867811
648140,0.062116798
648141,0.9932604
648142,0.025124464
648143,0.0059715174
648144,0.92472225
648145,0.005760912
648146,0.035862435
648147,0.11438881
648148,0.34225976
648149,0.06915844
648150,0.9277473
648151,0.22837752
648152,0.045197852
648153,0.6797171
648154,0.581193
648155,0.92218745
648156,0.9798146
648157,0.82304585
648158,0.98433185
648159,0.015763585
648160,0.56466067
648161,0.07404314
648162,0.0048689144
648163,0.41211239
648164,0.11965777
648165,0.0028365622
648166,0.9884932
648167,0.6118232
648168,0.8430979
648169,0.865381
648170,0.8197304
648171,0.8188744
648172,0.02531905
648173,0.72685874
648174,0.007378971
648175,0.002537026
648176,0.0042678732
648177,0.35583183
648178,0.06841104
648179,0.98058856
648180,0.8685945
648181,0.09307171
648182,0.009871334
648183,0.764987
648184,0.9867105
648185,0.93735635
648186,0.020691711
648187,0.8090695
648188,0.7566339
648189,0.041713305
648190,0.027098026
648191,0.0820187
648192,0.03601087
648193,0.9979213
648194,0.8873781
648195,0.9658458
648196,0.0016907821
648197,0.0242876
648198,0.009137181
648199,0.025212247
648200,0.6834987
648201,0.026741419
648202,0.37804624
648203,0.8408551
648204,0.914822
648205,0.99549824
648206,0.90742886
648207,0.99609464
648208,0.008661557
648209,0.97417146
648210,0.98288935
648211,0.059921935
648212,0.5109184
648213,0.6118491
648214,0.016730476
648215,0.047386043
648216,0.0055151153
648217,0.9226892
648218,0.11777123
648219,0.45643556
648220,0.43812618
648221,0.9335015
648222,0.9676389
648223,0.024413802
648224,0.07965743
648225,0.16054963
648226,0.589854
648227,0.99607074
648228,0.025305964
648229,0.8466439
648230,0.12464537
648231,0.9023829
648232,0.2038593
648233,0.24542442
648234,0.30914944
648235,0.044181023
648236,0.8410051
648237,0.99214363
648238,0.009950511
648239,0.9671649
648240,0.9939961
648241,0.788797
648242,0.9650301
648243,0.973896
648244,0.8970058
648245,0.6894046
648246,0.04007046
648247,0.026030537
648248,0.8542091
648249,0.0023105512
648250,0.8754105
648251,0.027948685
648252,0.3527959
648253,0.12990586
648254,0.021260131
648255,0.19886203
648256,0.3925088
648257,0.0018913018
648258,0.0005626208
648259,0.021928549
648260,0.6980124
648261,0.95429677
648262,0.98376244
648263,0.3676554
648264,0.985024
648265,0.27674764
648266,0.017077759
648267,0.13398248
648268,0.98760074
648269,0.7904352
648270,0.97774893
648271,0.7101315
648272,0.7588174
648273,0.00365768
648274,0.21306857
648275,0.009354985
648276,0.9832013
648277,0.9933559
648278,0.98000187
648279,0.009260742
648280,0.0060740006
648281,0.0010962727
648282,0.08833368
648283,0.19588399
648284,0.98757684
648285,0.025459375
648286,0.6966351
648287,0.98401856
648288,0.032080065
648289,0.055059396
648290,0.99876034
648291,0.5941461
648292,0.9861584
648293,0.9532639
648294,0.8172494
648295,0.78827846
648296,0.04472986
648297,0.9112604
648298,0.025739156
648299,0.9355708
648300,0.52519214
648301,0.005013184
648302,0.1807884
648303,0.12654492
648304,0.9035709
648305,0.5087471
648306,0.17080624
648307,0.96707433
648308,0.029316558
648309,0.17930165
648310,0.6126268
648311,0.051441226
648312,0.016563488
648313,0.99494004
648314,0.97510755
648315,0.9625861
648316,0.017742036
648317,0.95137787
648318,0.026556471
648319,0.0022191775
648320,0.65304065
648321,0.97213066
648322,0.9333655
648323,0.033584908
648324,0.9922938
648325,0.009547949
648326,0.12293594
648327,0.9979353
648328,0.024877004
648329,0.68241066
648330,0.28506443
648331,0.8277571
648332,0.9808052
648333,0.05603546
648334,0.26419282
648335,0.20183976
648336,0.9158354
648337,0.8494113
648338,0.30019847
648339,0.010920076
648340,0.36927927
648341,0.7324156
648342,0.039794713
648343,0.08997172
648344,0.9066036
648345,0.14603055
648346,0.9866134
648347,0.02342081
648348,0.19553028
648349,0.05825203
648350,0.98678017
648351,0.73491466
648352,0.9688074
648353,0.8620619
648354,0.9972375
648355,0.012332093
648356,0.13717884
648357,0.99035573
648358,0.25267357
648359,0.9651902
648360,0.26035982
648361,0.89221424
648362,0.030144831
648363,0.99727565
648364,0.16821954
648365,0.20981136
648366,0.0037153754
648367,0.0047566616
648368,0.022182927
648369,0.12604398
648370,0.13093504
648371,0.005935153
648372,0.975214
648373,0.738387
648374,0.98106635
648375,0.9909607
648376,0.39969504
648377,0.6733488
648378,0.98380446
648379,0.9732506
648380,0.009089563
648381,0.9805538
648382,0.062432706
648383,0.03446396
648384,0.94714725
648385,0.9870721
648386,0.05548809
648387,0.017129429
648388,0.9202955
648389,0.9976487
648390,0.97810924
648391,0.9723972
648392,0.4896103
648393,0.023135716
648394,0.97313744
648395,0.80564713
648396,0.012373794
648397,0.026889171
648398,0.26623845
648399,0.9857068
648400,0.0112314345
648401,0.7552097
648402,0.7874256
648403,0.3626432
648404,0.9864428
648405,0.02028352
648406,0.97371805
648407,0.0234637
648408,0.98886085
648409,0.013870325
648410,0.45075214
648411,0.19643939
648412,0.07143673
648413,0.053731393
648414,0.120791316
648415,0.97924453
648416,0.010800402
648417,0.009060272
648418,0.8758185
648419,0.020311374
648420,0.9971658
648421,0.0063923495
648422,0.85697824
648423,0.0069902046
648424,0.8828147
648425,0.6903458
648426,0.013171051
648427,0.07684341
648428,0.087152705
648429,0.996463
648430,0.74561536
648431,0.9962611
648432,0.761984
648433,0.9632107
648434,0.016894862
648435,0.06604898
648436,0.9883175
648437,0.98467004
648438,0.017897377
648439,0.7405801
648440,0.9965628
648441,0.20833519
648442,0.004037981
648443,0.0053894077
648444,0.97617644
648445,0.91359425
648446,0.07001527
648447,0.88550276
648448,0.8992342
648449,0.0026570156
648450,0.0040321527
648451,0.9968259
648452,0.54228914
648453,0.015321029
648454,0.54795504
648455,0.977997
648456,0.9693998
648457,0.045948654
648458,0.0045160893
648459,0.07617484
648460,0.0110082105
648461,0.9917643
648462,0.83509415
648463,0.99838895
648464,0.42408603
648465,0.98017
648466,0.9522879
648467,0.1001554
648468,0.11521289
648469,0.3248638
648470,0.4943413
648471,0.760843
648472,0.23342112
648473,0.9959819
648474,0.09135929
648475,0.012857089
648476,0.99045426
648477,0.047682334
648478,0.072785765
648479,0.33886924
648480,0.86097336
648481,0.89049524
648482,0.12428291
648483,0.82252073
648484,0.9504112
648485,0.28051978
648486,0.016192637
648487,0.004172354
648488,0.0030568517
648489,0.0361212
648490,0.7717204
648491,0.016605902
648492,0.04072302
648493,0.049768932
648494,0.92660916
648495,0.06549196
648496,0.05792532
648497,0.10138036
648498,0.01848673
648499,0.04597398
648500,0.012587696
648501,0.063820064
648502,0.008123726
648503,0.9468859
648504,0.33046433
648505,0.019458743
648506,0.18853354
648507,0.36519128
648508,0.8201146
648509,0.0036683076
648510,0.005441903
648511,0.9325713
648512,0.18068615
648513,0.1775807
648514,0.99499387
648515,0.023362072
648516,0.94072556
648517,0.03516543
648518,0.004367156
648519,0.006619999
648520,0.8253851
648521,0.10026864
648522,0.9859822
648523,0.9690827
648524,0.7939837
648525,0.53148115
648526,0.7615287
648527,0.9944682
648528,0.9791666
648529,0.024881408
648530,0.059821784
648531,0.99464947
648532,0.74984396
648533,0.95252025
648534,0.9354328
648535,0.008394005
648536,0.627573
648537,0.066634916
648538,0.011973614
648539,0.713022
648540,0.30732593
648541,0.9076868
648542,0.96727574
648543,0.89569545
648544,0.9519415
648545,0.939197
648546,0.0052855103
648547,0.0055760937
648548,0.031445865
648549,0.57304406
648550,0.9648452
648551,0.024286503
648552,0.87816167
648553,0.9885591
648554,0.028887186
648555,0.15567249
648556,0.033411764
648557,0.23666757
648558,0.0105045065
648559,0.43610573
648560,0.17000124
648561,0.021702772
648562,0.62018865
648563,0.9725263
648564,0.99312663
648565,0.97439194
648566,0.9907256
648567,0.009881845
648568,0.0034287805
648569,0.9681994
648570,0.013748091
648571,0.9786378
648572,0.97143877
648573,0.02068782
648574,0.114786506
648575,0.98815465
648576,0.0067239953
648577,0.9368719
648578,0.026204135
648579,0.6789708
648580,0.08607451
648581,0.02351562
648582,0.99836695
648583,0.9983437
648584,0.9160495
648585,0.3971151
648586,0.003975543
648587,0.013513238
648588,0.99483943
648589,0.8261154
648590,0.64929706
648591,0.9204314
648592,0.38562334
648593,0.09149861
648594,0.06127403
648595,0.12526757
648596,0.0362513
648597,0.21383491
648598,0.0047404654
648599,0.12998663
648600,0.060226187
648601,0.021727327
648602,0.66264826
648603,0.36539626
648604,0.23784545
648605,0.077684015
648606,0.027177982
648607,0.24718751
648608,0.24119887
648609,0.037031576
648610,0.9848737
648611,0.34567115
648612,0.009783879
648613,0.61940783
648614,0.29588836
648615,0.9598854
648616,0.9892876
648617,0.6857532
648618,0.2695164
648619,0.96558136
648620,0.97700393
648621,0.8348142
648622,0.8496208
648623,0.06902292
648624,0.19547197
648625,0.12974118
648626,0.7739021
648627,0.20802389
648628,0.012608256
648629,0.007754649
648630,0.9557796
648631,0.96707666
648632,0.04135582
648633,0.2800298
648634,0.18279901
648635,0.015588452
648636,0.011640717
648637,0.015316397
648638,0.4476206
648639,0.011770993
648640,0.98934704
648641,0.040074132
648642,0.018793598
648643,0.010775469
648644,0.78833306
648645,0.0045327237
648646,0.030784052
648647,0.9533981
648648,0.9327457
648649,0.027218506
648650,0.23838659
648651,0.7306215
648652,0.9893625
648653,0.9392245
648654,0.9897891
648655,0.9164313
648656,0.042286474
648657,0.0071312007
648658,0.019192673
648659,0.76940084
648660,0.66051173
648661,0.9987628
648662,0.9946409
648663,0.1599951
648664,0.013058804
648665,0.9512093
648666,0.005914738
648667,0.008962429
648668,0.95970035
648669,0.0054959194
648670,0.9581989
648671,0.051654346
648672,0.9567077
648673,0.6320557
648674,0.6656508
648675,0.57282996
648676,0.0049824645
648677,0.99888456
648678,0.89838773
648679,0.0232137
648680,0.6404595
648681,0.004398286
648682,0.064117484
648683,0.011652656
648684,0.016350668
648685,0.0077508213
648686,0.7693408
648687,0.9973383
648688,0.13512497
648689,0.11656134
648690,0.75120485
648691,0.7401322
648692,0.023467075
648693,0.9757227
648694,0.14695182
648695,0.97932243
648696,0.056424998
648697,0.11156774
648698,0.08542138
648699,0.08305684
648700,0.004812733
648701,0.0038228738
648702,0.079018064
648703,0.9956062
648704,0.99532676
648705,0.11425437
648706,0.8523436
648707,0.038963236
648708,0.95330906
648709,0.024054024
648710,0.8248266
648711,0.8797554
648712,0.7707207
648713,0.986047
648714,0.46648222
648715,0.27545357
648716,0.011586449
648717,0.019176953
648718,0.9816453
648719,0.036392912
648720,0.9616198
648721,0.026110519
648722,0.5139899
648723,0.05996221
648724,0.98787355
648725,0.41143975
648726,0.9897183
648727,0.94866323
648728,0.05316884
648729,0.038425356
648730,0.9926406
648731,0.021399047
648732,0.013135998
648733,0.048882723
648734,0.6926142
648735,0.4536327
648736,0.0030203809
648737,0.75901693
648738,0.18222654
648739,0.9852098
648740,0.051923916
648741,0.9724833
648742,0.05397563
648743,0.0285088
648744,0.6412103
648745,0.50861245
648746,0.69503474
648747,0.17739885
648748,0.0015512118
648749,0.0103628365
648750,0.80621004
648751,0.011134485
648752,0.01111286
648753,0.011246697
648754,0.25898528
648755,0.009342628
648756,0.04386036
648757,0.12158168
648758,0.0019743238
648759,0.006028546
648760,0.008741747
648761,0.029178109
648762,0.39417458
648763,0.5527482
648764,0.020686481
648765,0.115230404
648766,0.13518925
648767,0.015513581
648768,0.13024458
648769,0.6551219
648770,0.98099697
648771,0.22112048
648772,0.05881104
648773,0.039063524
648774,0.99929327
648775,0.22279623
648776,0.06941441
648777,0.7031424
648778,0.09917298
648779,0.020978268
648780,0.01253922
648781,0.98076916
648782,0.13892403
648783,0.27347282
648784,0.0068597374
648785,0.28542715
648786,0.99591434
648787,0.081860304
648788,0.6172911
648789,0.8677223
648790,0.28493986
648791,0.022096092
648792,0.9585766
648793,0.008194219
648794,0.9252646
648795,0.9891692
648796,0.03813921
648797,0.018517848
648798,0.05937799
648799,0.99962443
648800,0.22834036
648801,0.9027716
648802,0.004793642
648803,0.4744901
648804,0.008041421
648805,0.12630874
648806,0.93960565
648807,0.9915991
648808,0.7078201
648809,0.99608934
648810,0.011356074
648811,0.009995079
648812,0.80664116
648813,0.005028586
648814,0.1525671
648815,0.98417276
648816,0.60773426
648817,0.98429227
648818,0.99486405
648819,0.8069547
648820,0.7443353
648821,0.058716085
648822,0.00409129
648823,0.01920065
648824,0.8157497
648825,0.0046308003
648826,0.015841017
648827,0.9762327
648828,0.06683254
648829,0.041083492
648830,0.1095523
648831,0.7171966
648832,0.004858029
648833,0.95693797
648834,0.017854158
648835,0.93766475
648836,0.8977654
648837,0.9962189
648838,0.0581778
648839,0.99318147
648840,0.99704707
648841,0.017910888
648842,0.04423552
648843,0.07991294
648844,0.49976286
648845,0.05874166
648846,0.04416524
648847,0.75972277
648848,0.9266746
648849,0.030439826
648850,0.009965753
648851,0.2763283
648852,0.96320933
648853,0.15190557
648854,0.04858513
648855,0.028900977
648856,0.99793434
648857,0.0025642416
648858,0.32806876
648859,0.17045444
648860,0.99492675
648861,0.022289228
648862,0.48419645
648863,0.8650119
648864,0.97643363
648865,0.7900317
648866,0.047925852
648867,0.8976718
648868,0.1011032
648869,0.999187
648870,0.18388993
648871,0.0059684874
648872,0.7893708
648873,0.0044536605
648874,0.8591726
648875,0.0026271278
648876,0.91546685
648877,0.32100192
648878,0.3678518
648879,0.4724608
648880,0.9945741
648881,0.050630234
648882,0.011100768
648883,0.9943018
648884,0.12085132
648885,0.005887438
648886,0.10222016
648887,0.3058852
648888,0.17188342
648889,0.9184788
648890,0.06422801
648891,0.41823757
648892,0.7602216
648893,0.9370133
648894,0.8329766
648895,0.02761827
648896,0.955019
648897,0.9818418
648898,0.008641843
648899,0.057377543
648900,0.58902144
648901,0.4815486
648902,0.19151983
648903,0.015289115
648904,0.55793405
648905,0.56828046
648906,0.88978696
648907,0.96577805
648908,0.03358756
648909,0.86654985
648910,0.10662515
648911,0.6467503
648912,0.36392593
648913,0.994115
648914,0.95512444
648915,0.064052075
648916,0.13579945
648917,0.0023284643
648918,0.9566686
648919,0.9952156
648920,0.0067500086
648921,0.15493003
648922,0.0076070363
648923,0.99498355
648924,0.023886604
648925,0.24643342
648926,0.9344231
648927,0.021765357
648928,0.021385616
648929,0.9946237
648930,0.009150566
648931,0.0073926495
648932,0.83901983
648933,0.97804534
648934,0.8090004
648935,0.9947363
648936,0.9824462
648937,0.1255999
648938,0.9820074
648939,0.50584906
648940,0.04505693
648941,0.82523465
648942,0.25787023
648943,0.9935496
648944,0.022954307
648945,0.11558558
648946,0.9284446
648947,0.021713171
648948,0.70127803
648949,0.9948148
648950,0.16813758
648951,0.99618673
648952,0.99146426
648953,0.96244603
648954,0.041826177
648955,0.007403657
648956,0.034520917
648957,0.025993347
648958,0.012476814
648959,0.998112
648960,0.9963837
648961,0.0040789405
648962,0.81834054
648963,0.46503538
648964,0.04496917
648965,0.0035060383
648966,0.99264705
648967,0.08662484
648968,0.04568339
648969,0.9065868
648970,0.121626504
648971,0.9835243
648972,0.44215602
648973,0.99509984
648974,0.9957888
648975,0.89761543
648976,0.055513002
648977,0.8316079
648978,0.003690774
648979,0.084638074
648980,0.7224432
648981,0.024132546
648982,0.031708874
648983,0.41648048
648984,0.044749983
648985,0.62418306
648986,0.67941153
648987,0.012990363
648988,0.9957128
648989,0.12087034
648990,0.99250925
648991,0.8303251
648992,0.050702278
648993,0.025137402
648994,0.004085125
648995,0.01034503
648996,0.9440851
648997,0.99593204
648998,0.77524054
648999,0.1839265
649000,0.7601204
649001,0.9812372
649002,0.029165985
649003,0.9989197
649004,0.14050025
649005,0.021932239
649006,0.9937259
649007,0.8539227
649008,0.27862296
649009,0.85430723
649010,0.9650038
649011,0.98614365
649012,0.045047194
649013,0.02155368
649014,0.9896285
649015,0.94532955
649016,0.054151233
649017,0.28130883
649018,0.020119213
649019,0.9148314
649020,0.6977308
649021,0.42941535
649022,0.99839556
649023,0.9832757
649024,0.028417803
649025,0.9312412
649026,0.024752803
649027,0.33477178
649028,0.95739955
649029,0.9933076
649030,0.004760028
649031,0.77759427
649032,0.33625326
649033,0.99486357
649034,0.12558708
649035,0.8150145
649036,0.10026109
649037,0.7991602
649038,0.50600797
649039,0.9648433
649040,0.75954473
649041,0.9938302
649042,0.9960317
649043,0.5458662
649044,0.7987097
649045,0.9959985
649046,0.2576539
649047,0.15848202
649048,0.1540682
649049,0.33608913
649050,0.9913432
649051,0.7507722
649052,0.92917556
649053,0.75147307
649054,0.017662108
649055,0.7086073
649056,0.9648693
649057,0.015161762
649058,0.99868876
649059,0.034048297
649060,0.99040604
649061,0.604344
649062,0.20859203
649063,0.17739001
649064,0.012478483
649065,0.29966486
649066,0.015151427
649067,0.20788151
649068,0.0076691667
649069,0.1703723
649070,0.81011665
649071,0.046955258
649072,0.776399
649073,0.96770716
649074,0.97382206
649075,0.7780911
649076,0.015647179
649077,0.061665952
649078,0.27400464
649079,0.24837235
649080,0.15451507
649081,0.96623564
649082,0.55254805
649083,0.054429695
649084,0.989754
649085,0.00911648
649086,0.09160439
649087,0.14149281
649088,0.05285217
649089,0.76387995
649090,0.064677395
649091,0.02256219
649092,0.9978549
649093,0.9983079
649094,0.043415003
649095,0.712988
649096,0.99402225
649097,0.055106547
649098,0.96697414
649099,0.9998108
649100,0.99141634
649101,0.029995253
649102,0.011686089
649103,0.044753235
649104,0.008224952
649105,0.52474445
649106,0.18085366
649107,0.048985653
649108,0.30428106
649109,0.007126311
649110,0.0099803135
649111,0.18666139
649112,0.03073854
649113,0.8989559
649114,0.9247731
649115,0.09790241
649116,0.9454236
649117,0.67507625
649118,0.98048997
649119,0.081466645
649120,0.9337819
649121,0.9913819
649122,0.9938738
649123,0.020418197
649124,0.96499395
649125,0.46190232
649126,0.9424736
649127,0.27254587
649128,0.23213555
649129,0.039075796
649130,0.012489884
649131,0.8271289
649132,0.97924656
649133,0.25079075
649134,0.47031692
649135,0.5956235
649136,0.041545592
649137,0.99610424
649138,0.9406624
649139,0.06769931
649140,0.90762484
649141,0.009759715
649142,0.046198487
649143,0.039500564
649144,0.5516028
649145,0.9981248
649146,0.005334574
649147,0.0052991807
649148,0.0013064084
649149,0.0056213615
649150,0.05158861
649151,0.908613
649152,0.5593398
649153,0.11114757
649154,0.97910833
649155,0.007970432
649156,0.66644
649157,0.7106808
649158,0.040984496
649159,0.004853819
649160,0.107109115
649161,0.10912422
649162,0.2592504
649163,0.13176355
649164,0.012766157
649165,0.737525
649166,0.020348793
649167,0.008071596
649168,0.0026548912
649169,0.8658962
649170,0.97576267
649171,0.9208443
649172,0.02253747
649173,0.01132449
649174,0.9678763
649175,0.38489515
649176,0.02657946
649177,0.1702594
649178,0.9118391
649179,0.17567131
649180,0.021049881
649181,0.038210705
649182,0.93523216
649183,0.112440936
649184,0.049713373
649185,0.2454266
649186,0.8865636
649187,0.15434134
649188,0.9960181
649189,0.01764896
649190,0.99214715
649191,0.9191999
649192,0.353122
649193,0.9613981
649194,0.14674468
649195,0.9986532
649196,0.9856571
649197,0.10834773
649198,0.4647714
649199,0.68251985
649200,0.017290978
649201,0.5547432
649202,0.96852505
649203,0.99083006
649204,0.9186329
649205,0.07680094
649206,0.99032784
649207,0.98444587
649208,0.07141521
649209,0.9597096
649210,0.106814496
649211,0.865777
649212,0.16694884
649213,0.02183078
649214,0.95155823
649215,0.12779924
649216,0.025442027
649217,0.019689694
649218,0.6409026
649219,0.55816996
649220,0.09292677
649221,0.040602505
649222,0.9843035
649223,0.017238937
649224,0.13742092
649225,0.94651824
649226,0.004504715
649227,0.7115426
649228,0.48675433
649229,0.078480475
649230,0.92630726
649231,0.914801
649232,0.30827615
649233,0.56209075
649234,0.098506466
649235,0.16103637
649236,0.5382298
649237,0.02721264
649238,0.87328005
649239,0.0840659
649240,0.8639004
649241,0.9867196
649242,0.98067665
649243,0.13945417
649244,0.92222154
649245,0.008039815
649246,0.006432944
649247,0.03349722
649248,0.058079727
649249,0.9371156
649250,0.91470814
649251,0.85153747
649252,0.0072632735
649253,0.023333713
649254,0.0064312927
649255,0.014791103
649256,0.093614146
649257,0.023247039
649258,0.9562143
649259,0.0107552465
649260,0.0037506009
649261,0.012380376
649262,0.9628869
649263,0.6250048
649264,0.02369116
649265,0.01176898
649266,0.013606943
649267,0.21370108
649268,0.028276682
649269,0.07135269
649270,0.9792543
649271,0.6392116
649272,0.009230794
649273,0.035001013
649274,0.06916147
649275,0.009242963
649276,0.017388813
649277,0.047308914
649278,0.99670565
649279,0.12501465
649280,0.06691944
649281,0.9971474
649282,0.97676253
649283,0.11673547
649284,0.90814865
649285,0.9800278
649286,0.29055417
649287,0.11637618
649288,0.02937653
649289,0.0387816
649290,0.010417448
649291,0.19519176
649292,0.7662872
649293,0.123058885
649294,0.021944247
649295,0.989809
649296,0.9415324
649297,0.10331923
649298,0.9872849
649299,0.6978105
649300,0.060061987
649301,0.035552412
649302,0.975944
649303,0.9052245
649304,0.06310955
649305,0.061478097
649306,0.96546537
649307,0.98978376
649308,0.013546164
649309,0.18602839
649310,0.23618656
649311,0.24635142
649312,0.9949631
649313,0.62063795
649314,0.3340658
649315,0.922619
649316,0.99132514
649317,0.047032923
649318,0.96218216
649319,0.96807873
649320,0.055502314
649321,0.9915177
649322,0.0156184435
649323,0.91266835
649324,0.45822027
649325,0.028652381
649326,0.0011431538
649327,0.23383935
649328,0.5865057
649329,0.064174734
649330,0.9482599
649331,0.06443144
649332,0.30968013
649333,0.7711702
649334,0.04794227
649335,0.06128639
649336,0.6698754
649337,0.9178185
649338,0.15812966
649339,0.0148858
649340,0.9604154
649341,0.13262054
649342,0.99577993
649343,0.017756086
649344,0.0024357112
649345,0.004776374
649346,0.9970648
649347,0.9542219
649348,0.94128865
649349,0.021652982
649350,0.99804217
649351,0.5816307
649352,0.04047012
649353,0.04531523
649354,0.03884115
649355,0.077216074
649356,0.12584132
649357,0.21039204
649358,0.022756305
649359,0.056370266
649360,0.95036256
649361,0.19814251
649362,0.9836088
649363,0.5972182
649364,0.17667206
649365,0.4455313
649366,0.0625468
649367,0.982231
649368,0.0068896217
649369,0.016215017
649370,0.010880761
649371,0.012657863
649372,0.045119833
649373,0.98302996
649374,0.41648012
649375,0.0149676455
649376,0.841458
649377,0.988376
649378,0.95875525
649379,0.76020247
649380,0.9373312
649381,0.8333267
649382,0.46944708
649383,0.9850255
649384,0.03361088
649385,0.0318193
649386,0.05998801
649387,0.0050012385
649388,0.03324534
649389,0.51168966
649390,0.5277129
649391,0.007583076
649392,0.045521256
649393,0.9599229
649394,0.9934056
649395,0.9645022
649396,0.0035906075
649397,0.012052833
649398,0.93498373
649399,0.5679183
649400,0.10399321
649401,0.8630664
649402,0.9778673
649403,0.022136703
649404,0.393161
649405,0.33156165
649406,0.0072256406
649407,0.031153053
649408,0.8760751
649409,0.52990067
649410,0.005255127
649411,0.06841049
649412,0.029186271
649413,0.21221189
649414,0.7053373
649415,0.080561236
649416,0.009466575
649417,0.2521374
649418,0.022592202
649419,0.29369187
649420,0.14644685
649421,0.035539784
649422,0.9989784
649423,0.3449703
649424,0.016458904
649425,0.004107431
649426,0.07447497
649427,0.9220866
649428,0.30111507
649429,0.0029301634
649430,0.3179359
649431,0.9975717
649432,0.07019821
649433,0.99035037
649434,0.96386045
649435,0.12135917
649436,0.9956882
649437,0.19915451
649438,0.94550544
649439,0.9425991
649440,0.035425324
649441,0.011405446
649442,0.032467037
649443,0.001886258
649444,0.48279452
649445,0.5601392
649446,0.08261507
649447,0.91812897
649448,0.9096768
649449,0.99485195
649450,0.3765642
649451,0.02394867
649452,0.010275962
649453,0.9962473
649454,0.026739579
649455,0.3528493
649456,0.01717798
649457,0.0011868181
649458,0.028339397
649459,0.081754
649460,0.96592045
649461,0.022689572
649462,0.63654965
649463,0.9177176
649464,0.14544705
649465,0.05291977
649466,0.99308115
649467,0.8781949
649468,0.03922858
649469,0.87859654
649470,0.04408411
649471,0.026212236
649472,0.3063749
649473,0.011171983
649474,0.3605128
649475,0.58219266
649476,0.36438853
649477,0.9360186
649478,0.04465732
649479,0.9222029
649480,0.18630356
649481,0.011893833
649482,0.0132637685
649483,0.03556245
649484,0.6096628
649485,0.014899692
649486,0.4032092
649487,0.028464444
649488,0.039214645
649489,0.26751
649490,0.11783862
649491,0.31345475
649492,0.9823953
649493,0.023376267
649494,0.9512291
649495,0.008600456
649496,0.59524226
649497,0.84308136
649498,0.8962238
649499,0.04886228
649500,0.987241
649501,0.96421254
649502,0.9712851
649503,0.071910575
649504,0.945022
649505,0.13697861
649506,0.32908395
649507,0.003988197
649508,0.005863304
649509,0.96672374
649510,0.009210559
649511,0.09850295
649512,0.9938433
649513,0.048709247
649514,0.9849407
649515,0.104148194
649516,0.934921
649517,0.476793
649518,0.94419575
649519,0.6769327
649520,0.9886501
649521,0.014292978
649522,0.67001927
649523,0.95799124
649524,0.016182056
649525,0.0048875306
649526,0.719112
649527,0.99826306
649528,0.9729901
649529,0.005014316
649530,0.06369591
649531,0.9845609
649532,0.17244948
649533,0.803506
649534,0.98484683
649535,0.004699933
649536,0.017959423
649537,0.0095352
649538,0.93057764
649539,0.9358545
649540,0.08931425
649541,0.013200149
649542,0.95078415
649543,0.015879199
649544,0.11752671
649545,0.024133721
649546,0.03267099
649547,0.35852706
649548,0.9356162
649549,0.9885297
649550,0.010462955
649551,0.0872709
649552,0.004159304
649553,0.036712676
649554,0.99248457
649555,0.99010587
649556,0.82323396
649557,0.8718269
649558,0.34882724
649559,0.03466638
649560,0.2138359
649561,0.45828804
649562,0.13290274
649563,0.9994764
649564,0.9054669
649565,0.005773983
649566,0.0085732
649567,0.043291375
649568,0.005869892
649569,0.001858498
649570,0.9118649
649571,0.23633933
649572,0.02000063
649573,0.005572231
649574,0.38161448
649575,0.9882891
649576,0.8165288
649577,0.010457228
649578,0.98437023
649579,0.44757235
649580,0.87458754
649581,0.24642327
649582,0.87149256
649583,0.48035967
649584,0.86175793
649585,0.123161845
649586,0.98327506
649587,0.004782964
649588,0.9485395
649589,0.022685062
649590,0.9946736
649591,0.00895772
649592,0.009415299
649593,0.49040937
649594,0.014574432
649595,0.25061485
649596,0.024243038
649597,0.009814438
649598,0.9548359
649599,0.99882674
649600,0.023096696
649601,0.052223936
649602,0.9965624
649603,0.9470389
649604,0.19911931
649605,0.43009958
649606,0.45132664
649607,0.86919546
649608,0.95459926
649609,0.6517828
649610,0.4793958
649611,0.7104917
649612,0.081351146
649613,0.085029036
649614,0.80785215
649615,0.431123
649616,0.018069582
649617,0.9798986
649618,0.06817174
649619,0.97588384
649620,0.18288562
649621,0.029197166
649622,0.9745352
649623,0.9858616
649624,0.9193024
649625,0.03447207
649626,0.85579956
649627,0.9694485
649628,0.012283423
649629,0.99568176
649630,0.98279357
649631,0.32685328
649632,0.9884509
649633,0.028065981
649634,0.505871
649635,0.9899101
649636,0.9810628
649637,0.9909106
649638,0.73421717
649639,0.18836811
649640,0.032692917
649641,0.10173384
649642,0.9768741
649643,0.07654136
649644,0.552511
649645,0.060829468
649646,0.042410836
649647,0.732005
649648,0.99520105
649649,0.92012125
649650,0.9628947
649651,0.99055564
649652,0.99607337
649653,0.120946474
649654,0.7381665
649655,0.009079285
649656,0.9188843
649657,0.0063778628
649658,0.14218295
649659,0.21402131
649660,0.8420597
649661,0.25154698
649662,0.04288611
649663,0.00921065
649664,0.009136856
649665,0.034244582
649666,0.00518985
649667,0.3269918
649668,0.9894923
649669,0.027713
649670,0.11944836
649671,0.84317815
649672,0.021180065
649673,0.6505885
649674,0.005567988
649675,0.997808
649676,0.88948697
649677,0.89465284
649678,0.78182036
649679,0.9706268
649680,0.06210178
649681,0.17326614
649682,0.010072462
649683,0.99263626
649684,0.977737
649685,0.09473572
649686,0.9971274
649687,0.99811965
649688,0.37231663
649689,0.007912134
649690,0.9778188
649691,0.54033685
649692,0.01153866
649693,0.20847322
649694,0.02456823
649695,0.0022960715
649696,0.5046108
649697,0.017299874
649698,0.8369175
649699,0.21236898
649700,0.99151134
649701,0.9930575
649702,0.5924096
649703,0.7236229
649704,0.25591817
649705,0.70066786
649706,0.009882921
649707,0.9833603
649708,0.053053625
649709,0.494063
649710,0.907243
649711,0.043278344
649712,0.66046023
649713,0.99528944
649714,0.14985552
649715,0.36294872
649716,0.0919105
649717,0.21030346
649718,0.024634492
649719,0.8915924
649720,0.054539457
649721,0.98742807
649722,0.011186924
649723,0.9817117
649724,0.34076262
649725,0.0390009
649726,0.024207532
649727,0.93346995
649728,0.01682338
649729,0.6668329
649730,0.006379343
649731,0.16255248
649732,0.9952091
649733,0.13703775
649734,0.119366884
649735,0.02222642
649736,0.97310525
649737,0.09676865
649738,0.1115057
649739,0.03884927
649740,0.072480924
649741,0.23028088
649742,0.9968859
649743,0.36978617
649744,0.9881763
649745,0.9876807
649746,0.990738
649747,0.68703645
649748,0.0055566444
649749,0.92010766
649750,0.0075617675
649751,0.9558965
649752,0.008829797
649753,0.99474293
649754,0.002409203
649755,0.9865752
649756,0.9629134
649757,0.043514185
649758,0.031006217
649759,0.0108766835
649760,0.99963856
649761,0.88956726
649762,0.41692716
649763,0.9814833
649764,0.45847058
649765,0.8172792
649766,0.4884227
649767,0.7021017
649768,0.58092976
649769,0.08222566
649770,0.98302746
649771,0.44195086
649772,0.0069544856
649773,0.071002446
649774,0.018266864
649775,0.9878444
649776,0.97421044
649777,0.9383943
649778,0.9938195
649779,0.37054798
649780,0.0059523988
649781,0.048192903
649782,0.93084717
649783,0.97218996
649784,0.006092622
649785,0.47836906
649786,0.054649197
649787,0.09767492
649788,0.018214867
649789,0.3569255
649790,0.06950553
649791,0.10234492
649792,0.41654873
649793,0.97662205
649794,0.9306649
649795,0.055137426
649796,0.06325403
649797,0.15095541
649798,0.019540137
649799,0.99837875
649800,0.45689288
649801,0.6522355
649802,0.8856267
649803,0.01945109
649804,0.034437805
649805,0.00340642
649806,0.99831605
649807,0.99401987
649808,0.56408024
649809,0.086132996
649810,0.022298686
649811,0.09586161
649812,0.80935574
649813,0.022920858
649814,0.88958645
649815,0.026204444
649816,0.5716809
649817,0.030180518
649818,0.926946
649819,0.2064141
649820,0.056236193
649821,0.93747747
649822,0.99313074
649823,0.11420314
649824,0.707747
649825,0.992833
649826,0.35925123
649827,0.9876562
649828,0.8130518
649829,0.3800905
649830,0.9911376
649831,0.9768454
649832,0.009344388
649833,0.30526766
649834,0.21967237
649835,0.8753875
649836,0.016710265
649837,0.9969835
649838,0.9681291
649839,0.97005486
649840,0.9607757
649841,0.019508215
649842,0.91581166
649843,0.18180643
649844,0.9344541
649845,0.99198884
649846,0.13972014
649847,0.8905852
649848,0.43465668
649849,0.26045564
649850,0.3238594
649851,0.07646673
649852,0.010300987
649853,0.9482325
649854,0.056628693
649855,0.09179367
649856,0.005279542
649857,0.3528351
649858,0.025360752
649859,0.6419699
649860,0.45647204
649861,0.35488442
649862,0.016092882
649863,0.40708557
649864,0.010411416
649865,0.9934819
649866,0.1960951
649867,0.32920125
649868,0.6193812
649869,0.55501974
649870,0.00675264
649871,0.94955766
649872,0.9271551
649873,0.9862232
649874,0.010268869
649875,0.7132611
649876,0.12520833
649877,0.01082848
649878,0.16647884
649879,0.033933092
649880,0.32176676
649881,0.38196996
649882,0.0068553872
649883,0.99815285
649884,0.10219128
649885,0.996299
649886,0.972387
649887,0.5570531
649888,0.06584437
649889,0.055928625
649890,0.98500186
649891,0.8923904
649892,0.9970857
649893,0.47042537
649894,0.018809885
649895,0.9932014
649896,0.023831744
649897,0.51321733
649898,0.5288044
649899,0.60351324
649900,0.9944025
649901,0.9736109
649902,0.96050775
649903,0.7546612
649904,0.040441155
649905,0.011845408
649906,0.090621054
649907,0.07602674
649908,0.96355474
649909,0.013872813
649910,0.97763574
649911,0.51913023
649912,0.011138791
649913,0.9635035
649914,0.80398667
649915,0.97592705
649916,0.10586412
649917,0.37748057
649918,0.784193
649919,0.9854318
649920,0.9571711
649921,0.9316795
649922,0.012512317
649923,0.00810251
649924,0.06335616
649925,0.40426743
649926,0.06557666
649927,0.045529086
649928,0.0039408435
649929,0.3439491
649930,0.047459856
649931,0.19930214
649932,0.3583217
649933,0.024617244
649934,0.033491902
649935,0.88413346
649936,0.98103887
649937,0.49537903
649938,0.02258637
649939,0.6452038
649940,0.9988206
649941,0.0072909226
649942,0.111453064
649943,0.9430816
649944,0.1180381
649945,0.8587034
649946,0.9375108
649947,0.3020345
649948,0.9962548
649949,0.9743667
649950,0.027061272
649951,0.030347548
649952,0.980797
649953,0.026476217
649954,0.120161414
649955,0.994281
649956,0.39457554
649957,0.97033334
649958,0.012886207
649959,0.00953402
649960,0.06224573
649961,0.8010763
649962,0.7910892
649963,0.812176
649964,0.4712042
649965,0.96681523
649966,0.17988178
649967,0.99032074
649968,0.999755
649969,0.11626594
649970,0.01906114
649971,0.21289672
649972,0.023901004
649973,0.12624885
649974,0.118596956
649975,0.002973318
649976,0.17261522
649977,0.9979081
649978,0.04427196
649979,0.19744554
649980,0.99722266
649981,0.92805284
649982,0.04051695
649983,0.22172253
649984,0.06462419
649985,0.037783198
649986,0.0072864722
649987,0.95538175
649988,0.06074772
649989,0.91016567
649990,0.07116771
649991,0.04174676
649992,0.0049053077
649993,0.840152
649994,0.18654339
649995,0.0068458486
649996,0.99325156
649997,0.18981156
649998,0.05568032
649999,0.017737508
650000,0.8753129
650001,0.9284562
650002,0.4978319
650003,0.0248909
650004,0.9996265
650005,0.13604426
650006,0.022467233
650007,0.016573418
650008,0.00433723
650009,0.9056454
650010,0.04320633
650011,0.6317459
650012,0.99492925
650013,0.9896599
650014,0.9875534
650015,0.0071602827
650016,0.07669175
650017,0.9500046
650018,0.19120857
650019,0.18481526
650020,0.030109487
650021,0.9878119
650022,0.9901998
650023,0.08871715
650024,0.003782897
650025,0.013357761
650026,0.0810409
650027,0.4837499
650028,0.058623817
650029,0.5889951
650030,0.015592209
650031,0.4187581
650032,0.004961238
650033,0.99724185
650034,0.39433044
650035,0.21584728
650036,0.81944793
650037,0.8153279
650038,0.8256266
650039,0.029304415
650040,0.7981269
650041,0.010129519
650042,0.04632495
650043,0.011072177
650044,0.15617612
650045,0.99726474
650046,0.0033251476
650047,0.116431825
650048,0.00483121
650049,0.019675773
650050,0.0101014655
650051,0.17935097
650052,0.081031196
650053,0.58208
650054,0.38954788
650055,0.49090648
650056,0.47935715
650057,0.951758
650058,0.103352584
650059,0.02627268
650060,0.16544765
650061,0.42268193
650062,0.99624825
650063,0.008372428
650064,0.009475577
650065,0.970561
650066,0.986838
650067,0.03116538
650068,0.011867225
650069,0.014221637
650070,0.0056189224
650071,0.77027464
650072,0.008393669
650073,0.98173213
650074,0.085656896
650075,0.16780224
650076,0.2923305
650077,0.0076306583
650078,0.98652375
650079,0.9939455
650080,0.056055285
650081,0.91770375
650082,0.52178293
650083,0.92233837
650084,0.0073741116
650085,0.019230178
650086,0.7949345
650087,0.9762403
650088,0.9716764
650089,0.009204876
650090,0.004290441
650091,0.0076900413
650092,0.021946542
650093,0.6770531
650094,0.011751623
650095,0.9627757
650096,0.949916
650097,0.022901379
650098,0.16812661
650099,0.9634624
650100,0.9944107
650101,0.1589133
650102,0.030872207
650103,0.017828995
650104,0.9626083
650105,0.88460183
650106,0.032755602
650107,0.007707876
650108,0.10860411
650109,0.049993016
650110,0.4156183
650111,0.018478017
650112,0.93257964
650113,0.25770295
650114,0.15785538
650115,0.015999503
650116,0.041782852
650117,0.02445332
650118,0.15806442
650119,0.3851682
650120,0.990553
650121,0.13030595
650122,0.30147558
650123,0.10506473
650124,0.052697144
650125,0.01569275
650126,0.0070684385
650127,0.9236765
650128,0.02446809
650129,0.045323372
650130,0.9915154
650131,0.5552769
650132,0.9736494
650133,0.024165832
650134,0.8449813
650135,0.037135385
650136,0.9712399
650137,0.019447533
650138,0.47484672
650139,0.9959856
650140,0.00181784
650141,0.4233536
650142,0.02864036
650143,0.021977587
650144,0.48167837
650145,0.023561765
650146,0.030689927
650147,0.05003259
650148,0.9991967
650149,0.8392211
650150,0.7442429
650151,0.95836705
650152,0.9885378
650153,0.16158594
650154,0.03683042
650155,0.9034897
650156,0.008833954
650157,0.26762095
650158,0.50443053
650159,0.8167548
650160,0.99894047
650161,0.9933083
650162,0.0062785903
650163,0.017093625
650164,0.23932156
650165,0.05147558
650166,0.99918646
650167,0.4288773
650168,0.7760279
650169,0.107446924
650170,0.8553343
650171,0.055565484
650172,0.050969865
650173,0.28344908
650174,0.007082114
650175,0.07517891
650176,0.015284367
650177,0.9320963
650178,0.23090535
650179,0.46982455
650180,0.028176425
650181,0.0124070365
650182,0.96451867
650183,0.016037226
650184,0.998319
650185,0.8970685
650186,0.60820067
650187,0.07312726
650188,0.04389859
650189,0.08283793
650190,0.019042242
650191,0.6296944
650192,0.019347738
650193,0.0017681409
650194,0.024911435
650195,0.9984504
650196,0.8420436
650197,0.06833435
650198,0.69137514
650199,0.0048774206
650200,0.7867041
650201,0.29323745
650202,0.0033032838
650203,0.006680943
650204,0.97043943
650205,0.43088302
650206,0.045755386
650207,0.5231633
650208,0.8617135
650209,0.97084785
650210,0.06400513
650211,0.047049657
650212,0.08075468
650213,0.99843967
650214,0.74391586
650215,0.0096978
650216,0.6701406
650217,0.9783789
650218,0.9209601
650219,0.79814136
650220,0.59387255
650221,0.80041945
650222,0.8591445
650223,0.0071830777
650224,0.06417912
650225,0.11565372
650226,0.5903257
650227,0.08610684
650228,0.1734552
650229,0.99553454
650230,0.012689498
650231,0.57610756
650232,0.010098541
650233,0.7747812
650234,0.06953482
650235,0.14900638
650236,0.98326886
650237,0.7836517
650238,0.02715097
650239,0.9845273
650240,0.9731618
650241,0.23190819
650242,0.081406124
650243,0.212843
650244,0.10386472
650245,0.13105635
650246,0.09220596
650247,0.0078811515
650248,0.9943285
650249,0.99831617
650250,0.0037555026
650251,0.0062490962
650252,0.14538497
650253,0.84546804
650254,0.86678964
650255,0.4688992
650256,0.9573126
650257,0.9946285
650258,0.8222102
650259,0.016088804
650260,0.8247849
650261,0.009922005
650262,0.9226987
650263,0.29386044
650264,0.9666262
650265,0.11700532
650266,0.9878396
650267,0.027028972
650268,0.7157672
650269,0.221873
650270,0.6147904
650271,0.5693629
650272,0.041370854
650273,0.046841703
650274,0.9566545
650275,0.06381296
650276,0.0071610063
650277,0.4903422
650278,0.0010627467
650279,0.9964632
650280,0.080742985
650281,0.06147043
650282,0.96863747
650283,0.0025489603
650284,0.93588
650285,0.8934522
650286,0.020214954
650287,0.9669697
650288,0.08108875
650289,0.78700113
650290,0.01618153
650291,0.96524847
650292,0.034379438
650293,0.001036103
650294,0.004767853
650295,0.19833507
650296,0.9740108
650297,0.011244255
650298,0.12748349
650299,0.93440807
650300,0.5733383
650301,0.9914957
650302,0.993278
650303,0.28110236
650304,0.00928246
650305,0.5728674
650306,0.48269922
650307,0.05652677
650308,0.97230446
650309,0.8229405
650310,0.13339767
650311,0.27940428
650312,0.032364015
650313,0.11086877
650314,0.6564461
650315,0.03221139
650316,0.9994887
650317,0.98704636
650318,0.005003196
650319,0.9902448
650320,0.85577464
650321,0.6525966
650322,0.020319384
650323,0.97547007
650324,0.9315266
650325,0.6444642
650326,0.9548391
650327,0.9607265
650328,0.03092962
650329,0.13684827
650330,0.018432014
650331,0.11207315
650332,0.026590439
650333,0.099069975
650334,0.87931824
650335,0.23143917
650336,0.70737356
650337,0.10332067
650338,0.29511142
650339,0.5301183
650340,0.008196741
650341,0.022769976
650342,0.70877683
650343,0.99096733
650344,0.06610805
650345,0.22794582
650346,0.0221389
650347,0.99528325
650348,0.6515327
650349,0.98554134
650350,0.013436803
650351,0.0069832387
650352,0.14223947
650353,0.4104548
650354,0.9754666
650355,0.042780634
650356,0.59002244
650357,0.0022649784
650358,0.9240954
650359,0.92777216
650360,0.03599421
650361,0.934721
650362,0.0063178483
650363,0.016731389
650364,0.5709208
650365,0.008679319
650366,0.69090617
650367,0.99766684
650368,0.17447232
650369,0.116027385
650370,0.013595063
650371,0.9879731
650372,0.7712302
650373,0.89899343
650374,0.95273983
650375,0.92252827
650376,0.026511854
650377,0.5838645
650378,0.19693118
650379,0.11521467
650380,0.99197555
650381,0.016885523
650382,0.026989872
650383,0.36931375
650384,0.032700837
650385,0.34121892
650386,0.017686531
650387,0.014855667
650388,0.11102611
650389,0.99507505
650390,0.8227769
650391,0.01931314
650392,0.84930235
650393,0.99327767
650394,0.055488423
650395,0.9819732
650396,0.9936816
650397,0.60008526
650398,0.8876775
650399,0.98523986
650400,0.9498126
650401,0.0650256
650402,0.13672116
650403,0.98631185
650404,0.043270905
650405,0.809348
650406,0.9934509
650407,0.80374086
650408,0.11753578
650409,0.05666433
650410,0.02488929
650411,0.61989033
650412,0.0028113476
650413,0.90237296
650414,0.86627775
650415,0.05498469
650416,0.086437464
650417,0.98495996
650418,0.96978515
650419,0.9847008
650420,0.07975197
650421,0.98835945
650422,0.30100873
650423,0.9995608
650424,0.7313117
650425,0.95595896
650426,0.06993256
650427,0.046193995
650428,0.036104675
650429,0.041818492
650430,0.04978383
650431,0.1694792
650432,0.7544243
650433,0.21671101
650434,0.98004615
650435,0.99898547
650436,0.15855703
650437,0.82980716
650438,0.86132634
650439,0.29761752
650440,0.97489065
650441,0.93117124
650442,0.11785395
650443,0.08960426
650444,0.99102235
650445,0.21703297
650446,0.0047571864
650447,0.16733381
650448,0.87728715
650449,0.27289858
650450,0.97915506
650451,0.48234296
650452,0.75392735
650453,0.004497451
650454,0.056108322
650455,0.9906655
650456,0.17460744
650457,0.8427057
650458,0.38892537
650459,0.1010651
650460,0.01572488
650461,0.99735236
650462,0.9555949
650463,0.014284581
650464,0.10530672
650465,0.007970276
650466,0.996948
650467,0.97870964
650468,0.033596605
650469,0.9960017
650470,0.029235201
650471,0.7862945
650472,0.02961188
650473,0.007214925
650474,0.029043145
650475,0.7625305
650476,0.9714834
650477,0.99717665
650478,0.88829994
650479,0.0126506565
650480,0.06818555
650481,0.05695322
650482,0.016458862
650483,0.6353676
650484,0.9291407
650485,0.23395564
650486,0.5093705
650487,0.41939345
650488,0.039435595
650489,0.031916138
650490,0.017846484
650491,0.99532336
650492,0.002884433
650493,0.0037451647
650494,0.8985791
650495,0.02276405
650496,0.0035366805
650497,0.9975658
650498,0.98731524
650499,0.016140247
650500,0.016564265
650501,0.94265616
650502,0.9972598
650503,0.9705857
650504,0.9682147
650505,0.27219504
650506,0.5094346
650507,0.88669115
650508,0.044712108
650509,0.85106575
650510,0.047362734
650511,0.0070777168
650512,0.5695114
650513,0.0110823745
650514,0.96996534
650515,0.054432757
650516,0.822828
650517,0.02916367
650518,0.00038052618
650519,0.71236455
650520,0.019012807
650521,0.0023690776
650522,0.012198595
650523,0.8859898
650524,0.045886967
650525,0.8325608
650526,0.9967282
650527,0.026930679
650528,0.021378431
650529,0.857496
650530,0.15273717
650531,0.03034639
650532,0.7994956
650533,0.9903132
650534,0.9418751
650535,0.01120667
650536,0.779363
650537,0.05023257
650538,0.96931666
650539,0.10509534
650540,0.87490875
650541,0.9940784
650542,0.15798558
650543,0.054412045
650544,0.9175861
650545,0.038252506
650546,0.033188637
650547,0.9850945
650548,0.9547194
650549,0.2283774
650550,0.004232581
650551,0.5488372
650552,0.20804551
650553,0.030724896
650554,0.015896099
650555,0.18734598
650556,0.9914948
650557,0.016174931
650558,0.05205961
650559,0.9519864
650560,0.41432974
650561,0.22142342
650562,0.09302829
650563,0.19866845
650564,0.52732384
650565,0.7918867
650566,0.44372168
650567,0.84796304
650568,0.7999347
650569,0.64057267
650570,0.06644322
650571,0.46372828
650572,0.7227291
650573,0.4032696
650574,0.047663853
650575,0.99010015
650576,0.0085481675
650577,0.05111046
650578,0.13936634
650579,0.116456114
650580,0.510573
650581,0.050397422
650582,0.5986308
650583,0.9162161
650584,0.99835056
650585,0.9908644
650586,0.80236
650587,0.017418426
650588,0.013330786
650589,0.007905802
650590,0.80862164
650591,0.00031821147
650592,0.040906094
650593,0.9046949
650594,0.060231037
650595,0.39310828
650596,0.0023535828
650597,0.8469436
650598,0.9857484
650599,0.99727833
650600,0.3222159
650601,0.9152441
650602,0.022019444
650603,0.035260916
650604,0.9933309
650605,0.99481833
650606,0.95276433
650607,0.19016546
650608,0.9964335
650609,0.97999513
650610,0.6494874
650611,0.9912454
650612,0.99581146
650613,0.09559788
650614,0.7066485
650615,0.5792383
650616,0.03751762
650617,0.9869671
650618,0.6063487
650619,0.9654128
650620,0.020094965
650621,0.9728216
650622,0.40229356
650623,0.994178
650624,0.86794144
650625,0.60872316
650626,0.97532105
650627,0.9555057
650628,0.9522426
650629,0.15899798
650630,0.014002375
650631,0.023086987
650632,0.24668281
650633,0.21833086
650634,0.9088699
650635,0.8900995
650636,0.0108112395
650637,0.2103194
650638,0.016967827
650639,0.91128695
650640,0.9797822
650641,0.9927868
650642,0.023019187
650643,0.8764454
650644,0.019123033
650645,0.99511594
650646,0.20458844
650647,0.013783388
650648,0.70541346
650649,0.8761494
650650,0.008489776
650651,0.35920835
650652,0.9812789
650653,0.88787985
650654,0.9794959
650655,0.71980625
650656,0.4272557
650657,0.0151832225
650658,0.010145807
650659,0.10340237
650660,0.055120382
650661,0.010830034
650662,0.9699618
650663,0.99807906
650664,0.29857236
650665,0.005920972
650666,0.06841555
650667,0.99650073
650668,0.9780039
650669,0.9957727
650670,0.99078935
650671,0.009934626
650672,0.098581776
650673,0.018938739
650674,0.959152
650675,0.043982677
650676,0.9640703
650677,0.310536
650678,0.12251176
650679,0.08250138
650680,0.46632278
650681,0.996645
650682,0.0052181426
650683,0.060199004
650684,0.026434433
650685,0.14425309
650686,0.939161
650687,0.8854522
650688,0.0074712234
650689,0.0029669593
650690,0.04688468
650691,0.9310324
650692,0.1546755
650693,0.29529232
650694,0.040605497
650695,0.008693106
650696,0.015016864
650697,0.04103252
650698,0.036594108
650699,0.026538908
650700,0.5015066
650701,0.97804666
650702,0.99662185
650703,0.9727219
650704,0.0038665752
650705,0.07650589
650706,0.06539876
650707,0.037960093
650708,0.35560435
650709,0.017847434
650710,0.029776918
650711,0.991475
650712,0.008297138
650713,0.95964605
650714,0.8315306
650715,0.10937662
650716,0.14392433
650717,0.07745738
650718,0.026126184
650719,0.12664276
650720,0.9012827
650721,0.9971839
650722,0.98228014
650723,0.014574307
650724,0.7128996
650725,0.5725641
650726,0.7737415
650727,0.8606114
650728,0.0035246578
650729,0.96695423
650730,0.7318748
650731,0.088841125
650732,0.01749563
650733,0.98598367
650734,0.9971829
650735,0.79715466
650736,0.92215323
650737,0.8465449
650738,0.0024792948
650739,0.983101
650740,0.9162259
650741,0.29111215
650742,0.7178619
650743,0.060361177
650744,0.8538002
650745,0.8941526
650746,0.033219818
650747,0.061382636
650748,0.4253759
650749,0.004443486
650750,0.062205717
650751,0.08752647
650752,0.6569744
650753,0.015141417
650754,0.082620606
650755,0.9825698
650756,0.9259614
650757,0.9892168
650758,0.9028771
650759,0.036739394
650760,0.097279355
650761,0.98242736
650762,0.8001495
650763,0.99014753
650764,0.9922408
650765,0.94498974
650766,0.8833679
650767,0.9962438
650768,0.03727684
650769,0.036132183
650770,0.24734
650771,0.09521538
650772,0.90354
650773,0.027724244
650774,0.4516469
650775,0.0007540564
650776,0.039280765
650777,0.89346695
650778,0.2992641
650779,0.002897109
650780,0.31626686
650781,0.0322687
650782,0.9624566
650783,0.08703449
650784,0.31936347
650785,0.9940154
650786,0.37323967
650787,0.99220335
650788,0.2904172
650789,0.40075192
650790,0.9983248
650791,0.056325514
650792,0.12731288
650793,0.0032349888
650794,0.20720363
650795,0.023564685
650796,0.009068053
650797,0.087063536
650798,0.9882831
650799,0.9598101
650800,0.88709635
650801,0.018995194
650802,0.95915884
650803,0.17890714
650804,0.09311555
650805,0.07468091
650806,0.09519912
650807,0.120120645
650808,0.008254464
650809,0.41207504
650810,0.48809898
650811,0.020953786
650812,0.04120256
650813,0.009573018
650814,0.1272606
650815,0.06257923
650816,0.8989986
650817,0.07957644
650818,0.1850718
650819,0.036729213
650820,0.9781854
650821,0.04807628
650822,0.048175715
650823,0.070152074
650824,0.25763398
650825,0.27067927
650826,0.9876308
650827,0.14123768
650828,0.2317085
650829,0.01783128
650830,0.7319578
650831,0.003155679
650832,0.061133735
650833,0.045371592
650834,0.98419046
650835,0.0026789424
650836,0.005753425
650837,0.0436011
650838,0.23191765
650839,0.0062727695
650840,0.03655695
650841,0.006246947
650842,0.10302571
650843,0.82590497
650844,0.007005737
650845,0.06207898
650846,0.0029991562
650847,0.009202272
650848,0.98018765
650849,0.9976697
650850,0.9696543
650851,0.24431875
650852,0.63127553
650853,0.9619011
650854,0.45527422
650855,0.054428577
650856,0.9477846
650857,0.55070233
650858,0.7853241
650859,0.99564886
650860,0.8118128
650861,0.3153749
650862,0.033278003
650863,0.9972555
650864,0.045821056
650865,0.5679146
650866,0.43292037
650867,0.004940137
650868,0.9877856
650869,0.07616023
650870,0.9683781
650871,0.9430846
650872,0.0028596448
650873,0.04084259
650874,0.23658854
650875,0.53295374
650876,0.9191474
650877,0.8349143
650878,0.68893355
650879,0.65815294
650880,0.9878416
650881,0.18434447
650882,0.92523897
650883,0.8557346
650884,0.21473306
650885,0.38604084
650886,0.04712811
650887,0.016715152
650888,0.9735347
650889,0.13568069
650890,0.10503344
650891,0.011090409
650892,0.7907288
650893,0.09440313
650894,0.005031202
650895,0.035858914
650896,0.13879089
650897,0.003190434
650898,0.06618048
650899,0.53838426
650900,0.036139518
650901,0.012152293
650902,0.004802791
650903,0.07265678
650904,0.2452023
650905,0.118537605
650906,0.73842394
650907,0.9994357
650908,0.017028742
650909,0.20893666
650910,0.016184306
650911,0.40804163
650912,0.9919665
650913,0.86532784
650914,0.17735681
650915,0.06542425
650916,0.88491654
650917,0.20981297
650918,0.5111786
650919,0.90196466
650920,0.56277996
650921,0.3627949
650922,0.99629194
650923,0.05031813
650924,0.1521499
650925,0.0849742
650926,0.18203542
650927,0.0043025077
650928,0.01341135
650929,0.51570684
650930,0.99926865
650931,0.66215336
650932,0.008032855
650933,0.99345803
650934,0.919964
650935,0.019210702
650936,0.3297573
650937,0.66234565
650938,0.19100499
650939,0.005126621
650940,0.017320395
650941,0.85064626
650942,0.03188091
650943,0.18266585
650944,0.24870276
650945,0.72796893
650946,0.9874156
650947,0.10518171
650948,0.052845646
650949,0.0063255215
650950,0.08629068
650951,0.004098574
650952,0.10199933
650953,0.95972884
650954,0.7615963
650955,0.009348795
650956,0.95493263
650957,0.9989709
650958,0.30165407
650959,0.005279108
650960,0.04041067
650961,0.7323376
650962,0.019961145
650963,0.15983826
650964,0.003897801
650965,0.06339637
650966,0.16395858
650967,0.88659847
650968,0.99758804
650969,0.9540503
650970,0.7655232
650971,0.038471736
650972,0.01022962
650973,0.24497378
650974,0.0060043125
650975,0.94584924
650976,0.0017899178
650977,0.024221973
650978,0.019382512
650979,0.8283776
650980,0.87212574
650981,0.2788701
650982,0.015616162
650983,0.9897132
650984,0.9831842
650985,0.869231
650986,0.21114048
650987,0.98969465
650988,0.07666104
650989,0.033336032
650990,0.5513952
650991,0.16718026
650992,0.88426834
650993,0.99932736
650994,0.0370774
650995,0.9025217
650996,0.5051613
650997,0.0017407793
650998,0.93552494
650999,0.9623509
651000,0.98625284
651001,0.026352884
651002,0.5528921
651003,0.9861336
651004,0.03936662
651005,0.045774087
651006,0.05316291
651007,0.03006294
651008,0.9927889
651009,0.017154817
651010,0.12688151
651011,0.9761276
651012,0.8770478
651013,0.056537673
651014,0.014513045
651015,0.9560179
651016,0.9590574
651017,0.042513758
651018,0.50301856
651019,0.24046876
651020,0.98646915
651021,0.023817329
651022,0.9685592
651023,0.9775617
651024,0.026431326
651025,0.02101937
651026,0.15147194
651027,0.45737833
651028,0.9826472
651029,0.84331185
651030,0.6412199
651031,0.44485626
651032,0.05484309
651033,0.93230945
651034,0.9922826
651035,0.8755572
651036,0.99762917
651037,0.16913195
651038,0.99672616
651039,0.53737336
651040,0.01735817
651041,0.011818069
651042,0.90853405
651043,0.25155884
651044,0.95445997
651045,0.98583454
651046,0.0056330822
651047,0.013894407
651048,0.9702996
651049,0.9780115
651050,0.07438017
651051,0.94316447
651052,0.88803667
651053,0.18904507
651054,0.83161455
651055,0.8354139
651056,0.4263727
651057,0.37562063
651058,0.9594153
651059,0.8968201
651060,0.12684807
651061,0.98816127
651062,0.015402068
651063,0.9936741
651064,0.032734025
651065,0.5937361
651066,0.015739832
651067,0.9029585
651068,0.6922958
651069,0.9985827
651070,0.06896569
651071,0.7932435
651072,0.9795399
651073,0.9585684
651074,0.04019109
651075,0.0055433204
651076,0.046936795
651077,0.13990182
651078,0.01679383
651079,0.1608548
651080,0.9515821
651081,0.37421638
651082,0.7964424
651083,0.9755969
651084,0.0028464482
651085,0.04774885
651086,0.03844869
651087,0.9339318
651088,0.29560012
651089,0.015509836
651090,0.994788
651091,0.9959076
651092,0.069919765
651093,0.28288293
651094,0.98943734
651095,0.0064850617
651096,0.99838775
651097,0.5732661
651098,0.9282547
651099,0.824135
651100,0.05652628
651101,0.012554082
651102,0.11900897
651103,0.60132045
651104,0.9515393
651105,0.07377824
651106,0.03121755
651107,0.20813406
651108,0.95995975
651109,0.3659907
651110,0.043494925
651111,0.88213193
651112,0.17654212
651113,0.9459519
651114,0.50886905
651115,0.009905574
651116,0.5877803
651117,0.99446666
651118,0.97661275
651119,0.015489452
651120,0.86186135
651121,0.9170343
651122,0.18730892
651123,0.96863955
651124,0.07553492
651125,0.4046451
651126,0.012146955
651127,0.9739825
651128,0.6189482
651129,0.9638775
651130,0.029498255
651131,0.7295654
651132,0.010698674
651133,0.75567317
651134,0.03546589
651135,0.0729312
651136,0.9920879
651137,0.359182
651138,0.43404892
651139,0.98854125
651140,0.9527952
651141,0.013139713
651142,0.010812424
651143,0.8458909
651144,0.013850275
651145,0.0033566004
651146,0.9620455
651147,0.61370325
651148,0.049504817
651149,0.007904257
651150,0.55225277
651151,0.004476293
651152,0.06060771
651153,0.003921856
651154,0.021857273
651155,0.9958835
651156,0.5292218
651157,0.19486056
651158,0.81325483
651159,0.0021003392
651160,0.002877488
651161,0.07584951
651162,0.013013467
651163,0.8667251
651164,0.99788094
651165,0.05489982
651166,0.32205498
651167,0.08703668
651168,0.95270884
651169,0.06903823
651170,0.29952738
651171,0.82330817
651172,0.96236277
651173,0.9995364
651174,0.90729976
651175,0.0013603455
651176,0.2525591
651177,0.09891739
651178,0.7409699
651179,0.9970195
651180,0.61601204
651181,0.0051455954
651182,0.28713423
651183,0.021893308
651184,0.011552682
651185,0.051422033
651186,0.99208194
651187,0.997928
651188,0.99033535
651189,0.010081593
651190,0.0059506875
651191,0.480386
651192,0.01013014
651193,0.9465249
651194,0.9876497
651195,0.9615687
651196,0.98678374
651197,0.018409042
651198,0.0034093878
651199,0.19324842
651200,0.9932823
651201,0.0057667866
651202,0.8638117
651203,0.9747738
651204,0.7955034
651205,0.04658348
651206,0.0056188083
651207,0.009280885
651208,0.9252946
651209,0.13140863
651210,0.96708673
651211,0.9120531
651212,0.99470615
651213,0.028117009
651214,0.11198183
651215,0.008826184
651216,0.2828932
651217,0.9818454
651218,0.97191083
651219,0.99357975
651220,0.9924718
651221,0.9968189
651222,0.27556753
651223,0.04272627
651224,0.9795569
651225,0.5155036
651226,0.41911548
651227,0.40793657
651228,0.008290596
651229,0.8640296
651230,0.8749254
651231,0.8694986
651232,0.9907547
651233,0.84359264
651234,0.7625901
651235,0.03323122
651236,0.9931273
651237,0.6043679
651238,0.082168095
651239,0.11890035
651240,0.7119603
651241,0.9386404
651242,0.99344456
651243,0.07806792
651244,0.83326745
651245,0.0012012024
651246,0.058617443
651247,0.004875355
651248,0.0041954634
651249,0.016270135
651250,0.058677986
651251,0.118586585
651252,0.03998158
651253,0.9185117
651254,0.06740335
651255,0.9892773
651256,0.47617063
651257,0.00092704094
651258,0.95861864
651259,0.057284754
651260,0.9755038
651261,0.97985923
651262,0.002887362
651263,0.76676065
651264,0.06929354
651265,0.056881204
651266,0.010052983
651267,0.99691886
651268,0.92530596
651269,0.13047005
651270,0.962332
651271,0.9880891
651272,0.007674248
651273,0.007665992
651274,0.9854756
651275,0.9952986
651276,0.8830462
651277,0.9626392
651278,0.7025814
651279,0.99811786
651280,0.22412819
651281,0.8728509
651282,0.6536219
651283,0.6875126
651284,0.09210145
651285,0.32906643
651286,0.855091
651287,0.6248733
651288,0.8782381
651289,0.07558766
651290,0.068230696
651291,0.18839243
651292,0.4535064
651293,0.13518241
651294,0.0027620206
651295,0.9943699
651296,0.012164639
651297,0.012474304
651298,0.9720189
651299,0.44966784
651300,0.08158178
651301,0.020755373
651302,0.7146015
651303,0.66342103
651304,0.061355304
651305,0.06958585
651306,0.002463033
651307,0.009144957
651308,0.121449284
651309,0.011648472
651310,0.99871945
651311,0.9991623
651312,0.43547744
651313,0.01930535
651314,0.049928598
651315,0.12607847
651316,0.5796402
651317,0.021278204
651318,0.7921461
651319,0.98825884
651320,0.9794437
651321,0.26169395
651322,0.041979045
651323,0.99385387
651324,0.11800063
651325,0.9495535
651326,0.8842213
651327,0.8856017
651328,0.88233745
651329,0.2601722
651330,0.907838
651331,0.9807532
651332,0.8065966
651333,0.9763648
651334,0.7621113
651335,0.99558216
651336,0.91071105
651337,0.015662704
651338,0.8329193
651339,0.46805707
651340,0.020498902
651341,0.9877794
651342,0.5266557
651343,0.2354699
651344,0.7024951
651345,0.9766299
651346,0.007992552
651347,0.3459707
651348,0.016670307
651349,0.99831676
651350,0.41365305
651351,0.037874315
651352,0.20442167
651353,0.37119102
651354,0.8453295
651355,0.008752211
651356,0.98252887
651357,0.043237727
651358,0.006898011
651359,0.01604837
651360,0.9975871
651361,0.90560925
651362,0.3286593
651363,0.04938871
651364,0.4932856
651365,0.97537553
651366,0.00089932
651367,0.4854798
651368,0.033175673
651369,0.2966471
651370,0.7569537
651371,0.013272546
651372,0.95135754
651373,0.27222645
651374,0.66682476
651375,0.09182574
651376,0.9937511
651377,0.002962611
651378,0.011502156
651379,0.0009396287
651380,0.038263842
651381,0.019499732
651382,0.9901109
651383,0.40063173
651384,0.836344
651385,0.91953176
651386,0.97275543
651387,0.85283136
651388,0.01937786
651389,0.26366356
651390,0.9707749
651391,0.04238491
651392,0.99178267
651393,0.76564944
651394,0.25065503
651395,0.24854067
651396,0.95609295
651397,0.17603877
651398,0.2564866
651399,0.0047497936
651400,0.011800484
651401,0.8668149
651402,0.9898666
651403,0.9059528
651404,0.5325308
651405,0.64496905
651406,0.87525636
651407,0.04218642
651408,0.5936545
651409,0.91245514
651410,0.01006363
651411,0.9076769
651412,0.96198964
651413,0.9967876
651414,0.0247483
651415,0.047147416
651416,0.14049387
651417,0.012493105
651418,0.20178485
651419,0.9962497
651420,0.015846781
651421,0.980991
651422,0.78883386
651423,0.9876628
651424,0.16200995
651425,0.032267302
651426,0.031045333
651427,0.99838936
651428,0.99907494
651429,0.9861504
651430,0.41161186
651431,0.118576154
651432,0.53694355
651433,0.021001678
651434,0.9939212
651435,0.027147822
651436,0.998425
651437,0.0062196646
651438,0.0055459607
651439,0.026023978
651440,0.18284649
651441,0.95309275
651442,0.71700513
651443,0.7110325
651444,0.9962956
651445,0.18803596
651446,0.116534494
651447,0.845568
651448,0.99118036
651449,0.43737665
651450,0.92251354
651451,0.2858333
651452,0.031394172
651453,0.99478173
651454,0.9990683
651455,0.029364802
651456,0.3811072
651457,0.019058289
651458,0.069049954
651459,0.0033232677
651460,0.06111736
651461,0.9994285
651462,0.019106869
651463,0.017258093
651464,0.9723638
651465,0.018911287
651466,0.1526601
651467,0.049944386
651468,0.04427111
651469,0.9525056
651470,0.016992074
651471,0.40826815
651472,0.08705028
651473,0.77522075
651474,0.013016541
651475,0.0042549595
651476,0.05202084
651477,0.024313414
651478,0.9847059
651479,0.98063534
651480,0.021546934
651481,0.9235438
651482,0.022889115
651483,0.9991296
651484,0.62808543
651485,0.29514104
651486,0.9985671
651487,0.95651245
651488,0.5436148
651489,0.0063412515
651490,0.4849791
651491,0.9865286
651492,0.055027246
651493,0.011839202
651494,0.022128422
651495,0.9434831
651496,0.0049146693
651497,0.9835782
651498,0.90756667
651499,0.9771527
651500,0.99077356
651501,0.9092714
651502,0.53858715
651503,0.32429287
651504,0.47736168
651505,0.9691931
651506,0.008206559
651507,0.03769338
651508,0.9974736
651509,0.004707575
651510,0.034721144
651511,0.9366679
651512,0.9662255
651513,0.08397539
651514,0.95776814
651515,0.03856021
651516,0.020214938
651517,0.72742635
651518,0.010429608
651519,0.05751755
651520,0.001238337
651521,0.5906731
651522,0.9739397
651523,0.79642856
651524,0.023365324
651525,0.23221324
651526,0.9743072
651527,0.7643344
651528,0.12051256
651529,0.9953304
651530,0.3598501
651531,0.97570235
651532,0.9800595
651533,0.23417899
651534,0.9931615
651535,0.030106658
651536,0.47389886
651537,0.9220149
651538,0.10795068
651539,0.99540854
651540,0.037501145
651541,0.031204257
651542,0.96987593
651543,0.024164332
651544,0.6149355
651545,0.41908604
651546,0.013395034
651547,0.80298305
651548,0.05334666
651549,0.038971208
651550,0.8374209
651551,0.09468664
651552,0.8144236
651553,0.016862638
651554,0.07154346
651555,0.01963056
651556,0.011377348
651557,0.97572845
651558,0.004569765
651559,0.9883666
651560,0.6548747
651561,0.9669677
651562,0.35157263
651563,0.15892543
651564,0.04255983
651565,0.9746887
651566,0.017181799
651567,0.9983431
651568,0.9868934
651569,0.0030991016
651570,0.7292582
651571,0.013418129
651572,0.051174205
651573,0.9004682
651574,0.64383006
651575,0.84011006
651576,0.028626163
651577,0.010982075
651578,0.011697917
651579,0.10484264
651580,0.102052815
651581,0.43791956
651582,0.041173525
651583,0.48201728
651584,0.99268305
651585,0.032337278
651586,0.050146703
651587,0.012648321
651588,0.9883269
651589,0.9534711
651590,0.9893811
651591,0.99547946
651592,0.84068
651593,0.2711016
651594,0.12983394
651595,0.78961056
651596,0.012027573
651597,0.035273254
651598,0.0025950256
651599,0.07951938
651600,0.86745656
651601,0.024050111
651602,0.56252724
651603,0.0025044694
651604,0.9011705
651605,0.9835574
651606,0.009347836
651607,0.009840439
651608,0.34686422
651609,0.033692397
651610,0.011789675
651611,0.9618934
651612,0.9996401
651613,0.7939276
651614,0.869992
651615,0.6309947
651616,0.9907074
651617,0.00620271
651618,0.47722608
651619,0.009815493
651620,0.044263728
651621,0.010916745
651622,0.93205744
651623,0.15185396
651624,0.02483531
651625,0.029788096
651626,0.56098926
651627,0.9322139
651628,0.93500304
651629,0.9806147
651630,0.010746516
651631,0.039053813
651632,0.99354875
651633,0.972212
651634,0.028612649
651635,0.695801
651636,0.10166755
651637,0.980692
651638,0.012322946
651639,0.98531485
651640,0.07951426
651641,0.99827665
651642,0.033509515
651643,0.02979641
651644,0.32816225
651645,0.1423378
651646,0.86942536
651647,0.20965621
651648,0.04451361
651649,0.98682266
651650,0.28151157
651651,0.4190444
651652,0.33470404
651653,0.072200984
651654,0.02264509
651655,0.04685795
651656,0.8936488
651657,0.29869717
651658,0.42683965
651659,0.8332978
651660,0.4797266
651661,0.71891725
651662,0.996881
651663,0.79291356
651664,0.037339605
651665,0.07455166
651666,0.9344183
651667,0.01648269
651668,0.9872933
651669,0.88085747
651670,0.7787852
651671,0.022973448
651672,0.020955376
651673,0.9976815
651674,0.17802013
651675,0.9948381
651676,0.0043286122
651677,0.04593211
651678,0.9973132
651679,0.26459953
651680,0.799096
651681,0.26388195
651682,0.9014627
651683,0.026744567
651684,0.9827567
651685,0.6322725
651686,0.7488964
651687,0.95104337
651688,0.95251936
651689,0.9981618
651690,0.99667156
651691,0.03141345
651692,0.99534446
651693,0.76751494
651694,0.0065127932
651695,0.0697224
651696,0.8320596
651697,0.99579984
651698,0.73574823
651699,0.18223417
651700,0.9907819
651701,0.0029278924
651702,0.006679332
651703,0.40039897
651704,0.80554086
651705,0.028705295
651706,0.07798432
651707,0.37915635
651708,0.3908654
651709,0.9801894
651710,0.17038362
651711,0.005358867
651712,0.98647475
651713,0.9930036
651714,0.029204832
651715,0.07516246
651716,0.35237092
651717,0.0060844948
651718,0.9455143
651719,0.16623609
651720,0.9240384
651721,0.03528803
651722,0.999533
651723,0.350914
651724,0.42378536
651725,0.872645
651726,0.053283118
651727,0.99973077
651728,0.49071872
651729,0.9978337
651730,0.23905888
651731,0.47825578
651732,0.0076495535
651733,0.0134608075
651734,0.004131928
651735,0.87313455
651736,0.185954
651737,0.9799236
651738,0.055873744
651739,0.66727674
651740,0.9325778
651741,0.99739474
651742,0.22531031
651743,0.6457665
651744,0.21969268
651745,0.981508
651746,0.43098313
651747,0.7393599
651748,0.6710815
651749,0.9978657
651750,0.9893929
651751,0.99327993
651752,0.57104677
651753,0.35851172
651754,0.93451893
651755,0.2430912
651756,0.6507336
651757,0.9759375
651758,0.9133219
651759,0.9273414
651760,0.99345636
651761,0.7222421
651762,0.8123476
651763,0.08329084
651764,0.036272854
651765,0.02352037
651766,0.0009857949
651767,0.20276514
651768,0.8624171
651769,0.0054384377
651770,0.86497074
651771,0.7857382
651772,0.073005155
651773,0.15694864
651774,0.5841204
651775,0.03518404
651776,0.9246066
651777,0.058197357
651778,0.089714006
651779,0.08000479
651780,0.017842606
651781,0.8976418
651782,0.069094874
651783,0.07788244
651784,0.12522548
651785,0.9913309
651786,0.62377644
651787,0.18973437
651788,0.1767612
651789,0.9645715
651790,0.9935781
651791,0.009882287
651792,0.68667644
651793,0.0834836
651794,0.3462047
651795,0.005117107
651796,0.034308985
651797,0.21412462
651798,0.9984455
651799,0.99121845
651800,0.05578876
651801,0.049804334
651802,0.120220974
651803,0.5663053
651804,0.0129017085
651805,0.3319477
651806,0.96653724
651807,0.0017535602
651808,0.046532605
651809,0.94037265
651810,0.024503328
651811,0.14577386
651812,0.0515925
651813,0.041699275
651814,0.85382795
651815,0.080334224
651816,0.037680916
651817,0.596922
651818,0.250623
651819,0.040943693
651820,0.37035096
651821,0.97625005
651822,0.99825263
651823,0.1701855
651824,0.0289783
651825,0.69249386
651826,0.03064318
651827,0.8450536
651828,0.96871436
651829,0.3591523
651830,0.040711686
651831,0.52670705
651832,0.017454855
651833,0.0115537755
651834,0.053487506
651835,0.028669294
651836,0.0468835
651837,0.82645905
651838,0.023043837
651839,0.9908964
651840,0.32353768
651841,0.9986162
651842,0.049535535
651843,0.99454165
651844,0.8251103
651845,0.033240493
651846,0.027679827
651847,0.9641923
651848,0.90392005
651849,0.010715287
651850,0.9960897
651851,0.9939275
651852,0.021346258
651853,0.9270594
651854,0.3334767
651855,0.44097638
651856,0.0076398905
651857,0.8223451
651858,0.0116553735
651859,0.7809503
651860,0.0251761
651861,0.7369981
651862,0.54373
651863,0.87688196
651864,0.974727
651865,0.043235153
651866,0.02212758
651867,0.0023230286
651868,0.16235238
651869,0.035828263
651870,0.28752536
651871,0.8970549
651872,0.8094988
651873,0.04098638
651874,0.98400617
651875,0.12465665
651876,0.4520049
651877,0.99456346
651878,0.08078409
651879,0.023366688
651880,0.18206733
651881,0.9638577
651882,0.97092164
651883,0.64302635
651884,0.19480228
651885,0.76919466
651886,0.9760898
651887,0.14256364
651888,0.9943341
651889,0.051503405
651890,0.12993822
651891,0.9226198
651892,0.9973544
651893,0.23007378
651894,0.052322034
651895,0.556213
651896,0.94199115
651897,0.99568886
651898,0.49269065
651899,0.9028456
651900,0.06025357
651901,0.061693415
651902,0.008411818
651903,0.49896944
651904,0.69707555
651905,0.9975412
651906,0.1239185
651907,0.008042763
651908,0.99408364
651909,0.9940004
651910,0.018739296
651911,0.057645295
651912,0.068763845
651913,0.94745505
651914,0.02478744
651915,0.010144738
651916,0.8664658
651917,0.7971534
651918,0.51637006
651919,0.6655733
651920,0.023071062
651921,0.10753832
651922,0.99441606
651923,0.012955477
651924,0.028477676
651925,0.989939
651926,0.9783995
651927,0.9974088
651928,0.13497925
651929,0.007914793
651930,0.46156555
651931,0.5002756
651932,0.9968799
651933,0.9958457
651934,0.5852788
651935,0.046371393
651936,0.7922802
651937,0.9799965
651938,0.034753803
651939,0.026235702
651940,0.95636654
651941,0.07672715
651942,0.05526928
651943,0.0036833445
651944,0.8097855
651945,0.09219892
651946,0.37736666
651947,0.9850426
651948,0.19760248
651949,0.9153909
651950,0.010583838
651951,0.92369384
651952,0.09113677
651953,0.93696904
651954,0.29956284
651955,0.003257951
651956,0.014395959
651957,0.46842527
651958,0.10360685
651959,0.3057269
651960,0.9579992
651961,0.10851604
651962,0.008671923
651963,0.97674274
651964,0.027897619
651965,0.98695904
651966,0.23840673
651967,0.9114543
651968,0.27533203
651969,0.012395376
651970,0.1238116
651971,0.9063271
651972,0.14267576
651973,0.7957804
651974,0.2887123
651975,0.016929004
651976,0.7659074
651977,0.004773851
651978,0.015862983
651979,0.7477701
651980,0.04085557
651981,0.007010528
651982,0.9976481
651983,0.662482
651984,0.01008053
651985,0.0019331274
651986,0.98829705
651987,0.9669534
651988,0.6560755
651989,0.99196494
651990,0.030177105
651991,0.032343514
651992,0.060844168
651993,0.98718715
651994,0.061335847
651995,0.19326013
651996,0.7891725
651997,0.82342297
651998,0.19904405
651999,0.76225054
652000,0.24408115
652001,0.9993267
652002,0.08894179
652003,0.04603626
652004,0.029487122
652005,0.62883735
652006,0.29174337
652007,0.79793465
652008,0.9960644
652009,0.02772484
652010,0.010539547
652011,0.9972203
652012,0.9301345
652013,0.5270843
652014,0.04537752
652015,0.36028373
652016,0.092266366
652017,0.28672433
652018,0.920504
652019,0.15357079
652020,0.02465459
652021,0.5578116
652022,0.012826834
652023,0.037963703
652024,0.013630377
652025,0.0086640455
652026,0.96339625
652027,0.84178865
652028,0.52240133
652029,0.832423
652030,0.030361285
652031,0.7076556
652032,0.96431565
652033,0.93135273
652034,0.04884236
652035,0.14818105
652036,0.2809881
652037,0.10954366
652038,0.16110569
652039,0.0044444837
652040,0.0059674224
652041,0.01954394
652042,0.03714835
652043,0.4199545
652044,0.04269273
652045,0.79693395
652046,0.014032482
652047,0.96001273
652048,0.0023951149
652049,0.06665255
652050,0.96739066
652051,0.0153998975
652052,0.9641785
652053,0.23099767
652054,0.49172106
652055,0.9609498
652056,0.2987573
652057,0.7384143
652058,0.24219894
652059,0.9778311
652060,0.95272744
652061,0.6056751
652062,0.99658793
652063,0.0180853
652064,0.0025050514
652065,0.98734826
652066,0.0035938353
652067,0.045343757
652068,0.9857553
652069,0.05282727
652070,0.95297986
652071,0.99341583
652072,0.9457943
652073,0.014429219
652074,0.9832375
652075,0.84249955
652076,0.021688044
652077,0.9948412
652078,0.9697908
652079,0.03392572
652080,0.22215703
652081,0.06274816
652082,0.049904723
652083,0.89938056
652084,0.04247367
652085,0.96283424
652086,0.04884249
652087,0.087316796
652088,0.021555692
652089,0.4809245
652090,0.06120976
652091,0.042076483
652092,0.85246783
652093,0.7480494
652094,0.0048538204
652095,0.0340275
652096,0.2305969
652097,0.9675249
652098,0.09967746
652099,0.99683386
652100,0.004008113
652101,0.90892893
652102,0.13240571
652103,0.0216113
652104,0.5065224
652105,0.2317454
652106,0.08121644
652107,0.24801815
652108,0.013792738
652109,0.010427338
652110,0.9291645
652111,0.7722962
652112,0.3131709
652113,0.9873658
652114,0.40189672
652115,0.6713923
652116,0.40650284
652117,0.8891423
652118,0.999683
652119,0.96753895
652120,0.9634558
652121,0.99744743
652122,0.008850738
652123,0.9984002
652124,0.99835396
652125,0.9658504
652126,0.9517367
652127,0.007918306
652128,0.024965748
652129,0.99743754
652130,0.0018637832
652131,0.004574798
652132,0.99216825
652133,0.9115768
652134,0.042274844
652135,0.026041288
652136,0.7012819
652137,0.9938829
652138,0.046433497
652139,0.036849067
652140,0.015884252
652141,0.2976988
652142,0.018262131
652143,0.4960459
652144,0.994985
652145,0.99913347
652146,0.09352623
652147,0.9976608
652148,0.124198146
652149,0.94226694
652150,0.8775922
652151,0.01146852
652152,0.2017919
652153,0.99725145
652154,0.027156118
652155,0.10882709
652156,0.5144272
652157,0.30041742
652158,0.0062166704
652159,0.15153986
652160,0.011031741
652161,0.9759381
652162,0.15808246
652163,0.06979217
652164,0.098414905
652165,0.012982609
652166,0.7560621
652167,0.008696477
652168,0.041205835
652169,0.07983082
652170,0.9983738
652171,0.04121778
652172,0.028101448
652173,0.08443761
652174,0.9907751
652175,0.095418535
652176,0.022549998
652177,0.0144163165
652178,0.057909682
652179,0.011972934
652180,0.05212976
652181,0.15181907
652182,0.93793404
652183,0.12567772
652184,0.019092897
652185,0.0131111825
652186,0.9898807
652187,0.3701708
652188,0.6727952
652189,0.0072833765
652190,0.24585973
652191,0.804391
652192,0.055055775
652193,0.9323518
652194,0.99653596
652195,0.22637363
652196,0.022608664
652197,0.7652577
652198,0.90013427
652199,0.890263
652200,0.0073854923
652201,0.07888045
652202,0.96929795
652203,0.8724128
652204,0.003485824
652205,0.0015396026
652206,0.8241576
652207,0.499072
652208,0.95861435
652209,0.91324556
652210,0.0052812207
652211,0.38267386
652212,0.9934059
652213,0.0052082846
652214,0.99859387
652215,0.9958573
652216,0.6832769
652217,0.9952089
652218,0.0075729946
652219,0.08135305
652220,0.25038248
652221,0.01940254
652222,0.009022604
652223,0.9578445
652224,0.09456706
652225,0.9848403
652226,0.12534761
652227,0.9895308
652228,0.71665716
652229,0.79873544
652230,0.9601059
652231,0.9399806
652232,0.037993155
652233,0.9592503
652234,0.9205034
652235,0.015428183
652236,0.008489781
652237,0.1582779
652238,0.0032662544
652239,0.98310703
652240,0.9492707
652241,0.53219783
652242,0.9878322
652243,0.0069424906
652244,0.1269538
652245,0.96120757
652246,0.70829165
652247,0.20244755
652248,0.075284384
652249,0.98778933
652250,0.08978985
652251,0.9934172
652252,0.95632803
652253,0.008992588
652254,0.0023599782
652255,0.9173732
652256,0.14903922
652257,0.41206652
652258,0.17802751
652259,0.9408074
652260,0.9428749
652261,0.0074016685
652262,0.005570879
652263,0.022311123
652264,0.01951421
652265,0.95492846
652266,0.95104057
652267,0.9945739
652268,0.88774633
652269,0.43909085
652270,0.08559565
652271,0.010442084
652272,0.010901773
652273,0.017410237
652274,0.9332173
652275,0.9987979
652276,0.17075394
652277,0.58459246
652278,0.05081542
652279,0.10610019
652280,0.9876951
652281,0.98962665
652282,0.060891196
652283,0.00852114
652284,0.9815838
652285,0.024541985
652286,0.19853759
652287,0.012751269
652288,0.9939647
652289,0.84689397
652290,0.02939854
652291,0.006209416
652292,0.95813286
652293,0.05515275
652294,0.99598515
652295,0.044777755
652296,0.18012623
652297,0.010516317
652298,0.008172751
652299,0.99254555
652300,0.02371677
652301,0.10544717
652302,0.008265848
652303,0.99912536
652304,0.87165165
652305,0.0338136
652306,0.3302714
652307,0.8035318
652308,0.98363787
652309,0.660586
652310,0.7313397
652311,0.1963786
652312,0.11741705
652313,0.33112356
652314,0.9534567
652315,0.5172455
652316,0.20233703
652317,0.97359055
652318,0.3307388
652319,0.44234428
652320,0.7628438
652321,0.17665485
652322,0.004044761
652323,0.011229746
652324,0.95249254
652325,0.17369193
652326,0.5954872
652327,0.99205333
652328,0.021284517
652329,0.8506107
652330,0.9945409
652331,0.9745488
652332,0.029201765
652333,0.06661932
652334,0.994806
652335,0.03398464
652336,0.86719143
652337,0.96992224
652338,0.9965414
652339,0.52421176
652340,0.96650183
652341,0.4149397
652342,0.8829178
652343,0.97991806
652344,0.9857858
652345,0.7672709
652346,0.83743566
652347,0.11762271
652348,0.3299541
652349,0.003736848
652350,0.13650623
652351,0.9088285
652352,0.839257
652353,0.65746
652354,0.09406963
652355,0.2737819
652356,0.7265016
652357,0.9941642
652358,0.8004678
652359,0.32750595
652360,0.9831239
652361,0.021206096
652362,0.7657359
652363,0.8983774
652364,0.014137832
652365,0.22020492
652366,0.9519935
652367,0.9901816
652368,0.1264077
652369,0.165387
652370,0.52558225
652371,0.06173043
652372,0.9962646
652373,0.49432176
652374,0.011020776
652375,0.99864197
652376,0.0067301407
652377,0.038030095
652378,0.042262014
652379,0.028589683
652380,0.9413332
652381,0.8795525
652382,0.97921246
652383,0.5591225
652384,0.63276887
652385,0.9778856
652386,0.99817073
652387,0.90755177
652388,0.9833802
652389,0.6401448
652390,0.3920919
652391,0.9652697
652392,0.74097276
652393,0.023287326
652394,0.06108487
652395,0.07818435
652396,0.99578464
652397,0.031072944
652398,0.8984779
652399,0.0058947033
652400,0.86098284
652401,0.01093624
652402,0.98264784
652403,0.9826211
652404,0.9185404
652405,0.018266307
652406,0.12708838
652407,0.7610565
652408,0.18110839
652409,0.98271596
652410,0.007979138
652411,0.79593676
652412,0.8907724
652413,0.82683337
652414,0.9282654
652415,0.19132303
652416,0.007914444
652417,0.04732635
652418,0.5667064
652419,0.98032653
652420,0.15176779
652421,0.98774207
652422,0.44397262
652423,0.019553352
652424,0.52759814
652425,0.0035675436
652426,0.050052993
652427,0.0075878333
652428,0.9898053
652429,0.22385952
652430,0.062915094
652431,0.8666458
652432,0.025804799
652433,0.70762885
652434,0.844043
652435,0.0063872105
652436,0.0026685372
652437,0.076675884
652438,0.9023292
652439,0.9935644
652440,0.06876928
652441,0.9694966
652442,0.99510133
652443,0.05082731
652444,0.013180118
652445,0.31871742
652446,0.7636582
652447,0.06362465
652448,0.08106738
652449,0.39536196
652450,0.99616337
652451,0.005586876
652452,0.032867976
652453,0.9954566
652454,0.0068472913
652455,0.006439521
652456,0.5456799
652457,0.023906289
652458,0.990674
652459,0.11680655
652460,0.8161676
652461,0.8925459
652462,0.021151438
652463,0.016690213
652464,0.3024913
652465,0.6347069
652466,0.056045197
652467,0.012452487
652468,0.874473
652469,0.10969538
652470,0.0033688266
652471,0.595788
652472,0.004082761
652473,0.99561906
652474,0.3268201
652475,0.019328572
652476,0.70206255
652477,0.00671085
652478,0.09253591
652479,0.8107342
652480,0.08515088
652481,0.0033005823
652482,0.058363926
652483,0.5549644
652484,0.051940974
652485,0.12069398
652486,0.048962697
652487,0.0029288006
652488,0.9819063
652489,0.04294518
652490,0.005329105
652491,0.9774555
652492,0.23086499
652493,0.0042256285
652494,0.058719147
652495,0.12762651
652496,0.93444204
652497,0.17287739
652498,0.188433
652499,0.012468493
652500,0.8855438
652501,0.0013005497
652502,0.0052070473
652503,0.03180698
652504,0.027408239
652505,0.45700946
652506,0.99583495
652507,0.071994014
652508,0.8868176
652509,0.987856
652510,0.20289522
652511,0.07732802
652512,0.07806593
652513,0.038332
652514,0.9512875
652515,0.9190744
652516,0.46872965
652517,0.0062972186
652518,0.011023402
652519,0.11344207
652520,0.7361688
652521,0.019827269
652522,0.9928623
652523,0.9754505
652524,0.98878694
652525,0.039512224
652526,0.10220735
652527,0.94717586
652528,0.9360765
652529,0.018923078
652530,0.004721392
652531,0.21581292
652532,0.9097971
652533,0.008948248
652534,0.9798646
652535,0.008184939
652536,0.641419
652537,0.005878335
652538,0.009156039
652539,0.9926429
652540,0.97806495
652541,0.004833585
652542,0.96288925
652543,0.4022931
652544,0.94407237
652545,0.99500334
652546,0.67168415
652547,0.6863532
652548,0.019066896
652549,0.15119289
652550,0.9908251
652551,0.14958939
652552,0.005672401
652553,0.049313627
652554,0.10610549
652555,0.05111617
652556,0.024428232
652557,0.099962585
652558,0.8475785
652559,0.6404359
652560,0.41754484
652561,0.018911682
652562,0.35829985
652563,0.016066168
652564,0.98257244
652565,0.009864079
652566,0.89931554
652567,0.0066186413
652568,0.05331191
652569,0.9462281
652570,0.00803268
652571,0.920455
652572,0.04221493
652573,0.9824044
652574,0.91716343
652575,0.9682522
652576,0.9457186
652577,0.013466302
652578,0.02121939
652579,0.43262944
652580,0.9653502
652581,0.8599424
652582,0.46941602
652583,0.23914424
652584,0.5662222
652585,0.013661164
652586,0.38220197
652587,0.02972655
652588,0.72239757
652589,0.9922468
652590,0.99481106
652591,0.069115646
652592,0.05179691
652593,0.1734735
652594,0.98224676
652595,0.978127
652596,0.72124195
652597,0.032632574
652598,0.9332375
652599,0.290959
652600,0.23635118
652601,0.32573006
652602,0.68088126
652603,0.050859362
652604,0.83417183
652605,0.025488295
652606,0.7540301
652607,0.010333573
652608,0.06649678
652609,0.038387194
652610,0.0029122964
652611,0.9956094
652612,0.017479824
652613,0.011433237
652614,0.55910844
652615,0.40668678
652616,0.39669114
652617,0.23724672
652618,0.011663975
652619,0.7601455
652620,0.9485914
652621,0.99831116
652622,0.16211309
652623,0.42792237
652624,0.016136669
652625,0.0042077256
652626,0.8504025
652627,0.9761667
652628,0.14725529
652629,0.9967361
652630,0.01923784
652631,0.042089574
652632,0.18338625
652633,0.20592636
652634,0.03067873
652635,0.47204578
652636,0.024422452
652637,0.8192591
652638,0.005648861
652639,0.017901001
652640,0.9881217
652641,0.00551483
652642,0.9945251
652643,0.99705166
652644,0.9090115
652645,0.14912683
652646,0.94779915
652647,0.7016867
652648,0.06324746
652649,0.9712881
652650,0.4810041
652651,0.118289776
652652,0.93313336
652653,0.95078266
652654,0.23992866
652655,0.0021963993
652656,0.6634494
652657,0.91879034
652658,0.18700227
652659,0.1512538
652660,0.020808473
652661,0.017734436
652662,0.21111515
652663,0.98893225
652664,0.98559797
652665,0.0065208366
652666,0.61358935
652667,0.16113979
652668,0.009677414
652669,0.009531062
652670,0.89200354
652671,0.0557404
652672,0.063988626
652673,0.023492172
652674,0.06365338
652675,0.014051361
652676,0.24183662
652677,0.09376094
652678,0.9187641
652679,0.36283284
652680,0.12103623
652681,0.8829181
652682,0.050506253
652683,0.792223
652684,0.030751841
652685,0.4796938
652686,0.015201222
652687,0.07305631
652688,0.063257776
652689,0.01037923
652690,0.049890008
652691,0.9966683
652692,0.0032588867
652693,0.026563725
652694,0.15586227
652695,0.9541543
652696,0.122596346
652697,0.041788906
652698,0.036538213
652699,0.9948177
652700,0.99238294
652701,0.034681402
652702,0.9085301
652703,0.9281782
652704,0.31928375
652705,0.9638629
652706,0.34011933
652707,0.12622197
652708,0.008038792
652709,0.87364465
652710,0.9941685
652711,0.57081676
652712,0.2841273
652713,0.99308234
652714,0.6224479
652715,0.09049896
652716,0.03797843
652717,0.9390483
652718,0.77699834
652719,0.8996843
652720,0.0043200273
652721,0.8550596
652722,0.062502734
652723,0.93178546
652724,0.9982391
652725,0.1686024
652726,0.057826776
652727,0.13451424
652728,0.010716885
652729,0.10449968
652730,0.060494553
652731,0.238014
652732,0.03423669
652733,0.99837565
652734,0.9911628
652735,0.9812696
652736,0.008579713
652737,0.021401357
652738,0.9338701
652739,0.3671136
652740,0.8753054
652741,0.0031021165
652742,0.037320383
652743,0.29844177
652744,0.6595979
652745,0.91671324
652746,0.07212288
652747,0.032699697
652748,0.013317969
652749,0.8400323
652750,0.13250443
652751,0.9921921
652752,0.9919409
652753,0.011213777
652754,0.15139054
652755,0.014985368
652756,0.97856426
652757,0.044155173
652758,0.11105284
652759,0.020705704
652760,0.01972067
652761,0.012092064
652762,0.15805642
652763,0.98354554
652764,0.16542286
652765,0.24157873
652766,0.2884773
652767,0.67998886
652768,0.107085265
652769,0.02001895
652770,0.020988736
652771,0.009365862
652772,0.020339606
652773,0.99952656
652774,0.914904
652775,0.8893946
652776,0.75111204
652777,0.0041291416
652778,0.25364926
652779,0.07733945
652780,0.03999704
652781,0.1729772
652782,0.808611
652783,0.0073208604
652784,0.18436524
652785,0.21439354
652786,0.038286433
652787,0.94174117
652788,0.06289306
652789,0.98275435
652790,0.9951731
652791,0.924258
652792,0.03895153
652793,0.009143816
652794,0.23167771
652795,0.9950439
652796,0.030327134
652797,0.9491645
652798,0.47686705
652799,0.18188179
652800,0.02127438
652801,0.013190922
652802,0.07159709
652803,0.8730321
652804,0.58348954
652805,0.19845907
652806,0.4941773
652807,0.11352331
652808,0.02571393
652809,0.0022924817
652810,0.9948771
652811,0.10250843
652812,0.0138333
652813,0.012245063
652814,0.017183948
652815,0.9862876
652816,0.2873335
652817,0.03598805
652818,0.0083729895
652819,0.014578754
652820,0.99220514
652821,0.015896033
652822,0.42977655
652823,0.039195023
652824,0.015832076
652825,0.092610665
652826,0.99240154
652827,0.9690776
652828,0.9781974
652829,0.8827777
652830,0.7182592
652831,0.9881796
652832,0.99661654
652833,0.0080563035
652834,0.0032104887
652835,0.96389484
652836,0.034433883
652837,0.8939805
652838,0.038926538
652839,0.02902674
652840,0.097935185
652841,0.98501825
652842,0.00061329186
652843,0.885733
652844,0.008109057
652845,0.80382854
652846,0.019666577
652847,0.6958432
652848,0.18633203
652849,0.99084413
652850,0.99303377
652851,0.97696155
652852,0.12886071
652853,0.73455656
652854,0.017133944
652855,0.86117136
652856,0.98995066
652857,0.7738045
652858,0.9931348
652859,0.7837118
652860,0.37372413
652861,0.051968068
652862,0.8478346
652863,0.0069486406
652864,0.97094166
652865,0.68296176
652866,0.64984214
652867,0.93696177
652868,0.9948983
652869,0.017832844
652870,0.9550336
652871,0.094892
652872,0.9741222
652873,0.7857144
652874,0.8408953
652875,0.02178853
652876,0.9631246
652877,0.18249895
652878,0.43307877
652879,0.8968648
652880,0.9673353
652881,0.6680279
652882,0.028409103
652883,0.95778006
652884,0.792225
652885,0.20340528
652886,0.14264153
652887,0.05938396
652888,0.09479759
652889,0.24606939
652890,0.85988855
652891,0.011203339
652892,0.6305013
652893,0.19934757
652894,0.9828387
652895,0.9524501
652896,0.5177907
652897,0.40756726
652898,0.07110882
652899,0.94861645
652900,0.97466445
652901,0.107050166
652902,0.99238515
652903,0.0053521367
652904,0.990512
652905,0.81779236
652906,0.99794966
652907,0.89027375
652908,0.671803
652909,0.95259523
652910,0.8329835
652911,0.041512642
652912,0.013562449
652913,0.014968185
652914,0.44670355
652915,0.012205834
652916,0.9943406
652917,0.7951095
652918,0.15304399
652919,0.6629632
652920,0.017551716
652921,0.9476909
652922,0.8452056
652923,0.9597718
652924,0.97961676
652925,0.20383555
652926,0.035879396
652927,0.9448619
652928,0.9438546
652929,0.9913904
652930,0.40880284
652931,0.034350608
652932,0.44476765
652933,0.06771821
652934,0.05486024
652935,0.9399239
652936,0.6309441
652937,0.15258448
652938,0.0075398167
652939,0.9510544
652940,0.81061363
652941,0.020416874
652942,0.012488373
652943,0.008067764
652944,0.97533494
652945,0.75755554
652946,0.11054726
652947,0.9759485
652948,0.009201808
652949,0.9458806
652950,0.036006615
652951,0.08544443
652952,0.9974482
652953,0.7538257
652954,0.33042267
652955,0.19300517
652956,0.024231866
652957,0.470204
652958,0.0045438637
652959,0.47779143
652960,0.48696053
652961,0.01987657
652962,0.95356494
652963,0.18313526
652964,0.9602636
652965,0.022792554
652966,0.037602555
652967,0.039973337
652968,0.020875845
652969,0.7286532
652970,0.97664475
652971,0.26205564
652972,0.026042067
652973,0.09138436
652974,0.0039623347
652975,0.7075489
652976,0.03322508
652977,0.7260392
652978,0.054032177
652979,0.00399563
652980,0.18072496
652981,0.16443054
652982,0.036811303
652983,0.8697846
652984,0.85050297
652985,0.902758
652986,0.75923824
652987,0.002539753
652988,0.5852629
652989,0.09942624
652990,0.0017345954
652991,0.017917193
652992,0.94357204
652993,0.04987231
652994,0.012798914
652995,0.1284186
652996,0.9750734
652997,0.015850732
652998,0.9848717
652999,0.9163532
653000,0.057876594
653001,0.040076822
653002,0.01817425
653003,0.6941244
653004,0.94633436
653005,0.9293172
653006,0.009711502
653007,0.011195835
653008,0.07333742
653009,0.22281206
653010,0.7269602
653011,0.6863574
653012,0.5519058
653013,0.98134476
653014,0.47889382
653015,0.032515924
653016,0.22305185
653017,0.57267904
653018,0.046951037
653019,0.04523022
653020,0.118385255
653021,0.36425108
653022,0.07580141
653023,0.060143873
653024,0.006104728
653025,0.2769534
653026,0.99201787
653027,0.01119282
653028,0.0067134365
653029,0.024267213
653030,0.048485994
653031,0.007471402
653032,0.72977126
653033,0.07908817
653034,0.02268696
653035,0.9926102
653036,0.9870025
653037,0.27406457
653038,0.0136408545
653039,0.65119946
653040,0.82792366
653041,0.016983438
653042,0.80321074
653043,0.0054213074
653044,0.18027514
653045,0.98993516
653046,0.7466682
653047,0.9110987
653048,0.99524987
653049,0.07065526
653050,0.017173775
653051,0.039936215
653052,0.92338693
653053,0.04151368
653054,0.418976
653055,0.06915454
653056,0.044248205
653057,0.8787909
653058,0.97360444
653059,0.37794936
653060,0.92360675
653061,0.92517513
653062,0.8662214
653063,0.9886576
653064,0.10481591
653065,0.022138167
653066,0.0053099347
653067,0.9434939
653068,0.012037788
653069,0.6682892
653070,0.9249218
653071,0.042062063
653072,0.0058802282
653073,0.024457041
653074,0.8220995
653075,0.014386381
653076,0.9202949
653077,0.5816269
653078,0.03883382
653079,0.9947642
653080,0.13483535
653081,0.9457638
653082,0.001815396
653083,0.66852707
653084,0.0025705523
653085,0.006620219
653086,0.009741064
653087,0.0032690184
653088,0.0073167016
653089,0.07437143
653090,0.031589188
653091,0.003902305
653092,0.030489568
653093,0.18864645
653094,0.92896223
653095,0.0063642943
653096,0.6153612
653097,0.7031513
653098,0.02675084
653099,0.6115875
653100,0.74340177
653101,0.92655605
653102,0.33827317
653103,0.8883277
653104,0.69059044
653105,0.9952589
653106,0.99940705
653107,0.57050914
653108,0.0574457
653109,0.9779658
653110,0.9214391
653111,0.47148597
653112,0.43750423
653113,0.05569999
653114,0.9894191
653115,0.2403066
653116,0.019004885
653117,0.16038653
653118,0.42513984
653119,0.9523911
653120,0.9464532
653121,0.050007142
653122,0.66699034
653123,0.0946918
653124,0.07721937
653125,0.016395466
653126,0.96803814
653127,0.9869797
653128,0.010307073
653129,0.97427416
653130,0.90646386
653131,0.016355233
653132,0.9437384
653133,0.037912272
653134,0.68105555
653135,0.23186803
653136,0.025555035
653137,0.9312783
653138,0.98389274
653139,0.9685331
653140,0.1902289
653141,0.91245407
653142,0.023035964
653143,0.05732525
653144,0.06535934
653145,0.024355397
653146,0.26089528
653147,0.50458986
653148,0.61518025
653149,0.9834404
653150,0.94492316
653151,0.9890975
653152,0.86928785
653153,0.07222396
653154,0.029546043
653155,0.033681303
653156,0.3388057
653157,0.38886777
653158,0.9869047
653159,0.02629924
653160,0.71333146
653161,0.036055684
653162,0.0035562592
653163,0.014339559
653164,0.7910246
653165,0.9980163
653166,0.99932516
653167,0.9894104
653168,0.044918288
653169,0.9307468
653170,0.016968774
653171,0.98374426
653172,0.3083436
653173,0.9972662
653174,0.8259841
653175,0.26339117
653176,0.0017765614
653177,0.2515704
653178,0.9849078
653179,0.19083442
653180,0.95059246
653181,0.8517612
653182,0.004345965
653183,0.036477204
653184,0.8449869
653185,0.73627454
653186,0.7327004
653187,0.683237
653188,0.9858645
653189,0.08953653
653190,0.10217631
653191,0.12015998
653192,0.9969952
653193,0.97520095
653194,0.97213376
653195,0.011561976
653196,0.048861377
653197,0.90649
653198,0.83102965
653199,0.0045884526
653200,0.025865512
653201,0.9715503
653202,0.9706713
653203,0.98598623
653204,0.9964066
653205,0.07755165
653206,0.97203875
653207,0.007258826
653208,0.011189367
653209,0.99173903
653210,0.8176376
653211,0.7269815
653212,0.011318212
653213,0.9276594
653214,0.89918834
653215,0.8082254
653216,0.99615973
653217,0.03733914
653218,0.94018406
653219,0.7705934
653220,0.3831324
653221,0.09592
653222,0.9950639
653223,0.0134855965
653224,0.011327154
653225,0.03280913
653226,0.99628997
653227,0.6630825
653228,0.9432061
653229,0.0047605685
653230,0.006187232
653231,0.9953938
653232,0.8974787
653233,0.16093326
653234,0.036631472
653235,0.3248176
653236,0.0053282236
653237,0.12668805
653238,0.888217
653239,0.28413826
653240,0.99022126
653241,0.102762565
653242,0.9991283
653243,0.050940715
653244,0.011315133
653245,0.9984889
653246,0.029542873
653247,0.5125728
653248,0.97959715
653249,0.9957969
653250,0.1618372
653251,0.973115
653252,0.98892266
653253,0.040397085
653254,0.0053418623
653255,0.0020089117
653256,0.4226572
653257,0.26363772
653258,0.032237045
653259,0.013497369
653260,0.97563404
653261,0.020375788
653262,0.038158216
653263,0.93892837
653264,0.17378998
653265,0.8882375
653266,0.009365838
653267,0.8072257
653268,0.013914028
653269,0.23939244
653270,0.62802804
653271,0.7233774
653272,0.7385787
653273,0.013406296
653274,0.98026365
653275,0.045457713
653276,0.06938324
653277,0.3674885
653278,0.02259492
653279,0.41776168
653280,0.99228954
653281,0.995682
653282,0.97291917
653283,0.9273245
653284,0.6426863
653285,0.54151744
653286,0.03219636
653287,0.011689413
653288,0.025781618
653289,0.029593663
653290,0.98893666
653291,0.03243956
653292,0.9971371
653293,0.36490256
653294,0.6308174
653295,0.41574267
653296,0.32258624
653297,0.80039704
653298,0.94018793
653299,0.02277745
653300,0.01656724
653301,0.9789443
653302,0.57746816
653303,0.80427974
653304,0.71077013
653305,0.9991261
653306,0.004090949
653307,0.6690529
653308,0.0231849
653309,0.08394529
653310,0.0046556
653311,0.59230435
653312,0.02838786
653313,0.9542727
653314,0.95115185
653315,0.6414652
653316,0.022998571
653317,0.9690522
653318,0.026531085
653319,0.98461354
653320,0.11435949
653321,0.0631791
653322,0.006440244
653323,0.91005284
653324,0.23482156
653325,0.8350252
653326,0.04057828
653327,0.017789565
653328,0.0016138379
653329,0.91734076
653330,0.9677431
653331,0.002014423
653332,0.9892257
653333,0.6437667
653334,0.9774524
653335,0.032695558
653336,0.11315919
653337,0.07858056
653338,0.058153875
653339,0.06266474
653340,0.98966944
653341,0.10364269
653342,0.2742172
653343,0.9956224
653344,0.9887742
653345,0.00429247
653346,0.9865284
653347,0.73346585
653348,0.98808
653349,0.28836167
653350,0.71891344
653351,0.5203345
653352,0.005746496
653353,0.85238737
653354,0.8470408
653355,0.067065775
653356,0.9439604
653357,0.19331944
653358,0.26455683
653359,0.92377144
653360,0.58636594
653361,0.14235213
653362,0.98615146
653363,0.6580145
653364,0.8038876
653365,0.18696408
653366,0.03958078
653367,0.030775312
653368,0.069582775
653369,0.9562397
653370,0.11384457
653371,0.08754988
653372,0.903114
653373,0.25063407
653374,0.48594594
653375,0.8969524
653376,0.98186815
653377,0.62206376
653378,0.9951827
653379,0.9779539
653380,0.6392508
653381,0.0063824756
653382,0.021686383
653383,0.0780821
653384,0.6463137
653385,0.4017338
653386,0.14595096
653387,0.030402295
653388,0.9506664
653389,0.12469385
653390,0.9331052
653391,0.046756275
653392,0.6808034
653393,0.051779
653394,0.09161865
653395,0.94476634
653396,0.9704236
653397,0.9911301
653398,0.006566276
653399,0.038067807
653400,0.48021019
653401,0.765921
653402,0.9942378
653403,0.0006681214
653404,0.0072639463
653405,0.8894502
653406,0.888515
653407,0.41837186
653408,0.23531239
653409,0.007897996
653410,0.06334236
653411,0.96558976
653412,0.9794772
653413,0.15707588
653414,0.2472691
653415,0.9979947
653416,0.5126628
653417,0.6120022
653418,0.9966197
653419,0.9054175
653420,0.02585421
653421,0.8635907
653422,0.9061341
653423,0.123134926
653424,0.047184855
653425,0.0084084915
653426,0.8832841
653427,0.99752176
653428,0.9476814
653429,0.76295996
653430,0.026293445
653431,0.9719485
653432,0.58328986
653433,0.68458056
653434,0.7725433
653435,0.016141417
653436,0.9779868
653437,0.03174079
653438,0.003187256
653439,0.9915878
653440,0.06685827
653441,0.0076018656
653442,0.04144534
653443,0.046535872
653444,0.9812183
653445,0.0025223093
653446,0.5019498
653447,0.99795747
653448,0.59662765
653449,0.050748914
653450,0.5174422
653451,0.052011933
653452,0.010797501
653453,0.10217068
653454,0.019095263
653455,0.19234164
653456,0.4083201
653457,0.9658727
653458,0.062434595
653459,0.25093377
653460,0.055088013
653461,0.04735171
653462,0.093819074
653463,0.9056441
653464,0.7948495
653465,0.994388
653466,0.45811912
653467,0.07483596
653468,0.4592929
653469,0.9753128
653470,0.026854934
653471,0.0700968
653472,0.03977412
653473,0.97703373
653474,0.022106742
653475,0.011831868
653476,0.9319087
653477,0.5363487
653478,0.7045442
653479,0.01651024
653480,0.026091289
653481,0.014206798
653482,0.05813694
653483,0.33151737
653484,0.05909299
653485,0.89260393
653486,0.010721358
653487,0.90578157
653488,0.38779947
653489,0.049196344
653490,0.114116445
653491,0.0026602596
653492,0.8470617
653493,0.00208586
653494,0.9620194
653495,0.1578426
653496,0.07178391
653497,0.46990228
653498,0.029810395
653499,0.30011293
653500,0.54752535
653501,0.13729237
653502,0.013044361
653503,0.99080735
653504,0.9956616
653505,0.039104845
653506,0.56662077
653507,0.0041180616
653508,0.46912095
653509,0.9062116
653510,0.012789625
653511,0.50470537
653512,0.994872
653513,0.9935965
653514,0.018163824
653515,0.778985
653516,0.9941055
653517,0.573281
653518,0.06943888
653519,0.99895245
653520,0.0005270206
653521,0.9921223
653522,0.92384917
653523,0.9967763
653524,0.9962058
653525,0.9905981
653526,0.10068171
653527,0.042800527
653528,0.06431413
653529,0.9776757
653530,0.99119425
653531,0.063241415
653532,0.9178071
653533,0.010485682
653534,0.8965022
653535,0.08843617
653536,0.023516143
653537,0.51655257
653538,0.023152724
653539,0.34299335
653540,0.006895378
653541,0.069884464
653542,0.9491595
653543,0.0560645
653544,0.95380664
653545,0.9311075
653546,0.0046195732
653547,0.026899178
653548,0.006034227
653549,0.41062075
653550,0.033678733
653551,0.32798597
653552,0.0052107796
653553,0.9974052
653554,0.10676539
653555,0.14457172
653556,0.013765866
653557,0.9857453
653558,0.08232594
653559,0.056976464
653560,0.015140065
653561,0.012476868
653562,0.9983527
653563,0.0033198702
653564,0.00946874
653565,0.032623723
653566,0.96207523
653567,0.45807046
653568,0.8884455
653569,0.63430184
653570,0.97139186
653571,0.9622869
653572,0.034548767
653573,0.27367097
653574,0.49281675
653575,0.8497505
653576,0.96867657
653577,0.15083778
653578,0.12457749
653579,0.01050615
653580,0.94564223
653581,0.4170848
653582,0.8864975
653583,0.10617384
653584,0.021495037
653585,0.01685045
653586,0.9984836
653587,0.98987
653588,0.031054879
653589,0.9087985
653590,0.017776601
653591,0.05532135
653592,0.9804024
653593,0.23306882
653594,0.8968098
653595,0.010880491
653596,0.032354224
653597,0.015873466
653598,0.016504556
653599,0.031859543
653600,0.07956148
653601,0.005654448
653602,0.04680281
653603,0.99150956
653604,0.29001105
653605,0.0038736425
653606,0.014212203
653607,0.86921227
653608,0.12023843
653609,0.42203248
653610,0.43814942
653611,0.019507097
653612,0.76166487
653613,0.44058254
653614,0.49730465
653615,0.55563515
653616,0.44252747
653617,0.99888706
653618,0.0029357523
653619,0.18583289
653620,0.017501764
653621,0.92232627
653622,0.014223974
653623,0.01844835
653624,0.8190754
653625,0.12372462
653626,0.042865835
653627,0.9761229
653628,0.9699022
653629,0.99700683
653630,0.033211377
653631,0.06412303
653632,0.67075586
653633,0.79018027
653634,0.99305123
653635,0.99547195
653636,0.98406196
653637,0.019276172
653638,0.06376378
653639,0.009267878
653640,0.008223185
653641,0.03228054
653642,0.018008936
653643,0.09547459
653644,0.02815222
653645,0.7292863
653646,0.020633832
653647,0.009423649
653648,0.025715811
653649,0.06325683
653650,0.0051652845
653651,0.11934572
653652,0.96719885
653653,0.9912453
653654,0.6039114
653655,0.015105035
653656,0.001511573
653657,0.080029175
653658,0.97742563
653659,0.015894528
653660,0.6719082
653661,0.1468036
653662,0.8365255
653663,0.0454908
653664,0.12532438
653665,0.9961747
653666,0.031144781
653667,0.20972893
653668,0.9822359
653669,0.7728354
653670,0.5173471
653671,0.90788764
653672,0.00999086
653673,0.0070975143
653674,0.76475286
653675,0.7073851
653676,0.8556242
653677,0.011528062
653678,0.009855138
653679,0.009636618
653680,0.100193106
653681,0.9206215
653682,0.9458213
653683,0.21218419
653684,0.19659616
653685,0.018238503
653686,0.05095935
653687,0.02529782
653688,0.9908434
653689,0.7185765
653690,0.061635666
653691,0.020825626
653692,0.007735639
653693,0.046215713
653694,0.9258102
653695,0.43585855
653696,0.99606735
653697,0.004516425
653698,0.98793733
653699,0.03134214
653700,0.07000294
653701,0.001107963
653702,0.009246897
653703,0.12857117
653704,0.9663352
653705,0.9771785
653706,0.77539665
653707,0.015939858
653708,0.97574705
653709,0.050813667
653710,0.03437915
653711,0.015268799
653712,0.9825767
653713,0.0049902447
653714,0.021749415
653715,0.9910351
653716,0.010607838
653717,0.39285815
653718,0.026130218
653719,0.09104748
653720,0.004640824
653721,0.70569086
653722,0.62638927
653723,0.84940946
653724,0.017364435
653725,0.6888001
653726,0.007895038
653727,0.0085964175
653728,0.9628787
653729,0.025887117
653730,0.050004452
653731,0.92847615
653732,0.059111904
653733,0.9954691
653734,0.01576333
653735,0.08969472
653736,0.037269853
653737,0.94888633
653738,0.33331347
653739,0.94364035
653740,0.51235384
653741,0.8859141
653742,0.041795637
653743,0.10175771
653744,0.28430825
653745,0.9996329
653746,0.011082281
653747,0.056577418
653748,0.3001565
653749,0.15062068
653750,0.42565858
653751,0.052092895
653752,0.7583217
653753,0.7494148
653754,0.6737797
653755,0.13794729
653756,0.27249804
653757,0.77304065
653758,0.030996136
653759,0.9984055
653760,0.052877534
653761,0.009222804
653762,0.8727945
653763,0.0061301915
653764,0.9409294
653765,0.063136026
653766,0.028616933
653767,0.99357665
653768,0.06111256
653769,0.97061557
653770,0.07994584
653771,0.7353204
653772,0.039986297
653773,0.04087947
653774,0.06283921
653775,0.8050355
653776,0.1738674
653777,0.976143
653778,0.9764501
653779,0.44875914
653780,0.89009595
653781,0.010898366
653782,0.2579577
653783,0.7704467
653784,0.43616968
653785,0.11646303
653786,0.012997193
653787,0.9946513
653788,0.87019503
653789,0.17588617
653790,0.17573997
653791,0.0025307608
653792,0.87711465
653793,0.009137575
653794,0.97265
653795,0.9817443
653796,0.020328082
653797,0.18182057
653798,0.99269426
653799,0.7857519
653800,0.03847767
653801,0.0051862197
653802,0.059485923
653803,0.005674361
653804,0.027530605
653805,0.009136016
653806,0.26148587
653807,0.05608825
653808,0.43839547
653809,0.0034400278
653810,0.0011421
653811,0.96234417
653812,0.2469053
653813,0.9803482
653814,0.92644334
653815,0.83849007
653816,0.096460864
653817,0.040214777
653818,0.18577883
653819,0.24822634
653820,0.8774167
653821,0.9533741
653822,0.033492684
653823,0.031915907
653824,0.009125415
653825,0.98711133
653826,0.9062472
653827,0.9989635
653828,0.65880656
653829,0.8397747
653830,0.08443976
653831,0.038192067
653832,0.5858346
653833,0.032996617
653834,0.9794327
653835,0.00063820265
653836,0.9836622
653837,0.05387188
653838,0.95581627
653839,0.013373172
653840,0.3977767
653841,0.6039022
653842,0.76370513
653843,0.9886625
653844,0.9996313
653845,0.020669144
653846,0.9076891
653847,0.8612386
653848,0.015090955
653849,0.99660116
653850,0.92322886
653851,0.27536637
653852,0.4723046
653853,0.004699909
653854,0.5826419
653855,0.35782284
653856,0.008055911
653857,0.93474233
653858,0.1775635
653859,0.98569834
653860,0.020797813
653861,0.17552552
653862,0.82260823
653863,0.1328863
653864,0.22456315
653865,0.46265936
653866,0.106030434
653867,0.47253704
653868,0.047291882
653869,0.93642867
653870,0.94391465
653871,0.03579808
653872,0.03370259
653873,0.037853114
653874,0.11527269
653875,0.15122502
653876,0.30393553
653877,0.9959926
653878,0.6903246
653879,0.004729321
653880,0.058886
653881,0.86125827
653882,0.21191546
653883,0.2888632
653884,0.7830241
653885,0.0028425963
653886,0.73171794
653887,0.04291658
653888,0.014956193
653889,0.011331787
653890,0.0010754822
653891,0.031746015
653892,0.28447744
653893,0.03013543
653894,0.009251321
653895,0.09642586
653896,0.033356447
653897,0.98799884
653898,0.010602834
653899,0.6174176
653900,0.9547811
653901,0.16236201
653902,0.9800923
653903,0.0013239051
653904,0.42405015
653905,0.58381104
653906,0.6251542
653907,0.9958181
653908,0.96211565
653909,0.9447011
653910,0.023665214
653911,0.09422664
653912,0.25655785
653913,0.9003187
653914,0.04014203
653915,0.99229014
653916,0.07114052
653917,0.45114172
653918,0.14728631
653919,0.098498344
653920,0.00056088436
653921,0.5051181
653922,0.047972552
653923,0.025072876
653924,0.96915394
653925,0.046145774
653926,0.5295674
653927,0.017091889
653928,0.0123313945
653929,0.0056183627
653930,0.9186418
653931,0.51736283
653932,0.9938331
653933,0.9830473
653934,0.9950157
653935,0.17116466
653936,0.9938533
653937,0.007049381
653938,0.060588088
653939,0.19789721
653940,0.9967756
653941,0.061684392
653942,0.62046736
653943,0.9767735
653944,0.94338804
653945,0.11110715
653946,0.9259162
653947,0.9337445
653948,0.04395783
653949,0.03300027
653950,0.5890557
653951,0.13973707
653952,0.013242779
653953,0.9152363
653954,0.19509085
653955,0.9584151
653956,0.991289
653957,0.005337952
653958,0.8391795
653959,0.6582429
653960,0.9867064
653961,0.46243435
653962,0.031201502
653963,0.65811616
653964,0.110995814
653965,0.90855277
653966,0.99618626
653967,0.0735437
653968,0.7170163
653969,0.013169774
653970,0.95848477
653971,0.051150005
653972,0.027709037
653973,0.03928359
653974,0.023276225
653975,0.11292439
653976,0.94048893
653977,0.95862174
653978,0.010715474
653979,0.45367795
653980,0.005540626
653981,0.38004
653982,0.02508415
653983,0.211793
653984,0.8394308
653985,0.024569508
653986,0.9715721
653987,0.91341877
653988,0.8423066
653989,0.11814571
653990,0.12080308
653991,0.9722979
653992,0.8484829
653993,0.9978676
653994,0.0067690755
653995,0.011797635
653996,0.6431689
653997,0.26520884
653998,0.46399108
653999,0.98290884
654000,0.0071343104
654001,0.9966092
654002,0.007769482
654003,0.94027555
654004,0.82624847
654005,0.2191321
654006,0.9579388
654007,0.9891699
654008,0.8717402
654009,0.14506501
654010,0.0053179665
654011,0.99177396
654012,0.9933748
654013,0.0694724
654014,0.39981726
654015,0.02324291
654016,0.38032052
654017,0.003656101
654018,0.28681335
654019,0.9920409
654020,0.036299452
654021,0.0042741774
654022,0.08090489
654023,0.011967257
654024,0.9163081
654025,0.9823834
654026,0.15989703
654027,0.45445663
654028,0.7782857
654029,0.9870914
654030,0.013812226
654031,0.03679589
654032,0.9862877
654033,0.0014813106
654034,0.14094475
654035,0.013331751
654036,0.93896
654037,0.47132176
654038,0.017131878
654039,0.066534385
654040,0.98042935
654041,0.026609799
654042,0.08897117
654043,0.019591836
654044,0.7342142
654045,0.04077655
654046,0.02236527
654047,0.12470992
654048,0.9963215
654049,0.019001434
654050,0.0052540237
654051,0.53813744
654052,0.101335585
654053,0.02042583
654054,0.9785361
654055,0.9990643
654056,0.98114717
654057,0.017342515
654058,0.9885688
654059,0.014569244
654060,0.8964318
654061,0.62566644
654062,0.996045
654063,0.0032750152
654064,0.0008819066
654065,0.044271015
654066,0.035981048
654067,0.9946638
654068,0.03571528
654069,0.99251014
654070,0.0076118694
654071,0.022707164
654072,0.8957889
654073,0.9934656
654074,0.96140635
654075,0.050050266
654076,0.008222699
654077,0.005663199
654078,0.7096991
654079,0.66379553
654080,0.83712935
654081,0.028601022
654082,0.15771672
654083,0.98071074
654084,0.021419074
654085,0.004601967
654086,0.24248397
654087,0.039904732
654088,0.9961648
654089,0.9583448
654090,0.953615
654091,0.019906297
654092,0.9707974
654093,0.011687236
654094,0.7757826
654095,0.07600327
654096,0.0037404755
654097,0.93611014
654098,0.18777777
654099,0.97336215
654100,0.97989166
654101,0.00463079
654102,0.93283415
654103,0.07755526
654104,0.058068
654105,0.023176568
654106,0.99595654
654107,0.9762774
654108,0.8452967
654109,0.99459785
654110,0.017220207
654111,0.17380102
654112,0.761913
654113,0.63616073
654114,0.03288438
654115,0.91113836
654116,0.9659961
654117,0.017436912
654118,0.65442324
654119,0.9983592
654120,0.9842873
654121,0.99021626
654122,0.9884886
654123,0.43624917
654124,0.96075666
654125,0.006667845
654126,0.9951272
654127,0.11924897
654128,0.015950868
654129,0.12991537
654130,0.96674514
654131,0.12701517
654132,0.9995537
654133,0.9687703
654134,0.6543289
654135,0.9928886
654136,0.99000114
654137,0.8571133
654138,0.050293863
654139,0.07780962
654140,0.004137079
654141,0.029500997
654142,0.7116683
654143,0.05099026
654144,0.010356443
654145,0.0050228275
654146,0.01868264
654147,0.87109184
654148,0.98354524
654149,0.010655507
654150,0.057460457
654151,0.9850161
654152,0.041486263
654153,0.44599277
654154,0.67525476
654155,0.95925623
654156,0.4067862
654157,0.016392332
654158,0.8458313
654159,0.9466524
654160,0.990953
654161,0.34014308
654162,0.004716846
654163,0.98715544
654164,0.91910344
654165,0.69200796
654166,0.15650336
654167,0.019741416
654168,0.08870226
654169,0.67494935
654170,0.6318918
654171,0.27997214
654172,0.6696339
654173,0.005388437
654174,0.52362955
654175,0.08237443
654176,0.11663384
654177,0.9284753
654178,0.04427574
654179,0.015515951
654180,0.8088092
654181,0.018367484
654182,0.052635122
654183,0.9968405
654184,0.97006863
654185,0.95635545
654186,0.0059300167
654187,0.89750755
654188,0.014200543
654189,0.5434588
654190,0.1030545
654191,0.01913524
654192,0.9823818
654193,0.06063294
654194,0.9105404
654195,0.22592404
654196,0.23158817
654197,0.17153266
654198,0.05763809
654199,0.18510497
654200,0.95902777
654201,0.021025285
654202,0.010910124
654203,0.0062937615
654204,0.9848743
654205,0.0054095355
654206,0.7361325
654207,0.015255588
654208,0.47656044
654209,0.99401367
654210,0.16362678
654211,0.3320383
654212,0.004352805
654213,0.9676825
654214,0.94460756
654215,0.8103856
654216,0.99801356
654217,0.014300445
654218,0.091220595
654219,0.13894895
654220,0.6400919
654221,0.8534028
654222,0.19389439
654223,0.08959568
654224,0.048357863
654225,0.05914659
654226,0.2877671
654227,0.79175943
654228,0.8487129
654229,0.069401205
654230,0.27231586
654231,0.018246386
654232,0.9896569
654233,0.027495772
654234,0.0058671525
654235,0.586321
654236,0.01815776
654237,0.9968288
654238,0.9146525
654239,0.99894214
654240,0.96029085
654241,0.85401034
654242,0.20447156
654243,0.9681054
654244,0.007834559
654245,0.9726825
654246,0.034269374
654247,0.052354753
654248,0.98933595
654249,0.020911694
654250,0.58660966
654251,0.0030024138
654252,0.022408826
654253,0.03808911
654254,0.06904496
654255,0.1129024
654256,0.019101381
654257,0.9091672
654258,0.99806154
654259,0.014279778
654260,0.072861366
654261,0.99815667
654262,0.040172167
654263,0.042194273
654264,0.06321351
654265,0.892021
654266,0.87924486
654267,0.9614321
654268,0.60613036
654269,0.0149318185
654270,0.053424295
654271,0.97976476
654272,0.0024557076
654273,0.5899104
654274,0.33333933
654275,0.9046347
654276,0.006732992
654277,0.9637501
654278,0.9971342
654279,0.0065312088
654280,0.67763937
654281,0.6711792
654282,0.6070019
654283,0.9805673
654284,0.043190133
654285,0.21415795
654286,0.951699
654287,0.99929166
654288,0.81530064
654289,0.9851719
654290,0.021257896
654291,0.746613
654292,0.9502973
654293,0.004626279
654294,0.9828472
654295,0.0763394
654296,0.0025530837
654297,0.014383687
654298,0.9521594
654299,0.030393299
654300,0.8977766
654301,0.06615542
654302,0.711384
654303,0.98398983
654304,0.16378681
654305,0.9423147
654306,0.08813718
654307,0.6861981
654308,0.58518606
654309,0.027178124
654310,0.25508133
654311,0.0051215207
654312,0.07029414
654313,0.75565094
654314,0.056737877
654315,0.99555033
654316,0.0075764996
654317,0.6182944
654318,0.97699124
654319,0.013679302
654320,0.7997122
654321,0.13728966
654322,0.0059665525
654323,0.15512155
654324,0.9884576
654325,0.9957651
654326,0.10442377
654327,0.06342323
654328,0.8627326
654329,0.022528913
654330,0.0077149495
654331,0.09122105
654332,0.97373724
654333,0.98069036
654334,0.00846695
654335,0.057610087
654336,0.061353564
654337,0.026759246
654338,0.74179536
654339,0.018435977
654340,0.25296926
654341,0.88044095
654342,0.026465848
654343,0.06079135
654344,0.16435876
654345,0.049639758
654346,0.044099983
654347,0.57396495
654348,0.9884771
654349,0.32977277
654350,0.99697924
654351,0.192237
654352,0.037343796
654353,0.9972546
654354,0.95125663
654355,0.13479978
654356,0.08509095
654357,0.091638416
654358,0.91822535
654359,0.94597054
654360,0.00892555
654361,0.86366355
654362,0.9815296
654363,0.008805663
654364,0.053197924
654365,0.9904299
654366,0.9149269
654367,0.066909164
654368,0.75319237
654369,0.9875044
654370,0.003057901
654371,0.33523047
654372,0.81962013
654373,0.28824484
654374,0.0068330914
654375,0.004574719
654376,0.0662631
654377,0.1965728
654378,0.05067611
654379,0.020894168
654380,0.026867421
654381,0.053843424
654382,0.21147273
654383,0.96993184
654384,0.65653014
654385,0.0017583303
654386,0.82967645
654387,0.014989216
654388,0.9767558
654389,0.98151886
654390,0.99635166
654391,0.96334016
654392,0.06434362
654393,0.045663036
654394,0.026266117
654395,0.613011
654396,0.9935269
654397,0.03712617
654398,0.08027593
654399,0.8508307
654400,0.58076864
654401,0.1503729
654402,0.9865992
654403,0.87242955
654404,0.033457533
654405,0.062074937
654406,0.9538976
654407,0.0826719
654408,0.7539582
654409,0.03501048
654410,0.9102058
654411,0.07032607
654412,0.9857284
654413,0.023677435
654414,0.20585082
654415,0.62635165
654416,0.38945347
654417,0.749076
654418,0.012633354
654419,0.82569003
654420,0.06934117
654421,0.019624759
654422,0.97294676
654423,0.0009917556
654424,0.5834893
654425,0.70370793
654426,0.121867955
654427,0.992572
654428,0.0153105995
654429,0.0064451396
654430,0.0043610865
654431,0.9882954
654432,0.96388125
654433,0.10108295
654434,0.008986436
654435,0.07142088
654436,0.9886874
654437,0.15746039
654438,0.0041430416
654439,0.9882097
654440,0.024463538
654441,0.09478755
654442,0.5016943
654443,0.22835898
654444,0.8336502
654445,0.03283591
654446,0.9977467
654447,0.99496883
654448,0.9801991
654449,0.07758815
654450,0.8282796
654451,0.69754267
654452,0.012799598
654453,0.9665208
654454,0.004810421
654455,0.9307391
654456,0.00232116
654457,0.9969469
654458,0.99311554
654459,0.69641507
654460,0.0048289974
654461,0.98817974
654462,0.057836592
654463,0.06179207
654464,0.892153
654465,0.10877426
654466,0.108588666
654467,0.20853734
654468,0.05494859
654469,0.84505385
654470,0.8130205
654471,0.018152416
654472,0.13881367
654473,0.8559103
654474,0.74774224
654475,0.99641633
654476,0.055417035
654477,0.088547155
654478,0.9758465
654479,0.0104906475
654480,0.45819318
654481,0.062393244
654482,0.5575799
654483,0.9806408
654484,0.9495224
654485,0.16339315
654486,0.19720642
654487,0.42262518
654488,0.03564082
654489,0.008442217
654490,0.0030213562
654491,0.9166128
654492,0.97375846
654493,0.7418026
654494,0.34869328
654495,0.99349666
654496,0.9977744
654497,0.0019948313
654498,0.5456343
654499,0.0052612936
654500,0.011258066
654501,0.9889708
654502,0.058007628
654503,0.14539322
654504,0.08837233
654505,0.10411168
654506,0.21320331
654507,0.7983797
654508,0.6667379
654509,0.013482022
654510,0.9090035
654511,0.014804389
654512,0.48639557
654513,0.344486
654514,0.0035481253
654515,0.0065992344
654516,0.9979892
654517,0.050304838
654518,0.0380086
654519,0.9753533
654520,0.028698586
654521,0.9928987
654522,0.08812022
654523,0.033476055
654524,0.9339045
654525,0.19522108
654526,0.98781765
654527,0.9099931
654528,0.7606622
654529,0.0024853696
654530,0.9818461
654531,0.753911
654532,0.63151985
654533,0.9894701
654534,0.7538446
654535,0.9984673
654536,0.1580918
654537,0.56368816
654538,0.9419956
654539,0.02898418
654540,0.56971645
654541,0.9397968
654542,0.0055491747
654543,0.019895839
654544,0.018931743
654545,0.055829965
654546,0.421618
654547,0.9859372
654548,0.027181484
654549,0.045867268
654550,0.014591669
654551,0.9751272
654552,0.98131573
654553,0.66752994
654554,0.06462099
654555,0.9977828
654556,0.95317286
654557,0.09452786
654558,0.17135543
654559,0.03706953
654560,0.0067752497
654561,0.021545615
654562,0.96534306
654563,0.798856
654564,0.834343
654565,0.02865736
654566,0.9114925
654567,0.9955227
654568,0.053727273
654569,0.98611397
654570,0.10746133
654571,0.86936426
654572,0.95961124
654573,0.019806875
654574,0.9784762
654575,0.04394082
654576,0.0034470551
654577,0.12308785
654578,0.3683798
654579,0.99270135
654580,0.08162547
654581,0.14508428
654582,0.017903015
654583,0.30896002
654584,0.98440146
654585,0.5015475
654586,0.14167944
654587,0.29444844
654588,0.10656524
654589,0.0069482187
654590,0.998744
654591,0.027907202
654592,0.11248052
654593,0.002919231
654594,0.99649024
654595,0.017263155
654596,0.0724691
654597,0.79827595
654598,0.9128102
654599,0.10016489
654600,0.9391823
654601,0.40008277
654602,0.19503948
654603,0.09234387
654604,0.27328286
654605,0.98970544
654606,0.9988405
654607,0.87610674
654608,0.58167696
654609,0.027296275
654610,0.8861141
654611,0.93494725
654612,0.18219914
654613,0.032882847
654614,0.952187
654615,0.060351156
654616,0.8906701
654617,0.9396912
654618,0.00810636
654619,0.96916574
654620,0.10333815
654621,0.7926351
654622,0.76390266
654623,0.027006816
654624,0.042361535
654625,0.94923675
654626,0.03966225
654627,0.19579098
654628,0.07921329
654629,0.95389116
654630,0.02821498
654631,0.021967687
654632,0.59208167
654633,0.025403531
654634,0.99229
654635,0.06795819
654636,0.82431734
654637,0.98646617
654638,0.008012493
654639,0.99524087
654640,0.046354998
654641,0.020013392
654642,0.12664565
654643,0.06959222
654644,0.7766292
654645,0.8686338
654646,0.024822742
654647,0.009992
654648,0.91389203
654649,0.9764617
654650,0.980825
654651,0.09170143
654652,0.0294355
654653,0.77716947
654654,0.050803483
654655,0.4619052
654656,0.012555669
654657,0.92822176
654658,0.99253446
654659,0.026116608
654660,0.014446747
654661,0.32604253
654662,0.14449748
654663,0.9451914
654664,0.53556395
654665,0.015158008
654666,0.12133419
654667,0.95215905
654668,0.96935916
654669,0.009952531
654670,0.96666837
654671,0.054525346
654672,0.9839237
654673,0.019751515
654674,0.014619792
654675,0.36768472
654676,0.9845729
654677,0.066207856
654678,0.98904943
654679,0.01175495
654680,0.0046524284
654681,0.14909798
654682,0.7208704
654683,0.5578708
654684,0.27653688
654685,0.2560435
654686,0.101859234
654687,0.062517874
654688,0.9183737
654689,0.007420609
654690,0.9902344
654691,0.9968703
654692,0.9971708
654693,0.9795972
654694,0.93841267
654695,0.028530572
654696,0.6852078
654697,0.98224074
654698,0.004733306
654699,0.2066179
654700,0.35038707
654701,0.042934164
654702,0.6900151
654703,0.32844976
654704,0.5101897
654705,0.54438806
654706,0.050223395
654707,0.005844564
654708,0.9791229
654709,0.9943088
654710,0.007906234
654711,0.20205739
654712,0.021178428
654713,0.105773866
654714,0.99799603
654715,0.54113287
654716,0.009552587
654717,0.97748435
654718,0.17215303
654719,0.14865302
654720,0.9461135
654721,0.95326996
654722,0.002460142
654723,0.9690575
654724,0.026136363
654725,0.013051639
654726,0.6730711
654727,0.012375067
654728,0.9324407
654729,0.005983944
654730,0.0029052058
654731,0.8625661
654732,0.012874901
654733,0.21977493
654734,0.004819858
654735,0.33132428
654736,0.95794946
654737,0.8913336
654738,0.9554889
654739,0.12390119
654740,0.0040576123
654741,0.021459473
654742,0.025258418
654743,0.01418269
654744,0.19964309
654745,0.2888081
654746,0.9128187
654747,0.9339977
654748,0.26690245
654749,0.7953868
654750,0.36823735
654751,0.005548048
654752,0.25345087
654753,0.034816
654754,0.0041555436
654755,0.43924007
654756,0.99069417
654757,0.99806064
654758,0.99885726
654759,0.009798331
654760,0.28493825
654761,0.99433696
654762,0.029007886
654763,0.8455554
654764,0.0075618452
654765,0.011822862
654766,0.95713866
654767,0.9459851
654768,0.038221788
654769,0.08246347
654770,0.15411124
654771,0.64022547
654772,0.7312484
654773,0.23386419
654774,0.991393
654775,0.02208967
654776,0.011579266
654777,0.3115322
654778,0.9779284
654779,0.4037671
654780,0.028012084
654781,0.8167012
654782,0.0040751295
654783,0.98894197
654784,0.23702891
654785,0.017947214
654786,0.92777383
654787,0.038132217
654788,0.87934196
654789,0.021462962
654790,0.98861486
654791,0.19416662
654792,0.9935754
654793,0.014877459
654794,0.9557868
654795,0.039755207
654796,0.13723764
654797,0.14046693
654798,0.013027279
654799,0.96894085
654800,0.15232484
654801,0.12755695
654802,0.1287532
654803,0.9632661
654804,0.18163735
654805,0.025498835
654806,0.42844686
654807,0.7966852
654808,0.9971903
654809,0.99735767
654810,0.8683474
654811,0.9938489
654812,0.0035828585
654813,0.0075654825
654814,0.102091536
654815,0.99024296
654816,0.01060016
654817,0.43976703
654818,0.012214005
654819,0.95784825
654820,0.015029641
654821,0.011991406
654822,0.42960188
654823,0.9979698
654824,0.004274621
654825,0.711751
654826,0.9810947
654827,0.35896575
654828,0.28249204
654829,0.020114254
654830,0.99335706
654831,0.16113329
654832,0.9955326
654833,0.028799245
654834,0.060228962
654835,0.06204591
654836,0.9513073
654837,0.98586446
654838,0.8623911
654839,0.97613084
654840,0.15739217
654841,0.32949045
654842,0.07838211
654843,0.044732742
654844,0.00044751828
654845,0.05454835
654846,0.008553738
654847,0.0018780326
654848,0.82421935
654849,0.024177395
654850,0.9924929
654851,0.27615514
654852,0.5827269
654853,0.34977412
654854,0.86725265
654855,0.9657278
654856,0.018800173
654857,0.009887887
654858,0.013244949
654859,0.11840928
654860,0.86455655
654861,0.108816676
654862,0.39205986
654863,0.6406868
654864,0.030394536
654865,0.022929482
654866,0.8424531
654867,0.020653028
654868,0.0038503846
654869,0.049357835
654870,0.6550186
654871,0.7433531
654872,0.99787563
654873,0.99153686
654874,0.99402225
654875,0.811229
654876,0.95665216
654877,0.93325496
654878,0.90979886
654879,0.008254654
654880,0.09451689
654881,0.9966409
654882,0.40985438
654883,0.99885297
654884,0.017228257
654885,0.4872511
654886,0.86249006
654887,0.9080603
654888,0.12184731
654889,0.012737506
654890,0.9985711
654891,0.010594894
654892,0.017175598
654893,0.36007708
654894,0.53874266
654895,0.0032624006
654896,0.31456763
654897,0.0024714814
654898,0.41350704
654899,0.9902357
654900,0.03430718
654901,0.93534803
654902,0.07735888
654903,0.90542245
654904,0.37135053
654905,0.025627632
654906,0.010798849
654907,0.93419397
654908,0.99616325
654909,0.015864762
654910,0.010355861
654911,0.033681896
654912,0.026260471
654913,0.39939547
654914,0.9550174
654915,0.97472847
654916,0.42129382
654917,0.38081235
654918,0.99366075
654919,0.13591295
654920,0.0067177163
654921,0.9941958
654922,0.9836832
654923,0.9945564
654924,0.62651515
654925,0.024874665
654926,0.92807347
654927,0.93400395
654928,0.037085645
654929,0.33638126
654930,0.05451294
654931,0.98129255
654932,0.9649999
654933,0.48398262
654934,0.014910611
654935,0.992985
654936,0.45306766
654937,0.006053644
654938,0.9979607
654939,0.8400436
654940,0.010383937
654941,0.6661171
654942,0.02068341
654943,0.16158748
654944,0.9911961
654945,0.16114412
654946,0.8945905
654947,0.60845435
654948,0.029731277
654949,0.00586758
654950,0.96997416
654951,0.99655485
654952,0.9841815
654953,0.08651304
654954,0.9935028
654955,0.012279899
654956,0.9978144
654957,0.2785405
654958,0.013055321
654959,0.0056722276
654960,0.013922017
654961,0.99728674
654962,0.9631556
654963,0.03359103
654964,0.0043611685
654965,0.028804632
654966,0.045353364
654967,0.95480037
654968,0.014350626
654969,0.49245483
654970,0.89173716
654971,0.8845719
654972,0.00947781
654973,0.01308048
654974,0.040817022
654975,0.0046151895
654976,0.96965206
654977,0.9439251
654978,0.07744206
654979,0.7757499
654980,0.52796686
654981,0.31569403
654982,0.9870015
654983,0.9336252
654984,0.80635154
654985,0.95265955
654986,0.05694503
654987,0.012308773
654988,0.9932909
654989,0.10378347
654990,0.045233335
654991,0.57624865
654992,0.13830456
654993,0.037148103
654994,0.9362381
654995,0.2858202
654996,0.92596555
654997,0.8081293
654998,0.9480231
654999,0.93814445
655000,0.8682157
655001,0.2716595
655002,0.99791795
655003,0.9941419
655004,0.9171243
655005,0.94069463
655006,0.9866797
655007,0.9897922
655008,0.0029523566
655009,0.897786
655010,0.8146191
655011,0.69070435
655012,0.75241506
655013,0.01801999
655014,0.86913383
655015,0.99427044
655016,0.05348167
655017,0.55885386
655018,0.07506469
655019,0.15441026
655020,0.9658368
655021,0.98422897
655022,0.10063941
655023,0.1527065
655024,0.034416184
655025,0.0043108817
655026,0.013609491
655027,0.1837878
655028,0.83880717
655029,0.23970291
655030,0.975861
655031,0.0033432152
655032,0.9846027
655033,0.003930407
655034,0.097632155
655035,0.043340225
655036,0.60589707
655037,0.048812147
655038,0.96936166
655039,0.05649538
655040,0.98018205
655041,0.061631974
655042,0.2426622
655043,0.033663876
655044,0.0749087
655045,0.46309865
655046,0.5358775
655047,0.009182752
655048,0.012027716
655049,0.016871385
655050,0.9769932
655051,0.92497456
655052,0.7390251
655053,0.9883929
655054,0.899147
655055,0.9651878
655056,0.11184849
655057,0.6927058
655058,0.3677549
655059,0.9057303
655060,0.2510032
655061,0.04436834
655062,0.983932
655063,0.80438054
655064,0.9529518
655065,0.02911599
655066,0.020458275
655067,0.9883076
655068,0.22258766
655069,0.03778825
655070,0.9926653
655071,0.59401834
655072,0.9987976
655073,0.004657561
655074,0.3880009
655075,0.016467568
655076,0.9898376
655077,0.7031027
655078,0.05195283
655079,0.3690814
655080,0.99741536
655081,0.9871053
655082,0.19065137
655083,0.016396504
655084,0.01799104
655085,0.8760108
655086,0.7699594
655087,0.99418634
655088,0.01136324
655089,0.99576664
655090,0.9467177
655091,0.008277444
655092,0.17210884
655093,0.23147936
655094,0.0060117655
655095,0.021310396
655096,0.996334
655097,0.76867443
655098,0.011396764
655099,0.9623299
655100,0.08430533
655101,0.9497536
655102,0.982144
655103,0.004735566
655104,0.035275698
655105,0.932303
655106,0.29602045
655107,0.119838834
655108,0.97973704
655109,0.9675579
655110,0.46593913
655111,0.68153477
655112,0.98007655
655113,0.63321936
655114,0.21917138
655115,0.04921027
655116,0.2968073
655117,0.019822793
655118,0.015689675
655119,0.051235963
655120,0.011168815
655121,0.022169745
655122,0.02850807
655123,0.9965371
655124,0.027709287
655125,0.0253831
655126,0.8949322
655127,0.55531716
655128,0.9945798
655129,0.027768906
655130,0.8973909
655131,0.13786602
655132,0.9981909
655133,0.90862066
655134,0.23195003
655135,0.9605683
655136,0.16381541
655137,0.9701228
655138,0.06931582
655139,0.9340771
655140,0.98756635
655141,0.01181304
655142,0.007898587
655143,0.1696662
655144,0.03858545
655145,0.028534856
655146,0.97372997
655147,0.2898138
655148,0.9684366
655149,0.008140482
655150,0.9988727
655151,0.9906938
655152,0.03345518
655153,0.95535624
655154,0.34371337
655155,0.01580511
655156,0.98887825
655157,0.017276097
655158,0.70491594
655159,0.0019815778
655160,0.38484782
655161,0.92403543
655162,0.13429233
655163,0.13055643
655164,0.8357819
655165,0.9973916
655166,0.31328097
655167,0.051631942
655168,0.19658981
655169,0.021257296
655170,0.02960745
655171,0.016709657
655172,0.6922904
655173,0.041413616
655174,0.04944108
655175,0.9847941
655176,0.02868841
655177,0.03621931
655178,0.9173782
655179,0.84925073
655180,0.9586735
655181,0.956205
655182,0.302602
655183,0.010051804
655184,0.107223034
655185,0.43936014
655186,0.022571882
655187,0.635139
655188,0.98547685
655189,0.63333297
655190,0.03336688
655191,0.017202403
655192,0.931947
655193,0.08731562
655194,0.0059338044
655195,0.70591944
655196,0.45682222
655197,0.0027909304
655198,0.945568
655199,0.009612881
655200,0.840036
655201,0.0057293708
655202,0.9163081
655203,0.09069153
655204,0.93491906
655205,0.025926959
655206,0.53539896
655207,0.014037477
655208,0.22105487
655209,0.83753836
655210,0.12192912
655211,0.871137
655212,0.8597552
655213,0.0006456001
655214,0.9694113
655215,0.60518986
655216,0.9811805
655217,0.04619873
655218,0.17870966
655219,0.020177456
655220,0.02300288
655221,0.0061814873
655222,0.96281046
655223,0.064138725
655224,0.8493494
655225,0.036346048
655226,0.9630547
655227,0.73955244
655228,0.31897494
655229,0.9970261
655230,0.017804109
655231,0.0075734286
655232,0.022292487
655233,0.04615885
655234,0.08511606
655235,0.007871739
655236,0.71710867
655237,0.14050151
655238,0.83494294
655239,0.019033905
655240,0.08789018
655241,0.98440576
655242,0.006765917
655243,0.17567779
655244,0.83060056
655245,0.07241426
655246,0.85518813
655247,0.011161958
655248,0.07249582
655249,0.020361714
655250,0.011772839
655251,0.003720029
655252,0.99678826
655253,0.9505751
655254,0.9858132
655255,0.048072536
655256,0.987113
655257,0.014949265
655258,0.14394128
655259,0.98485553
655260,0.02451894
655261,0.95760715
655262,0.9954979
655263,0.9955093
655264,0.028563883
655265,0.93600726
655266,0.9444844
655267,0.017072823
655268,0.29661044
655269,0.017209476
655270,0.99894255
655271,0.44353873
655272,0.2016862
655273,0.02058211
655274,0.98971397
655275,0.31903154
655276,0.8903539
655277,0.16354886
655278,0.7210169
655279,0.6001372
655280,0.9934447
655281,0.023078559
655282,0.0012374035
655283,0.46086565
655284,0.042279437
655285,0.9582374
655286,0.036022
655287,0.072081715
655288,0.0040116934
655289,0.09250134
655290,0.27505246
655291,0.011597931
655292,0.18715091
655293,0.0043678163
655294,0.9307779
655295,0.7351303
655296,0.0055319257
655297,0.9938152
655298,0.91159135
655299,0.9474478
655300,0.036468152
655301,0.59215283
655302,0.97960854
655303,0.035940625
655304,0.17887986
655305,0.9918041
655306,0.9733187
655307,0.96116495
655308,0.007974728
655309,0.9053979
655310,0.4517226
655311,0.99338734
655312,0.7768686
655313,0.9970174
655314,0.2358447
655315,0.053972118
655316,0.061780564
655317,0.9651701
655318,0.97996545
655319,0.030100906
655320,0.016397916
655321,0.046865445
655322,0.53979474
655323,0.0152594745
655324,0.9930768
655325,0.0065626255
655326,0.008955337
655327,0.0018675387
655328,0.99869436
655329,0.010955859
655330,0.005923558
655331,0.91879463
655332,0.12633981
655333,0.15241681
655334,0.41874477
655335,0.8321313
655336,0.99063694
655337,0.07134895
655338,0.003935492
655339,0.6220583
655340,0.97132576
655341,0.9676304
655342,0.14761536
655343,0.9047484
655344,0.023665361
655345,0.8109656
655346,0.032711312
655347,0.49315155
655348,0.026065666
655349,0.8221878
655350,0.018558137
655351,0.033443335
655352,0.5133978
655353,0.94465566
655354,0.94891524
655355,0.0118952375
655356,0.04547592
655357,0.011297655
655358,0.00913341
655359,0.0061400365
655360,0.99123275
655361,0.37356395
655362,0.94005585
655363,0.033066615
655364,0.9866722
655365,0.9865136
655366,0.5646862
655367,0.98936945
655368,0.008260505
655369,0.9876778
655370,0.25706112
655371,0.0035651305
655372,0.54974866
655373,0.5504999
655374,0.7655968
655375,0.31076813
655376,0.84438217
655377,0.96160966
655378,0.008917896
655379,0.02428522
655380,0.9328115
655381,0.99183345
655382,0.019251054
655383,0.548605
655384,0.07769943
655385,0.015411065
655386,0.17884287
655387,0.7276137
655388,0.008228024
655389,0.64681035
655390,0.024810854
655391,0.99826944
655392,0.6427298
655393,0.64484924
655394,0.85279596
655395,0.9699859
655396,0.99466455
655397,0.06777263
655398,0.88005435
655399,0.9785679
655400,0.032890752
655401,0.45330682
655402,0.17074889
655403,0.007130223
655404,0.9957496
655405,0.13220614
655406,0.67893815
655407,0.52244437
655408,0.6998023
655409,0.98549366
655410,0.01079266
655411,0.018447086
655412,0.033044193
655413,0.6305564
655414,0.5350027
655415,0.9866318
655416,0.9639775
655417,0.86769325
655418,0.14973035
655419,0.10644037
655420,0.023289418
655421,0.028653294
655422,0.5265072
655423,0.029565653
655424,0.9481665
655425,0.18340798
655426,0.42946428
655427,0.61347586
655428,0.97216016
655429,0.28181326
655430,0.0774225
655431,0.9891782
655432,0.99290293
655433,0.015560318
655434,0.9891859
655435,0.2855478
655436,0.02452666
655437,0.4166553
655438,0.9833598
655439,0.2962404
655440,0.015310543
655441,0.9408083
655442,0.086388975
655443,0.039756022
655444,0.03794225
655445,0.99892956
655446,0.9850161
655447,0.936147
655448,0.98843086
655449,0.860947
655450,0.18224218
655451,0.00962024
655452,0.99838173
655453,0.051719807
655454,0.0069509335
655455,0.016050035
655456,0.54630125
655457,0.944121
655458,0.5772869
655459,0.9352011
655460,0.94663566
655461,0.9373901
655462,0.031218704
655463,0.012611685
655464,0.06356952
655465,0.0091430005
655466,0.9932654
655467,0.45167825
655468,0.93396807
655469,0.87231404
655470,0.01586612
655471,0.9973708
655472,0.8140304
655473,0.97547674
655474,0.027687151
655475,0.020517923
655476,0.5397595
655477,0.7982023
655478,0.17238945
655479,0.014238591
655480,0.09549349
655481,0.012476962
655482,0.12815097
655483,0.9994712
655484,0.03330114
655485,0.12980542
655486,0.032842934
655487,0.5444213
655488,0.04977853
655489,0.024958944
655490,0.99661636
655491,0.94466615
655492,0.014833807
655493,0.48323905
655494,0.9495945
655495,0.5461641
655496,0.0053917617
655497,0.98314714
655498,0.2786423
655499,0.9971186
655500,0.030027619
655501,0.9980577
655502,0.5624093
655503,0.4322907
655504,0.1977409
655505,0.017905788
655506,0.009018699
655507,0.8385679
655508,0.52672446
655509,0.020428462
655510,0.93411696
655511,0.18929224
655512,0.9791901
655513,0.0016592225
655514,0.9926975
655515,0.4549485
655516,0.024253044
655517,0.018943097
655518,0.003061703
655519,0.64929664
655520,0.03744994
655521,0.003895849
655522,0.20453861
655523,0.05416263
655524,0.028241651
655525,0.189964
655526,0.44892567
655527,0.24403396
655528,0.084386416
655529,0.9147663
655530,0.12622856
655531,0.2021549
655532,0.0056782286
655533,0.99350613
655534,0.97864956
655535,0.9878891
655536,0.9876162
655537,0.7821702
655538,0.031180166
655539,0.9814882
655540,0.08113086
655541,0.012276759
655542,0.9928804
655543,0.9959558
655544,0.9116902
655545,0.016812885
655546,0.91345227
655547,0.025413282
655548,0.33550376
655549,0.19506337
655550,0.99616337
655551,0.9762603
655552,0.25853068
655553,0.9923691
655554,0.009785649
655555,0.04414695
655556,0.9359244
655557,0.015070343
655558,0.006266854
655559,0.9870062
655560,0.08161251
655561,0.92508835
655562,0.111612216
655563,0.90988207
655564,0.18202603
655565,0.9676724
655566,0.023817617
655567,0.042609453
655568,0.073040366
655569,0.88932383
655570,0.99688333
655571,0.010067558
655572,0.9996807
655573,0.59580404
655574,0.9191827
655575,0.30273196
655576,0.91548795
655577,0.2680394
655578,0.99902713
655579,0.07731453
655580,0.03183477
655581,0.33411273
655582,0.015533022
655583,0.9017826
655584,0.5594229
655585,0.059343114
655586,0.26395574
655587,0.08418634
655588,0.9179853
655589,0.014436471
655590,0.41769928
655591,0.008475235
655592,0.93551236
655593,0.03187224
655594,0.49801928
655595,0.006800197
655596,0.26771295
655597,0.026339617
655598,0.010380399
655599,0.30236608
655600,0.047604844
655601,0.029033808
655602,0.9971371
655603,0.0070888964
655604,0.016752345
655605,0.9783983
655606,0.14032324
655607,0.98071283
655608,0.8871813
655609,0.025100792
655610,0.99126554
655611,0.91207707
655612,0.8271479
655613,0.023725735
655614,0.8408462
655615,0.5634599
655616,0.09110946
655617,0.044111926
655618,0.03899757
655619,0.08764567
655620,0.9669184
655621,0.7122595
655622,0.99369735
655623,0.99183446
655624,0.026802462
655625,0.513714
655626,0.28960425
655627,0.98257536
655628,0.37297714
655629,0.6782968
655630,0.24186611
655631,0.06834811
655632,0.008371125
655633,0.78831935
655634,0.003946778
655635,0.021603819
655636,0.015452802
655637,0.24092783
655638,0.8484313
655639,0.12840725
655640,0.9861592
655641,0.020469127
655642,0.97063226
655643,0.9984658
655644,0.013335068
655645,0.026241317
655646,0.8383636
655647,0.98520905
655648,0.055378772
655649,0.0068432763
655650,0.82276
655651,0.9952177
655652,0.9932618
655653,0.87730646
655654,0.812812
655655,0.47630057
655656,0.008525795
655657,0.3572171
655658,0.07210721
655659,0.08309636
655660,0.018223923
655661,0.9933542
655662,0.0015205375
655663,0.9049374
655664,0.37342304
655665,0.7848142
655666,0.8115407
655667,0.5816491
655668,0.012043012
655669,0.95490575
655670,0.93178475
655671,0.07682061
655672,0.9869293
655673,0.97419816
655674,0.21558326
655675,0.021512918
655676,0.0030582414
655677,0.9906169
655678,0.0054147807
655679,0.98947847
655680,0.9947893
655681,0.3172426
655682,0.15845181
655683,0.047321193
655684,0.55714405
655685,0.5939003
655686,0.038371783
655687,0.035909187
655688,0.013072463
655689,0.008836314
655690,0.019916523
655691,0.9989201
655692,0.79921687
655693,0.9758352
655694,0.04429313
655695,0.9742493
655696,0.89433163
655697,0.14437579
655698,0.98175216
655699,0.27499297
655700,0.9804393
655701,0.008962552
655702,0.91979843
655703,0.9316255
655704,0.46858656
655705,0.27365452
655706,0.011197315
655707,0.009507403
655708,0.9972158
655709,0.9926924
655710,0.007996657
655711,0.9985076
655712,0.11333079
655713,0.1472534
655714,0.9137007
655715,0.018178668
655716,0.1692324
655717,0.9600971
655718,0.00052699994
655719,0.9179511
655720,0.18787375
655721,0.99262786
655722,0.005987991
655723,0.08431099
655724,0.022236567
655725,0.52171534
655726,0.022596374
655727,0.0043368833
655728,0.9127077
655729,0.9576436
655730,0.99318296
655731,0.00991936
655732,0.69869006
655733,0.0989992
655734,0.0070941625
655735,0.11418086
655736,0.016056452
655737,0.7965124
655738,0.029239593
655739,0.021561895
655740,0.7172179
655741,0.60967326
655742,0.011090638
655743,0.99792504
655744,0.006523703
655745,0.07086378
655746,0.025777977
655747,0.64312637
655748,0.006174164
655749,0.0139115285
655750,0.02151166
655751,0.99901164
655752,0.02989335
655753,0.3971591
655754,0.08524576
655755,0.2757808
655756,0.08112193
655757,0.97813517
655758,0.2141807
655759,0.018220356
655760,0.010524195
655761,0.904392
655762,0.8293665
655763,0.012003297
655764,0.10461382
655765,0.90100664
655766,0.9392339
655767,0.9899338
655768,0.6133191
655769,0.614154
655770,0.9774689
655771,0.9796199
655772,0.019895887
655773,0.01093708
655774,0.99712783
655775,0.98498106
655776,0.2561616
655777,0.9401884
655778,0.33004928
655779,0.021317087
655780,0.003528986
655781,0.94882745
655782,0.9782025
655783,0.24160744
655784,0.95166963
655785,0.089435615
655786,0.8376971
655787,0.4814944
655788,0.6330645
655789,0.009942759
655790,0.9892808
655791,0.7722057
655792,0.9975976
655793,0.34542352
655794,0.20843315
655795,0.92100143
655796,0.07349048
655797,0.9054529
655798,0.94941807
655799,0.14743453
655800,0.18684018
655801,0.15773205
655802,0.9132049
655803,0.23076865
655804,0.96578085
655805,0.8707818
655806,0.9598328
655807,0.9677687
655808,0.99958783
655809,0.9432814
655810,0.06602506
655811,0.8151834
655812,0.046388797
655813,0.6980784
655814,0.93522847
655815,0.94015294
655816,0.81623966
655817,0.71552277
655818,0.5952494
655819,0.09809993
655820,0.007111587
655821,0.006071033
655822,0.015379669
655823,0.9757867
655824,0.9884169
655825,0.005066372
655826,0.10634418
655827,0.9877541
655828,0.009586093
655829,0.12612511
655830,0.22832952
655831,0.69198185
655832,0.15432145
655833,0.6011617
655834,0.9324751
655835,0.9867853
655836,0.962987
655837,0.31966645
655838,0.11963912
655839,0.99717665
655840,0.0038479846
655841,0.0077182106
655842,0.307707
655843,0.07043076
655844,0.7001893
655845,0.16702484
655846,0.9161023
655847,0.12895975
655848,0.021554828
655849,0.113151
655850,0.036500216
655851,0.98899233
655852,0.005264675
655853,0.048172638
655854,0.44885135
655855,0.96149385
655856,0.9876721
655857,0.009161458
655858,0.03479199
655859,0.021686835
655860,0.8994702
655861,0.9511788
655862,0.48972958
655863,0.02402002
655864,0.16557996
655865,0.9935565
655866,0.74824136
655867,0.89902586
655868,0.09747886
655869,0.9955578
655870,0.9138759
655871,0.018091608
655872,0.15566932
655873,0.7917263
655874,0.01644186
655875,0.003615912
655876,0.7218592
655877,0.35329762
655878,0.27613845
655879,0.9769826
655880,0.989007
655881,0.9931696
655882,0.66425663
655883,0.8429309
655884,0.75756115
655885,0.999297
655886,0.26765996
655887,0.07621633
655888,0.009122552
655889,0.9909758
655890,0.005254367
655891,0.98142815
655892,0.14466627
655893,0.0051251175
655894,0.99625427
655895,0.029590666
655896,0.9400788
655897,0.8538118
655898,0.7882167
655899,0.34223214
655900,0.7635487
655901,0.29333708
655902,0.049147017
655903,0.026627515
655904,0.012976643
655905,0.7738841
655906,0.92185134
655907,0.99856436
655908,0.87560165
655909,0.8023459
655910,0.9862353
655911,0.8613057
655912,0.99477077
655913,0.9635601
655914,0.06512917
655915,0.3584745
655916,0.24004033
655917,0.0066971723
655918,0.5453009
655919,0.13798475
655920,0.05263802
655921,0.076196946
655922,0.82539296
655923,0.03127248
655924,0.93172216
655925,0.02479531
655926,0.9719283
655927,0.84723496
655928,0.010670306
655929,0.025812078
655930,0.25635168
655931,0.0072191497
655932,0.9942262
655933,0.16994388
655934,0.37723243
655935,0.96926403
655936,0.86297834
655937,0.83026224
655938,0.53036624
655939,0.7263613
655940,0.01022317
655941,0.9935945
655942,0.9837961
655943,0.9807608
655944,0.0049123233
655945,0.99679583
655946,0.021975007
655947,0.9424807
655948,0.061449513
655949,0.974818
655950,0.9902197
655951,0.5933543
655952,0.38354552
655953,0.97625023
655954,0.5991835
655955,0.3267893
655956,0.98710877
655957,0.85876226
655958,0.1262736
655959,0.7615634
655960,0.8933857
655961,0.032332838
655962,0.99817836
655963,0.96211565
655964,0.23952276
655965,0.9117615
655966,0.009045349
655967,0.9447044
655968,0.25812864
655969,0.2784687
655970,0.08955976
655971,0.9268589
655972,0.0071793953
655973,0.9961537
655974,0.15814911
655975,0.99152577
655976,0.016599908
655977,0.8328745
655978,0.0709439
655979,0.20342627
655980,0.9502139
655981,0.06735858
655982,0.0046933363
655983,0.7516945
655984,0.006216279
655985,0.35856205
655986,0.9198504
655987,0.1305897
655988,0.9984702
655989,0.9667994
655990,0.9739914
655991,0.004174472
655992,0.0222839
655993,0.9336686
655994,0.8653206
655995,0.9006689
655996,0.99519944
655997,0.054115158
655998,0.0026910938
655999,0.17098531
656000,0.06279726
656001,0.005526163
656002,0.66077864
656003,0.016157877
656004,0.35758394
656005,0.9839889
656006,0.021812884
656007,0.95759964
656008,0.042009674
656009,0.032066412
656010,0.05250981
656011,0.83540666
656012,0.5287203
656013,0.2279232
656014,0.13220279
656015,0.91993034
656016,0.86325604
656017,0.012484323
656018,0.18100733
656019,0.9766823
656020,0.016367096
656021,0.034167036
656022,0.99504143
656023,0.0034088127
656024,0.009459413
656025,0.9282502
656026,0.973842
656027,0.020780278
656028,0.012003593
656029,0.59749854
656030,0.048525427
656031,0.8038722
656032,0.99915886
656033,0.07086435
656034,0.83719766
656035,0.6671484
656036,0.057377286
656037,0.9169814
656038,0.0024038197
656039,0.18666235
656040,0.2001783
656041,0.94851685
656042,0.5437636
656043,0.3981095
656044,0.009204283
656045,0.027094517
656046,0.013460554
656047,0.60499847
656048,0.026912574
656049,0.16788393
656050,0.010705776
656051,0.93211657
656052,0.06752666
656053,0.95925593
656054,0.9465922
656055,0.1598418
656056,0.0387351
656057,0.0065635447
656058,0.6262274
656059,0.9956725
656060,0.047778964
656061,0.997193
656062,0.13262397
656063,0.08434894
656064,0.98990154
656065,0.32911783
656066,0.9915106
656067,0.9695957
656068,0.1260826
656069,0.053957704
656070,0.9928084
656071,0.9465783
656072,0.7214495
656073,0.009044189
656074,0.012790311
656075,0.006925376
656076,0.021457033
656077,0.09297242
656078,0.66598296
656079,0.056774832
656080,0.48622394
656081,0.017335296
656082,0.022258384
656083,0.06416035
656084,0.9969568
656085,0.16504472
656086,0.80926
656087,0.8893978
656088,0.99126637
656089,0.83745587
656090,0.7724396
656091,0.989754
656092,0.0066502397
656093,0.7933857
656094,0.03331759
656095,0.0432091
656096,0.017275747
656097,0.99572694
656098,0.77294314
656099,0.5515593
656100,0.5598525
656101,0.7716613
656102,0.027756209
656103,0.28139126
656104,0.9726074
656105,0.9859716
656106,0.0110495
656107,0.07787548
656108,0.007735541
656109,0.992165
656110,0.69939715
656111,0.008075915
656112,0.1501829
656113,0.87955904
656114,0.9866618
656115,0.00068362674
656116,0.97844326
656117,0.006578566
656118,0.196789
656119,0.04779219
656120,0.04471782
656121,0.0041744355
656122,0.47329056
656123,0.1622214
656124,0.039249662
656125,0.99449265
656126,0.011060272
656127,0.9207041
656128,0.9599159
656129,0.5825094
656130,0.48394457
656131,0.9933584
656132,0.019531317
656133,0.982784
656134,0.41120702
656135,0.07280871
656136,0.10569903
656137,0.27803838
656138,0.18014422
656139,0.99142224
656140,0.97226226
656141,0.7623989
656142,0.0011520525
656143,0.7717752
656144,0.9965941
656145,0.03233127
656146,0.9007607
656147,0.003213128
656148,0.19908512
656149,0.9151856
656150,0.0171263
656151,0.743148
656152,0.063482136
656153,0.46030033
656154,0.019150987
656155,0.0066967006
656156,0.96486676
656157,0.021956671
656158,0.9711426
656159,0.9038244
656160,0.8874877
656161,0.12105587
656162,0.7416649
656163,0.97579944
656164,0.018337216
656165,0.017084872
656166,0.021186111
656167,0.16577719
656168,0.021532007
656169,0.90112793
656170,0.020111531
656171,0.97846013
656172,0.040682875
656173,0.77058
656174,0.045561012
656175,0.68624765
656176,0.98850393
656177,0.94216967
656178,0.77224827
656179,0.76717937
656180,0.31913614
656181,0.22568022
656182,0.97923744
656183,0.39345467
656184,0.025918646
656185,0.011450707
656186,0.99366677
656187,0.069263004
656188,0.120487764
656189,0.044838265
656190,0.22239505
656191,0.86061954
656192,0.0067172297
656193,0.052674163
656194,0.96549535
656195,0.98424155
656196,0.21365027
656197,0.051877372
656198,0.007881898
656199,0.98276544
656200,0.02559305
656201,0.014257196
656202,0.99093485
656203,0.07214312
656204,0.014584547
656205,0.1186764
656206,0.9826169
656207,0.8195112
656208,0.0037878435
656209,0.9167893
656210,0.0216058
656211,0.8808869
656212,0.27003783
656213,0.015269022
656214,0.60787845
656215,0.5291503
656216,0.9854042
656217,0.004377058
656218,0.0032661888
656219,0.9743855
656220,0.97816455
656221,0.053309623
656222,0.95234764
656223,0.30747157
656224,0.9409996
656225,0.017948002
656226,0.022876546
656227,0.08237511
656228,0.02471019
656229,0.9495232
656230,0.57562655
656231,0.7400154
656232,0.017230857
656233,0.0052064164
656234,0.051795896
656235,0.21659073
656236,0.06630899
656237,0.2034161
656238,0.013937095
656239,0.032265153
656240,0.9668577
656241,0.97678936
656242,0.030076483
656243,0.9342608
656244,0.08709011
656245,0.5634761
656246,0.9978249
656247,0.30073383
656248,0.96602154
656249,0.19428596
656250,0.017311217
656251,0.93764544
656252,0.61543626
656253,0.052184157
656254,0.9415517
656255,0.032079797
656256,0.065411724
656257,0.91699064
656258,0.9541047
656259,0.057576656
656260,0.9548618
656261,0.966084
656262,0.9773826
656263,0.035752356
656264,0.05837757
656265,0.9094358
656266,0.982754
656267,0.006294051
656268,0.30129212
656269,0.9526753
656270,0.5728745
656271,0.23470199
656272,0.9428359
656273,0.0056432914
656274,0.10831927
656275,0.33559343
656276,0.4194443
656277,0.77087355
656278,0.16245617
656279,0.037962675
656280,0.08229981
656281,0.50054765
656282,0.792093
656283,0.99724203
656284,0.010836041
656285,0.9320294
656286,0.12576953
656287,0.99392045
656288,0.4252242
656289,0.5647257
656290,0.39866886
656291,0.9759176
656292,0.62259316
656293,0.010298217
656294,0.89553154
656295,0.010215528
656296,0.9963163
656297,0.032378808
656298,0.9886988
656299,0.9792032
656300,0.5828419
656301,0.39895466
656302,0.0057410276
656303,0.5825346
656304,0.013557298
656305,0.9903933
656306,0.9436842
656307,0.9333312
656308,0.43252203
656309,0.25754777
656310,0.83132076
656311,0.97977936
656312,0.9321437
656313,0.13711563
656314,0.079130895
656315,0.022994246
656316,0.020174103
656317,0.042312656
656318,0.8744102
656319,0.03653016
656320,0.9522355
656321,0.99291074
656322,0.9931469
656323,0.05620365
656324,0.51396835
656325,0.19540337
656326,0.9646389
656327,0.07265368
656328,0.013696492
656329,0.032966293
656330,0.32876047
656331,0.014024896
656332,0.0636441
656333,0.049337752
656334,0.9130262
656335,0.011059889
656336,0.008774445
656337,0.9898821
656338,0.6095926
656339,0.008770184
656340,0.09608397
656341,0.029874332
656342,0.9889401
656343,0.75183463
656344,0.9526448
656345,0.9682517
656346,0.35724184
656347,0.990913
656348,0.8875718
656349,0.004736619
656350,0.744461
656351,0.90540034
656352,0.035142243
656353,0.98219144
656354,0.7858973
656355,0.93123937
656356,0.5770743
656357,0.015312993
656358,0.67358875
656359,0.4348765
656360,0.8923203
656361,0.05327101
656362,0.03011995
656363,0.022083104
656364,0.9690209
656365,0.08240514
656366,0.067185596
656367,0.14180462
656368,0.08621475
656369,0.642069
656370,0.977149
656371,0.9874932
656372,0.03061349
656373,0.013502343
656374,0.9902884
656375,0.06526288
656376,0.029644817
656377,0.8933008
656378,0.00068778667
656379,0.92080694
656380,0.06354198
656381,0.015003814
656382,0.552613
656383,0.084935345
656384,0.04263691
656385,0.50648487
656386,0.95368314
656387,0.7930159
656388,0.8683999
656389,0.62596595
656390,0.9995495
656391,0.97663605
656392,0.12940192
656393,0.9880194
656394,0.99940574
656395,0.11859098
656396,0.014970932
656397,0.83803153
656398,0.04992226
656399,0.019742347
656400,0.21192381
656401,0.7382881
656402,0.019148262
656403,0.9951755
656404,0.04913509
656405,0.0153139215
656406,0.9257451
656407,0.6777146
656408,0.007828311
656409,0.9667337
656410,0.006835535
656411,0.9953693
656412,0.23837917
656413,0.2182085
656414,0.005809775
656415,0.9734063
656416,0.012300189
656417,0.9935313
656418,0.9847492
656419,0.04425412
656420,0.038180884
656421,0.5833976
656422,0.14487305
656423,0.0038185306
656424,0.8951261
656425,0.02555766
656426,0.18784961
656427,0.28315544
656428,0.022131782
656429,0.37393397
656430,0.98836076
656431,0.06027966
656432,0.043025702
656433,0.99597156
656434,0.98821884
656435,0.039168186
656436,0.068088576
656437,0.99560523
656438,0.99419665
656439,0.30496243
656440,0.005482531
656441,0.9766095
656442,0.99588716
656443,0.9735803
656444,0.030935837
656445,0.03966913
656446,0.9817364
656447,0.6417767
656448,0.48684326
656449,0.004916792
656450,0.99497765
656451,0.15644033
656452,0.029908847
656453,0.0021748235
656454,0.030494137
656455,0.54893374
656456,0.57811856
656457,0.9683747
656458,0.5514163
656459,0.025836367
656460,0.004072491
656461,0.71568775
656462,0.6352569
656463,0.98059744
656464,0.71782553
656465,0.08899839
656466,0.18013236
656467,0.9911202
656468,0.2926556
656469,0.0020534114
656470,0.9971649
656471,0.028556824
656472,0.12813604
656473,0.02012612
656474,0.017743738
656475,0.96118474
656476,0.03288173
656477,0.0046300623
656478,0.32207128
656479,0.67362064
656480,0.98193794
656481,0.23291436
656482,0.9225198
656483,0.2801574
656484,0.5744277
656485,0.37365013
656486,0.029075876
656487,0.88180965
656488,0.9336861
656489,0.18137902
656490,0.5351102
656491,0.18898077
656492,0.34362054
656493,0.9737357
656494,0.10657455
656495,0.008390786
656496,0.74833363
656497,0.9973659
656498,0.31538105
656499,0.018873582
656500,0.08472863
656501,0.011905315
656502,0.32450756
656503,0.0048022484
656504,0.90304416
656505,0.8803631
656506,0.021077748
656507,0.95771027
656508,0.8378137
656509,0.18153048
656510,0.01398151
656511,0.99908423
656512,0.078347735
656513,0.1418413
656514,0.23629327
656515,0.69799995
656516,0.116826534
656517,0.08567411
656518,0.014174278
656519,0.8926698
656520,0.9830879
656521,0.21158749
656522,0.36843395
656523,0.91798794
656524,0.97863376
656525,0.22831413
656526,0.026362272
656527,0.018640496
656528,0.081508465
656529,0.0074015995
656530,0.69836104
656531,0.019537352
656532,0.2705636
656533,0.39428475
656534,0.9291244
656535,0.01699356
656536,0.045049913
656537,0.31794548
656538,0.008761812
656539,0.82434565
656540,0.9054402
656541,0.9557652
656542,0.99422276
656543,0.007314945
656544,0.6664742
656545,0.15067658
656546,0.99189866
656547,0.9901118
656548,0.0034795282
656549,0.9798742
656550,0.15200025
656551,0.88384056
656552,0.09489496
656553,0.8585675
656554,0.17738844
656555,0.50875396
656556,0.96213454
656557,0.96204305
656558,0.033833504
656559,0.8745941
656560,0.97804207
656561,0.027875666
656562,0.95626426
656563,0.9964983
656564,0.3231868
656565,0.9921287
656566,0.070853285
656567,0.72662544
656568,0.6465266
656569,0.7633641
656570,0.89102286
656571,0.7293285
656572,0.024368279
656573,0.011169187
656574,0.9510166
656575,0.21428373
656576,0.39087784
656577,0.9787319
656578,0.998226
656579,0.07524501
656580,0.17055362
656581,0.032152317
656582,0.007501101
656583,0.7236227
656584,0.9310149
656585,0.6635258
656586,0.9071306
656587,0.81175053
656588,0.0021368596
656589,0.98771
656590,0.052903563
656591,0.16709976
656592,0.99363303
656593,0.9982033
656594,0.31571615
656595,0.010284685
656596,0.5299096
656597,0.0037395284
656598,0.022637848
656599,0.7879061
656600,0.2220207
656601,0.0058093052
656602,0.09943772
656603,0.9936687
656604,0.9597084
656605,0.99751997
656606,0.7696098
656607,0.03274271
656608,0.08891231
656609,0.997992
656610,0.02195318
656611,0.72338665
656612,0.042210255
656613,0.041523363
656614,0.03711248
656615,0.909143
656616,0.8987099
656617,0.5272903
656618,0.017292794
656619,0.82856864
656620,0.9764923
656621,0.719051
656622,0.9768424
656623,0.08531285
656624,0.8673029
656625,0.138861
656626,0.9767282
656627,0.91211975
656628,0.040077705
656629,0.8657429
656630,0.0022282428
656631,0.84843075
656632,0.9342343
656633,0.9733398
656634,0.03858174
656635,0.99270535
656636,0.9835181
656637,0.36700073
656638,0.9959475
656639,0.92917395
656640,0.038823236
656641,0.0998393
656642,0.29139113
656643,0.97924227
656644,0.9561158
656645,0.996652
656646,0.5658783
656647,0.019471249
656648,0.0053579616
656649,0.9401522
656650,0.45913625
656651,0.46912605
656652,0.014435506
656653,0.99902046
656654,0.30492657
656655,0.010630857
656656,0.9422848
656657,0.97968173
656658,0.4178113
656659,0.7545183
656660,0.008569409
656661,0.0097257905
656662,0.55028456
656663,0.13380015
656664,0.027538275
656665,0.5181634
656666,0.010904422
656667,0.9912398
656668,0.7636179
656669,0.9847671
656670,0.87269765
656671,0.054219298
656672,0.8910506
656673,0.06083189
656674,0.4678205
656675,0.22755213
656676,0.35046443
656677,0.9845355
656678,0.002134367
656679,0.42661867
656680,0.1429936
656681,0.0245806
656682,0.034843177
656683,0.9912328
656684,0.9945383
656685,0.010616461
656686,0.02573249
656687,0.30515295
656688,0.98600054
656689,0.8585141
656690,0.042026516
656691,0.2859558
656692,0.9897712
656693,0.30813837
656694,0.8820115
656695,0.97364986
656696,0.98538077
656697,0.9987701
656698,0.02067152
656699,0.021665087
656700,0.98851764
656701,0.004544194
656702,0.04156512
656703,0.031638786
656704,0.99625015
656705,0.9913868
656706,0.99204
656707,0.14891218
656708,0.9031247
656709,0.7736944
656710,0.19611609
656711,0.01990335
656712,0.64265525
656713,0.02477183
656714,0.97902876
656715,0.33098754
656716,0.98842317
656717,0.88352656
656718,0.3427044
656719,0.8434878
656720,0.0035502184
656721,0.616364
656722,0.9955036
656723,0.9316744
656724,0.06715007
656725,0.004262195
656726,0.042503424
656727,0.7477431
656728,0.13419437
656729,0.028361406
656730,0.017341461
656731,0.002408291
656732,0.93534195
656733,0.7036595
656734,0.8383193
656735,0.030109126
656736,0.9688843
656737,0.16191192
656738,0.20559241
656739,0.9923457
656740,0.105779916
656741,0.44637293
656742,0.9724116
656743,0.045489304
656744,0.028613701
656745,0.98708737
656746,0.99965304
656747,0.0732105
656748,0.037043244
656749,0.8604963
656750,0.012405008
656751,0.9276744
656752,0.99735194
656753,0.020114426
656754,0.0362171
656755,0.9188098
656756,0.99000967
656757,0.9935231
656758,0.04865121
656759,0.07488575
656760,0.99901605
656761,0.031007273
656762,0.079412654
656763,0.010917351
656764,0.9839674
656765,0.012539485
656766,0.13811345
656767,0.97073996
656768,0.43443793
656769,0.012941301
656770,0.81807315
656771,0.023196608
656772,0.64993536
656773,0.036326826
656774,0.9908949
656775,0.09539683
656776,0.023022804
656777,0.026102636
656778,0.1097679
656779,0.9897627
656780,0.0722609
656781,0.9895842
656782,0.071817026
656783,0.9420282
656784,0.9739674
656785,0.042648464
656786,0.80234355
656787,0.11658477
656788,0.10126378
656789,0.27526793
656790,0.38353455
656791,0.5370313
656792,0.9965897
656793,0.07452782
656794,0.031157905
656795,0.060762472
656796,0.010588769
656797,0.9262562
656798,0.99680424
656799,0.04932153
656800,0.7861185
656801,0.92900246
656802,0.25890887
656803,0.024370605
656804,0.027280036
656805,0.0072287573
656806,0.9145454
656807,0.076054566
656808,0.009166808
656809,0.74521726
656810,0.9001559
656811,0.56231666
656812,0.91387075
656813,0.016011685
656814,0.0005381718
656815,0.63261116
656816,0.41910857
656817,0.79470164
656818,0.043639224
656819,0.068668604
656820,0.91051203
656821,0.9626552
656822,0.025893778
656823,0.9872719
656824,0.99901754
656825,0.25205466
656826,0.62799406
656827,0.98274094
656828,0.9949797
656829,0.9770206
656830,0.022592464
656831,0.044121876
656832,0.12993014
656833,0.62234026
656834,0.006974548
656835,0.8884107
656836,0.058129176
656837,0.46948645
656838,0.0828632
656839,0.008454971
656840,0.99623245
656841,0.36917627
656842,0.04284267
656843,0.99397284
656844,0.6584338
656845,0.0040246975
656846,0.016087564
656847,0.020169443
656848,0.004969636
656849,0.9990789
656850,0.928358
656851,0.015372885
656852,0.601853
656853,0.6949956
656854,0.010444063
656855,0.048929825
656856,0.15996213
656857,0.11008017
656858,0.50781554
656859,0.17415163
656860,0.035324216
656861,0.065456375
656862,0.10293238
656863,0.9633903
656864,0.94369984
656865,0.27657253
656866,0.014893433
656867,0.27259135
656868,0.9555687
656869,0.9927492
656870,0.047741532
656871,0.38381994
656872,0.031827055
656873,0.018800123
656874,0.515786
656875,0.8556856
656876,0.44936898
656877,0.029132297
656878,0.9934065
656879,0.74203074
656880,0.018768573
656881,0.98864555
656882,0.05681788
656883,0.0067355917
656884,0.9798285
656885,0.18048799
656886,0.0109288525
656887,0.93772304
656888,0.82395226
656889,0.8984563
656890,0.77788615
656891,0.006587033
656892,0.82980686
656893,0.9422265
656894,0.8676397
656895,0.9925431
656896,0.9996731
656897,0.95761776
656898,0.02926381
656899,0.073937595
656900,0.6806668
656901,0.9969925
656902,0.54454064
656903,0.88211876
656904,0.024326857
656905,0.9262084
656906,0.7737548
656907,0.85328907
656908,0.056510735
656909,0.7592304
656910,0.0028244476
656911,0.09540854
656912,0.7739006
656913,0.009962674
656914,0.00412683
656915,0.0022032724
656916,0.118575364
656917,0.13506617
656918,0.991059
656919,0.016673258
656920,0.97118443
656921,0.9601805
656922,0.99554646
656923,0.6277828
656924,0.8769522
656925,0.96159637
656926,0.95225775
656927,0.0023599276
656928,0.0807241
656929,0.9990191
656930,0.1180898
656931,0.30238155
656932,0.969865
656933,0.7394651
656934,0.15952478
656935,0.6971945
656936,0.9979736
656937,0.9349164
656938,0.2127125
656939,0.99597615
656940,0.98574483
656941,0.91504776
656942,0.8780786
656943,0.934354
656944,0.27294642
656945,0.99131995
656946,0.96854067
656947,0.009009234
656948,0.997821
656949,0.015348878
656950,0.9336244
656951,0.001842983
656952,0.53711116
656953,0.65025383
656954,0.9959705
656955,0.9963989
656956,0.87567466
656957,0.98635936
656958,0.07106444
656959,0.012651512
656960,0.99128026
656961,0.8007822
656962,0.0063938717
656963,0.5974212
656964,0.017728522
656965,0.34342766
656966,0.08296488
656967,0.97716814
656968,0.004727156
656969,0.0071183434
656970,0.19154954
656971,0.0084609995
656972,0.8241646
656973,0.007848654
656974,0.06977934
656975,0.8797662
656976,0.012969849
656977,0.6156698
656978,0.011115452
656979,0.66734993
656980,0.052035242
656981,0.96406597
656982,0.053443193
656983,0.8455296
656984,0.026882375
656985,0.004455153
656986,0.11057001
656987,0.014856816
656988,0.98200446
656989,0.9717194
656990,0.25401908
656991,0.9598426
656992,0.6958357
656993,0.015947845
656994,0.9992955
656995,0.015611691
656996,0.8192784
656997,0.09005077
656998,0.98705477
656999,0.9421482
657000,0.0051711644
657001,0.9829481
657002,0.060618803
657003,0.76055247
657004,0.9901217
657005,0.14819771
657006,0.009703964
657007,0.008071076
657008,0.02880562
657009,0.171803
657010,0.35149917
657011,0.50016236
657012,0.13528603
657013,0.016731592
657014,0.4976493
657015,0.1304705
657016,0.08904541
657017,0.42875105
657018,0.978636
657019,0.39874625
657020,0.90354675
657021,0.6834301
657022,0.9609264
657023,0.04808853
657024,0.28376597
657025,0.021304265
657026,0.44355473
657027,0.9327224
657028,0.22066581
657029,0.9903371
657030,0.28288102
657031,0.9331122
657032,0.66667646
657033,0.0015199081
657034,0.24672596
657035,0.012376271
657036,0.92852855
657037,0.15571049
657038,0.41693664
657039,0.97413707
657040,0.91817933
657041,0.6097294
657042,0.976253
657043,0.99348056
657044,0.11057444
657045,0.987424
657046,0.011370852
657047,0.00863242
657048,0.9973237
657049,0.02418937
657050,0.006583979
657051,0.041688133
657052,0.0047835456
657053,0.20398802
657054,0.010776927
657055,0.8767214
657056,0.13005096
657057,0.9916884
657058,0.9731679
657059,0.019361284
657060,0.033188283
657061,0.124054156
657062,0.030462649
657063,0.98187697
657064,0.02884934
657065,0.20625542
657066,0.06775299
657067,0.9985775
657068,0.034993697
657069,0.05444037
657070,0.017906956
657071,0.8331789
657072,0.13352224
657073,0.9800994
657074,0.9976808
657075,0.007944184
657076,0.41121736
657077,0.11090756
657078,0.9562027
657079,0.8949432
657080,0.6803494
657081,0.0244244
657082,0.036645453
657083,0.98405725
657084,0.008756942
657085,0.33739215
657086,0.08423207
657087,0.09915744
657088,0.010538778
657089,0.7209429
657090,0.9991524
657091,0.9995149
657092,0.04257152
657093,0.01983277
657094,0.015131588
657095,0.997303
657096,0.9521431
657097,0.9903302
657098,0.97857386
657099,0.011562845
657100,0.9381126
657101,0.046395503
657102,0.99147594
657103,0.9444019
657104,0.068982296
657105,0.06485026
657106,0.90592
657107,0.09561207
657108,0.020159803
657109,0.27971083
657110,0.95786023
657111,0.029144026
657112,0.021138053
657113,0.96644634
657114,0.8871657
657115,0.16386692
657116,0.033715814
657117,0.011521458
657118,0.96954846
657119,0.015010658
657120,0.016739864
657121,0.9559032
657122,0.048373714
657123,0.8131331
657124,0.5042752
657125,0.4954628
657126,0.043626137
657127,0.10306966
657128,0.7482257
657129,0.011556487
657130,0.078610845
657131,0.2287645
657132,0.031251345
657133,0.11841934
657134,0.89552045
657135,0.010848351
657136,0.9972536
657137,0.86528426
657138,0.96827173
657139,0.9561296
657140,0.73492527
657141,0.94436574
657142,0.9974988
657143,0.03219166
657144,0.06683888
657145,0.022606928
657146,0.12911698
657147,0.030139685
657148,0.03807509
657149,0.6084075
657150,0.1285313
657151,0.19090442
657152,0.95113504
657153,0.83334327
657154,0.08688827
657155,0.3053391
657156,0.6472753
657157,0.35986727
657158,0.005369979
657159,0.014170089
657160,0.029039484
657161,0.58659315
657162,0.0052723577
657163,0.99672705
657164,0.033563986
657165,0.0040929327
657166,0.012620609
657167,0.8887951
657168,0.22207186
657169,0.5692816
657170,0.25513172
657171,0.06383148
657172,0.010850811
657173,0.8103336
657174,0.024304617
657175,0.010908711
657176,0.9962055
657177,0.69139695
657178,0.4360472
657179,0.0050922805
657180,0.9849311
657181,0.99050945
657182,0.35481262
657183,0.9977906
657184,0.64687765
657185,0.037630685
657186,0.99053043
657187,0.10192114
657188,0.97659457
657189,0.03199674
657190,0.009481967
657191,0.027095921
657192,0.984394
657193,0.26002342
657194,0.019623864
657195,0.73498213
657196,0.97971034
657197,0.9388568
657198,0.8833783
657199,0.0731508
657200,0.9675151
657201,0.0034599793
657202,0.0143661555
657203,0.02640578
657204,0.64402163
657205,0.9841646
657206,0.94509614
657207,0.0039178533
657208,0.943291
657209,0.9977379
657210,0.14316547
657211,0.25303912
657212,0.9264418
657213,0.03172699
657214,0.04161737
657215,0.9947683
657216,0.65569067
657217,0.8747463
657218,0.004215981
657219,0.51509964
657220,0.22029799
657221,0.034914
657222,0.991062
657223,0.28878003
657224,0.016821474
657225,0.52292085
657226,0.0038436197
657227,0.03016049
657228,0.7194704
657229,0.0046764207
657230,0.5152207
657231,0.015635602
657232,0.004152489
657233,0.047154758
657234,0.022506371
657235,0.020783324
657236,0.9973919
657237,0.92172235
657238,0.4838326
657239,0.88358366
657240,0.7460082
657241,0.69080925
657242,0.026288638
657243,0.013552665
657244,0.024967704
657245,0.012408979
657246,0.9772236
657247,0.724115
657248,0.9367887
657249,0.9742918
657250,0.8408215
657251,0.010472131
657252,0.11099886
657253,0.09172189
657254,0.9934933
657255,0.9512995
657256,0.37443972
657257,0.98603207
657258,0.06060531
657259,0.70976174
657260,0.01949929
657261,0.99372077
657262,0.9966935
657263,0.012726428
657264,0.029715246
657265,0.9707446
657266,0.053563926
657267,0.21759559
657268,0.29804844
657269,0.8777064
657270,0.74272424
657271,0.99064106
657272,0.005254401
657273,0.9902192
657274,0.79632545
657275,0.07577172
657276,0.9907113
657277,0.82712483
657278,0.20228595
657279,0.06039862
657280,0.043987904
657281,0.011975253
657282,0.018973121
657283,0.98711044
657284,0.11905052
657285,0.041990485
657286,0.95735055
657287,0.68278813
657288,0.86626476
657289,0.13542774
657290,0.15497856
657291,0.011321625
657292,0.9860792
657293,0.84322375
657294,0.015033065
657295,0.99961686
657296,0.98189676
657297,0.02628111
657298,0.078446016
657299,0.0060852193
657300,0.010087317
657301,0.19398743
657302,0.041553244
657303,0.99531585
657304,0.20051473
657305,0.040144015
657306,0.16587211
657307,0.29253238
657308,0.12073967
657309,0.06594847
657310,0.94161624
657311,0.5990022
657312,0.017375037
657313,0.16741353
657314,0.0422063
657315,0.95903516
657316,0.9957715
657317,0.9963985
657318,0.082071066
657319,0.0023978697
657320,0.9921963
657321,0.9885903
657322,0.98671836
657323,0.98650324
657324,0.98671305
657325,0.24214135
657326,0.9985126
657327,0.05238404
657328,0.9914206
657329,0.008079828
657330,0.17959455
657331,0.38884905
657332,0.05176413
657333,0.099189214
657334,0.009872898
657335,0.9809214
657336,0.007483864
657337,0.09719012
657338,0.005431519
657339,0.2531771
657340,0.14735013
657341,0.39772883
657342,0.019474875
657343,0.9915781
657344,0.9775475
657345,0.76723653
657346,0.68073666
657347,0.864409
657348,0.010549739
657349,0.002872054
657350,0.032939166
657351,0.024644654
657352,0.9978781
657353,0.45692804
657354,0.9577472
657355,0.035898663
657356,0.26472616
657357,0.62777907
657358,0.9782398
657359,0.0113498075
657360,0.71948165
657361,0.97327983
657362,0.0043140054
657363,0.4744321
657364,0.6889957
657365,0.41032445
657366,0.011505137
657367,0.9911841
657368,0.8041277
657369,0.67732906
657370,0.9934115
657371,0.9481551
657372,0.09609906
657373,0.0262326
657374,0.91181505
657375,0.7773244
657376,0.5789221
657377,0.0609727
657378,0.02766859
657379,0.58648974
657380,0.028046459
657381,0.06669958
657382,0.10721501
657383,0.102064595
657384,0.987988
657385,0.5585891
657386,0.0070940135
657387,0.9690813
657388,0.14303303
657389,0.018479524
657390,0.006585402
657391,0.066943675
657392,0.048904758
657393,0.4303896
657394,0.019816589
657395,0.5511233
657396,0.09700675
657397,0.9789851
657398,0.009567995
657399,0.075769745
657400,0.9065765
657401,0.033079147
657402,0.03710054
657403,0.18547443
657404,0.99632454
657405,0.45380014
657406,0.95737994
657407,0.8599315
657408,0.99754274
657409,0.0098822545
657410,0.56916094
657411,0.97165847
657412,0.009442532
657413,0.4983741
657414,0.39548764
657415,0.96035576
657416,0.42020294
657417,0.52353144
657418,0.96738803
657419,0.15007952
657420,0.068576165
657421,0.015253163
657422,0.077095315
657423,0.003241519
657424,0.94029236
657425,0.97754097
657426,0.9980509
657427,0.03894521
657428,0.8570113
657429,0.97458756
657430,0.97429585
657431,0.022747949
657432,0.9603682
657433,0.008347567
657434,0.05589793
657435,0.98366064
657436,0.022875225
657437,0.520169
657438,0.0661629
657439,0.9958744
657440,0.15196688
657441,0.99651366
657442,0.9140982
657443,0.9787352
657444,0.491336
657445,0.048162594
657446,0.11157406
657447,0.17930812
657448,0.03081155
657449,0.22605331
657450,0.038103085
657451,0.28364396
657452,0.025524592
657453,0.9577408
657454,0.24245903
657455,0.99254346
657456,0.0008739931
657457,0.096755296
657458,0.00700241
657459,0.2650578
657460,0.16877328
657461,0.1277264
657462,0.79856205
657463,0.68762976
657464,0.9804721
657465,0.008427683
657466,0.0024416042
657467,0.9380101
657468,0.009383333
657469,0.98971415
657470,0.035694066
657471,0.10050516
657472,0.9929048
657473,0.024401948
657474,0.052077115
657475,0.9773127
657476,0.20035598
657477,0.9027534
657478,0.0042009773
657479,0.28378835
657480,0.87026834
657481,0.8597865
657482,0.94960237
657483,0.034945317
657484,0.023615811
657485,0.99637556
657486,0.04561495
657487,0.95328546
657488,0.1068015
657489,0.031054901
657490,0.8255507
657491,0.010849219
657492,0.029176995
657493,0.80793875
657494,0.05090083
657495,0.01977387
657496,0.65264803
657497,0.98713446
657498,0.011939008
657499,0.95755553
657500,0.018164285
657501,0.57513523
657502,0.82669234
657503,0.0385829
657504,0.92912436
657505,0.99874645
657506,0.0077497936
657507,0.014541957
657508,0.7324801
657509,0.018662827
657510,0.0069399825
657511,0.055384617
657512,0.8944564
657513,0.05623991
657514,0.6344454
657515,0.008112027
657516,0.022633655
657517,0.061984394
657518,0.73963314
657519,0.8109049
657520,0.0026981384
657521,0.5221535
657522,0.95877796
657523,0.98899096
657524,0.011711519
657525,0.01733034
657526,0.9980836
657527,0.1961415
657528,0.99162495
657529,0.95470214
657530,0.98047787
657531,0.36046237
657532,0.05239851
657533,0.8924044
657534,0.015812172
657535,0.0085855685
657536,0.99308914
657537,0.9881164
657538,0.99656916
657539,0.43218163
657540,0.0011859285
657541,0.009718391
657542,0.024634896
657543,0.003989231
657544,0.02135774
657545,0.992774
657546,0.96766186
657547,0.8802824
657548,0.73074746
657549,0.03866791
657550,0.13382743
657551,0.11679104
657552,0.8553393
657553,0.15836573
657554,0.56586754
657555,0.01631083
657556,0.9985351
657557,0.89291656
657558,0.9747977
657559,0.583384
657560,0.05413676
657561,0.95455045
657562,0.0488854
657563,0.118098974
657564,0.42905816
657565,0.004254433
657566,0.033664674
657567,0.016580848
657568,0.41423634
657569,0.8808038
657570,0.059456557
657571,0.9006677
657572,0.004742229
657573,0.27529347
657574,0.59505254
657575,0.996708
657576,0.73092264
657577,0.9684049
657578,0.39762393
657579,0.9403012
657580,0.97973055
657581,0.07149993
657582,0.9976655
657583,0.14785582
657584,0.96262115
657585,0.11629121
657586,0.025035605
657587,0.46353656
657588,0.047861382
657589,0.07737319
657590,0.008042939
657591,0.9473429
657592,0.020890342
657593,0.18102956
657594,0.004413751
657595,0.94609344
657596,0.0050017405
657597,0.7219502
657598,0.8268944
657599,0.026482346
657600,0.16207644
657601,0.013025809
657602,0.8074864
657603,0.032543167
657604,0.9589024
657605,0.91303635
657606,0.13411504
657607,0.8956764
657608,0.82827175
657609,0.023923095
657610,0.022204813
657611,0.19416893
657612,0.008544033
657613,0.9717253
657614,0.9649991
657615,0.82732785
657616,0.0015360692
657617,0.9668796
657618,0.76612115
657619,0.5400084
657620,0.13300872
657621,0.08897897
657622,0.0039212927
657623,0.012246994
657624,0.906706
657625,0.10588784
657626,0.009442809
657627,0.6065205
657628,0.98847145
657629,0.9813986
657630,0.110656776
657631,0.007292427
657632,0.99682456
657633,0.10345477
657634,0.09870606
657635,0.004951329
657636,0.6086226
657637,0.017308105
657638,0.8777885
657639,0.9747485
657640,0.27647993
657641,0.8251917
657642,0.027012412
657643,0.058713544
657644,0.99775875
657645,0.023172028
657646,0.03688098
657647,0.017263735
657648,0.2771534
657649,0.8470608
657650,0.43428403
657651,0.08399885
657652,0.44454587
657653,0.0117098335
657654,0.03373611
657655,0.028928392
657656,0.7669968
657657,0.004008827
657658,0.6395855
657659,0.026776047
657660,0.8094933
657661,0.9274553
657662,0.18710019
657663,0.2543049
657664,0.010149237
657665,0.88317865
657666,0.005961321
657667,0.03709852
657668,0.013495392
657669,0.9944245
657670,0.99361235
657671,0.09846994
657672,0.8448448
657673,0.00868565
657674,0.0547166
657675,0.2827837
657676,0.03542061
657677,0.004566614
657678,0.018896181
657679,0.42745367
657680,0.72075367
657681,0.07312906
657682,0.8237113
657683,0.9626123
657684,0.10373938
657685,0.900661
657686,0.9821723
657687,0.017622903
657688,0.0045406725
657689,0.9787816
657690,0.011351534
657691,0.98113036
657692,0.99931026
657693,0.86175525
657694,0.96532416
657695,0.37410283
657696,0.47431466
657697,0.058631666
657698,0.25477758
657699,0.0039740093
657700,0.28539258
657701,0.2084709
657702,0.91465795
657703,0.87785673
657704,0.7200778
657705,0.999851
657706,0.89241815
657707,0.93585104
657708,0.023637118
657709,0.009277963
657710,0.94055116
657711,0.01135417
657712,0.78979576
657713,0.025334934
657714,0.8952621
657715,0.73554933
657716,0.036250193
657717,0.9264615
657718,0.40583336
657719,0.28361744
657720,0.995676
657721,0.98787206
657722,0.5391828
657723,0.07553194
657724,0.77086675
657725,0.56810886
657726,0.0065581566
657727,0.12822661
657728,0.01345594
657729,0.9975408
657730,0.1491315
657731,0.99105483
657732,0.004718513
657733,0.9432576
657734,0.034487654
657735,0.0035389694
657736,0.9954205
657737,0.006570463
657738,0.022988772
657739,0.92827797
657740,0.9945173
657741,0.98012596
657742,0.007720462
657743,0.85452044
657744,0.994649
657745,0.079985015
657746,0.19298932
657747,0.14982739
657748,0.21968535
657749,0.82273114
657750,0.06004182
657751,0.7234737
657752,0.04936642
657753,0.97602904
657754,0.00874752
657755,0.0926665
657756,0.9885614
657757,0.016470548
657758,0.99458045
657759,0.9799931
657760,0.01317359
657761,0.0044864966
657762,0.28546926
657763,0.025606828
657764,0.009169744
657765,0.28333575
657766,0.017126657
657767,0.90605587
657768,0.026319904
657769,0.03654158
657770,0.63550794
657771,0.020479387
657772,0.89838076
657773,0.9928714
657774,0.01071353
657775,0.0073702484
657776,0.9846113
657777,0.98621523
657778,0.017919425
657779,0.94279385
657780,0.020290196
657781,0.0029314
657782,0.21983501
657783,0.9947793
657784,0.9623121
657785,0.05097469
657786,0.24311392
657787,0.0076170145
657788,0.7845953
657789,0.9880078
657790,0.022032168
657791,0.99570316
657792,0.90195405
657793,0.0019617556
657794,0.009078413
657795,0.88684005
657796,0.007716769
657797,0.010526884
657798,0.9848678
657799,0.42767566
657800,0.99897254
657801,0.0069832597
657802,0.019909978
657803,0.9898565
657804,0.004384975
657805,0.9871064
657806,0.959731
657807,0.9894241
657808,0.0038485911
657809,0.069900066
657810,0.0419373
657811,0.37760845
657812,0.21222544
657813,0.026231382
657814,0.9649987
657815,0.038121663
657816,0.9505676
657817,0.07513039
657818,0.019643426
657819,0.09887171
657820,0.8334538
657821,0.018820466
657822,0.025644008
657823,0.97989225
657824,0.0020843088
657825,0.97635806
657826,0.41595513
657827,0.64107776
657828,0.44440877
657829,0.06185495
657830,0.30146044
657831,0.5694473
657832,0.01470122
657833,0.03824826
657834,0.43097645
657835,0.93613756
657836,0.026385065
657837,0.08019529
657838,0.0025352277
657839,0.025592556
657840,0.012653492
657841,0.8889248
657842,0.19044846
657843,0.080457866
657844,0.09851271
657845,0.8088547
657846,0.07210428
657847,0.018192146
657848,0.09484728
657849,0.017942272
657850,0.16012016
657851,0.99458283
657852,0.86791605
657853,0.05884184
657854,0.50173146
657855,0.9580299
657856,0.0026443098
657857,0.9913225
657858,0.9387467
657859,0.96217847
657860,0.002819289
657861,0.03578893
657862,0.91873443
657863,0.0027889647
657864,0.012301202
657865,0.9788127
657866,0.97861254
657867,0.9613785
657868,0.01718722
657869,0.9185518
657870,0.00998143
657871,0.91567516
657872,0.9967103
657873,0.009736242
657874,0.04523095
657875,0.08390007
657876,0.7531022
657877,0.19215225
657878,0.8684443
657879,0.055597313
657880,0.0025231298
657881,0.35914358
657882,0.37872738
657883,0.09332335
657884,0.0072180727
657885,0.786312
657886,0.9169246
657887,0.01819056
657888,0.47769853
657889,0.82023096
657890,0.13002586
657891,0.99304575
657892,0.022677045
657893,0.90893257
657894,0.06997843
657895,0.9957213
657896,0.8238117
657897,0.05770714
657898,0.983798
657899,0.012706853
657900,0.12676103
657901,0.99701536
657902,0.61679065
657903,0.01749629
657904,0.98262787
657905,0.35441044
657906,0.99918044
657907,0.9956129
657908,0.9867633
657909,0.9946849
657910,0.981724
657911,0.9972023
657912,0.019142916
657913,0.0097495895
657914,0.97815603
657915,0.079348765
657916,0.013546
657917,0.031280465
657918,0.19348016
657919,0.7259079
657920,0.06668227
657921,0.8648469
657922,0.0021978961
657923,0.031938538
657924,0.6463831
657925,0.9496037
657926,0.0045417147
657927,0.9945753
657928,0.035464503
657929,0.8646483
657930,0.004811394
657931,0.9994488
657932,0.9115772
657933,0.964489
657934,0.03286183
657935,0.6426939
657936,0.13213803
657937,0.9799499
657938,0.92984504
657939,0.9845513
657940,0.92613184
657941,0.9922263
657942,0.005774508
657943,0.27578625
657944,0.95546687
657945,0.14085989
657946,0.9964506
657947,0.09293833
657948,0.40865463
657949,0.030350786
657950,0.016898394
657951,0.042441055
657952,0.032157887
657953,0.96798706
657954,0.017951323
657955,0.06420507
657956,0.97242117
657957,0.034440584
657958,0.9982053
657959,0.4884879
657960,0.042844936
657961,0.01722084
657962,0.012744901
657963,0.17694889
657964,0.99509037
657965,0.7721062
657966,0.8313483
657967,0.114933304
657968,0.5867009
657969,0.010742568
657970,0.38259444
657971,0.013351652
657972,0.9942922
657973,0.9497425
657974,0.09260687
657975,0.83338344
657976,0.41670597
657977,0.035677068
657978,0.9362774
657979,0.9722188
657980,0.98861
657981,0.84018207
657982,0.020569267
657983,0.9936336
657984,0.042428758
657985,0.004614519
657986,0.80101186
657987,0.06894573
657988,0.89720184
657989,0.021062266
657990,0.12751219
657991,0.09906643
657992,0.6665261
657993,0.9755288
657994,0.13047981
657995,0.88226634
657996,0.6913977
657997,0.021040577
657998,0.01352436
657999,0.027860297
658000,0.9938544
658001,0.03924945
658002,0.06973818
658003,0.006355157
658004,0.96662265
658005,0.027916603
658006,0.15388137
658007,0.9951085
658008,0.008569677
658009,0.029966343
658010,0.03295123
658011,0.9683013
658012,0.9925682
658013,0.7039641
658014,0.18994074
658015,0.40492922
658016,0.99593604
658017,0.90841246
658018,0.064520024
658019,0.10258785
658020,0.019131107
658021,0.96103483
658022,0.5462474
658023,0.9984408
658024,0.020209095
658025,0.87681186
658026,0.059784275
658027,0.09451575
658028,0.95899636
658029,0.98019326
658030,0.052355852
658031,0.9388553
658032,0.99904025
658033,0.9385221
658034,0.96698236
658035,0.9061616
658036,0.98042464
658037,0.0066954605
658038,0.009458643
658039,0.054790836
658040,0.072141595
658041,0.040241744
658042,0.10311949
658043,0.04064638
658044,0.024228904
658045,0.00882739
658046,0.97371197
658047,0.9718222
658048,0.9881737
658049,0.20020902
658050,0.11219217
658051,0.05942977
658052,0.042336054
658053,0.99618185
658054,0.9922724
658055,0.4780689
658056,0.9506062
658057,0.002363666
658058,0.029010553
658059,0.98743844
658060,0.5542482
658061,0.6280157
658062,0.04467175
658063,0.8409761
658064,0.774015
658065,0.2447347
658066,0.31710696
658067,0.0049308264
658068,0.99867374
658069,0.0031921905
658070,0.99130905
658071,0.98110443
658072,0.040994797
658073,0.9972153
658074,0.52704966
658075,0.010408667
658076,0.9329219
658077,0.9849316
658078,0.0040912237
658079,0.0054268134
658080,0.9893118
658081,0.0041337283
658082,0.4011594
658083,0.036821246
658084,0.9807927
658085,0.033001393
658086,0.050317645
658087,0.020608125
658088,0.20815185
658089,0.0065495237
658090,0.6329746
658091,0.37850934
658092,0.022083076
658093,0.9947468
658094,0.18749459
658095,0.990571
658096,0.99627304
658097,0.93958354
658098,0.59933436
658099,0.025301665
658100,0.010785882
658101,0.6912235
658102,0.9851134
658103,0.02191943
658104,0.97258997
658105,0.038742997
658106,0.9970355
658107,0.9441079
658108,0.045119487
658109,0.015642254
658110,0.0685303
658111,0.964554
658112,0.12576355
658113,0.8579036
658114,0.13333645
658115,0.0037945663
658116,0.029695336
658117,0.96931505
658118,0.04670606
658119,0.013961175
658120,0.07603514
658121,0.98371434
658122,0.018853478
658123,0.93402785
658124,0.22220375
658125,0.05288464
658126,0.12486207
658127,0.9577101
658128,0.39340723
658129,0.020484813
658130,0.53178686
658131,0.08689001
658132,0.97322834
658133,0.039675813
658134,0.04812904
658135,0.9426498
658136,0.9152467
658137,0.00489316
658138,0.036686122
658139,0.117489755
658140,0.8490534
658141,0.124362186
658142,0.8520974
658143,0.017697772
658144,0.48681617
658145,0.03047604
658146,0.016820041
658147,0.97570854
658148,0.03801045
658149,0.15952763
658150,0.97642225
658151,0.9575726
658152,0.7218344
658153,0.8085314
658154,0.8588467
658155,0.9842579
658156,0.13285016
658157,0.9940376
658158,0.090627804
658159,0.016318925
658160,0.003199277
658161,0.60686207
658162,0.9927021
658163,0.010889653
658164,0.9933393
658165,0.16558118
658166,0.747328
658167,0.95604736
658168,0.012961781
658169,0.012533645
658170,0.07689309
658171,0.029124085
658172,0.99784094
658173,0.48717391
658174,0.017651472
658175,0.8973838
658176,0.98327446
658177,0.018104656
658178,0.010096192
658179,0.9671585
658180,0.020972919
658181,0.84548783
658182,0.64353913
658183,0.040818654
658184,0.016285053
658185,0.8597633
658186,0.09338649
658187,0.91786605
658188,0.15682761
658189,0.0022023132
658190,0.019407615
658191,0.25726143
658192,0.15770881
658193,0.48246625
658194,0.5798527
658195,0.9957632
658196,0.008091002
658197,0.9115951
658198,0.9649629
658199,0.87272084
658200,0.10803113
658201,0.2745197
658202,0.16108336
658203,0.60370153
658204,0.99401015
658205,0.9994067
658206,0.98361236
658207,0.9609062
658208,0.64880586
658209,0.9895966
658210,0.011636998
658211,0.56969416
658212,0.5617019
658213,0.06684315
658214,0.12388821
658215,0.025606802
658216,0.027412761
658217,0.13829023
658218,0.60840297
658219,0.010334817
658220,0.09428996
658221,0.0041965027
658222,0.024616877
658223,0.003451177
658224,0.9806829
658225,0.9943577
658226,0.9646095
658227,0.053482845
658228,0.70459414
658229,0.018826365
658230,0.99150854
658231,0.9989151
658232,0.012094322
658233,0.98080105
658234,0.67408615
658235,0.0077678133
658236,0.09041314
658237,0.40147364
658238,0.9544599
658239,0.7223966
658240,0.043466054
658241,0.7200261
658242,0.03727153
658243,0.9876011
658244,0.98226345
658245,0.9417715
658246,0.010658149
658247,0.9958017
658248,0.7549011
658249,0.050926846
658250,0.9956635
658251,0.006589163
658252,0.016617378
658253,0.75951266
658254,0.4191788
658255,0.048076086
658256,0.41604903
658257,0.19876453
658258,0.8543158
658259,0.9942173
658260,0.46337345
658261,0.42114955
658262,0.9874155
658263,0.0062680067
658264,0.99189776
658265,0.0717804
658266,0.048969846
658267,0.4849296
658268,0.966197
658269,0.9754912
658270,0.009666311
658271,0.009525361
658272,0.98181885
658273,0.9950115
658274,0.9434351
658275,0.9940666
658276,0.17332417
658277,0.11425551
658278,0.025026923
658279,0.9937771
658280,0.29981297
658281,0.003960367
658282,0.011115044
658283,0.9070722
658284,0.009282768
658285,0.96308506
658286,0.82597065
658287,0.006379905
658288,0.14448023
658289,0.98755044
658290,0.020394338
658291,0.048095305
658292,0.004655755
658293,0.0052633774
658294,0.96071213
658295,0.8424907
658296,0.96366334
658297,0.10250868
658298,0.9556256
658299,0.50859386
658300,0.018693883
658301,0.0723302
658302,0.91580355
658303,0.95949125
658304,0.15996934
658305,0.2083272
658306,0.7695559
658307,0.8125981
658308,0.9370111
658309,0.7788126
658310,0.05465717
658311,0.4756537
658312,0.9130412
658313,0.55545986
658314,0.055401348
658315,0.9499277
658316,0.011390697
658317,0.999616
658318,0.9708878
658319,0.9888091
658320,0.077799365
658321,0.46694863
658322,0.005883484
658323,0.025643418
658324,0.5625655
658325,0.99631715
658326,0.8945742
658327,0.8452388
658328,0.7234893
658329,0.081057616
658330,0.8278518
658331,0.020076556
658332,0.121199265
658333,0.14198294
658334,0.004587638
658335,0.018777898
658336,0.22357626
658337,0.93623996
658338,0.91834044
658339,0.022840004
658340,0.1548904
658341,0.983971
658342,0.14601563
658343,0.01017992
658344,0.10397564
658345,0.008792756
658346,0.9885329
658347,0.04727876
658348,0.9958355
658349,0.9620609
658350,0.0022774606
658351,0.027957864
658352,0.95546114
658353,0.20417827
658354,0.96452785
658355,0.9611918
658356,0.42692468
658357,0.55944175
658358,0.03597842
658359,0.9865238
658360,0.010239311
658361,0.7058392
658362,0.9826057
658363,0.12134273
658364,0.94834024
658365,0.97235644
658366,0.46702078
658367,0.9898619
658368,0.10020046
658369,0.76895976
658370,0.32761985
658371,0.016869074
658372,0.08742601
658373,0.6624508
658374,0.99429184
658375,0.23248494
658376,0.2415211
658377,0.27590007
658378,0.5285421
658379,0.008400746
658380,0.93405646
658381,0.0394958
658382,0.37404466
658383,0.10089177
658384,0.006397696
658385,0.12535013
658386,0.2623813
658387,0.42913958
658388,0.16900077
658389,0.09974284
658390,0.99777055
658391,0.10520015
658392,0.98071736
658393,0.023941834
658394,0.9903772
658395,0.95112634
658396,0.98741937
658397,0.3887985
658398,0.006296221
658399,0.014197671
658400,0.011899464
658401,0.021904066
658402,0.17924759
658403,0.09572463
658404,0.017887821
658405,0.21720785
658406,0.17524163
658407,0.23906465
658408,0.039951343
658409,0.12612703
658410,0.010144227
658411,0.9420021
658412,0.28954756
658413,0.0141475145
658414,0.78961
658415,0.9967978
658416,0.9910506
658417,0.0029857485
658418,0.97952485
658419,0.121858746
658420,0.92747283
658421,0.020301888
658422,0.006719713
658423,0.088225886
658424,0.9807853
658425,0.9970583
658426,0.00841644
658427,0.96017617
658428,0.019039137
658429,0.9134666
658430,0.09644323
658431,0.9667173
658432,0.030492198
658433,0.05173897
658434,0.104097694
658435,0.95784485
658436,0.73044753
658437,0.3002092
658438,0.02600295
658439,0.48997688
658440,0.05087372
658441,0.9935353
658442,0.97659653
658443,0.994167
658444,0.010964123
658445,0.9746271
658446,0.015413527
658447,0.0036760017
658448,0.0043788296
658449,0.9117204
658450,0.31765583
658451,0.1613122
658452,0.031368062
658453,0.28531742
658454,0.041056693
658455,0.0074886014
658456,0.037523367
658457,0.977236
658458,0.56385636
658459,0.3588875
658460,0.9995018
658461,0.43609864
658462,0.084845275
658463,0.02437471
658464,0.51111066
658465,0.0067431093
658466,0.025745817
658467,0.9776591
658468,0.004039068
658469,0.94882536
658470,0.47771114
658471,0.9565811
658472,0.29919606
658473,0.9593798
658474,0.26943666
658475,0.06879967
658476,0.9979902
658477,0.75821626
658478,0.9916416
658479,0.17436397
658480,0.044713
658481,0.27942553
658482,0.7523862
658483,0.014375813
658484,0.55058223
658485,0.91876614
658486,0.011982242
658487,0.019167293
658488,0.009300841
658489,0.0705526
658490,0.01034848
658491,0.033116072
658492,0.04887801
658493,0.86150515
658494,0.0026525871
658495,0.0663964
658496,0.8056415
658497,0.010803561
658498,0.8255705
658499,0.02927977
658500,0.42004776
658501,0.88344544
658502,0.7898886
658503,0.02803223
658504,0.2934305
658505,0.017695816
658506,0.14971356
658507,0.7956245
658508,0.013630645
658509,0.6221957
658510,0.14702386
658511,0.5933581
658512,0.856326
658513,0.048114013
658514,0.84279037
658515,0.99095684
658516,0.9974029
658517,0.06210202
658518,0.0043678572
658519,0.060008645
658520,0.6017678
658521,0.99950933
658522,0.100259736
658523,0.12126431
658524,0.016155273
658525,0.9005346
658526,0.659277
658527,0.86407125
658528,0.24658287
658529,0.11241391
658530,0.7290271
658531,0.999848
658532,0.563298
658533,0.97992826
658534,0.88186
658535,0.9582749
658536,0.3196576
658537,0.29993552
658538,0.6210187
658539,0.039587386
658540,0.7234343
658541,0.019235022
658542,0.014436829
658543,0.9743048
658544,0.4071256
658545,0.04084398
658546,0.77602404
658547,0.032769278
658548,0.011868815
658549,0.27625972
658550,0.0092731835
658551,0.13131587
658552,0.9355078
658553,0.15753374
658554,0.008890515
658555,0.99002194
658556,0.14073634
658557,0.013853475
658558,0.6518898
658559,0.5152934
658560,0.06715426
658561,0.95221055
658562,0.99956876
658563,0.9503024
658564,0.9077761
658565,0.98849696
658566,0.5027252
658567,0.0076798075
658568,0.16610107
658569,0.9804169
658570,0.9468328
658571,0.008293433
658572,0.013972899
658573,0.9946506
658574,0.9677668
658575,0.049222186
658576,0.007023641
658577,0.016890466
658578,0.024617136
658579,0.10274844
658580,0.35788476
658581,0.00455286
658582,0.0055939998
658583,0.09262101
658584,0.02040574
658585,0.015972424
658586,0.8977864
658587,0.9766942
658588,0.93512547
658589,0.029659627
658590,0.9762882
658591,0.01928113
658592,0.7174295
658593,0.33637384
658594,0.26633817
658595,0.9703154
658596,0.9902973
658597,0.31438616
658598,0.9667378
658599,0.012193122
658600,0.006476105
658601,0.76172155
658602,0.7715113
658603,0.08645737
658604,0.026748504
658605,0.8423909
658606,0.2510555
658607,0.01630405
658608,0.16250178
658609,0.012618358
658610,0.018533722
658611,0.96574545
658612,0.020833349
658613,0.025397396
658614,0.7398575
658615,0.992903
658616,0.034191605
658617,0.09191244
658618,0.36106503
658619,0.57970995
658620,0.0068993834
658621,0.30684966
658622,0.4871485
658623,0.99391687
658624,0.16214105
658625,0.9131248
658626,0.34493715
658627,0.97492003
658628,0.021032453
658629,0.037453674
658630,0.98061854
658631,0.9850718
658632,0.09822225
658633,0.006401794
658634,0.008071846
658635,0.019839207
658636,0.9925813
658637,0.9772372
658638,0.011781495
658639,0.9891496
658640,0.0641487
658641,0.9703629
658642,0.8687222
658643,0.99693376
658644,0.8116069
658645,0.060527097
658646,0.1810526
658647,0.50901735
658648,0.96660167
658649,0.039880466
658650,0.03021081
658651,0.07792251
658652,0.08300863
658653,0.0026498097
658654,0.15853998
658655,0.03885393
658656,0.4406454
658657,0.13774152
658658,0.021583902
658659,0.99501294
658660,0.21180679
658661,0.049980137
658662,0.05727947
658663,0.031087518
658664,0.83641857
658665,0.013986582
658666,0.07105644
658667,0.78053427
658668,0.9354955
658669,0.9168888
658670,0.45519304
658671,0.5910957
658672,0.36988384
658673,0.83496857
658674,0.06693833
658675,0.15901935
658676,0.04911734
658677,0.053009965
658678,0.89488983
658679,0.9979245
658680,0.16492693
658681,0.04341793
658682,0.996463
658683,0.96633685
658684,0.0356418
658685,0.9209798
658686,0.6181884
658687,0.21460898
658688,0.0053003617
658689,0.19600613
658690,0.08609336
658691,0.03188172
658692,0.76689094
658693,0.0072814673
658694,0.90047455
658695,0.7409837
658696,0.65903664
658697,0.15914607
658698,0.015486808
658699,0.9940667
658700,0.04241539
658701,0.97536504
658702,0.028641172
658703,0.05780696
658704,0.047292817
658705,0.9959186
658706,0.76268125
658707,0.9980059
658708,0.31994596
658709,0.7095997
658710,0.046588827
658711,0.049527526
658712,0.9960318
658713,0.36261308
658714,0.20071651
658715,0.94909555
658716,0.012846857
658717,0.9915851
658718,0.99920934
658719,0.7924075
658720,0.03395886
658721,0.993127
658722,0.057366587
658723,0.030263431
658724,0.05534197
658725,0.9700596
658726,0.99507624
658727,0.9402013
658728,0.16293773
658729,0.90828264
658730,0.08221149
658731,0.98853433
658732,0.07990065
658733,0.99929076
658734,0.9401162
658735,0.21442789
658736,0.022725148
658737,0.004472039
658738,0.9948966
658739,0.99666
658740,0.99010587
658741,0.99309874
658742,0.24555114
658743,0.89046925
658744,0.0006418274
658745,0.08515179
658746,0.0040111914
658747,0.75178695
658748,0.063475944
658749,0.93665624
658750,0.43556893
658751,0.014803993
658752,0.14973798
658753,0.91365093
658754,0.3772026
658755,0.71539366
658756,0.77966374
658757,0.0033151112
658758,0.11562316
658759,0.96357214
658760,0.21432528
658761,0.95442665
658762,0.012644169
658763,0.9624141
658764,0.3677436
658765,0.98739517
658766,0.016867481
658767,0.011994304
658768,0.50871056
658769,0.07773476
658770,0.9648047
658771,0.98733264
658772,0.576266
658773,0.9708799
658774,0.03669416
658775,0.022528173
658776,0.11834663
658777,0.018159518
658778,0.27146918
658779,0.984017
658780,0.16955332
658781,0.051141392
658782,0.012471067
658783,0.20638615
658784,0.101611726
658785,0.9492729
658786,0.003000907
658787,0.98845494
658788,0.07035042
658789,0.8823985
658790,0.02250569
658791,0.0034921027
658792,0.95450073
658793,0.8305357
658794,0.85293186
658795,0.028348742
658796,0.8945309
658797,0.0073569547
658798,0.99466944
658799,0.98792076
658800,0.47440532
658801,0.25320044
658802,0.093037225
658803,0.99231774
658804,0.48701996
658805,0.006833003
658806,0.010280854
658807,0.08095184
658808,0.9996784
658809,0.06407734
658810,0.08075245
658811,0.035732273
658812,0.7893665
658813,0.006537699
658814,0.42748368
658815,0.026620967
658816,0.97986645
658817,0.9996077
658818,0.08362306
658819,0.12302572
658820,0.0003768386
658821,0.004431566
658822,0.97974825
658823,0.93616945
658824,0.66965705
658825,0.006192919
658826,0.02460701
658827,0.98821455
658828,0.012546895
658829,0.039365422
658830,0.11410165
658831,0.9978139
658832,0.87564266
658833,0.5015876
658834,0.06570302
658835,0.6025088
658836,0.22422574
658837,0.07688978
658838,0.011825518
658839,0.85208035
658840,0.96801096
658841,0.008989917
658842,0.9880812
658843,0.23458712
658844,0.9780824
658845,0.45466778
658846,0.015483583
658847,0.054393597
658848,0.8187927
658849,0.9577299
658850,0.74094653
658851,0.06339949
658852,0.5399693
658853,0.04764546
658854,0.92475206
658855,0.34234485
658856,0.9583505
658857,0.14522006
658858,0.9667086
658859,0.050894413
658860,0.99086666
658861,0.02207335
658862,0.98884714
658863,0.06980012
658864,0.071343005
658865,0.86043155
658866,0.2996371
658867,0.0035992237
658868,0.9817604
658869,0.06435714
658870,0.5786926
658871,0.9388372
658872,0.2839583
658873,0.77871776
658874,0.95141095
658875,0.008049796
658876,0.019958492
658877,0.9332605
658878,0.9901986
658879,0.01718979
658880,0.014283076
658881,0.7577113
658882,0.010895455
658883,0.0034789226
658884,0.008283516
658885,0.9232718
658886,0.36666444
658887,0.03761674
658888,0.96370614
658889,0.9992397
658890,0.9731888
658891,0.0069346763
658892,0.16152641
658893,0.7330395
658894,0.90634394
658895,0.0032415998
658896,0.014289001
658897,0.94047606
658898,0.9966968
658899,0.838649
658900,0.19953948
658901,0.99064755
658902,0.99749476
658903,0.04507311
658904,0.023010887
658905,0.05626988
658906,0.0032592749
658907,0.9959726
658908,0.04397348
658909,0.030911662
658910,0.05859933
658911,0.04916389
658912,0.9215952
658913,0.4794381
658914,0.88430625
658915,0.0093897795
658916,0.054749396
658917,0.104713924
658918,0.14427033
658919,0.9039135
658920,0.5400176
658921,0.0062275114
658922,0.9642724
658923,0.065300986
658924,0.5811266
658925,0.9981948
658926,0.49640676
658927,0.0034122348
658928,0.014518383
658929,0.27497295
658930,0.27797136
658931,0.18345132
658932,0.014783089
658933,0.9755426
658934,0.012363687
658935,0.33619413
658936,0.13433057
658937,0.84562415
658938,0.015376165
658939,0.26975933
658940,0.9674281
658941,0.012109054
658942,0.9978141
658943,0.4425938
658944,0.588625
658945,0.80139923
658946,0.8931013
658947,0.047856107
658948,0.006991348
658949,0.7714917
658950,0.33251998
658951,0.009063534
658952,0.82230085
658953,0.92387134
658954,0.21265425
658955,0.7528704
658956,0.025042351
658957,0.14993817
658958,0.06436037
658959,0.98873574
658960,0.6679758
658961,0.5179528
658962,0.0067527243
658963,0.92045224
658964,0.14261502
658965,0.5428247
658966,0.047885865
658967,0.65995824
658968,0.9896244
658969,0.58866596
658970,0.66290164
658971,0.06754771
658972,0.0066221785
658973,0.9998486
658974,0.041687325
658975,0.9422337
658976,0.046161044
658977,0.03425768
658978,0.038555674
658979,0.12944783
658980,0.005631478
658981,0.006928885
658982,0.9784141
658983,0.0121032875
658984,0.7724153
658985,0.025509175
658986,0.95655036
658987,0.0046942956
658988,0.0116756195
658989,0.93927366
658990,0.015060183
658991,0.10102304
658992,0.99905354
658993,0.49801758
658994,0.32844508
658995,0.96777314
658996,0.9809911
658997,0.9465961
658998,0.8806655
658999,0.011566907
659000,0.021484978
659001,0.96220815
659002,0.6126548
659003,0.85744584
659004,0.018048521
659005,0.009701993
659006,0.86132073
659007,0.042933483
659008,0.9982397
659009,0.03198781
659010,0.008981179
659011,0.8447741
659012,0.95563775
659013,0.9171803
659014,0.72332716
659015,0.021223322
659016,0.08925407
659017,0.7787564
659018,0.8949678
659019,0.95369935
659020,0.16911711
659021,0.03031902
659022,0.82526094
659023,0.6152793
659024,0.98966306
659025,0.11416295
659026,0.02170911
659027,0.9152901
659028,0.8409327
659029,0.025706217
659030,0.9957346
659031,0.013921301
659032,0.890896
659033,0.9988712
659034,0.119086
659035,0.93143237
659036,0.046870477
659037,0.972
659038,0.210636
659039,0.98941004
659040,0.0110036135
659041,0.99221927
659042,0.92476726
659043,0.23360042
659044,0.011132827
659045,0.05713085
659046,0.784478
659047,0.3625369
659048,0.04808867
659049,0.008150814
659050,0.073550716
659051,0.99759567
659052,0.9974513
659053,0.089900106
659054,0.8974978
659055,0.08467102
659056,0.014915906
659057,0.051885154
659058,0.9879282
659059,0.19878052
659060,0.9056172
659061,0.054351747
659062,0.9100486
659063,0.8436028
659064,0.9981348
659065,0.010500974
659066,0.012398557
659067,0.008167022
659068,0.011568355
659069,0.33635646
659070,0.056321044
659071,0.54874825
659072,0.80863667
659073,0.8432509
659074,0.01714395
659075,0.99560523
659076,0.059304554
659077,0.9955473
659078,0.9574023
659079,0.098747745
659080,0.24520707
659081,0.9983715
659082,0.9759971
659083,0.9796981
659084,0.98021626
659085,0.044820454
659086,0.96954316
659087,0.15397649
659088,0.9748708
659089,0.29986256
659090,0.99631155
659091,0.8802372
659092,0.9837347
659093,0.007077608
659094,0.18910143
659095,0.98879045
659096,0.027096668
659097,0.17650959
659098,0.9946753
659099,0.9908626
659100,0.9894837
659101,0.834738
659102,0.004619038
659103,0.01466751
659104,0.24359925
659105,0.20587726
659106,0.9332197
659107,0.9997823
659108,0.98605245
659109,0.9412771
659110,0.36060604
659111,0.85801244
659112,0.6745077
659113,0.8311112
659114,0.99456286
659115,0.14926723
659116,0.99763465
659117,0.81115
659118,0.16789813
659119,0.049362928
659120,0.9822054
659121,0.002760135
659122,0.023521625
659123,0.0061702156
659124,0.98273987
659125,0.17838141
659126,0.9910871
659127,0.18720841
659128,0.080885515
659129,0.80429053
659130,0.9963411
659131,0.98766387
659132,0.9906533
659133,0.990953
659134,0.90609604
659135,0.90233123
659136,0.05494239
659137,0.9299766
659138,0.5895828
659139,0.9870113
659140,0.1145355
659141,0.6004813
659142,0.99750775
659143,0.91090864
659144,0.007646969
659145,0.9819081
659146,0.0051507223
659147,0.57374096
659148,0.9817673
659149,0.01706265
659150,0.041524116
659151,0.007885786
659152,0.005856226
659153,0.020336306
659154,0.8047123
659155,0.10551678
659156,0.8316176
659157,0.9617157
659158,0.0039972356
659159,0.025331816
659160,0.037370697
659161,0.9725155
659162,0.008561128
659163,0.9600565
659164,0.12860163
659165,0.65197825
659166,0.0024833102
659167,0.091638535
659168,0.16571468
659169,0.5679671
659170,0.67038816
659171,0.9769832
659172,0.027734395
659173,0.011157099
659174,0.6918197
659175,0.0018460972
659176,0.91884303
659177,0.99193347
659178,0.9765143
659179,0.97695535
659180,0.003528401
659181,0.02047718
659182,0.98460495
659183,0.041849934
659184,0.43967035
659185,0.73379487
659186,0.03855007
659187,0.9276704
659188,0.046566438
659189,0.112569116
659190,0.992426
659191,0.76076084
659192,0.013700477
659193,0.9939606
659194,0.005777679
659195,0.7622433
659196,0.83678836
659197,0.09849881
659198,0.022837028
659199,0.08234222
659200,0.82875115
659201,0.9962723
659202,0.0023066802
659203,0.040992558
659204,0.8695383
659205,0.0067712003
659206,0.09045274
659207,0.043036595
659208,0.8235128
659209,0.99057174
659210,0.83348715
659211,0.12844652
659212,0.06788342
659213,0.021434093
659214,0.3612764
659215,0.7651363
659216,0.87768614
659217,0.5861871
659218,0.017165828
659219,0.011559673
659220,0.12222963
659221,0.044864558
659222,0.40083918
659223,0.95496905
659224,0.018930718
659225,0.0828843
659226,0.005549356
659227,0.92346907
659228,0.9578237
659229,0.034490354
659230,0.9956237
659231,0.9849785
659232,0.33741915
659233,0.9682008
659234,0.007040915
659235,0.7987509
659236,0.013602546
659237,0.80636334
659238,0.97813946
659239,0.4233794
659240,0.0034072124
659241,0.61956346
659242,0.024089884
659243,0.033015676
659244,0.04412
659245,0.23534387
659246,0.024001263
659247,0.22868419
659248,0.5992901
659249,0.9618181
659250,0.024385286
659251,0.39049006
659252,0.007070747
659253,0.9864333
659254,0.45621794
659255,0.12853502
659256,0.99914956
659257,0.010700593
659258,0.9470383
659259,0.005083534
659260,0.95974886
659261,0.0769206
659262,0.027510524
659263,0.110364996
659264,0.079340726
659265,0.29247752
659266,0.0057797884
659267,0.036096454
659268,0.91763186
659269,0.5631615
659270,0.17157657
659271,0.9132936
659272,0.7064103
659273,0.43985653
659274,0.42007107
659275,0.98265517
659276,0.014401628
659277,0.051098034
659278,0.98641706
659279,0.016194226
659280,0.87700856
659281,0.023178428
659282,0.0122003015
659283,0.9762227
659284,0.8304578
659285,0.10624878
659286,0.9916426
659287,0.006793211
659288,0.99523336
659289,0.0031716968
659290,0.9856256
659291,0.44161832
659292,0.01260944
659293,0.8577145
659294,0.020547202
659295,0.010206269
659296,0.05493015
659297,0.01908293
659298,0.1227713
659299,0.6482232
659300,0.048945293
659301,0.96474075
659302,0.064721264
659303,0.18291852
659304,0.82896197
659305,0.054827657
659306,0.010298967
659307,0.005368234
659308,0.9552654
659309,0.9405062
659310,0.01564141
659311,0.8014202
659312,0.95482075
659313,0.8287631
659314,0.76048255
659315,0.022330076
659316,0.008542219
659317,0.56741595
659318,0.9970767
659319,0.41152704
659320,0.10986574
659321,0.9650794
659322,0.747946
659323,0.05699841
659324,0.99689656
659325,0.20783627
659326,0.9987514
659327,0.11463513
659328,0.04262026
659329,0.12623999
659330,0.9579972
659331,0.0061565326
659332,0.8309256
659333,0.008520782
659334,0.50598955
659335,0.025882075
659336,0.056921624
659337,0.42876112
659338,0.0024817043
659339,0.99719423
659340,0.0019281753
659341,0.99733806
659342,0.22208661
659343,0.9850743
659344,0.16967012
659345,0.95420015
659346,0.9333092
659347,0.20009868
659348,0.019999076
659349,0.075988
659350,0.19134025
659351,0.005417264
659352,0.9547288
659353,0.8148272
659354,0.037685003
659355,0.03049165
659356,0.19918227
659357,0.8687372
659358,0.10281448
659359,0.010790129
659360,0.690766
659361,0.36255217
659362,0.9726149
659363,0.3998216
659364,0.9988579
659365,0.9972901
659366,0.008500205
659367,0.024946956
659368,0.81130046
659369,0.9253019
659370,0.17868482
659371,0.9908391
659372,0.011847085
659373,0.11983251
659374,0.008320628
659375,0.08777852
659376,0.015020085
659377,0.023469882
659378,0.8969158
659379,0.18621698
659380,0.22693795
659381,0.84951204
659382,0.0026744255
659383,0.005362733
659384,0.11341112
659385,0.97637963
659386,0.9723427
659387,0.89320797
659388,0.86766845
659389,0.010957444
659390,0.99812496
659391,0.00792902
659392,0.07350767
659393,0.9432495
659394,0.0128669785
659395,0.8624406
659396,0.5192354
659397,0.038431015
659398,0.97830594
659399,0.8980974
659400,0.81889474
659401,0.99314797
659402,0.50650686
659403,0.085330814
659404,0.12053722
659405,0.9968492
659406,0.033936597
659407,0.014305137
659408,0.8828484
659409,0.05906791
659410,0.06180138
659411,0.054362647
659412,0.7798803
659413,0.0224839
659414,0.6480179
659415,0.0106646195
659416,0.5922354
659417,0.067921974
659418,0.06111359
659419,0.87354064
659420,0.6520642
659421,0.011503623
659422,0.9908367
659423,0.9304104
659424,0.4330888
659425,0.012675026
659426,0.9259153
659427,0.9808347
659428,0.012640062
659429,0.07860329
659430,0.9268229
659431,0.48919034
659432,0.41204196
659433,0.9112088
659434,0.6641204
659435,0.029206563
659436,0.9794577
659437,0.9490213
659438,0.011146165
659439,0.9525626
659440,0.02244823
659441,0.9918349
659442,0.9986686
659443,0.9502086
659444,0.99973655
659445,0.98597807
659446,0.9691268
659447,0.25188196
659448,0.7885578
659449,0.027888436
659450,0.27329797
659451,0.43518144
659452,0.06666084
659453,0.2018556
659454,0.032779798
659455,0.6431401
659456,0.3773786
659457,0.99264467
659458,0.99142635
659459,0.98593664
659460,0.8949915
659461,0.99418736
659462,0.8990599
659463,0.92346346
659464,0.3088438
659465,0.007092211
659466,0.98083717
659467,0.90946853
659468,0.9990566
659469,0.95807695
659470,0.009572662
659471,0.97083426
659472,0.014944234
659473,0.009995
659474,0.973422
659475,0.98871505
659476,0.32380497
659477,0.85905707
659478,0.25141525
659479,0.7666586
659480,0.01050481
659481,0.9870053
659482,0.0032239754
659483,0.0023298962
659484,0.023045171
659485,0.007029818
659486,0.04560146
659487,0.9994762
659488,0.98481214
659489,0.3818336
659490,0.33710355
659491,0.0892608
659492,0.012868364
659493,0.0070746075
659494,0.9902605
659495,0.9300349
659496,0.9251863
659497,0.9253175
659498,0.62576944
659499,0.041977942
659500,0.15326852
659501,0.011736735
659502,0.91299343
659503,0.21990603
659504,0.14500181
659505,0.38943273
659506,0.9312896
659507,0.9905087
659508,0.09825532
659509,0.9829056
659510,0.87675905
659511,0.013989149
659512,0.023964228
659513,0.17804986
659514,0.5621407
659515,0.11897635
659516,0.96552336
659517,0.9890156
659518,0.007874824
659519,0.35024524
659520,0.1914817
659521,0.9913189
659522,0.9838408
659523,0.21104038
659524,0.99551666
659525,0.114843935
659526,0.0071335076
659527,0.31298026
659528,0.0031864515
659529,0.034355827
659530,0.03347967
659531,0.24820738
659532,0.9842499
659533,0.0304336
659534,0.21641874
659535,0.4178692
659536,0.0035887235
659537,0.025394617
659538,0.34809968
659539,0.98804104
659540,0.03187506
659541,0.22476217
659542,0.9311693
659543,0.026947131
659544,0.007947103
659545,0.8591555
659546,0.15844387
659547,0.11508926
659548,0.17328733
659549,0.6415166
659550,0.9488186
659551,0.9764774
659552,0.98478365
659553,0.945233
659554,0.12671159
659555,0.09605264
659556,0.14587954
659557,0.039341334
659558,0.7964761
659559,0.9867383
659560,0.9887526
659561,0.38543043
659562,0.99078995
659563,0.0038078518
659564,0.9398495
659565,0.0068605207
659566,0.062509134
659567,0.008796756
659568,0.92563415
659569,0.05522249
659570,0.13611618
659571,0.2780917
659572,0.24673267
659573,0.05177787
659574,0.17832531
659575,0.05152766
659576,0.011160413
659577,0.9754157
659578,0.07438648
659579,0.95388335
659580,0.2643937
659581,0.044927295
659582,0.3697819
659583,0.91704106
659584,0.88017416
659585,0.94188285
659586,0.0010099253
659587,0.0055792113
659588,0.9878573
659589,0.99691427
659590,0.032741334
659591,0.858333
659592,0.04197577
659593,0.78529227
659594,0.007522913
659595,0.29972845
659596,0.9825009
659597,0.5639525
659598,0.003974464
659599,0.16698341
659600,0.50320697
659601,0.9071885
659602,0.018772336
659603,0.97864026
659604,0.008359737
659605,0.0110843815
659606,0.28225595
659607,0.0078657055
659608,0.23074964
659609,0.0052948226
659610,0.96210265
659611,0.84473896
659612,0.1303726
659613,0.05080521
659614,0.41062245
659615,0.0019907313
659616,0.008003588
659617,0.9394078
659618,0.9917839
659619,0.009619884
659620,0.5266243
659621,0.7024712
659622,0.60792124
659623,0.73740226
659624,0.0061607026
659625,0.03427786
659626,0.40671077
659627,0.97947216
659628,0.7657013
659629,0.48776585
659630,0.016277604
659631,0.36653537
659632,0.99430275
659633,0.9562145
659634,0.95086485
659635,0.59403014
659636,0.004784203
659637,0.26164103
659638,0.006403269
659639,0.0054265317
659640,0.9059785
659641,0.020514842
659642,0.71925205
659643,0.095954694
659644,0.4796431
659645,0.94876134
659646,0.13157411
659647,0.0091762375
659648,0.24669641
659649,0.0038964425
659650,0.20895842
659651,0.057916373
659652,0.9974063
659653,0.9224216
659654,0.99491465
659655,0.028073385
659656,0.09946442
659657,0.984211
659658,0.99724835
659659,0.95341486
659660,0.08325891
659661,0.0058526443
659662,0.27450603
659663,0.9919655
659664,0.011433998
659665,0.0072481167
659666,0.02640716
659667,0.020316016
659668,0.0354115
659669,0.924095
659670,0.67677623
659671,0.25367743
659672,0.022976631
659673,0.9638589
659674,0.07215608
659675,0.9644682
659676,0.93394256
659677,0.95345485
659678,0.91437525
659679,0.107374705
659680,0.0034853034
659681,0.013700582
659682,0.013693206
659683,0.06202418
659684,0.9929389
659685,0.011444867
659686,0.0011001638
659687,0.06352837
659688,0.8702421
659689,0.40807712
659690,0.035294242
659691,0.9936203
659692,0.017458644
659693,0.030114712
659694,0.029160641
659695,0.09837703
659696,0.020679625
659697,0.13038442
659698,0.9992021
659699,0.97027063
659700,0.012069419
659701,0.10891433
659702,0.9606366
659703,0.30383015
659704,0.18457055
659705,0.015415128
659706,0.5508065
659707,0.06619843
659708,0.09757379
659709,0.024124509
659710,0.012378635
659711,0.11448827
659712,0.062397167
659713,0.95402473
659714,0.057743523
659715,0.93255705
659716,0.9058213
659717,0.008275217
659718,0.88663137
659719,0.83363503
659720,0.016144114
659721,0.84062064
659722,0.0006095367
659723,0.31064937
659724,0.04311247
659725,0.043812837
659726,0.7794751
659727,0.024915328
659728,0.017114073
659729,0.8825462
659730,0.13009176
659731,0.9001142
659732,0.984812
659733,0.9563334
659734,0.98839426
659735,0.96124667
659736,0.92763174
659737,0.44954532
659738,0.58998424
659739,0.8722266
659740,0.9903928
659741,0.5853722
659742,0.97460526
659743,0.16496581
659744,0.9772953
659745,0.0142977815
659746,0.041787196
659747,0.44230783
659748,0.3561865
659749,0.92829436
659750,0.99740326
659751,0.0047299275
659752,0.97732043
659753,0.32616517
659754,0.35993055
659755,0.43115142
659756,0.16755557
659757,0.035497867
659758,0.10003444
659759,0.03462609
659760,0.9572985
659761,0.9960012
659762,0.8572307
659763,0.04309458
659764,0.40680748
659765,0.06362922
659766,0.032508135
659767,0.82657135
659768,0.96426344
659769,0.97166544
659770,0.79477286
659771,0.004589332
659772,0.9666755
659773,0.9363516
659774,0.44209903
659775,0.9909916
659776,0.3012316
659777,0.23655047
659778,0.06326743
659779,0.45988208
659780,0.026386907
659781,0.9968797
659782,0.105285585
659783,0.22926717
659784,0.8734883
659785,0.14970115
659786,0.007117912
659787,0.13817775
659788,0.20265086
659789,0.05490514
659790,0.55290127
659791,0.9809639
659792,0.10887068
659793,0.004477782
659794,0.030708844
659795,0.9958802
659796,0.9184853
659797,0.037537947
659798,0.009584363
659799,0.027907323
659800,0.23058705
659801,0.012968498
659802,0.9498116
659803,0.0143792415
659804,0.9719458
659805,0.0016997324
659806,0.019635662
659807,0.2478825
659808,0.88192713
659809,0.33047813
659810,0.6324452
659811,0.88277906
659812,0.8842987
659813,0.015866015
659814,0.015484106
659815,0.82775486
659816,0.0019517152
659817,0.6667682
659818,0.54070044
659819,0.61162865
659820,0.9950511
659821,0.93737894
659822,0.013190435
659823,0.9357165
659824,0.020981314
659825,0.01091757
659826,0.41572905
659827,0.61439216
659828,0.896693
659829,0.24420261
659830,0.19294989
659831,0.88847375
659832,0.024186093
659833,0.92021734
659834,0.022416718
659835,0.36211616
659836,0.1783051
659837,0.25210634
659838,0.79497683
659839,0.005194131
659840,0.88052297
659841,0.21412832
659842,0.025531003
659843,0.028927036
659844,0.05307264
659845,0.0007513767
659846,0.8229745
659847,0.8838725
659848,0.6285176
659849,0.04228643
659850,0.9870236
659851,0.10442114
659852,0.020296771
659853,0.004016041
659854,0.96892416
659855,0.11787558
659856,0.02561515
659857,0.009993559
659858,0.15374014
659859,0.16076711
659860,0.064342864
659861,0.98936415
659862,0.98423994
659863,0.4662196
659864,0.026122592
659865,0.004013735
659866,0.32261854
659867,0.029741112
659868,0.96601826
659869,0.007712235
659870,0.09223679
659871,0.02192027
659872,0.022317182
659873,0.9403871
659874,0.051274683
659875,0.7555063
659876,0.89671445
659877,0.028845605
659878,0.07280043
659879,0.1699769
659880,0.9865309
659881,0.9838645
659882,0.035868097
659883,0.43458202
659884,0.036611658
659885,0.018854838
659886,0.017017592
659887,0.97367245
659888,0.98612636
659889,0.9750701
659890,0.32261446
659891,0.087728485
659892,0.08048551
659893,0.98320574
659894,0.001682038
659895,0.97485876
659896,0.3376715
659897,0.021470038
659898,0.004710402
659899,0.04016358
659900,0.99394286
659901,0.6140888
659902,0.05815449
659903,0.022163978
659904,0.0031761287
659905,0.9975353
659906,0.9849385
659907,0.34144598
659908,0.04640085
659909,0.26546174
659910,0.109350696
659911,0.06429507
659912,0.014954225
659913,0.0408374
659914,0.36933577
659915,0.61583984
659916,0.0029396466
659917,0.98215526
659918,0.9565323
659919,0.99360716
659920,0.11668597
659921,0.9966317
659922,0.96677524
659923,0.9492432
659924,0.03373324
659925,0.9854781
659926,0.014860535
659927,0.058427732
659928,0.33307555
659929,0.22613345
659930,0.066865936
659931,0.732603
659932,0.1505663
659933,0.19202776
659934,0.041512318
659935,0.054386478
659936,0.73528177
659937,0.020696003
659938,0.13673982
659939,0.29316407
659940,0.34926683
659941,0.0070626214
659942,0.5328828
659943,0.95925707
659944,0.94208896
659945,0.0042759334
659946,0.5061159
659947,0.015442491
659948,0.020006873
659949,0.13184851
659950,0.01658721
659951,0.002110575
659952,0.8002491
659953,0.18319009
659954,0.0024790815
659955,0.70397043
659956,0.055512704
659957,0.023921207
659958,0.96868587
659959,0.9781672
659960,0.010138719
659961,0.9991394
659962,0.9935087
659963,0.9807002
659964,0.19105592
659965,0.03897056
659966,0.25484124
659967,0.06329186
659968,0.61587447
659969,0.028157752
659970,0.019775135
659971,0.9985585
659972,0.034112975
659973,0.9963243
659974,0.2905681
659975,0.07403999
659976,0.036210112
659977,0.953001
659978,0.19169354
659979,0.014205816
659980,0.43430236
659981,0.020494642
659982,0.87204665
659983,0.14329977
659984,0.983935
659985,0.0020462289
659986,0.96759987
659987,0.9140507
659988,0.10813231
659989,0.0049466863
659990,0.86534643
659991,0.034708366
659992,0.0021761062
659993,0.9979802
659994,0.98899704
659995,0.00778068
659996,0.9086451
659997,0.042445775
659998,0.97203016
659999,0.60281134
660000,0.062446773
660001,0.9920362
660002,0.05464366
660003,0.9078094
660004,0.28294137
660005,0.57498646
660006,0.9952302
660007,0.57846
660008,0.9221594
660009,0.5580127
660010,0.9297057
660011,0.015274867
660012,0.035122976
660013,0.33578476
660014,0.006665749
660015,0.07513286
660016,0.005631861
660017,0.0063887225
660018,0.013946872
660019,0.3024323
660020,0.9922563
660021,0.18083945
660022,0.133212
660023,0.07281332
660024,0.94559616
660025,0.9990231
660026,0.016045297
660027,0.6257486
660028,0.068501554
660029,0.9969709
660030,0.09855743
660031,0.99466884
660032,0.94420356
660033,0.024786327
660034,0.06482004
660035,0.84936786
660036,0.2571281
660037,0.18281983
660038,0.96153957
660039,0.99314785
660040,0.7660525
660041,0.8336009
660042,0.79475945
660043,0.05321373
660044,0.17359744
660045,0.53171897
660046,0.13070053
660047,0.10404409
660048,0.0040604193
660049,0.013170453
660050,0.97770256
660051,0.33550897
660052,0.28116798
660053,0.020021003
660054,0.10810868
660055,0.9611393
660056,0.6780063
660057,0.93617827
660058,0.0056178044
660059,0.39742804
660060,0.21111631
660061,0.8533549
660062,0.05668952
660063,0.008683231
660064,0.087151706
660065,0.8228167
660066,0.002347029
660067,0.9095179
660068,0.98104125
660069,0.84584844
660070,0.002392082
660071,0.996614
660072,0.00881769
660073,0.024697429
660074,0.013963345
660075,0.92874664
660076,0.95257235
660077,0.079238534
660078,0.6318178
660079,0.0037104771
660080,0.011989393
660081,0.10333893
660082,0.61290365
660083,0.07954237
660084,0.20753111
660085,0.01603192
660086,0.991962
660087,0.13701734
660088,0.832528
660089,0.17936328
660090,0.015803093
660091,0.6887647
660092,0.016119814
660093,0.971806
660094,0.43634912
660095,0.011448792
660096,0.9926442
660097,0.99663025
660098,0.03373947
660099,0.016555445
660100,0.041250676
660101,0.6307665
660102,0.4104644
660103,0.78949153
660104,0.9448717
660105,0.44831946
660106,0.55105543
660107,0.07858102
660108,0.018925507
660109,0.075054824
660110,0.9948191
660111,0.1974131
660112,0.985058
660113,0.7772729
660114,0.9748217
660115,0.9965583
660116,0.9621875
660117,0.023418196
660118,0.31671184
660119,0.46493703
660120,0.30596894
660121,0.8820629
660122,0.68950063
660123,0.94661874
660124,0.7486341
660125,0.0055170152
660126,0.62640214
660127,0.81731915
660128,0.001748372
660129,0.025498828
660130,0.01502807
660131,0.048569825
660132,0.09552944
660133,0.022382492
660134,0.95197845
660135,0.00568482
660136,0.63798904
660137,0.99917626
660138,0.9344607
660139,0.84543765
660140,0.9389227
660141,0.9216458
660142,0.9973292
660143,0.9955945
660144,0.7908685
660145,0.01923001
660146,0.051365178
660147,0.9950955
660148,0.98301464
660149,0.9939182
660150,0.032436065
660151,0.38429826
660152,0.012683037
660153,0.9932215
660154,0.17995659
660155,0.9617183
660156,0.27607492
660157,0.109719865
660158,0.82155687
660159,0.99885386
660160,0.022421207
660161,0.9899633
660162,0.87118804
660163,0.06729729
660164,0.0035658493
660165,0.56022185
660166,0.954431
660167,0.92383116
660168,0.07059542
660169,0.04915172
660170,0.019726062
660171,0.004192776
660172,0.2624368
660173,0.041484974
660174,0.15336743
660175,0.95089096
660176,0.9964236
660177,0.017370671
660178,0.36611742
660179,0.005011717
660180,0.30264303
660181,0.9360148
660182,0.03212938
660183,0.9876977
660184,0.4968713
660185,0.21658897
660186,0.9917084
660187,0.39915645
660188,0.9973421
660189,0.95392346
660190,0.27571517
660191,0.9843011
660192,0.04217206
660193,0.9898035
660194,0.37503225
660195,0.012797343
660196,0.012287886
660197,0.3646
660198,0.7872871
660199,0.62781245
660200,0.056907564
660201,0.0572996
660202,0.014697466
660203,0.9458504
660204,0.044419907
660205,0.101173155
660206,0.9419076
660207,0.0784795
660208,0.33269203
660209,0.046136238
660210,0.84620965
660211,0.980517
660212,0.0017197373
660213,0.91916347
660214,0.026513549
660215,0.08074925
660216,0.9401328
660217,0.9787348
660218,0.9012245
660219,0.112780325
660220,0.29693234
660221,0.017595908
660222,0.023876127
660223,0.014970713
660224,0.04836154
660225,0.8738364
660226,0.012676049
660227,0.58209336
660228,0.727819
660229,0.6764047
660230,0.0077989185
660231,0.00997824
660232,0.0445923
660233,0.66615707
660234,0.35331118
660235,0.86488885
660236,0.99560165
660237,0.8477144
660238,0.015573284
660239,0.022874821
660240,0.4640794
660241,0.06777622
660242,0.992751
660243,0.017791815
660244,0.1029036
660245,0.7519294
660246,0.4768288
660247,0.13187271
660248,0.16669455
660249,0.4222388
660250,0.9963472
660251,0.6784898
660252,0.006670195
660253,0.94641244
660254,0.99027973
660255,0.27872092
660256,0.00831058
660257,0.97229743
660258,0.8220593
660259,0.56427896
660260,0.924444
660261,0.022287056
660262,0.956445
660263,0.021007838
660264,0.2544907
660265,0.11579298
660266,0.9166572
660267,0.24655719
660268,0.057066478
660269,0.006785714
660270,0.2869037
660271,0.15580985
660272,0.9718363
660273,0.7970216
660274,0.22051907
660275,0.99133277
660276,0.78818285
660277,0.9917847
660278,0.46321115
660279,0.0022514383
660280,0.8923311
660281,0.61228305
660282,0.8110783
660283,0.9809655
660284,0.09253313
660285,0.9555029
660286,0.018554494
660287,0.046936832
660288,0.13874462
660289,0.005763295
660290,0.99772173
660291,0.03142414
660292,0.9635118
660293,0.9851383
660294,0.415906
660295,0.97598183
660296,0.034804523
660297,0.944249
660298,0.97061646
660299,0.008735387
660300,0.017660426
660301,0.055912808
660302,0.9961908
660303,0.9044403
660304,0.9335165
660305,0.016902756
660306,0.041780896
660307,0.89043874
660308,0.6466041
660309,0.019590512
660310,0.7909819
660311,0.2934339
660312,0.00854484
660313,0.9499388
660314,0.89500165
660315,0.0334661
660316,0.01415239
660317,0.9699656
660318,0.33130342
660319,0.996644
660320,0.06796202
660321,0.21065737
660322,0.5172465
660323,0.9289106
660324,0.34204394
660325,0.042576306
660326,0.43615592
660327,0.9426912
660328,0.5569148
660329,0.97370803
660330,0.1534571
660331,0.031818975
660332,0.67203486
660333,0.09718347
660334,0.7756975
660335,0.9925003
660336,0.9937563
660337,0.4801947
660338,0.9956632
660339,0.016291952
660340,0.98636013
660341,0.0132739805
660342,0.9142009
660343,0.6202879
660344,0.5690012
660345,0.026110262
660346,0.0062472923
660347,0.85850626
660348,0.0055552647
660349,0.82988244
660350,0.0700531
660351,0.0026147207
660352,0.0049427543
660353,0.017148955
660354,0.8040404
660355,0.0073460336
660356,0.011338855
660357,0.16066477
660358,0.46799275
660359,0.14081296
660360,0.0038361414
660361,0.62332714
660362,0.01695705
660363,0.92011595
660364,0.0134967305
660365,0.6270224
660366,0.071752034
660367,0.98083633
660368,0.0057370374
660369,0.8764452
660370,0.018781338
660371,0.9962281
660372,0.21621796
660373,0.007425421
660374,0.9996795
660375,0.032504357
660376,0.028188793
660377,0.02800459
660378,0.046374895
660379,0.99453795
660380,0.014598653
660381,0.03770517
660382,0.0037815594
660383,0.03813638
660384,0.03301513
660385,0.0046763816
660386,0.99214554
660387,0.011545771
660388,0.77284527
660389,0.07237105
660390,0.9993019
660391,0.8120036
660392,0.041932426
660393,0.048417915
660394,0.008786004
660395,0.6493435
660396,0.00652061
660397,0.99199796
660398,0.96115
660399,0.33107635
660400,0.06342435
660401,0.028531048
660402,0.9854651
660403,0.013061774
660404,0.89907056
660405,0.14056438
660406,0.018319419
660407,0.16609544
660408,0.8641158
660409,0.07616456
660410,0.038806546
660411,0.9837179
660412,0.116345085
660413,0.07199534
660414,0.13474414
660415,0.9806421
660416,0.8987519
660417,0.7726995
660418,0.9995767
660419,0.015769638
660420,0.18632378
660421,0.97365034
660422,0.11534945
660423,0.061304692
660424,0.0055924156
660425,0.007219212
660426,0.039237283
660427,0.03547954
660428,0.17327777
660429,0.22618693
660430,0.20925665
660431,0.9990262
660432,0.013045178
660433,0.99860233
660434,0.11538758
660435,0.97296315
660436,0.4682819
660437,0.76166254
660438,0.99271536
660439,0.8709166
660440,0.052070193
660441,0.005028213
660442,0.011334163
660443,0.99641657
660444,0.3796736
660445,0.9685202
660446,0.7139141
660447,0.21720622
660448,0.9908209
660449,0.93167794
660450,0.16289407
660451,0.7240212
660452,0.9400465
660453,0.013938235
660454,0.013981588
660455,0.653628
660456,0.8884642
660457,0.04335877
660458,0.21661851
660459,0.25969693
660460,0.11653529
660461,0.8657721
660462,0.0075361365
660463,0.97386515
660464,0.17247066
660465,0.017938685
660466,0.029614594
660467,0.33229595
660468,0.059574492
660469,0.91335785
660470,0.34789217
660471,0.6399702
660472,0.9471521
660473,0.04335682
660474,0.06894604
660475,0.5890554
660476,0.98570967
660477,0.68378335
660478,0.040004216
660479,0.008265961
660480,0.10322762
660481,0.85289294
660482,0.0068454593
660483,0.0141122565
660484,0.77706265
660485,0.09777602
660486,0.4054964
660487,0.95170784
660488,0.88378584
660489,0.861327
660490,0.085600205
660491,0.18894511
660492,0.8689103
660493,0.85076594
660494,0.31890303
660495,0.03306819
660496,0.10536271
660497,0.031299844
660498,0.94420046
660499,0.9892477
660500,0.025623173
660501,0.058807492
660502,0.07699992
660503,0.9530246
660504,0.13745242
660505,0.0032001142
660506,0.7986994
660507,0.35298887
660508,0.5641711
660509,0.9249073
660510,0.73031014
660511,0.13357973
660512,0.98714864
660513,0.9924105
660514,0.1399096
660515,0.9839099
660516,0.9969931
660517,0.17593288
660518,0.034426752
660519,0.0044076676
660520,0.9572572
660521,0.0052517797
660522,0.027799
660523,0.9965797
660524,0.029404327
660525,0.046170294
660526,0.9783829
660527,0.020076834
660528,0.033961125
660529,0.67065454
660530,0.99647826
660531,0.08152814
660532,0.8028271
660533,0.971525
660534,0.80803394
660535,0.80150443
660536,0.07323419
660537,0.6868385
660538,0.013431837
660539,0.6108568
660540,0.75923634
660541,0.7896251
660542,0.389091
660543,0.009672742
660544,0.8862421
660545,0.30548632
660546,0.18875009
660547,0.09102124
660548,0.014976001
660549,0.036652952
660550,0.1391702
660551,0.9186167
660552,0.009488989
660553,0.01468532
660554,0.055120572
660555,0.14277728
660556,0.72458935
660557,0.9985845
660558,0.9986067
660559,0.98125124
660560,0.030219002
660561,0.98744595
660562,0.8755201
660563,0.267555
660564,0.0074305353
660565,0.008641874
660566,0.999774
660567,0.99816895
660568,0.011717889
660569,0.9503232
660570,0.8530779
660571,0.011392935
660572,0.31625557
660573,0.9938236
660574,0.16543478
660575,0.95619506
660576,0.05852906
660577,0.01963311
660578,0.9025065
660579,0.54040325
660580,0.9237778
660581,0.3135972
660582,0.019561807
660583,0.009657015
660584,0.0985934
660585,0.032969996
660586,0.88010097
660587,0.033419378
660588,0.04257692
660589,0.44779783
660590,0.62502193
660591,0.06749084
660592,0.012971659
660593,0.9066242
660594,0.008219825
660595,0.9882916
660596,0.030303914
660597,0.7208255
660598,0.08942548
660599,0.99385685
660600,0.28221107
660601,0.9516599
660602,0.96033585
660603,0.9092317
660604,0.3067139
660605,0.011276989
660606,0.9870399
660607,0.71141446
660608,0.9529607
660609,0.003451991
660610,0.043326136
660611,0.9612456
660612,0.7488807
660613,0.051609844
660614,0.99526155
660615,0.76287043
660616,0.3784868
660617,0.9625108
660618,0.04628968
660619,0.5274471
660620,0.018289117
660621,0.9980206
660622,0.07774657
660623,0.9640542
660624,0.052675106
660625,0.6456688
660626,0.0054559726
660627,0.8028225
660628,0.6199063
660629,0.017750375
660630,0.012656089
660631,0.034676615
660632,0.105196185
660633,0.9976432
660634,0.9466047
660635,0.97917277
660636,0.89533937
660637,0.29996607
660638,0.07518568
660639,0.9941956
660640,0.35299936
660641,0.973294
660642,0.99879307
660643,0.10793899
660644,0.5792669
660645,0.03211439
660646,0.07768387
660647,0.95578146
660648,0.9987595
660649,0.9973788
660650,0.926709
660651,0.1576462
660652,0.9955971
660653,0.005109719
660654,0.7610843
660655,0.06653486
660656,0.9878233
660657,0.11942551
660658,0.052030776
660659,0.9015412
660660,0.0061567957
660661,0.81717813
660662,0.08466509
660663,0.9918545
660664,0.9982944
660665,0.9457681
660666,0.97518355
660667,0.019237
660668,0.2446736
660669,0.12017358
660670,0.10909359
660671,0.9813532
660672,0.46248388
660673,0.3402351
660674,0.0034953882
660675,0.85448647
660676,0.46087554
660677,0.7046614
660678,0.9561875
660679,0.022800064
660680,0.03797184
660681,0.020862758
660682,0.13092443
660683,0.9676104
660684,0.40347347
660685,0.0047209207
660686,0.98640734
660687,0.022790391
660688,0.0026293271
660689,0.028608037
660690,0.026702868
660691,0.24136087
660692,0.8914152
660693,0.9879101
660694,0.00986494
660695,0.03892161
660696,0.014038977
660697,0.031802915
660698,0.16412552
660699,0.09209238
660700,0.86361444
660701,0.058231685
660702,0.0116336625
660703,0.029771904
660704,0.009312352
660705,0.95105886
660706,0.019183382
660707,0.013137027
660708,0.16570021
660709,0.3545132
660710,0.64354736
660711,0.015527831
660712,0.86093056
660713,0.24536122
660714,0.014274741
660715,0.008024232
660716,0.9745701
660717,0.952018
660718,0.8921315
660719,0.8171192
660720,0.9350605
660721,0.15883428
660722,0.10987514
660723,0.032536708
660724,0.90017843
660725,0.32178408
660726,0.922965
660727,0.07474325
660728,0.99138093
660729,0.015161597
660730,0.94061524
660731,0.99845773
660732,0.041521627
660733,0.9421384
660734,0.06728059
660735,0.047743667
660736,0.14450979
660737,0.9677926
660738,0.33620867
660739,0.1080748
660740,0.004273219
660741,0.023435814
660742,0.9485957
660743,0.97498417
660744,0.9937346
660745,0.027559547
660746,0.9820247
660747,0.9270293
660748,0.9539778
660749,0.015477427
660750,0.024232743
660751,0.0032748072
660752,0.043316092
660753,0.9392262
660754,0.9785378
660755,0.5453131
660756,0.3305863
660757,0.97781265
660758,0.62621206
660759,0.45947382
660760,0.8757143
660761,0.023525454
660762,0.05144689
660763,0.67947716
660764,0.2820473
660765,0.96700436
660766,0.96028185
660767,0.2521444
660768,0.9946831
660769,0.008048949
660770,0.9861965
660771,0.04172035
660772,0.8590926
660773,0.5295079
660774,0.07723639
660775,0.9621201
660776,0.03886872
660777,0.9727223
660778,0.058512125
660779,0.9338398
660780,0.7899929
660781,0.9462444
660782,0.99507993
660783,0.20144828
660784,0.89765036
660785,0.016306462
660786,0.99105996
660787,0.015232972
660788,0.008189935
660789,0.97222084
660790,0.991588
660791,0.23828551
660792,0.9219792
660793,0.0053220196
660794,0.1226844
660795,0.009014758
660796,0.91785944
660797,0.9316431
660798,0.92654335
660799,0.62858474
660800,0.007090752
660801,0.41808897
660802,0.79754305
660803,0.988876
660804,0.37037194
660805,0.084502816
660806,0.60628515
660807,0.03389169
660808,0.0036189002
660809,0.10829695
660810,0.02458798
660811,0.007552864
660812,0.4782572
660813,0.98444486
660814,0.9348764
660815,0.015312345
660816,0.098455906
660817,0.062085193
660818,0.99453175
660819,0.9965208
660820,0.8016468
660821,0.0047940924
660822,0.0071872585
660823,0.974628
660824,0.008151732
660825,0.98983324
660826,0.26756293
660827,0.8790354
660828,0.0056639966
660829,0.0018819433
660830,0.010628045
660831,0.975467
660832,0.4033358
660833,0.8035939
660834,0.85502964
660835,0.17250565
660836,0.6087878
660837,0.83522177
660838,0.20104936
660839,0.040400457
660840,0.8122968
660841,0.09120783
660842,0.0055191363
660843,0.15315007
660844,0.59114707
660845,0.98886335
660846,0.7074137
660847,0.05937792
660848,0.046006974
660849,0.98087037
660850,0.017746966
660851,0.062264957
660852,0.8107217
660853,0.79510456
660854,0.0049724844
660855,0.011106713
660856,0.8868764
660857,0.99325407
660858,0.1807499
660859,0.996135
660860,0.050017867
660861,0.21123545
660862,0.021355838
660863,0.032676905
660864,0.9477663
660865,0.9071287
660866,0.9953703
660867,0.6673838
660868,0.9457105
660869,0.011291714
660870,0.07770285
660871,0.26701838
660872,0.96547174
660873,0.9982929
660874,0.9845303
660875,0.03484801
660876,0.99069333
660877,0.065418534
660878,0.9731487
660879,0.013693162
660880,0.9859235
660881,0.22839977
660882,0.8382636
660883,0.9510879
660884,0.058918074
660885,0.9843307
660886,0.7140593
660887,0.057030354
660888,0.99704885
660889,0.1801846
660890,0.99891585
660891,0.04616202
660892,0.98914313
660893,0.7072834
660894,0.8509807
660895,0.99297404
660896,0.012008594
660897,0.66687673
660898,0.03889004
660899,0.8115286
660900,0.9192672
660901,0.55168045
660902,0.81858075
660903,0.13555968
660904,0.16410142
660905,0.1083822
660906,0.021317855
660907,0.17883289
660908,0.9829576
660909,0.0141456025
660910,0.993646
660911,0.07439436
660912,0.31347948
660913,0.89504266
660914,0.6374961
660915,0.06750832
660916,0.85705745
660917,0.27552992
660918,0.1632454
660919,0.24948312
660920,0.96449196
660921,0.18700445
660922,0.06596511
660923,0.06408244
660924,0.018472292
660925,0.007626235
660926,0.84154135
660927,0.58789754
660928,0.10993059
660929,0.029985532
660930,0.0077137565
660931,0.97550017
660932,0.8988576
660933,0.0013310328
660934,0.5857963
660935,0.055538576
660936,0.014074024
660937,0.19180228
660938,0.016005002
660939,0.62534565
660940,0.98219573
660941,0.0015051651
660942,0.0049966564
660943,0.027932694
660944,0.071249485
660945,0.07227197
660946,0.1841329
660947,0.0051444527
660948,0.9633789
660949,0.12099421
660950,0.013833053
660951,0.67767537
660952,0.082198374
660953,0.92059535
660954,0.1422161
660955,0.008684104
660956,0.9663654
660957,0.23531792
660958,0.98751366
660959,0.92680544
660960,0.075048044
660961,0.8874989
660962,0.017713215
660963,0.87318975
660964,0.8637412
660965,0.11303124
660966,0.3114997
660967,0.010614239
660968,0.18675531
660969,0.025673268
660970,0.9983413
660971,0.9903163
660972,0.111526325
660973,0.8968749
660974,0.13868086
660975,0.9855727
660976,0.95658493
660977,0.99146354
660978,0.90605664
660979,0.9831228
660980,0.8268228
660981,0.93070585
660982,0.8939464
660983,0.9943092
660984,0.95273113
660985,0.054404862
660986,0.05044789
660987,0.29525653
660988,0.01999201
660989,0.6376781
660990,0.012271237
660991,0.16606793
660992,0.34025535
660993,0.85184246
660994,0.06036667
660995,0.9988499
660996,0.97649854
660997,0.013533746
660998,0.010185755
660999,0.95980155
661000,0.004192534
661001,0.99340165
661002,0.09513475
661003,0.99487925
661004,0.04987344
661005,0.54165065
661006,0.6307655
661007,0.3206398
661008,0.07792417
661009,0.9972535
661010,0.50396335
661011,0.8016795
661012,0.23493378
661013,0.9843363
661014,0.997066
661015,0.99195194
661016,0.017446605
661017,0.78860223
661018,0.023793284
661019,0.008908288
661020,0.022488413
661021,0.08425644
661022,0.8087396
661023,0.01740618
661024,0.51571894
661025,0.0032782077
661026,0.008719489
661027,0.47426763
661028,0.11061762
661029,0.98655623
661030,0.0070279674
661031,0.98039234
661032,0.6020403
661033,0.75989014
661034,0.011409685
661035,0.952987
661036,0.8903804
661037,0.13497679
661038,0.007861016
661039,0.089334056
661040,0.014023144
661041,0.38880432
661042,0.3891894
661043,0.17655286
661044,0.46163788
661045,0.07380897
661046,0.10144007
661047,0.016050786
661048,0.9826975
661049,0.96366525
661050,0.9013288
661051,0.0032161153
661052,0.9976193
661053,0.9852888
661054,0.046219967
661055,0.024254147
661056,0.53192115
661057,0.0022624373
661058,0.9928242
661059,0.9001694
661060,0.9197276
661061,0.85558015
661062,0.5666887
661063,0.02731605
661064,0.70104486
661065,0.027902465
661066,0.43885037
661067,0.9996639
661068,0.98983824
661069,0.083962426
661070,0.011304857
661071,0.08013739
661072,0.0057112714
661073,0.03173638
661074,0.6483876
661075,0.6525259
661076,0.42388573
661077,0.56532145
661078,0.9965219
661079,0.0026694797
661080,0.012058244
661081,0.13542917
661082,0.9657644
661083,0.017447582
661084,0.14695495
661085,0.9141915
661086,0.081159405
661087,0.53868705
661088,0.01046328
661089,0.2842369
661090,0.9203018
661091,0.019058349
661092,0.6321432
661093,0.0040887506
661094,0.13419735
661095,0.0122224465
661096,0.33514273
661097,0.72947985
661098,0.94641936
661099,0.3756127
661100,0.959223
661101,0.7405207
661102,0.020252885
661103,0.99346495
661104,0.27937976
661105,0.00932209
661106,0.11827834
661107,0.01204171
661108,0.011879892
661109,0.9513537
661110,0.3890964
661111,0.101542495
661112,0.99500036
661113,0.0131366495
661114,0.03004573
661115,0.7691097
661116,0.61597407
661117,0.012033513
661118,0.0027320364
661119,0.3493111
661120,0.7086525
661121,0.25305262
661122,0.009193787
661123,0.95423925
661124,0.94531846
661125,0.038131915
661126,0.0031259512
661127,0.008091625
661128,0.07753443
661129,0.9702235
661130,0.972033
661131,0.005479249
661132,0.90076995
661133,0.9021924
661134,0.993922
661135,0.40310797
661136,0.8299339
661137,0.5769529
661138,0.9328436
661139,0.11113326
661140,0.9978893
661141,0.18686995
661142,0.013796115
661143,0.15236631
661144,0.4576795
661145,0.1143969
661146,0.9734605
661147,0.113275275
661148,0.21736896
661149,0.022262715
661150,0.025346462
661151,0.022202222
661152,0.63979745
661153,0.12116085
661154,0.8977026
661155,0.89075077
661156,0.95079917
661157,0.97409034
661158,0.005564889
661159,0.008790677
661160,0.021900624
661161,0.8304328
661162,0.6104876
661163,0.4617341
661164,0.81451595
661165,0.011528843
661166,0.38344124
661167,0.37635803
661168,0.039064065
661169,0.027761199
661170,0.9870167
661171,0.9277166
661172,0.60652536
661173,0.9588616
661174,0.49129775
661175,0.007209489
661176,0.0038706278
661177,0.0040046936
661178,0.9042947
661179,0.9965865
661180,0.9717247
661181,0.9767962
661182,0.013176597
661183,0.9884044
661184,0.9891809
661185,0.025880512
661186,0.012988015
661187,0.9689311
661188,0.09678219
661189,0.49111193
661190,0.48132962
661191,0.033563226
661192,0.9187167
661193,0.003304338
661194,0.025992831
661195,0.9988548
661196,0.99733794
661197,0.9194097
661198,0.9962385
661199,0.4948327
661200,0.71676373
661201,0.21468177
661202,0.34572142
661203,0.9938106
661204,0.04858919
661205,0.2529107
661206,0.025819693
661207,0.07017955
661208,0.9963564
661209,0.021775478
661210,0.26741228
661211,0.12499642
661212,0.013778204
661213,0.4703058
661214,0.023641456
661215,0.9085007
661216,0.09270692
661217,0.13401213
661218,0.034740508
661219,0.010599193
661220,0.16263856
661221,0.078502394
661222,0.1589847
661223,0.9972745
661224,0.009515642
661225,0.98272294
661226,0.548053
661227,0.039933253
661228,0.5588959
661229,0.7688388
661230,0.011674135
661231,0.01244721
661232,0.06421921
661233,0.76910406
661234,0.9981496
661235,0.09944089
661236,0.8400572
661237,0.29473156
661238,0.9924409
661239,0.068184465
661240,0.8903795
661241,0.0045809676
661242,0.4382956
661243,0.9873303
661244,0.85832894
661245,0.00064422464
661246,0.19797024
661247,0.120807506
661248,0.4408447
661249,0.01621231
661250,0.0013518889
661251,0.013851705
661252,0.18404447
661253,0.07190292
661254,0.35639948
661255,0.61488175
661256,0.4766187
661257,0.97227824
661258,0.14162016
661259,0.78190726
661260,0.95558536
661261,0.00245759
661262,0.6520197
661263,0.98567605
661264,0.9270686
661265,0.8681269
661266,0.11901428
661267,0.33824018
661268,0.91538674
661269,0.9700175
661270,0.96277755
661271,0.36688638
661272,0.573732
661273,0.010082664
661274,0.8864374
661275,0.27091172
661276,0.7179229
661277,0.9957971
661278,0.16382575
661279,0.995123
661280,0.03595485
661281,0.008688729
661282,0.9919672
661283,0.030251477
661284,0.007909033
661285,0.9973828
661286,0.9618118
661287,0.9811727
661288,0.90077657
661289,0.04375054
661290,0.051562965
661291,0.030029833
661292,0.12646253
661293,0.116202176
661294,0.6049455
661295,0.53634787
661296,0.7325197
661297,0.022382488
661298,0.33248502
661299,0.98946655
661300,0.09372194
661301,0.6982453
661302,0.6019953
661303,0.01568136
661304,0.0099917725
661305,0.99692607
661306,0.491126
661307,0.026438348
661308,0.73534584
661309,0.66783345
661310,0.13588904
661311,0.9944308
661312,0.64901125
661313,0.026112841
661314,0.9771849
661315,0.36674082
661316,0.9726769
661317,0.006210666
661318,0.99110603
661319,0.8742168
661320,0.5113932
661321,0.739128
661322,0.027079983
661323,0.029602628
661324,0.32142535
661325,0.026083004
661326,0.9953304
661327,0.62322694
661328,0.0063200784
661329,0.052494567
661330,0.013950808
661331,0.41795856
661332,0.96020913
661333,0.9986227
661334,0.0133881215
661335,0.008417746
661336,0.2696708
661337,0.029162098
661338,0.06650467
661339,0.981076
661340,0.0024459923
661341,0.81849056
661342,0.8895056
661343,0.0017066906
661344,0.10385053
661345,0.3996771
661346,0.025057465
661347,0.0829791
661348,0.04878835
661349,0.9413776
661350,0.1200822
661351,0.98280555
661352,0.0028310427
661353,0.99696934
661354,0.04516658
661355,0.9848808
661356,0.07863373
661357,0.2065335
661358,0.06211935
661359,0.22350462
661360,0.16116457
661361,0.9944361
661362,0.3126523
661363,0.7080285
661364,0.9721839
661365,0.99012196
661366,0.033464126
661367,0.15005082
661368,0.013590441
661369,0.99528265
661370,0.7692124
661371,0.7852045
661372,0.008897443
661373,0.0030092197
661374,0.004869636
661375,0.3555175
661376,0.012243291
661377,0.21457575
661378,0.9994164
661379,0.96892893
661380,0.7499071
661381,0.99739754
661382,0.28903964
661383,0.6914838
661384,0.60894454
661385,0.63976926
661386,0.0801468
661387,0.8895132
661388,0.5245588
661389,0.030572116
661390,0.89509445
661391,0.021984428
661392,0.19623996
661393,0.03356002
661394,0.99848074
661395,0.9958297
661396,0.9289496
661397,0.003956568
661398,0.15475522
661399,0.058961287
661400,0.006605914
661401,0.46297395
661402,0.9185928
661403,0.09334989
661404,0.99833083
661405,0.011720482
661406,0.021704983
661407,0.017755121
661408,0.0066325613
661409,0.99254334
661410,0.9667173
661411,0.9012908
661412,0.016171409
661413,0.02421378
661414,0.018238857
661415,0.946288
661416,0.01251135
661417,0.068970956
661418,0.9952644
661419,0.008511048
661420,0.25871146
661421,0.8747403
661422,0.99875575
661423,0.019236358
661424,0.18780935
661425,0.0033230009
661426,0.084570475
661427,0.04926604
661428,0.054713227
661429,0.0052159466
661430,0.5223654
661431,0.11552977
661432,0.027318144
661433,0.025257898
661434,0.9850987
661435,0.07573615
661436,0.038259916
661437,0.6410886
661438,0.6154311
661439,0.93229145
661440,0.9986197
661441,0.9897646
661442,0.5734988
661443,0.024928678
661444,0.11672971
661445,0.98299766
661446,0.09533493
661447,0.9946719
661448,0.010079284
661449,0.057241764
661450,0.8821646
661451,0.5722585
661452,0.27196074
661453,0.9650818
661454,0.9616521
661455,0.9347325
661456,0.06791909
661457,0.13633057
661458,0.9595967
661459,0.49391755
661460,0.98392093
661461,0.11606905
661462,0.4774488
661463,0.016951434
661464,0.9197769
661465,0.774986
661466,0.9428115
661467,0.7421534
661468,0.018903825
661469,0.9157205
661470,0.017084317
661471,0.68540156
661472,0.09877928
661473,0.95156026
661474,0.04924046
661475,0.18459342
661476,0.27273554
661477,0.26515195
661478,0.01617634
661479,0.016206834
661480,0.6382849
661481,0.0072740503
661482,0.47112516
661483,0.15833697
661484,0.0073566893
661485,0.015332828
661486,0.074908234
661487,0.99652946
661488,0.99320894
661489,0.110239096
661490,0.9475357
661491,0.9843452
661492,0.03316178
661493,0.36695808
661494,0.7645863
661495,0.891727
661496,0.21547821
661497,0.96908075
661498,0.3623703
661499,0.48332027
661500,0.9832054
661501,0.020353518
661502,0.0251175
661503,0.06601203
661504,0.084401935
661505,0.99753463
661506,0.114834264
661507,0.26603472
661508,0.03553043
661509,0.037296962
661510,0.9242133
661511,0.43922377
661512,0.01101448
661513,0.0046502813
661514,0.0027892159
661515,0.6626242
661516,0.81121415
661517,0.84737456
661518,0.20902579
661519,0.82568794
661520,0.040962905
661521,0.023231134
661522,0.9890498
661523,0.0051127113
661524,0.51617
661525,0.10587839
661526,0.99199224
661527,0.021612436
661528,0.9986815
661529,0.22172095
661530,0.9483565
661531,0.7904327
661532,0.8336386
661533,0.05721067
661534,0.88906527
661535,0.024616504
661536,0.06642209
661537,0.038982105
661538,0.055164
661539,0.87296265
661540,0.017049469
661541,0.7850738
661542,0.09019073
661543,0.97802716
661544,0.9761177
661545,0.01106899
661546,0.08366786
661547,0.98764706
661548,0.005650619
661549,0.08606627
661550,0.015229963
661551,0.93053675
661552,0.053887688
661553,0.7518153
661554,0.007896909
661555,0.93237036
661556,0.02764225
661557,0.038360856
661558,0.72773385
661559,0.218869
661560,0.018265408
661561,0.19220096
661562,0.019861337
661563,0.9756071
661564,0.011727085
661565,0.00404988
661566,0.91177773
661567,0.028231533
661568,0.57795703
661569,0.99530053
661570,0.006928313
661571,0.016030814
661572,0.99759483
661573,0.03782549
661574,0.15366971
661575,0.0373552
661576,0.98422873
661577,0.017515574
661578,0.9720407
661579,0.6602433
661580,0.9934324
661581,0.9583965
661582,0.023755837
661583,0.67645055
661584,0.5907998
661585,0.583658
661586,0.894758
661587,0.124383
661588,0.9285277
661589,0.8263256
661590,0.875104
661591,0.9265678
661592,0.02177049
661593,0.9747724
661594,0.19067554
661595,0.018455513
661596,0.8485397
661597,0.5288286
661598,0.99637246
661599,0.9413704
661600,0.9537843
661601,0.98862875
661602,0.13358429
661603,0.99676186
661604,0.92863166
661605,0.004911311
661606,0.004999391
661607,0.991865
661608,0.4400814
661609,0.9996499
661610,0.9970584
661611,0.93341315
661612,0.057523213
661613,0.03944306
661614,0.02989764
661615,0.8919266
661616,0.016320238
661617,0.0034178395
661618,0.0071564233
661619,0.9902239
661620,0.63348264
661621,0.3216983
661622,0.007987058
661623,0.51572543
661624,0.026043542
661625,0.004906089
661626,0.07590946
661627,0.016204659
661628,0.82964283
661629,0.9970758
661630,0.017063973
661631,0.053402863
661632,0.0012474507
661633,0.9774638
661634,0.46147293
661635,0.015088901
661636,0.891853
661637,0.9785862
661638,0.861147
661639,0.037608385
661640,0.06767319
661641,0.9974147
661642,0.98227966
661643,0.00019167083
661644,0.016797472
661645,0.010629037
661646,0.04509328
661647,0.80608004
661648,0.023497025
661649,0.01075645
661650,0.95007014
661651,0.8700506
661652,0.9507774
661653,0.036408126
661654,0.16607217
661655,0.6427151
661656,0.03119141
661657,0.5595802
661658,0.80273044
661659,0.84001946
661660,0.10415287
661661,0.01666945
661662,0.3429078
661663,0.66071063
661664,0.9740809
661665,0.90806675
661666,0.18052596
661667,0.02186553
661668,0.8861404
661669,0.024686415
661670,0.14345972
661671,0.6329732
661672,0.46515334
661673,0.04589992
661674,0.031040136
661675,0.5939274
661676,0.50939494
661677,0.6229466
661678,0.7249939
661679,0.0040526106
661680,0.27973616
661681,0.29693857
661682,0.20699732
661683,0.07783102
661684,0.97798187
661685,0.5052074
661686,0.004399276
661687,0.9441227
661688,0.98587763
661689,0.004572234
661690,0.43546924
661691,0.124318324
661692,0.14542791
661693,0.29458028
661694,0.9873695
661695,0.029112179
661696,0.061567966
661697,0.0044698003
661698,0.93884957
661699,0.174409
661700,0.16553752
661701,0.9953679
661702,0.96770024
661703,0.12456705
661704,0.9944893
661705,0.034172706
661706,0.1412554
661707,0.8439295
661708,0.04099897
661709,0.023399075
661710,0.07382691
661711,0.018919062
661712,0.15841633
661713,0.013337678
661714,0.024186635
661715,0.004266089
661716,0.012929869
661717,0.15881732
661718,0.6970133
661719,0.0066011716
661720,0.15084529
661721,0.10675179
661722,0.84781563
661723,0.9100121
661724,0.00813231
661725,0.98704916
661726,0.8386093
661727,0.99501693
661728,0.99566454
661729,0.049559653
661730,0.99927014
661731,0.03363836
661732,0.2624541
661733,0.9891732
661734,0.16134897
661735,0.007949132
661736,0.13174565
661737,0.8972366
661738,0.37730438
661739,0.9889171
661740,0.9910352
661741,0.015084335
661742,0.75592834
661743,0.5336536
661744,0.058945734
661745,0.94090563
661746,0.85804164
661747,0.018150214
661748,0.014602983
661749,0.9492488
661750,0.010059538
661751,0.9946569
661752,0.030111596
661753,0.058269545
661754,0.04318752
661755,0.0021883445
661756,0.026480949
661757,0.6144607
661758,0.95298004
661759,0.43309316
661760,0.046695467
661761,0.0038874638
661762,0.9868777
661763,0.7372787
661764,0.8246213
661765,0.29076695
661766,0.10897269
661767,0.17750198
661768,0.9666163
661769,0.2755605
661770,0.060677044
661771,0.8926922
661772,0.0041963686
661773,0.21709435
661774,0.105658256
661775,0.014883653
661776,0.0015283803
661777,0.017502712
661778,0.05222284
661779,0.7518153
661780,0.96663344
661781,0.90542793
661782,0.99131155
661783,0.99122703
661784,0.039503988
661785,0.011836769
661786,0.66000825
661787,0.018901128
661788,0.36280563
661789,0.38258445
661790,0.7328399
661791,0.9936351
661792,0.99361587
661793,0.96424806
661794,0.017371463
661795,0.88859713
661796,0.7948239
661797,0.9931153
661798,0.0053108586
661799,0.21647924
661800,0.66233134
661801,0.008618332
661802,0.0074226176
661803,0.00989917
661804,0.9834746
661805,0.057486817
661806,0.99723434
661807,0.96577036
661808,0.9900383
661809,0.8125004
661810,0.955243
661811,0.16570356
661812,0.7153209
661813,0.9652814
661814,0.050499853
661815,0.82766855
661816,0.055831157
661817,0.022018109
661818,0.9912239
661819,0.17098708
661820,0.99934983
661821,0.94560224
661822,0.024766648
661823,0.04007016
661824,0.05367391
661825,0.04547853
661826,0.4700723
661827,0.27978948
661828,0.95048577
661829,0.974886
661830,0.9581166
661831,0.9989227
661832,0.0069651464
661833,0.5541972
661834,0.0266315
661835,0.047347777
661836,0.008490404
661837,0.9542359
661838,0.044352442
661839,0.038788006
661840,0.9681916
661841,0.9735173
661842,0.98914385
661843,0.8955208
661844,0.9930997
661845,0.62482107
661846,0.12654757
661847,0.02385718
661848,0.022317082
661849,0.041336946
661850,0.94760346
661851,0.06574592
661852,0.964929
661853,0.0011829959
661854,0.015275149
661855,0.038407065
661856,0.97993916
661857,0.010268692
661858,0.16455013
661859,0.9833099
661860,0.095348276
661861,0.030431064
661862,0.085832044
661863,0.03716456
661864,0.96559954
661865,0.9778589
661866,0.8966097
661867,0.3260563
661868,0.017938469
661869,0.018075768
661870,0.03129481
661871,0.026581366
661872,0.69991106
661873,0.03299039
661874,0.018527161
661875,0.9950489
661876,0.2087775
661877,0.068920135
661878,0.08083108
661879,0.001347747
661880,0.9548902
661881,0.06481238
661882,0.041226592
661883,0.1675458
661884,0.9236518
661885,0.009891348
661886,0.3847885
661887,0.6198704
661888,0.72867405
661889,0.9060278
661890,0.013812936
661891,0.012727907
661892,0.97321004
661893,0.15835103
661894,0.1573076
661895,0.025155164
661896,0.728371
661897,0.0033899383
661898,0.45847255
661899,0.0028173137
661900,0.05130498
661901,0.015995063
661902,0.64306104
661903,0.16173042
661904,0.6603611
661905,0.76238126
661906,0.9865405
661907,0.0056249243
661908,0.16790393
661909,0.0075107226
661910,0.9494242
661911,0.0050015324
661912,0.98726577
661913,0.05367966
661914,0.031366855
661915,0.29098374
661916,0.88480204
661917,0.50460345
661918,0.9972585
661919,0.99369365
661920,0.057258017
661921,0.9982472
661922,0.8730142
661923,0.17239419
661924,0.9817232
661925,0.9930113
661926,0.3502376
661927,0.24443433
661928,0.005070911
661929,0.8619325
661930,0.6894891
661931,0.54133344
661932,0.18654774
661933,0.024456374
661934,0.5697533
661935,0.055408552
661936,0.06536487
661937,0.9954549
661938,0.24901995
661939,0.53479004
661940,0.9746073
661941,0.024240267
661942,0.14171258
661943,0.02235274
661944,0.90169114
661945,0.95882064
661946,0.52001065
661947,0.5133798
661948,0.034414735
661949,0.6821796
661950,0.9019455
661951,0.09438324
661952,0.016095279
661953,0.014792066
661954,0.70847976
661955,0.0047976235
661956,0.8928123
661957,0.98820835
661958,0.37160677
661959,0.19409406
661960,0.00603337
661961,0.018432612
661962,0.08086668
661963,0.99915904
661964,0.9948814
661965,0.01766663
661966,0.9542104
661967,0.97521925
661968,0.043515738
661969,0.004793595
661970,0.9971792
661971,0.837425
661972,0.99251765
661973,0.41471913
661974,0.2614598
661975,0.57195956
661976,0.6835066
661977,0.005855324
661978,0.98346746
661979,0.0037703332
661980,0.18803792
661981,0.0011340472
661982,0.99866474
661983,0.13616389
661984,0.69745183
661985,0.9962204
661986,0.72832763
661987,0.0073230644
661988,0.9949912
661989,0.56723666
661990,0.0065315296
661991,0.9963115
661992,0.21119234
661993,0.8084494
661994,0.94941056
661995,0.0056031863
661996,0.04710562
661997,0.020315316
661998,0.9858109
661999,0.19650877
662000,0.9322079
662001,0.008398529
662002,0.035961654
662003,0.061267056
662004,0.19807516
662005,0.051616594
662006,0.98554325
662007,0.018002529
662008,0.9725515
662009,0.15603447
662010,0.99596536
662011,0.085042074
662012,0.020533383
662013,0.9842104
662014,0.2311686
662015,0.08050726
662016,0.9888679
662017,0.012605007
662018,0.20953883
662019,0.007618916
662020,0.8524934
662021,0.9600386
662022,0.012226508
662023,0.31499386
662024,0.029221473
662025,0.0017655581
662026,0.95261097
662027,0.973581
662028,0.99670255
662029,0.73916376
662030,0.99722576
662031,0.9670846
662032,0.034720674
662033,0.10217123
662034,0.926113
662035,0.0019244035
662036,0.1463179
662037,0.053959552
662038,0.95641625
662039,0.91796917
662040,0.06115389
662041,0.93209475
662042,0.45438367
662043,0.21268834
662044,0.0026867713
662045,0.840391
662046,0.10940412
662047,0.12137589
662048,0.96103394
662049,0.8110391
662050,0.23361236
662051,0.1135173
662052,0.9453999
662053,0.9887001
662054,0.9409973
662055,0.14011925
662056,0.016108738
662057,0.14962657
662058,0.97843957
662059,0.0034016133
662060,0.034591433
662061,0.50649565
662062,0.096037
662063,0.9819989
662064,0.83668905
662065,0.99705255
662066,0.018241636
662067,0.9990303
662068,0.9936665
662069,0.33719772
662070,0.004895642
662071,0.16649294
662072,0.09213421
662073,0.74379545
662074,0.7157554
662075,0.40952224
662076,0.07037816
662077,0.11319781
662078,0.19689883
662079,0.9606259
662080,0.03358701
662081,0.28313023
662082,0.083577186
662083,0.99614894
662084,0.031407803
662085,0.09567982
662086,0.9738711
662087,0.5439427
662088,0.034595825
662089,0.9916091
662090,0.14952487
662091,0.42016646
662092,0.9413119
662093,0.0643837
662094,0.9555589
662095,0.95189625
662096,0.95031786
662097,0.03088712
662098,0.11710378
662099,0.7805825
662100,0.85105443
662101,0.025277482
662102,0.020269543
662103,0.9091443
662104,0.019093145
662105,0.8633667
662106,0.83791006
662107,0.022821775
662108,0.9965768
662109,0.997886
662110,0.0081874
662111,0.017020695
662112,0.003990263
662113,0.193322
662114,0.10279764
662115,0.9598878
662116,0.82714057
662117,0.017036557
662118,0.9282354
662119,0.21471836
662120,0.20183614
662121,0.22741091
662122,0.97166955
662123,0.008840481
662124,0.035755884
662125,0.0079771895
662126,0.4721947
662127,0.7822246
662128,0.012133023
662129,0.64349633
662130,0.93295044
662131,0.02227889
662132,0.4335751
662133,0.05331816
662134,0.967586
662135,0.042679362
662136,0.98534834
662137,0.031152248
662138,0.9699898
662139,0.07760648
662140,0.095500425
662141,0.0127329305
662142,0.14190178
662143,0.089708604
662144,0.10101032
662145,0.005001514
662146,0.7971064
662147,0.42456046
662148,0.008068179
662149,0.1288613
662150,0.008190549
662151,0.97961706
662152,0.021009434
662153,0.99489963
662154,0.93499315
662155,0.2153224
662156,0.7052698
662157,0.976804
662158,0.005252014
662159,0.6286565
662160,0.99473226
662161,0.7799231
662162,0.011277825
662163,0.5521119
662164,0.010018932
662165,0.1041637
662166,0.03005834
662167,0.03366842
662168,0.5788357
662169,0.9880951
662170,0.9840355
662171,0.014282818
662172,0.078106746
662173,0.92646885
662174,0.9960816
662175,0.7446225
662176,0.912107
662177,0.93650067
662178,0.98895746
662179,0.041167103
662180,0.36102343
662181,0.99214655
662182,0.020086953
662183,0.98230815
662184,0.78602856
662185,0.13472098
662186,0.004363076
662187,0.0030884575
662188,0.9966714
662189,0.37298995
662190,0.99807525
662191,0.042681884
662192,0.7126546
662193,0.20220539
662194,0.9723531
662195,0.739411
662196,0.005674005
662197,0.9603293
662198,0.98781025
662199,0.9780823
662200,0.55569035
662201,0.0026227736
662202,0.9209791
662203,0.99454176
662204,0.013390635
662205,0.99177516
662206,0.98701924
662207,0.31830326
662208,0.78905576
662209,0.22946042
662210,0.007405596
662211,0.4343733
662212,0.13212234
662213,0.06898644
662214,0.8098639
662215,0.98692036
662216,0.03691009
662217,0.016703181
662218,0.8814454
662219,0.012216849
662220,0.8910396
662221,0.003072755
662222,0.89786977
662223,0.006289768
662224,0.95604444
662225,0.13764131
662226,0.0026001
662227,0.24202906
662228,0.020839935
662229,0.016503189
662230,0.98142475
662231,0.0066613248
662232,0.9411648
662233,0.7243607
662234,0.053184833
662235,0.16694273
662236,0.3926379
662237,0.5602736
662238,0.5184153
662239,0.20253475
662240,0.99940443
662241,0.64248693
662242,0.1274703
662243,0.96468437
662244,0.9971944
662245,0.020830806
662246,0.7407261
662247,0.43488422
662248,0.2265723
662249,0.16642979
662250,0.42513323
662251,0.3068558
662252,0.9957594
662253,0.988003
662254,0.00336788
662255,0.030472118
662256,0.00990278
662257,0.91166985
662258,0.1335122
662259,0.99729913
662260,0.2182673
662261,0.97560924
662262,0.15078746
662263,0.5899974
662264,0.56154007
662265,0.082732
662266,0.98971176
662267,0.0014734364
662268,0.030201199
662269,0.9589652
662270,0.004129687
662271,0.9909793
662272,0.99800706
662273,0.9952581
662274,0.6678128
662275,0.9632928
662276,0.11145551
662277,0.05016485
662278,0.0074254097
662279,0.9631545
662280,0.6588407
662281,0.89357024
662282,0.06886861
662283,0.039392784
662284,0.628565
662285,0.27578923
662286,0.9938265
662287,0.9725019
662288,0.01771288
662289,0.9493287
662290,0.9795933
662291,0.059436936
662292,0.0025658442
662293,0.54950446
662294,0.99850607
662295,0.44138098
662296,0.101546
662297,0.99032634
662298,0.23151165
662299,0.76693964
662300,0.032716103
662301,0.121905975
662302,0.003964936
662303,0.9811406
662304,0.051400602
662305,0.6956469
662306,0.033180706
662307,0.96721053
662308,0.7464018
662309,0.99583805
662310,0.47230428
662311,0.9515831
662312,0.9345963
662313,0.8844012
662314,0.013741958
662315,0.116794676
662316,0.068356834
662317,0.52978194
662318,0.48091078
662319,0.030187342
662320,0.12296961
662321,0.8267763
662322,0.02213465
662323,0.99413484
662324,0.08955218
662325,0.99913156
662326,0.9949638
662327,0.08952604
662328,0.4074025
662329,0.9923189
662330,0.85754496
662331,0.02604732
662332,0.06218507
662333,0.95839214
662334,0.5840877
662335,0.9496438
662336,0.09089289
662337,0.99542916
662338,0.97897047
662339,0.7165547
662340,0.8635677
662341,0.16000487
662342,0.62216
662343,0.16401227
662344,0.022501882
662345,0.015607094
662346,0.9935174
662347,0.009820329
662348,0.9480016
662349,0.015568884
662350,0.99977696
662351,0.9951246
662352,0.9051126
662353,0.013321444
662354,0.027610242
662355,0.9904426
662356,0.13548692
662357,0.039531946
662358,0.03738286
662359,0.007868888
662360,0.82212037
662361,0.009753408
662362,0.018827505
662363,0.99259996
662364,0.016596448
662365,0.19659041
662366,0.9175843
662367,0.8700403
662368,0.9501834
662369,0.923353
662370,0.10478777
662371,0.9782659
662372,0.9960433
662373,0.94722724
662374,0.9720938
662375,0.8009509
662376,0.033562712
662377,0.77128536
662378,0.9752952
662379,0.79989326
662380,0.31488615
662381,0.9218039
662382,0.24475706
662383,0.06917031
662384,0.0027695599
662385,0.9973798
662386,0.87404823
662387,0.05261361
662388,0.0919034
662389,0.0050327163
662390,0.9733913
662391,0.85189223
662392,0.0046984544
662393,0.062948294
662394,0.92439556
662395,0.31930605
662396,0.9554823
662397,0.14502232
662398,0.9893193
662399,0.15042697
662400,0.047768954
662401,0.057206325
662402,0.019101797
662403,0.014048009
662404,0.1545547
662405,0.8947687
662406,0.0035214
662407,0.9972414
662408,0.82200634
662409,0.0074412026
662410,0.9921239
662411,0.92071694
662412,0.047944125
662413,0.9955209
662414,0.042752076
662415,0.014341677
662416,0.8869574
662417,0.99560714
662418,0.9717113
662419,0.92621815
662420,0.9391905
662421,0.9817458
662422,0.14246246
662423,0.35121182
662424,0.041631743
662425,0.19281979
662426,0.008266251
662427,0.9761877
662428,0.009351427
662429,0.9552537
662430,0.014374319
662431,0.73391855
662432,0.017642748
662433,0.44458488
662434,0.9920274
662435,0.99524903
662436,0.9814255
662437,0.21262316
662438,0.077413455
662439,0.018563021
662440,0.73338026
662441,0.01885901
662442,0.97348696
662443,0.6615607
662444,0.9582665
662445,0.023616146
662446,0.9681209
662447,0.8265029
662448,0.98441136
662449,0.97116816
662450,0.6453098
662451,0.86104083
662452,0.053828966
662453,0.10475836
662454,0.07366884
662455,0.18844828
662456,0.26192677
662457,0.97475374
662458,0.020506304
662459,0.011814419
662460,0.5398666
662461,0.26523653
662462,0.030887794
662463,0.7206938
662464,0.085626684
662465,0.79855996
662466,0.0039347378
662467,0.021681126
662468,0.18853137
662469,0.74775964
662470,0.9741516
662471,0.080827415
662472,0.02013762
662473,0.8825799
662474,0.9868932
662475,0.97151
662476,0.067066364
662477,0.24658673
662478,0.9932641
662479,0.9415359
662480,0.8237084
662481,0.87418747
662482,0.7954962
662483,0.03274978
662484,0.9954714
662485,0.00972776
662486,0.63999283
662487,0.98302853
662488,0.9380611
662489,0.0031694062
662490,0.009276811
662491,0.06577898
662492,0.0019005181
662493,0.086043164
662494,0.051150016
662495,0.03295122
662496,0.7805
662497,0.036247466
662498,0.6235874
662499,0.00608918
662500,0.9923319
662501,0.0029063397
662502,0.016893454
662503,0.037237182
662504,0.004295088
662505,0.74147177
662506,0.003259952
662507,0.28222546
662508,0.99038315
662509,0.056557596
662510,0.014410389
662511,0.02359743
662512,0.00081151485
662513,0.944068
662514,0.028621232
662515,0.9963022
662516,0.25095946
662517,0.9536384
662518,0.007853145
662519,0.9865197
662520,0.98073035
662521,0.010874933
662522,0.47289136
662523,0.78043
662524,0.9578702
662525,0.40484172
662526,0.04441815
662527,0.50410694
662528,0.020789836
662529,0.011499856
662530,0.07280682
662531,0.004054103
662532,0.028097143
662533,0.9786412
662534,0.01784562
662535,0.38244164
662536,0.26876968
662537,0.02249647
662538,0.02048859
662539,0.011847066
662540,0.99923337
662541,0.032469437
662542,0.7480051
662543,0.9825126
662544,0.8395015
662545,0.159855
662546,0.14820927
662547,0.116574764
662548,0.049348142
662549,0.019214092
662550,0.97509474
662551,0.7364499
662552,0.14351591
662553,0.014853425
662554,0.46746343
662555,0.5225577
662556,0.31947207
662557,0.9839719
662558,0.4128124
662559,0.3695948
662560,0.09005023
662561,0.026119309
662562,0.9958835
662563,0.10943352
662564,0.97240627
662565,0.24147764
662566,0.92664325
662567,0.90558964
662568,0.8305224
662569,0.35724357
662570,0.991722
662571,0.88067114
662572,0.99803686
662573,0.8688712
662574,0.5959934
662575,0.004356179
662576,0.045868296
662577,0.98335123
662578,0.9516268
662579,0.94900686
662580,0.98715615
662581,0.8416179
662582,0.974872
662583,0.019164026
662584,0.021373674
662585,0.07861376
662586,0.7577795
662587,0.34693146
662588,0.85302234
662589,0.054061517
662590,0.0377029
662591,0.9988173
662592,0.9010012
662593,0.83973575
662594,0.35810202
662595,0.04559589
662596,0.7959616
662597,0.373482
662598,0.027713072
662599,0.042064242
662600,0.98922944
662601,0.9803591
662602,0.9527943
662603,0.92733216
662604,0.9408922
662605,0.26427874
662606,0.53214025
662607,0.054534536
662608,0.17843789
662609,0.98710346
662610,0.011826654
662611,0.1333185
662612,0.28351066
662613,0.007783203
662614,0.0721006
662615,0.62343705
662616,0.02325531
662617,0.9403286
662618,0.045749635
662619,0.014271019
662620,0.121227235
662621,0.36124337
662622,0.32339406
662623,0.057633057
662624,0.009683277
662625,0.21141611
662626,0.22498251
662627,0.9764657
662628,0.99411
662629,0.9968847
662630,0.99358255
662631,0.99285436
662632,0.9955846
662633,0.9237099
662634,0.9762746
662635,0.2069875
662636,0.92373735
662637,0.004208135
662638,0.5918315
662639,0.011026183
662640,0.006264699
662641,0.82947147
662642,0.1040549
662643,0.99469584
662644,0.9508549
662645,0.9614003
662646,0.24655813
662647,0.3645543
662648,0.31548053
662649,0.9818541
662650,0.9582157
662651,0.18364039
662652,0.010073623
662653,0.11257698
662654,0.97989416
662655,0.04681107
662656,0.9697246
662657,0.33827388
662658,0.8580804
662659,0.66155595
662660,0.9989276
662661,0.97414774
662662,0.99237055
662663,0.042613167
662664,0.82155466
662665,0.98264384
662666,0.0035003119
662667,0.166838
662668,0.9761093
662669,0.40357965
662670,0.7554785
662671,0.94905293
662672,0.051557377
662673,0.9805675
662674,0.95507777
662675,0.14860007
662676,0.35507298
662677,0.41061178
662678,0.6828289
662679,0.9869715
662680,0.98427093
662681,0.99255645
662682,0.8770734
662683,0.97991747
662684,0.053326372
662685,0.5386887
662686,0.9643689
662687,0.9439075
662688,0.51399803
662689,0.017282877
662690,0.030159863
662691,0.9928546
662692,0.1390869
662693,0.9976331
662694,0.23541605
662695,0.022193339
662696,0.5728333
662697,0.871762
662698,0.017722068
662699,0.2918199
662700,0.03132996
662701,0.46349332
662702,0.9476968
662703,0.01284653
662704,0.9944041
662705,0.0210808
662706,0.08142679
662707,0.25071868
662708,0.011852324
662709,0.4306503
662710,0.9965308
662711,0.30184016
662712,0.2891428
662713,0.05649082
662714,0.017463792
662715,0.042950083
662716,0.66496444
662717,0.011852417
662718,0.98073065
662719,0.92267764
662720,0.15903522
662721,0.076912634
662722,0.99793106
662723,0.07025595
662724,0.92812693
662725,0.032603752
662726,0.91854125
662727,0.99427027
662728,0.4134047
662729,0.0011032835
662730,0.9894469
662731,0.9326793
662732,0.5095953
662733,0.00984217
662734,0.9695863
662735,0.06722746
662736,0.28166282
662737,0.0063732895
662738,0.993671
662739,0.108430475
662740,0.96337676
662741,0.9673786
662742,0.10109849
662743,0.9939422
662744,0.9605289
662745,0.68590736
662746,0.9321075
662747,0.10863314
662748,0.13523522
662749,0.23121014
662750,0.8940717
662751,0.9261905
662752,0.065733366
662753,0.021777801
662754,0.96265256
662755,0.26837194
662756,0.9855122
662757,0.3736743
662758,0.0136187365
662759,0.13345
662760,0.1804057
662761,0.97025216
662762,0.8812126
662763,0.81881195
662764,0.9891908
662765,0.12068745
662766,0.0030784009
662767,0.9898751
662768,0.063348606
662769,0.025517052
662770,0.9698733
662771,0.032359373
662772,0.0792125
662773,0.99676967
662774,0.05353094
662775,0.24428865
662776,0.78316486
662777,0.29845965
662778,0.064324886
662779,0.9549846
662780,0.017571509
662781,0.17085202
662782,0.976812
662783,0.99206626
662784,0.8363049
662785,0.53114384
662786,0.46474606
662787,0.8369964
662788,0.907375
662789,0.9958294
662790,0.99908435
662791,0.3352752
662792,0.08935903
662793,0.012732305
662794,0.43619603
662795,0.036602136
662796,0.112740025
662797,0.5811831
662798,0.005984498
662799,0.815011
662800,0.0057856306
662801,0.03365404
662802,0.28035864
662803,0.8375367
662804,0.9776102
662805,0.44044805
662806,0.0739487
662807,0.015128682
662808,0.06605595
662809,0.016497117
662810,0.9901551
662811,0.9981883
662812,0.13162974
662813,0.062413145
662814,0.8006524
662815,0.0064111347
662816,0.9662234
662817,0.47914618
662818,0.87473583
662819,0.9871643
662820,0.007737793
662821,0.007170856
662822,0.022784289
662823,0.2900682
662824,0.03247661
662825,0.9643581
662826,0.88956004
662827,0.004156569
662828,0.19671038
662829,0.204624
662830,0.08578026
662831,0.051091835
662832,0.99707794
662833,0.97299075
662834,0.9778576
662835,0.9013033
662836,0.8699192
662837,0.9505878
662838,0.1280433
662839,0.9938426
662840,0.007354904
662841,0.69912875
662842,0.60882556
662843,0.9307927
662844,0.2932409
662845,0.996344
662846,0.0059993737
662847,0.0037835387
662848,0.9776854
662849,0.048749786
662850,0.034932792
662851,0.040179282
662852,0.22713222
662853,0.23356612
662854,0.09539828
662855,0.6181048
662856,0.8124688
662857,0.99412704
662858,0.8426889
662859,0.8221411
662860,0.9876785
662861,0.103694715
662862,0.84257084
662863,0.93268627
662864,0.82106066
662865,0.8907478
662866,0.01088021
662867,0.013078637
662868,0.017553002
662869,0.007487858
662870,0.028137028
662871,0.9963384
662872,0.003549918
662873,0.7433922
662874,0.9850784
662875,0.0034292014
662876,0.003470995
662877,0.04032809
662878,0.9339466
662879,0.2339178
662880,0.9682791
662881,0.92806304
662882,0.9923594
662883,0.5971661
662884,0.016886503
662885,0.9718862
662886,0.015979256
662887,0.03243782
662888,0.65689343
662889,0.008380047
662890,0.91926205
662891,0.88609546
662892,0.033707373
662893,0.11521795
662894,0.98448056
662895,0.96556854
662896,0.98143065
662897,0.033820678
662898,0.5328958
662899,0.02294199
662900,0.8093066
662901,0.9329318
662902,0.0022273662
662903,0.99814737
662904,0.8213232
662905,0.012532779
662906,0.9958581
662907,0.016026383
662908,0.8546262
662909,0.06826866
662910,0.9926065
662911,0.21662931
662912,0.0052676965
662913,0.9574471
662914,0.5197091
662915,0.44198555
662916,0.0061503695
662917,0.9943531
662918,0.01389156
662919,0.97015834
662920,0.37930995
662921,0.25235492
662922,0.014066057
662923,0.9914628
662924,0.65742487
662925,0.06309788
662926,0.0472534
662927,0.7589672
662928,0.0026507983
662929,0.009994623
662930,0.72819567
662931,0.11985813
662932,0.19417152
662933,0.11715857
662934,0.9874874
662935,0.005201879
662936,0.72277766
662937,0.9393159
662938,0.96193707
662939,0.84806764
662940,0.020266786
662941,0.9996164
662942,0.010519979
662943,0.9002671
662944,0.017999269
662945,0.042753104
662946,0.63059765
662947,0.9936152
662948,0.5916836
662949,0.99934113
662950,0.1073934
662951,0.9795547
662952,0.97032595
662953,0.98286736
662954,0.9637281
662955,0.0064517274
662956,0.9901044
662957,0.1718985
662958,0.96856546
662959,0.9909969
662960,0.55462253
662961,0.031146597
662962,0.029305954
662963,0.018086826
662964,0.98253703
662965,0.013320558
662966,0.9511628
662967,0.87896705
662968,0.88874507
662969,0.026896365
662970,0.44986904
662971,0.19863966
662972,0.014146055
662973,0.97144115
662974,0.0070813615
662975,0.7117061
662976,0.9265357
662977,0.35748988
662978,0.9648522
662979,0.98661953
662980,0.746106
662981,0.98126674
662982,0.0872266
662983,0.0044322265
662984,0.105105236
662985,0.12275932
662986,0.047509156
662987,0.8582423
662988,0.13388458
662989,0.8907171
662990,0.02662134
662991,0.7989539
662992,0.005089605
662993,0.9988739
662994,0.006592342
662995,0.9565797
662996,0.016879272
662997,0.93863153
662998,0.0038883304
662999,0.7027264
663000,0.02368955
663001,0.012764929
663002,0.738341
663003,0.9026853
663004,0.9924257
663005,0.15421635
663006,0.96559846
663007,0.0021438855
663008,0.019832836
663009,0.9889394
663010,0.97369677
663011,0.9458
663012,0.034624316
663013,0.5810611
663014,0.94868714
663015,0.029762436
663016,0.012124675
663017,0.0043044817
663018,0.05410834
663019,0.028756933
663020,0.3056181
663021,0.008763491
663022,0.019973913
663023,0.10160788
663024,0.08989686
663025,0.008935674
663026,0.71180844
663027,0.021329116
663028,0.10870136
663029,0.018963024
663030,0.9448727
663031,0.0036740587
663032,0.0012584808
663033,0.760733
663034,0.45608565
663035,0.014069077
663036,0.69951236
663037,0.80874157
663038,0.004099345
663039,0.40877807
663040,0.03360065
663041,0.98651385
663042,0.99364185
663043,0.0027187022
663044,0.012590894
663045,0.030593839
663046,0.017639624
663047,0.012801792
663048,0.98906624
663049,0.009911233
663050,0.70178473
663051,0.79839987
663052,0.281559
663053,0.5105455
663054,0.9929794
663055,0.9751419
663056,0.11676039
663057,0.9959456
663058,0.90862596
663059,0.3782345
663060,0.9922097
663061,0.1202446
663062,0.93465626
663063,0.9981808
663064,0.05103545
663065,0.1794417
663066,0.02543528
663067,0.024538532
663068,0.032161504
663069,0.6701361
663070,0.28652036
663071,0.0039021762
663072,0.99850446
663073,0.99767333
663074,0.9866491
663075,0.55252194
663076,0.97824323
663077,0.93006825
663078,0.8092804
663079,0.029316762
663080,0.81391346
663081,0.013664702
663082,0.3067636
663083,0.007658896
663084,0.27423635
663085,0.07184519
663086,0.7389529
663087,0.78120303
663088,0.09749082
663089,0.80079544
663090,0.9421018
663091,0.8935832
663092,0.017578162
663093,0.9254067
663094,0.7212763
663095,0.9944784
663096,0.59298694
663097,0.0340397
663098,0.068579406
663099,0.48365927
663100,0.06469423
663101,0.0018859815
663102,0.09065534
663103,0.9309818
663104,0.2603919
663105,0.8873038
663106,0.03184998
663107,0.918645
663108,0.20763999
663109,0.029634895
663110,0.98807514
663111,0.81732917
663112,0.99893874
663113,0.38490897
663114,0.9766381
663115,0.72142124
663116,0.86329687
663117,0.21169071
663118,0.8963579
663119,0.018248904
663120,0.8515353
663121,0.54924226
663122,0.4711764
663123,0.97833073
663124,0.032789964
663125,0.92525
663126,0.9397949
663127,0.026857283
663128,0.013002514
663129,0.50805974
663130,0.014010979
663131,0.030191962
663132,0.06948828
663133,0.12081416
663134,0.43906456
663135,0.04269385
663136,0.10681924
663137,0.07230185
663138,0.92302805
663139,0.94968444
663140,0.9984596
663141,0.93778837
663142,0.93110883
663143,0.033645343
663144,0.070367284
663145,0.023977721
663146,0.0052211075
663147,0.41415936
663148,0.99485713
663149,0.011388816
663150,0.008198135
663151,0.98474604
663152,0.98795325
663153,0.81948674
663154,0.98437214
663155,0.9955948
663156,0.011123954
663157,0.74108344
663158,0.7802066
663159,0.002815583
663160,0.12955894
663161,0.7871564
663162,0.01000086
663163,0.9892654
663164,0.05683249
663165,0.94581294
663166,0.23034297
663167,0.008767173
663168,0.8633908
663169,0.3674611
663170,0.008986965
663171,0.9985997
663172,0.92242855
663173,0.96953475
663174,0.17062242
663175,0.042932615
663176,0.03934405
663177,0.9487157
663178,0.16332808
663179,0.9989023
663180,0.1755375
663181,0.30504015
663182,0.27074176
663183,0.9944629
663184,0.9908776
663185,0.9990059
663186,0.025682952
663187,0.8922521
663188,0.5549563
663189,0.95384204
663190,0.12834021
663191,0.41949943
663192,0.7504016
663193,0.94290876
663194,0.044255935
663195,0.091303416
663196,0.9781333
663197,0.9731827
663198,0.272235
663199,0.0525354
663200,0.96192235
663201,0.8158208
663202,0.9430476
663203,0.015690604
663204,0.6994751
663205,0.00967177
663206,0.15246731
663207,0.0022841322
663208,0.006799328
663209,0.98045766
663210,0.007217552
663211,0.011699087
663212,0.12575781
663213,0.0038076108
663214,0.98305213
663215,0.97175556
663216,0.99681044
663217,0.018546302
663218,0.025169674
663219,0.19512634
663220,0.1537653
663221,0.8775364
663222,0.004537719
663223,0.049540024
663224,0.963302
663225,0.28379375
663226,0.97499216
663227,0.89521396
663228,0.06944738
663229,0.9368558
663230,0.99692166
663231,0.09606313
663232,0.98998153
663233,0.0065723965
663234,0.020555437
663235,0.99971247
663236,0.48506877
663237,0.059132878
663238,0.18909211
663239,0.21671349
663240,0.9590334
663241,0.96947765
663242,0.9212388
663243,0.9927335
663244,0.08798184
663245,0.014461292
663246,0.9915238
663247,0.94354486
663248,0.01454119
663249,0.16051523
663250,0.30190825
663251,0.01038501
663252,0.0829771
663253,0.0733147
663254,0.042644218
663255,0.7382113
663256,0.017683985
663257,0.96903527
663258,0.98896265
663259,0.48682192
663260,0.536081
663261,0.9893046
663262,0.06647687
663263,0.097923525
663264,0.6127392
663265,0.02186564
663266,0.06534539
663267,0.07372481
663268,0.011600702
663269,0.02694175
663270,0.9919419
663271,0.015389634
663272,0.99345714
663273,0.71062505
663274,0.06222998
663275,0.80599535
663276,0.014670264
663277,0.051566735
663278,0.9947341
663279,0.08257844
663280,0.6259505
663281,0.6337029
663282,0.038702086
663283,0.9838088
663284,0.021216646
663285,0.044058144
663286,0.004188068
663287,0.082498804
663288,0.99552846
663289,0.15159142
663290,0.066666365
663291,0.5153505
663292,0.9868804
663293,0.9353531
663294,0.4028014
663295,0.95298684
663296,0.34388387
663297,0.2799343
663298,0.99120337
663299,0.76706237
663300,0.9677143
663301,0.39403576
663302,0.040966682
663303,0.12031849
663304,0.044345282
663305,0.06791307
663306,0.76740295
663307,0.004426899
663308,0.009802195
663309,0.14045063
663310,0.890573
663311,0.0030213986
663312,0.13083445
663313,0.32567728
663314,0.0070556244
663315,0.25538552
663316,0.0039524417
663317,0.98688364
663318,0.2974409
663319,0.016786736
663320,0.94750667
663321,0.9977997
663322,0.07117945
663323,0.9990826
663324,0.0377739
663325,0.011859629
663326,0.98971313
663327,0.010230832
663328,0.858211
663329,0.024231073
663330,0.2843465
663331,0.06418622
663332,0.459664
663333,0.020740481
663334,0.93419665
663335,0.081478395
663336,0.95059466
663337,0.911961
663338,0.89538836
663339,0.019241143
663340,0.015114534
663341,0.96666527
663342,0.023440806
663343,0.9557425
663344,0.977346
663345,0.6096422
663346,0.9824563
663347,0.3368925
663348,0.91443723
663349,0.96165913
663350,0.9899288
663351,0.9711857
663352,0.96303934
663353,0.0499917
663354,0.99809164
663355,0.03284506
663356,0.6351108
663357,0.008635478
663358,0.4395589
663359,0.0077529
663360,0.94420254
663361,0.56906426
663362,0.036401153
663363,0.09087366
663364,0.9807259
663365,0.9725256
663366,0.017050285
663367,0.036611583
663368,0.14052553
663369,0.009599743
663370,0.019085713
663371,0.018557448
663372,0.9859525
663373,0.996224
663374,0.01425769
663375,0.59370065
663376,0.9834216
663377,0.954746
663378,0.12051456
663379,0.96253556
663380,0.9619564
663381,0.9197362
663382,0.04727643
663383,0.08383464
663384,0.8103349
663385,0.14687982
663386,0.02755049
663387,0.9081446
663388,0.5802044
663389,0.9667758
663390,0.0037518928
663391,0.5871012
663392,0.9075466
663393,0.4922861
663394,0.008202789
663395,0.025571954
663396,0.5027081
663397,0.9900495
663398,0.9072095
663399,0.047246587
663400,0.7474236
663401,0.22439976
663402,0.88227427
663403,0.8780471
663404,0.05827731
663405,0.091963656
663406,0.07622296
663407,0.04439666
663408,0.8042002
663409,0.91698563
663410,0.024037836
663411,0.92463946
663412,0.94004667
663413,0.5711934
663414,0.48090988
663415,0.95936334
663416,0.083227694
663417,0.96025926
663418,0.330864
663419,0.0053997347
663420,0.17399792
663421,0.35448667
663422,0.99333715
663423,0.9761593
663424,0.9814365
663425,0.0030967433
663426,0.017186277
663427,0.9466388
663428,0.020860765
663429,0.024860043
663430,0.87240267
663431,0.99786466
663432,0.41160834
663433,0.9706931
663434,0.00471275
663435,0.99385196
663436,0.99662316
663437,0.016931096
663438,0.964554
663439,0.97525585
663440,0.5839378
663441,0.07899801
663442,0.123605296
663443,0.9921508
663444,0.06327579
663445,0.051188666
663446,0.16724706
663447,0.026307816
663448,0.02648208
663449,0.9779235
663450,0.021104911
663451,0.98581666
663452,0.9955243
663453,0.78978753
663454,0.9879783
663455,0.18478952
663456,0.29357708
663457,0.13560921
663458,0.09382837
663459,0.077764876
663460,0.97836643
663461,0.5695344
663462,0.0069711553
663463,0.4786506
663464,0.15336175
663465,0.030445853
663466,0.94229674
663467,0.98301107
663468,0.99625945
663469,0.9956236
663470,0.019486008
663471,0.9811329
663472,0.015271879
663473,0.115807824
663474,0.7167892
663475,0.52739286
663476,0.022388194
663477,0.14114122
663478,0.21209165
663479,0.43052465
663480,0.050652035
663481,0.98803943
663482,0.025529051
663483,0.06130324
663484,0.034387283
663485,0.007749465
663486,0.06834256
663487,0.018767852
663488,0.15913302
663489,0.9139066
663490,0.48473728
663491,0.065650314
663492,0.0076811733
663493,0.941827
663494,0.99925053
663495,0.0061034197
663496,0.74611735
663497,0.92907625
663498,0.41013345
663499,0.033846293
663500,0.04531194
663501,0.054009967
663502,0.1532611
663503,0.050441153
663504,0.16299304
663505,0.028369945
663506,0.009466744
663507,0.045147207
663508,0.9984646
663509,0.6472525
663510,0.90747315
663511,0.0065917103
663512,0.6388018
663513,0.005382628
663514,0.88341415
663515,0.99824405
663516,0.07337226
663517,0.84999305
663518,0.08956141
663519,0.99907565
663520,0.034431815
663521,0.9262744
663522,0.9319551
663523,0.99732655
663524,0.017987687
663525,0.9668275
663526,0.16383289
663527,0.42934042
663528,0.36056787
663529,0.5527067
663530,0.0009132212
663531,0.95502627
663532,0.11041745
663533,0.8260716
663534,0.0351056
663535,0.3388085
663536,0.93043625
663537,0.021985073
663538,0.93530524
663539,0.3616679
663540,0.791132
663541,0.8313627
663542,0.026704311
663543,0.97307265
663544,0.026197944
663545,0.061543606
663546,0.0049324846
663547,0.27815
663548,0.02634419
663549,0.9721021
663550,0.028850423
663551,0.021976389
663552,0.9966508
663553,0.18530533
663554,0.050887235
663555,0.7128992
663556,0.012885755
663557,0.024934227
663558,0.03710596
663559,0.9994124
663560,0.04921978
663561,0.2255708
663562,0.034547336
663563,0.014241782
663564,0.9643007
663565,0.9676416
663566,0.9991869
663567,0.5955859
663568,0.0036890486
663569,0.9423248
663570,0.6503846
663571,0.9904996
663572,0.9874332
663573,0.0151830595
663574,0.31198817
663575,0.78609645
663576,0.31571466
663577,0.09184331
663578,0.08173331
663579,0.6330408
663580,0.021238815
663581,0.009633461
663582,0.9404264
663583,0.96272945
663584,0.9243064
663585,0.6469102
663586,0.9940971
663587,0.9895702
663588,0.56685704
663589,0.99545133
663590,0.07136159
663591,0.48601305
663592,0.1614777
663593,0.9635402
663594,0.91077125
663595,0.31432682
663596,0.9059729
663597,0.22305864
663598,0.04678227
663599,0.017002743
663600,0.010809701
663601,0.9877095
663602,0.9774772
663603,0.59363353
663604,0.050847776
663605,0.95030284
663606,0.036449924
663607,0.22458181
663608,0.010668363
663609,0.014986347
663610,0.9962607
663611,0.5350776
663612,0.0058972053
663613,0.5346219
663614,0.9845053
663615,0.4313326
663616,0.17475139
663617,0.99682933
663618,0.45583415
663619,0.95719266
663620,0.015244115
663621,0.4106893
663622,0.9844748
663623,0.067348756
663624,0.9733262
663625,0.13066031
663626,0.1620892
663627,0.041958723
663628,0.013009044
663629,0.026680823
663630,0.95607924
663631,0.74967223
663632,0.010676561
663633,0.9050379
663634,0.014219352
663635,0.37165248
663636,0.8435387
663637,0.009513899
663638,0.03232872
663639,0.014641131
663640,0.14420411
663641,0.01862036
663642,0.97515583
663643,0.007943847
663644,0.18183832
663645,0.0008950749
663646,0.6227086
663647,0.9959378
663648,0.8854786
663649,0.98516786
663650,0.07409723
663651,0.0015860181
663652,0.913472
663653,0.9935485
663654,0.5580411
663655,0.010361435
663656,0.4848767
663657,0.9878405
663658,0.9675658
663659,0.38158697
663660,0.066104054
663661,0.98024154
663662,0.017860958
663663,0.88896644
663664,0.66405237
663665,0.94758844
663666,0.05306062
663667,0.011989456
663668,0.9832879
663669,0.29129055
663670,0.44478568
663671,0.9915999
663672,0.9165325
663673,0.98989606
663674,0.8751761
663675,0.07886315
663676,0.09955424
663677,0.16449733
663678,0.9903827
663679,0.11014493
663680,0.9911864
663681,0.0060081133
663682,0.9701646
663683,0.9976711
663684,0.8757598
663685,0.86457705
663686,0.18284106
663687,0.88705647
663688,0.7579974
663689,0.78089285
663690,0.0069994084
663691,0.033234473
663692,0.029691365
663693,0.13853869
663694,0.0048300526
663695,0.41537327
663696,0.12269711
663697,0.71498924
663698,0.6651404
663699,0.83323646
663700,0.05034695
663701,0.19767347
663702,0.07135825
663703,0.031181084
663704,0.6093686
663705,0.11045304
663706,0.04854824
663707,0.030726561
663708,0.3496046
663709,0.7264482
663710,0.98097086
663711,0.018835729
663712,0.7503817
663713,0.9881524
663714,0.74250615
663715,0.0070172795
663716,0.12945788
663717,0.968215
663718,0.42046553
663719,0.065474175
663720,0.008221502
663721,0.0043948437
663722,0.045561537
663723,0.24034019
663724,0.7795658
663725,0.06534732
663726,0.95311344
663727,0.011356393
663728,0.21397355
663729,0.9570585
663730,0.11053933
663731,0.005094468
663732,0.09863818
663733,0.9992199
663734,0.009643686
663735,0.035025388
663736,0.04284741
663737,0.97918016
663738,0.080004
663739,0.015850198
663740,0.017885273
663741,0.15275565
663742,0.21157447
663743,0.24457704
663744,0.02388281
663745,0.56274456
663746,0.9742512
663747,0.029709173
663748,0.029888652
663749,0.08805858
663750,0.014186881
663751,0.43324557
663752,0.6671534
663753,0.103643164
663754,0.9556074
663755,0.048118487
663756,0.11821228
663757,0.052397892
663758,0.94467586
663759,0.65449077
663760,0.9984221
663761,0.99094903
663762,0.992533
663763,0.6013551
663764,0.8141223
663765,0.8788053
663766,0.12813276
663767,0.33168954
663768,0.9277526
663769,0.05537497
663770,0.7140003
663771,0.87069774
663772,0.016209923
663773,0.9719275
663774,0.035574734
663775,0.14764532
663776,0.97942185
663777,0.9966731
663778,0.9499947
663779,0.7631153
663780,0.978867
663781,0.005205808
663782,0.9691973
663783,0.9854106
663784,0.0053300364
663785,0.9222794
663786,0.9221052
663787,0.9160793
663788,0.0068412214
663789,0.9979939
663790,0.007855961
663791,0.9454105
663792,0.003207001
663793,0.9678718
663794,0.04604718
663795,0.64439183
663796,0.85993403
663797,0.8924378
663798,0.7636878
663799,0.4367084
663800,0.5110915
663801,0.03891906
663802,0.25493413
663803,0.8944945
663804,0.99055207
663805,0.2731436
663806,0.014722709
663807,0.34324685
663808,0.9508542
663809,0.15882774
663810,0.47197184
663811,0.1031904
663812,0.31566325
663813,0.07230224
663814,0.8522188
663815,0.15299743
663816,0.01130212
663817,0.74591005
663818,0.18206842
663819,0.022251975
663820,0.9616866
663821,0.9539045
663822,0.9437392
663823,0.99432886
663824,0.013764146
663825,0.92871815
663826,0.68159115
663827,0.9270862
663828,0.12008329
663829,0.058012195
663830,0.03565953
663831,0.029338028
663832,0.81513286
663833,0.0832369
663834,0.5764483
663835,0.02713161
663836,0.018254647
663837,0.9718027
663838,0.990976
663839,0.4541911
663840,0.0050748875
663841,0.12041302
663842,0.9127954
663843,0.017672608
663844,0.88031065
663845,0.18855041
663846,0.26815102
663847,0.09507617
663848,0.9991452
663849,0.21282943
663850,0.0040268986
663851,0.017165806
663852,0.019962244
663853,0.08347461
663854,0.020515312
663855,0.9869433
663856,0.08116725
663857,0.14450945
663858,0.98281956
663859,0.9970942
663860,0.97182214
663861,0.999257
663862,0.42859828
663863,0.9954628
663864,0.0554315
663865,0.89034235
663866,0.26678276
663867,0.16340615
663868,0.4536843
663869,0.084413394
663870,0.9558893
663871,0.08486778
663872,0.112447485
663873,0.5489557
663874,0.980487
663875,0.99899423
663876,0.0073677585
663877,0.02095394
663878,0.8139002
663879,0.135631
663880,0.9688899
663881,0.9553731
663882,0.0030313581
663883,0.9298804
663884,0.9773813
663885,0.0052792123
663886,0.006010954
663887,0.21299171
663888,0.22938327
663889,0.02273107
663890,0.9935772
663891,0.06716971
663892,0.08654466
663893,0.4664802
663894,0.6893613
663895,0.0200386
663896,0.024233818
663897,0.21203287
663898,0.9153297
663899,0.9906161
663900,0.56106955
663901,0.04599745
663902,0.6919898
663903,0.91783214
663904,0.007689192
663905,0.9021139
663906,0.6111996
663907,0.99916106
663908,0.061335042
663909,0.026182145
663910,0.15551266
663911,0.99661946
663912,0.88242555
663913,0.012862545
663914,0.09104593
663915,0.99109805
663916,0.95515984
663917,0.0032912802
663918,0.09312923
663919,0.039058834
663920,0.9472936
663921,0.0026349265
663922,0.13342479
663923,0.031235255
663924,0.99375194
663925,0.006922172
663926,0.13108659
663927,0.010078614
663928,0.4005517
663929,0.018188085
663930,0.018161293
663931,0.017839551
663932,0.026344106
663933,0.9948913
663934,0.9939384
663935,0.6560668
663936,0.06272364
663937,0.014461603
663938,0.99293053
663939,0.8853122
663940,0.99766093
663941,0.840375
663942,0.8034746
663943,0.040880423
663944,0.78941584
663945,0.14723107
663946,0.993034
663947,0.037074074
663948,0.59356695
663949,0.013423145
663950,0.009602265
663951,0.90801823
663952,0.011683628
663953,0.98610014
663954,0.73340344
663955,0.9979975
663956,0.0074499804
663957,0.20455146
663958,0.9707022
663959,0.015622807
663960,0.7502732
663961,0.195405
663962,0.70966035
663963,0.70335716
663964,0.008587862
663965,0.9761492
663966,0.054514922
663967,0.085831404
663968,0.8882959
663969,0.85639566
663970,0.0016794316
663971,0.17461511
663972,0.99620533
663973,0.098142125
663974,0.9698064
663975,0.8658788
663976,0.9279508
663977,0.960081
663978,0.999008
663979,0.009867491
663980,0.13561183
663981,0.09385383
663982,0.022621656
663983,0.502679
663984,0.7592192
663985,0.011831437
663986,0.96131617
663987,0.99671054
663988,0.2713336
663989,0.96692747
663990,0.8134399
663991,0.098566264
663992,0.9996562
663993,0.46917948
663994,0.0077939117
663995,0.1638678
663996,0.9836972
663997,0.99370116
663998,0.53376824
663999,0.95950943
664000,0.5602745
664001,0.033422824
664002,0.9948508
664003,0.9815704
664004,0.9955357
664005,0.9994747
664006,0.05914163
664007,0.042865984
664008,0.3551684
664009,0.0037946522
664010,0.03908687
664011,0.016046155
664012,0.010418698
664013,0.0054949103
664014,0.98151666
664015,0.07922711
664016,0.08232569
664017,0.975616
664018,0.0036911846
664019,0.034125935
664020,0.03230246
664021,0.97079504
664022,0.81998324
664023,0.07267684
664024,0.008944188
664025,0.99341697
664026,0.67569524
664027,0.13979849
664028,0.15376873
664029,0.043755993
664030,0.048802573
664031,0.6800976
664032,0.037704516
664033,0.5646696
664034,0.76179034
664035,0.006675708
664036,0.18297404
664037,0.7591922
664038,0.10143042
664039,0.8768274
664040,0.18182454
664041,0.077931225
664042,0.98817
664043,0.9589469
664044,0.29817632
664045,0.8577237
664046,0.002337328
664047,0.8985454
664048,0.88991517
664049,0.05350403
664050,0.44775087
664051,0.99781686
664052,0.98989826
664053,0.99481714
664054,0.0058969385
664055,0.024539048
664056,0.7225071
664057,0.028055042
664058,0.5225781
664059,0.09189578
664060,0.9977151
664061,0.9922627
664062,0.99348205
664063,0.96844804
664064,0.438269
664065,0.97399485
664066,0.015208551
664067,0.12643671
664068,0.26620328
664069,0.08463258
664070,0.9808197
664071,0.9900412
664072,0.9910222
664073,0.30935833
664074,0.09221674
664075,0.06549036
664076,0.67393595
664077,0.94121146
664078,0.97737557
664079,0.99228966
664080,0.007293143
664081,0.9695064
664082,0.019459922
664083,0.94301546
664084,0.09367358
664085,0.9438231
664086,0.045356393
664087,0.07895389
664088,0.44147053
664089,0.393988
664090,0.04395145
664091,0.020403262
664092,0.9961586
664093,0.1063447
664094,0.017125962
664095,0.10776444
664096,0.98681575
664097,0.26092938
664098,0.24897802
664099,0.06607247
664100,0.9899379
664101,0.99047613
664102,0.27783448
664103,0.021941569
664104,0.013942931
664105,0.008261291
664106,0.009391744
664107,0.04955327
664108,0.55721146
664109,0.21847424
664110,0.74218875
664111,0.85576844
664112,0.42753065
664113,0.88407844
664114,0.9709176
664115,0.20069304
664116,0.8526841
664117,0.9514412
664118,0.045131467
664119,0.68641573
664120,0.84286475
664121,0.03290381
664122,0.82202566
664123,0.9945128
664124,0.14122978
664125,0.7104703
664126,0.04822097
664127,0.00806352
664128,0.7418697
664129,0.1708602
664130,0.059648354
664131,0.12749074
664132,0.571565
664133,0.09636855
664134,0.30898792
664135,0.99021524
664136,0.2618205
664137,0.99579513
664138,0.1750552
664139,0.03779664
664140,0.18130171
664141,0.010684747
664142,0.011107018
664143,0.027943349
664144,0.91912943
664145,0.91726315
664146,0.78666604
664147,0.56260717
664148,0.26467115
664149,0.007474145
664150,0.2442977
664151,0.9326387
664152,0.008420598
664153,0.015628383
664154,0.2206535
664155,0.61184806
664156,0.024585176
664157,0.011011258
664158,0.031606555
664159,0.9499174
664160,0.9874853
664161,0.9891928
664162,0.96028125
664163,0.17327803
664164,0.058771737
664165,0.9982884
664166,0.98706204
664167,0.05407032
664168,0.045596324
664169,0.96830255
664170,0.9471718
664171,0.025972582
664172,0.96043015
664173,0.112011895
664174,0.073146746
664175,0.0010375896
664176,0.4518714
664177,0.79946387
664178,0.08600533
664179,0.0072349915
664180,0.91660017
664181,0.05108486
664182,0.06348871
664183,0.025025683
664184,0.097653404
664185,0.034792595
664186,0.07369308
664187,0.97392946
664188,0.017195636
664189,0.38170663
664190,0.97058034
664191,0.94280016
664192,0.0102695
664193,0.0207184
664194,0.08897776
664195,0.039548084
664196,0.024040729
664197,0.82176673
664198,0.003351805
664199,0.4437559
664200,0.054326847
664201,0.016665464
664202,0.9521351
664203,0.8278979
664204,0.57279456
664205,0.38148865
664206,0.10415757
664207,0.8416466
664208,0.37960088
664209,0.1392523
664210,0.65733415
664211,0.978869
664212,0.87266475
664213,0.017102279
664214,0.46435148
664215,0.9823552
664216,0.016248232
664217,0.046218462
664218,0.9644128
664219,0.9939048
664220,0.742615
664221,0.96049136
664222,0.01598346
664223,0.8404499
664224,0.9876416
664225,0.027252056
664226,0.8628999
664227,0.0030842442
664228,0.2567507
664229,0.80447435
664230,0.56006366
664231,0.047413178
664232,0.015991967
664233,0.92629886
664234,0.22282124
664235,0.82348883
664236,0.36362502
664237,0.3569015
664238,0.22586493
664239,0.20811854
664240,0.99419945
664241,0.33553976
664242,0.03428717
664243,0.676032
664244,0.75539076
664245,0.8465497
664246,0.9986063
664247,0.013204768
664248,0.009574782
664249,0.99323165
664250,0.08123341
664251,0.015934117
664252,0.015941154
664253,0.26921928
664254,0.67671824
664255,0.052737903
664256,0.18451679
664257,0.9015764
664258,0.059336532
664259,0.3741849
664260,0.26289925
664261,0.94612795
664262,0.9929133
664263,0.99748063
664264,0.3895343
664265,0.38445568
664266,0.2813639
664267,0.15839559
664268,0.009470316
664269,0.007936437
664270,0.07868471
664271,0.8403797
664272,0.9635483
664273,0.019664604
664274,0.002300288
664275,0.03712083
664276,0.7707007
664277,0.6190833
664278,0.9928173
664279,0.0058346805
664280,0.016447145
664281,0.08036226
664282,0.082748175
664283,0.0074718017
664284,0.865995
664285,0.909449
664286,0.97543633
664287,0.47175133
664288,0.7089901
664289,0.099789746
664290,0.8462072
664291,0.0037370527
664292,0.030547995
664293,0.9861935
664294,0.9996071
664295,0.98869926
664296,0.1839412
664297,0.18091418
664298,0.69546247
664299,0.963311
664300,0.025265962
664301,0.88141775
664302,0.42130023
664303,0.99515903
664304,0.9207082
664305,0.8724235
664306,0.985518
664307,0.049939606
664308,0.020770665
664309,0.8136764
664310,0.97907585
664311,0.054081004
664312,0.84121466
664313,0.99222815
664314,0.99251485
664315,0.94605595
664316,0.9428334
664317,0.022458736
664318,0.9812336
664319,0.9582428
664320,0.23501673
664321,0.59804
664322,0.11016686
664323,0.85509646
664324,0.0041207224
664325,0.005186827
664326,0.9937974
664327,0.9067552
664328,0.9338451
664329,0.069234
664330,0.04889781
664331,0.7412637
664332,0.9872617
664333,0.011731412
664334,0.7797033
664335,0.21259475
664336,0.008887311
664337,0.96488255
664338,0.059178043
664339,0.15934904
664340,0.032936767
664341,0.9918601
664342,0.045419946
664343,0.9239821
664344,0.34764418
664345,0.99386597
664346,0.056333043
664347,0.0557743
664348,0.022898134
664349,0.99776465
664350,0.031839132
664351,0.06466907
664352,0.09716876
664353,0.20466845
664354,0.012502357
664355,0.73981917
664356,0.98372126
664357,0.98984313
664358,0.09839167
664359,0.0050912714
664360,0.0069129444
664361,0.9878127
664362,0.9974689
664363,0.023293858
664364,0.06628616
664365,0.29034007
664366,0.9245808
664367,0.007871175
664368,0.010041896
664369,0.9172271
664370,0.054192897
664371,0.80831784
664372,0.016865069
664373,0.69232273
664374,0.9148632
664375,0.04080496
664376,0.46898872
664377,0.92283016
664378,0.9022848
664379,0.8367667
664380,0.061638206
664381,0.00781106
664382,0.4463319
664383,0.99201816
664384,0.15300587
664385,0.21214637
664386,0.43601942
664387,0.20496765
664388,0.99675775
664389,0.021533852
664390,0.24931864
664391,0.9625369
664392,0.056291945
664393,0.10652028
664394,0.92836
664395,0.041645896
664396,0.96000683
664397,0.9741316
664398,0.99189913
664399,0.0027463858
664400,0.041451823
664401,0.1985432
664402,0.6570178
664403,0.9419315
664404,0.99374086
664405,0.66341436
664406,0.07932018
664407,0.3096037
664408,0.011969307
664409,0.6791224
664410,0.9878981
664411,0.12664963
664412,0.85763705
664413,0.9622872
664414,0.021650726
664415,0.009840736
664416,0.14402322
664417,0.039182242
664418,0.851265
664419,0.16345158
664420,0.0057126116
664421,0.81392145
664422,0.009105583
664423,0.023863835
664424,0.01789653
664425,0.99932075
664426,0.25338838
664427,0.93149495
664428,0.9785887
664429,0.9473595
664430,0.015859628
664431,0.9763583
664432,0.75893843
664433,0.029434001
664434,0.01639745
664435,0.1390144
664436,0.99843144
664437,0.99614185
664438,0.027979119
664439,0.68681973
664440,0.31588963
664441,0.029937565
664442,0.9975524
664443,0.044782635
664444,0.95748246
664445,0.9973101
664446,0.16854888
664447,0.21026464
664448,0.026026174
664449,0.40852928
664450,0.91174775
664451,0.9782351
664452,0.023201779
664453,0.97432786
664454,0.9773328
664455,0.005151392
664456,0.7037487
664457,0.87864816
664458,0.70487934
664459,0.8583484
664460,0.9893583
664461,0.02164859
664462,0.23724982
664463,0.8944124
664464,0.18263508
664465,0.005926475
664466,0.05268274
664467,0.06641147
664468,0.92372215
664469,0.9622136
664470,0.0681684
664471,0.9975739
664472,0.03708352
664473,0.5654537
664474,0.5675099
664475,0.8941351
664476,0.06433888
664477,0.010732364
664478,0.11491586
664479,0.024090564
664480,0.16996783
664481,0.05048497
664482,0.17565124
664483,0.9951186
664484,0.027600996
664485,0.06429961
664486,0.071402
664487,0.47893557
664488,0.0018945418
664489,0.07004511
664490,0.07212941
664491,0.024148885
664492,0.8200642
664493,0.9522547
664494,0.07219496
664495,0.9797515
664496,0.36345255
664497,0.8385021
664498,0.9948676
664499,0.58900744
664500,0.013376255
664501,0.9952195
664502,0.9595032
664503,0.98624086
664504,0.99120325
664505,0.023697948
664506,0.08877589
664507,0.3887799
664508,0.021529667
664509,0.12156519
664510,0.034839533
664511,0.97372097
664512,0.9898692
664513,0.9691929
664514,0.81389886
664515,0.05750936
664516,0.4151395
664517,0.0049068434
664518,0.10794541
664519,0.4750744
664520,0.059108675
664521,0.9928001
664522,0.94370747
664523,0.9564947
664524,0.054917727
664525,0.004543257
664526,0.93481636
664527,0.045238726
664528,0.10865594
664529,0.004197657
664530,0.29287064
664531,0.013629909
664532,0.9810024
664533,0.055126254
664534,0.040236782
664535,0.13693532
664536,0.99835145
664537,0.20524634
664538,0.2544471
664539,0.77602655
664540,0.0011499481
664541,0.13050283
664542,0.017631738
664543,0.07593159
664544,0.91588473
664545,0.020370753
664546,0.10157462
664547,0.17405525
664548,0.06729675
664549,0.9916147
664550,0.88950443
664551,0.93935806
664552,0.3174464
664553,0.9737261
664554,0.98980653
664555,0.035328813
664556,0.0925079
664557,0.04709559
664558,0.9708221
664559,0.059030097
664560,0.044158977
664561,0.9975298
664562,0.9891195
664563,0.9869871
664564,0.040920164
664565,0.7913838
664566,0.9447045
664567,0.57819676
664568,0.07166852
664569,0.86175156
664570,0.9696624
664571,0.63202655
664572,0.22532085
664573,0.035175756
664574,0.9795904
664575,0.37808058
664576,0.0599977
664577,0.00734493
664578,0.99269843
664579,0.002593094
664580,0.010755605
664581,0.030642677
664582,0.48577967
664583,0.2596641
664584,0.78782994
664585,0.0054693557
664586,0.23372073
664587,0.64985776
664588,0.061164834
664589,0.29809088
664590,0.22146375
664591,0.054138467
664592,0.9142117
664593,0.0043277335
664594,0.9944451
664595,0.98833406
664596,0.83635914
664597,0.101173714
664598,0.03938301
664599,0.947491
664600,0.8807969
664601,0.9705317
664602,0.04260662
664603,0.45333308
664604,0.009902483
664605,0.624398
664606,0.10200799
664607,0.04433795
664608,0.04696981
664609,0.03198051
664610,0.9793673
664611,0.9585241
664612,0.7775983
664613,0.88784945
664614,0.0024559738
664615,0.018098408
664616,0.00755239
664617,0.97757125
664618,0.0060148686
664619,0.99944717
664620,0.21712697
664621,0.015060706
664622,0.15365568
664623,0.40806925
664624,0.03212778
664625,0.0027467166
664626,0.096462354
664627,0.9075969
664628,0.0049278727
664629,0.2564884
664630,0.7534007
664631,0.9617577
664632,0.7469668
664633,0.6445708
664634,0.52852845
664635,0.023212878
664636,0.7516711
664637,0.09908231
664638,0.80293226
664639,0.98112315
664640,0.9626235
664641,0.29898107
664642,0.83319896
664643,0.02320784
664644,0.9373989
664645,0.06842154
664646,0.9814504
664647,0.9151862
664648,0.50291455
664649,0.9878104
664650,0.9994785
664651,0.9746735
664652,0.72421455
664653,0.70580274
664654,0.9222088
664655,0.24812657
664656,0.3048151
664657,0.0023565334
664658,0.13123521
664659,0.024178233
664660,0.16635591
664661,0.047137473
664662,0.018077927
664663,0.003943516
664664,0.7278563
664665,0.9805386
664666,0.32783327
664667,0.95423913
664668,0.015999923
664669,0.8736731
664670,0.01673073
664671,0.9955902
664672,0.25472578
664673,0.9780369
664674,0.12119475
664675,0.08927961
664676,0.004248946
664677,0.23151854
664678,0.16205242
664679,0.21648715
664680,0.025216172
664681,0.033828706
664682,0.051796872
664683,0.23388338
664684,0.93503696
664685,0.9968718
664686,0.81844354
664687,0.95360804
664688,0.029576449
664689,0.23068935
664690,0.87237054
664691,0.16062327
664692,0.025993748
664693,0.007402908
664694,0.05118856
664695,0.0691611
664696,0.96442413
664697,0.40622425
664698,0.13957322
664699,0.9364475
664700,0.35052112
664701,0.08831565
664702,0.00166313
664703,0.00718319
664704,0.98093706
664705,0.9815438
664706,0.8013427
664707,0.99059045
664708,0.93067336
664709,0.44162697
664710,0.8832718
664711,0.0052158553
664712,0.9953859
664713,0.0035718803
664714,0.035678398
664715,0.9912765
664716,0.013775378
664717,0.04338874
664718,0.2514766
664719,0.0042826952
664720,0.9073973
664721,0.1814973
664722,0.9426376
664723,0.019069858
664724,0.9950308
664725,0.19315
664726,0.00077510206
664727,0.01290931
664728,0.16063203
664729,0.1030081
664730,0.06963071
664731,0.875384
664732,0.019973569
664733,0.03452566
664734,0.98857063
664735,0.10987049
664736,0.012319984
664737,0.0015531891
664738,0.85850245
664739,0.01888606
664740,0.6895933
664741,0.9883145
664742,0.98193026
664743,0.015117341
664744,0.07967541
664745,0.91025114
664746,0.13725828
664747,0.085825615
664748,0.07174146
664749,0.72708285
664750,0.017820975
664751,0.99647117
664752,0.0053511714
664753,0.0025236653
664754,0.017345542
664755,0.3533615
664756,0.007119679
664757,0.0128829535
664758,0.017624494
664759,0.0065929666
664760,0.9943614
664761,0.27095586
664762,0.96582216
664763,0.690772
664764,0.9895261
664765,0.30812228
664766,0.031156275
664767,0.9826922
664768,0.94766575
664769,0.18103853
664770,0.1659023
664771,0.99668133
664772,0.38715917
664773,0.993817
664774,0.66841257
664775,0.6819256
664776,0.042732906
664777,0.89845455
664778,0.99514127
664779,0.030000878
664780,0.0034477243
664781,0.98700744
664782,0.090277836
664783,0.02055014
664784,0.0034894117
664785,0.018371467
664786,0.9908658
664787,0.6484512
664788,0.8111198
664789,0.039452866
664790,0.9939416
664791,0.026389532
664792,0.7959476
664793,0.0045248736
664794,0.31220385
664795,0.6024529
664796,0.115608186
664797,0.3367214
664798,0.8691281
664799,0.95372903
664800,0.9787055
664801,0.9577561
664802,0.03796617
664803,0.66557807
664804,0.96714723
664805,0.123173915
664806,0.06179432
664807,0.8284287
664808,0.9673695
664809,0.3754114
664810,0.9306747
664811,0.028640773
664812,0.90442914
664813,0.2876647
664814,0.6563082
664815,0.9743938
664816,0.1447997
664817,0.43053007
664818,0.06163061
664819,0.40904444
664820,0.015021376
664821,0.41894278
664822,0.021334397
664823,0.74937654
664824,0.04735759
664825,0.9833991
664826,0.10554765
664827,0.5052242
664828,0.09357948
664829,0.96028
664830,0.044346027
664831,0.9960264
664832,0.59108925
664833,0.092764616
664834,0.011478026
664835,0.94265497
664836,0.969188
664837,0.0228048
664838,0.98755664
664839,0.94451076
664840,0.9699999
664841,0.05053123
664842,0.06414997
664843,0.007552429
664844,0.8883364
664845,0.20160694
664846,0.016950116
664847,0.0015129005
664848,0.44469965
664849,0.2857387
664850,0.4312359
664851,0.02606231
664852,0.20969184
664853,0.1669337
664854,0.026716296
664855,0.6686713
664856,0.26086426
664857,0.48459077
664858,0.042779077
664859,0.047386874
664860,0.13735566
664861,0.017784454
664862,0.9010229
664863,0.02951492
664864,0.025451055
664865,0.9876986
664866,0.044859193
664867,0.023865454
664868,0.4028595
664869,0.05736695
664870,0.13828838
664871,0.014488974
664872,0.99800384
664873,0.06286184
664874,0.007716282
664875,0.376714
664876,0.9933546
664877,0.6771815
664878,0.92949635
664879,0.026224911
664880,0.9067801
664881,0.30893442
664882,0.020591302
664883,0.29278126
664884,0.9788682
664885,0.06910516
664886,0.3875541
664887,0.26538616
664888,0.015779154
664889,0.012274798
664890,0.99513346
664891,0.023385363
664892,0.7502578
664893,0.12337788
664894,0.18399914
664895,0.1974409
664896,0.0031692425
664897,0.23279813
664898,0.9537157
664899,0.9786185
664900,0.11127411
664901,0.9975772
664902,0.040304236
664903,0.3059049
664904,0.023354266
664905,0.7823751
664906,0.8512626
664907,0.34018186
664908,0.01133676
664909,0.17636007
664910,0.97226226
664911,0.13353641
664912,0.16511069
664913,0.9296125
664914,0.091650754
664915,0.02161512
664916,0.01344013
664917,0.010118009
664918,0.9249356
664919,0.56275487
664920,0.020723365
664921,0.6836468
664922,0.02673126
664923,0.06665759
664924,0.3284993
664925,0.9910803
664926,0.9575101
664927,0.009064234
664928,0.30083227
664929,0.05254803
664930,0.57535803
664931,0.99247235
664932,0.057715192
664933,0.050759472
664934,0.6228356
664935,0.9482539
664936,0.9975884
664937,0.058712605
664938,0.06466603
664939,0.2164973
664940,0.99877286
664941,0.06601536
664942,0.9933463
664943,0.5645479
664944,0.6526126
664945,0.008479204
664946,0.002761389
664947,0.1555594
664948,0.16313362
664949,0.02788334
664950,0.98362285
664951,0.16231227
664952,0.99787307
664953,0.024209548
664954,0.24362427
664955,0.9972963
664956,0.7860313
664957,0.97266966
664958,0.21056293
664959,0.9973029
664960,0.95363975
664961,0.96230173
664962,0.023634754
664963,0.91464543
664964,0.9004631
664965,0.0077881995
664966,0.093106695
664967,0.6896167
664968,0.498434
664969,0.017555889
664970,0.8641016
664971,0.16597569
664972,0.7109067
664973,0.2713136
664974,0.97363204
664975,0.9802362
664976,0.0381597
664977,0.022162577
664978,0.4696013
664979,0.26538843
664980,0.02310167
664981,0.27414018
664982,0.99901503
664983,0.98254496
664984,0.18414447
664985,0.19075575
664986,0.0065114875
664987,0.30776235
664988,0.99298114
664989,0.04023582
664990,0.7483598
664991,0.017800454
664992,0.20944904
664993,0.9959408
664994,0.95819944
664995,0.98709834
664996,0.008044211
664997,0.13421732
664998,0.90062624
664999,0.075094044
665000,0.01074403
665001,0.9727044
665002,0.005140095
665003,0.14002377
665004,0.99721545
665005,0.5336439
665006,0.84464884
665007,0.8577643
665008,0.64321864
665009,0.12297334
665010,0.004840957
665011,0.005676656
665012,0.35623318
665013,0.39439183
665014,0.03036348
665015,0.004652152
665016,0.8875448
665017,0.79683095
665018,0.019503374
665019,0.0090487655
665020,0.88451344
665021,0.08216241
665022,0.004212985
665023,0.003502191
665024,0.0031878334
665025,0.8324954
665026,0.6820589
665027,0.9805291
665028,0.85025233
665029,0.8780903
665030,0.029897874
665031,0.6009987
665032,0.9731167
665033,0.98785186
665034,0.014888755
665035,0.9763533
665036,0.030773403
665037,0.040289115
665038,0.99687046
665039,0.17532429
665040,0.7019413
665041,0.0038751224
665042,0.027693618
665043,0.994718
665044,0.9583938
665045,0.8853047
665046,0.88696766
665047,0.99194735
665048,0.9638368
665049,0.8284948
665050,0.17804557
665051,0.9781017
665052,0.06884545
665053,0.4318636
665054,0.76237655
665055,0.005269247
665056,0.9760983
665057,0.9982303
665058,0.9029674
665059,0.99872434
665060,0.036682814
665061,0.049182653
665062,0.3020763
665063,0.029252358
665064,0.9230131
665065,0.90772355
665066,0.90182984
665067,0.99567455
665068,0.5653462
665069,0.9972696
665070,0.99811757
665071,0.97551847
665072,0.98354936
665073,0.05077032
665074,0.17205864
665075,0.16917866
665076,0.035773113
665077,0.85098726
665078,0.048726622
665079,0.99462354
665080,0.107219316
665081,0.9490266
665082,0.016721569
665083,0.19493923
665084,0.004046797
665085,0.37124002
665086,0.9916932
665087,0.9943241
665088,0.056066684
665089,0.9471605
665090,0.9517963
665091,0.049783297
665092,0.9201603
665093,0.9294639
665094,0.6103065
665095,0.2312215
665096,0.08711867
665097,0.9046428
665098,0.9075757
665099,0.06757821
665100,0.013137298
665101,0.97196597
665102,0.029291034
665103,0.94878966
665104,0.22831202
665105,0.9058659
665106,0.9347046
665107,0.0071594208
665108,0.048480563
665109,0.81666803
665110,0.6628746
665111,0.59495693
665112,0.2538058
665113,0.004229571
665114,0.8743208
665115,0.12633386
665116,0.36593735
665117,0.97648674
665118,0.9436467
665119,0.9926618
665120,0.99881876
665121,0.012960333
665122,0.99877983
665123,0.99587584
665124,0.5478959
665125,0.061627537
665126,0.9728657
665127,0.0149637265
665128,0.8594647
665129,0.84766424
665130,0.05106544
665131,0.6932498
665132,0.97239286
665133,0.9490436
665134,0.0248252
665135,0.035987504
665136,0.031042427
665137,0.018661316
665138,0.99100554
665139,0.0065113297
665140,0.9966279
665141,0.765624
665142,0.7699994
665143,0.7212225
665144,0.8627974
665145,0.49624658
665146,0.4884913
665147,0.05890835
665148,0.9729603
665149,0.6879434
665150,0.024042165
665151,0.9917378
665152,0.9897636
665153,0.05495312
665154,0.12431839
665155,0.9940424
665156,0.11152755
665157,0.014896294
665158,0.63199466
665159,0.0019602827
665160,0.8595892
665161,0.03174517
665162,0.82650167
665163,0.0070449067
665164,0.097507596
665165,0.97091705
665166,0.90447724
665167,0.092780285
665168,0.8692126
665169,0.90230846
665170,0.99088
665171,0.05873031
665172,0.024775613
665173,0.014448697
665174,0.88293636
665175,0.9753577
665176,0.4819489
665177,0.9560957
665178,0.71012306
665179,0.98902285
665180,0.8127067
665181,0.6380266
665182,0.9136988
665183,0.83122474
665184,0.043278076
665185,0.022394149
665186,0.5597992
665187,0.9637599
665188,0.011031688
665189,0.017553147
665190,0.26698598
665191,0.93698066
665192,0.9516611
665193,0.9772547
665194,0.005527623
665195,0.056418575
665196,0.9969434
665197,0.007278184
665198,0.978325
665199,0.00644892
665200,0.18585166
665201,0.017245952
665202,0.05992038
665203,0.050510205
665204,0.003571814
665205,0.9994238
665206,0.7087598
665207,0.25418878
665208,0.96262074
665209,0.8868774
665210,0.0696901
665211,0.14034855
665212,0.054931387
665213,0.9651836
665214,0.027338209
665215,0.0049128635
665216,0.9925349
665217,0.10932243
665218,0.4185244
665219,0.9975646
665220,0.008807522
665221,0.9802635
665222,0.39646482
665223,0.03463625
665224,0.9871228
665225,0.27293804
665226,0.019411039
665227,0.016831325
665228,0.068947986
665229,0.95006883
665230,0.0045700707
665231,0.83091843
665232,0.15185997
665233,0.05585754
665234,0.039925307
665235,0.0052705808
665236,0.9990723
665237,0.15753588
665238,0.57406306
665239,0.062527046
665240,0.9454434
665241,0.9397398
665242,0.989645
665243,0.10673251
665244,0.87208444
665245,0.95500886
665246,0.005888491
665247,0.023347864
665248,0.20777915
665249,0.96750087
665250,0.14413291
665251,0.8493297
665252,0.0019011126
665253,0.5583501
665254,0.0026520747
665255,0.94444704
665256,0.01921216
665257,0.16019842
665258,0.9587905
665259,0.98888403
665260,0.076247066
665261,0.97985417
665262,0.97851914
665263,0.99440277
665264,0.7637604
665265,0.75508887
665266,0.80926466
665267,0.99847424
665268,0.929144
665269,0.079765014
665270,0.0017843081
665271,0.040611923
665272,0.9599894
665273,0.5212699
665274,0.8157431
665275,0.40642366
665276,0.9382569
665277,0.6554893
665278,0.016927255
665279,0.17837898
665280,0.98119885
665281,0.0033604112
665282,0.22730309
665283,0.014326291
665284,0.7027951
665285,0.3214321
665286,0.9895922
665287,0.841738
665288,0.04664252
665289,0.044527072
665290,0.019769233
665291,0.16166504
665292,0.45444226
665293,0.9849109
665294,0.9841976
665295,0.13999629
665296,0.9950243
665297,0.93403924
665298,0.006157667
665299,0.9968842
665300,0.8978714
665301,0.85095984
665302,0.9792843
665303,0.9963447
665304,0.018052123
665305,0.9612205
665306,0.057148457
665307,0.3303594
665308,0.990906
665309,0.9571725
665310,0.039530847
665311,0.9967358
665312,0.72144914
665313,0.007839291
665314,0.8021928
665315,0.97298324
665316,0.9932892
665317,0.15121232
665318,0.54332584
665319,0.06820568
665320,0.037984863
665321,0.04081572
665322,0.9973605
665323,0.008344235
665324,0.17605685
665325,0.7395198
665326,0.94335043
665327,0.96756035
665328,0.017903522
665329,0.4438951
665330,0.018201597
665331,0.03922365
665332,0.014585815
665333,0.08659621
665334,0.81151545
665335,0.9375866
665336,0.411725
665337,0.24906303
665338,0.041532964
665339,0.8799245
665340,0.014766292
665341,0.111655965
665342,0.7795914
665343,0.8709525
665344,0.041572984
665345,0.9833176
665346,0.8682642
665347,0.9966348
665348,0.9540577
665349,0.02158603
665350,0.8378209
665351,0.9370279
665352,0.7991133
665353,0.26178673
665354,0.9544221
665355,0.99014026
665356,0.007492996
665357,0.22424982
665358,0.032801792
665359,0.49510834
665360,0.14337455
665361,0.9954304
665362,0.115177944
665363,0.9986012
665364,0.012704836
665365,0.051971238
665366,0.023733323
665367,0.9479456
665368,0.83410394
665369,0.31203628
665370,0.7544152
665371,0.0052545248
665372,0.01016703
665373,0.8715588
665374,0.5327945
665375,0.19049393
665376,0.067176804
665377,0.16477707
665378,0.008751546
665379,0.99626076
665380,0.8752037
665381,0.014837307
665382,0.1707523
665383,0.004860674
665384,0.7648146
665385,0.58051383
665386,0.98157275
665387,0.9740075
665388,0.9985124
665389,0.13297488
665390,0.661061
665391,0.37358004
665392,0.98748326
665393,0.17347242
665394,0.005386587
665395,0.79204094
665396,0.99854815
665397,0.9908519
665398,0.012605678
665399,0.8812766
665400,0.031326354
665401,0.95671886
665402,0.16727847
665403,0.04119408
665404,0.9909846
665405,0.983362
665406,0.99580324
665407,0.37285358
665408,0.008758764
665409,0.9809911
665410,0.060366742
665411,0.9071767
665412,0.015070887
665413,0.019289296
665414,0.9328835
665415,0.042417996
665416,0.97522324
665417,0.0026579006
665418,0.34066224
665419,0.923045
665420,0.19300649
665421,0.96151674
665422,0.01618442
665423,0.05297143
665424,0.029938301
665425,0.8726171
665426,0.06830378
665427,0.6533661
665428,0.31369328
665429,0.20365116
665430,0.010302762
665431,0.98755306
665432,0.8733504
665433,0.9850649
665434,0.07055354
665435,0.0031982793
665436,0.81969017
665437,0.03453911
665438,0.33231813
665439,0.28191087
665440,0.73223114
665441,0.02274052
665442,0.9990193
665443,0.500721
665444,0.009448532
665445,0.4284144
665446,0.28998587
665447,0.013424036
665448,0.030911915
665449,0.0014027616
665450,0.9761473
665451,0.99339694
665452,0.09776111
665453,0.97887814
665454,0.60413533
665455,0.017549517
665456,0.15081085
665457,0.110137716
665458,0.14311308
665459,0.0067067742
665460,0.9391004
665461,0.9435365
665462,0.07212508
665463,0.97814435
665464,0.0402838
665465,0.99822253
665466,0.0021090435
665467,0.025244301
665468,0.9940926
665469,0.99384034
665470,0.10396394
665471,0.09507452
665472,0.9916222
665473,0.96968985
665474,0.01878099
665475,0.0017924005
665476,0.05697158
665477,0.2438617
665478,0.6917319
665479,0.02141794
665480,0.3971624
665481,0.37674516
665482,0.49167094
665483,0.024912458
665484,0.032779515
665485,0.0074727256
665486,0.41143116
665487,0.0124922525
665488,0.004333901
665489,0.47195596
665490,0.15523109
665491,0.9382566
665492,0.05539282
665493,0.008307455
665494,0.090802774
665495,0.9599904
665496,0.79996777
665497,0.2883808
665498,0.33618826
665499,0.98942995
665500,0.04446909
665501,0.017510304
665502,0.86773247
665503,0.7200991
665504,0.501493
665505,0.033311717
665506,0.011133664
665507,0.016344845
665508,0.017257076
665509,0.002456062
665510,0.017743582
665511,0.0028404552
665512,0.9984932
665513,0.121727705
665514,0.11196789
665515,0.011501234
665516,0.7672705
665517,0.9994118
665518,0.057207916
665519,0.99238217
665520,0.9884207
665521,0.03480985
665522,0.07405108
665523,0.61904895
665524,0.012370532
665525,0.012291124
665526,0.29760528
665527,0.90318686
665528,0.07782783
665529,0.005333445
665530,0.06812732
665531,0.009619597
665532,0.013164828
665533,0.031837367
665534,0.666904
665535,0.98073506
665536,0.08560346
665537,0.98325276
665538,0.047928974
665539,0.027410518
665540,0.03847745
665541,0.39396337
665542,0.7093195
665543,0.492485
665544,0.0047224066
665545,0.20640118
665546,0.062354587
665547,0.9771269
665548,0.49765915
665549,0.9674286
665550,0.23788935
665551,0.1348
665552,0.76428956
665553,0.083911486
665554,0.114554346
665555,0.9890411
665556,0.97146857
665557,0.1900748
665558,0.025612345
665559,0.96874356
665560,0.015091793
665561,0.007474087
665562,0.043631654
665563,0.16747648
665564,0.0020398744
665565,0.97330534
665566,0.009053107
665567,0.9930016
665568,0.9798754
665569,0.4198833
665570,0.38544655
665571,0.0043159076
665572,0.9667546
665573,0.6943484
665574,0.043998446
665575,0.096560106
665576,0.23462641
665577,0.7263501
665578,0.01696422
665579,0.9024226
665580,0.39209288
665581,0.013283864
665582,0.031488944
665583,0.012956612
665584,0.06356186
665585,0.00910015
665586,0.3140059
665587,0.12503967
665588,0.8551108
665589,0.91736
665590,0.35639575
665591,0.018105423
665592,0.97711235
665593,0.99080414
665594,0.15405574
665595,0.17018512
665596,0.078280136
665597,0.28750765
665598,0.9471564
665599,0.38621306
665600,0.9979402
665601,0.90998864
665602,0.015712058
665603,0.99561036
665604,0.06439921
665605,0.0074143885
665606,0.35169342
665607,0.91385597
665608,0.073058866
665609,0.0248988
665610,0.23274124
665611,0.7287357
665612,0.09399398
665613,0.0052160956
665614,0.012961652
665615,0.7818425
665616,0.028503343
665617,0.12317802
665618,0.9201597
665619,0.6836373
665620,0.032049015
665621,0.9885677
665622,0.8350835
665623,0.42910844
665624,0.16553366
665625,0.014607042
665626,0.05831805
665627,0.6962063
665628,0.7428211
665629,0.17679866
665630,0.009014842
665631,0.38404986
665632,0.33207935
665633,0.016859766
665634,0.3834639
665635,0.559042
665636,0.9925666
665637,0.6650804
665638,0.21954273
665639,0.91087294
665640,0.30756673
665641,0.4154013
665642,0.13805924
665643,0.9904127
665644,0.9784778
665645,0.6379702
665646,0.8966872
665647,0.070200935
665648,0.84855115
665649,0.9301643
665650,0.050591394
665651,0.023889616
665652,0.011626219
665653,0.008307964
665654,0.95129657
665655,0.9119659
665656,0.028525531
665657,0.9931702
665658,0.134311
665659,0.02438036
665660,0.3660649
665661,0.04823546
665662,0.012219362
665663,0.9854907
665664,0.9776908
665665,0.026701076
665666,0.96576065
665667,0.047409885
665668,0.0053889523
665669,0.8073948
665670,0.95941174
665671,0.01399241
665672,0.17872825
665673,0.93493783
665674,0.06735055
665675,0.92270166
665676,0.9485105
665677,0.098508045
665678,0.4161534
665679,0.9235147
665680,0.86837816
665681,0.019033475
665682,0.99669
665683,0.008622107
665684,0.03602035
665685,0.99264973
665686,0.006518181
665687,0.9434164
665688,0.282669
665689,0.86150175
665690,0.05295517
665691,0.89015955
665692,0.2841352
665693,0.41224995
665694,0.0019729137
665695,0.9178482
665696,0.96788615
665697,0.003111728
665698,0.12738824
665699,0.011074709
665700,0.024747577
665701,0.9023217
665702,0.537999
665703,0.04489881
665704,0.89719176
665705,0.73039603
665706,0.018931618
665707,0.19634074
665708,0.048718236
665709,0.054207064
665710,0.2043894
665711,0.14689332
665712,0.31598145
665713,0.9918872
665714,0.5071814
665715,0.5026939
665716,0.6966072
665717,0.0014056147
665718,0.13544483
665719,0.014299269
665720,0.082039885
665721,0.7538044
665722,0.97529167
665723,0.067184225
665724,0.0021556958
665725,0.8325996
665726,0.03724214
665727,0.99755883
665728,0.66721845
665729,0.09174674
665730,0.03056186
665731,0.0066590346
665732,0.039139442
665733,0.99804825
665734,0.9752268
665735,0.29340777
665736,0.070021816
665737,0.15863422
665738,0.004480393
665739,0.95567316
665740,0.16857491
665741,0.086042136
665742,0.90115017
665743,0.98243237
665744,0.72850186
665745,0.35962903
665746,0.9960805
665747,0.915179
665748,0.04345667
665749,0.035428926
665750,0.8177824
665751,0.034386035
665752,0.010559043
665753,0.9894896
665754,0.25313374
665755,0.9376073
665756,0.0067228125
665757,0.006327667
665758,0.9296528
665759,0.975054
665760,0.21448614
665761,0.990248
665762,0.08626363
665763,0.04443613
665764,0.16048385
665765,0.9643894
665766,0.46766695
665767,0.89740074
665768,0.04435079
665769,0.022766212
665770,0.09267454
665771,0.05874923
665772,0.99537754
665773,0.98348504
665774,0.8013351
665775,0.0071817683
665776,0.87877196
665777,0.99628955
665778,0.75031334
665779,0.9372235
665780,0.4592659
665781,0.4757294
665782,0.9736091
665783,0.60829186
665784,0.91192764
665785,0.21154317
665786,0.21018413
665787,0.08475029
665788,0.05554927
665789,0.1213054
665790,0.7984042
665791,0.0859448
665792,0.081161305
665793,0.99314135
665794,0.00992634
665795,0.9746573
665796,0.9924039
665797,0.058577903
665798,0.90354645
665799,0.960148
665800,0.01701147
665801,0.77422583
665802,0.30212072
665803,0.9990526
665804,0.1469728
665805,0.95855176
665806,0.0014878355
665807,0.9389218
665808,0.034562588
665809,0.94235194
665810,0.349472
665811,0.986871
665812,0.011374261
665813,0.17544585
665814,0.057097748
665815,0.32258648
665816,0.9559156
665817,0.7389183
665818,0.15687121
665819,0.12627983
665820,0.11389956
665821,0.6178245
665822,0.108216204
665823,0.21868867
665824,0.85782146
665825,0.81530845
665826,0.99757236
665827,0.56733775
665828,0.61593103
665829,0.95487463
665830,0.016861036
665831,0.30842704
665832,0.9942608
665833,0.003893239
665834,0.9562018
665835,0.1696733
665836,0.040958297
665837,0.020204298
665838,0.98165345
665839,0.9199247
665840,0.92365813
665841,0.97410786
665842,0.18922529
665843,0.998911
665844,0.032814063
665845,0.15162906
665846,0.03201986
665847,0.90180373
665848,0.0046978095
665849,0.046312697
665850,0.045686044
665851,0.97864705
665852,0.1154521
665853,0.9196999
665854,0.10577536
665855,0.9613937
665856,0.9860423
665857,0.03545948
665858,0.37360984
665859,0.9785984
665860,0.16622752
665861,0.0071842754
665862,0.99815714
665863,0.93452096
665864,0.95965964
665865,0.48221672
665866,0.010493277
665867,0.007977147
665868,0.03000437
665869,0.99392045
665870,0.042412184
665871,0.010388446
665872,0.78949326
665873,0.043749202
665874,0.20986262
665875,0.0582448
665876,0.050482746
665877,0.020420646
665878,0.027909975
665879,0.9939125
665880,0.05927181
665881,0.103951775
665882,0.61019826
665883,0.98215246
665884,0.9371961
665885,0.99458355
665886,0.08716565
665887,0.66111284
665888,0.020639276
665889,0.996863
665890,0.9937275
665891,0.9946376
665892,0.012962207
665893,0.9871012
665894,0.33175084
665895,0.92842746
665896,0.01316201
665897,0.09177047
665898,0.9616324
665899,0.17060447
665900,0.023961226
665901,0.2601271
665902,0.04411114
665903,0.1699052
665904,0.028762251
665905,0.057169497
665906,0.0670174
665907,0.98972785
665908,0.41885674
665909,0.76016676
665910,0.95208657
665911,0.8981738
665912,0.64
665913,0.70673776
665914,0.0071919295
665915,0.0023511783
665916,0.0066038016
665917,0.08490799
665918,0.007338324
665919,0.89747524
665920,0.0226714
665921,0.014738391
665922,0.27139452
665923,0.015785933
665924,0.023401527
665925,0.10921731
665926,0.8387519
665927,0.9906397
665928,0.42158306
665929,0.059864618
665930,0.17975666
665931,0.30164436
665932,0.013500533
665933,0.9939762
665934,0.9949414
665935,0.98937637
665936,0.8579958
665937,0.004542576
665938,0.9756844
665939,0.98341566
665940,0.7385568
665941,0.8783628
665942,0.096488826
665943,0.019810835
665944,0.49147558
665945,0.9755653
665946,0.016914979
665947,0.9835645
665948,0.9701623
665949,0.8659673
665950,0.078912705
665951,0.98697466
665952,0.018176284
665953,0.8615289
665954,0.34686163
665955,0.99789023
665956,0.03200787
665957,0.98158216
665958,0.89672756
665959,0.07122461
665960,0.09473173
665961,0.4771703
665962,0.4338957
665963,0.9744199
665964,0.004570067
665965,0.71516895
665966,0.9931501
665967,0.32591873
665968,0.9313946
665969,0.005490881
665970,0.44679394
665971,0.9894184
665972,0.106739655
665973,0.9945924
665974,0.007100187
665975,0.9959142
665976,0.0066280654
665977,0.039959744
665978,0.95872474
665979,0.023663815
665980,0.9668349
665981,0.009069128
665982,0.9962546
665983,0.08402715
665984,0.0021012283
665985,0.22085908
665986,0.93101
665987,0.012645563
665988,0.99698424
665989,0.9855063
665990,0.3382824
665991,0.92564964
665992,0.983934
665993,0.602194
665994,0.028098399
665995,0.4038592
665996,0.59960306
665997,0.16512889
665998,0.09555971
665999,0.7370492
666000,0.9800254
666001,0.1748134
666002,0.5110673
666003,0.015316779
666004,0.77986133
666005,0.7326563
666006,0.9986422
666007,0.64385855
666008,0.9637022
666009,0.21474482
666010,0.94668067
666011,0.856105
666012,0.054710746
666013,0.002929322
666014,0.92321306
666015,0.08820115
666016,0.48373628
666017,0.20514299
666018,0.8734206
666019,0.006468512
666020,0.5676755
666021,0.080256544
666022,0.9410495
666023,0.842711
666024,0.54241663
666025,0.006276452
666026,0.9806019
666027,0.045540538
666028,0.9953573
666029,0.0024697457
666030,0.22857052
666031,0.029741777
666032,0.6874101
666033,0.9932536
666034,0.030538563
666035,0.02150951
666036,0.9966439
666037,0.9469874
666038,0.013308189
666039,0.091890305
666040,0.051695794
666041,0.9343052
666042,0.018442266
666043,0.9785648
666044,0.9932457
666045,0.96268827
666046,0.04434045
666047,0.014600515
666048,0.8275049
666049,0.6035521
666050,0.2093092
666051,0.462159
666052,0.98940927
666053,0.48539355
666054,0.14120767
666055,0.028571546
666056,0.84908795
666057,0.91014504
666058,0.034799483
666059,0.42740685
666060,0.6650841
666061,0.98648566
666062,0.014730241
666063,0.8267641
666064,0.01697888
666065,0.16802971
666066,0.05122337
666067,0.9825158
666068,0.95805764
666069,0.5244703
666070,0.9984261
666071,0.35179642
666072,0.9970698
666073,0.011685511
666074,0.012427327
666075,0.33614895
666076,0.567122
666077,0.08016081
666078,0.0022996978
666079,0.028630596
666080,0.98805165
666081,0.2168573
666082,0.9466861
666083,0.00077450206
666084,0.31565413
666085,0.18253596
666086,0.6606729
666087,0.9774365
666088,0.94000864
666089,0.12256941
666090,0.038997333
666091,0.95980525
666092,0.9965352
666093,0.9988413
666094,0.014135049
666095,0.62384915
666096,0.121715136
666097,0.73122734
666098,0.26737875
666099,0.54386294
666100,0.13704619
666101,0.050655846
666102,0.04928173
666103,0.92461026
666104,0.024523424
666105,0.013577205
666106,0.36838233
666107,0.2251826
666108,0.98920476
666109,0.9977142
666110,0.0732606
666111,0.9963851
666112,0.3752819
666113,0.022349387
666114,0.9919801
666115,0.0056807916
666116,0.031697538
666117,0.933212
666118,0.008967027
666119,0.26268756
666120,0.9894653
666121,0.41182026
666122,0.26736385
666123,0.12448408
666124,0.31284803
666125,0.8169613
666126,0.625955
666127,0.99539334
666128,0.62631655
666129,0.0014587033
666130,0.21431094
666131,0.050540984
666132,0.46597517
666133,0.14694625
666134,0.95902485
666135,0.025856992
666136,0.09338728
666137,0.031911865
666138,0.9482541
666139,0.3395077
666140,0.93115014
666141,0.7885694
666142,0.008901464
666143,0.76298815
666144,0.80415905
666145,0.88849056
666146,0.24631682
666147,0.9285526
666148,0.08078895
666149,0.9910861
666150,0.036656216
666151,0.36408463
666152,0.06409214
666153,0.010141811
666154,0.95177037
666155,0.9882612
666156,0.0029165468
666157,0.8797911
666158,0.9770163
666159,0.9534993
666160,0.9279938
666161,0.5909865
666162,0.5713479
666163,0.20415601
666164,0.994269
666165,0.87138826
666166,0.1751613
666167,0.006319917
666168,0.2645329
666169,0.035280712
666170,0.045463555
666171,0.6053536
666172,0.54322183
666173,0.021256175
666174,0.9963167
666175,0.7446301
666176,0.038800355
666177,0.012316165
666178,0.05131915
666179,0.73437166
666180,0.0060014133
666181,0.8750833
666182,0.9332609
666183,0.09617284
666184,0.043551322
666185,0.69154274
666186,0.020209953
666187,0.013874494
666188,0.49589065
666189,0.049770795
666190,0.017658459
666191,0.9773293
666192,0.26976156
666193,0.025817338
666194,0.032247405
666195,0.043814976
666196,0.0039390633
666197,0.09167588
666198,0.06744215
666199,0.05105973
666200,0.18943377
666201,0.024358628
666202,0.28815618
666203,0.021188103
666204,0.43349972
666205,0.08181135
666206,0.7035679
666207,0.2058388
666208,0.054439556
666209,0.9960077
666210,0.75495946
666211,0.99375725
666212,0.00055477093
666213,0.055557404
666214,0.9605706
666215,0.3201001
666216,0.99116147
666217,0.98925537
666218,0.008274839
666219,0.09360467
666220,0.60248744
666221,0.25731236
666222,0.008282851
666223,0.12269654
666224,0.17439698
666225,0.017776249
666226,0.0020320944
666227,0.15944889
666228,0.051980708
666229,0.061509307
666230,0.06154459
666231,0.03323856
666232,0.9991134
666233,0.004502667
666234,0.52401686
666235,0.97383016
666236,0.7927753
666237,0.023740007
666238,0.057659812
666239,0.75419855
666240,0.0043696025
666241,0.12469983
666242,0.010325408
666243,0.78854454
666244,0.8928853
666245,0.08684002
666246,0.35258085
666247,0.8566903
666248,0.21477547
666249,0.080093145
666250,0.075241104
666251,0.02787172
666252,0.021704532
666253,0.83224696
666254,0.9586895
666255,0.048044153
666256,0.023072043
666257,0.46851948
666258,0.632148
666259,0.18488333
666260,0.9250832
666261,0.06751846
666262,0.08437448
666263,0.9113875
666264,0.011779645
666265,0.8859671
666266,0.007031138
666267,0.7298072
666268,0.03977712
666269,0.82060045
666270,0.35799932
666271,0.99545294
666272,0.7728492
666273,0.0072274283
666274,0.7659365
666275,0.4036503
666276,0.025652215
666277,0.60465366
666278,0.0026191636
666279,0.056244846
666280,0.46025956
666281,0.03912282
666282,0.16655183
666283,0.8822912
666284,0.8017563
666285,0.9911462
666286,0.003121968
666287,0.8301604
666288,0.6996002
666289,0.99872804
666290,0.48145056
666291,0.9215426
666292,0.5062351
666293,0.9709512
666294,0.97924244
666295,0.3547247
666296,0.9911583
666297,0.5221117
666298,0.10586547
666299,0.9748438
666300,0.084406085
666301,0.017508153
666302,0.06483282
666303,0.98149264
666304,0.4464625
666305,0.84581554
666306,0.01630173
666307,0.090495855
666308,0.8813878
666309,0.07688594
666310,0.04554946
666311,0.8476182
666312,0.95297533
666313,0.9458279
666314,0.3878693
666315,0.9686649
666316,0.55585533
666317,0.98767626
666318,0.92221296
666319,0.4367612
666320,0.91434944
666321,0.027743276
666322,0.28614423
666323,0.5496702
666324,0.043825362
666325,0.9097879
666326,0.9809379
666327,0.9637969
666328,0.20998192
666329,0.13822079
666330,0.020034492
666331,0.03621048
666332,0.81583637
666333,0.7288699
666334,0.9657248
666335,0.011232166
666336,0.9381417
666337,0.83315736
666338,0.014918795
666339,0.015620577
666340,0.27022058
666341,0.20123136
666342,0.4055812
666343,0.033388913
666344,0.510776
666345,0.86364806
666346,0.003964697
666347,0.30973944
666348,0.009913323
666349,0.028109374
666350,0.9582584
666351,0.96548474
666352,0.059233434
666353,0.8592133
666354,0.79528964
666355,0.9924682
666356,0.6193389
666357,0.022165712
666358,0.96162355
666359,0.3892711
666360,0.98638743
666361,0.044911135
666362,0.98309124
666363,0.9565721
666364,0.0154488385
666365,0.56431776
666366,0.9396818
666367,0.85437167
666368,0.022404786
666369,0.8751601
666370,0.014403844
666371,0.977743
666372,0.9688479
666373,0.008131441
666374,0.5362736
666375,0.9714033
666376,0.65599674
666377,0.7466647
666378,0.2746985
666379,0.019124772
666380,0.041839983
666381,0.0328384
666382,0.85814863
666383,0.9735374
666384,0.5691916
666385,0.16984797
666386,0.2128939
666387,0.99962336
666388,0.010224408
666389,0.8899945
666390,0.99372345
666391,0.89754266
666392,0.022129606
666393,0.12481277
666394,0.99868137
666395,0.041181996
666396,0.4188457
666397,0.06357634
666398,0.96347356
666399,0.7172011
666400,0.8037166
666401,0.984851
666402,0.97726864
666403,0.060113396
666404,0.052629326
666405,0.96748036
666406,0.87504935
666407,0.70305103
666408,0.016713528
666409,0.9036851
666410,0.037038475
666411,0.95437294
666412,0.01062409
666413,0.99912333
666414,0.19662057
666415,0.63850003
666416,0.22553028
666417,0.74647486
666418,0.09178274
666419,0.3995988
666420,0.88247645
666421,0.005960996
666422,0.43618655
666423,0.034044046
666424,0.017472802
666425,0.35286003
666426,0.005968131
666427,0.60336816
666428,0.013235362
666429,0.8749395
666430,0.33120674
666431,0.92595214
666432,0.46928668
666433,0.33762956
666434,0.0088404
666435,0.9885571
666436,0.09971345
666437,0.7964641
666438,0.018111406
666439,0.99749285
666440,0.9944565
666441,0.86910385
666442,0.024428813
666443,0.9864943
666444,0.0076872334
666445,0.96272534
666446,0.17194703
666447,0.01171849
666448,0.9044115
666449,0.9799094
666450,0.57496923
666451,0.9859994
666452,0.07931514
666453,0.011537441
666454,0.98744345
666455,0.96999943
666456,0.9764874
666457,0.057497025
666458,0.94080275
666459,0.0405225
666460,0.00826611
666461,0.9233012
666462,0.4825637
666463,0.6931202
666464,0.9724575
666465,0.733661
666466,0.100245714
666467,0.99459267
666468,0.012017863
666469,0.020737324
666470,0.7846454
666471,0.0068406034
666472,0.31158864
666473,0.008489102
666474,0.96758556
666475,0.010008427
666476,0.05262421
666477,0.072314024
666478,0.0077374224
666479,0.026102103
666480,0.010310621
666481,0.034252625
666482,0.031280328
666483,0.7406751
666484,0.9814285
666485,0.18708812
666486,0.009673326
666487,0.0066375444
666488,0.99798983
666489,0.92631346
666490,0.5935651
666491,0.099277675
666492,0.99233544
666493,0.93193996
666494,0.01859854
666495,0.24952199
666496,0.5325408
666497,0.049227588
666498,0.97213924
666499,0.014869403
666500,0.49427864
666501,0.9122901
666502,0.96574926
666503,0.09991889
666504,0.09726165
666505,0.8555558
666506,0.12340521
666507,0.9987353
666508,0.071929425
666509,0.98541194
666510,0.23088858
666511,0.54291
666512,0.016322909
666513,0.015811319
666514,0.21115851
666515,0.041891202
666516,0.9189114
666517,0.64253134
666518,0.9954628
666519,0.047821637
666520,0.20731948
666521,0.5314263
666522,0.055235017
666523,0.31933776
666524,0.34434527
666525,0.023329947
666526,0.96957606
666527,0.9915776
666528,0.8356718
666529,0.22017732
666530,0.7101004
666531,0.63419235
666532,0.85929453
666533,0.11212962
666534,0.9811876
666535,0.9372332
666536,0.2874068
666537,0.074420884
666538,0.9979838
666539,0.15341195
666540,0.18162489
666541,0.31066862
666542,0.9644288
666543,0.5317333
666544,0.9274886
666545,0.036860492
666546,0.7174908
666547,0.10145435
666548,0.82961553
666549,0.72738683
666550,0.0574399
666551,0.99784386
666552,0.031943545
666553,0.04586993
666554,0.98401034
666555,0.006220403
666556,0.016743466
666557,0.9517492
666558,0.015284251
666559,0.016531734
666560,0.9601332
666561,0.5269428
666562,0.9874089
666563,0.030631268
666564,0.9998245
666565,0.3203434
666566,0.03171074
666567,0.96852976
666568,0.057915974
666569,0.8904792
666570,0.024018228
666571,0.60806173
666572,0.001965298
666573,0.8836465
666574,0.0292578
666575,0.025609627
666576,0.9875958
666577,0.008028564
666578,0.090227835
666579,0.05369483
666580,0.011956578
666581,0.7227602
666582,0.010964435
666583,0.67280614
666584,0.6928468
666585,0.37963498
666586,0.6059482
666587,0.2788226
666588,0.38818917
666589,0.4229319
666590,0.9851234
666591,0.8213855
666592,0.2976652
666593,0.36633414
666594,0.005124371
666595,0.09839367
666596,0.007610754
666597,0.017823558
666598,0.015982214
666599,0.0047561936
666600,0.008140331
666601,0.9785183
666602,0.12972398
666603,0.039969325
666604,0.9835155
666605,0.0064474256
666606,0.111352146
666607,0.9907963
666608,0.053489093
666609,0.86931545
666610,0.20927429
666611,0.7370311
666612,0.6986487
666613,0.008536253
666614,0.9910091
666615,0.37581414
666616,0.9155171
666617,0.022921165
666618,0.04660593
666619,0.9870578
666620,0.29719535
666621,0.030236393
666622,0.7622415
666623,0.99749756
666624,0.2356669
666625,0.00520722
666626,0.17690396
666627,0.21184137
666628,0.21135782
666629,0.038875863
666630,0.9092431
666631,0.073786914
666632,0.019882388
666633,0.09603326
666634,0.021632694
666635,0.93612725
666636,0.026421957
666637,0.043266337
666638,0.014575635
666639,0.96515733
666640,0.40967768
666641,0.7099308
666642,0.9757505
666643,0.58202165
666644,0.9656852
666645,0.6799664
666646,0.9761721
666647,0.11533121
666648,0.6371781
666649,0.36818296
666650,0.9911261
666651,0.9937779
666652,0.0554907
666653,0.10156682
666654,0.7354326
666655,0.029886242
666656,0.58145475
666657,0.034580816
666658,0.98643255
666659,0.17091435
666660,0.7377857
666661,0.9978222
666662,0.7545581
666663,0.9883564
666664,0.28054032
666665,0.5360068
666666,0.77983177
666667,0.99726605
666668,0.053532537
666669,0.94821507
666670,0.05438636
666671,0.026807148
666672,0.9925945
666673,0.031155761
666674,0.8547658
666675,0.010400892
666676,0.9888579
666677,0.9533413
666678,0.4868216
666679,0.022537243
666680,0.8941634
666681,0.9699227
666682,0.006605843
666683,0.94006115
666684,0.10833192
666685,0.021283153
666686,0.21438044
666687,0.01403372
666688,0.4811538
666689,0.9968662
666690,0.03392275
666691,0.9975616
666692,0.92198956
666693,0.9816604
666694,0.8474981
666695,0.06855447
666696,0.7431047
666697,0.98566973
666698,0.856159
666699,0.03550379
666700,0.993708
666701,0.06753993
666702,0.9065085
666703,0.99806094
666704,0.87730354
666705,0.8061485
666706,0.9601367
666707,0.006391925
666708,0.98116964
666709,0.99305415
666710,0.991874
666711,0.004150682
666712,0.061199512
666713,0.0017090782
666714,0.052344676
666715,0.074262634
666716,0.05151919
666717,0.015874904
666718,0.9757332
666719,0.7561695
666720,0.0016954057
666721,0.8298932
666722,0.8426111
666723,0.89490604
666724,0.7514501
666725,0.982275
666726,0.9692292
666727,0.015353575
666728,0.97839785
666729,0.004452259
666730,0.0043330505
666731,0.020956028
666732,0.9721325
666733,0.9141925
666734,0.020785285
666735,0.18437241
666736,0.7924638
666737,0.025692523
666738,0.88867015
666739,0.96396047
666740,0.38313416
666741,0.24422067
666742,0.002968661
666743,0.5644501
666744,0.88023007
666745,0.9174337
666746,0.34576324
666747,0.8651408
666748,0.023166467
666749,0.3166441
666750,0.95990884
666751,0.99010795
666752,0.05084649
666753,0.0055700266
666754,0.025170054
666755,0.1303773
666756,0.5200052
666757,0.0039683166
666758,0.0060987077
666759,0.12959294
666760,0.97311395
666761,0.98939514
666762,0.9013737
666763,0.61460006
666764,0.9902861
666765,0.011908467
666766,0.07606455
666767,0.009738255
666768,0.79159904
666769,0.08554081
666770,0.13064931
666771,0.06874641
666772,0.38302422
666773,0.99555886
666774,0.99117327
666775,0.98566824
666776,0.9867091
666777,0.0064846952
666778,0.58219546
666779,0.00028301048
666780,0.2617638
666781,0.04355997
666782,0.9322431
666783,0.99560374
666784,0.7098691
666785,0.030683424
666786,0.858302
666787,0.0056164563
666788,0.9966505
666789,0.99656725
666790,0.9766805
666791,0.0051607173
666792,0.0030392134
666793,0.7506337
666794,0.98593843
666795,0.92138076
666796,0.07470077
666797,0.99886394
666798,0.016896918
666799,0.66352594
666800,0.8379186
666801,0.97946894
666802,0.98265576
666803,0.82179856
666804,0.9397597
666805,0.1446351
666806,0.013128372
666807,0.027725426
666808,0.6006248
666809,0.44946855
666810,0.102153905
666811,0.24191171
666812,0.97944313
666813,0.036462963
666814,0.6804001
666815,0.101984374
666816,0.95257014
666817,0.004003325
666818,0.054757714
666819,0.004756074
666820,0.08593902
666821,0.7691846
666822,0.98862326
666823,0.5743342
666824,0.019410571
666825,0.08143801
666826,0.03016858
666827,0.9822716
666828,0.009569393
666829,0.9146166
666830,0.03668375
666831,0.97566235
666832,0.11054483
666833,0.050319564
666834,0.009301508
666835,0.9727975
666836,0.029046513
666837,0.99750483
666838,0.9906789
666839,0.9055692
666840,0.0061193816
666841,0.88487977
666842,0.78241384
666843,0.9651084
666844,0.23298556
666845,0.12331467
666846,0.8038517
666847,0.09962936
666848,0.9638277
666849,0.0078108218
666850,0.014142141
666851,0.96285206
666852,0.047672693
666853,0.23831853
666854,0.3215496
666855,0.060059227
666856,0.019332979
666857,0.9871257
666858,0.043756865
666859,0.103062876
666860,0.033667013
666861,0.6503347
666862,0.9874773
666863,0.9758223
666864,0.99427986
666865,0.0064754295
666866,0.99449015
666867,0.019599428
666868,0.98029846
666869,0.582309
666870,0.006111032
666871,0.98406196
666872,0.37053433
666873,0.23647879
666874,0.0130362
666875,0.17885818
666876,0.9533454
666877,0.034994964
666878,0.23603125
666879,0.98929274
666880,0.006905638
666881,0.9953211
666882,0.029688327
666883,0.98721504
666884,0.26659757
666885,0.050067015
666886,0.99799293
666887,0.9911362
666888,0.9985789
666889,0.013147326
666890,0.01603034
666891,0.028778153
666892,0.60928845
666893,0.5023949
666894,0.29890734
666895,0.09864913
666896,0.04634815
666897,0.4394131
666898,0.7896056
666899,0.9406486
666900,0.02366461
666901,0.9909803
666902,0.9829293
666903,0.5359902
666904,0.079790406
666905,0.46954384
666906,0.9948488
666907,0.09161219
666908,0.9431207
666909,0.0053780386
666910,0.012401717
666911,0.040634476
666912,0.017403333
666913,0.1405703
666914,0.9871294
666915,0.007843128
666916,0.6585815
666917,0.16398045
666918,0.120684765
666919,0.0033503948
666920,0.6558391
666921,0.015722498
666922,0.88175154
666923,0.9978166
666924,0.9311582
666925,0.9366878
666926,0.8171051
666927,0.99199164
666928,0.96722394
666929,0.22981846
666930,0.15642224
666931,0.019751575
666932,0.9876151
666933,0.8657429
666934,0.11038909
666935,0.62657726
666936,0.014623278
666937,0.038613085
666938,0.06822272
666939,0.0035790084
666940,0.003842941
666941,0.9704006
666942,0.07542463
666943,0.731861
666944,0.18609232
666945,0.1287219
666946,0.11823269
666947,0.017358463
666948,0.8564508
666949,0.9659977
666950,0.7559427
666951,0.0030167284
666952,0.024705226
666953,0.9769515
666954,0.95746535
666955,0.2137306
666956,0.22271025
666957,0.8542336
666958,0.022695256
666959,0.013478891
666960,0.79422057
666961,0.9972737
666962,0.01677017
666963,0.046276636
666964,0.9951686
666965,0.0055492143
666966,0.06315428
666967,0.038570203
666968,0.9891538
666969,0.97669184
666970,0.12928341
666971,0.020256145
666972,0.005932134
666973,0.9099462
666974,0.9855912
666975,0.056323797
666976,0.78676736
666977,0.12074857
666978,0.1272623
666979,0.19159222
666980,0.80791384
666981,0.020237753
666982,0.8748342
666983,0.9690707
666984,0.16823483
666985,0.008312169
666986,0.99466896
666987,0.99881184
666988,0.6962701
666989,0.9790822
666990,0.0152051775
666991,0.9925336
666992,0.27535015
666993,0.9754891
666994,0.036884006
666995,0.10903025
666996,0.9908848
666997,0.01246243
666998,0.008279551
666999,0.08813863
667000,0.95060116
667001,0.0038019337
667002,0.9591259
667003,0.0066748927
667004,0.9876509
667005,0.53603816
667006,0.015392397
667007,0.68707716
667008,0.99860305
667009,0.8754564
667010,0.90770566
667011,0.9650559
667012,0.010312285
667013,0.31621465
667014,0.77776825
667015,0.043554902
667016,0.10509528
667017,0.020172577
667018,0.013671214
667019,0.99082875
667020,0.98817307
667021,0.111733586
667022,0.9977665
667023,0.06844834
667024,0.5994869
667025,0.2787456
667026,0.02532442
667027,0.011342394
667028,0.10955186
667029,0.0740239
667030,0.50395155
667031,0.9911048
667032,0.25159246
667033,0.9777359
667034,0.058776073
667035,0.04611006
667036,0.068686165
667037,0.02024994
667038,0.0016428232
667039,0.82832664
667040,0.99400425
667041,0.99234784
667042,0.05378351
667043,0.09237142
667044,0.036096305
667045,0.035086177
667046,0.04845559
667047,0.029693956
667048,0.99256015
667049,0.29166937
667050,0.013122975
667051,0.49067217
667052,0.0521404
667053,0.99218917
667054,0.013482042
667055,0.9952157
667056,0.7162668
667057,0.20766757
667058,0.875782
667059,0.9033509
667060,0.483397
667061,0.35677427
667062,0.004626216
667063,0.97299874
667064,0.30272773
667065,0.93730164
667066,0.97143114
667067,0.006923715
667068,0.096588045
667069,0.16469571
667070,0.0045127217
667071,0.054221302
667072,0.0066005
667073,0.16298342
667074,0.013285664
667075,0.8953674
667076,0.030213185
667077,0.96369684
667078,0.8487015
667079,0.08571942
667080,0.9011082
667081,0.9908637
667082,0.989046
667083,0.9925237
667084,0.044053428
667085,0.93682003
667086,0.15648648
667087,0.242452
667088,0.7024199
667089,0.9956003
667090,0.29133454
667091,0.09183243
667092,0.17948201
667093,0.03523241
667094,0.046737514
667095,0.003910323
667096,0.98308414
667097,0.25463414
667098,0.23973684
667099,0.21109618
667100,0.025208563
667101,0.330823
667102,0.01490216
667103,0.20377819
667104,0.9373479
667105,0.12846385
667106,0.13680694
667107,0.5598886
667108,0.033872757
667109,0.025628064
667110,0.9583109
667111,0.0042236783
667112,0.39875752
667113,0.13960291
667114,0.016894335
667115,0.008881388
667116,0.9666597
667117,0.9865848
667118,0.9804584
667119,0.93444324
667120,0.021216951
667121,0.07070643
667122,0.3705966
667123,0.99484545
667124,0.99579
667125,0.9585173
667126,0.9671851
667127,0.98844767
667128,0.12039919
667129,0.5449971
667130,0.7401913
667131,0.98941016
667132,0.9912909
667133,0.060590837
667134,0.006003865
667135,0.9990057
667136,0.99428827
667137,0.0019688916
667138,0.08421353
667139,0.021689247
667140,0.99776614
667141,0.9575263
667142,0.9940742
667143,0.12861241
667144,0.122241005
667145,0.4844766
667146,0.8951263
667147,0.9699856
667148,0.007122982
667149,0.9021097
667150,0.9925378
667151,0.6716819
667152,0.3840953
667153,0.17298597
667154,0.16861221
667155,0.087271705
667156,0.0016445254
667157,0.0102277445
667158,0.6622246
667159,0.0019323283
667160,0.37497374
667161,0.9605043
667162,0.08252221
667163,0.759156
667164,0.01956016
667165,0.78338706
667166,0.003489682
667167,0.10665879
667168,0.4105439
667169,0.11382609
667170,0.9613625
667171,0.24739793
667172,0.20184132
667173,0.01116177
667174,0.014566483
667175,0.98073745
667176,0.017664324
667177,0.48190206
667178,0.013219348
667179,0.7810376
667180,0.9886956
667181,0.92371905
667182,0.10760103
667183,0.026475245
667184,0.04005876
667185,0.0068550846
667186,0.798261
667187,0.925115
667188,0.06905924
667189,0.9471663
667190,0.023963165
667191,0.40436587
667192,0.9655949
667193,0.07323614
667194,0.99789345
667195,0.9939044
667196,0.011076958
667197,0.98421097
667198,0.9943379
667199,0.816307
667200,0.012267639
667201,0.851399
667202,0.042606227
667203,0.94976914
667204,0.9605819
667205,0.018599065
667206,0.97839254
667207,0.9589802
667208,0.9992933
667209,0.027366012
667210,0.71692836
667211,0.71057713
667212,0.7682047
667213,0.27754858
667214,0.002993324
667215,0.0637843
667216,0.111487284
667217,0.61086047
667218,0.8598644
667219,0.008507787
667220,0.96323496
667221,0.9068903
667222,0.023795098
667223,0.9722805
667224,0.16319624
667225,0.029191308
667226,0.003370973
667227,0.038035966
667228,0.9746848
667229,0.019471977
667230,0.71026546
667231,0.97809744
667232,0.9735764
667233,0.15507004
667234,0.9723062
667235,0.002334158
667236,0.9507075
667237,0.06382226
667238,0.37738347
667239,0.9707983
667240,0.5494362
667241,0.996694
667242,0.014495543
667243,0.02675307
667244,0.0051354785
667245,0.8650213
667246,0.11957263
667247,0.93878347
667248,0.8675983
667249,0.94850963
667250,0.04281411
667251,0.82261014
667252,0.06912353
667253,0.068324775
667254,0.4242526
667255,0.93620956
667256,0.007343635
667257,0.14468315
667258,0.79704416
667259,0.021441486
667260,0.9966489
667261,0.013648515
667262,0.2962361
667263,0.012646046
667264,0.5568887
667265,0.017509928
667266,0.7073186
667267,0.1997009
667268,0.70750004
667269,0.07184336
667270,0.98493505
667271,0.018710203
667272,0.09745547
667273,0.9645318
667274,0.2629061
667275,0.35078818
667276,0.84271914
667277,0.987383
667278,0.9951692
667279,0.90254056
667280,0.029142052
667281,0.9867985
667282,0.008794889
667283,0.033724263
667284,0.9993007
667285,0.97011185
667286,0.9834883
667287,0.91766626
667288,0.99792993
667289,0.9950484
667290,0.035383377
667291,0.905661
667292,0.033185724
667293,0.90408045
667294,0.0077400594
667295,0.014749954
667296,0.07378024
667297,0.0426098
667298,0.080172665
667299,0.9371025
667300,0.31483033
667301,0.008466904
667302,0.075117275
667303,0.91194683
667304,0.09268166
667305,0.005428353
667306,0.9874669
667307,0.9345844
667308,0.011088261
667309,0.64772934
667310,0.13830091
667311,0.9369667
667312,0.033333775
667313,0.9955905
667314,0.9710252
667315,0.8329308
667316,0.042785205
667317,0.07796235
667318,0.99624705
667319,0.0015155228
667320,0.072297886
667321,0.014375074
667322,0.087078385
667323,0.07256952
667324,0.23349679
667325,0.9859421
667326,0.96370244
667327,0.6552646
667328,0.014788605
667329,0.9693487
667330,0.018012933
667331,0.03535378
667332,0.0068564387
667333,0.04469685
667334,0.012555796
667335,0.87817514
667336,0.9969343
667337,0.25800723
667338,0.068942346
667339,0.45120168
667340,0.062382407
667341,0.33241856
667342,0.9722466
667343,0.038158182
667344,0.20692766
667345,0.103079386
667346,0.24240626
667347,0.016412115
667348,0.078851074
667349,0.8195411
667350,0.9023515
667351,0.16033599
667352,0.9285025
667353,0.6272939
667354,0.40078807
667355,0.06891394
667356,0.99882615
667357,0.2320115
667358,0.15159911
667359,0.002774205
667360,0.957982
667361,0.006044198
667362,0.93225086
667363,0.018660944
667364,0.013010243
667365,0.034358457
667366,0.95561206
667367,0.17475072
667368,0.35976115
667369,0.002303002
667370,0.44742778
667371,0.0054328134
667372,0.98410034
667373,0.34597623
667374,0.017749991
667375,0.35987648
667376,0.10670914
667377,0.65329134
667378,0.8210422
667379,0.008120921
667380,0.54181373
667381,0.020684877
667382,0.012293173
667383,0.10018702
667384,0.8816211
667385,0.018381141
667386,0.018409858
667387,0.95159173
667388,0.13332096
667389,0.9813974
667390,0.030447673
667391,0.9706478
667392,0.019471474
667393,0.25031984
667394,0.05330022
667395,0.8041178
667396,0.0013137273
667397,0.88705695
667398,0.028502136
667399,0.99082375
667400,0.013660375
667401,0.94302917
667402,0.97973263
667403,0.8109257
667404,0.59642774
667405,0.099645935
667406,0.039441485
667407,0.67706263
667408,0.010056245
667409,0.018426146
667410,0.99245405
667411,0.025033101
667412,0.9916813
667413,0.9928726
667414,0.022323012
667415,0.66425157
667416,0.83057904
667417,0.41593117
667418,0.0034307863
667419,0.33719808
667420,0.9985744
667421,0.012538621
667422,0.33931607
667423,0.017700354
667424,0.14215067
667425,0.06004619
667426,0.051798806
667427,0.933653
667428,0.014674922
667429,0.7049812
667430,0.98323435
667431,0.083241016
667432,0.99019253
667433,0.2962603
667434,0.0063544074
667435,0.031421162
667436,0.9941837
667437,0.99375975
667438,0.9251404
667439,0.96610284
667440,0.21205758
667441,0.1871509
667442,0.98784626
667443,0.35438934
667444,0.56575775
667445,0.016839996
667446,0.75880617
667447,0.0060669985
667448,0.96360546
667449,0.28961825
667450,0.69645935
667451,0.30194515
667452,0.9856963
667453,0.007135717
667454,0.035015095
667455,0.020759344
667456,0.90071297
667457,0.99856263
667458,0.027235141
667459,0.008800282
667460,0.13755928
667461,0.18346791
667462,0.33400872
667463,0.92106915
667464,0.83629304
667465,0.9402447
667466,0.99850595
667467,0.19516292
667468,0.95875233
667469,0.026487928
667470,0.9567973
667471,0.0058818306
667472,0.5784126
667473,0.96045053
667474,0.9684985
667475,0.05706044
667476,0.640121
667477,0.547328
667478,0.653896
667479,0.14506893
667480,0.99336004
667481,0.75353414
667482,0.014951673
667483,0.74478376
667484,0.34348026
667485,0.88883126
667486,0.30691952
667487,0.0921451
667488,0.9662378
667489,0.7511691
667490,0.007840305
667491,0.9948695
667492,0.9598001
667493,0.11143777
667494,0.65200263
667495,0.02338339
667496,0.7818477
667497,0.015910614
667498,0.015145617
667499,0.02222623
667500,0.9963855
667501,0.065521464
667502,0.25060275
667503,0.18957949
667504,0.018610314
667505,0.017082393
667506,0.017880652
667507,0.13473636
667508,0.9888612
667509,0.021805625
667510,0.8563104
667511,0.80942607
667512,0.13881597
667513,0.17929545
667514,0.05910532
667515,0.81450146
667516,0.035836473
667517,0.09760769
667518,0.04245711
667519,0.047512706
667520,0.99439925
667521,0.103683606
667522,0.02550393
667523,0.0051339464
667524,0.9839038
667525,0.32616103
667526,0.018996282
667527,0.011482956
667528,0.012290936
667529,0.9971918
667530,0.0044568637
667531,0.03727743
667532,0.97440076
667533,0.969324
667534,0.98443884
667535,0.761464
667536,0.011481384
667537,0.93749917
667538,0.0006261509
667539,0.046730023
667540,0.38775456
667541,0.5381293
667542,0.9531559
667543,0.34193525
667544,0.06408642
667545,0.9852755
667546,0.7860948
667547,0.9943945
667548,0.046913028
667549,0.005140475
667550,0.017832585
667551,0.068577856
667552,0.019576272
667553,0.88594556
667554,0.9695992
667555,0.011224959
667556,0.44673333
667557,0.99899524
667558,0.005371623
667559,0.39938763
667560,0.0983257
667561,0.017719714
667562,0.81637967
667563,0.15586314
667564,0.124465644
667565,0.09001783
667566,0.97638327
667567,0.9942611
667568,0.60885257
667569,0.97110057
667570,0.10977328
667571,0.98190194
667572,0.64595413
667573,0.38671875
667574,0.5990957
667575,0.99846256
667576,0.7167115
667577,0.5579149
667578,0.17275046
667579,0.8937802
667580,0.6110841
667581,0.02495671
667582,0.33537164
667583,0.109082446
667584,0.9925015
667585,0.0066362913
667586,0.75140667
667587,0.97569525
667588,0.9784113
667589,0.0042277537
667590,0.26678067
667591,0.22648798
667592,0.9015466
667593,0.07057454
667594,0.9031802
667595,0.22324716
667596,0.051228
667597,0.17163502
667598,0.022418404
667599,0.9672767
667600,0.13980344
667601,0.9859386
667602,0.9254865
667603,0.18603325
667604,0.014146708
667605,0.64431465
667606,0.98134685
667607,0.015364367
667608,0.98810613
667609,0.14415497
667610,0.9993342
667611,0.028983139
667612,0.021962756
667613,0.08571397
667614,0.96820444
667615,0.9985015
667616,0.69959116
667617,0.59158194
667618,0.6806729
667619,0.01571057
667620,0.3921967
667621,0.008503196
667622,0.99076456
667623,0.3106448
667624,0.87558657
667625,0.37405616
667626,0.94578636
667627,0.9963612
667628,0.8503435
667629,0.02448799
667630,0.020155646
667631,0.035043575
667632,0.9799092
667633,0.9731647
667634,0.01013484
667635,0.25867334
667636,0.9134147
667637,0.7771889
667638,0.98292196
667639,0.007490228
667640,0.09495686
667641,0.24606097
667642,0.10521464
667643,0.06306641
667644,0.02468795
667645,0.034991805
667646,0.97311234
667647,0.98807704
667648,0.99899614
667649,0.018482499
667650,0.02074842
667651,0.44907537
667652,0.034618277
667653,0.021567842
667654,0.8128252
667655,0.8962199
667656,0.08963412
667657,0.9142215
667658,0.8706243
667659,0.016784277
667660,0.9981162
667661,0.60082287
667662,0.96820873
667663,0.004156056
667664,0.96254945
667665,0.6247159
667666,0.032370213
667667,0.015508156
667668,0.958107
667669,0.8043843
667670,0.91745245
667671,0.028503183
667672,0.9875755
667673,0.10998145
667674,0.038503755
667675,0.96888554
667676,0.20596774
667677,0.9862061
667678,0.006622634
667679,0.6885924
667680,0.024866465
667681,0.40875524
667682,0.9976811
667683,0.9945669
667684,0.80054104
667685,0.96979594
667686,0.99738276
667687,0.80165017
667688,0.945497
667689,0.8038044
667690,0.9868988
667691,0.020849952
667692,0.035797313
667693,0.030572046
667694,0.027795386
667695,0.47106552
667696,0.010464133
667697,0.0092267115
667698,0.019405043
667699,0.015493689
667700,0.35738343
667701,0.09487183
667702,0.8863533
667703,0.9923837
667704,0.05065335
667705,0.0022653923
667706,0.9327663
667707,0.413481
667708,0.1494775
667709,0.7320056
667710,0.6914394
667711,0.0052868174
667712,0.07473501
667713,0.029140968
667714,0.99566406
667715,0.24799569
667716,0.18246913
667717,0.024735495
667718,0.5415063
667719,0.029900754
667720,0.9283897
667721,0.6487274
667722,0.9732015
667723,0.031947568
667724,0.9748879
667725,0.9977276
667726,0.99173945
667727,0.002417658
667728,0.020709572
667729,0.053205404
667730,0.02335561
667731,0.83659023
667732,0.88235974
667733,0.98200613
667734,0.0009580868
667735,0.009073181
667736,0.98770344
667737,0.9944099
667738,0.2211421
667739,0.9772148
667740,0.7840831
667741,0.040171254
667742,0.05847261
667743,0.32070792
667744,0.93756795
667745,0.8298353
667746,0.0075188754
667747,0.0013219425
667748,0.03798603
667749,0.9860962
667750,0.25025627
667751,0.6680213
667752,0.9810972
667753,0.90667623
667754,0.0022050838
667755,0.7501886
667756,0.12527034
667757,0.93295175
667758,0.68511164
667759,0.94923604
667760,0.005034713
667761,0.9953757
667762,0.009533294
667763,0.026067192
667764,0.9844648
667765,0.020106025
667766,0.19142202
667767,0.12911414
667768,0.58419573
667769,0.8687693
667770,0.0027329654
667771,0.0075715673
667772,0.0472085
667773,0.9363777
667774,0.4212056
667775,0.010075908
667776,0.05048529
667777,0.94134504
667778,0.41374668
667779,0.6683079
667780,0.05428056
667781,0.9788758
667782,0.002958882
667783,0.9460187
667784,0.0060118157
667785,0.9887207
667786,0.12108281
667787,0.97101176
667788,0.0050836056
667789,0.62395656
667790,0.033775028
667791,0.9959181
667792,0.5174428
667793,0.9254529
667794,0.9571159
667795,0.99943835
667796,0.041884124
667797,0.014935633
667798,0.3639431
667799,0.71369046
667800,0.07909366
667801,0.2304979
667802,0.9927196
667803,0.9184761
667804,0.9035928
667805,0.93989587
667806,0.40137208
667807,0.0154376365
667808,0.9389439
667809,0.99727345
667810,0.85152304
667811,0.04534009
667812,0.8971114
667813,0.035683442
667814,0.008549273
667815,0.999843
667816,0.040696636
667817,0.19556378
667818,0.98779833
667819,0.21969637
667820,0.9890349
667821,0.98978484
667822,0.97654223
667823,0.32764533
667824,0.36357227
667825,0.018482259
667826,0.9215929
667827,0.9841018
667828,0.2760515
667829,0.9902047
667830,0.028341405
667831,0.30016884
667832,0.96420854
667833,0.97703755
667834,0.005148775
667835,0.6402797
667836,0.9164618
667837,0.98900545
667838,0.7320607
667839,0.108078785
667840,0.0048095146
667841,0.7864905
667842,0.8787452
667843,0.08656814
667844,0.37237293
667845,0.10109304
667846,0.08949039
667847,0.9535322
667848,0.600186
667849,0.08904187
667850,0.2541373
667851,0.015774906
667852,0.010055095
667853,0.13488916
667854,0.47180778
667855,0.0044292696
667856,0.98239267
667857,0.065182775
667858,0.0868748
667859,0.089934565
667860,0.03672217
667861,0.017142277
667862,0.0048308554
667863,0.85876286
667864,0.99012923
667865,0.16354753
667866,0.806611
667867,0.007104269
667868,0.9922083
667869,0.7608024
667870,0.76931286
667871,0.9957627
667872,0.039354548
667873,0.9665872
667874,0.017257024
667875,0.039271567
667876,0.82616687
667877,0.056462422
667878,0.088279165
667879,0.013588939
667880,0.08381662
667881,0.7507522
667882,0.0068455115
667883,0.56396174
667884,0.20194666
667885,0.014724075
667886,0.68716174
667887,0.023391595
667888,0.007854175
667889,0.83061814
667890,0.038815986
667891,0.8073479
667892,0.8916284
667893,0.11046289
667894,0.37669256
667895,0.9973043
667896,0.9058318
667897,0.079165444
667898,0.75932723
667899,0.72985935
667900,0.002330606
667901,0.010809425
667902,0.27621529
667903,0.50158167
667904,0.0316676
667905,0.87527037
667906,0.2874578
667907,0.07303938
667908,0.037266202
667909,0.9962818
667910,0.9917101
667911,0.015747927
667912,0.005452059
667913,0.0020618506
667914,0.64888984
667915,0.07810259
667916,0.9882433
667917,0.01701008
667918,0.9228288
667919,0.09786841
667920,0.0081402585
667921,0.09241198
667922,0.9399963
667923,0.0341957
667924,0.009356286
667925,0.006848033
667926,0.75599724
667927,0.44065073
667928,0.9894044
667929,0.14697538
667930,0.016261268
667931,0.9330176
667932,0.9731733
667933,0.01651517
667934,0.3773227
667935,0.4120659
667936,0.92549527
667937,0.42469975
667938,0.35126105
667939,0.18696737
667940,0.028413543
667941,0.23898268
667942,0.98897237
667943,0.49645966
667944,0.11225911
667945,0.96391255
667946,0.42965442
667947,0.9666804
667948,0.679552
667949,0.046687346
667950,0.81269634
667951,0.44628412
667952,0.023311727
667953,0.9827074
667954,0.7572756
667955,0.9849305
667956,0.9971483
667957,0.98929065
667958,0.7764301
667959,0.9924705
667960,0.01692583
667961,0.9663972
667962,0.99640566
667963,0.33924842
667964,0.115066014
667965,0.7828681
667966,0.54839325
667967,0.77272016
667968,0.5548738
667969,0.9894488
667970,0.0018972908
667971,0.9764636
667972,0.9929636
667973,0.26161578
667974,0.6349923
667975,0.9927279
667976,0.006052736
667977,0.88490945
667978,0.33540663
667979,0.79355675
667980,0.5539766
667981,0.03211522
667982,0.008150696
667983,0.5254061
667984,0.91738886
667985,0.0018207649
667986,0.6935781
667987,0.17070583
667988,0.25577074
667989,0.0109314555
667990,0.0038238985
667991,0.01660354
667992,0.9882736
667993,0.92873687
667994,0.9903655
667995,0.031495012
667996,0.9834622
667997,0.012621177
667998,0.997645
667999,0.93064165
668000,0.04281309
668001,0.04015589
668002,0.9290134
668003,0.98214746
668004,0.004366575
668005,0.114147566
668006,0.9990381
668007,0.013291404
668008,0.006766075
668009,0.9993242
668010,0.016848532
668011,0.1306362
668012,0.30869955
668013,0.040522497
668014,0.45401078
668015,0.9933114
668016,0.26027697
668017,0.04664598
668018,0.003204709
668019,0.8749687
668020,0.9902677
668021,0.9225231
668022,0.17008114
668023,0.98205674
668024,0.12678012
668025,0.024198981
668026,0.008159209
668027,0.7401869
668028,0.8793904
668029,0.9944657
668030,0.8425267
668031,0.012172122
668032,0.14676316
668033,0.034835894
668034,0.22119153
668035,0.01485794
668036,0.065897755
668037,0.04530516
668038,0.23712848
668039,0.8952123
668040,0.16714755
668041,0.015221026
668042,0.086902544
668043,0.808659
668044,0.9984118
668045,0.31203187
668046,0.026457325
668047,0.13427123
668048,0.97865987
668049,0.56486785
668050,0.00196442
668051,0.9675169
668052,0.013882208
668053,0.17769751
668054,0.74327326
668055,0.034502648
668056,0.9420595
668057,0.034573626
668058,0.8678888
668059,0.007312813
668060,0.92603165
668061,0.0043683737
668062,0.99432796
668063,0.018080283
668064,0.027829278
668065,0.0155269625
668066,0.7964869
668067,0.11908378
668068,0.5187517
668069,0.9122789
668070,0.7586378
668071,0.03655853
668072,0.99478275
668073,0.98700166
668074,0.9960402
668075,0.01946561
668076,0.98111534
668077,0.9790461
668078,0.99345624
668079,0.0066663334
668080,0.31383377
668081,0.03487466
668082,0.79747236
668083,0.06334566
668084,0.42328715
668085,0.5768428
668086,0.0057639857
668087,0.95009506
668088,0.41133943
668089,0.21740262
668090,0.004830979
668091,0.8784535
668092,0.014624657
668093,0.014407205
668094,0.03634378
668095,0.04437744
668096,0.99588656
668097,0.0010713106
668098,0.15143451
668099,0.027079126
668100,0.2302872
668101,0.028824214
668102,0.015205355
668103,0.18061638
668104,0.9884332
668105,0.08762936
668106,0.5995515
668107,0.9371944
668108,0.2842137
668109,0.069089666
668110,0.8365495
668111,0.98138773
668112,0.99119437
668113,0.03172352
668114,0.9788716
668115,0.395452
668116,0.015404554
668117,0.079660155
668118,0.012986414
668119,0.11735393
668120,0.9607473
668121,0.9538529
668122,0.19009046
668123,0.07358874
668124,0.055413786
668125,0.012335002
668126,0.82280713
668127,0.013084203
668128,0.34397256
668129,0.033956096
668130,0.19806989
668131,0.9777077
668132,0.9859177
668133,0.004998187
668134,0.0036323273
668135,0.6114985
668136,0.031873323
668137,0.9759495
668138,0.009171156
668139,0.78833497
668140,0.04486873
668141,0.007117767
668142,0.9734767
668143,0.77973855
668144,0.020891067
668145,0.9818863
668146,0.9269886
668147,0.3001045
668148,0.767303
668149,0.821604
668150,0.005528176
668151,0.47144195
668152,0.042714305
668153,0.98833025
668154,0.99488056
668155,0.004617034
668156,0.92193246
668157,0.016279992
668158,0.9963241
668159,0.3095622
668160,0.028791673
668161,0.9984332
668162,0.052215766
668163,0.9827039
668164,0.04466146
668165,0.004292026
668166,0.005511443
668167,0.9955903
668168,0.96555394
668169,0.0070758043
668170,0.15665717
668171,0.0038104288
668172,0.9588036
668173,0.939837
668174,0.07041081
668175,0.03555888
668176,0.11790711
668177,0.3852567
668178,0.030224122
668179,0.99036086
668180,0.44727498
668181,0.2937327
668182,0.5031152
668183,0.42479193
668184,0.4652648
668185,0.9989978
668186,0.99424005
668187,0.054168552
668188,0.60486066
668189,0.9951071
668190,0.17171095
668191,0.99156535
668192,0.992866
668193,0.9436008
668194,0.97307324
668195,0.09619021
668196,0.99338484
668197,0.5394894
668198,0.10067113
668199,0.6262293
668200,0.9015449
668201,0.27529913
668202,0.99864596
668203,0.17313953
668204,0.8998813
668205,0.0012683729
668206,0.98317707
668207,0.004625533
668208,0.87301105
668209,0.99825656
668210,0.9774414
668211,0.029678652
668212,0.64390904
668213,0.98097074
668214,0.05120701
668215,0.065101765
668216,0.010674311
668217,0.09553553
668218,0.1579955
668219,0.96269596
668220,0.14995599
668221,0.020988028
668222,0.8589611
668223,0.3065969
668224,0.016688796
668225,0.99495786
668226,0.93332666
668227,0.028777156
668228,0.0031853002
668229,0.33517838
668230,0.5951252
668231,0.02015552
668232,0.07946892
668233,0.07850093
668234,0.0060398914
668235,0.6028867
668236,0.08536746
668237,0.032169633
668238,0.012399562
668239,0.95737624
668240,0.0071852403
668241,0.016078113
668242,0.995772
668243,0.006819658
668244,0.60327625
668245,0.34129193
668246,0.054308217
668247,0.061411552
668248,0.18235423
668249,0.03579134
668250,0.968239
668251,0.076636456
668252,0.051377747
668253,0.95446557
668254,0.47370934
668255,0.9980403
668256,0.795063
668257,0.026350234
668258,0.0044784164
668259,0.93309444
668260,0.9882794
668261,0.527414
668262,0.025502678
668263,0.0206826
668264,0.89953214
668265,0.0031415098
668266,0.84378624
668267,0.2360493
668268,0.55149657
668269,0.054615986
668270,0.94563115
668271,0.9867112
668272,0.99220765
668273,0.86428386
668274,0.85014254
668275,0.6294526
668276,0.5812917
668277,0.8719437
668278,0.99511385
668279,0.037493885
668280,0.0033630542
668281,0.9640737
668282,0.08081137
668283,0.20866416
668284,0.058729436
668285,0.3214116
668286,0.053098895
668287,0.028306045
668288,0.2537306
668289,0.82085294
668290,0.985617
668291,0.39630452
668292,0.0028813991
668293,0.0039565684
668294,0.9732604
668295,0.05146874
668296,0.97507787
668297,0.93711376
668298,0.060819898
668299,0.9458351
668300,0.9629288
668301,0.0094968965
668302,0.018878158
668303,0.3875865
668304,0.011853958
668305,0.6381877
668306,0.18695074
668307,0.09111163
668308,0.97645855
668309,0.22001553
668310,0.15665896
668311,0.99658465
668312,0.53427595
668313,0.9865452
668314,0.6943875
668315,0.046938177
668316,0.9979278
668317,0.072852984
668318,0.1409638
668319,0.06803691
668320,0.085988976
668321,0.03679625
668322,0.8448862
668323,0.9058286
668324,0.01219929
668325,0.97482044
668326,0.0127072055
668327,0.5146707
668328,0.6941953
668329,0.002866376
668330,0.01650407
668331,0.98976207
668332,0.013326061
668333,0.95852363
668334,0.56681633
668335,0.6719015
668336,0.028070293
668337,0.030807065
668338,0.9953442
668339,0.9475871
668340,0.01749112
668341,0.005618123
668342,0.009007617
668343,0.04820429
668344,0.22887945
668345,0.044542547
668346,0.008513693
668347,0.022993969
668348,0.0523213
668349,0.013703427
668350,0.9970657
668351,0.7919285
668352,0.78219044
668353,0.9522282
668354,0.29763013
668355,0.33532876
668356,0.035815537
668357,0.29676706
668358,0.40970385
668359,0.0031569372
668360,0.99668884
668361,0.63028425
668362,0.0060096686
668363,0.011295217
668364,0.8110867
668365,0.93265724
668366,0.039669186
668367,0.0055207387
668368,0.03671056
668369,0.907055
668370,0.011210929
668371,0.06660987
668372,0.9335892
668373,0.01423023
668374,0.13171573
668375,0.08851987
668376,0.08166345
668377,0.9979052
668378,0.006693624
668379,0.99646544
668380,0.015896773
668381,0.025337532
668382,0.55323935
668383,0.024862658
668384,0.97969264
668385,0.39517537
668386,0.9967699
668387,0.9978932
668388,0.79513955
668389,0.7744133
668390,0.7212464
668391,0.8440156
668392,0.11309451
668393,0.016083982
668394,0.032011196
668395,0.9765837
668396,0.0070395404
668397,0.99782544
668398,0.20608312
668399,0.016259013
668400,0.3060677
668401,0.59659696
668402,0.06438413
668403,0.0121739535
668404,0.83869344
668405,0.19551125
668406,0.01101073
668407,0.9326731
668408,0.009124552
668409,0.74992144
668410,0.71585965
668411,0.9989771
668412,0.047781907
668413,0.012995626
668414,0.27576584
668415,0.30612043
668416,0.9601052
668417,0.33068892
668418,0.002006696
668419,0.033094086
668420,0.7516906
668421,0.9604857
668422,0.9238051
668423,0.9635134
668424,0.16360399
668425,0.95413
668426,0.9854451
668427,0.96995604
668428,0.22099707
668429,0.9659062
668430,0.9869049
668431,0.06007928
668432,0.0049553993
668433,0.41175216
668434,0.01975407
668435,0.010354724
668436,0.071487285
668437,0.9957481
668438,0.3391815
668439,0.99413455
668440,0.9734471
668441,0.9942541
668442,0.03639648
668443,0.022730287
668444,0.944699
668445,0.015452107
668446,0.9300679
668447,0.9801346
668448,0.9990374
668449,0.98431563
668450,0.99228466
668451,0.014963883
668452,0.98178434
668453,0.41877455
668454,0.017921848
668455,0.51575375
668456,0.41275844
668457,0.4848048
668458,0.8579315
668459,0.9923497
668460,0.99507016
668461,0.0205226
668462,0.6114317
668463,0.8890809
668464,0.24294738
668465,0.9780686
668466,0.24322075
668467,0.019410986
668468,0.054818038
668469,0.8401225
668470,0.9570997
668471,0.10980215
668472,0.95367026
668473,0.9733487
668474,0.035390124
668475,0.9963783
668476,0.6745861
668477,0.9989874
668478,0.23371722
668479,0.018208947
668480,0.9817932
668481,0.80004823
668482,0.0704393
668483,0.9890428
668484,0.014077167
668485,0.09581983
668486,0.004688374
668487,0.73793024
668488,0.40407753
668489,0.0069375723
668490,0.9884306
668491,0.0065621305
668492,0.44762635
668493,0.15677527
668494,0.019299379
668495,0.9363352
668496,0.013620591
668497,0.6488136
668498,0.9562372
668499,0.971453
668500,0.40603435
668501,0.006900166
668502,0.98694444
668503,0.9957626
668504,0.4896651
668505,0.6536441
668506,0.8946455
668507,0.07141545
668508,0.06384532
668509,0.9369984
668510,0.9731866
668511,0.02731298
668512,0.7891251
668513,0.14287427
668514,0.98524487
668515,0.9085047
668516,0.99120516
668517,0.031031871
668518,0.873284
668519,0.07078585
668520,0.27198792
668521,0.043669604
668522,0.5141213
668523,0.6046105
668524,0.7405176
668525,0.9043497
668526,0.9917275
668527,0.19287738
668528,0.9958867
668529,0.0116739655
668530,0.83422416
668531,0.04245116
668532,0.99686027
668533,0.9990998
668534,0.19095194
668535,0.48603877
668536,0.006296743
668537,0.0340487
668538,0.26516268
668539,0.4492137
668540,0.9926248
668541,0.89478695
668542,0.9422454
668543,0.1717819
668544,0.666681
668545,0.09453277
668546,0.012176029
668547,0.7934576
668548,0.35274583
668549,0.058006443
668550,0.104093924
668551,0.940482
668552,0.67996734
668553,0.033213142
668554,0.20459248
668555,0.16773435
668556,0.9929789
668557,0.97509134
668558,0.98651576
668559,0.040589646
668560,0.9751433
668561,0.7929832
668562,0.20597064
668563,0.9519748
668564,0.9513928
668565,0.65552855
668566,0.043555327
668567,0.03672442
668568,0.94170403
668569,0.8312992
668570,0.94898134
668571,0.9995004
668572,0.92693096
668573,0.21673012
668574,0.8065271
668575,0.9790801
668576,0.8735944
668577,0.075951874
668578,0.040459856
668579,0.13709253
668580,0.17433958
668581,0.03129138
668582,0.12817204
668583,0.9893938
668584,0.03187421
668585,0.40207806
668586,0.9910236
668587,0.016623016
668588,0.038041525
668589,0.16706859
668590,0.994447
668591,0.9926561
668592,0.9932673
668593,0.44901484
668594,0.086659014
668595,0.024834521
668596,0.9951859
668597,0.9947328
668598,0.011386409
668599,0.009175496
668600,0.9973693
668601,0.9889317
668602,0.022242451
668603,0.011312927
668604,0.8151083
668605,0.40932488
668606,0.70493966
668607,0.9800308
668608,0.019277856
668609,0.20160118
668610,0.0065559177
668611,0.9779084
668612,0.9975698
668613,0.07211052
668614,0.796713
668615,0.8172206
668616,0.7088585
668617,0.90298504
668618,0.99359155
668619,0.83050907
668620,0.8863105
668621,0.034699038
668622,0.89600617
668623,0.046975672
668624,0.910998
668625,0.9683564
668626,0.18155855
668627,0.99671584
668628,0.9988276
668629,0.004801873
668630,0.94565266
668631,0.9510156
668632,0.9985449
668633,0.19289654
668634,0.28969243
668635,0.1574997
668636,0.97933865
668637,0.13144934
668638,0.067621894
668639,0.033561416
668640,0.009127028
668641,0.68945336
668642,0.56140834
668643,0.8260469
668644,0.4704135
668645,0.07606682
668646,0.15817729
668647,0.9357473
668648,0.42250025
668649,0.007664839
668650,0.9934185
668651,0.35203207
668652,0.030809797
668653,0.99194187
668654,0.6003344
668655,0.01757233
668656,0.9372122
668657,0.78129995
668658,0.97970504
668659,0.005029992
668660,0.9919158
668661,0.9469777
668662,0.07664942
668663,0.94767344
668664,0.0033816295
668665,0.098230176
668666,0.65813476
668667,0.022107664
668668,0.0063169347
668669,0.9496405
668670,0.24521749
668671,0.055985566
668672,0.020850344
668673,0.99248135
668674,0.9972825
668675,0.1298158
668676,0.6987145
668677,0.012368323
668678,0.02855843
668679,0.9963543
668680,0.8344998
668681,0.01334025
668682,0.70579714
668683,0.011298941
668684,0.13836792
668685,0.9572104
668686,0.7524395
668687,0.05922898
668688,0.99348277
668689,0.14762983
668690,0.9472494
668691,0.6909013
668692,0.0116507225
668693,0.8790143
668694,0.1572161
668695,0.99019563
668696,0.006032382
668697,0.02752303
668698,0.80996835
668699,0.96675557
668700,0.061755277
668701,0.037321307
668702,0.12207134
668703,0.926711
668704,0.8337401
668705,0.78259534
668706,0.40317708
668707,0.0031771085
668708,0.9974481
668709,0.080392964
668710,0.09316088
668711,0.028496144
668712,0.022082746
668713,0.97608566
668714,0.10107417
668715,0.61318403
668716,0.049334615
668717,0.9660598
668718,0.95715916
668719,0.23409018
668720,0.17387262
668721,0.9763384
668722,0.96557975
668723,0.65246964
668724,0.0770702
668725,0.005141833
668726,0.98188657
668727,0.029797476
668728,0.9612917
668729,0.90784883
668730,0.98145473
668731,0.38851357
668732,0.5681801
668733,0.9796616
668734,0.02117753
668735,0.9651686
668736,0.018980794
668737,0.040239252
668738,0.98503166
668739,0.15475705
668740,0.98144186
668741,0.0025996002
668742,0.42625803
668743,0.7228568
668744,0.97749984
668745,0.015249855
668746,0.9932601
668747,0.6931302
668748,0.8210751
668749,0.0069467044
668750,0.9894935
668751,0.9177062
668752,0.93304276
668753,0.020543745
668754,0.66365975
668755,0.041498423
668756,0.7865699
668757,0.58514774
668758,0.0054242983
668759,0.058520652
668760,0.99667454
668761,0.49662232
668762,0.057680298
668763,0.13971616
668764,0.02032131
668765,0.9868377
668766,0.019775556
668767,0.9122126
668768,0.7969855
668769,0.0718697
668770,0.93202496
668771,0.1915081
668772,0.96015996
668773,0.04599522
668774,0.06049729
668775,0.010303178
668776,0.06118191
668777,0.084750235
668778,0.024776079
668779,0.99744785
668780,0.5302433
668781,0.051858336
668782,0.5905199
668783,0.45396182
668784,0.010577068
668785,0.14635208
668786,0.52720636
668787,0.9857882
668788,0.9976307
668789,0.012896588
668790,0.028282661
668791,0.12508598
668792,0.026585646
668793,0.017254397
668794,0.029425628
668795,0.028873775
668796,0.19223437
668797,0.9973343
668798,0.015511397
668799,0.54456943
668800,0.046646025
668801,0.014390867
668802,0.19526298
668803,0.5132437
668804,0.038152624
668805,0.03499125
668806,0.6995513
668807,0.10249468
668808,0.97318894
668809,0.27364367
668810,0.06526561
668811,0.9966482
668812,0.14260457
668813,0.1144259
668814,0.0132952705
668815,0.9981494
668816,0.011683729
668817,0.99304533
668818,0.019362472
668819,0.7533295
668820,0.035673644
668821,0.971887
668822,0.98909974
668823,0.13690764
668824,0.375805
668825,0.921976
668826,0.84897006
668827,0.15716717
668828,0.9608609
668829,0.08328797
668830,0.19605586
668831,0.76556385
668832,0.91598725
668833,0.024968505
668834,0.8112834
668835,0.32437217
668836,0.54597807
668837,0.0041870447
668838,0.98575664
668839,0.85809517
668840,0.020909078
668841,0.0129710175
668842,0.9530692
668843,0.030943085
668844,0.57031745
668845,0.40493792
668846,0.9934907
668847,0.19026203
668848,0.9985609
668849,0.7137133
668850,0.7071496
668851,0.044466138
668852,0.8851731
668853,0.9622947
668854,0.9617102
668855,0.0773865
668856,0.30606815
668857,0.12948012
668858,0.038136266
668859,0.06602891
668860,0.99493754
668861,0.9854239
668862,0.9758598
668863,0.8035195
668864,0.6150526
668865,0.32175612
668866,0.007965826
668867,0.61617
668868,0.60155684
668869,0.035044312
668870,0.09076516
668871,0.598212
668872,0.0013322275
668873,0.062424812
668874,0.102916196
668875,0.99289495
668876,0.004219775
668877,0.050818603
668878,0.028005898
668879,0.008169478
668880,0.91256523
668881,0.6561811
668882,0.016745307
668883,0.021925896
668884,0.037856176
668885,0.9970976
668886,0.19280814
668887,0.83828807
668888,0.8872859
668889,0.0017113554
668890,0.9969859
668891,0.904469
668892,0.9985791
668893,0.48792893
668894,0.03966827
668895,0.04787007
668896,0.96111053
668897,0.03662712
668898,0.9948586
668899,0.77420104
668900,0.073982306
668901,0.021925207
668902,0.66206944
668903,0.2880793
668904,0.4507019
668905,0.9898848
668906,0.9922781
668907,0.9551027
668908,0.0038336872
668909,0.015603436
668910,0.9780395
668911,0.97721565
668912,0.15403116
668913,0.05637864
668914,0.99257267
668915,0.98445946
668916,0.5804353
668917,0.6208143
668918,0.016167963
668919,0.02815846
668920,0.98923576
668921,0.6852159
668922,0.42329007
668923,0.60871685
668924,0.18125023
668925,0.9989413
668926,0.99628526
668927,0.07219153
668928,0.31620932
668929,0.06374286
668930,0.919364
668931,0.98069495
668932,0.9708545
668933,0.98115706
668934,0.367911
668935,0.045289606
668936,0.94425637
668937,0.9909302
668938,0.94237477
668939,0.9987984
668940,0.9977047
668941,0.0073213773
668942,0.046339564
668943,0.90986
668944,0.940939
668945,0.03035484
668946,0.0009840318
668947,0.42951292
668948,0.14758995
668949,0.36871466
668950,0.026748996
668951,0.65943974
668952,0.9659502
668953,0.01881826
668954,0.9930161
668955,0.9562268
668956,0.16201013
668957,0.13913812
668958,0.08928708
668959,0.086544834
668960,0.028499303
668961,0.9677316
668962,0.010097234
668963,0.72916573
668964,0.05786998
668965,0.013227998
668966,0.050232496
668967,0.20465396
668968,0.9773717
668969,0.027153762
668970,0.1323321
668971,0.013127891
668972,0.9223062
668973,0.9872894
668974,0.9489713
668975,0.0023668897
668976,0.32705992
668977,0.019674841
668978,0.39478058
668979,0.17045641
668980,0.0083700325
668981,0.9218192
668982,0.018121867
668983,0.12064612
668984,0.014946857
668985,0.14691621
668986,0.25125208
668987,0.735405
668988,0.22773053
668989,0.012567502
668990,0.98283064
668991,0.74555993
668992,0.007288634
668993,0.09565909
668994,0.19482118
668995,0.013681369
668996,0.100017264
668997,0.6964266
668998,0.97905564
668999,0.056437407
669000,0.04892034
669001,0.86250573
669002,0.98929226
669003,0.98358434
669004,0.18359324
669005,0.038950242
669006,0.1586582
669007,0.023604892
669008,0.0046600467
669009,0.74998677
669010,0.7132364
669011,0.1827156
669012,0.4622038
669013,0.99810743
669014,0.94795406
669015,0.9987143
669016,0.96343124
669017,0.010528434
669018,0.92886114
669019,0.028626546
669020,0.021661049
669021,0.99608684
669022,0.45792535
669023,0.99776757
669024,0.9973703
669025,0.4684164
669026,0.11647388
669027,0.69913167
669028,0.8046081
669029,0.9232393
669030,0.97714454
669031,0.8346683
669032,0.05604741
669033,0.0143556595
669034,0.027906487
669035,0.08733081
669036,0.19719753
669037,0.89825153
669038,0.9802323
669039,0.027239967
669040,0.034211718
669041,0.10500233
669042,0.7858184
669043,0.2045894
669044,0.18476698
669045,0.04177774
669046,0.98903525
669047,0.9596809
669048,0.99662936
669049,0.31203386
669050,0.024975298
669051,0.009577839
669052,0.8471395
669053,0.55073786
669054,0.98827535
669055,0.11802982
669056,0.24839441
669057,0.766075
669058,0.004328272
669059,0.19623315
669060,0.8909642
669061,0.07953088
669062,0.23972203
669063,0.0054289745
669064,0.01856784
669065,0.96845794
669066,0.9845927
669067,0.02351056
669068,0.9248409
669069,0.6734286
669070,0.3254846
669071,0.00830774
669072,0.0049153306
669073,0.69508225
669074,0.0147364745
669075,0.043363508
669076,0.24501172
669077,0.20551401
669078,0.015384835
669079,0.12791511
669080,0.99287176
669081,0.4966793
669082,0.44715497
669083,0.87538016
669084,0.022663241
669085,0.06297451
669086,0.97703564
669087,0.08283548
669088,0.020990718
669089,0.71849304
669090,0.99606967
669091,0.99615985
669092,0.9823963
669093,0.9196172
669094,0.014768956
669095,0.99074507
669096,0.9641622
669097,0.15638065
669098,0.008029425
669099,0.98714566
669100,0.016274769
669101,0.010910542
669102,0.99557257
669103,0.054705404
669104,0.014335033
669105,0.010384657
669106,0.022998868
669107,0.7078787
669108,0.25496495
669109,0.8179287
669110,0.01741538
669111,0.0029146147
669112,0.8346213
669113,0.16614866
669114,0.8955159
669115,0.055851776
669116,0.9811449
669117,0.03551193
669118,0.5264086
669119,0.39496255
669120,0.43788502
669121,0.14168751
669122,0.97831225
669123,0.17111793
669124,0.9988142
669125,0.98034936
669126,0.021373028
669127,0.8080679
669128,0.9893336
669129,0.49209824
669130,0.3551318
669131,0.22179921
669132,0.8154118
669133,0.9861989
669134,0.01686521
669135,0.0061458265
669136,0.007996211
669137,0.7752975
669138,0.017979603
669139,0.56010956
669140,0.062465027
669141,0.04566971
669142,0.35744917
669143,0.93628716
669144,0.026554545
669145,0.9818669
669146,0.9404255
669147,0.38292772
669148,0.04877256
669149,0.7463146
669150,0.89927953
669151,0.9984269
669152,0.009406834
669153,0.7188101
669154,0.9974491
669155,0.96902096
669156,0.87833863
669157,0.009380278
669158,0.9739698
669159,0.31007457
669160,0.025439953
669161,0.0977184
669162,0.3749215
669163,0.99804544
669164,0.03908294
669165,0.36703092
669166,0.27418518
669167,0.019213773
669168,0.92262113
669169,0.04326426
669170,0.9741454
669171,0.9820808
669172,0.96650004
669173,0.9850118
669174,0.9169751
669175,0.024871252
669176,0.97246087
669177,0.20353767
669178,0.0621405
669179,0.0049363305
669180,0.035069205
669181,0.9943889
669182,0.004749136
669183,0.972839
669184,0.019979715
669185,0.99045134
669186,0.9936602
669187,0.79058003
669188,0.04497564
669189,0.06839603
669190,0.9934303
669191,0.9961237
669192,0.646719
669193,0.9942976
669194,0.09964189
669195,0.0013261462
669196,0.08608029
669197,0.49481913
669198,0.0027701193
669199,0.98185074
669200,0.99708605
669201,0.997148
669202,0.010584144
669203,0.981334
669204,0.9868436
669205,0.06582249
669206,0.8600994
669207,0.025908541
669208,0.015468153
669209,0.9983562
669210,0.9886837
669211,0.99623984
669212,0.66911596
669213,0.015984569
669214,0.9800153
669215,0.012030218
669216,0.541744
669217,0.11385462
669218,0.030268531
669219,0.99901354
669220,0.9955597
669221,0.12347834
669222,0.9899381
669223,0.0861241
669224,0.091854714
669225,0.13433912
669226,0.013262437
669227,0.116297975
669228,0.009680673
669229,0.018095665
669230,0.06214501
669231,0.32656422
669232,0.28305846
669233,0.25807363
669234,0.038738586
669235,0.11446837
669236,0.011149911
669237,0.99299634
669238,0.8646502
669239,0.07969176
669240,0.27766564
669241,0.43586874
669242,0.9857516
669243,0.007789889
669244,0.3238083
669245,0.05814433
669246,0.9683462
669247,0.5365176
669248,0.061327085
669249,0.07473326
669250,0.95055056
669251,0.0038289544
669252,0.009894734
669253,0.8941947
669254,0.038883083
669255,0.10036658
669256,0.0567457
669257,0.0077143232
669258,0.099088416
669259,0.0017470674
669260,0.9914244
669261,0.8797543
669262,0.12191716
669263,0.7848393
669264,0.88759136
669265,0.9723597
669266,0.20446503
669267,0.96623003
669268,0.09145917
669269,0.9987761
669270,0.98651505
669271,0.99580914
669272,0.8350239
669273,0.041187637
669274,0.9706363
669275,0.6095748
669276,0.4225671
669277,0.014213124
669278,0.05816077
669279,0.16491722
669280,0.85064363
669281,0.08192201
669282,0.9783806
669283,0.060556103
669284,0.018187582
669285,0.04792696
669286,0.99543566
669287,0.015435756
669288,0.107716754
669289,0.3498646
669290,0.077234626
669291,0.3412072
669292,0.03185655
669293,0.0077234493
669294,0.029672198
669295,0.00795204
669296,0.80218273
669297,0.06574914
669298,0.9917741
669299,0.010906845
669300,0.9950671
669301,0.2286197
669302,0.26278335
669303,0.10196273
669304,0.78004795
669305,0.990516
669306,0.7472326
669307,0.9973581
669308,0.9610609
669309,0.008213765
669310,0.10201831
669311,0.6739621
669312,0.009846325
669313,0.0044769915
669314,0.489537
669315,0.8760734
669316,0.17324789
669317,0.99736756
669318,0.06304229
669319,0.42524076
669320,0.059783734
669321,0.011672804
669322,0.0054376232
669323,0.0049559483
669324,0.09145952
669325,0.004731948
669326,0.23790495
669327,0.9626125
669328,0.99658495
669329,0.020271119
669330,0.5478726
669331,0.11948684
669332,0.2562671
669333,0.92832345
669334,0.2555996
669335,0.8249187
669336,0.91142833
669337,0.9888356
669338,0.69325686
669339,0.9634429
669340,0.006444757
669341,0.9978272
669342,0.8301183
669343,0.01260333
669344,0.40975392
669345,0.7825253
669346,0.54686666
669347,0.12609303
669348,0.26241612
669349,0.75246435
669350,0.007196744
669351,0.04834843
669352,0.9797114
669353,0.039495125
669354,0.47268185
669355,0.5745334
669356,0.9968388
669357,0.88001
669358,0.4459205
669359,0.99562526
669360,0.43059838
669361,0.9232334
669362,0.9377793
669363,0.3870682
669364,0.9627911
669365,0.82155323
669366,0.09361983
669367,0.97537047
669368,0.68063354
669369,0.0035998872
669370,0.9976282
669371,0.51704943
669372,0.010779444
669373,0.043871127
669374,0.8797957
669375,0.017990367
669376,0.96879935
669377,0.98199975
669378,0.6032615
669379,0.16671391
669380,0.0038935326
669381,0.006314521
669382,0.5229542
669383,0.051322367
669384,0.7938875
669385,0.045321316
669386,0.3589913
669387,0.07777864
669388,0.848905
669389,0.9389627
669390,0.012909109
669391,0.01004638
669392,0.06914318
669393,0.025166549
669394,0.14113969
669395,0.91950685
669396,0.0154679455
669397,0.31486392
669398,0.08542575
669399,0.2518975
669400,0.90498126
669401,0.99066544
669402,0.0018820958
669403,0.9483754
669404,0.072328754
669405,0.99820584
669406,0.8356008
669407,0.9996325
669408,0.41664332
669409,0.060597967
669410,0.018299399
669411,0.81650704
669412,0.9964404
669413,0.005664198
669414,0.9878554
669415,0.23259488
669416,0.042417068
669417,0.009887321
669418,0.008828303
669419,0.31138483
669420,0.0980857
669421,0.30032134
669422,0.98116374
669423,0.9224615
669424,0.084948525
669425,0.037426203
669426,0.111102045
669427,0.99000216
669428,0.9954454
669429,0.99635154
669430,0.028072178
669431,0.021343898
669432,0.010282279
669433,0.0063009756
669434,0.89608127
669435,0.95119137
669436,0.031360015
669437,0.9911754
669438,0.9420263
669439,0.5448735
669440,0.97562885
669441,0.9249964
669442,0.0031999415
669443,0.9487891
669444,0.96400785
669445,0.012003119
669446,0.15813304
669447,0.0051321695
669448,0.28059
669449,0.06431643
669450,0.69876844
669451,0.99894816
669452,0.95951545
669453,0.19421127
669454,0.014171423
669455,0.98209465
669456,0.105841056
669457,0.9543628
669458,0.015559861
669459,0.9792786
669460,0.0092811715
669461,0.75204134
669462,0.9666724
669463,0.7493943
669464,0.0064194007
669465,0.74501944
669466,0.012297165
669467,0.9859143
669468,0.00522599
669469,0.9393267
669470,0.94446313
669471,0.011307886
669472,0.2217591
669473,0.9676059
669474,0.016605519
669475,0.6703988
669476,0.96100354
669477,0.01163712
669478,0.33716103
669479,0.014385374
669480,0.69828665
669481,0.019432398
669482,0.015342912
669483,0.96040964
669484,0.005166781
669485,0.9787079
669486,0.64384234
669487,0.03876616
669488,0.05684683
669489,0.026118325
669490,0.9610872
669491,0.8173021
669492,0.07169518
669493,0.8928171
669494,0.9926499
669495,0.29623616
669496,0.20630561
669497,0.08774223
669498,0.013082258
669499,0.42960128
669500,0.76159537
669501,0.84379333
669502,0.58221817
669503,0.033288546
669504,0.015143124
669505,0.62403893
669506,0.12543261
669507,0.014677049
669508,0.024747724
669509,0.038029753
669510,0.057547748
669511,0.78175247
669512,0.91482437
669513,0.01489413
669514,0.061174676
669515,0.012473395
669516,0.0062213303
669517,0.07010825
669518,0.99740195
669519,0.07585304
669520,0.014307833
669521,0.97314346
669522,0.20750774
669523,0.6622357
669524,0.031457737
669525,0.3125712
669526,0.86964226
669527,0.030572584
669528,0.030647488
669529,0.9740059
669530,0.008600576
669531,0.08633837
669532,0.015931785
669533,0.007519791
669534,0.990828
669535,0.84021354
669536,0.07887611
669537,0.9338443
669538,0.004786276
669539,0.86066204
669540,0.027214235
669541,0.0056365924
669542,0.031422123
669543,0.89758253
669544,0.68414664
669545,0.09603907
669546,0.45701244
669547,0.8245918
669548,0.893396
669549,0.008158373
669550,0.96968776
669551,0.24098806
669552,0.41344064
669553,0.112185605
669554,0.13100931
669555,0.93921983
669556,0.019771166
669557,0.6008264
669558,0.0070897085
669559,0.03222037
669560,0.04394752
669561,0.022237634
669562,0.00492353
669563,0.026713513
669564,0.97911745
669565,0.9979333
669566,0.94494605
669567,0.9821836
669568,0.005503875
669569,0.025931876
669570,0.05136317
669571,0.07657876
669572,0.1040733
669573,0.92235565
669574,0.062240817
669575,0.97823274
669576,0.52208054
669577,0.120717786
669578,0.009502651
669579,0.87965345
669580,0.022774203
669581,0.22058365
669582,0.36936253
669583,0.012395423
669584,0.2959094
669585,0.057499323
669586,0.29871443
669587,0.9974692
669588,0.05800437
669589,0.2678252
669590,0.072534464
669591,0.022135556
669592,0.9929466
669593,0.9854326
669594,0.98960817
669595,0.9539307
669596,0.99370337
669597,0.84134287
669598,0.08899521
669599,0.27652228
669600,0.1033859
669601,0.05917173
669602,0.049239837
669603,0.43571898
669604,0.055588447
669605,0.4532799
669606,0.6144661
669607,0.8875926
669608,0.979675
669609,0.9917554
669610,0.80323917
669611,0.015559526
669612,0.99192643
669613,0.57768047
669614,0.35797852
669615,0.80096066
669616,0.9991219
669617,0.95760024
669618,0.99337494
669619,0.99612844
669620,0.48446026
669621,0.48891032
669622,0.016587332
669623,0.82675004
669624,0.9958289
669625,0.09993054
669626,0.031244878
669627,0.29634005
669628,0.016937517
669629,0.9198822
669630,0.9689539
669631,0.012642818
669632,0.027810946
669633,0.8721565
669634,0.030715136
669635,0.046317957
669636,0.4321186
669637,0.42527735
669638,0.99755067
669639,0.022165522
669640,0.53664607
669641,0.99772185
669642,0.024223188
669643,0.028900556
669644,0.83165777
669645,0.9965683
669646,0.03548025
669647,0.9950743
669648,0.5384806
669649,0.26659015
669650,0.037695386
669651,0.72301793
669652,0.9919751
669653,0.17101438
669654,0.9853846
669655,0.006420117
669656,0.015783215
669657,0.3172087
669658,0.9776746
669659,0.036607232
669660,0.066382974
669661,0.100393
669662,0.84970117
669663,0.5445995
669664,0.8957709
669665,0.05121248
669666,0.99324083
669667,0.0051320596
669668,0.010723808
669669,0.0010640426
669670,0.9905913
669671,0.5125948
669672,0.09339691
669673,0.9909931
669674,0.9941264
669675,0.93284476
669676,0.02438028
669677,0.99055445
669678,0.048020154
669679,0.9117684
669680,0.04372619
669681,0.017586388
669682,0.013183767
669683,0.018634457
669684,0.7250179
669685,0.0044507347
669686,0.0065363995
669687,0.0122874025
669688,0.015276106
669689,0.0707657
669690,0.069323555
669691,0.96110606
669692,0.8928157
669693,0.99148643
669694,0.51358664
669695,0.21028966
669696,0.9965602
669697,0.017042711
669698,0.12609012
669699,0.17616937
669700,0.003822396
669701,0.87576187
669702,0.6803991
669703,0.9561477
669704,0.9728209
669705,0.9849352
669706,0.020998016
669707,0.010913903
669708,0.038359113
669709,0.99142003
669710,0.9985584
669711,0.010322779
669712,0.41800526
669713,0.9418287
669714,0.9835778
669715,0.03763391
669716,0.9460427
669717,0.0036111677
669718,0.013789646
669719,0.9949208
669720,0.8930681
669721,0.9871981
669722,0.7235216
669723,0.01332195
669724,0.030858187
669725,0.59833694
669726,0.622375
669727,0.89587384
669728,0.97613823
669729,0.0050885165
669730,0.9886353
669731,0.1385875
669732,0.1180912
669733,0.023999251
669734,0.99690765
669735,0.20187174
669736,0.66419894
669737,0.98349005
669738,0.074413195
669739,0.98101836
669740,0.9635489
669741,0.8383821
669742,0.016075023
669743,0.7844441
669744,0.9466568
669745,0.9816411
669746,0.051841754
669747,0.013275489
669748,0.026382241
669749,0.10914402
669750,0.9172577
669751,0.9795225
669752,0.5169128
669753,0.018805115
669754,0.9905246
669755,0.054990355
669756,0.42643833
669757,0.9719173
669758,0.043444753
669759,0.10441099
669760,0.9919775
669761,0.007420595
669762,0.99201787
669763,0.9723453
669764,0.67360246
669765,0.81261986
669766,0.7600153
669767,0.991428
669768,0.99675333
669769,0.9983908
669770,0.9980857
669771,0.03653221
669772,0.019754838
669773,0.035940643
669774,0.77923083
669775,0.92686486
669776,0.76361966
669777,0.007695877
669778,0.7579733
669779,0.8813497
669780,0.106052056
669781,0.0794174
669782,0.6043351
669783,0.9902721
669784,0.025063489
669785,0.9992449
669786,0.017621195
669787,0.9974998
669788,0.3171911
669789,0.12454056
669790,0.9023398
669791,0.99306023
669792,0.82948524
669793,0.82867646
669794,0.5717295
669795,0.112881646
669796,0.9478133
669797,0.9786033
669798,0.9952266
669799,0.013619248
669800,0.01863428
669801,0.018794935
669802,0.004935711
669803,0.39144868
669804,0.9960685
669805,0.9960597
669806,0.024154844
669807,0.4551015
669808,0.99688643
669809,0.0062476182
669810,0.6870482
669811,0.8145864
669812,0.11227048
669813,0.7282596
669814,0.013757383
669815,0.95040894
669816,0.088025555
669817,0.38718158
669818,0.48665637
669819,0.04153505
669820,0.045248147
669821,0.96000457
669822,0.02449982
669823,0.95877934
669824,0.00999483
669825,0.98444045
669826,0.98857284
669827,0.8466555
669828,0.35303974
669829,0.99809283
669830,0.07979744
669831,0.8280109
669832,0.89179766
669833,0.058542497
669834,0.003937133
669835,0.036354076
669836,0.99752235
669837,0.99113035
669838,0.02410519
669839,0.95411414
669840,0.4675249
669841,0.03285494
669842,0.65196556
669843,0.9112905
669844,0.6873491
669845,0.7175807
669846,0.315985
669847,0.022713047
669848,0.23305422
669849,0.030516636
669850,0.005204461
669851,0.6419448
669852,0.15323734
669853,0.9773691
669854,0.09307099
669855,0.0050868727
669856,0.9669856
669857,0.99267673
669858,0.99326324
669859,0.8971608
669860,0.9524098
669861,0.21777396
669862,0.9427123
669863,0.04617859
669864,0.6193582
669865,0.006889451
669866,0.040730864
669867,0.12521395
669868,0.15878288
669869,0.016617823
669870,0.009286113
669871,0.069929495
669872,0.974717
669873,0.0029933727
669874,0.544637
669875,0.24209695
669876,0.9783995
669877,0.73399377
669878,0.02574664
669879,0.24485709
669880,0.962091
669881,0.86146235
669882,0.1351464
669883,0.9394145
669884,0.004242029
669885,0.82851166
669886,0.14781953
669887,0.017482182
669888,0.95312035
669889,0.019471433
669890,0.012435839
669891,0.9835927
669892,0.0027703787
669893,0.02981297
669894,0.49151134
669895,0.24996284
669896,0.8756142
669897,0.99195856
669898,0.33227336
669899,0.012949448
669900,0.009072306
669901,0.06734093
669902,0.94955564
669903,0.99923205
669904,0.98125815
669905,0.007059912
669906,0.7878659
669907,0.95113826
669908,0.0073820273
669909,0.97484756
669910,0.90662944
669911,0.14938289
669912,0.5844732
669913,0.03082668
669914,0.9927948
669915,0.06447532
669916,0.7519696
669917,0.92888385
669918,0.50536513
669919,0.9869913
669920,0.9950485
669921,0.98180974
669922,0.69235355
669923,0.96514285
669924,0.22364867
669925,0.98660743
669926,0.024915535
669927,0.44888857
669928,0.017382901
669929,0.8840004
669930,0.015721414
669931,0.013863257
669932,0.9356138
669933,0.026798658
669934,0.16144201
669935,0.028603917
669936,0.91821826
669937,0.15075155
669938,0.25002512
669939,0.1198914
669940,0.078150794
669941,0.004819627
669942,0.8747677
669943,0.67946166
669944,0.28910995
669945,0.07785215
669946,0.008025885
669947,0.1792706
669948,0.9959369
669949,0.049109288
669950,0.53378606
669951,0.82114446
669952,0.00578167
669953,0.22151276
669954,0.39402348
669955,0.9772781
669956,0.8772828
669957,0.9178296
669958,0.99920255
669959,0.2542457
669960,0.7810925
669961,0.3634615
669962,0.15216166
669963,0.82487816
669964,0.9021178
669965,0.75315046
669966,0.782018
669967,0.9760256
669968,0.09413113
669969,0.19493589
669970,0.8570075
669971,0.9987241
669972,0.998546
669973,0.5784273
669974,0.072209135
669975,0.998162
669976,0.37209374
669977,0.03219211
669978,0.7942668
669979,0.9274107
669980,0.74949306
669981,0.98883593
669982,0.9460468
669983,0.024715345
669984,0.39846495
669985,0.54600644
669986,0.19103916
669987,0.7536516
669988,0.9878746
669989,0.99767524
669990,0.8337737
669991,0.5090128
669992,0.0016480655
669993,0.015525151
669994,0.4085428
669995,0.97543883
669996,0.12384455
669997,0.03982062
669998,0.9992825
669999,0.020138223
670000,0.0084417965
670001,0.9287666
670002,0.52982444
670003,0.98335344
670004,0.0072822487
670005,0.15800673
670006,0.0046534687
670007,0.2101228
670008,0.67316675
670009,0.9949105
670010,0.896806
670011,0.3088325
670012,0.113186516
670013,0.20846564
670014,0.020596579
670015,0.9972704
670016,0.04176089
670017,0.15450263
670018,0.21278048
670019,0.99706626
670020,0.6694185
670021,0.005963958
670022,0.9923447
670023,0.99920917
670024,0.016074745
670025,0.88128495
670026,0.05968717
670027,0.99881697
670028,0.8971157
670029,0.28782892
670030,0.7553061
670031,0.9037388
670032,0.009107338
670033,0.97310036
670034,0.9976433
670035,0.10375707
670036,0.40574995
670037,0.8347306
670038,0.87348914
670039,0.067774
670040,0.15426302
670041,0.079457745
670042,0.027967347
670043,0.31636378
670044,0.2639214
670045,0.13560297
670046,0.99503314
670047,0.21449119
670048,0.94982105
670049,0.843033
670050,0.99269307
670051,0.013481293
670052,0.0072171083
670053,0.9960434
670054,0.8801493
670055,0.03652011
670056,0.053100266
670057,0.021891601
670058,0.002136441
670059,0.00919589
670060,0.0073556257
670061,0.23779863
670062,0.7922975
670063,0.98776954
670064,0.009849446
670065,0.02734552
670066,0.11712432
670067,0.98948205
670068,0.03183101
670069,0.9561434
670070,0.47804743
670071,0.7028877
670072,0.9931504
670073,0.70406365
670074,0.27142957
670075,0.0034094036
670076,0.014267398
670077,0.18266986
670078,0.24303457
670079,0.96442163
670080,0.639387
670081,0.07645536
670082,0.076834515
670083,0.018246979
670084,0.013402583
670085,0.9939852
670086,0.93977785
670087,0.05945636
670088,0.9267624
670089,0.98055303
670090,0.0419776
670091,0.14365135
670092,0.05357179
670093,0.99568355
670094,0.03032405
670095,0.97236574
670096,0.5133177
670097,0.9724519
670098,0.08272074
670099,0.014418412
670100,0.17675813
670101,0.96760994
670102,0.028407846
670103,0.0044622207
670104,0.8437462
670105,0.05699058
670106,0.817912
670107,0.0138981445
670108,0.033498224
670109,0.051378455
670110,0.946753
670111,0.003813875
670112,0.98511124
670113,0.98835784
670114,0.18603587
670115,0.04548815
670116,0.039271746
670117,0.9888428
670118,0.7712987
670119,0.026818087
670120,0.0032043846
670121,0.7353008
670122,0.0407866
670123,0.9244311
670124,0.24484965
670125,0.83054376
670126,0.031537548
670127,0.84636843
670128,0.707808
670129,0.039438743
670130,0.92616034
670131,0.22791691
670132,0.68214357
670133,0.99550205
670134,0.1227153
670135,0.016481297
670136,0.9910135
670137,0.99444366
670138,0.1807586
670139,0.03616824
670140,0.08613913
670141,0.23140562
670142,0.12940028
670143,0.962061
670144,0.0036741535
670145,0.9284884
670146,0.99624914
670147,0.013041755
670148,0.676622
670149,0.044344623
670150,0.9981429
670151,0.012483127
670152,0.89831084
670153,0.15802658
670154,0.16974452
670155,0.59340364
670156,0.9959893
670157,0.99604106
670158,0.19266978
670159,0.056230366
670160,0.9958967
670161,0.33389416
670162,0.9792211
670163,0.7545433
670164,0.059822787
670165,0.11587988
670166,0.9629012
670167,0.9914973
670168,0.013375244
670169,0.9863831
670170,0.019968655
670171,0.024101421
670172,0.91363806
670173,0.022021078
670174,0.07411648
670175,0.8127097
670176,0.97206926
670177,0.07134838
670178,0.995309
670179,0.96591717
670180,0.06930348
670181,0.02259718
670182,0.9559789
670183,0.99221146
670184,0.97286236
670185,0.2151655
670186,0.081447996
670187,0.54926217
670188,0.16569763
670189,0.7868181
670190,0.23481828
670191,0.8672546
670192,0.028072875
670193,0.9448503
670194,0.052859664
670195,0.031125413
670196,0.911495
670197,0.99153614
670198,0.11690678
670199,0.0029059069
670200,0.95928967
670201,0.0017043325
670202,0.056484688
670203,0.22520395
670204,0.9859189
670205,0.009828068
670206,0.9571388
670207,0.9951309
670208,0.17775935
670209,0.6549435
670210,0.1973773
670211,0.62500465
670212,0.009548196
670213,0.9624409
670214,0.7601834
670215,0.16373761
670216,0.0051208334
670217,0.008171722
670218,0.008043102
670219,0.7175941
670220,0.025297849
670221,0.39377922
670222,0.07190283
670223,0.013155294
670224,0.01283212
670225,0.026199076
670226,0.054498665
670227,0.00892769
670228,0.27154428
670229,0.9812807
670230,0.21221851
670231,0.9992268
670232,0.029175095
670233,0.2748236
670234,0.9913412
670235,0.23744565
670236,0.038854815
670237,0.4076291
670238,0.074097365
670239,0.46006715
670240,0.009152027
670241,0.72802836
670242,0.012781422
670243,0.52975154
670244,0.11465054
670245,0.08370183
670246,0.0277191
670247,0.98395824
670248,0.9898608
670249,0.09466995
670250,0.4187317
670251,0.08606133
670252,0.009308121
670253,0.91927636
670254,0.093042195
670255,0.9117352
670256,0.5501846
670257,0.9477262
670258,0.6588845
670259,0.8927393
670260,0.016056973
670261,0.93442684
670262,0.062273074
670263,0.3813866
670264,0.27191323
670265,0.94854987
670266,0.0024548315
670267,0.99180627
670268,0.1137214
670269,0.04969447
670270,0.21067743
670271,0.9348184
670272,0.9620471
670273,0.9768249
670274,0.07241273
670275,0.7724091
670276,0.07317309
670277,0.3990658
670278,0.057179242
670279,0.010530715
670280,0.12510365
670281,0.0013594466
670282,0.991076
670283,0.9977307
670284,0.96496046
670285,0.016155869
670286,0.2317789
670287,0.5497607
670288,0.008488333
670289,0.13081628
670290,0.3888399
670291,0.4148878
670292,0.9884324
670293,0.043741457
670294,0.0024420312
670295,0.9946892
670296,0.014032772
670297,0.035244875
670298,0.0058331713
670299,0.023304027
670300,0.06561973
670301,0.011989199
670302,0.98325104
670303,0.74755263
670304,0.9792635
670305,0.25207248
670306,0.01195432
670307,0.6893175
670308,0.009817794
670309,0.9635612
670310,0.99286485
670311,0.95648897
670312,0.3754257
670313,0.99436635
670314,0.026608437
670315,0.050381124
670316,0.3663663
670317,0.061313774
670318,0.65922385
670319,0.9639956
670320,0.12913305
670321,0.0021214096
670322,0.9755466
670323,0.014683243
670324,0.12587053
670325,0.33523804
670326,0.9754256
670327,0.0077631054
670328,0.97105443
670329,0.063569605
670330,0.14179593
670331,0.02779203
670332,0.97767544
670333,0.07631191
670334,0.85466105
670335,0.9719225
670336,0.028324576
670337,0.012289113
670338,0.013867017
670339,0.050813943
670340,0.958899
670341,0.031403057
670342,0.5680497
670343,0.01906262
670344,0.055225212
670345,0.03321956
670346,0.9930501
670347,0.9880369
670348,0.6333599
670349,0.9856807
670350,0.04920709
670351,0.084668875
670352,0.007642772
670353,0.033572197
670354,0.98010576
670355,0.9428544
670356,0.24660707
670357,0.20052913
670358,0.5009876
670359,0.011072133
670360,0.9992529
670361,0.030359458
670362,0.017594278
670363,0.91667616
670364,0.11816822
670365,0.011540043
670366,0.030455621
670367,0.5073833
670368,0.622918
670369,0.023157712
670370,0.13878852
670371,0.7347933
670372,0.5729161
670373,0.79595065
670374,0.044855706
670375,0.016433695
670376,0.9781976
670377,0.0066666687
670378,0.019716363
670379,0.032033782
670380,0.005533574
670381,0.6376477
670382,0.111919686
670383,0.81342334
670384,0.003175976
670385,0.9065307
670386,0.0132899
670387,0.8641536
670388,0.4757812
670389,0.9786775
670390,0.19044021
670391,0.010703374
670392,0.9723867
670393,0.9907112
670394,0.68238586
670395,0.16980161
670396,0.41352317
670397,0.6610112
670398,0.3444513
670399,0.9599145
670400,0.04011104
670401,0.028290423
670402,0.7529967
670403,0.045037046
670404,0.0074414853
670405,0.27013123
670406,0.98905325
670407,0.030897588
670408,0.12211646
670409,0.9973145
670410,0.8023058
670411,0.9969027
670412,0.25199598
670413,0.03746308
670414,0.019135265
670415,0.018361531
670416,0.23482479
670417,0.9743266
670418,0.96918845
670419,0.19429182
670420,0.090703085
670421,0.03856483
670422,0.9905752
670423,0.30642927
670424,0.00852248
670425,0.0015284114
670426,0.9957957
670427,0.027242992
670428,0.0076325648
670429,0.02586212
670430,0.0064996877
670431,0.46098366
670432,0.88633823
670433,0.04153513
670434,0.07530719
670435,0.982054
670436,0.034770843
670437,0.09256435
670438,0.84350085
670439,0.0016618746
670440,0.37504128
670441,0.11575204
670442,0.112847336
670443,0.98506737
670444,0.7053896
670445,0.99514925
670446,0.045330964
670447,0.007475458
670448,0.429707
670449,0.98432314
670450,0.021999184
670451,0.1595546
670452,0.97526693
670453,0.08978048
670454,0.98967457
670455,0.003059117
670456,0.6725533
670457,0.79075056
670458,0.087659314
670459,0.9274918
670460,0.9974986
670461,0.01095019
670462,0.0033895115
670463,0.06288503
670464,0.22489554
670465,0.26622888
670466,0.01846411
670467,0.021260362
670468,0.8465633
670469,0.9489408
670470,0.15279302
670471,0.066225015
670472,0.97698176
670473,0.99764895
670474,0.1384523
670475,0.9334418
670476,0.03646464
670477,0.87548107
670478,0.030111142
670479,0.048925888
670480,0.003604141
670481,0.037070595
670482,0.9956956
670483,0.045810774
670484,0.8338339
670485,0.014895046
670486,0.83271027
670487,0.07323331
670488,0.71923673
670489,0.018509261
670490,0.9539194
670491,0.0058923676
670492,0.7248649
670493,0.9974322
670494,0.013075287
670495,0.98717564
670496,0.98693347
670497,0.013875341
670498,0.01676308
670499,0.0069616465
670500,0.5681904
670501,0.97449803
670502,0.11786984
670503,0.031794336
670504,0.35458887
670505,0.9985689
670506,0.54174477
670507,0.026352037
670508,0.9966827
670509,0.04104071
670510,0.8363637
670511,0.007894695
670512,0.935656
670513,0.009720242
670514,0.057068117
670515,0.19800296
670516,0.9906214
670517,0.8936319
670518,0.13864644
670519,0.99392253
670520,0.013094461
670521,0.031554185
670522,0.9931282
670523,0.0591984
670524,0.06890406
670525,0.0111668985
670526,0.015962727
670527,0.9972373
670528,0.35504812
670529,0.9825574
670530,0.02718104
670531,0.8668506
670532,0.23006764
670533,0.80596685
670534,0.949781
670535,0.022588952
670536,0.0090597365
670537,0.36926454
670538,0.98601305
670539,0.935624
670540,0.10541441
670541,0.041399494
670542,0.08775374
670543,0.9968997
670544,0.78557956
670545,0.08159083
670546,0.19480842
670547,0.6644062
670548,0.85474885
670549,0.93047214
670550,0.9720202
670551,0.20614332
670552,0.1833857
670553,0.9887754
670554,0.19413224
670555,0.070651375
670556,0.9053373
670557,0.047225997
670558,0.99335325
670559,0.9951263
670560,0.8022804
670561,0.15338063
670562,0.031157847
670563,0.9961036
670564,0.8523778
670565,0.70559955
670566,0.9211036
670567,0.14288034
670568,0.9108636
670569,0.99523324
670570,0.98735756
670571,0.9827444
670572,0.7291549
670573,0.99192584
670574,0.04983141
670575,0.010963665
670576,0.8937023
670577,0.4889582
670578,0.9386731
670579,0.99876773
670580,0.01903898
670581,0.01713638
670582,0.98602456
670583,0.13677062
670584,0.019715942
670585,0.70015395
670586,0.0028364328
670587,0.14945915
670588,0.8176495
670589,0.8842491
670590,0.013462548
670591,0.25110173
670592,0.82981336
670593,0.9972703
670594,0.32471156
670595,0.9956012
670596,0.032761194
670597,0.009215083
670598,0.03490914
670599,0.034788158
670600,0.9655376
670601,0.052203227
670602,0.8388866
670603,0.021076238
670604,0.023062171
670605,0.99386656
670606,0.063877955
670607,0.34924495
670608,0.3809887
670609,0.9444679
670610,0.81817454
670611,0.43202117
670612,0.14139229
670613,0.21505964
670614,0.03181482
670615,0.042642996
670616,0.17880999
670617,0.13837126
670618,0.9842999
670619,0.031818807
670620,0.049476296
670621,0.22278333
670622,0.11846463
670623,0.021415247
670624,0.03346322
670625,0.017143581
670626,0.9988623
670627,0.059593894
670628,0.091261074
670629,0.94607484
670630,0.012867966
670631,0.004130047
670632,0.35730022
670633,0.598707
670634,0.028615046
670635,0.0038293647
670636,0.015007331
670637,0.9793737
670638,0.048705265
670639,0.9857836
670640,0.004948316
670641,0.1460624
670642,0.07393681
670643,0.98787534
670644,0.8084104
670645,0.017687358
670646,0.017439825
670647,0.061617386
670648,0.016462348
670649,0.78067744
670650,0.07297225
670651,0.9227548
670652,0.008875557
670653,0.021572547
670654,0.04702129
670655,0.002346867
670656,0.94269073
670657,0.9186013
670658,0.88379645
670659,0.09475236
670660,0.97127104
670661,0.015919855
670662,0.74303794
670663,0.015165601
670664,0.021723049
670665,0.74042916
670666,0.91135263
670667,0.7585563
670668,0.052155998
670669,0.040017527
670670,0.9786116
670671,0.0017640844
670672,0.9640945
670673,0.9583856
670674,0.844892
670675,0.97190744
670676,0.9964401
670677,0.0643415
670678,0.0591781
670679,0.004120902
670680,0.004441687
670681,0.38347033
670682,0.0063997097
670683,0.18368563
670684,0.71510005
670685,0.34049398
670686,0.94073075
670687,0.0046276865
670688,0.4413637
670689,0.8394079
670690,0.035708293
670691,0.8836901
670692,0.04768411
670693,0.0019462951
670694,0.008313861
670695,0.38353187
670696,0.063770324
670697,0.99202317
670698,0.25765693
670699,0.9802803
670700,0.754519
670701,0.106070824
670702,0.9993876
670703,0.008338535
670704,0.02942812
670705,0.009163799
670706,0.5634997
670707,0.9962925
670708,0.059991173
670709,0.6410847
670710,0.019379942
670711,0.31752545
670712,0.19944996
670713,0.7927425
670714,0.034646377
670715,0.57464767
670716,0.3186149
670717,0.012019106
670718,0.48922002
670719,0.9928615
670720,0.67785007
670721,0.98190343
670722,0.018256223
670723,0.07825788
670724,0.102048926
670725,0.97481173
670726,0.05076149
670727,0.013498152
670728,0.21613613
670729,0.5740722
670730,0.9978498
670731,0.3487549
670732,0.005463865
670733,0.0007338803
670734,0.6925545
670735,0.24121268
670736,0.95305216
670737,0.981162
670738,0.029426087
670739,0.100931905
670740,0.18734843
670741,0.93383783
670742,0.99600524
670743,0.62849885
670744,0.9327839
670745,0.83857036
670746,0.037777882
670747,0.0190382
670748,0.9676902
670749,0.12041852
670750,0.86777353
670751,0.020680796
670752,0.1666429
670753,0.08433682
670754,0.19793397
670755,0.6794399
670756,0.09980256
670757,0.20226224
670758,0.98097414
670759,0.15099293
670760,0.059501976
670761,0.21800864
670762,0.0020042025
670763,0.9636731
670764,0.6351998
670765,0.7800553
670766,0.0044387537
670767,0.0646011
670768,0.035187982
670769,0.94232905
670770,0.01421237
670771,0.67990947
670772,0.73230016
670773,0.2258206
670774,0.008123117
670775,0.06742761
670776,0.8948019
670777,0.7980691
670778,0.2362363
670779,0.007272073
670780,0.534132
670781,0.27509928
670782,0.008072871
670783,0.24375615
670784,0.009766524
670785,0.94085896
670786,0.7553556
670787,0.63741773
670788,0.6830199
670789,0.99678594
670790,0.5730167
670791,0.99164945
670792,0.8836115
670793,0.69933295
670794,0.06254203
670795,0.041747287
670796,0.012610061
670797,0.8119874
670798,0.9881152
670799,0.031061426
670800,0.9481011
670801,0.03158232
670802,0.96569616
670803,0.004248712
670804,0.023095017
670805,0.0016003577
670806,0.085361056
670807,0.98217523
670808,0.8034248
670809,0.97045505
670810,0.23364598
670811,0.063280694
670812,0.9664551
670813,0.023442874
670814,0.047805645
670815,0.020455368
670816,0.9935262
670817,0.55967814
670818,0.58317053
670819,0.23032382
670820,0.9082826
670821,0.03535257
670822,0.07802992
670823,0.8466422
670824,0.95844436
670825,0.00081371434
670826,0.98703337
670827,0.8593593
670828,0.6029107
670829,0.96845174
670830,0.9178016
670831,0.010193255
670832,0.5437977
670833,0.06175663
670834,0.07265115
670835,0.011727948
670836,0.34609908
670837,0.006519814
670838,0.17788136
670839,0.010677387
670840,0.13863316
670841,0.98655295
670842,0.19045535
670843,0.014713217
670844,0.078080654
670845,0.948715
670846,0.06619829
670847,0.5593777
670848,0.8589966
670849,0.014329744
670850,0.9739988
670851,0.0025674652
670852,0.5510562
670853,0.2012133
670854,0.98845696
670855,0.037826117
670856,0.13197269
670857,0.40243948
670858,0.84525526
670859,0.035189923
670860,0.14588085
670861,0.9940637
670862,0.40594244
670863,0.092040256
670864,0.9228252
670865,0.89684206
670866,0.83326805
670867,0.021483012
670868,0.9919112
670869,0.04590568
670870,0.008574106
670871,0.7458496
670872,0.6713541
670873,0.13472801
670874,0.008254605
670875,0.023254825
670876,0.08465109
670877,0.9647495
670878,0.98861355
670879,0.9820174
670880,0.036883667
670881,0.013835009
670882,0.030708194
670883,0.9764202
670884,0.014307871
670885,0.9815099
670886,0.1146677
670887,0.039683197
670888,0.016776813
670889,0.9139637
670890,0.066663474
670891,0.013014838
670892,0.0632248
670893,0.09887175
670894,0.94486964
670895,0.3513922
670896,0.0094635505
670897,0.04374249
670898,0.87331855
670899,0.53535646
670900,0.030178996
670901,0.3777442
670902,0.012528849
670903,0.06345252
670904,0.557202
670905,0.083344795
670906,0.004658844
670907,0.05401833
670908,0.81801593
670909,0.016158026
670910,0.7273527
670911,0.9628124
670912,0.020179888
670913,0.0029931553
670914,0.93843853
670915,0.44700965
670916,0.67610544
670917,0.10709459
670918,0.3468405
670919,0.8274937
670920,0.7047052
670921,0.3401818
670922,0.044884197
670923,0.9248197
670924,0.9904583
670925,0.8434072
670926,0.23826936
670927,0.9945768
670928,0.7583474
670929,0.3866643
670930,0.92066836
670931,0.9688852
670932,0.018176336
670933,0.178361
670934,0.72333544
670935,0.004706575
670936,0.056219783
670937,0.0361461
670938,0.8505155
670939,0.9733194
670940,0.99254966
670941,0.88203365
670942,0.031689946
670943,0.110504
670944,0.99689865
670945,0.023871746
670946,0.016296513
670947,0.043569773
670948,0.042646207
670949,0.010041995
670950,0.6819025
670951,0.00970203
670952,0.038130272
670953,0.004089739
670954,0.965987
670955,0.030020155
670956,0.1010478
670957,0.91867036
670958,0.24722943
670959,0.7131184
670960,0.48069388
670961,0.9450719
670962,0.29884917
670963,0.9359967
670964,0.018174103
670965,0.91927606
670966,0.02846612
670967,0.094114766
670968,0.108043335
670969,0.9379393
670970,0.9980808
670971,0.10552298
670972,0.3183864
670973,0.04422616
670974,0.0036156834
670975,0.0020385506
670976,0.055080384
670977,0.75441086
670978,0.7150843
670979,0.9988669
670980,0.92551374
670981,0.009635867
670982,0.006835725
670983,0.24255477
670984,0.002798542
670985,0.1305973
670986,0.007588333
670987,0.011126017
670988,0.9903528
670989,0.96286875
670990,0.28490487
670991,0.96787834
670992,0.049277175
670993,0.95878637
670994,0.57863915
670995,0.9853019
670996,0.41051835
670997,0.6551044
670998,0.07635815
670999,0.5473422
671000,0.11558047
671001,0.06644595
671002,0.59002686
671003,0.6400241
671004,0.99785525
671005,0.021916373
671006,0.00493994
671007,0.86719525
671008,0.33623564
671009,0.047196247
671010,0.9978508
671011,0.03713695
671012,0.812029
671013,0.097202845
671014,0.055553302
671015,0.00897916
671016,0.6248566
671017,0.9985756
671018,0.0041474532
671019,0.41967952
671020,0.012216122
671021,0.0041591427
671022,0.10850776
671023,0.003678208
671024,0.86979175
671025,0.23663186
671026,0.09375487
671027,0.7211993
671028,0.71260464
671029,0.8160119
671030,0.1958091
671031,0.95770144
671032,0.21986765
671033,0.012310044
671034,0.07742781
671035,0.1567616
671036,0.71606874
671037,0.12461906
671038,0.486032
671039,0.027241621
671040,0.051039547
671041,0.10750182
671042,0.7693937
671043,0.9632617
671044,0.0030756597
671045,0.23335865
671046,0.9808594
671047,0.99878705
671048,0.25145465
671049,0.936183
671050,0.7870079
671051,0.05770252
671052,0.5402981
671053,0.99672496
671054,0.31004268
671055,0.13337472
671056,0.9849673
671057,0.24057068
671058,0.81543213
671059,0.064288035
671060,0.976823
671061,0.078644134
671062,0.99875826
671063,0.047634237
671064,0.67900544
671065,0.26369876
671066,0.09326631
671067,0.2690882
671068,0.0060415887
671069,0.38175276
671070,0.5814157
671071,0.206917
671072,0.8307237
671073,0.11950229
671074,0.01228977
671075,0.65251493
671076,0.99079376
671077,0.19174242
671078,0.0219672
671079,0.9883756
671080,0.017206315
671081,0.12246379
671082,0.035846233
671083,0.9846233
671084,0.018278616
671085,0.9940753
671086,0.99093974
671087,0.15594187
671088,0.01734813
671089,0.21946661
671090,0.7374404
671091,0.9557456
671092,0.99147636
671093,0.009285837
671094,0.08811597
671095,0.99342006
671096,0.90002424
671097,0.070984505
671098,0.38373977
671099,0.027928665
671100,0.7073336
671101,0.99454224
671102,0.02430527
671103,0.93173236
671104,0.97628236
671105,0.0049916543
671106,0.009638963
671107,0.3459308
671108,0.91607344
671109,0.014053534
671110,0.9976021
671111,0.302126
671112,0.59452814
671113,0.021403847
671114,0.07027822
671115,0.8252988
671116,0.064401075
671117,0.011274677
671118,0.9916425
671119,0.98289084
671120,0.97895837
671121,0.92460746
671122,0.9890138
671123,0.02807334
671124,0.9963306
671125,0.098155305
671126,0.007129762
671127,0.29361218
671128,0.9712422
671129,0.8115041
671130,0.021415573
671131,0.17106026
671132,0.040678423
671133,0.06445618
671134,0.09971975
671135,0.29777604
671136,0.9335714
671137,0.0074993777
671138,0.8118696
671139,0.4853178
671140,0.081925526
671141,0.93891835
671142,0.5376481
671143,0.95309585
671144,0.9412693
671145,0.016321845
671146,0.15028654
671147,0.0088713905
671148,0.058054138
671149,0.14150888
671150,0.9121518
671151,0.21120693
671152,0.9675229
671153,0.9977881
671154,0.2394494
671155,0.015379684
671156,0.18143478
671157,0.08356556
671158,0.593433
671159,0.958343
671160,0.98130625
671161,0.94228363
671162,0.9880611
671163,0.0013473283
671164,0.13307457
671165,0.16861603
671166,0.031158376
671167,0.62406087
671168,0.92556167
671169,0.04825599
671170,0.99747276
671171,0.7822503
671172,0.9722576
671173,0.8218739
671174,0.98311687
671175,0.06640801
671176,0.033816062
671177,0.021290697
671178,0.015373882
671179,0.016691461
671180,0.49119082
671181,0.025251796
671182,0.038995728
671183,0.846388
671184,0.9646119
671185,0.52168864
671186,0.52173203
671187,0.007171182
671188,0.9903359
671189,0.010088878
671190,0.8114164
671191,0.002020168
671192,0.9606181
671193,0.010653846
671194,0.8921249
671195,0.8950589
671196,0.9977829
671197,0.33737797
671198,0.030061187
671199,0.20897871
671200,0.9928704
671201,0.016696826
671202,0.9829243
671203,0.080842644
671204,0.001755293
671205,0.036355086
671206,0.39295143
671207,0.01948049
671208,0.9989875
671209,0.0040452117
671210,0.37789464
671211,0.05709143
671212,0.88299644
671213,0.019308204
671214,0.78220665
671215,0.0260213
671216,0.9713319
671217,0.21794578
671218,0.8734298
671219,0.2267777
671220,0.041185692
671221,0.98486114
671222,0.7804567
671223,0.7908285
671224,0.43531558
671225,0.083115816
671226,0.0354463
671227,0.9716823
671228,0.004223262
671229,0.519848
671230,0.16600694
671231,0.99494255
671232,0.006020296
671233,0.13529631
671234,0.006088325
671235,0.164413
671236,0.97045106
671237,0.26469147
671238,0.017498605
671239,0.11688997
671240,0.96880347
671241,0.49753287
671242,0.01228995
671243,0.60466367
671244,0.013028395
671245,0.09307152
671246,0.1143807
671247,0.9340723
671248,0.002138511
671249,0.8523642
671250,0.01064275
671251,0.21130139
671252,0.9926649
671253,0.9929873
671254,0.014391169
671255,0.9589564
671256,0.6445828
671257,0.023553895
671258,0.022947729
671259,0.99528635
671260,0.9853343
671261,0.05923007
671262,0.89962983
671263,0.2956636
671264,0.6988596
671265,0.5184385
671266,0.045914177
671267,0.09541115
671268,0.9672745
671269,0.8146941
671270,0.4242857
671271,0.9825344
671272,0.0044535347
671273,0.914375
671274,0.0114485305
671275,0.19719407
671276,0.94317806
671277,0.62036175
671278,0.12200454
671279,0.9546782
671280,0.31358373
671281,0.314936
671282,0.6836952
671283,0.07040563
671284,0.003933552
671285,0.14235926
671286,0.019797772
671287,0.8930053
671288,0.001811052
671289,0.3322698
671290,0.11723614
671291,0.3333056
671292,0.04883201
671293,0.93699014
671294,0.00791462
671295,0.847554
671296,0.9651296
671297,0.6986127
671298,0.028004453
671299,0.28782472
671300,0.1270293
671301,0.8798215
671302,0.024056463
671303,0.7274732
671304,0.37709072
671305,0.54019403
671306,0.9954621
671307,0.006800543
671308,0.95718557
671309,0.017130116
671310,0.114270404
671311,0.018955236
671312,0.039094966
671313,0.61119765
671314,0.08491621
671315,0.026370153
671316,0.5958166
671317,0.99304056
671318,0.99847406
671319,0.18422264
671320,0.018359408
671321,0.9976451
671322,0.15930098
671323,0.055749096
671324,0.8327378
671325,0.02936159
671326,0.97441655
671327,0.0746443
671328,0.10112428
671329,0.6171178
671330,0.74238455
671331,0.014103675
671332,0.19540603
671333,0.008626187
671334,0.021451406
671335,0.036583286
671336,0.7225307
671337,0.95537543
671338,0.06797032
671339,0.9944048
671340,0.05474944
671341,0.015743332
671342,0.009958582
671343,0.014651642
671344,0.9957118
671345,0.82864726
671346,0.96429926
671347,0.9718867
671348,0.9943751
671349,0.017374013
671350,0.9892851
671351,0.048906617
671352,0.96784604
671353,0.021536183
671354,0.10810236
671355,0.9269576
671356,0.46058765
671357,0.9864618
671358,0.89588994
671359,0.9686339
671360,0.025327
671361,0.070744075
671362,0.8517726
671363,0.9919614
671364,0.065861546
671365,0.09214057
671366,0.009976162
671367,0.9232418
671368,0.59856623
671369,0.9968389
671370,0.7797066
671371,0.6862335
671372,0.026371973
671373,0.052733727
671374,0.9823533
671375,0.99604976
671376,0.30209485
671377,0.1279783
671378,0.9978958
671379,0.37530166
671380,0.9998189
671381,0.063660994
671382,0.99710846
671383,0.062191222
671384,0.8860782
671385,0.02928582
671386,0.033352915
671387,0.6804807
671388,0.060156673
671389,0.053716354
671390,0.9958545
671391,0.05844695
671392,0.12734084
671393,0.19104703
671394,0.70377326
671395,0.26249644
671396,0.5245948
671397,0.0065124007
671398,0.98082066
671399,0.5920895
671400,0.9970603
671401,0.15686566
671402,0.044114687
671403,0.9690619
671404,0.13512622
671405,0.028160017
671406,0.105486244
671407,0.5030457
671408,0.013750594
671409,0.12786376
671410,0.019443128
671411,0.98163694
671412,0.15975264
671413,0.845706
671414,0.022891322
671415,0.8563396
671416,0.97514915
671417,0.07501082
671418,0.02914093
671419,0.04307373
671420,0.16466363
671421,0.059571512
671422,0.95286375
671423,0.08866264
671424,0.017447967
671425,0.38353243
671426,0.9948244
671427,0.017528571
671428,0.015252478
671429,0.99354535
671430,0.28030598
671431,0.37037683
671432,0.07264641
671433,0.82256925
671434,0.5181227
671435,0.39443225
671436,0.8834722
671437,0.12416293
671438,0.067717016
671439,0.019689094
671440,0.5511694
671441,0.90533584
671442,0.9216745
671443,0.0063800034
671444,0.95904064
671445,0.849106
671446,0.83397585
671447,0.14584133
671448,0.84708095
671449,0.6641948
671450,0.99432826
671451,0.31670946
671452,0.09193813
671453,0.97599006
671454,0.9918715
671455,0.73051685
671456,0.008081976
671457,0.1663177
671458,0.9875429
671459,0.16460219
671460,0.019413661
671461,0.9855938
671462,0.08106624
671463,0.06927498
671464,0.8656551
671465,0.94437826
671466,0.034165695
671467,0.07039268
671468,0.009333768
671469,0.006694274
671470,0.73740435
671471,0.98666584
671472,0.9880382
671473,0.9671566
671474,0.5908845
671475,0.013751302
671476,0.45487612
671477,0.9966444
671478,0.025402129
671479,0.07560748
671480,0.48795292
671481,0.99377894
671482,0.13243803
671483,0.011248315
671484,0.9350969
671485,0.9976721
671486,0.011351332
671487,0.8797053
671488,0.97335577
671489,0.9356543
671490,0.9906863
671491,0.29822746
671492,0.0044363127
671493,0.9852207
671494,0.48441693
671495,0.16415739
671496,0.6437678
671497,0.54834914
671498,0.30542302
671499,0.014472667
671500,0.010374854
671501,0.95377266
671502,0.99793327
671503,0.9994611
671504,0.91221464
671505,0.06868953
671506,0.99545705
671507,0.9196884
671508,0.11258037
671509,0.06842713
671510,0.13625315
671511,0.4207155
671512,0.9352371
671513,0.29748368
671514,0.992711
671515,0.029407347
671516,0.0144906305
671517,0.002688384
671518,0.9945912
671519,0.019818598
671520,0.98126185
671521,0.055050287
671522,0.037362672
671523,0.00790786
671524,0.66258585
671525,0.035380997
671526,0.9521266
671527,0.74791855
671528,0.9927913
671529,0.9912957
671530,0.046958927
671531,0.12348239
671532,0.76211137
671533,0.9679485
671534,0.041186705
671535,0.9721835
671536,0.02970811
671537,0.7497387
671538,0.9856126
671539,0.9896721
671540,0.39196563
671541,0.57735825
671542,0.9731415
671543,0.0057649366
671544,0.002279621
671545,0.009560747
671546,0.048271347
671547,0.03383425
671548,0.018287769
671549,0.040017877
671550,0.9730144
671551,0.25979334
671552,0.023942184
671553,0.9757032
671554,0.09680882
671555,0.011156615
671556,0.97738785
671557,0.9942516
671558,0.95072126
671559,0.13927239
671560,0.005848706
671561,0.9909973
671562,0.016065829
671563,0.29972982
671564,0.007842997
671565,0.000963798
671566,0.1742364
671567,0.98759073
671568,0.8730203
671569,0.010021053
671570,0.9984915
671571,0.22885124
671572,0.11444912
671573,0.99707294
671574,0.21698684
671575,0.8859894
671576,0.0017269927
671577,0.13735026
671578,0.97908854
671579,0.005931568
671580,0.95815873
671581,0.0035962507
671582,0.71568584
671583,0.9415424
671584,0.8640833
671585,0.7852287
671586,0.0036622733
671587,0.025257237
671588,0.96876043
671589,0.9919827
671590,0.04855977
671591,0.77069724
671592,0.0050596474
671593,0.26440024
671594,0.1179892
671595,0.051549993
671596,0.009482486
671597,0.03960179
671598,0.0013224517
671599,0.18777278
671600,0.9879807
671601,0.1665286
671602,0.026895532
671603,0.9852714
671604,0.9897578
671605,0.89372265
671606,0.8911042
671607,0.095222175
671608,0.9789448
671609,0.0150676435
671610,0.8841251
671611,0.69989014
671612,0.035946917
671613,0.14612636
671614,0.38131654
671615,0.7987431
671616,0.76154625
671617,0.99333054
671618,0.23401804
671619,0.97353256
671620,0.010459296
671621,0.039984588
671622,0.66038686
671623,0.99118453
671624,0.028934894
671625,0.90759444
671626,0.04400277
671627,0.99776417
671628,0.01627818
671629,0.041719485
671630,0.016840175
671631,0.95335144
671632,0.037082873
671633,0.07066822
671634,0.0045634713
671635,0.99762946
671636,0.9951959
671637,0.00595415
671638,0.059314504
671639,0.034674015
671640,0.93919146
671641,0.115391456
671642,0.92259824
671643,0.016961642
671644,0.88142335
671645,0.9968885
671646,0.11467585
671647,0.16383274
671648,0.87251985
671649,0.16762865
671650,0.002942177
671651,0.004510779
671652,0.5220205
671653,0.16067502
671654,0.006672021
671655,0.2528342
671656,0.08603027
671657,0.019110033
671658,0.021532506
671659,0.70398825
671660,0.010260256
671661,0.045191832
671662,0.90034956
671663,0.9951359
671664,0.089867026
671665,0.012988383
671666,0.22827157
671667,0.11057014
671668,0.018683843
671669,0.58426374
671670,0.9982966
671671,0.84148616
671672,0.8777748
671673,0.99268496
671674,0.45404798
671675,0.010286421
671676,0.013823142
671677,0.34175703
671678,0.021339012
671679,0.9729377
671680,0.14165425
671681,0.0076847645
671682,0.8654403
671683,0.84939224
671684,0.9595611
671685,0.18378785
671686,0.9622089
671687,0.21532059
671688,0.09636027
671689,0.949118
671690,0.9020413
671691,0.9924216
671692,0.046079643
671693,0.3790478
671694,0.04318145
671695,0.04289292
671696,0.9488067
671697,0.9950749
671698,0.966492
671699,0.6548464
671700,0.9835474
671701,0.93663096
671702,0.0070919143
671703,0.08569682
671704,0.8677227
671705,0.3515262
671706,0.24184209
671707,0.10868798
671708,0.9935747
671709,0.9980731
671710,0.96510506
671711,0.009410052
671712,0.9766928
671713,0.9953777
671714,0.004616677
671715,0.95300776
671716,0.931993
671717,0.13461857
671718,0.35319808
671719,0.1658542
671720,0.055732302
671721,0.996927
671722,0.053492043
671723,0.95172757
671724,0.06592704
671725,0.93385774
671726,0.0434986
671727,0.041776896
671728,0.9941415
671729,0.23718269
671730,0.9609734
671731,0.022247732
671732,0.86886525
671733,0.07451265
671734,0.14266035
671735,0.9243328
671736,0.05628472
671737,0.8056795
671738,0.6564425
671739,0.13991119
671740,0.97505623
671741,0.5021767
671742,0.9261209
671743,0.9910332
671744,0.025736019
671745,0.81809807
671746,0.86805737
671747,0.9438252
671748,0.97079813
671749,0.99139583
671750,0.03264749
671751,0.8295442
671752,0.40665606
671753,0.89934134
671754,0.023261625
671755,0.0041125417
671756,0.5831919
671757,0.009287084
671758,0.040721457
671759,0.5693834
671760,0.9955459
671761,0.9525629
671762,0.8777992
671763,0.0033811296
671764,0.9881151
671765,0.9685673
671766,0.110913254
671767,0.99941516
671768,0.029991109
671769,0.009865049
671770,0.23377733
671771,0.97108275
671772,0.92080927
671773,0.9262829
671774,0.0044865515
671775,0.9930638
671776,0.50563776
671777,0.82805365
671778,0.02461205
671779,0.35332024
671780,0.34040758
671781,0.5606852
671782,0.015684385
671783,0.0052432297
671784,0.49983627
671785,0.49739078
671786,0.21838698
671787,0.27353773
671788,0.003479697
671789,0.9914951
671790,0.0047091492
671791,0.6335238
671792,0.02175075
671793,0.95545757
671794,0.09158691
671795,0.9538926
671796,0.004635807
671797,0.93961257
671798,0.118807614
671799,0.007380075
671800,0.0041269935
671801,0.99604756
671802,0.0038580887
671803,0.50297624
671804,0.17777935
671805,0.026813276
671806,0.78670865
671807,0.16480857
671808,0.13004589
671809,0.005787165
671810,0.088236436
671811,0.7405891
671812,0.08884814
671813,0.99634814
671814,0.008589462
671815,0.93028486
671816,0.10770472
671817,0.85557705
671818,0.10863753
671819,0.029916886
671820,0.99328035
671821,0.9359865
671822,0.0598862
671823,0.69005895
671824,0.73310757
671825,0.82765484
671826,0.97444975
671827,0.0071893902
671828,0.98371786
671829,0.04640407
671830,0.7871861
671831,0.98841804
671832,0.2204693
671833,0.012370893
671834,0.013600624
671835,0.075061254
671836,0.12573214
671837,0.9775077
671838,0.70081145
671839,0.054817423
671840,0.9370413
671841,0.13175496
671842,0.9466804
671843,0.74971324
671844,0.05235883
671845,0.050827242
671846,0.11899325
671847,0.42924818
671848,0.011968087
671849,0.020856805
671850,0.023588495
671851,0.47139573
671852,0.93102336
671853,0.29997998
671854,0.5297803
671855,0.45637298
671856,0.116546035
671857,0.39214006
671858,0.9230016
671859,0.4172242
671860,0.258204
671861,0.029076494
671862,0.28152317
671863,0.027432185
671864,0.56533206
671865,0.8885564
671866,0.0028187414
671867,0.060332675
671868,0.78518957
671869,0.9655822
671870,0.018999053
671871,0.8417392
671872,0.96854675
671873,0.9918455
671874,0.064067915
671875,0.96245474
671876,0.9720475
671877,0.04140787
671878,0.85899836
671879,0.0073148822
671880,0.9809584
671881,0.07169066
671882,0.98420185
671883,0.051142715
671884,0.9740828
671885,0.09938652
671886,0.999204
671887,0.1734395
671888,0.94640994
671889,0.039495274
671890,0.8062887
671891,0.95337296
671892,0.77221787
671893,0.022800274
671894,0.0024358844
671895,0.8945774
671896,0.4092484
671897,0.98983973
671898,0.06785604
671899,0.97676826
671900,0.9369891
671901,0.8531644
671902,0.10680098
671903,0.012033984
671904,0.1252098
671905,0.20351261
671906,0.94571704
671907,0.967111
671908,0.9992827
671909,0.97127974
671910,0.9910878
671911,0.9587269
671912,0.0109510925
671913,0.00961908
671914,0.035668105
671915,0.94146115
671916,0.10767653
671917,0.028410444
671918,0.84303725
671919,0.014369826
671920,0.028748091
671921,0.0013982384
671922,0.9937392
671923,0.9841975
671924,0.007915838
671925,0.9947169
671926,0.10822458
671927,0.9862305
671928,0.115540765
671929,0.015769264
671930,0.22040278
671931,0.9717351
671932,0.9704871
671933,0.1130198
671934,0.95053995
671935,0.029713184
671936,0.08715891
671937,0.08174284
671938,0.7173622
671939,0.009681931
671940,0.23503762
671941,0.061527275
671942,0.4110863
671943,0.024366632
671944,0.9605039
671945,0.04789974
671946,0.9815882
671947,0.008355893
671948,0.9729097
671949,0.005775362
671950,0.009110929
671951,0.03372366
671952,0.83133566
671953,0.9815403
671954,0.0063303052
671955,0.94306356
671956,0.036115
671957,0.034503
671958,0.18602821
671959,0.08255158
671960,0.05345899
671961,0.99116004
671962,0.24615428
671963,0.024853133
671964,0.24119747
671965,0.8896497
671966,0.03258239
671967,0.03037657
671968,0.040846534
671969,0.9721822
671970,0.24118279
671971,0.9573269
671972,0.02417
671973,0.17376599
671974,0.016987417
671975,0.87390316
671976,0.97942615
671977,0.009969756
671978,0.098668285
671979,0.8077186
671980,0.63464427
671981,0.0060611437
671982,0.13199936
671983,0.035640247
671984,0.055659745
671985,0.103956066
671986,0.062108897
671987,0.023029745
671988,0.99769825
671989,0.010359523
671990,0.95326173
671991,0.89090455
671992,0.67243487
671993,0.2417971
671994,0.62491757
671995,0.014531528
671996,0.53291476
671997,0.12700197
671998,0.9889852
671999,0.33595526
672000,0.039347228
672001,0.9623773
672002,0.010078574
672003,0.037046432
672004,0.81596786
672005,0.17666681
672006,0.091926634
672007,0.018185418
672008,0.020739973
672009,0.045264278
672010,0.026193425
672011,0.0014406358
672012,0.9986787
672013,0.014109467
672014,0.1422795
672015,0.41338405
672016,0.9921452
672017,0.94996023
672018,0.8670646
672019,0.1600605
672020,0.990939
672021,0.9987555
672022,0.024343487
672023,0.029625395
672024,0.9472097
672025,0.4188583
672026,0.56805795
672027,0.63916886
672028,0.06185016
672029,0.9990981
672030,0.9925019
672031,0.1391984
672032,0.999087
672033,0.13432515
672034,0.11445143
672035,0.007292872
672036,0.63770556
672037,0.9970901
672038,0.9688662
672039,0.19526276
672040,0.018830892
672041,0.82920694
672042,0.9388421
672043,0.32030246
672044,0.87581396
672045,0.97670513
672046,0.9192967
672047,0.008994954
672048,0.0032126652
672049,0.15395528
672050,0.98103297
672051,0.14477298
672052,0.08664805
672053,0.90865874
672054,0.004171546
672055,0.8931444
672056,0.8918778
672057,0.9361637
672058,0.021804528
672059,0.99792176
672060,0.008670753
672061,0.036226947
672062,0.62205625
672063,0.61743563
672064,0.88911855
672065,0.7223937
672066,0.76344687
672067,0.0021915273
672068,0.75147206
672069,0.9985837
672070,0.006801664
672071,0.9977848
672072,0.01655945
672073,0.0069203707
672074,0.0057224305
672075,0.10537097
672076,0.93981516
672077,0.99864095
672078,0.022699801
672079,0.9907791
672080,0.6553982
672081,0.6086986
672082,0.48390985
672083,0.92405075
672084,0.015796766
672085,0.10660711
672086,0.04855801
672087,0.9795385
672088,0.22343667
672089,0.24816981
672090,0.06649046
672091,0.6020942
672092,0.012495592
672093,0.15210105
672094,0.035227798
672095,0.006093963
672096,0.25046137
672097,0.014016315
672098,0.9813747
672099,0.14093053
672100,0.4403431
672101,0.79573125
672102,0.002182362
672103,0.040183906
672104,0.15942201
672105,0.9401787
672106,0.5120835
672107,0.007018174
672108,0.014318537
672109,0.9810512
672110,0.0024021612
672111,0.0154635925
672112,0.029994503
672113,0.2109266
672114,0.9889106
672115,0.983302
672116,0.07520595
672117,0.2280747
672118,0.02915338
672119,0.8204979
672120,0.9953476
672121,0.5073114
672122,0.98962605
672123,0.16863546
672124,0.008721156
672125,0.99190784
672126,0.045400254
672127,0.99409723
672128,0.19536087
672129,0.0121982135
672130,0.99770516
672131,0.05442229
672132,0.023005612
672133,0.99828815
672134,0.07722762
672135,0.004173115
672136,0.6653422
672137,0.99181986
672138,0.30819914
672139,0.9959046
672140,0.15577483
672141,0.23609856
672142,0.051004298
672143,0.81120896
672144,0.2357876
672145,0.70900685
672146,0.014332691
672147,0.0060192067
672148,0.061491765
672149,0.9304362
672150,0.039156087
672151,0.9139951
672152,0.29710665
672153,0.015775278
672154,0.054623224
672155,0.97847855
672156,0.83057857
672157,0.2771505
672158,0.9875791
672159,0.019517029
672160,0.95795405
672161,0.002514208
672162,0.01303242
672163,0.9954086
672164,0.6391866
672165,0.9767329
672166,0.7875958
672167,0.87722695
672168,0.017513715
672169,0.025736772
672170,0.33030206
672171,0.9952742
672172,0.99581015
672173,0.05109523
672174,0.9794808
672175,0.49902996
672176,0.62492174
672177,0.12943234
672178,0.013813
672179,0.36512503
672180,0.021114314
672181,0.86100894
672182,0.018433295
672183,0.016952816
672184,0.94038844
672185,0.74922675
672186,0.00048187553
672187,0.97521895
672188,0.67764324
672189,0.95565414
672190,0.43876934
672191,0.991155
672192,0.9963889
672193,0.85203665
672194,0.013576113
672195,0.7358384
672196,0.9872775
672197,0.4526143
672198,0.98832154
672199,0.0147516625
672200,0.8436199
672201,0.98156226
672202,0.7065686
672203,0.04888745
672204,0.004110471
672205,0.99442166
672206,0.94404316
672207,0.48236042
672208,0.081432834
672209,0.97772425
672210,0.006894846
672211,0.036257885
672212,0.7637911
672213,0.27379122
672214,0.9254931
672215,0.8071007
672216,0.6221409
672217,0.008005131
672218,0.0045247693
672219,0.9125787
672220,0.22061613
672221,0.03524084
672222,0.9973297
672223,0.13713485
672224,0.98832554
672225,0.013767976
672226,0.980934
672227,0.17955534
672228,0.98634255
672229,0.28908163
672230,0.97505045
672231,0.9745202
672232,0.087220505
672233,0.09629527
672234,0.029783495
672235,0.13852318
672236,0.93230635
672237,0.98845524
672238,0.87316763
672239,0.22398259
672240,0.98805153
672241,0.9956349
672242,0.90278214
672243,0.9974672
672244,0.035724953
672245,0.779467
672246,0.09438213
672247,0.029031228
672248,0.49512252
672249,0.93933076
672250,0.0031851742
672251,0.035867833
672252,0.9966012
672253,0.010043917
672254,0.99548143
672255,0.96001714
672256,0.036091723
672257,0.99444556
672258,0.1038091
672259,0.9793066
672260,0.015856907
672261,0.005697502
672262,0.0060153212
672263,0.019888971
672264,0.98059183
672265,0.24141222
672266,0.0461083
672267,0.011692681
672268,0.69820553
672269,0.35402244
672270,0.0104513485
672271,0.995803
672272,0.98849666
672273,0.0084531745
672274,0.58503515
672275,0.05342394
672276,0.30385602
672277,0.9640924
672278,0.0101063885
672279,0.59017116
672280,0.08787308
672281,0.02142467
672282,0.088400535
672283,0.9389385
672284,0.37036836
672285,0.25622174
672286,0.008460287
672287,0.98169476
672288,0.19908522
672289,0.010455893
672290,0.051556896
672291,0.49803978
672292,0.71528727
672293,0.0043694996
672294,0.45028836
672295,0.58723044
672296,0.9741313
672297,0.33647108
672298,0.3548663
672299,0.09582186
672300,0.992102
672301,0.98156136
672302,0.27399728
672303,0.00048707557
672304,0.05597809
672305,0.036159102
672306,0.022401145
672307,0.9975947
672308,0.9803898
672309,0.729638
672310,0.017868523
672311,0.98250705
672312,0.042987306
672313,0.93855995
672314,0.012236423
672315,0.4261969
672316,0.003746878
672317,0.9705217
672318,0.4434758
672319,0.0030475764
672320,0.006063345
672321,0.071173266
672322,0.24765332
672323,0.87992334
672324,0.023043793
672325,0.104392745
672326,0.9454143
672327,0.109308995
672328,0.36193323
672329,0.6617643
672330,0.9541236
672331,0.5889672
672332,0.95470387
672333,0.58809483
672334,0.005610739
672335,0.610793
672336,0.015630385
672337,0.9232726
672338,0.8988964
672339,0.8840056
672340,0.004951153
672341,0.44395128
672342,0.045441955
672343,0.98892957
672344,0.9644186
672345,0.10794291
672346,0.011969122
672347,0.91764784
672348,0.8643378
672349,0.97287685
672350,0.74620825
672351,0.18764906
672352,0.29459527
672353,0.7628863
672354,0.054342713
672355,0.047535732
672356,0.86385065
672357,0.88391703
672358,0.9765481
672359,0.96218324
672360,0.056385435
672361,0.99735296
672362,0.10686663
672363,0.9596642
672364,0.031468414
672365,0.010109827
672366,0.992954
672367,0.99809444
672368,0.06225565
672369,0.31097284
672370,0.96187407
672371,0.010435643
672372,0.0023603106
672373,0.0056620445
672374,0.45855218
672375,0.43435296
672376,0.99551237
672377,0.29579595
672378,0.9922516
672379,0.95140785
672380,0.29865772
672381,0.060784973
672382,0.0040689036
672383,0.019226711
672384,0.6922139
672385,0.47767112
672386,0.44868016
672387,0.7620708
672388,0.99405336
672389,0.04277703
672390,0.30237395
672391,0.088751525
672392,0.006107129
672393,0.0033707463
672394,0.032276347
672395,0.056243822
672396,0.03664801
672397,0.012541127
672398,0.95895
672399,0.98103285
672400,0.96607965
672401,0.012501627
672402,0.79054165
672403,0.82402325
672404,0.3538315
672405,0.04864064
672406,0.29799053
672407,0.022550704
672408,0.26773533
672409,0.97458893
672410,0.9970113
672411,0.06593829
672412,0.038248762
672413,0.99921155
672414,0.97959656
672415,0.4704746
672416,0.6914964
672417,0.84047556
672418,0.0072084107
672419,0.9970088
672420,0.51243776
672421,0.0073195565
672422,0.1115184
672423,0.9379087
672424,0.7072091
672425,0.011037622
672426,0.50435317
672427,0.041429758
672428,0.02618299
672429,0.7851839
672430,0.055689648
672431,0.01595156
672432,0.097745396
672433,0.93377256
672434,0.41685835
672435,0.11639065
672436,0.98772335
672437,0.03150688
672438,0.9979435
672439,0.97663987
672440,0.98737216
672441,0.42019194
672442,0.9471883
672443,0.9928428
672444,0.48699105
672445,0.82877266
672446,0.0074406867
672447,0.122002006
672448,0.25153428
672449,0.17230885
672450,0.78318
672451,0.0044784965
672452,0.7006852
672453,0.035307594
672454,0.14604194
672455,0.0056076576
672456,0.08182652
672457,0.92895037
672458,0.21552143
672459,0.55639714
672460,0.9034148
672461,0.017125439
672462,0.012758223
672463,0.06482076
672464,0.9603804
672465,0.99599534
672466,0.009944767
672467,0.047675617
672468,0.022213798
672469,0.9806812
672470,0.032031372
672471,0.9474512
672472,0.010619964
672473,0.038753584
672474,0.4319462
672475,0.09265573
672476,0.93771875
672477,0.7330521
672478,0.83323544
672479,0.358346
672480,0.078776374
672481,0.012415903
672482,0.970532
672483,0.017979637
672484,0.048217997
672485,0.029337496
672486,0.827863
672487,0.87661505
672488,0.61189216
672489,0.67474014
672490,0.18689495
672491,0.95688844
672492,0.9609417
672493,0.056503724
672494,0.16848652
672495,0.05157244
672496,0.99863076
672497,0.14854313
672498,0.9024496
672499,0.93352133
672500,0.017488759
672501,0.06876109
672502,0.04017839
672503,0.018732991
672504,0.967272
672505,0.038822774
672506,0.023959104
672507,0.009710485
672508,0.0042842133
672509,0.5878972
672510,0.29030308
672511,0.029275669
672512,0.02175887
672513,0.5557821
672514,0.18826824
672515,0.998904
672516,0.94450974
672517,0.23317543
672518,0.9853954
672519,0.6118431
672520,0.41037655
672521,0.9754447
672522,0.99072754
672523,0.0119226845
672524,0.07580877
672525,0.99226594
672526,0.9304992
672527,0.0046942485
672528,0.99552774
672529,0.47050872
672530,0.9279529
672531,0.032072283
672532,0.062942974
672533,0.45311892
672534,0.017443988
672535,0.9931537
672536,0.004040939
672537,0.9767855
672538,0.04610337
672539,0.8191488
672540,0.46753532
672541,0.99085575
672542,0.9166769
672543,0.35125858
672544,0.081689715
672545,0.97341865
672546,0.9118285
672547,0.95811784
672548,0.9704758
672549,0.9934286
672550,0.9960406
672551,0.02889731
672552,0.99367857
672553,0.92004895
672554,0.82787895
672555,0.047134228
672556,0.012815807
672557,0.93039596
672558,0.23159535
672559,0.009344855
672560,0.02051261
672561,0.0046006073
672562,0.026383601
672563,0.015677381
672564,0.03936971
672565,0.14364187
672566,0.004999425
672567,0.0062728347
672568,0.011178761
672569,0.096116215
672570,0.99099046
672571,0.018840693
672572,0.3670951
672573,0.025190573
672574,0.0012246253
672575,0.647482
672576,0.9878808
672577,0.9996025
672578,0.016513502
672579,0.9978568
672580,0.019658249
672581,0.98788285
672582,0.9786157
672583,0.7377603
672584,0.032391243
672585,0.005840784
672586,0.8696953
672587,0.012862843
672588,0.021686712
672589,0.023433821
672590,0.016188826
672591,0.61722016
672592,0.97305876
672593,0.99621046
672594,0.18124118
672595,0.13208973
672596,0.9683679
672597,0.0069691692
672598,0.021812802
672599,0.024834923
672600,0.9071312
672601,0.9613488
672602,0.75893396
672603,0.9894867
672604,0.0408095
672605,0.25123802
672606,0.1178562
672607,0.9978813
672608,0.9968958
672609,0.8087603
672610,0.011596151
672611,0.05379492
672612,0.9172214
672613,0.09775011
672614,0.56423074
672615,0.057481118
672616,0.9905645
672617,0.64809597
672618,0.018772949
672619,0.023250535
672620,0.8104789
672621,0.005684419
672622,0.16477491
672623,0.9068421
672624,0.022642791
672625,0.7650162
672626,0.03686623
672627,0.9600294
672628,0.006093867
672629,0.53154635
672630,0.99877405
672631,0.37219054
672632,0.45277992
672633,0.9640543
672634,0.3462375
672635,0.0034888748
672636,0.97270507
672637,0.038356766
672638,0.9759636
672639,0.9772669
672640,0.3377443
672641,0.15165931
672642,0.01902256
672643,0.079662465
672644,0.98485994
672645,0.0064670183
672646,0.9143447
672647,0.6577966
672648,0.9140115
672649,0.042044856
672650,0.9509867
672651,0.97510296
672652,0.9953388
672653,0.015289204
672654,0.9688226
672655,0.5304268
672656,0.009924371
672657,0.99464196
672658,0.9996445
672659,0.013127794
672660,0.7612895
672661,0.023669176
672662,0.67316794
672663,0.73806274
672664,0.010354072
672665,0.021189705
672666,0.8035593
672667,0.7855557
672668,0.65553
672669,0.021175545
672670,0.91513556
672671,0.0054846304
672672,0.13727649
672673,0.036498144
672674,0.42890862
672675,0.020806607
672676,0.08972423
672677,0.76032627
672678,0.31219244
672679,0.031082615
672680,0.13681655
672681,0.98599464
672682,0.9918021
672683,0.04141079
672684,0.93021274
672685,0.9852039
672686,0.03449516
672687,0.98963034
672688,0.004736691
672689,0.9851881
672690,0.9837176
672691,0.16324414
672692,0.012550439
672693,0.01543748
672694,0.029651968
672695,0.038429197
672696,0.9561793
672697,0.9864737
672698,0.7967797
672699,0.9567449
672700,0.9237807
672701,0.005127444
672702,0.0044984887
672703,0.022046627
672704,0.64497924
672705,0.1135964
672706,0.9346777
672707,0.9768019
672708,0.03119915
672709,0.9760758
672710,0.028825507
672711,0.97720087
672712,0.85174584
672713,0.005964264
672714,0.0049978294
672715,0.9934261
672716,0.98837596
672717,0.20715323
672718,0.012326838
672719,0.991519
672720,0.9079775
672721,0.28213632
672722,0.03692066
672723,0.123983696
672724,0.32976252
672725,0.9849117
672726,0.17316255
672727,0.98004436
672728,0.02536413
672729,0.036297478
672730,0.037168372
672731,0.98513854
672732,0.96885085
672733,0.71375316
672734,0.021642365
672735,0.022651182
672736,0.20327061
672737,0.21856783
672738,0.013249726
672739,0.90492475
672740,0.7970961
672741,0.9175138
672742,0.6782001
672743,0.10672562
672744,0.2541044
672745,0.44324538
672746,0.6463044
672747,0.8250663
672748,0.5269027
672749,0.918342
672750,0.0054199505
672751,0.026048962
672752,0.8922721
672753,0.24672872
672754,0.018749097
672755,0.9893932
672756,0.33797276
672757,0.65256673
672758,0.051632583
672759,0.0044499855
672760,0.0071811825
672761,0.9903385
672762,0.99256337
672763,0.015752733
672764,0.029850613
672765,0.03292503
672766,0.8625307
672767,0.39303988
672768,0.16793202
672769,0.4730883
672770,0.9221869
672771,0.0349428
672772,0.99569154
672773,0.97546107
672774,0.51799893
672775,0.11003779
672776,0.027627591
672777,0.048041936
672778,0.09139518
672779,0.21181804
672780,0.80657387
672781,0.18903676
672782,0.17375438
672783,0.054024328
672784,0.053448744
672785,0.60741127
672786,0.9906045
672787,0.59876204
672788,0.038974095
672789,0.9910337
672790,0.066386685
672791,0.047694255
672792,0.074360214
672793,0.4829886
672794,0.093885675
672795,0.06511946
672796,0.041712873
672797,0.83326185
672798,0.7987864
672799,0.86357534
672800,0.007750704
672801,0.6834214
672802,0.3350124
672803,0.04345827
672804,0.20594116
672805,0.40001625
672806,0.008543351
672807,0.9263038
672808,0.9628429
672809,0.22538385
672810,0.49537385
672811,0.7363473
672812,0.95193064
672813,0.00044643471
672814,0.0058055925
672815,0.024195667
672816,0.77127945
672817,0.21917798
672818,0.98576796
672819,0.9434082
672820,0.41930526
672821,0.025871139
672822,0.19311506
672823,0.37502444
672824,0.6321547
672825,0.9861919
672826,0.53548497
672827,0.9193036
672828,0.54124135
672829,0.9846169
672830,0.009764653
672831,0.91788614
672832,0.8757715
672833,0.12559664
672834,0.9939851
672835,0.067010805
672836,0.9986642
672837,0.27283353
672838,0.9978738
672839,0.6474431
672840,0.9786247
672841,0.05128583
672842,0.028702065
672843,0.08993588
672844,0.95673156
672845,0.832819
672846,0.1599773
672847,0.09938656
672848,0.9922765
672849,0.0025370305
672850,0.018458765
672851,0.98065615
672852,0.080515355
672853,0.18036757
672854,0.98832554
672855,0.11680715
672856,0.14607313
672857,0.07055991
672858,0.08684911
672859,0.868471
672860,0.49241546
672861,0.04602193
672862,0.011616401
672863,0.19369465
672864,0.7421986
672865,0.9941388
672866,0.25344506
672867,0.006886083
672868,0.049905658
672869,0.0099185705
672870,0.085875355
672871,0.008509369
672872,0.016993402
672873,0.033863835
672874,0.9221741
672875,0.0036819216
672876,0.058596674
672877,0.12238447
672878,0.7275864
672879,0.008016219
672880,0.44485518
672881,0.008294072
672882,0.7874944
672883,0.029385034
672884,0.002304026
672885,0.67290735
672886,0.16866559
672887,0.998301
672888,0.0057894173
672889,0.029835345
672890,0.22196525
672891,0.017059429
672892,0.9949567
672893,0.18763235
672894,0.46152914
672895,0.99919844
672896,0.6596697
672897,0.07927058
672898,0.011683945
672899,0.0763171
672900,0.9933383
672901,0.12121086
672902,0.03474443
672903,0.98156714
672904,0.99281937
672905,0.94794464
672906,0.5160241
672907,0.026577119
672908,0.02800767
672909,0.008739274
672910,0.16899164
672911,0.055510163
672912,0.021337047
672913,0.39915538
672914,0.0108401645
672915,0.21671754
672916,0.991971
672917,0.22265404
672918,0.07291183
672919,0.004448688
672920,0.0960574
672921,0.94201016
672922,0.23122795
672923,0.10725004
672924,0.114236504
672925,0.6708743
672926,0.9771799
672927,0.018755736
672928,0.75722027
672929,0.01019198
672930,0.06689273
672931,0.052632358
672932,0.9995369
672933,0.99352646
672934,0.30406883
672935,0.8236813
672936,0.044656593
672937,0.4027392
672938,0.23048955
672939,0.0027659049
672940,0.9943019
672941,0.23171471
672942,0.020401275
672943,0.0026774833
672944,0.86646926
672945,0.04190838
672946,0.039408915
672947,0.63009334
672948,0.42858982
672949,0.5594758
672950,0.77015835
672951,0.047825553
672952,0.0029957048
672953,0.94985664
672954,0.012115426
672955,0.041376468
672956,0.99073154
672957,0.0041060783
672958,0.20199618
672959,0.036724027
672960,0.07170887
672961,0.99910426
672962,0.021598132
672963,0.025197724
672964,0.0056222244
672965,0.15123916
672966,0.9333239
672967,0.1827559
672968,0.94826156
672969,0.70220685
672970,0.91111684
672971,0.36021468
672972,0.9906864
672973,0.010462476
672974,0.9814844
672975,0.92200536
672976,0.74174464
672977,0.98460555
672978,0.012244849
672979,0.01359262
672980,0.077687435
672981,0.36920667
672982,0.09725068
672983,0.9861169
672984,0.25002497
672985,0.027309537
672986,0.9755443
672987,0.03404329
672988,0.9735566
672989,0.0049598776
672990,0.9934416
672991,0.98645186
672992,0.05456325
672993,0.10223117
672994,0.123577125
672995,0.90850323
672996,0.98271656
672997,0.9782736
672998,0.006235982
672999,0.9623494
673000,0.064083755
673001,0.0972317
673002,0.98969865
673003,0.9959473
673004,0.9882941
673005,0.32482833
673006,0.038337965
673007,0.6114717
673008,0.35691622
673009,0.9735784
673010,0.9805881
673011,0.03665126
673012,0.98496014
673013,0.98898685
673014,0.087693006
673015,0.018098116
673016,0.6317729
673017,0.9862082
673018,0.012187155
673019,0.87495446
673020,0.9978712
673021,0.0018490312
673022,0.010262736
673023,0.9763476
673024,0.039851338
673025,0.0021390629
673026,0.17225622
673027,0.025379265
673028,0.064548805
673029,0.0667049
673030,0.20111032
673031,0.0058464874
673032,0.001995112
673033,0.99960256
673034,0.89079833
673035,0.006046598
673036,0.8280606
673037,0.023803497
673038,0.97806334
673039,0.018657342
673040,0.98380554
673041,0.07774131
673042,0.07570887
673043,0.92710805
673044,0.7750953
673045,0.43437493
673046,0.802928
673047,0.15526128
673048,0.7477051
673049,0.0162252
673050,0.18224788
673051,0.83981735
673052,0.0763348
673053,0.686883
673054,0.036488853
673055,0.123338096
673056,0.040947713
673057,0.12662272
673058,0.023106083
673059,0.047951903
673060,0.9924689
673061,0.0039025345
673062,0.07803156
673063,0.4761905
673064,0.9479807
673065,0.025288917
673066,0.8886508
673067,0.31450585
673068,0.9982364
673069,0.98025656
673070,0.99594414
673071,0.11873116
673072,0.020634932
673073,0.97707176
673074,0.15148517
673075,0.86807346
673076,0.982474
673077,0.9925174
673078,0.38114262
673079,0.9966155
673080,0.052464657
673081,0.15031308
673082,0.7643793
673083,0.9390264
673084,0.97847265
673085,0.007223667
673086,0.8454022
673087,0.6024798
673088,0.120458506
673089,0.007037567
673090,0.7787503
673091,0.9760021
673092,0.9783889
673093,0.9989456
673094,0.008898572
673095,0.4232552
673096,0.49281034
673097,0.99919695
673098,0.29380494
673099,0.699276
673100,0.99791056
673101,0.14438456
673102,0.99163127
673103,0.5043456
673104,0.99698246
673105,0.88929
673106,0.47598144
673107,0.99906653
673108,0.99356717
673109,0.022528494
673110,0.946189
673111,0.9993757
673112,0.86833584
673113,0.03844168
673114,0.03148151
673115,0.18404451
673116,0.23734446
673117,0.0027252662
673118,0.08487346
673119,0.02728876
673120,0.086298496
673121,0.48868984
673122,0.15382272
673123,0.020511985
673124,0.023809647
673125,0.024989879
673126,0.0068506035
673127,0.9632841
673128,0.99723196
673129,0.013506401
673130,0.83848
673131,0.06303424
673132,0.9931383
673133,0.8499994
673134,0.0495684
673135,0.1649738
673136,0.9980917
673137,0.014530532
673138,0.99516183
673139,0.046436884
673140,0.71226484
673141,0.5883641
673142,0.033968087
673143,0.08770688
673144,0.9635673
673145,0.006009269
673146,0.8741206
673147,0.99836177
673148,0.007813743
673149,0.046242625
673150,0.0018494286
673151,0.89996886
673152,0.039871108
673153,0.015358815
673154,0.9820696
673155,0.04070147
673156,0.98426604
673157,0.038745686
673158,0.3511544
673159,0.6951997
673160,0.14594066
673161,0.84397525
673162,0.9746858
673163,0.80984974
673164,0.21820772
673165,0.82978666
673166,0.98457265
673167,0.9677826
673168,0.9914676
673169,0.9901546
673170,0.77859277
673171,0.9946827
673172,0.8919138
673173,0.012509742
673174,0.9978361
673175,0.9949313
673176,0.017633224
673177,0.9068103
673178,0.09252909
673179,0.007795721
673180,0.012177986
673181,0.8470779
673182,0.986897
673183,0.96380466
673184,0.99850446
673185,0.27113295
673186,0.98006666
673187,0.01137978
673188,0.98552
673189,0.9930786
673190,0.027229205
673191,0.8911261
673192,0.9979124
673193,0.063843675
673194,0.029498395
673195,0.24527588
673196,0.9865069
673197,0.9814123
673198,0.19828117
673199,0.9819644
673200,0.3820944
673201,0.004396522
673202,0.8182191
673203,0.003135961
673204,0.9962081
673205,0.9970725
673206,0.7961416
673207,0.6907763
673208,0.20086996
673209,0.034185007
673210,0.78237975
673211,0.010411814
673212,0.97432715
673213,0.99690086
673214,0.019897165
673215,0.99973583
673216,0.8407534
673217,0.7821638
673218,0.9241727
673219,0.027596395
673220,0.023753677
673221,0.08556959
673222,0.9992118
673223,0.93208516
673224,0.79714227
673225,0.011337746
673226,0.94001025
673227,0.003188654
673228,0.8354996
673229,0.016674679
673230,0.0011053969
673231,0.9927073
673232,0.6981103
673233,0.9978899
673234,0.012384477
673235,0.9959878
673236,0.03835934
673237,0.006342443
673238,0.22767977
673239,0.8970952
673240,0.30924582
673241,0.2962953
673242,0.036898896
673243,0.6980768
673244,0.85305643
673245,0.84209645
673246,0.99546415
673247,0.9768626
673248,0.004602124
673249,0.030548042
673250,0.54233986
673251,0.013103142
673252,0.8344948
673253,0.0036373227
673254,0.579148
673255,0.011170881
673256,0.18674596
673257,0.20772016
673258,0.99145496
673259,0.06942232
673260,0.3667565
673261,0.038594607
673262,0.73065037
673263,0.12031905
673264,0.075633466
673265,0.66803813
673266,0.9968463
673267,0.07670504
673268,0.23343489
673269,0.46494937
673270,0.01112351
673271,0.99388725
673272,0.054649062
673273,0.47321668
673274,0.5500191
673275,0.94011915
673276,0.35652944
673277,0.99704945
673278,0.04741444
673279,0.9965366
673280,0.046115555
673281,0.024434784
673282,0.7856852
673283,0.15772665
673284,0.8834275
673285,0.97567225
673286,0.03612029
673287,0.012057648
673288,0.9033608
673289,0.47947484
673290,0.031504996
673291,0.98151666
673292,0.94071716
673293,0.97691315
673294,0.064380966
673295,0.04895094
673296,0.98840714
673297,0.9905034
673298,0.02913623
673299,0.029459206
673300,0.03210698
673301,0.1360895
673302,0.933485
673303,0.056715555
673304,0.6466412
673305,0.020186538
673306,0.010773275
673307,0.87066257
673308,0.02029054
673309,0.9147545
673310,0.9912431
673311,0.9906204
673312,0.9977445
673313,0.907902
673314,0.009319778
673315,0.97671723
673316,0.73924893
673317,0.8598425
673318,0.9834665
673319,0.012722164
673320,0.47334766
673321,0.89720964
673322,0.7469022
673323,0.036459737
673324,0.0033769952
673325,0.8726305
673326,0.9209717
673327,0.7791476
673328,0.023407288
673329,0.150152
673330,0.09340134
673331,0.022950334
673332,0.04542476
673333,0.526832
673334,0.02056069
673335,0.4170707
673336,0.9904941
673337,0.14101864
673338,0.055924986
673339,0.9972205
673340,0.004880497
673341,0.99496424
673342,0.17115764
673343,0.9215301
673344,0.24718136
673345,0.9942627
673346,0.7021961
673347,0.7699544
673348,0.7921607
673349,0.86006355
673350,0.8952059
673351,0.97405475
673352,0.73693657
673353,0.34637272
673354,0.9958513
673355,0.9956151
673356,0.9432761
673357,0.43548596
673358,0.09607509
673359,0.33746472
673360,0.9989141
673361,0.018701147
673362,0.045526154
673363,0.29226908
673364,0.011087265
673365,0.86127913
673366,0.010681937
673367,0.046890605
673368,0.04778107
673369,0.029177394
673370,0.0051739733
673371,0.046798825
673372,0.42641562
673373,0.04635811
673374,0.04318188
673375,0.9501327
673376,0.013159095
673377,0.9052241
673378,0.40880543
673379,0.07416689
673380,0.15090147
673381,0.99847126
673382,0.8527962
673383,0.98853403
673384,0.8559981
673385,0.97057486
673386,0.038848344
673387,0.012219792
673388,0.31874093
673389,0.98651075
673390,0.5100188
673391,0.991651
673392,0.0051659057
673393,0.26029265
673394,0.017434914
673395,0.21131167
673396,0.06031882
673397,0.00876922
673398,0.008626295
673399,0.0026115952
673400,0.09936811
673401,0.016160633
673402,0.9753484
673403,0.9968595
673404,0.039550923
673405,0.052803002
673406,0.04864052
673407,0.88510686
673408,0.8272508
673409,0.057733044
673410,0.18892893
673411,0.03464121
673412,0.93568814
673413,0.36704913
673414,0.97376376
673415,0.94099236
673416,0.8996469
673417,0.0029780348
673418,0.014247419
673419,0.022943899
673420,0.020918526
673421,0.98427564
673422,0.9163587
673423,0.003040955
673424,0.012606389
673425,0.7313558
673426,0.04070075
673427,0.4953163
673428,0.018414175
673429,0.027870988
673430,0.9764124
673431,0.25596663
673432,0.01848268
673433,0.991252
673434,0.01773654
673435,0.16082102
673436,0.08591757
673437,0.07290215
673438,0.057576925
673439,0.0065897354
673440,0.14411384
673441,0.97226846
673442,0.72390366
673443,0.99420106
673444,0.007569034
673445,0.4649105
673446,0.020057656
673447,0.32287732
673448,0.09785921
673449,0.87342197
673450,0.03587476
673451,0.05485045
673452,0.008561319
673453,0.9954297
673454,0.006935569
673455,0.03963142
673456,0.05668594
673457,0.85275203
673458,0.18799447
673459,0.43961716
673460,0.15169895
673461,0.8903434
673462,0.17622524
673463,0.80867255
673464,0.013126185
673465,0.92319024
673466,0.006098065
673467,0.8532437
673468,0.66522217
673469,0.005231412
673470,0.23247625
673471,0.15772578
673472,0.9702852
673473,0.993896
673474,0.05147345
673475,0.07257997
673476,0.13509446
673477,0.0049575716
673478,0.01227497
673479,0.011384773
673480,0.31285766
673481,0.024272287
673482,0.9272139
673483,0.13285837
673484,0.46241564
673485,0.99972284
673486,0.011198456
673487,0.10297
673488,0.0005834109
673489,0.026212033
673490,0.0022532044
673491,0.026474142
673492,0.0034402027
673493,0.0066205254
673494,0.0077829137
673495,0.83050394
673496,0.7919072
673497,0.77576464
673498,0.009621416
673499,0.008892696
673500,0.91362774
673501,0.08912435
673502,0.891152
673503,0.9038576
673504,0.77450037
673505,0.9931148
673506,0.02981596
673507,0.475743
673508,0.40673393
673509,0.9349283
673510,0.98918295
673511,0.11613182
673512,0.99607134
673513,0.9810432
673514,0.67143226
673515,0.5376613
673516,0.91485393
673517,0.08279882
673518,0.012936522
673519,0.9464017
673520,0.018436557
673521,0.0069187814
673522,0.00792878
673523,0.022547983
673524,0.9843955
673525,0.6104573
673526,0.036171004
673527,0.23159286
673528,0.9671215
673529,0.036160894
673530,0.022697672
673531,0.004443816
673532,0.7407244
673533,0.009088653
673534,0.33198658
673535,0.0052088574
673536,0.9778116
673537,0.7700316
673538,0.99364746
673539,0.9599331
673540,0.09218538
673541,0.659045
673542,0.8043173
673543,0.012814712
673544,0.20804437
673545,0.22665606
673546,0.9277187
673547,0.01539172
673548,0.005871303
673549,0.7120791
673550,0.8732365
673551,0.04614836
673552,0.00270463
673553,0.02256916
673554,0.015231733
673555,0.066521496
673556,0.9888957
673557,0.68586856
673558,0.9682871
673559,0.56721836
673560,0.024685977
673561,0.53994596
673562,0.1143897
673563,0.033633247
673564,0.17588472
673565,0.008168979
673566,0.9993839
673567,0.017490752
673568,0.4256518
673569,0.009698087
673570,0.9488641
673571,0.49184066
673572,0.010058782
673573,0.97212803
673574,0.04803032
673575,0.60845816
673576,0.9901356
673577,0.0056502325
673578,0.2769801
673579,0.04525277
673580,0.35016197
673581,0.5463719
673582,0.028842486
673583,0.024278577
673584,0.99383646
673585,0.021243013
673586,0.042893082
673587,0.8551713
673588,0.5323729
673589,0.98891133
673590,0.9715879
673591,0.96201915
673592,0.008369315
673593,0.63340044
673594,0.031697806
673595,0.46474895
673596,0.8532409
673597,0.98695225
673598,0.92741954
673599,0.007844859
673600,0.034102973
673601,0.08344515
673602,0.74122715
673603,0.08666272
673604,0.3797673
673605,0.96923405
673606,0.8090577
673607,0.9695183
673608,0.74032855
673609,0.0441341
673610,0.9225386
673611,0.0010940173
673612,0.98113906
673613,0.990026
673614,0.988234
673615,0.98808885
673616,0.045968667
673617,0.4209156
673618,0.06646807
673619,0.015368091
673620,0.037042618
673621,0.53108454
673622,0.01789691
673623,0.88281107
673624,0.07755032
673625,0.14633709
673626,0.0661861
673627,0.9897957
673628,0.13579041
673629,0.99275213
673630,0.9919217
673631,0.14966947
673632,0.9628103
673633,0.0090963915
673634,0.21091038
673635,0.9812234
673636,0.997074
673637,0.019598834
673638,0.021676512
673639,0.302323
673640,0.043957487
673641,0.8854142
673642,0.049473755
673643,0.027723033
673644,0.0058021857
673645,0.10328759
673646,0.18714896
673647,0.99347866
673648,0.42688113
673649,0.019090947
673650,0.015930068
673651,0.99903625
673652,0.11187332
673653,0.9532846
673654,0.123217605
673655,0.18603143
673656,0.9872292
673657,0.014186301
673658,0.9596353
673659,0.02683865
673660,0.08061013
673661,0.0077305436
673662,0.0034322727
673663,0.1893741
673664,0.4252544
673665,0.0018398354
673666,0.99595726
673667,0.7254073
673668,0.9110039
673669,0.022535063
673670,0.99308574
673671,0.90600806
673672,0.020026235
673673,0.005707989
673674,0.9967176
673675,0.9927464
673676,0.2590646
673677,0.016801871
673678,0.9915624
673679,0.006045297
673680,0.061702665
673681,0.9272796
673682,0.003552503
673683,0.26461366
673684,0.98316395
673685,0.95575607
673686,0.9390729
673687,0.9832504
673688,0.95237267
673689,0.33441544
673690,0.8143064
673691,0.010834452
673692,0.013015993
673693,0.019005576
673694,0.01603443
673695,0.57448626
673696,0.20057729
673697,0.9766846
673698,0.062672175
673699,0.03485144
673700,0.98841
673701,0.29094803
673702,0.9917783
673703,0.6087558
673704,0.24539016
673705,0.067929044
673706,0.06836794
673707,0.22192109
673708,0.4724017
673709,0.5471839
673710,0.6715293
673711,0.0024916017
673712,0.9831739
673713,0.84644985
673714,0.053822182
673715,0.46717507
673716,0.049158838
673717,0.05759
673718,0.994072
673719,0.02594754
673720,0.004682873
673721,0.8119229
673722,0.07393282
673723,0.98691356
673724,0.10273782
673725,0.05571174
673726,0.011497207
673727,0.8877464
673728,0.9398703
673729,0.5202326
673730,0.81713754
673731,0.96119744
673732,0.14415528
673733,0.87167096
673734,0.63518476
673735,0.84679353
673736,0.5892461
673737,0.983445
673738,0.56559443
673739,0.008325174
673740,0.5251106
673741,0.91683733
673742,0.023790892
673743,0.665545
673744,0.99423265
673745,0.9347135
673746,0.23106967
673747,0.2516922
673748,0.77310187
673749,0.029621048
673750,0.83989453
673751,0.083021775
673752,0.996778
673753,0.009190611
673754,0.93985516
673755,0.57685846
673756,0.69412756
673757,0.46281713
673758,0.10589061
673759,0.21648183
673760,0.005428026
673761,0.9350591
673762,0.8337692
673763,0.9950995
673764,0.9634535
673765,0.8524852
673766,0.07282218
673767,0.35077003
673768,0.015456874
673769,0.99774766
673770,0.9229672
673771,0.034397546
673772,0.053334758
673773,0.18068029
673774,0.026283687
673775,0.9216917
673776,0.99335885
673777,0.98928434
673778,0.8356744
673779,0.054509085
673780,0.9993789
673781,0.9784486
673782,0.9971799
673783,0.04390892
673784,0.9983407
673785,0.33566806
673786,0.05546866
673787,0.7669061
673788,0.2227703
673789,0.9709199
673790,0.9659678
673791,0.94076586
673792,0.60632205
673793,0.73706555
673794,0.70836884
673795,0.05235078
673796,0.90821606
673797,0.020752354
673798,0.34993258
673799,0.89776653
673800,0.01277168
673801,0.40831798
673802,0.112347394
673803,0.96437013
673804,0.9644594
673805,0.9813956
673806,0.0034093326
673807,0.9135626
673808,0.60001814
673809,0.4838951
673810,0.06705246
673811,0.97600025
673812,0.8500564
673813,0.01856118
673814,0.99503756
673815,0.15412514
673816,0.9304776
673817,0.8502181
673818,0.83354026
673819,0.8658486
673820,0.9954355
673821,0.003673185
673822,0.9905028
673823,0.14794242
673824,0.9514439
673825,0.012020723
673826,0.98249936
673827,0.012283022
673828,0.866802
673829,0.004655987
673830,0.9566096
673831,0.06590724
673832,0.029274791
673833,0.019640425
673834,0.32426003
673835,0.042126313
673836,0.07528236
673837,0.9942555
673838,0.99959946
673839,0.2683673
673840,0.056630004
673841,0.08328176
673842,0.38085103
673843,0.02108471
673844,0.21186613
673845,0.013957659
673846,0.98484755
673847,0.89001983
673848,0.18299262
673849,0.05936484
673850,0.03263137
673851,0.7113236
673852,0.013623413
673853,0.3153051
673854,0.026057532
673855,0.0037378194
673856,0.98317707
673857,0.6813594
673858,0.009314287
673859,0.10360631
673860,0.95237684
673861,0.8062671
673862,0.40015367
673863,0.060959335
673864,0.21014696
673865,0.944506
673866,0.21722467
673867,0.6758785
673868,0.00824466
673869,0.6283361
673870,0.022252519
673871,0.07819128
673872,0.11583447
673873,0.9730571
673874,0.16981553
673875,0.007754623
673876,0.99697006
673877,0.18570976
673878,0.053753845
673879,0.07925011
673880,0.09845742
673881,0.9952329
673882,0.945264
673883,0.0032549382
673884,0.014392454
673885,0.96143353
673886,0.9563517
673887,0.33046097
673888,0.09950663
673889,0.011473954
673890,0.8667071
673891,0.19618332
673892,0.01578319
673893,0.9909067
673894,0.42212334
673895,0.24574679
673896,0.99715245
673897,0.6720194
673898,0.18509002
673899,0.10703961
673900,0.2275165
673901,0.745022
673902,0.14739707
673903,0.116531774
673904,0.071266845
673905,0.09054046
673906,0.7694017
673907,0.9253823
673908,0.82142013
673909,0.93077743
673910,0.51885545
673911,0.9947995
673912,0.9627054
673913,0.89759046
673914,0.7613523
673915,0.008116168
673916,0.8802688
673917,0.49927852
673918,0.96141803
673919,0.076564446
673920,0.02393204
673921,0.0072807637
673922,0.19037297
673923,0.0051133903
673924,0.02620276
673925,0.11850337
673926,0.15037683
673927,0.88046217
673928,0.06062473
673929,0.039112784
673930,0.0053942986
673931,0.0835758
673932,0.50297564
673933,0.5761657
673934,0.023046277
673935,0.015524229
673936,0.5474852
673937,0.0045562494
673938,0.989091
673939,0.99762666
673940,0.40365326
673941,0.009012304
673942,0.9968804
673943,0.026185352
673944,0.99776214
673945,0.5288876
673946,0.04509781
673947,0.020788405
673948,0.94760925
673949,0.9115551
673950,0.43137473
673951,0.9917621
673952,0.99420893
673953,0.53256613
673954,0.99571544
673955,0.00471842
673956,0.96895117
673957,0.014513632
673958,0.84168124
673959,0.039841413
673960,0.2576788
673961,0.95312935
673962,0.8446891
673963,0.013325783
673964,0.05163167
673965,0.45363247
673966,0.9589176
673967,0.7976083
673968,0.30092913
673969,0.74338865
673970,0.48862624
673971,0.03654095
673972,0.9898452
673973,0.98268795
673974,0.48390546
673975,0.23775464
673976,0.001209419
673977,0.30616465
673978,0.1634628
673979,0.9682838
673980,0.95874846
673981,0.14696628
673982,0.9871787
673983,0.7092227
673984,0.99222034
673985,0.3096498
673986,0.880072
673987,0.9674966
673988,0.038177937
673989,0.02256558
673990,0.020927403
673991,0.8931485
673992,0.9686789
673993,0.0146897305
673994,0.9966166
673995,0.008951598
673996,0.9937097
673997,0.98945403
673998,0.934007
673999,0.22966808
674000,0.9732069
674001,0.062196754
674002,0.76909494
674003,0.014243479
674004,0.99575794
674005,0.90299183
674006,0.0029926242
674007,0.43978924
674008,0.26623976
674009,0.97406757
674010,0.0058816276
674011,0.32972887
674012,0.9598623
674013,0.14467636
674014,0.9941859
674015,0.3574623
674016,0.9228791
674017,0.36702502
674018,0.70268524
674019,0.30956063
674020,0.9707088
674021,0.03621353
674022,0.29931417
674023,0.0165293
674024,0.86751693
674025,0.24951468
674026,0.026673764
674027,0.99547046
674028,0.004900379
674029,0.014886285
674030,0.0062723556
674031,0.11037157
674032,0.96113974
674033,0.6585092
674034,0.03114491
674035,0.019859768
674036,0.42702526
674037,0.22037834
674038,0.026268423
674039,0.014214559
674040,0.37872404
674041,0.017910834
674042,0.95454884
674043,0.03199479
674044,0.024068646
674045,0.0048751626
674046,0.09878924
674047,0.9162266
674048,0.14172155
674049,0.6947203
674050,0.073128566
674051,0.015164096
674052,0.11262747
674053,0.41690323
674054,0.9887686
674055,0.9575659
674056,0.96643376
674057,0.046611615
674058,0.018570192
674059,0.538762
674060,0.06599061
674061,0.6970178
674062,0.0053250147
674063,0.98938787
674064,0.07858955
674065,0.7274568
674066,0.052854855
674067,0.98142684
674068,0.1802743
674069,0.9836534
674070,0.67203337
674071,0.3829422
674072,0.9962655
674073,0.7107614
674074,0.10873814
674075,0.9019492
674076,0.19018176
674077,0.0042649284
674078,0.03248988
674079,0.025290603
674080,0.0030814288
674081,0.972926
674082,0.83394104
674083,0.013024677
674084,0.014464232
674085,0.0285808
674086,0.1981914
674087,0.8886853
674088,0.011923039
674089,0.9785721
674090,0.07921451
674091,0.06435872
674092,0.55410147
674093,0.040746048
674094,0.59419346
674095,0.77362275
674096,0.17140901
674097,0.15020126
674098,0.9648191
674099,0.007210003
674100,0.91874623
674101,0.9943217
674102,0.0078057447
674103,0.9722918
674104,0.59812933
674105,0.22638397
674106,0.95229244
674107,0.0034389254
674108,0.38770968
674109,0.7994264
674110,0.71848154
674111,0.49136674
674112,0.9802938
674113,0.9073763
674114,0.02126728
674115,0.961974
674116,0.01131355
674117,0.8482647
674118,0.9696414
674119,0.1624533
674120,0.012960251
674121,0.13127086
674122,0.001732653
674123,0.020378854
674124,0.9845289
674125,0.9772038
674126,0.40736938
674127,0.9830901
674128,0.82464015
674129,0.060737424
674130,0.01754006
674131,0.8349329
674132,0.45369312
674133,0.2210386
674134,0.37870753
674135,0.9621157
674136,0.055544302
674137,0.013760238
674138,0.029440455
674139,0.1434043
674140,0.0929775
674141,0.036243625
674142,0.011205063
674143,0.004897009
674144,0.9933957
674145,0.31678554
674146,0.9997489
674147,0.9959671
674148,0.0067571322
674149,0.9894985
674150,0.87973905
674151,0.089022666
674152,0.983709
674153,0.78469706
674154,0.9059508
674155,0.7592335
674156,0.039607894
674157,0.009969661
674158,0.7843881
674159,0.46839625
674160,0.9721854
674161,0.99269485
674162,0.0059509543
674163,0.15725176
674164,0.11350866
674165,0.021757744
674166,0.004754104
674167,0.023918793
674168,0.004593288
674169,0.97876096
674170,0.010365667
674171,0.8885618
674172,0.038840577
674173,0.024368834
674174,0.3061444
674175,0.011380697
674176,0.027166154
674177,0.121418886
674178,0.9959359
674179,0.049372587
674180,0.36922228
674181,0.80561095
674182,0.053935833
674183,0.9007369
674184,0.004400231
674185,0.97239697
674186,0.99426234
674187,0.0027737576
674188,0.24277012
674189,0.17261817
674190,0.47301692
674191,0.011035756
674192,0.22543788
674193,0.9961466
674194,0.46589628
674195,0.9856461
674196,0.033816203
674197,0.9955231
674198,0.9342357
674199,0.7079921
674200,0.9920923
674201,0.01994989
674202,0.28721666
674203,0.029622082
674204,0.04849113
674205,0.83872646
674206,0.99536884
674207,0.016691247
674208,0.88448817
674209,0.99599576
674210,0.97240365
674211,0.38211313
674212,0.98701715
674213,0.70207465
674214,0.058100272
674215,0.1710929
674216,0.053719934
674217,0.08840084
674218,0.017547052
674219,0.07331951
674220,0.99684435
674221,0.8552691
674222,0.28724128
674223,0.0047230427
674224,0.98059124
674225,0.9951625
674226,0.016005654
674227,0.9595532
674228,0.67298836
674229,0.6912317
674230,0.7650394
674231,0.7455667
674232,0.057796836
674233,0.048829835
674234,0.24859448
674235,0.19717692
674236,0.005306943
674237,0.028423429
674238,0.52016306
674239,0.15583836
674240,0.03939894
674241,0.011785073
674242,0.96703327
674243,0.9932853
674244,0.0039016393
674245,0.9628956
674246,0.0333845
674247,0.73236114
674248,0.04786228
674249,0.9854797
674250,0.02956076
674251,0.03325276
674252,0.057349045
674253,0.005373413
674254,0.01506566
674255,0.3820851
674256,0.17579299
674257,0.06289639
674258,0.24377747
674259,0.95336026
674260,0.6138932
674261,0.37930816
674262,0.73775226
674263,0.99576235
674264,0.000858016
674265,0.007403856
674266,0.017933799
674267,0.013349781
674268,0.94995296
674269,0.028311834
674270,0.0032603084
674271,0.19645873
674272,0.049130425
674273,0.039176796
674274,0.48640293
674275,0.45448714
674276,0.45104188
674277,0.5356621
674278,0.7205737
674279,0.95674276
674280,0.017229386
674281,0.038705874
674282,0.5982488
674283,0.27882415
674284,0.9124771
674285,0.34216452
674286,0.486771
674287,0.09117654
674288,0.11296387
674289,0.040342078
674290,0.0044742525
674291,0.51098156
674292,0.25702828
674293,0.0075652106
674294,0.21578449
674295,0.18794885
674296,0.038795777
674297,0.065206125
674298,0.5344683
674299,0.014247214
674300,0.69963235
674301,0.19211532
674302,0.9838133
674303,0.9950137
674304,0.08426601
674305,0.0125846695
674306,0.03726463
674307,0.044833608
674308,0.41321337
674309,0.82562107
674310,0.8371591
674311,0.9222314
674312,0.94618475
674313,0.10600185
674314,0.03859467
674315,0.9988228
674316,0.6393886
674317,0.17957428
674318,0.074307285
674319,0.826667
674320,0.022337083
674321,0.9219962
674322,0.11956403
674323,0.9887507
674324,0.014351786
674325,0.9945636
674326,0.24858153
674327,0.5401554
674328,0.9589455
674329,0.017141666
674330,0.9911741
674331,0.9260688
674332,0.8831786
674333,0.6839557
674334,0.014063697
674335,0.057377525
674336,0.98899895
674337,0.020344056
674338,0.98410636
674339,0.0040356205
674340,0.003368142
674341,0.99177736
674342,0.1039457
674343,0.14232439
674344,0.9964322
674345,0.58671856
674346,0.9704266
674347,0.8633966
674348,0.9296612
674349,0.9657456
674350,0.9347382
674351,0.4328505
674352,0.98273855
674353,0.997705
674354,0.019601071
674355,0.9957699
674356,0.9945283
674357,0.066763446
674358,0.21072806
674359,0.98921996
674360,0.9546859
674361,0.9249218
674362,0.9633293
674363,0.937123
674364,0.8148578
674365,0.006773673
674366,0.99647427
674367,0.00395432
674368,0.17528597
674369,0.9513658
674370,0.9810013
674371,0.0046137623
674372,0.03545475
674373,0.90867126
674374,0.9829871
674375,0.0023834587
674376,0.039492648
674377,0.06378074
674378,0.99122113
674379,0.12805676
674380,0.15438512
674381,0.040037874
674382,0.84616905
674383,0.08924634
674384,0.017477026
674385,0.0485882
674386,0.0050996738
674387,0.955181
674388,0.9920204
674389,0.98661256
674390,0.025843887
674391,0.9786909
674392,0.15433267
674393,0.043314263
674394,0.9660424
674395,0.04088738
674396,0.11197993
674397,0.9601194
674398,0.18514329
674399,0.12134294
674400,0.005003314
674401,0.990715
674402,0.9900626
674403,0.78744
674404,0.045473576
674405,0.973573
674406,0.0025184287
674407,0.13756463
674408,0.022756755
674409,0.63101196
674410,0.9941577
674411,0.020256171
674412,0.97789204
674413,0.032275368
674414,0.007950184
674415,0.005070536
674416,0.5650722
674417,0.9714937
674418,0.9956161
674419,0.9865742
674420,0.007659741
674421,0.055852428
674422,0.031631783
674423,0.046238117
674424,0.04746031
674425,0.17583562
674426,0.6252228
674427,0.9170107
674428,0.9893856
674429,0.23930755
674430,0.27324456
674431,0.6083613
674432,0.0037938186
674433,0.98487365
674434,0.95103425
674435,0.96896887
674436,0.21640956
674437,0.008825473
674438,0.034666818
674439,0.026436659
674440,0.01573456
674441,0.060591258
674442,0.296816
674443,0.49780738
674444,0.9269665
674445,0.43342662
674446,0.48481175
674447,0.11266043
674448,0.68865055
674449,0.53984594
674450,0.10481031
674451,0.7793579
674452,0.18131284
674453,0.39257792
674454,0.9297714
674455,0.9787693
674456,0.02565584
674457,0.18129663
674458,0.090728655
674459,0.0067929034
674460,0.9953176
674461,0.11685011
674462,0.20775722
674463,0.063134335
674464,0.7013504
674465,0.7159286
674466,0.030857403
674467,0.3476469
674468,0.87335956
674469,0.11118234
674470,0.026252136
674471,0.8626031
674472,0.7754164
674473,0.6437299
674474,0.40165558
674475,0.09733636
674476,0.0036318577
674477,0.9606343
674478,0.85315084
674479,0.054163083
674480,0.8647795
674481,0.44505286
674482,0.6961301
674483,0.9257992
674484,0.082023606
674485,0.9969712
674486,0.029783035
674487,0.21229519
674488,0.98661995
674489,0.02412356
674490,0.9993482
674491,0.31780398
674492,0.0050318562
674493,0.58179754
674494,0.14379689
674495,0.90870845
674496,0.9758981
674497,0.01791558
674498,0.032709345
674499,0.9992879
674500,0.99208575
674501,0.9860132
674502,0.02834725
674503,0.7089353
674504,0.9952494
674505,0.96859443
674506,0.9331684
674507,0.024867468
674508,0.0026888067
674509,0.59809417
674510,0.033554617
674511,0.16588522
674512,0.8670213
674513,0.08049092
674514,0.053761236
674515,0.9455167
674516,0.7979679
674517,0.9235333
674518,0.016829524
674519,0.77405334
674520,0.19262421
674521,0.0075103026
674522,0.012327436
674523,0.9866692
674524,0.4681453
674525,0.37770396
674526,0.033278234
674527,0.5880283
674528,0.92000836
674529,0.02968973
674530,0.96448815
674531,0.10259966
674532,0.27220136
674533,0.7333541
674534,0.048670575
674535,0.99292254
674536,0.12591949
674537,0.10575066
674538,0.001829108
674539,0.0029357541
674540,0.4392066
674541,0.9975027
674542,0.0066353227
674543,0.12584698
674544,0.011853706
674545,0.9524044
674546,0.025548192
674547,0.77891743
674548,0.7146066
674549,0.78451943
674550,0.009511737
674551,0.98877716
674552,0.53347397
674553,0.07997892
674554,0.030406132
674555,0.06465778
674556,0.05650197
674557,0.048374403
674558,0.096816905
674559,0.9230092
674560,0.87449837
674561,0.99488753
674562,0.030533263
674563,0.9984363
674564,0.0106514245
674565,0.99746585
674566,0.9459487
674567,0.3681398
674568,0.19238608
674569,0.95984197
674570,0.98297936
674571,0.3988771
674572,0.94709104
674573,0.98223525
674574,0.8991334
674575,0.0041317153
674576,0.90253216
674577,0.006489577
674578,0.9968195
674579,0.7588948
674580,0.91548324
674581,0.99540436
674582,0.07735225
674583,0.9855194
674584,0.008133421
674585,0.9979167
674586,0.016026858
674587,0.020567695
674588,0.989455
674589,0.12276549
674590,0.9653372
674591,0.05846859
674592,0.09466051
674593,0.6101688
674594,0.032845333
674595,0.97957194
674596,0.0674976
674597,0.040345494
674598,0.0070245867
674599,0.98293394
674600,0.99190795
674601,0.1323621
674602,0.7019144
674603,0.20079021
674604,0.6218365
674605,0.06021368
674606,0.013625862
674607,0.05305274
674608,0.011592492
674609,0.056099974
674610,0.034334477
674611,0.38189608
674612,0.99938613
674613,0.98981786
674614,0.9667249
674615,0.9758085
674616,0.12660731
674617,0.059817307
674618,0.9971389
674619,0.779086
674620,0.09508145
674621,0.011977138
674622,0.040782895
674623,0.8340965
674624,0.30237892
674625,0.041197933
674626,0.011364471
674627,0.12841043
674628,0.13441646
674629,0.99196863
674630,0.9922484
674631,0.0026240349
674632,0.6896123
674633,0.0749294
674634,0.006991419
674635,0.11778521
674636,0.0012254657
674637,0.9386714
674638,0.94938076
674639,0.16815872
674640,0.9497176
674641,0.9701987
674642,0.88897884
674643,0.33534655
674644,0.972806
674645,0.86779886
674646,0.021333458
674647,0.20362923
674648,0.020597797
674649,0.65683925
674650,0.011164862
674651,0.82626796
674652,0.3034541
674653,0.19615564
674654,0.42832536
674655,0.92875415
674656,0.12773293
674657,0.0038813618
674658,0.67005634
674659,0.9801219
674660,0.9889792
674661,0.028091973
674662,0.9993646
674663,0.012336017
674664,0.036356382
674665,0.026454864
674666,0.23666969
674667,0.99276793
674668,0.49790326
674669,0.005805403
674670,0.880973
674671,0.02253868
674672,0.033775657
674673,0.13123815
674674,0.007742313
674675,0.082647644
674676,0.7823477
674677,0.88061136
674678,0.048840083
674679,0.011887059
674680,0.41923815
674681,0.9821334
674682,0.13399565
674683,0.009918759
674684,0.9976503
674685,0.011138624
674686,0.0071651274
674687,0.043552633
674688,0.031937778
674689,0.995417
674690,0.0101977615
674691,0.5741694
674692,0.73163843
674693,0.032806277
674694,0.014115653
674695,0.0113152955
674696,0.0659278
674697,0.84546125
674698,0.15226921
674699,0.117349125
674700,0.014047304
674701,0.8904651
674702,0.9922939
674703,0.011173008
674704,0.06348429
674705,0.90311897
674706,0.090326965
674707,0.048944276
674708,0.0031019328
674709,0.021530475
674710,0.8520727
674711,0.005035624
674712,0.9789834
674713,0.06973558
674714,0.3389277
674715,0.011350411
674716,0.8764267
674717,0.05003889
674718,0.92018
674719,0.9412011
674720,0.9864974
674721,0.7306668
674722,0.012991076
674723,0.03933345
674724,0.12679341
674725,0.7672209
674726,0.014881715
674727,0.92091453
674728,0.9784268
674729,0.94357204
674730,0.8943082
674731,0.015719522
674732,0.029409533
674733,0.02704677
674734,0.9740699
674735,0.014673803
674736,0.033184487
674737,0.0055106273
674738,0.9985507
674739,0.71068436
674740,0.643722
674741,0.14929032
674742,0.9702196
674743,0.8298433
674744,0.039064832
674745,0.016621577
674746,0.24482909
674747,0.9649519
674748,0.050144047
674749,0.011712189
674750,0.05601782
674751,0.9934298
674752,0.82366085
674753,0.99920213
674754,0.039384775
674755,0.99516886
674756,0.0039707916
674757,0.82865584
674758,0.13719042
674759,0.8162656
674760,0.72671247
674761,0.83017963
674762,0.9966343
674763,0.92532456
674764,0.9847741
674765,0.4441766
674766,0.975509
674767,0.13809559
674768,0.06388158
674769,0.8298865
674770,0.8448305
674771,0.009939
674772,0.66369027
674773,0.9710087
674774,0.076807335
674775,0.8567034
674776,0.0072748065
674777,0.012045221
674778,0.043642532
674779,0.09426335
674780,0.09548236
674781,0.7425215
674782,0.026193582
674783,0.9793344
674784,0.065797776
674785,0.05189614
674786,0.96816945
674787,0.03390594
674788,0.9811412
674789,0.036099553
674790,0.16595815
674791,0.7013635
674792,0.021583159
674793,0.9965565
674794,0.8395796
674795,0.93984574
674796,0.9176648
674797,0.0293965
674798,0.6592113
674799,0.9247128
674800,0.0048383903
674801,0.43459916
674802,0.934487
674803,0.023915531
674804,0.8631383
674805,0.017048456
674806,0.029387135
674807,0.5214118
674808,0.9459653
674809,0.8171124
674810,0.02775045
674811,0.990539
674812,0.028181281
674813,0.02709871
674814,0.012062286
674815,0.10613557
674816,0.5953124
674817,0.9993055
674818,0.33576146
674819,0.965052
674820,0.012946513
674821,0.021453116
674822,0.43132132
674823,0.21340522
674824,0.03454177
674825,0.06998563
674826,0.0058923103
674827,0.015586768
674828,0.14881906
674829,0.4167658
674830,0.46972853
674831,0.9766077
674832,0.0466045
674833,0.6922805
674834,0.14898455
674835,0.5120848
674836,0.96935743
674837,0.0024915254
674838,0.9876274
674839,0.19424407
674840,0.2270046
674841,0.44486314
674842,0.022734666
674843,0.037975878
674844,0.017566027
674845,0.9911054
674846,0.8973807
674847,0.0032666842
674848,0.73177075
674849,0.31538564
674850,0.46795982
674851,0.9838113
674852,0.95486
674853,0.99929965
674854,0.016318152
674855,0.048865795
674856,0.07601929
674857,0.5235553
674858,0.8596041
674859,0.85870224
674860,0.042398255
674861,0.042857654
674862,0.9880418
674863,0.008565303
674864,0.88849974
674865,0.2543388
674866,0.16667724
674867,0.9675318
674868,0.7513306
674869,0.019874904
674870,0.6274418
674871,0.14974724
674872,0.07667994
674873,0.5361921
674874,0.24791373
674875,0.021399522
674876,0.9703562
674877,0.47387928
674878,0.23553813
674879,0.017042603
674880,0.0014683255
674881,0.9916171
674882,0.99800295
674883,0.9669554
674884,0.14889766
674885,0.26364997
674886,0.029914215
674887,0.8063624
674888,0.6627927
674889,0.035769798
674890,0.1296743
674891,0.0077596214
674892,0.024231434
674893,0.8868509
674894,0.9718637
674895,0.9950865
674896,0.8733441
674897,0.941756
674898,0.9489431
674899,0.9717356
674900,0.0051595485
674901,0.04526931
674902,0.021107994
674903,0.23712832
674904,0.8031956
674905,0.0056466935
674906,0.9941099
674907,0.028584175
674908,0.9942461
674909,0.99717504
674910,0.99343854
674911,0.92633367
674912,0.9169539
674913,0.019225214
674914,0.008544998
674915,0.9738585
674916,0.1639731
674917,0.97832036
674918,0.009930935
674919,0.35953218
674920,0.032005697
674921,0.024381923
674922,0.021919824
674923,0.99625856
674924,0.76953095
674925,0.22223982
674926,0.98807204
674927,0.917276
674928,0.9511979
674929,0.0087687075
674930,0.0060980283
674931,0.9968309
674932,0.9441138
674933,0.058576994
674934,0.88363016
674935,0.007948831
674936,0.99698544
674937,0.14386488
674938,0.026249658
674939,0.024452437
674940,0.043948654
674941,0.9859531
674942,0.63599527
674943,0.974394
674944,0.018631214
674945,0.046880327
674946,0.059720606
674947,0.16386491
674948,0.5654749
674949,0.47526634
674950,0.9615154
674951,0.99735636
674952,0.011347605
674953,0.9922661
674954,0.009450018
674955,0.8171151
674956,0.009937851
674957,0.0077260933
674958,0.036401153
674959,0.0084002195
674960,0.3390557
674961,0.4193041
674962,0.011065827
674963,0.009425254
674964,0.4394168
674965,0.055048384
674966,0.015282561
674967,0.06842249
674968,0.06805082
674969,0.04651755
674970,0.8797715
674971,0.016158039
674972,0.23631501
674973,0.01023618
674974,0.092705876
674975,0.9721784
674976,0.052415878
674977,0.99434364
674978,0.0039233593
674979,0.9080897
674980,0.11258923
674981,0.03708261
674982,0.12369412
674983,0.015605483
674984,0.13674751
674985,0.01631143
674986,0.11489736
674987,0.20771328
674988,0.99809617
674989,0.6577029
674990,0.89019
674991,0.62925065
674992,0.9445449
674993,0.72304106
674994,0.11750132
674995,0.15176867
674996,0.027438743
674997,0.7891498
674998,0.031629372
674999,0.9602716
675000,0.92369497
675001,0.2851652
675002,0.020570897
675003,0.922895
675004,0.026745899
675005,0.98430485
675006,0.12278095
675007,0.39526522
675008,0.021506745
675009,0.040586334
675010,0.012865608
675011,0.12316331
675012,0.14125806
675013,0.0046805525
675014,0.8328481
675015,0.02197741
675016,0.78609514
675017,0.99001414
675018,0.013724316
675019,0.8553409
675020,0.441468
675021,0.60765994
675022,0.78864723
675023,0.7860027
675024,0.018465374
675025,0.40011275
675026,0.008887605
675027,0.074848436
675028,0.69258225
675029,0.1724939
675030,0.24744937
675031,0.9827877
675032,0.9988996
675033,0.98827994
675034,0.99381244
675035,0.070975356
675036,0.0021308605
675037,0.05096151
675038,0.49049577
675039,0.9927708
675040,0.15556484
675041,0.29987258
675042,0.9642247
675043,0.98848194
675044,0.6968539
675045,0.9973426
675046,0.9583741
675047,0.9022231
675048,0.01136663
675049,0.42827374
675050,0.027258366
675051,0.99821556
675052,0.93097585
675053,0.9913263
675054,0.93437654
675055,0.995694
675056,0.9577781
675057,0.5380249
675058,0.01607136
675059,0.12831174
675060,0.016176164
675061,0.2210316
675062,0.094806775
675063,0.6925496
675064,0.2771041
675065,0.88964784
675066,0.4324677
675067,0.86613166
675068,0.17818591
675069,0.9987906
675070,0.07674293
675071,0.11701167
675072,0.0074253636
675073,0.07093848
675074,0.022209872
675075,0.98272884
675076,0.996531
675077,0.03141091
675078,0.0727223
675079,0.94905907
675080,0.42487806
675081,0.20129347
675082,0.99128544
675083,0.026388498
675084,0.95623654
675085,0.028782113
675086,0.97675014
675087,0.019554459
675088,0.29267412
675089,0.8148442
675090,0.34426743
675091,0.01381851
675092,0.7160615
675093,0.003501078
675094,0.11716627
675095,0.8398703
675096,0.97495645
675097,0.9719807
675098,0.9752549
675099,0.048035577
675100,0.98886037
675101,0.03350484
675102,0.03159493
675103,0.21119307
675104,0.11167263
675105,0.06477389
675106,0.98995113
675107,0.9965197
675108,0.042679183
675109,0.018485377
675110,0.05568593
675111,0.047767162
675112,0.9561185
675113,0.11281443
675114,0.2637276
675115,0.020695295
675116,0.97080797
675117,0.9344909
675118,0.7654999
675119,0.9437817
675120,0.1501163
675121,0.013908038
675122,0.9976344
675123,0.4966212
675124,0.9610406
675125,0.99677515
675126,0.0010513182
675127,0.98854893
675128,0.021867797
675129,0.004282381
675130,0.24800542
675131,0.53623295
675132,0.0017599653
675133,0.04435343
675134,0.97939557
675135,0.9661838
675136,0.97330856
675137,0.06511685
675138,0.9566836
675139,0.061866544
675140,0.98132074
675141,0.029331373
675142,0.9639567
675143,0.96563196
675144,0.028465275
675145,0.33111906
675146,0.99853694
675147,0.16200201
675148,0.93008256
675149,0.8444034
675150,0.017066147
675151,0.99537194
675152,0.86076057
675153,0.8427429
675154,0.6554981
675155,0.93532395
675156,0.018894311
675157,0.0061390237
675158,0.7589108
675159,0.9773226
675160,0.026141936
675161,0.018282142
675162,0.26079997
675163,0.79638004
675164,0.23909351
675165,0.025868211
675166,0.6420977
675167,0.0044272933
675168,0.99192107
675169,0.88636386
675170,0.5081899
675171,0.24637467
675172,0.93539196
675173,0.18054204
675174,0.007775292
675175,0.9917194
675176,0.03903018
675177,0.8228332
675178,0.75936437
675179,0.017887468
675180,0.9565213
675181,0.97127765
675182,0.43321434
675183,0.96635634
675184,0.06924736
675185,0.7643038
675186,0.77451324
675187,0.92918587
675188,0.80446124
675189,0.15641111
675190,0.03356682
675191,0.97378033
675192,0.09724818
675193,0.5876897
675194,0.3297222
675195,0.98354596
675196,0.06796011
675197,0.014870157
675198,0.99134606
675199,0.9892785
675200,0.99315184
675201,0.024148861
675202,0.55421233
675203,0.020156626
675204,0.9012927
675205,0.7933602
675206,0.19322275
675207,0.028244818
675208,0.0029707407
675209,0.9977869
675210,0.83729076
675211,0.986599
675212,0.0932978
675213,0.33693403
675214,0.20602518
675215,0.8477
675216,0.19178398
675217,0.31866747
675218,0.048800178
675219,0.9455512
675220,0.32878074
675221,0.15785924
675222,0.93032235
675223,0.65785015
675224,0.08218559
675225,0.951053
675226,0.0380428
675227,0.036595337
675228,0.0077168806
675229,0.33199912
675230,0.4684143
675231,0.0049178703
675232,0.0035738102
675233,0.9820017
675234,0.06250725
675235,0.31325078
675236,0.003473476
675237,0.028556738
675238,0.0063751875
675239,0.3028228
675240,0.09644195
675241,0.997558
675242,0.044273034
675243,0.042699806
675244,0.17806697
675245,0.98492956
675246,0.7411996
675247,0.018526271
675248,0.29219157
675249,0.02357414
675250,0.030814523
675251,0.055782296
675252,0.69872975
675253,0.015601153
675254,0.03014177
675255,0.009018967
675256,0.018050663
675257,0.030967133
675258,0.9978225
675259,0.4513715
675260,0.8234996
675261,0.039937124
675262,0.2966987
675263,0.20183994
675264,0.9299588
675265,0.62951946
675266,0.018562214
675267,0.9740554
675268,0.990198
675269,0.98293936
675270,0.8647338
675271,0.006424164
675272,0.94857836
675273,0.0038890142
675274,0.7913951
675275,0.010518724
675276,0.9589007
675277,0.01159191
675278,0.93634963
675279,0.92421466
675280,0.9767675
675281,0.99308044
675282,0.9947541
675283,0.016032089
675284,0.21063344
675285,0.9956665
675286,0.145752
675287,0.015314766
675288,0.7851446
675289,0.12980427
675290,0.98011446
675291,0.39944458
675292,0.02000532
675293,0.09794138
675294,0.99783707
675295,0.1665526
675296,0.84126854
675297,0.7077522
675298,0.80684423
675299,0.8897635
675300,0.08037443
675301,0.985698
675302,0.78733176
675303,0.32157028
675304,0.030487023
675305,0.74446106
675306,0.9326271
675307,0.9975979
675308,0.5070924
675309,0.05365675
675310,0.030747304
675311,0.27346206
675312,0.7959322
675313,0.733432
675314,0.9659378
675315,0.9738309
675316,0.7410052
675317,0.9612922
675318,0.024084596
675319,0.7368888
675320,0.5016912
675321,0.3599078
675322,0.01690119
675323,0.055304576
675324,0.9513228
675325,0.011500503
675326,0.98269224
675327,0.08219135
675328,0.9945175
675329,0.029939372
675330,0.9497852
675331,0.9983802
675332,0.9745013
675333,0.010613385
675334,0.9772968
675335,0.0763957
675336,0.035494596
675337,0.5902184
675338,0.66284597
675339,0.269885
675340,0.7608986
675341,0.86514044
675342,0.011679273
675343,0.29249397
675344,0.42745736
675345,0.97707474
675346,0.5539009
675347,0.9036463
675348,0.96418345
675349,0.19119555
675350,0.44746524
675351,0.29738688
675352,0.20759144
675353,0.99787056
675354,0.19699179
675355,0.98187244
675356,0.004734859
675357,0.7103854
675358,0.03974565
675359,0.9798738
675360,0.95431805
675361,0.27919322
675362,0.002268812
675363,0.9776133
675364,0.97036123
675365,0.014088748
675366,0.07671944
675367,0.11309882
675368,0.18074256
675369,0.9699388
675370,0.8216585
675371,0.91354716
675372,0.27100122
675373,0.9459356
675374,0.3681002
675375,0.09515753
675376,0.99333745
675377,0.96219856
675378,0.91514236
675379,0.29990417
675380,0.39762136
675381,0.04199572
675382,0.06044019
675383,0.13428745
675384,0.47531277
675385,0.99935037
675386,0.010563254
675387,0.9522401
675388,0.06572677
675389,0.04235291
675390,0.8223926
675391,0.025543904
675392,0.0067066266
675393,0.040465534
675394,0.108051725
675395,0.09073649
675396,0.9548016
675397,0.041690763
675398,0.36493286
675399,0.0030071
675400,0.051492237
675401,0.0037977146
675402,0.92755014
675403,0.9769269
675404,0.53355503
675405,0.8340966
675406,0.011354631
675407,0.99262595
675408,0.992768
675409,0.5363699
675410,0.065644376
675411,0.011937383
675412,0.15705782
675413,0.3896509
675414,0.9945892
675415,0.98464155
675416,0.75961804
675417,0.9889145
675418,0.8581293
675419,0.87950677
675420,0.0016737984
675421,0.026913784
675422,0.71369815
675423,0.01958756
675424,0.0029203314
675425,0.013711065
675426,0.065403424
675427,0.03900759
675428,0.00875291
675429,0.048653696
675430,0.24289188
675431,0.98273337
675432,0.23944639
675433,0.07508288
675434,0.12839854
675435,0.99067706
675436,0.994386
675437,0.3767124
675438,0.85130835
675439,0.011430973
675440,0.96799326
675441,0.76190436
675442,0.9638822
675443,0.49340796
675444,0.059479557
675445,0.00886152
675446,0.009229729
675447,0.08627067
675448,0.8924582
675449,0.9668799
675450,0.9001301
675451,0.7446953
675452,0.030491335
675453,0.59975195
675454,0.08608654
675455,0.8243548
675456,0.99010354
675457,0.24064623
675458,0.09105547
675459,0.096733585
675460,0.99577427
675461,0.014936959
675462,0.007889327
675463,0.018704759
675464,0.004799749
675465,0.024173656
675466,0.93496424
675467,0.1574153
675468,0.02630784
675469,0.021434553
675470,0.8606732
675471,0.0014215357
675472,0.99506474
675473,0.906729
675474,0.8468604
675475,0.00448893
675476,0.8412066
675477,0.9498078
675478,0.99983776
675479,0.41121984
675480,0.005713192
675481,0.99191594
675482,0.99911857
675483,0.03920527
675484,0.9968189
675485,0.42521536
675486,0.9778549
675487,0.05560928
675488,0.016356912
675489,0.96780974
675490,0.925959
675491,0.03008957
675492,0.758459
675493,0.9796721
675494,0.04641175
675495,0.088170655
675496,0.87248784
675497,0.019157257
675498,0.9819664
675499,0.40191132
675500,0.08586981
675501,0.012963356
675502,0.039003
675503,0.011860547
675504,0.012839824
675505,0.039295893
675506,0.44027337
675507,0.83504254
675508,0.15931791
675509,0.021189054
675510,0.023419436
675511,0.9294584
675512,0.97579104
675513,0.8774294
675514,0.80129844
675515,0.0035038828
675516,0.0020747366
675517,0.29118055
675518,0.011668622
675519,0.95677495
675520,0.99764985
675521,0.31109086
675522,0.99129725
675523,0.093392044
675524,0.0044993116
675525,0.016440822
675526,0.88901377
675527,0.046520557
675528,0.9932822
675529,0.070411265
675530,0.022032809
675531,0.26631817
675532,0.8320221
675533,0.521652
675534,0.23524162
675535,0.9979669
675536,0.73356897
675537,0.02843556
675538,0.997031
675539,0.057733107
675540,0.04058816
675541,0.059514396
675542,0.7562836
675543,0.034121525
675544,0.96479386
675545,0.01614182
675546,0.046294212
675547,0.97438616
675548,0.08967419
675549,0.99465317
675550,0.02098496
675551,0.20239957
675552,0.945006
675553,0.98148704
675554,0.42755964
675555,0.013452641
675556,0.9557555
675557,0.04054962
675558,0.7274074
675559,0.9163738
675560,0.008276908
675561,0.99905217
675562,0.90517706
675563,0.6842658
675564,0.9968943
675565,0.01050174
675566,0.9555006
675567,0.115666024
675568,0.99705833
675569,0.23744896
675570,0.12342052
675571,0.63000786
675572,0.8805885
675573,0.09598188
675574,0.9932968
675575,0.7874645
675576,0.99107015
675577,0.9559008
675578,0.05189456
675579,0.079166636
675580,0.9691956
675581,0.9788067
675582,0.99191964
675583,0.17682236
675584,0.98807544
675585,0.9966717
675586,0.30232427
675587,0.031391084
675588,0.05650931
675589,0.016296059
675590,0.976169
675591,0.16455667
675592,0.9987773
675593,0.09708239
675594,0.7986707
675595,0.8537033
675596,0.2167629
675597,0.2980845
675598,0.918448
675599,0.93709433
675600,0.65312046
675601,0.005947341
675602,0.87499046
675603,0.19160011
675604,0.8678563
675605,0.0004806707
675606,0.026891489
675607,0.75452036
675608,0.007003543
675609,0.9766011
675610,0.9156523
675611,0.94090044
675612,0.070981674
675613,0.032260314
675614,0.61338925
675615,0.991238
675616,0.9747769
675617,0.00835969
675618,0.9933704
675619,0.99348605
675620,0.90967214
675621,0.012170868
675622,0.02887061
675623,0.7009236
675624,0.010050012
675625,0.1011443
675626,0.7665667
675627,0.7380115
675628,0.9490116
675629,0.020271491
675630,0.016181396
675631,0.9623236
675632,0.9483333
675633,0.9428115
675634,0.038817417
675635,0.013746548
675636,0.49609593
675637,0.012569103
675638,0.59220505
675639,0.014558405
675640,0.010849102
675641,0.026520398
675642,0.3543663
675643,0.04901432
675644,0.98805594
675645,0.03208974
675646,0.4024239
675647,0.6875315
675648,0.02923791
675649,0.05535441
675650,0.031083588
675651,0.028509408
675652,0.053886358
675653,0.8933786
675654,0.171392
675655,0.63322496
675656,0.9969051
675657,0.99169075
675658,0.9995983
675659,0.8602515
675660,0.9331709
675661,0.98570895
675662,0.11832936
675663,0.9718612
675664,0.11474435
675665,0.0061417613
675666,0.88248897
675667,0.033740226
675668,0.11399232
675669,0.57532406
675670,0.23815158
675671,0.31802222
675672,0.028284678
675673,0.1294454
675674,0.021465117
675675,0.06891473
675676,0.28643796
675677,0.0067197504
675678,0.98519206
675679,0.13024582
675680,0.867138
675681,0.92967963
675682,0.040583886
675683,0.043689825
675684,0.9891763
675685,0.97924787
675686,0.46551362
675687,0.5555982
675688,0.012224711
675689,0.008599892
675690,0.0041489536
675691,0.05221585
675692,0.010466491
675693,0.9963144
675694,0.9917
675695,0.041224875
675696,0.037501734
675697,0.71288985
675698,0.022480156
675699,0.016851189
675700,0.9810489
675701,0.06576857
675702,0.062057946
675703,0.03812879
675704,0.9849571
675705,0.058739156
675706,0.01900633
675707,0.9532953
675708,0.08525766
675709,0.7421061
675710,0.2962353
675711,0.016959578
675712,0.96872246
675713,0.053289704
675714,0.89988196
675715,0.047993638
675716,0.99043334
675717,0.016589437
675718,0.9972128
675719,0.051771224
675720,0.9595968
675721,0.9969835
675722,0.63844234
675723,0.03582097
675724,0.96696395
675725,0.045370087
675726,0.9841761
675727,0.4222933
675728,0.0041667223
675729,0.81683
675730,0.0046791798
675731,0.16480228
675732,0.31761137
675733,0.9040673
675734,0.8425616
675735,0.07078709
675736,0.9917452
675737,0.3318927
675738,0.7812628
675739,0.90386593
675740,0.10420876
675741,0.015873794
675742,0.9825991
675743,0.7016449
675744,0.7510189
675745,0.794015
675746,0.69290125
675747,0.007372448
675748,0.8050755
675749,0.038978837
675750,0.98989105
675751,0.9739343
675752,0.04848799
675753,0.9951095
675754,0.99017656
675755,0.01924399
675756,0.9788923
675757,0.99155796
675758,0.9903145
675759,0.004958914
675760,0.91471004
675761,0.06887227
675762,0.018214796
675763,0.80513024
675764,0.08689277
675765,0.10814157
675766,0.020720895
675767,0.20482899
675768,0.008592358
675769,0.02677955
675770,0.5008399
675771,0.009204784
675772,0.9956778
675773,0.047426045
675774,0.028789438
675775,0.8582784
675776,0.021845587
675777,0.756299
675778,0.003060634
675779,0.0071576927
675780,0.7976868
675781,0.03135231
675782,0.079798274
675783,0.9821001
675784,0.99360085
675785,0.19861627
675786,0.09367883
675787,0.9975779
675788,0.07579155
675789,0.9923662
675790,0.9842591
675791,0.28609443
675792,0.9585434
675793,0.99224806
675794,0.118793175
675795,0.6541511
675796,0.020506829
675797,0.1292493
675798,0.27361995
675799,0.77549684
675800,0.09684068
675801,0.43966648
675802,0.0025009075
675803,0.9604213
675804,0.015514611
675805,0.08013663
675806,0.01542341
675807,0.036024723
675808,0.052957673
675809,0.9962777
675810,0.99155486
675811,0.9845717
675812,0.0054716724
675813,0.19411314
675814,0.030854309
675815,0.89980376
675816,0.0511695
675817,0.75522983
675818,0.95594704
675819,0.5445141
675820,0.016934654
675821,0.077935606
675822,0.395463
675823,0.05022075
675824,0.97339
675825,0.98138726
675826,0.99412954
675827,0.97253406
675828,0.7914661
675829,0.86215186
675830,0.9613397
675831,0.7316633
675832,0.91177034
675833,0.107290596
675834,0.017817842
675835,0.5782908
675836,0.070087716
675837,0.14775747
675838,0.89355165
675839,0.0089700315
675840,0.06146574
675841,0.9850805
675842,0.15264997
675843,0.96673024
675844,0.023209592
675845,0.8105915
675846,0.91121316
675847,0.99145967
675848,0.024169814
675849,0.8734021
675850,0.004611812
675851,0.00080201565
675852,0.006292988
675853,0.042262927
675854,0.9674436
675855,0.99565864
675856,0.9273164
675857,0.9917196
675858,0.9952276
675859,0.9927084
675860,0.21876837
675861,0.5940717
675862,0.9016677
675863,0.02062546
675864,0.046218477
675865,0.0065148855
675866,0.017099643
675867,0.35152197
675868,0.5642906
675869,0.9868647
675870,0.9929504
675871,0.983628
675872,0.2745028
675873,0.714387
675874,0.031590335
675875,0.9989847
675876,0.8871326
675877,0.0077641387
675878,0.016427103
675879,0.63116693
675880,0.9065766
675881,0.42772254
675882,0.29220435
675883,0.013388786
675884,0.9904261
675885,0.702405
675886,0.0109916525
675887,0.08220039
675888,0.91428614
675889,0.0485757
675890,0.014807122
675891,0.03805472
675892,0.97854924
675893,0.0033588323
675894,0.032465197
675895,0.97363573
675896,0.82904947
675897,0.99872434
675898,0.8374044
675899,0.98775935
675900,0.09076003
675901,0.902032
675902,0.010606789
675903,0.98208857
675904,0.77826047
675905,0.098118246
675906,0.015259438
675907,0.8879351
675908,0.21045758
675909,0.809575
675910,0.09016062
675911,0.040723406
675912,0.93174934
675913,0.6442407
675914,0.069985464
675915,0.92381287
675916,0.99808097
675917,0.049854524
675918,0.6020678
675919,0.40102893
675920,0.9615804
675921,0.03666602
675922,0.06616066
675923,0.03737487
675924,0.009680586
675925,0.752127
675926,0.10696112
675927,0.057569057
675928,0.14497507
675929,0.3521328
675930,0.03729447
675931,0.15702204
675932,0.83217174
675933,0.996583
675934,0.008536945
675935,0.006913606
675936,0.9911051
675937,0.9976677
675938,0.28021395
675939,0.3531749
675940,0.95324606
675941,0.1928091
675942,0.0099314
675943,0.9839698
675944,0.17777315
675945,0.035720985
675946,0.97224367
675947,0.008158282
675948,0.018767701
675949,0.98789394
675950,0.9947032
675951,0.044833582
675952,0.9619807
675953,0.026701292
675954,0.9128713
675955,0.01569214
675956,0.9419627
675957,0.9878434
675958,0.9161147
675959,0.9903306
675960,0.98831165
675961,0.8216286
675962,0.016492764
675963,0.03381747
675964,0.10111346
675965,0.9855345
675966,0.8755337
675967,0.004204898
675968,0.99936014
675969,0.5429393
675970,0.023746397
675971,0.08403001
675972,0.04915843
675973,0.9985743
675974,0.037890337
675975,0.056177992
675976,0.0556722
675977,0.00080974103
675978,0.9797814
675979,0.99759424
675980,0.061467998
675981,0.16549385
675982,0.66911095
675983,0.016997037
675984,0.04162406
675985,0.1902176
675986,0.006442505
675987,0.992808
675988,0.6702338
675989,0.90809333
675990,0.8590081
675991,0.98122764
675992,0.9327713
675993,0.099271305
675994,0.13973628
675995,0.9518653
675996,0.99822783
675997,0.98535776
675998,0.02256265
675999,0.95768714
676000,0.95195323
676001,0.014326816
676002,0.83175063
676003,0.9878969
676004,0.15476443
676005,0.1828313
676006,0.021990951
676007,0.3491904
676008,0.99154097
676009,0.99959135
676010,0.25470364
676011,0.02604669
676012,0.7322274
676013,0.5081413
676014,0.9919957
676015,0.089034796
676016,0.0075029815
676017,0.63006186
676018,0.88571775
676019,0.9583157
676020,0.020190522
676021,0.010636095
676022,0.7309571
676023,0.01075076
676024,0.16043748
676025,0.003494452
676026,0.20916563
676027,0.09091024
676028,0.6486288
676029,0.073775254
676030,0.0019085049
676031,0.075564295
676032,0.9931548
676033,0.2670367
676034,0.3561522
676035,0.301071
676036,0.015439784
676037,0.25657228
676038,0.988315
676039,0.03302729
676040,0.6042901
676041,0.052464645
676042,0.03759278
676043,0.024416387
676044,0.028516792
676045,0.006033212
676046,0.99035144
676047,0.31305948
676048,0.7238605
676049,0.021436574
676050,0.9642153
676051,0.80676335
676052,0.98173773
676053,0.6683728
676054,0.82412434
676055,0.8748154
676056,0.8710961
676057,0.025168262
676058,0.86510885
676059,0.99119043
676060,0.00446589
676061,0.039410442
676062,0.91139483
676063,0.9931642
676064,0.9893333
676065,0.81916517
676066,0.032007825
676067,0.89290464
676068,0.02479009
676069,0.985399
676070,0.14718911
676071,0.7853993
676072,0.90285987
676073,0.7357798
676074,0.807521
676075,0.024539892
676076,0.78638244
676077,0.13749988
676078,0.9984296
676079,0.06179456
676080,0.041715823
676081,0.08423938
676082,0.90052116
676083,0.59554327
676084,0.033536986
676085,0.5768057
676086,0.9246446
676087,0.007715163
676088,0.9413289
676089,0.7974714
676090,0.03530313
676091,0.6064109
676092,0.9926964
676093,0.0049245227
676094,0.9292653
676095,0.009810533
676096,0.025718603
676097,0.017664941
676098,0.9873905
676099,0.06451213
676100,0.12932128
676101,0.027947333
676102,0.1401208
676103,0.16373721
676104,0.98279595
676105,0.31613326
676106,0.9930604
676107,0.65271044
676108,0.9916745
676109,0.07842863
676110,0.8610365
676111,0.8363833
676112,0.16035427
676113,0.0040268963
676114,0.9768185
676115,0.9013726
676116,0.9978833
676117,0.029603854
676118,0.99195945
676119,0.0025724596
676120,0.99837536
676121,0.9214788
676122,0.8515646
676123,0.008057576
676124,0.16425169
676125,0.725625
676126,0.092248514
676127,0.8071861
676128,0.04467245
676129,0.3176222
676130,0.61606807
676131,0.96735466
676132,0.031179765
676133,0.9671323
676134,0.7766735
676135,0.66545874
676136,0.88156164
676137,0.014359878
676138,0.92139953
676139,0.9550631
676140,0.12221017
676141,0.65462786
676142,0.9985808
676143,0.55367136
676144,0.022179551
676145,0.99699724
676146,0.8903919
676147,0.9766378
676148,0.8821291
676149,0.15787016
676150,0.24899822
676151,0.933032
676152,0.14596833
676153,0.36423317
676154,0.7995859
676155,0.8809203
676156,0.010848892
676157,0.6342753
676158,0.025482751
676159,0.025146626
676160,0.9654044
676161,0.028534252
676162,0.86856425
676163,0.99154335
676164,0.91188526
676165,0.76737034
676166,0.9862838
676167,0.5692788
676168,0.06785816
676169,0.23629943
676170,0.997958
676171,0.050085433
676172,0.64754695
676173,0.99225736
676174,0.7625804
676175,0.01743783
676176,0.17848642
676177,0.97619826
676178,0.99519163
676179,0.8059389
676180,0.97635955
676181,0.022800043
676182,0.017505845
676183,0.8915591
676184,0.22074124
676185,0.9056754
676186,0.06515239
676187,0.016420871
676188,0.75494015
676189,0.26763034
676190,0.9442272
676191,0.055569455
676192,0.86852974
676193,0.684669
676194,0.40659165
676195,0.9952317
676196,0.9441483
676197,0.39373606
676198,0.76515186
676199,0.021505192
676200,0.9650781
676201,0.010302464
676202,0.9952154
676203,0.19608183
676204,0.63186496
676205,0.7255391
676206,0.029672468
676207,0.9836767
676208,0.9961116
676209,0.012655603
676210,0.97432584
676211,0.98305345
676212,0.9212431
676213,0.98409
676214,0.021961648
676215,0.91378564
676216,0.0059478814
676217,0.081339285
676218,0.02257147
676219,0.16611856
676220,0.97792494
676221,0.9886346
676222,0.32242846
676223,0.8561036
676224,0.31582215
676225,0.03365447
676226,0.6058059
676227,0.010816501
676228,0.0007426527
676229,0.04693273
676230,0.9637714
676231,0.08397383
676232,0.9332889
676233,0.037031896
676234,0.95606995
676235,0.0058635143
676236,0.85732245
676237,0.016362717
676238,0.858709
676239,0.025819218
676240,0.017175082
676241,0.004914512
676242,0.04660132
676243,0.04756494
676244,0.13359654
676245,0.0034064956
676246,0.17041709
676247,0.030150592
676248,0.95466703
676249,0.037459854
676250,0.6603036
676251,0.37774837
676252,0.006210235
676253,0.039982624
676254,0.99320775
676255,0.9599869
676256,0.5211231
676257,0.043917686
676258,0.76556873
676259,0.005318105
676260,0.9676556
676261,0.99862754
676262,0.23607776
676263,0.474679
676264,0.0027015498
676265,0.14147736
676266,0.9658011
676267,0.43815297
676268,0.76458025
676269,0.0128163
676270,0.6172428
676271,0.008970297
676272,0.009010075
676273,0.10121708
676274,0.088827245
676275,0.9405799
676276,0.36084506
676277,0.009472584
676278,0.70989025
676279,0.994992
676280,0.24596964
676281,0.77218795
676282,0.0042911777
676283,0.98288643
676284,0.085571185
676285,0.10173215
676286,0.14971744
676287,0.6186896
676288,0.9698748
676289,0.9433047
676290,0.43334836
676291,0.5635426
676292,0.8767447
676293,0.6537085
676294,0.9935093
676295,0.9959576
676296,0.1285319
676297,0.03990303
676298,0.025194988
676299,0.9392233
676300,0.13967897
676301,0.01816946
676302,0.0028165488
676303,0.015096856
676304,0.005525058
676305,0.9906226
676306,0.90160406
676307,0.40092987
676308,0.020591255
676309,0.8760492
676310,0.5106051
676311,0.06902412
676312,0.017990287
676313,0.008685955
676314,0.12922265
676315,0.9953543
676316,0.99385846
676317,0.8862579
676318,0.14832175
676319,0.99750525
676320,0.9798385
676321,0.9693488
676322,0.94014174
676323,0.07804621
676324,0.68104756
676325,0.3315838
676326,0.0077008447
676327,0.9626118
676328,0.9192275
676329,0.318521
676330,0.014111297
676331,0.9940121
676332,0.43243378
676333,0.29377362
676334,0.9789756
676335,0.9831491
676336,0.11843374
676337,0.07529618
676338,0.007333903
676339,0.008196095
676340,0.0030432406
676341,0.06608738
676342,0.24344778
676343,0.9992975
676344,0.16219142
676345,0.99654484
676346,0.9398714
676347,0.9532898
676348,0.043740164
676349,0.19539377
676350,0.52961653
676351,0.88102466
676352,0.99904746
676353,0.012761717
676354,0.015188858
676355,0.01382016
676356,0.06610094
676357,0.9905671
676358,0.0026356422
676359,0.6611937
676360,0.026217919
676361,0.16002855
676362,0.98454165
676363,0.9272833
676364,0.089064345
676365,0.96245265
676366,0.018815363
676367,0.9383591
676368,0.010640408
676369,0.10408817
676370,0.0480906
676371,0.04933634
676372,0.018751286
676373,0.6604711
676374,0.99785125
676375,0.8262936
676376,0.9775326
676377,0.026150146
676378,0.002628725
676379,0.5963033
676380,0.97063404
676381,0.76400167
676382,0.003982899
676383,0.017755898
676384,0.22974882
676385,0.11530652
676386,0.17644241
676387,0.92725384
676388,0.028682152
676389,0.96796715
676390,0.4195474
676391,0.31343928
676392,0.7344341
676393,0.029929303
676394,0.6326145
676395,0.054635335
676396,0.07341459
676397,0.99710184
676398,0.53933555
676399,0.6332817
676400,0.28850722
676401,0.9603489
676402,0.22147202
676403,0.7994813
676404,0.01241334
676405,0.928596
676406,0.99961007
676407,0.033211004
676408,0.939736
676409,0.71304893
676410,0.4142072
676411,0.14765148
676412,0.6470957
676413,0.97557247
676414,0.50223356
676415,0.9346081
676416,0.9696126
676417,0.9648597
676418,0.9958575
676419,0.28052202
676420,0.05937596
676421,0.09359877
676422,0.01226151
676423,0.02765096
676424,0.0082394285
676425,0.043371476
676426,0.6658558
676427,0.82524484
676428,0.21776547
676429,0.93648857
676430,0.91328406
676431,0.7028482
676432,0.043548003
676433,0.11290394
676434,0.0056304936
676435,0.021455444
676436,0.12121788
676437,0.055280667
676438,0.10360516
676439,0.99765086
676440,0.2315011
676441,0.040252045
676442,0.23775353
676443,0.3081043
676444,0.97837996
676445,0.044890705
676446,0.9795389
676447,0.97949964
676448,0.9926708
676449,0.016426971
676450,0.9991554
676451,0.02105592
676452,0.0018653495
676453,0.004499385
676454,0.7765935
676455,0.9284227
676456,0.011879836
676457,0.089998305
676458,0.41442317
676459,0.66637594
676460,0.99655235
676461,0.4736643
676462,0.9808533
676463,0.024866581
676464,0.9332558
676465,0.27946225
676466,0.83771825
676467,0.4795232
676468,0.9496503
676469,0.9904596
676470,0.0135437185
676471,0.08599628
676472,0.012401803
676473,0.048008494
676474,0.26318055
676475,0.023454558
676476,0.019306479
676477,0.43580818
676478,0.9736391
676479,0.013163743
676480,0.004215091
676481,0.11874878
676482,0.23634873
676483,0.9436963
676484,0.021116428
676485,0.014218841
676486,0.84509104
676487,0.9956139
676488,0.9718257
676489,0.027614448
676490,0.9139768
676491,0.03706399
676492,0.80068475
676493,0.998454
676494,0.9782501
676495,0.8203532
676496,0.6465392
676497,0.010711721
676498,0.005252893
676499,0.030147025
676500,0.068808526
676501,0.9169914
676502,0.0042438926
676503,0.04973055
676504,0.13515183
676505,0.024848673
676506,0.0028665387
676507,0.3552189
676508,0.72600776
676509,0.14434512
676510,0.054016553
676511,0.8669061
676512,0.005505732
676513,0.9151628
676514,0.40713507
676515,0.79548883
676516,0.091414765
676517,0.716447
676518,0.9673301
676519,0.28657937
676520,0.81233066
676521,0.7133124
676522,0.42902562
676523,0.512401
676524,0.9603304
676525,0.7486503
676526,0.031667203
676527,0.8407601
676528,0.9072102
676529,0.018273411
676530,0.034006126
676531,0.96797657
676532,0.9979306
676533,0.9807699
676534,0.89465535
676535,0.97510564
676536,0.94946426
676537,0.017007552
676538,0.011662509
676539,0.992002
676540,0.9567503
676541,0.31720263
676542,0.9390869
676543,0.0096274875
676544,0.95988965
676545,0.3227952
676546,0.0730765
676547,0.40040633
676548,0.15767942
676549,0.027607616
676550,0.066730745
676551,0.74706817
676552,0.0065953303
676553,0.9875217
676554,0.99789345
676555,0.21169852
676556,0.009180411
676557,0.9843165
676558,0.031777617
676559,0.995224
676560,0.15225026
676561,0.0048119086
676562,0.10094859
676563,0.00438454
676564,0.997931
676565,0.005914161
676566,0.9907277
676567,0.6795141
676568,0.01865672
676569,0.9360926
676570,0.91052467
676571,0.97951144
676572,0.01602148
676573,0.012084119
676574,0.9918742
676575,0.9892759
676576,0.07757395
676577,0.010260755
676578,0.18147546
676579,0.17385745
676580,0.79772717
676581,0.92156625
676582,0.019646794
676583,0.08046241
676584,0.99779737
676585,0.9373872
676586,0.72144544
676587,0.83879995
676588,0.01832852
676589,0.948597
676590,0.03511748
676591,0.033337414
676592,0.13834459
676593,0.023344897
676594,0.058095828
676595,0.016121656
676596,0.023041768
676597,0.11589253
676598,0.26637262
676599,0.9942051
676600,0.400118
676601,0.072576225
676602,0.6384005
676603,0.9983059
676604,0.031356484
676605,0.04473736
676606,0.096179165
676607,0.82455343
676608,0.9318049
676609,0.014695809
676610,0.5911486
676611,0.9737393
676612,0.031170122
676613,0.6050085
676614,0.016166199
676615,0.8791039
676616,0.8900855
676617,0.11296585
676618,0.45954132
676619,0.9834092
676620,0.8406397
676621,0.92267555
676622,0.0050593335
676623,0.3471427
676624,0.53657615
676625,0.22802131
676626,0.0015036305
676627,0.033730783
676628,0.748299
676629,0.87898034
676630,0.18968931
676631,0.12116931
676632,0.09885844
676633,0.90976465
676634,0.965806
676635,0.028962402
676636,0.9360304
676637,0.020454388
676638,0.41488826
676639,0.3905855
676640,0.9510514
676641,0.9975617
676642,0.8350396
676643,0.49187207
676644,0.8801447
676645,0.60922265
676646,0.010866727
676647,0.011604427
676648,0.056880817
676649,0.0076672956
676650,0.03522137
676651,0.9948312
676652,0.99820966
676653,0.69622236
676654,0.034594372
676655,0.868434
676656,0.97937065
676657,0.9994979
676658,0.98498297
676659,0.5250037
676660,0.1894368
676661,0.76798654
676662,0.8504742
676663,0.43863574
676664,0.9828424
676665,0.43991184
676666,0.55871284
676667,0.88396597
676668,0.03771462
676669,0.14939132
676670,0.021794284
676671,0.99805516
676672,0.041607667
676673,0.92143697
676674,0.7289334
676675,0.45906776
676676,0.050641153
676677,0.085734144
676678,0.9984049
676679,0.110768914
676680,0.8280681
676681,0.9758852
676682,0.032429248
676683,0.13339761
676684,0.9786026
676685,0.38189936
676686,0.021751337
676687,0.049148936
676688,0.84177035
676689,0.021840118
676690,0.02104673
676691,0.04614652
676692,0.023168623
676693,0.85147816
676694,0.40463805
676695,0.9853119
676696,0.9990661
676697,0.12874222
676698,0.005303163
676699,0.0011691821
676700,0.9437633
676701,0.86301917
676702,0.0070391065
676703,0.37209687
676704,0.041301116
676705,0.014258858
676706,0.5546752
676707,0.98635167
676708,0.9935547
676709,0.029041942
676710,0.9933322
676711,0.039564297
676712,0.72660244
676713,0.009552979
676714,0.020132601
676715,0.18165886
676716,0.9784385
676717,0.023440484
676718,0.9914985
676719,0.0019261597
676720,0.9981235
676721,0.52401173
676722,0.05441929
676723,0.9797946
676724,0.020349212
676725,0.25596544
676726,0.9166534
676727,0.109653614
676728,0.68403107
676729,0.9074741
676730,0.5074183
676731,0.8752581
676732,0.8854241
676733,0.42771134
676734,0.7751534
676735,0.8702214
676736,0.47735012
676737,0.015145852
676738,0.97962135
676739,0.0069998866
676740,0.7588977
676741,0.09845769
676742,0.06621542
676743,0.9637531
676744,0.09156253
676745,0.98819965
676746,0.9964192
676747,0.97524816
676748,0.07551618
676749,0.014606347
676750,0.039314695
676751,0.009205358
676752,0.9856149
676753,0.9980674
676754,0.31397322
676755,0.99943995
676756,0.95414066
676757,0.21146838
676758,0.95724595
676759,0.045136172
676760,0.8792552
676761,0.9913061
676762,0.3504307
676763,0.006346002
676764,0.016135566
676765,0.26375562
676766,0.13673344
676767,0.686257
676768,0.2560207
676769,0.008230864
676770,0.024188949
676771,0.8152236
676772,0.27751803
676773,0.99654025
676774,0.27517915
676775,0.017276756
676776,0.9393002
676777,0.07088266
676778,0.14309016
676779,0.0048769377
676780,0.013498617
676781,0.94928503
676782,0.03151857
676783,0.703868
676784,0.053394936
676785,0.02266608
676786,0.99624765
676787,0.030937247
676788,0.027973123
676789,0.5075768
676790,0.98447233
676791,0.20797874
676792,0.93631357
676793,0.10553609
676794,0.034081586
676795,0.22993413
676796,0.023762446
676797,0.036760382
676798,0.8929552
676799,0.018391222
676800,0.08106488
676801,0.9754708
676802,0.0037848803
676803,0.8800658
676804,0.038442574
676805,0.007877573
676806,0.01859901
676807,0.12263692
676808,0.02220201
676809,0.0075407475
676810,0.10645437
676811,0.97486424
676812,0.21368717
676813,0.9918148
676814,0.9954443
676815,0.004467803
676816,0.89425313
676817,0.011254963
676818,0.7613127
676819,0.8583995
676820,0.124486916
676821,0.99745876
676822,0.004047524
676823,0.16216707
676824,0.023831991
676825,0.80532986
676826,0.94714016
676827,0.06616709
676828,0.2552637
676829,0.79266876
676830,0.942038
676831,0.023160066
676832,0.93476254
676833,0.003392608
676834,0.98740166
676835,0.013734376
676836,0.83972776
676837,0.98008084
676838,0.22032501
676839,0.06399189
676840,0.97435737
676841,0.06724157
676842,0.021472521
676843,0.7452928
676844,0.021503132
676845,0.7612933
676846,0.9986038
676847,0.054156892
676848,0.103368565
676849,0.52221566
676850,0.99577534
676851,0.007127442
676852,0.3813343
676853,0.06940378
676854,0.041048683
676855,0.6068132
676856,0.8538691
676857,0.11918413
676858,0.11746534
676859,0.14685415
676860,0.4116124
676861,0.02593646
676862,0.21261631
676863,0.9764339
676864,0.045676835
676865,0.1734708
676866,0.9454775
676867,0.48446566
676868,0.017301228
676869,0.9222548
676870,0.011981845
676871,0.9811353
676872,0.3116942
676873,0.083916694
676874,0.874618
676875,0.07629822
676876,0.007389048
676877,0.09583117
676878,0.013017605
676879,0.0028133602
676880,0.9940977
676881,0.53479445
676882,0.9933234
676883,0.9349595
676884,0.008689173
676885,0.735013
676886,0.96046835
676887,0.70116174
676888,0.87959546
676889,0.070984825
676890,0.99551
676891,0.02305277
676892,0.9562471
676893,0.2852733
676894,0.28663686
676895,0.061622567
676896,0.9037014
676897,0.010367828
676898,0.9875771
676899,0.04364123
676900,0.018624838
676901,0.11341901
676902,0.024319679
676903,0.015086383
676904,0.030717447
676905,0.025566708
676906,0.021406654
676907,0.9760831
676908,0.9923591
676909,0.60564524
676910,0.9884316
676911,0.9515158
676912,0.95629203
676913,0.978228
676914,0.036502667
676915,0.9925182
676916,0.40736255
676917,0.98825234
676918,0.002263036
676919,0.3652255
676920,0.77657676
676921,0.9735052
676922,0.05089988
676923,0.9784896
676924,0.42422292
676925,0.98986346
676926,0.069943435
676927,0.8343804
676928,0.011894062
676929,0.015999343
676930,0.00848007
676931,0.8116238
676932,0.9793577
676933,0.23855835
676934,0.048307106
676935,0.07295652
676936,0.9854708
676937,0.11196171
676938,0.661101
676939,0.3072514
676940,0.98997986
676941,0.002416154
676942,0.0056890566
676943,0.23903832
676944,0.64060307
676945,0.98608774
676946,0.23047413
676947,0.008271288
676948,0.04634257
676949,0.98501766
676950,0.7853449
676951,0.012922153
676952,0.02079456
676953,0.06137877
676954,0.007555636
676955,0.030596085
676956,0.08747265
676957,0.00306569
676958,0.9445171
676959,0.03596647
676960,0.031111713
676961,0.056443192
676962,0.56923264
676963,0.1580661
676964,0.59316
676965,0.7766408
676966,0.041773416
676967,0.29039267
676968,0.015217446
676969,0.026975585
676970,0.13859631
676971,0.8555124
676972,0.88602316
676973,0.036508925
676974,0.7053473
676975,0.58403134
676976,0.120148495
676977,0.62959194
676978,0.053896423
676979,0.7295187
676980,0.9994423
676981,0.009222221
676982,0.9696319
676983,0.8358696
676984,0.98316807
676985,0.27501288
676986,0.18774056
676987,0.38752943
676988,0.002773393
676989,0.8076529
676990,0.0137338145
676991,0.9788503
676992,0.5275815
676993,0.71558654
676994,0.62884367
676995,0.030540189
676996,0.86256623
676997,0.99615335
676998,0.4691387
676999,0.91900325
677000,0.9941659
677001,0.48412824
677002,0.9825746
677003,0.047019757
677004,0.06079743
677005,0.520242
677006,0.12260041
677007,0.005626032
677008,0.8418253
677009,0.16691288
677010,0.006242602
677011,0.99269354
677012,0.13040856
677013,0.003603781
677014,0.20037778
677015,0.96769875
677016,0.9880713
677017,0.97265506
677018,0.07222358
677019,0.0074200537
677020,0.5944362
677021,0.32479382
677022,0.027696166
677023,0.1355038
677024,0.9876779
677025,0.826087
677026,0.031048998
677027,0.99211997
677028,0.07460287
677029,0.0067278617
677030,0.9813528
677031,0.5680308
677032,0.04058214
677033,0.29796034
677034,0.937531
677035,0.01670676
677036,0.99823135
677037,0.31259638
677038,0.00361941
677039,0.11118341
677040,0.9954423
677041,0.0059740646
677042,0.06951585
677043,0.047541954
677044,0.9836735
677045,0.94130045
677046,0.03745527
677047,0.6081903
677048,0.65198797
677049,0.8621282
677050,0.6095004
677051,0.99602795
677052,0.01833231
677053,0.021870054
677054,0.982516
677055,0.9899553
677056,0.9647086
677057,0.6834333
677058,0.9974292
677059,0.013819782
677060,0.044814736
677061,0.96777534
677062,0.991674
677063,0.8733901
677064,0.9624646
677065,0.021445021
677066,0.6195818
677067,0.6256705
677068,0.98613214
677069,0.604581
677070,0.9525852
677071,0.17141846
677072,0.912557
677073,0.011339062
677074,0.9460013
677075,0.020885926
677076,0.01352976
677077,0.9754633
677078,0.5322883
677079,0.97337365
677080,0.057189137
677081,0.9976422
677082,0.016277185
677083,0.045619164
677084,0.98462325
677085,0.20500156
677086,0.06452129
677087,0.99938494
677088,0.9658773
677089,0.080949396
677090,0.9905132
677091,0.6707452
677092,0.9864605
677093,0.94985515
677094,0.8593185
677095,0.3823492
677096,0.85341436
677097,0.018188376
677098,0.005610324
677099,0.24852994
677100,0.49467996
677101,0.9695582
677102,0.70610005
677103,0.5527104
677104,0.022439688
677105,0.005899319
677106,0.07674333
677107,0.05762432
677108,0.072093934
677109,0.98465115
677110,0.61427665
677111,0.06260124
677112,0.7113906
677113,0.017943228
677114,0.014709324
677115,0.008819427
677116,0.008171427
677117,0.00795852
677118,0.9477017
677119,0.7626115
677120,0.0063682618
677121,0.00460881
677122,0.99881583
677123,0.98907816
677124,0.108987935
677125,0.0365877
677126,0.54358554
677127,0.10982414
677128,0.98593646
677129,0.99910116
677130,0.05071203
677131,0.9756873
677132,0.3885873
677133,0.98619336
677134,0.8248159
677135,0.9759265
677136,0.9655477
677137,0.97673774
677138,0.36681047
677139,0.95158374
677140,0.98485124
677141,0.30718446
677142,0.9454323
677143,0.015843257
677144,0.96449655
677145,0.5013479
677146,0.9437362
677147,0.0043826913
677148,0.92621386
677149,0.16430184
677150,0.055758037
677151,0.6948836
677152,0.94233537
677153,0.37566963
677154,0.022129323
677155,0.9959174
677156,0.50273633
677157,0.99705297
677158,0.92084837
677159,0.11163879
677160,0.031477228
677161,0.64520997
677162,0.40203485
677163,0.7274426
677164,0.07591665
677165,0.33546394
677166,0.87451625
677167,0.01960953
677168,0.010418792
677169,0.3450374
677170,0.031600572
677171,0.77489203
677172,0.9877965
677173,0.45485762
677174,0.97015405
677175,0.074187286
677176,0.19632906
677177,0.99824774
677178,0.95155394
677179,0.9390545
677180,0.0027290615
677181,0.9657091
677182,0.07117958
677183,0.57142735
677184,0.019601105
677185,0.9981556
677186,0.9734042
677187,0.047157228
677188,0.26911053
677189,0.146311
677190,0.84892136
677191,0.07749605
677192,0.023011973
677193,0.011900058
677194,0.09892982
677195,0.040116034
677196,0.5840597
677197,0.99886423
677198,0.08798098
677199,0.5911026
677200,0.036257286
677201,0.17811207
677202,0.5618034
677203,0.11817111
677204,0.97954637
677205,0.2754938
677206,0.06845339
677207,0.8381816
677208,0.787716
677209,0.9180418
677210,0.9862646
677211,0.9496448
677212,0.16525589
677213,0.9977451
677214,0.29683644
677215,0.6642561
677216,0.037504293
677217,0.5817936
677218,0.08581947
677219,0.053673103
677220,0.7034502
677221,0.3942209
677222,0.9691635
677223,0.009762991
677224,0.99465424
677225,0.8810317
677226,0.19163275
677227,0.20903951
677228,0.032954097
677229,0.006223161
677230,0.5061693
677231,0.065235905
677232,0.0045898315
677233,0.5367104
677234,0.061606094
677235,0.13660696
677236,0.9326302
677237,0.954058
677238,0.1133564
677239,0.005941068
677240,0.012873885
677241,0.8002277
677242,0.983064
677243,0.9803253
677244,0.6709125
677245,0.096053585
677246,0.015168276
677247,0.42714345
677248,0.999397
677249,0.006779493
677250,0.9888899
677251,0.9886237
677252,0.058469865
677253,0.21331897
677254,0.008934684
677255,0.0025440794
677256,0.09053194
677257,0.20483278
677258,0.85374916
677259,0.06851789
677260,0.00479412
677261,0.3357812
677262,0.19247189
677263,0.10109298
677264,0.014929289
677265,0.019082192
677266,0.8576432
677267,0.5349716
677268,0.012925935
677269,0.9687057
677270,0.014157866
677271,0.0031591193
677272,0.029922998
677273,0.092319205
677274,0.99682367
677275,0.030349543
677276,0.041914284
677277,0.82683635
677278,0.030194618
677279,0.032487668
677280,0.6909242
677281,0.93679917
677282,0.9527251
677283,0.12709035
677284,0.08207517
677285,0.9873165
677286,0.0014375622
677287,0.9336938
677288,0.04788214
677289,0.014225295
677290,0.43333527
677291,0.9518453
677292,0.38350993
677293,0.9913838
677294,0.023094889
677295,0.7675425
677296,0.84676045
677297,0.22374928
677298,0.5983737
677299,0.8516921
677300,0.9692068
677301,0.23520972
677302,0.50422406
677303,0.9685168
677304,0.13606392
677305,0.060070816
677306,0.06447487
677307,0.6720195
677308,0.95059025
677309,0.07266896
677310,0.63276446
677311,0.99006927
677312,0.4212166
677313,0.8635594
677314,0.99402624
677315,0.9909357
677316,0.015699085
677317,0.9920219
677318,0.0197376
677319,0.9800402
677320,0.9955344
677321,0.015129923
677322,0.95507395
677323,0.95683026
677324,0.9428335
677325,0.022862094
677326,0.035135657
677327,0.04080398
677328,0.014082933
677329,0.06910037
677330,0.011947043
677331,0.9925586
677332,0.4349631
677333,0.020886127
677334,0.98645127
677335,0.09482175
677336,0.022681795
677337,0.9713996
677338,0.0444305
677339,0.08996695
677340,0.023103999
677341,0.0030208137
677342,0.017095827
677343,0.13149716
677344,0.6700167
677345,0.047659196
677346,0.28993428
677347,0.19364825
677348,0.9729993
677349,0.53880835
677350,0.04428984
677351,0.97617334
677352,0.9883591
677353,0.9554503
677354,0.0060409764
677355,0.9838146
677356,0.9841674
677357,0.34592593
677358,0.022629134
677359,0.97368723
677360,0.5270299
677361,0.11684706
677362,0.21114856
677363,0.02305998
677364,0.012058603
677365,0.97682387
677366,0.46634868
677367,0.4850661
677368,0.042466756
677369,0.64232135
677370,0.9973335
677371,0.9758203
677372,0.045601547
677373,0.9592052
677374,0.041242614
677375,0.046056297
677376,0.7815698
677377,0.8861808
677378,0.052307155
677379,0.9724035
677380,0.0428029
677381,0.9936479
677382,0.97387445
677383,0.9792842
677384,0.91773736
677385,0.9213471
677386,0.0023579018
677387,0.7529293
677388,0.011675253
677389,0.06677865
677390,0.98488665
677391,0.49382412
677392,0.02720412
677393,0.044765864
677394,0.986676
677395,0.85039705
677396,0.24940756
677397,0.012639156
677398,0.014748698
677399,0.9032155
677400,0.060716625
677401,0.15537196
677402,0.99815935
677403,0.0011739105
677404,0.13422076
677405,0.010262291
677406,0.9127146
677407,0.24828921
677408,0.57270086
677409,0.7634768
677410,0.99227583
677411,0.12765639
677412,0.94746387
677413,0.14000341
677414,0.97872996
677415,0.23176385
677416,0.5641998
677417,0.8862028
677418,0.7472297
677419,0.9922247
677420,0.44705656
677421,0.9866079
677422,0.367361
677423,0.61226916
677424,0.008923531
677425,0.011169079
677426,0.24932265
677427,0.0071567674
677428,0.013219931
677429,0.0060429852
677430,0.22300252
677431,0.9237298
677432,0.97782195
677433,0.15597792
677434,0.009098243
677435,0.09000314
677436,0.94586
677437,0.0036284516
677438,0.9869501
677439,0.015697755
677440,0.011339625
677441,0.91368854
677442,0.3737756
677443,0.0043487875
677444,0.004959015
677445,0.57243884
677446,0.03960353
677447,0.08532631
677448,0.17569785
677449,0.010929958
677450,0.0036464566
677451,0.9476923
677452,0.9964168
677453,0.83617
677454,0.09269121
677455,0.010190114
677456,0.9941498
677457,0.9342669
677458,0.041170403
677459,0.9990005
677460,0.06532568
677461,0.86312544
677462,0.008425334
677463,0.04776633
677464,0.8989619
677465,0.019785194
677466,0.97309744
677467,0.017458457
677468,0.10401904
677469,0.4593406
677470,0.0553179
677471,0.05845726
677472,0.9408821
677473,0.5126439
677474,0.1472508
677475,0.9586237
677476,0.025350077
677477,0.28643176
677478,0.035301108
677479,0.9218208
677480,0.021514887
677481,0.08239182
677482,0.022416651
677483,0.045242816
677484,0.024051115
677485,0.07707362
677486,0.26918724
677487,0.88531274
677488,0.913875
677489,0.1151154
677490,0.4012884
677491,0.004793208
677492,0.2978939
677493,0.9972357
677494,0.009714451
677495,0.84401226
677496,0.8129685
677497,0.9913173
677498,0.19826701
677499,0.03170078
677500,0.96127206
677501,0.019790737
677502,0.10083747
677503,0.017886478
677504,0.0073701614
677505,0.9857721
677506,0.10102324
677507,0.78869414
677508,0.045726325
677509,0.0024357445
677510,0.017152142
677511,0.012362636
677512,0.09714968
677513,0.83459103
677514,0.9329927
677515,0.6867357
677516,0.012228258
677517,0.528244
677518,0.024442252
677519,0.27669007
677520,0.024018204
677521,0.0027261411
677522,0.16042769
677523,0.27118626
677524,0.08320868
677525,0.9718802
677526,0.033130515
677527,0.99548036
677528,0.032696456
677529,0.024149137
677530,0.110617295
677531,0.9921729
677532,0.044774313
677533,0.7915899
677534,0.81234765
677535,0.15984046
677536,0.059602026
677537,0.010039769
677538,0.014237035
677539,0.07023612
677540,0.70070356
677541,0.0037551539
677542,0.010798907
677543,0.043598805
677544,0.01941323
677545,0.05015827
677546,0.9778159
677547,0.7359728
677548,0.9924593
677549,0.8495031
677550,0.92281336
677551,0.025736354
677552,0.020735163
677553,0.1696348
677554,0.025746489
677555,0.9975221
677556,0.99743104
677557,0.45904627
677558,0.033818122
677559,0.24735603
677560,0.9471308
677561,0.94072175
677562,0.8005966
677563,0.9892947
677564,0.98525906
677565,0.0036012323
677566,0.08331396
677567,0.0063669677
677568,0.23582634
677569,0.11317332
677570,0.05997952
677571,0.017852776
677572,0.9997007
677573,0.0011421349
677574,0.06993364
677575,0.9948111
677576,0.029383626
677577,0.022144862
677578,0.30292162
677579,0.038168207
677580,0.18638152
677581,0.014213497
677582,0.07930548
677583,0.027522085
677584,0.009499934
677585,0.9865825
677586,0.032946758
677587,0.2773243
677588,0.15098365
677589,0.26350483
677590,0.07486569
677591,0.9851843
677592,0.92813724
677593,0.5316134
677594,0.03931424
677595,0.03593614
677596,0.885282
677597,0.33351916
677598,0.9825488
677599,0.42321354
677600,0.5394658
677601,0.01605418
677602,0.26562792
677603,0.685838
677604,0.024593487
677605,0.13161552
677606,0.9779216
677607,0.99589443
677608,0.99792683
677609,0.99588156
677610,0.19294357
677611,0.09496768
677612,0.9992539
677613,0.010318704
677614,0.067706116
677615,0.05982493
677616,0.012876911
677617,0.8342283
677618,0.05013809
677619,0.997813
677620,0.09187239
677621,0.015957152
677622,0.06367321
677623,0.05320157
677624,0.9961444
677625,0.028390365
677626,0.0019112045
677627,0.011163716
677628,0.990822
677629,0.2379409
677630,0.020294406
677631,0.9750367
677632,0.8130301
677633,0.20145771
677634,0.106586844
677635,0.31692928
677636,0.6449455
677637,0.57640934
677638,0.16068189
677639,0.96318924
677640,0.08747068
677641,0.0848125
677642,0.8992096
677643,0.9775655
677644,0.98542136
677645,0.97154987
677646,0.008417161
677647,0.9989003
677648,0.7378269
677649,0.9674406
677650,0.6750919
677651,0.053183556
677652,0.0347375
677653,0.009890825
677654,0.99293983
677655,0.005271559
677656,0.035039317
677657,0.9556516
677658,0.019932602
677659,0.9683112
677660,0.5175612
677661,0.86269325
677662,0.002187201
677663,0.0032342654
677664,0.11125937
677665,0.0018177418
677666,0.2858501
677667,0.42695627
677668,0.37560558
677669,0.03187064
677670,0.0027777622
677671,0.98515487
677672,0.59441
677673,0.33731395
677674,0.9983377
677675,0.569342
677676,0.031883646
677677,0.030162713
677678,0.9717175
677679,0.022060951
677680,0.6213372
677681,0.015452655
677682,0.075596325
677683,0.13017148
677684,0.14414491
677685,0.2036351
677686,0.022517063
677687,0.96799713
677688,0.90981424
677689,0.01748161
677690,0.014180005
677691,0.16428871
677692,0.14524618
677693,0.08262208
677694,0.73927647
677695,0.017384104
677696,0.89775074
677697,0.12955345
677698,0.044926465
677699,0.9960129
677700,0.013880541
677701,0.8365496
677702,0.002849524
677703,0.013152152
677704,0.6662457
677705,0.062148884
677706,0.8008746
677707,0.09045118
677708,0.051012
677709,0.01072612
677710,0.7579908
677711,0.994569
677712,0.6480793
677713,0.017837906
677714,0.1968666
677715,0.9754589
677716,0.99363405
677717,0.0790188
677718,0.22675192
677719,0.020462312
677720,0.95661706
677721,0.0010983581
677722,0.89902306
677723,0.023020413
677724,0.6839667
677725,0.9472397
677726,0.91539854
677727,0.76428187
677728,0.0016694581
677729,0.9928956
677730,0.002549568
677731,0.01943241
677732,0.37814447
677733,0.009739091
677734,0.8375547
677735,0.01788907
677736,0.1264306
677737,0.91220045
677738,0.9888673
677739,0.88450307
677740,0.015579949
677741,0.9390206
677742,0.05194009
677743,0.8908012
677744,0.9976029
677745,0.997821
677746,0.50903344
677747,0.5837496
677748,0.9390861
677749,0.033797793
677750,0.9506171
677751,0.75517726
677752,0.0068989648
677753,0.0020114176
677754,0.0025200308
677755,0.9971887
677756,0.987892
677757,0.23540896
677758,0.00075326354
677759,0.115103796
677760,0.9968264
677761,0.99317217
677762,0.55173314
677763,0.017520227
677764,0.88053745
677765,0.9922403
677766,0.96876943
677767,0.19295008
677768,0.8690824
677769,0.14074847
677770,0.040330455
677771,0.055976305
677772,0.9870607
677773,0.99313563
677774,0.2088648
677775,0.40376842
677776,0.4688364
677777,0.4785399
677778,0.9921051
677779,0.0136417635
677780,0.005482279
677781,0.9538074
677782,0.5133797
677783,0.28998128
677784,0.004564617
677785,0.5043633
677786,0.8680793
677787,0.0070475787
677788,0.74891037
677789,0.99851704
677790,0.022929162
677791,0.0023101275
677792,0.02647902
677793,0.98566425
677794,0.99402577
677795,0.1366337
677796,0.99872667
677797,0.92963094
677798,0.9943129
677799,0.98435843
677800,0.99588555
677801,0.040620357
677802,0.99560684
677803,0.9852724
677804,0.044171624
677805,0.9866843
677806,0.7268057
677807,0.089211255
677808,0.0069432673
677809,0.8909031
677810,0.10814931
677811,0.86100185
677812,0.94298124
677813,0.06498134
677814,0.07837933
677815,0.99258536
677816,0.99011654
677817,0.10762783
677818,0.013449646
677819,0.029586988
677820,0.014899901
677821,0.16425744
677822,0.98589087
677823,0.009678482
677824,0.109130085
677825,0.8853616
677826,0.94920814
677827,0.8682113
677828,0.00986477
677829,0.25351718
677830,0.9890589
677831,0.5194816
677832,0.192119
677833,0.0013060541
677834,0.088685215
677835,0.92878616
677836,0.01783119
677837,0.9959115
677838,0.5552698
677839,0.16879342
677840,0.9706454
677841,0.21235459
677842,0.748551
677843,0.9825204
677844,0.3408901
677845,0.058710754
677846,0.81892276
677847,0.32413375
677848,0.011240886
677849,0.78079075
677850,0.23736984
677851,0.9855987
677852,0.06543863
677853,0.9090645
677854,0.08361625
677855,0.9916736
677856,0.43429804
677857,0.024443312
677858,0.029152812
677859,0.98838043
677860,0.004200292
677861,0.046708524
677862,0.001451107
677863,0.049967047
677864,0.99617964
677865,0.9059728
677866,0.2506842
677867,0.976043
677868,0.8439151
677869,0.99367875
677870,0.8425796
677871,0.9923143
677872,0.014139051
677873,0.01512817
677874,0.00074389076
677875,0.7603624
677876,0.98195696
677877,0.028933428
677878,0.9132188
677879,0.51411545
677880,0.61540455
677881,0.0018031159
677882,0.9984368
677883,0.016780976
677884,0.98420376
677885,0.7157172
677886,0.9951613
677887,0.9770112
677888,0.77171326
677889,0.96970296
677890,0.082810454
677891,0.007462439
677892,0.37319574
677893,0.21619894
677894,0.6529904
677895,0.9031585
677896,0.3295052
677897,0.9977427
677898,0.92618936
677899,0.03027216
677900,0.030667322
677901,0.5714457
677902,0.13091673
677903,0.9875671
677904,0.019922446
677905,0.025001096
677906,0.8673266
677907,0.59648824
677908,0.9440024
677909,0.8519172
677910,0.07135667
677911,0.025527595
677912,0.3360462
677913,0.030285105
677914,0.62874645
677915,0.9465426
677916,0.1279753
677917,0.8433298
677918,0.12427251
677919,0.99804133
677920,0.9854719
677921,0.8883581
677922,0.9730597
677923,0.60689723
677924,0.044325553
677925,0.7899947
677926,0.5846699
677927,0.02135992
677928,0.02603282
677929,0.98025984
677930,0.6596276
677931,0.99357295
677932,0.003264997
677933,0.25374955
677934,0.0058202343
677935,0.0033470453
677936,0.330126
677937,0.16703309
677938,0.99953777
677939,0.9872913
677940,0.6303207
677941,0.99215245
677942,0.020157425
677943,0.8688148
677944,0.0709658
677945,0.5083578
677946,0.17391048
677947,0.05260007
677948,0.5729879
677949,0.03918604
677950,0.0030484768
677951,0.035250396
677952,0.06444958
677953,0.3413994
677954,0.9884952
677955,0.02414968
677956,0.19007511
677957,0.39327806
677958,0.023914775
677959,0.019219667
677960,0.8944212
677961,0.0070306933
677962,0.02843626
677963,0.017543346
677964,0.94617873
677965,0.1560952
677966,0.029048795
677967,0.03801443
677968,0.90014136
677969,0.047376998
677970,0.0064108903
677971,0.9490263
677972,0.72023296
677973,0.939402
677974,0.956375
677975,0.9963954
677976,0.89312625
677977,0.58249223
677978,0.977291
677979,0.023043256
677980,0.9861931
677981,0.9574368
677982,0.51615155
677983,0.016235784
677984,0.3076222
677985,0.038951367
677986,0.7586168
677987,0.0019233894
677988,0.97212124
677989,0.0064812396
677990,0.9898361
677991,0.014753302
677992,0.65483433
677993,0.9591969
677994,0.0045981742
677995,0.91902906
677996,0.027921332
677997,0.06529239
677998,0.9995738
677999,0.061586283
678000,0.27157205
678001,0.015325981
678002,0.8782432
678003,0.97508466
678004,0.43211287
678005,0.009271842
678006,0.030332481
678007,0.022167955
678008,0.055088826
678009,0.004545333
678010,0.02495704
678011,0.9558915
678012,0.8219135
678013,0.9155747
678014,0.022621535
678015,0.99463695
678016,0.99931705
678017,0.87382144
678018,0.11988439
678019,0.28367776
678020,0.75375605
678021,0.085042104
678022,0.019060284
678023,0.9503273
678024,0.013407893
678025,0.09736684
678026,0.008266481
678027,0.10308061
678028,0.9986946
678029,0.10683944
678030,0.927061
678031,0.011319092
678032,0.05012001
678033,0.20048726
678034,0.0013932742
678035,0.98907095
678036,0.005481731
678037,0.97697794
678038,0.92969733
678039,0.028728737
678040,0.97942233
678041,0.058369562
678042,0.024385866
678043,0.7307513
678044,0.9778845
678045,0.07833352
678046,0.45659715
678047,0.9753946
678048,0.9959731
678049,0.9810884
678050,0.022526376
678051,0.023269253
678052,0.9049616
678053,0.9955818
678054,0.0025499072
678055,0.17721213
678056,0.012821999
678057,0.9987282
678058,0.57594466
678059,0.9955317
678060,0.014368432
678061,0.93740636
678062,0.09189737
678063,0.42204893
678064,0.99031526
678065,0.052194305
678066,0.94939315
678067,0.00056454464
678068,0.31527454
678069,0.037398744
678070,0.99098635
678071,0.99317
678072,0.8669091
678073,0.054024156
678074,0.4443225
678075,0.086549886
678076,0.998091
678077,0.9974001
678078,0.9666125
678079,0.0890031
678080,0.05464636
678081,0.41573912
678082,0.027389169
678083,0.9313307
678084,0.02430052
678085,0.9334822
678086,0.7652292
678087,0.012061297
678088,0.02831968
678089,0.031045403
678090,0.87738854
678091,0.009473865
678092,0.34482795
678093,0.9171119
678094,0.008237743
678095,0.87679815
678096,0.9976434
678097,0.008764533
678098,0.9895469
678099,0.03278763
678100,0.9912332
678101,0.12723966
678102,0.64629155
678103,0.9670535
678104,0.025108572
678105,0.0037386345
678106,0.6901174
678107,0.9501748
678108,0.020404287
678109,0.8949253
678110,0.0013455723
678111,0.020012718
678112,0.0169116
678113,0.91708547
678114,0.0038412954
678115,0.997099
678116,0.14369068
678117,0.972999
678118,0.8499869
678119,0.4504153
678120,0.5486839
678121,0.9702173
678122,0.68330616
678123,0.023337413
678124,0.6592576
678125,0.0067281444
678126,0.004134626
678127,0.9476155
678128,0.8072212
678129,0.99706167
678130,0.024274671
678131,0.00644723
678132,0.11787017
678133,0.021511137
678134,0.2162942
678135,0.014842505
678136,0.029396728
678137,0.95187175
678138,0.19499409
678139,0.99684894
678140,0.003174433
678141,0.84330213
678142,0.1931537
678143,0.74461925
678144,0.071249045
678145,0.99798596
678146,0.026728414
678147,0.52262926
678148,0.014936203
678149,0.24978605
678150,0.002867926
678151,0.002648957
678152,0.017629031
678153,0.07904251
678154,0.8922769
678155,0.53144664
678156,0.021715147
678157,0.8929479
678158,0.9854733
678159,0.90712076
678160,0.009796444
678161,0.4925158
678162,0.012085512
678163,0.10688001
678164,0.9906033
678165,0.048977777
678166,0.04904414
678167,0.92476726
678168,0.0016513129
678169,0.600597
678170,0.718832
678171,0.042218495
678172,0.6726806
678173,0.99901766
678174,0.06320985
678175,0.98901993
678176,0.018840205
678177,0.021421336
678178,0.7848846
678179,0.99123454
678180,0.29776064
678181,0.06007285
678182,0.9881555
678183,0.9940278
678184,0.02082383
678185,0.009831582
678186,0.11693181
678187,0.096389905
678188,0.917887
678189,0.058301095
678190,0.018534344
678191,0.04299579
678192,0.22006825
678193,0.91650176
678194,0.418468
678195,0.9848486
678196,0.010836999
678197,0.998571
678198,0.016554475
678199,0.9947355
678200,0.023634827
678201,0.0474251
678202,0.09444636
678203,0.57142955
678204,0.9932426
678205,0.7952467
678206,0.024496252
678207,0.9247271
678208,0.07415352
678209,0.9818122
678210,0.014469466
678211,0.01747346
678212,0.955478
678213,0.06863315
678214,0.99839664
678215,0.029628158
678216,0.0028916113
678217,0.038798295
678218,0.9826636
678219,0.111672685
678220,0.7367845
678221,0.95802915
678222,0.37012732
678223,0.48143288
678224,0.019838575
678225,0.88766235
678226,0.07478906
678227,0.0032043648
678228,0.24781853
678229,0.017729968
678230,0.044886373
678231,0.0049026012
678232,0.019195389
678233,0.9235428
678234,0.28437808
678235,0.97825325
678236,0.009856205
678237,0.691628
678238,0.7470623
678239,0.18484911
678240,0.10046669
678241,0.005114856
678242,0.04230793
678243,0.10065333
678244,0.7072753
678245,0.413108
678246,0.046433054
678247,0.996982
678248,0.9518105
678249,0.68464726
678250,0.9743866
678251,0.43931705
678252,0.13726522
678253,0.0948493
678254,0.98207
678255,0.024310347
678256,0.893486
678257,0.40591443
678258,0.08411763
678259,0.9906385
678260,0.010087069
678261,0.003779998
678262,0.026376745
678263,0.11314738
678264,0.36560205
678265,0.94691473
678266,0.80651957
678267,0.9970699
678268,0.6697007
678269,0.6031295
678270,0.49332958
678271,0.88638467
678272,0.009657972
678273,0.6775384
678274,0.8383467
678275,0.012594141
678276,0.9954332
678277,0.8911555
678278,0.041310877
678279,0.77612513
678280,0.7493669
678281,0.09459962
678282,0.057175227
678283,0.8763131
678284,0.0042215018
678285,0.9302206
678286,0.9846972
678287,0.06538416
678288,0.88633704
678289,0.6362261
678290,0.017897569
678291,0.09374217
678292,0.023997203
678293,0.009780483
678294,0.7171972
678295,0.009043844
678296,0.10881139
678297,0.11636647
678298,0.98170173
678299,0.981621
678300,0.90498775
678301,0.35599637
678302,0.9979383
678303,0.029469285
678304,0.9127809
678305,0.0044676047
678306,0.8312794
678307,0.07667184
678308,0.98891443
678309,0.018453691
678310,0.0080360165
678311,0.016757054
678312,0.26702625
678313,0.9616623
678314,0.0024924197
678315,0.09309573
678316,0.48885006
678317,0.0074787247
678318,0.05949082
678319,0.023220109
678320,0.9387335
678321,0.13518101
678322,0.014980299
678323,0.9443983
678324,0.023714263
678325,0.004862156
678326,0.01927549
678327,0.7685687
678328,0.13256592
678329,0.061004058
678330,0.066928305
678331,0.028900284
678332,0.9947236
678333,0.9585047
678334,0.96561784
678335,0.5683018
678336,0.12221019
678337,0.012368919
678338,0.966941
678339,0.13445775
678340,0.03274782
678341,0.9827559
678342,0.0059514996
678343,0.0324938
678344,0.042679235
678345,0.9458363
678346,0.7562594
678347,0.20558986
678348,0.080551
678349,0.9941193
678350,0.6883113
678351,0.022493405
678352,0.35054654
678353,0.016543169
678354,0.96447384
678355,0.04360947
678356,0.4800043
678357,0.014471719
678358,0.030389626
678359,0.9954143
678360,0.029906785
678361,0.9921117
678362,0.0126292035
678363,0.09837212
678364,0.0026060492
678365,0.99537754
678366,0.9823676
678367,0.7388934
678368,0.0071817557
678369,0.0077660205
678370,0.056549657
678371,0.010408895
678372,0.006203746
678373,0.9837035
678374,0.97365886
678375,0.01969134
678376,0.025544709
678377,0.005678074
678378,0.39052162
678379,0.20670854
678380,0.23414528
678381,0.70059454
678382,0.014000393
678383,0.8897273
678384,0.060815614
678385,0.08894118
678386,0.099194065
678387,0.9371536
678388,0.02127632
678389,0.15145992
678390,0.5862097
678391,0.050296042
678392,0.46884668
678393,0.30781582
678394,0.93419945
678395,0.018416148
678396,0.01591502
678397,0.86492157
678398,0.06588811
678399,0.1223153
678400,0.008267334
678401,0.9244982
678402,0.15317094
678403,0.791657
678404,0.80210274
678405,0.1029471
678406,0.028374283
678407,0.03117689
678408,0.010353722
678409,0.05234503
678410,0.9881103
678411,0.013241043
678412,0.94665205
678413,0.018059231
678414,0.9060396
678415,0.9614041
678416,0.94930035
678417,0.9965377
678418,0.004304774
678419,0.014188213
678420,0.9647101
678421,0.018383527
678422,0.9079967
678423,0.87208486
678424,0.432415
678425,0.11788697
678426,0.772208
678427,0.9964003
678428,0.7886977
678429,0.6668332
678430,0.9263675
678431,0.03472639
678432,0.8545753
678433,0.07038093
678434,0.13881956
678435,0.9798484
678436,0.9759485
678437,0.98426557
678438,0.07763259
678439,0.9574664
678440,0.03421984
678441,0.92072713
678442,0.72367096
678443,0.8279903
678444,0.8697433
678445,0.13267723
678446,0.79713494
678447,0.0070771547
678448,0.015865277
678449,0.023980748
678450,0.93083215
678451,0.93549824
678452,0.018492667
678453,0.7847494
678454,0.99630404
678455,0.7550037
678456,0.9747399
678457,0.07681724
678458,0.5681815
678459,0.5615161
678460,0.05394959
678461,0.014533012
678462,0.022731476
678463,0.85594475
678464,0.70820886
678465,0.13975568
678466,0.0020655892
678467,0.00044429846
678468,0.018234089
678469,0.9610765
678470,0.020410296
678471,0.05187418
678472,0.2053985
678473,0.96793795
678474,0.036603816
678475,0.7756458
678476,0.9950882
678477,0.9933756
678478,0.8678352
678479,0.98032564
678480,0.030825824
678481,0.041422427
678482,0.95790267
678483,0.8672282
678484,0.7766313
678485,0.9884969
678486,0.993185
678487,0.0033065104
678488,0.3928703
678489,0.9180224
678490,0.9800709
678491,0.03985612
678492,0.85834205
678493,0.9407152
678494,0.06062057
678495,0.07490976
678496,0.9507367
678497,0.15804318
678498,0.006717782
678499,0.99160343
678500,0.9108514
678501,0.3129216
678502,0.006822154
678503,0.050631117
678504,0.90193206
678505,0.817386
678506,0.035773847
678507,0.0066136383
678508,0.023023756
678509,0.031626765
678510,0.011751231
678511,0.7473707
678512,0.98574215
678513,0.11068365
678514,0.0054166424
678515,0.9838584
678516,0.005242909
678517,0.06750178
678518,0.6351199
678519,0.8916266
678520,0.91939425
678521,0.49702194
678522,0.004248838
678523,0.94699234
678524,0.013415899
678525,0.94211423
678526,0.016326668
678527,0.15823701
678528,0.0072064735
678529,0.10340446
678530,0.40175253
678531,0.034142934
678532,0.080469705
678533,0.98666775
678534,0.06751693
678535,0.9620827
678536,0.5702098
678537,0.010827722
678538,0.8365396
678539,0.07377502
678540,0.87339616
678541,0.53585494
678542,0.99724007
678543,0.97724026
678544,0.8965064
678545,0.010569499
678546,0.09998578
678547,0.9994814
678548,0.964782
678549,0.996887
678550,0.12865154
678551,0.8946384
678552,0.65146196
678553,0.10565732
678554,0.1620041
678555,0.34818757
678556,0.62968475
678557,0.9791354
678558,0.02170915
678559,0.6578733
678560,0.028154869
678561,0.9636421
678562,0.92973715
678563,0.9892214
678564,0.014437427
678565,0.6965508
678566,0.018097688
678567,0.97214997
678568,0.024949966
678569,0.22990692
678570,0.0027859572
678571,0.49176234
678572,0.016004972
678573,0.046864662
678574,0.1689575
678575,0.92814505
678576,0.32954636
678577,0.2156845
678578,0.9945166
678579,0.5652625
678580,0.009042394
678581,0.50563765
678582,0.015003425
678583,0.8995885
678584,0.7145789
678585,0.08789018
678586,0.016962837
678587,0.26302558
678588,0.0048770765
678589,0.01746908
678590,0.6684605
678591,0.073471375
678592,0.80454326
678593,0.012521144
678594,0.862344
678595,0.9754237
678596,0.9939754
678597,0.009889591
678598,0.25109044
678599,0.47617897
678600,0.3504798
678601,0.015880888
678602,0.011743788
678603,0.9644689
678604,0.84441876
678605,0.025647296
678606,0.9852352
678607,0.9919693
678608,0.8021403
678609,0.9465672
678610,0.33695865
678611,0.98561424
678612,0.97606665
678613,0.885618
678614,0.99064374
678615,0.0028433322
678616,0.79094726
678617,0.99461275
678618,0.98574793
678619,0.0015093018
678620,0.4225917
678621,0.99935305
678622,0.49362355
678623,0.22359665
678624,0.08134874
678625,0.9463128
678626,0.5065628
678627,0.7695114
678628,0.7819228
678629,0.020379908
678630,0.0051439665
678631,0.024400972
678632,0.006398686
678633,0.9912677
678634,0.98278534
678635,0.9269346
678636,0.0012391856
678637,0.9403466
678638,0.8596643
678639,0.75053084
678640,0.9562088
678641,0.037385024
678642,0.075412504
678643,0.009324938
678644,0.70404935
678645,0.46353605
678646,0.046966117
678647,0.3559823
678648,0.9958154
678649,0.15489557
678650,0.36135912
678651,0.10205592
678652,0.107618645
678653,0.95595175
678654,0.10194077
678655,0.9844387
678656,0.008604138
678657,0.98810494
678658,0.04721899
678659,0.23750606
678660,0.9692959
678661,0.036100157
678662,0.041935466
678663,0.0044819973
678664,0.056423366
678665,0.008414672
678666,0.013354456
678667,0.96260107
678668,0.9833758
678669,0.85330224
678670,0.96133554
678671,0.94845784
678672,0.98883116
678673,0.53791374
678674,0.9873272
678675,0.004362668
678676,0.03543595
678677,0.9255823
678678,0.9541641
678679,0.0010864736
678680,0.098801665
678681,0.0112217385
678682,0.09812707
678683,0.79151905
678684,0.99540824
678685,0.044260003
678686,0.008902575
678687,0.8996793
678688,0.8806579
678689,0.9467196
678690,0.033012863
678691,0.9157934
678692,0.96431744
678693,0.42710418
678694,0.005229814
678695,0.94003624
678696,0.20285453
678697,0.025559569
678698,0.0716344
678699,0.99325097
678700,0.18329939
678701,0.0066939816
678702,0.02794192
678703,0.046679
678704,0.039294604
678705,0.431583
678706,0.004231831
678707,0.9011833
678708,0.92477113
678709,0.99332845
678710,0.3988061
678711,0.6760838
678712,0.5407793
678713,0.99217415
678714,0.92683434
678715,0.71703064
678716,0.79668164
678717,0.29734492
678718,0.9888822
678719,0.011639497
678720,0.014002289
678721,0.9879911
678722,0.0054381196
678723,0.9580603
678724,0.9902152
678725,0.96710634
678726,0.9913577
678727,0.93843985
678728,0.011440431
678729,0.052710976
678730,0.8990594
678731,0.99773633
678732,0.9743943
678733,0.9201103
678734,0.08405968
678735,0.94247925
678736,0.010823274
678737,0.065658025
678738,0.9798974
678739,0.9714834
678740,0.010054684
678741,0.0014989269
678742,0.9757621
678743,0.9952749
678744,0.01759629
678745,0.46730694
678746,0.8468251
678747,0.010339956
678748,0.9798884
678749,0.0054861093
678750,0.48746806
678751,0.014661942
678752,0.032093804
678753,0.36505672
678754,0.58570826
678755,0.010717088
678756,0.038525693
678757,0.84437674
678758,0.01214616
678759,0.98827827
678760,0.02882446
678761,0.97787464
678762,0.97975796
678763,0.18576512
678764,0.80272514
678765,0.85502756
678766,0.9964173
678767,0.0043353764
678768,0.0009857833
678769,0.3144724
678770,0.6607759
678771,0.039606974
678772,0.9561294
678773,0.041083302
678774,0.037088696
678775,0.9235936
678776,0.82464725
678777,0.9927167
678778,0.015682202
678779,0.9877349
678780,0.051307525
678781,0.4184273
678782,0.9614633
678783,0.881151
678784,0.09186275
678785,0.0010060715
678786,0.91413844
678787,0.9937046
678788,0.016759891
678789,0.005536646
678790,0.0018665951
678791,0.37868863
678792,0.9892175
678793,0.006581396
678794,0.010384016
678795,0.15332095
678796,0.832142
678797,0.92559034
678798,0.93245506
678799,0.79012406
678800,0.1100865
678801,0.6674185
678802,0.15363438
678803,0.0049119126
678804,0.9536584
678805,0.005748093
678806,0.9630124
678807,0.02709651
678808,0.96385205
678809,0.12952377
678810,0.4861205
678811,0.9815143
678812,0.029056303
678813,0.0758609
678814,0.025111835
678815,0.31988144
678816,0.31085613
678817,0.98551255
678818,0.9996871
678819,0.04073119
678820,0.21512091
678821,0.009242792
678822,0.9497502
678823,0.011377734
678824,0.010289659
678825,0.7855084
678826,0.004998055
678827,0.98116153
678828,0.111810446
678829,0.014692686
678830,0.97705007
678831,0.04436721
678832,0.60219127
678833,0.9797114
678834,0.023584949
678835,0.4903403
678836,0.03672804
678837,0.015451199
678838,0.09014203
678839,0.95935166
678840,0.2749054
678841,0.97236556
678842,0.9869382
678843,0.022379829
678844,0.9701115
678845,0.029242383
678846,0.011086679
678847,0.15854952
678848,0.9820788
678849,0.9827443
678850,0.69961286
678851,0.8271648
678852,0.9924294
678853,0.99595416
678854,0.94447124
678855,0.9634393
678856,0.9820136
678857,0.06093841
678858,0.13087317
678859,0.96603316
678860,0.011661902
678861,0.01070394
678862,0.1806536
678863,0.954438
678864,0.99814266
678865,0.16706279
678866,0.11617464
678867,0.009512377
678868,0.9880557
678869,0.85379964
678870,0.99655443
678871,0.035645198
678872,0.52401364
678873,0.9650912
678874,0.9985437
678875,0.8431547
678876,0.01459177
678877,0.99721384
678878,0.94845134
678879,0.8936901
678880,0.034254286
678881,0.9991957
678882,0.13301401
678883,0.49017432
678884,0.8391592
678885,0.064403445
678886,0.9427672
678887,0.053685784
678888,0.0160341
678889,0.095763564
678890,0.8693086
678891,0.6077695
678892,0.9748543
678893,0.9725404
678894,0.62550646
678895,0.1426989
678896,0.039193314
678897,0.0070717856
678898,0.995111
678899,0.012524881
678900,0.25198808
678901,0.99674857
678902,0.009915793
678903,0.0037748928
678904,0.21010396
678905,0.01335525
678906,0.34051007
678907,0.9809351
678908,0.02018608
678909,0.88032585
678910,0.019367084
678911,0.011584945
678912,0.98747903
678913,0.018970713
678914,0.98705965
678915,0.9152703
678916,0.9858106
678917,0.9846341
678918,0.054735273
678919,0.99472797
678920,0.048167408
678921,0.9218958
678922,0.63509774
678923,0.5569108
678924,0.46736133
678925,0.014818534
678926,0.5533608
678927,0.032352604
678928,0.012663838
678929,0.996446
678930,0.90474075
678931,0.0021191423
678932,0.01362427
678933,0.0047170697
678934,0.9989259
678935,0.9881415
678936,0.0009732129
678937,0.5538776
678938,0.3626119
678939,0.99653465
678940,0.058019023
678941,0.012683277
678942,0.972863
678943,0.027801404
678944,0.766336
678945,0.9967717
678946,0.81852955
678947,0.0021693152
678948,0.9908444
678949,0.8447614
678950,0.01160608
678951,0.9944465
678952,0.035950866
678953,0.4103067
678954,0.002123418
678955,0.48623124
678956,0.31156626
678957,0.07754495
678958,0.24821484
678959,0.013590123
678960,0.8646056
678961,0.2048907
678962,0.03893987
678963,0.061253414
678964,0.86324495
678965,0.15600301
678966,0.923318
678967,0.043670766
678968,0.12094008
678969,0.46690556
678970,0.9945811
678971,0.9971646
678972,0.7044085
678973,0.5359291
678974,0.2609458
678975,0.011783299
678976,0.5794995
678977,0.76459384
678978,0.23174843
678979,0.012568649
678980,0.08736806
678981,0.9812454
678982,0.50748587
678983,0.6852476
678984,0.95194787
678985,0.041572884
678986,0.09155275
678987,0.13607813
678988,0.008561709
678989,0.9892252
678990,0.97094226
678991,0.78277856
678992,0.7822776
678993,0.18725078
678994,0.041448403
678995,0.15340777
678996,0.6833435
678997,0.9842501
678998,0.343259
678999,0.9202101
679000,0.015023584
679001,0.042094376
679002,0.40189114
679003,0.28252915
679004,0.8326149
679005,0.9662266
679006,0.6019175
679007,0.995723
679008,0.978945
679009,0.48650488
679010,0.01074465
679011,0.009775223
679012,0.41256487
679013,0.047334235
679014,0.12620957
679015,0.99840796
679016,0.01015004
679017,0.009666473
679018,0.8731419
679019,0.0884821
679020,0.9724575
679021,0.653551
679022,0.008742192
679023,0.19923744
679024,0.20743962
679025,0.8912744
679026,0.02447214
679027,0.0013007214
679028,0.09317534
679029,0.8500105
679030,0.9470105
679031,0.6777376
679032,0.17365587
679033,0.011201268
679034,0.40729308
679035,0.9906234
679036,0.009124473
679037,0.99974024
679038,0.08960258
679039,0.8219271
679040,0.015698997
679041,0.9798336
679042,0.048881937
679043,0.011691364
679044,0.02044815
679045,0.97006476
679046,0.123430885
679047,0.0014814431
679048,0.12002152
679049,0.12904263
679050,0.98776054
679051,0.5825316
679052,0.06090866
679053,0.0029217354
679054,0.987433
679055,0.058552988
679056,0.0008283775
679057,0.22260119
679058,0.020249672
679059,0.10459849
679060,0.89377403
679061,0.20329899
679062,0.76584595
679063,0.36729226
679064,0.99718547
679065,0.13547544
679066,0.98904693
679067,0.70880544
679068,0.03540831
679069,0.06413542
679070,0.36330774
679071,0.014369758
679072,0.036246233
679073,0.9756875
679074,0.9968155
679075,0.62360764
679076,0.9671558
679077,0.49281555
679078,0.87314177
679079,0.45313528
679080,0.87800884
679081,0.52626
679082,0.937843
679083,0.9810721
679084,0.95738703
679085,0.39004737
679086,0.99567515
679087,0.0060857916
679088,0.06102058
679089,0.88757485
679090,0.023092614
679091,0.18718477
679092,0.9907666
679093,0.012941981
679094,0.021716226
679095,0.009557236
679096,0.9561815
679097,0.86938715
679098,0.91971743
679099,0.021369137
679100,0.12788612
679101,0.85861564
679102,0.17650676
679103,0.14563455
679104,0.0620087
679105,0.8225326
679106,0.22284505
679107,0.5149947
679108,0.71980214
679109,0.05998128
679110,0.011259085
679111,0.97040796
679112,0.30803868
679113,0.28200573
679114,0.77284247
679115,0.019480996
679116,0.99870163
679117,0.90862566
679118,0.37130618
679119,0.81731683
679120,0.11186086
679121,0.50820345
679122,0.19414586
679123,0.7180147
679124,0.80672807
679125,0.93678164
679126,0.0631205
679127,0.021733323
679128,0.06913936
679129,0.043518122
679130,0.18095578
679131,0.68282306
679132,0.116183005
679133,0.012475042
679134,0.020543212
679135,0.05100498
679136,0.70594853
679137,0.9895284
679138,0.9384887
679139,0.9657513
679140,0.07659722
679141,0.9848638
679142,0.002489997
679143,0.8937682
679144,0.009946369
679145,0.42677733
679146,0.0058668233
679147,0.06478135
679148,0.17746887
679149,0.9601576
679150,0.022542173
679151,0.07809976
679152,0.87415004
679153,0.90107405
679154,0.1486429
679155,0.6791914
679156,0.028129771
679157,0.923608
679158,0.030794786
679159,0.9991636
679160,0.46568367
679161,0.48817697
679162,0.01422268
679163,0.7042051
679164,0.78584915
679165,0.028883662
679166,0.65669143
679167,0.004219361
679168,0.59793246
679169,0.6441103
679170,0.98783493
679171,0.18868752
679172,0.9936728
679173,0.009833815
679174,0.18948638
679175,0.05928231
679176,0.068201885
679177,0.99806577
679178,0.1447778
679179,0.8958558
679180,0.9955492
679181,0.688553
679182,0.62983173
679183,0.009327969
679184,0.94723845
679185,0.93077934
679186,0.0081356205
679187,0.21628335
679188,0.9784504
679189,0.03823749
679190,0.9623781
679191,0.12733947
679192,0.98404616
679193,0.9677429
679194,0.03921244
679195,0.08109722
679196,0.004395388
679197,0.036157265
679198,0.030755999
679199,0.6748088
679200,0.36297694
679201,0.04956401
679202,0.01582959
679203,0.99311054
679204,0.012195417
679205,0.8887879
679206,0.05669488
679207,0.03677029
679208,0.91240454
679209,0.043040354
679210,0.9912102
679211,0.16726673
679212,0.8599685
679213,0.9771351
679214,0.051498726
679215,0.92381805
679216,0.9745188
679217,0.9935362
679218,0.36909735
679219,0.88811487
679220,0.9502995
679221,0.19591352
679222,0.039981265
679223,0.38653365
679224,0.8735388
679225,0.024200905
679226,0.62789357
679227,0.9845588
679228,0.05518659
679229,0.16828534
679230,0.7189669
679231,0.1152273
679232,0.0073870756
679233,0.891137
679234,0.05242666
679235,0.99964035
679236,0.0339253
679237,0.046104595
679238,0.97978115
679239,0.9348452
679240,0.96571517
679241,0.74440336
679242,0.01904844
679243,0.57149845
679244,0.022142166
679245,0.8885976
679246,0.15272951
679247,0.95897275
679248,0.037392423
679249,0.12264489
679250,0.017754726
679251,0.62548244
679252,0.45340425
679253,0.004998617
679254,0.84840566
679255,0.0140612135
679256,0.043621354
679257,0.011710724
679258,0.98950523
679259,0.9975093
679260,0.015414685
679261,0.46684426
679262,0.98029137
679263,0.05968509
679264,0.042599835
679265,0.6659092
679266,0.97279656
679267,0.029818337
679268,0.050227385
679269,0.40996343
679270,0.13316634
679271,0.018268133
679272,0.7237322
679273,0.1861571
679274,0.06695913
679275,0.4236064
679276,0.47276095
679277,0.06636915
679278,0.9801755
679279,0.97839856
679280,0.17410968
679281,0.8363472
679282,0.016626436
679283,0.8127778
679284,0.94153976
679285,0.016715258
679286,0.0032774569
679287,0.2014246
679288,0.022021603
679289,0.66786873
679290,0.15479091
679291,0.93847525
679292,0.00050507457
679293,0.007567783
679294,0.00722455
679295,0.81007266
679296,0.55824554
679297,0.96269226
679298,0.02986788
679299,0.95111614
679300,0.7600842
679301,0.047497403
679302,0.023028634
679303,0.9987235
679304,0.048375763
679305,0.061198365
679306,0.012518009
679307,0.99674773
679308,0.9670172
679309,0.20093103
679310,0.9526006
679311,0.17548037
679312,0.99437356
679313,0.038602084
679314,0.06690973
679315,0.9666802
679316,0.9817343
679317,0.07236331
679318,0.7709802
679319,0.21677792
679320,0.0072761015
679321,0.29227883
679322,0.97640264
679323,0.044838864
679324,0.9833213
679325,0.077919364
679326,0.074375555
679327,0.93439496
679328,0.048978213
679329,0.38776687
679330,0.010172177
679331,0.98445284
679332,0.017756326
679333,0.014248213
679334,0.9972289
679335,0.99842995
679336,0.9940843
679337,0.0058955634
679338,0.007996684
679339,0.981228
679340,0.7596431
679341,0.031741895
679342,0.012939742
679343,0.0068368646
679344,0.37149787
679345,0.010501209
679346,0.990505
679347,0.015140666
679348,0.9758714
679349,0.009016354
679350,0.0064276536
679351,0.95864093
679352,0.9257524
679353,0.11258389
679354,0.0010329824
679355,0.2323722
679356,0.68244725
679357,0.03733527
679358,0.2665765
679359,0.027858287
679360,0.99218005
679361,0.12635484
679362,0.94706875
679363,0.60951793
679364,0.0043040207
679365,0.54368603
679366,0.97009766
679367,0.0032979564
679368,0.98152417
679369,0.044387653
679370,0.12289155
679371,0.016993608
679372,0.24526733
679373,0.26099414
679374,0.90737975
679375,0.7341136
679376,0.15042956
679377,0.23654595
679378,0.01466535
679379,0.024624454
679380,0.83019674
679381,0.9967584
679382,0.9651926
679383,0.5996165
679384,0.1182055
679385,0.82766706
679386,0.9822148
679387,0.56035817
679388,0.032531872
679389,0.025132712
679390,0.4386124
679391,0.9983188
679392,0.1594236
679393,0.7351962
679394,0.35696712
679395,0.61786443
679396,0.008013372
679397,0.9708941
679398,0.99456394
679399,0.79667
679400,0.034149215
679401,0.090706676
679402,0.12727979
679403,0.9796004
679404,0.006655772
679405,0.027925583
679406,0.9486377
679407,0.023094457
679408,0.71401733
679409,0.008649549
679410,0.007583461
679411,0.89286494
679412,0.23909518
679413,0.8942091
679414,0.02635837
679415,0.3458451
679416,0.10155308
679417,0.9538356
679418,0.015587406
679419,0.11074269
679420,0.005554512
679421,0.11260361
679422,0.022197932
679423,0.62239087
679424,0.16924363
679425,0.8746917
679426,0.11135196
679427,0.44022274
679428,0.9471936
679429,0.9908483
679430,0.06272483
679431,0.97840863
679432,0.93380105
679433,0.010238536
679434,0.99901456
679435,0.02814801
679436,0.72064114
679437,0.13343228
679438,0.98306304
679439,0.1110554
679440,0.2022602
679441,0.7604896
679442,0.069244206
679443,0.007663269
679444,0.06889941
679445,0.5279932
679446,0.015500998
679447,0.49848372
679448,0.0748759
679449,0.93679833
679450,0.008657232
679451,0.034216695
679452,0.9880327
679453,0.03351306
679454,0.5897677
679455,0.7141357
679456,0.16930163
679457,0.9237012
679458,0.9330593
679459,0.0070365276
679460,0.98779196
679461,0.55628455
679462,0.58659935
679463,0.007522037
679464,0.012104884
679465,0.010036383
679466,0.9365833
679467,0.008098968
679468,0.66869223
679469,0.9913163
679470,0.8361162
679471,0.81579936
679472,0.062113404
679473,0.026835809
679474,0.993608
679475,0.063820496
679476,0.15198925
679477,0.9535732
679478,0.9955069
679479,0.17966576
679480,0.16568576
679481,0.016671022
679482,0.8800174
679483,0.019367594
679484,0.01567817
679485,0.95702696
679486,0.34933084
679487,0.006361106
679488,0.15205699
679489,0.91292864
679490,0.7779836
679491,0.96502477
679492,0.010195781
679493,0.1335383
679494,0.022203356
679495,0.014301162
679496,0.55545974
679497,0.98764706
679498,0.011180933
679499,0.83876747
679500,0.85918546
679501,0.9562864
679502,0.9763049
679503,0.004939745
679504,0.36501747
679505,0.29582053
679506,0.9968519
679507,0.5628772
679508,0.8648817
679509,0.96217257
679510,0.4210412
679511,0.058465578
679512,0.97029406
679513,0.944283
679514,0.09377488
679515,0.03027916
679516,0.0052737677
679517,0.32354116
679518,0.73466283
679519,0.053429753
679520,0.8650162
679521,0.84639454
679522,0.0651078
679523,0.7833457
679524,0.98167974
679525,0.924332
679526,0.98159635
679527,0.55629104
679528,0.32623097
679529,0.0022052783
679530,0.0073470897
679531,0.9833493
679532,0.05120215
679533,0.43575385
679534,0.94336784
679535,0.006916462
679536,0.1707623
679537,0.1610131
679538,0.9428341
679539,0.010019044
679540,0.17734331
679541,0.9973773
679542,0.16602074
679543,0.29880688
679544,0.15543275
679545,0.12685525
679546,0.7195908
679547,0.061407182
679548,0.91454685
679549,0.9712235
679550,0.03974261
679551,0.99682933
679552,0.92738205
679553,0.7060062
679554,0.9594395
679555,0.8608067
679556,0.0100734215
679557,0.005262271
679558,0.11202447
679559,0.008761712
679560,0.99616516
679561,0.8867069
679562,0.2335081
679563,0.18282418
679564,0.3642911
679565,0.39984828
679566,0.9841609
679567,0.15140682
679568,0.9689165
679569,0.0557515
679570,0.99232334
679571,0.006655547
679572,0.17332289
679573,0.017968325
679574,0.23972401
679575,0.009973603
679576,0.032113142
679577,0.9990762
679578,0.056297444
679579,0.94839865
679580,0.025192354
679581,0.9818326
679582,0.18409038
679583,0.99922025
679584,0.9905598
679585,0.4490515
679586,0.03203745
679587,0.7068185
679588,0.9807706
679589,0.34473836
679590,0.8178469
679591,0.99643064
679592,0.008744736
679593,0.8843525
679594,0.9992046
679595,0.03118005
679596,0.99943817
679597,0.9679478
679598,0.02119256
679599,0.04113305
679600,0.998823
679601,0.9387151
679602,0.9913303
679603,0.015694669
679604,0.78341365
679605,0.0259039
679606,0.8500168
679607,0.30353433
679608,0.11571841
679609,0.24565145
679610,0.99935764
679611,0.12509806
679612,0.044706516
679613,0.5599565
679614,0.9787259
679615,0.008417711
679616,0.7857337
679617,0.049329095
679618,0.5312192
679619,0.06461616
679620,0.006471097
679621,0.10414869
679622,0.020374443
679623,0.8735014
679624,0.8915763
679625,0.49293926
679626,0.037728354
679627,0.9059413
679628,0.97637117
679629,0.9756605
679630,0.9901611
679631,0.8450152
679632,0.012007644
679633,0.98861915
679634,0.014163147
679635,0.04387995
679636,0.95972264
679637,0.1026484
679638,0.01798349
679639,0.07568368
679640,0.9969065
679641,0.037777744
679642,0.8811923
679643,0.99315655
679644,0.01688506
679645,0.04921894
679646,0.9975463
679647,0.17387223
679648,0.002301307
679649,0.6450583
679650,0.70362115
679651,0.9134041
679652,0.7919618
679653,0.084052995
679654,0.04864254
679655,0.03448633
679656,0.98812115
679657,0.83016324
679658,0.029363127
679659,0.00700024
679660,0.015893418
679661,0.99389565
679662,0.993372
679663,0.39873385
679664,0.057737328
679665,0.8611775
679666,0.019317668
679667,0.031318583
679668,0.06262621
679669,0.013416253
679670,0.9953474
679671,0.9384947
679672,0.050540753
679673,0.81142145
679674,0.02380735
679675,0.9749175
679676,0.9735498
679677,0.9915352
679678,0.046340745
679679,0.9938841
679680,0.023814747
679681,0.99889183
679682,0.18459669
679683,0.016203793
679684,0.018252475
679685,0.012955444
679686,0.99384207
679687,0.06513189
679688,0.10721827
679689,0.97850275
679690,0.9934146
679691,0.9350827
679692,0.027129505
679693,0.018377572
679694,0.99805355
679695,0.8863841
679696,0.010892014
679697,0.016152663
679698,0.009330286
679699,0.8927064
679700,0.5976864
679701,0.9690907
679702,0.0058629294
679703,0.17870006
679704,0.23846343
679705,0.9263226
679706,0.87064666
679707,0.01646046
679708,0.9939807
679709,0.011246339
679710,0.12515774
679711,0.08863382
679712,0.55178994
679713,0.970421
679714,0.012718179
679715,0.040895235
679716,0.054228067
679717,0.011295392
679718,0.04042859
679719,0.006707529
679720,0.5000473
679721,0.9655132
679722,0.18013328
679723,0.9958786
679724,0.93845654
679725,0.0098478
679726,0.016831027
679727,0.97652495
679728,0.63976467
679729,0.91447604
679730,0.13733475
679731,0.97497034
679732,0.059841603
679733,0.005723714
679734,0.027829178
679735,0.9472254
679736,0.99009013
679737,0.1619192
679738,0.035471752
679739,0.1249647
679740,0.9668925
679741,0.12963927
679742,0.0024417972
679743,0.71010864
679744,0.8159278
679745,0.99633276
679746,0.120518
679747,0.121236235
679748,0.7686397
679749,0.9208827
679750,0.9320155
679751,0.93251425
679752,0.017733332
679753,0.07253533
679754,0.7204751
679755,0.7108073
679756,0.97214437
679757,0.07883159
679758,0.991593
679759,0.124807
679760,0.9982993
679761,0.0044982764
679762,0.09827247
679763,0.09503013
679764,0.03680122
679765,0.037418004
679766,0.007962587
679767,0.96539813
679768,0.9579586
679769,0.846767
679770,0.3037746
679771,0.0048128255
679772,0.64443874
679773,0.5769374
679774,0.91080797
679775,0.019579126
679776,0.4177819
679777,0.97467184
679778,0.54831094
679779,0.020264465
679780,0.46334824
679781,0.9529146
679782,0.97750854
679783,0.03545911
679784,0.186484
679785,0.0403903
679786,0.7283303
679787,0.30417085
679788,0.06729772
679789,0.0690146
679790,0.034998134
679791,0.0030904505
679792,0.995772
679793,0.95268047
679794,0.17782074
679795,0.029469116
679796,0.047767177
679797,0.121182606
679798,0.20223472
679799,0.005004403
679800,0.22242439
679801,0.9614209
679802,0.9789146
679803,0.21730354
679804,0.9854082
679805,0.03095784
679806,0.9497354
679807,0.89851415
679808,0.9920373
679809,0.9927949
679810,0.89309967
679811,0.009727101
679812,0.086469434
679813,0.9889148
679814,0.44591054
679815,0.9511908
679816,0.46898982
679817,0.24707045
679818,0.050613306
679819,0.95777303
679820,0.005214375
679821,0.9913317
679822,0.07416983
679823,0.11112849
679824,0.18428753
679825,0.9961209
679826,0.14513047
679827,0.94768834
679828,0.0496483
679829,0.99317026
679830,0.10471477
679831,0.97200286
679832,0.20837106
679833,0.97809213
679834,0.040634908
679835,0.9985541
679836,0.0075849737
679837,0.98339295
679838,0.91955674
679839,0.0469137
679840,0.008054823
679841,0.11644009
679842,0.05081083
679843,0.019949812
679844,0.0063563627
679845,0.018526042
679846,0.025044944
679847,0.041218877
679848,0.05538892
679849,0.84307665
679850,0.023979701
679851,0.6548376
679852,0.019995455
679853,0.051222466
679854,0.2160252
679855,0.9972922
679856,0.5589154
679857,0.990752
679858,0.9005299
679859,0.99306417
679860,0.97163737
679861,0.9958327
679862,0.86153114
679863,0.00437651
679864,0.9140094
679865,0.5854539
679866,0.21037325
679867,0.9482049
679868,0.9876854
679869,0.942704
679870,0.006878812
679871,0.81325257
679872,0.031638484
679873,0.04087407
679874,0.10576271
679875,0.40636665
679876,0.30963922
679877,0.914574
679878,0.005106167
679879,0.017574612
679880,0.02697071
679881,0.8773602
679882,0.9406261
679883,0.23919436
679884,0.07084954
679885,0.06158056
679886,0.020308137
679887,0.8442403
679888,0.28159717
679889,0.99078685
679890,0.6539586
679891,0.11979981
679892,0.03215319
679893,0.036506787
679894,0.65880275
679895,0.10731674
679896,0.9649545
679897,0.17060706
679898,0.9429591
679899,0.2026332
679900,0.016296368
679901,0.12213146
679902,0.9993002
679903,0.9406322
679904,0.0039078523
679905,0.57627255
679906,0.96984315
679907,0.98602134
679908,0.13969694
679909,0.98402774
679910,0.09152531
679911,0.83272874
679912,0.12826627
679913,0.9425052
679914,0.0163685
679915,0.0054263733
679916,0.079413086
679917,0.63834715
679918,0.033296205
679919,0.8243953
679920,0.6018941
679921,0.9614425
679922,0.0051157
679923,0.22786297
679924,0.22379358
679925,0.049417302
679926,0.04941942
679927,0.013439746
679928,0.7558071
679929,0.022140434
679930,0.94171154
679931,0.06365333
679932,0.07837406
679933,0.99031806
679934,0.045107525
679935,0.0718094
679936,0.9841324
679937,0.13734303
679938,0.61827755
679939,0.018496953
679940,0.08274944
679941,0.879252
679942,0.004139677
679943,0.2747385
679944,0.5269884
679945,0.9577081
679946,0.0011514496
679947,0.9955189
679948,0.008527299
679949,0.6914331
679950,0.9688525
679951,0.007945661
679952,0.19790438
679953,0.79637873
679954,0.76983833
679955,0.89035296
679956,0.0099293655
679957,0.009669343
679958,0.07949499
679959,0.104097754
679960,0.98767185
679961,0.13000837
679962,0.21123132
679963,0.17945504
679964,0.14447163
679965,0.28010604
679966,0.07021092
679967,0.9902998
679968,0.83478314
679969,0.69460547
679970,0.09379089
679971,0.3731657
679972,0.10094583
679973,0.026960082
679974,0.039523985
679975,0.058342725
679976,0.3969919
679977,0.6850264
679978,0.9894839
679979,0.008193234
679980,0.2445522
679981,0.25586906
679982,0.84726053
679983,0.30802736
679984,0.99085426
679985,0.16342774
679986,0.47596654
679987,0.7889494
679988,0.013201043
679989,0.018379394
679990,0.010144772
679991,0.993397
679992,0.004772691
679993,0.03585428
679994,0.010698206
679995,0.097660184
679996,0.1435488
679997,0.73613167
679998,0.042039517
679999,0.88563716
680000,0.395347
680001,0.95088816
680002,0.7838158
680003,0.04908643
680004,0.9978829
680005,0.02994356
680006,0.0042011165
680007,0.34770957
680008,0.004689561
680009,0.16827063
680010,0.91345185
680011,0.15581149
680012,0.17529814
680013,0.99775976
680014,0.931908
680015,0.02631811
680016,0.20399038
680017,0.04848727
680018,0.033462863
680019,0.015586371
680020,0.01762649
680021,0.25086647
680022,0.52897835
680023,0.011297265
680024,0.93855816
680025,0.05313709
680026,0.97802436
680027,0.019195765
680028,0.18924552
680029,0.1498499
680030,0.021610472
680031,0.01831411
680032,0.9314434
680033,0.5030593
680034,0.045804795
680035,0.9605149
680036,0.96043015
680037,0.84821975
680038,0.99336624
680039,0.23862499
680040,0.95085615
680041,0.8128142
680042,0.066648796
680043,0.46447405
680044,0.9957455
680045,0.84709764
680046,0.7869664
680047,0.9975602
680048,0.6095923
680049,0.9981139
680050,0.032198194
680051,0.8732182
680052,0.99592555
680053,0.99034214
680054,0.12766448
680055,0.008926782
680056,0.9129056
680057,0.83643997
680058,0.009056609
680059,0.974645
680060,0.9802263
680061,0.028886631
680062,0.61427677
680063,0.2524801
680064,0.97496265
680065,0.6351119
680066,0.09213594
680067,0.44450337
680068,0.006413146
680069,0.45662344
680070,0.032801833
680071,0.85182744
680072,0.9352554
680073,0.86746216
680074,0.9713409
680075,0.9572636
680076,0.075513944
680077,0.7499243
680078,0.011065464
680079,0.9702788
680080,0.9595218
680081,0.95637417
680082,0.40871307
680083,0.5627636
680084,0.9992336
680085,0.9863194
680086,0.01696561
680087,0.033378884
680088,0.9911106
680089,0.7901362
680090,0.4180433
680091,0.49219728
680092,0.013431629
680093,0.96707565
680094,0.2291192
680095,0.57529706
680096,0.3284058
680097,0.92375934
680098,0.09314364
680099,0.97259015
680100,0.7416558
680101,0.98152757
680102,0.025723878
680103,0.78779256
680104,0.3133277
680105,0.99783146
680106,0.7763127
680107,0.38749254
680108,0.054612797
680109,0.035364285
680110,0.99308634
680111,0.034668982
680112,0.167107
680113,0.92814136
680114,0.08198792
680115,0.35009316
680116,0.021919299
680117,0.30555347
680118,0.019379115
680119,0.35876828
680120,0.013640158
680121,0.877979
680122,0.99185336
680123,0.989482
680124,0.12809509
680125,0.99705315
680126,0.0033987062
680127,0.10837803
680128,0.014710836
680129,0.3246416
680130,0.24813342
680131,0.041951917
680132,0.96758544
680133,0.90092844
680134,0.9838431
680135,0.9476178
680136,0.009399312
680137,0.16650179
680138,0.75335664
680139,0.05407395
680140,0.99971807
680141,0.49461472
680142,0.017125348
680143,0.008072727
680144,0.11880533
680145,0.015411416
680146,0.9943993
680147,0.9911381
680148,0.48153162
680149,0.0076978737
680150,0.952775
680151,0.27516857
680152,0.89570713
680153,0.9938371
680154,0.96403587
680155,0.10211862
680156,0.09386201
680157,0.03287119
680158,0.9911277
680159,0.85958475
680160,0.20583092
680161,0.069391355
680162,0.9774251
680163,0.86962664
680164,0.021810386
680165,0.0030325563
680166,0.012864696
680167,0.08038893
680168,0.016488092
680169,0.0053502847
680170,0.035714917
680171,0.0028113062
680172,0.0009374129
680173,0.858817
680174,0.90390736
680175,0.0060409727
680176,0.9909684
680177,0.4372084
680178,0.9762273
680179,0.881121
680180,0.9914762
680181,0.94763935
680182,0.91812027
680183,0.015008128
680184,0.99775
680185,0.6675637
680186,0.9962585
680187,0.7698089
680188,0.014353011
680189,0.4667757
680190,0.98905
680191,0.014671806
680192,0.051195953
680193,0.77216357
680194,0.3478846
680195,0.93904936
680196,0.72519594
680197,0.79863244
680198,0.23333326
680199,0.013891162
680200,0.8110746
680201,0.97131115
680202,0.9572828
680203,0.033538908
680204,0.039664663
680205,0.9706066
680206,0.04126272
680207,0.009584811
680208,0.91961974
680209,0.002975438
680210,0.35161328
680211,0.0029373297
680212,0.023703393
680213,0.018886345
680214,0.012610602
680215,0.23598549
680216,0.63791716
680217,0.9352699
680218,0.015675658
680219,0.0092539415
680220,0.0064553916
680221,0.28735346
680222,0.003118939
680223,0.009103532
680224,0.2600044
680225,0.94842213
680226,0.21208575
680227,0.04142431
680228,0.5431215
680229,0.4494372
680230,0.99142814
680231,0.034726873
680232,0.005760413
680233,0.9960348
680234,0.98974985
680235,0.85125935
680236,0.0246821
680237,0.26872787
680238,0.12772548
680239,0.9094089
680240,0.9983228
680241,0.43756908
680242,0.6199035
680243,0.9979472
680244,0.6718404
680245,0.009388915
680246,0.8651303
680247,0.5061265
680248,0.13098386
680249,0.58039504
680250,0.0036909287
680251,0.4397256
680252,0.84253156
680253,0.0077118897
680254,0.07568877
680255,0.52065897
680256,0.31194335
680257,0.02390669
680258,0.16002446
680259,0.0136979725
680260,0.62019914
680261,0.18390325
680262,0.18194869
680263,0.020239554
680264,0.99953794
680265,0.059814945
680266,0.7291583
680267,0.7006569
680268,0.09079182
680269,0.99715054
680270,0.9034556
680271,0.0028854017
680272,0.0029451717
680273,0.2402296
680274,0.99889517
680275,0.015214245
680276,0.0012721911
680277,0.008808434
680278,0.8363733
680279,0.31158507
680280,0.7247778
680281,0.9932121
680282,0.047811877
680283,0.4978011
680284,0.8130087
680285,0.98654115
680286,0.013522046
680287,0.99266124
680288,0.85491014
680289,0.61555916
680290,0.030517071
680291,0.10529436
680292,0.10796901
680293,0.01953258
680294,0.1647038
680295,0.06348684
680296,0.0036764785
680297,0.054789178
680298,0.0038172556
680299,0.043604925
680300,0.29505435
680301,0.9876397
680302,0.07708153
680303,0.012161216
680304,0.02790754
680305,0.20714812
680306,0.110212095
680307,0.008568512
680308,0.008981201
680309,0.27104443
680310,0.95326895
680311,0.2344858
680312,0.3181739
680313,0.83812094
680314,0.19319224
680315,0.03806913
680316,0.11192547
680317,0.015821468
680318,0.9932482
680319,0.4025007
680320,0.11068001
680321,0.009937357
680322,0.13635825
680323,0.9494052
680324,0.039645124
680325,0.9838922
680326,0.16843463
680327,0.728723
680328,0.0073378393
680329,0.1080319
680330,0.20383032
680331,0.0038222305
680332,0.8830547
680333,0.7638608
680334,0.082278244
680335,0.9759637
680336,0.0017473818
680337,0.99139565
680338,0.0039957482
680339,0.033194046
680340,0.9706502
680341,0.9976436
680342,0.94561267
680343,0.023212308
680344,0.96512216
680345,0.94272256
680346,0.19158953
680347,0.98674786
680348,0.32573187
680349,0.98984647
680350,0.9691611
680351,0.08954511
680352,0.48315668
680353,0.5145563
680354,0.20105815
680355,0.3192208
680356,0.06387998
680357,0.9406007
680358,0.9910999
680359,0.13455573
680360,0.8519948
680361,0.528918
680362,0.9460436
680363,0.83896035
680364,0.013922055
680365,0.91081595
680366,0.013326975
680367,0.02456285
680368,0.9781783
680369,0.9762858
680370,0.101337045
680371,0.5173662
680372,0.9972397
680373,0.8995418
680374,0.94856036
680375,0.030297909
680376,0.008065409
680377,0.9457147
680378,0.9812281
680379,0.98101956
680380,0.7343417
680381,0.0043578823
680382,0.93475115
680383,0.98799676
680384,0.087977566
680385,0.029965272
680386,0.9438845
680387,0.121720314
680388,0.0773277
680389,0.011686016
680390,0.110953696
680391,0.87995636
680392,0.31960112
680393,0.5633187
680394,0.22017543
680395,0.9830319
680396,0.7381541
680397,0.9683869
680398,0.7249302
680399,0.014968945
680400,0.03645306
680401,0.03406092
680402,0.98720944
680403,0.8188251
680404,0.01314301
680405,0.020811446
680406,0.32023585
680407,0.9974383
680408,0.5911163
680409,0.9995721
680410,0.7390399
680411,0.037002232
680412,0.32828653
680413,0.0038334494
680414,0.8504803
680415,0.025098111
680416,0.08125681
680417,0.06548851
680418,0.005300638
680419,0.035351574
680420,0.974149
680421,0.29831076
680422,0.8343532
680423,0.9331894
680424,0.9963216
680425,0.028786726
680426,0.17999294
680427,0.7045533
680428,0.093911394
680429,0.998471
680430,0.33637312
680431,0.5341916
680432,0.9927016
680433,0.0058069057
680434,0.9669988
680435,0.8303188
680436,0.9345507
680437,0.016036894
680438,0.9917939
680439,0.7672645
680440,0.0027609104
680441,0.9889556
680442,0.0029088329
680443,0.99224174
680444,0.8408649
680445,0.8959712
680446,0.094622865
680447,0.2214886
680448,0.99326944
680449,0.0030337393
680450,0.064294115
680451,0.2614473
680452,0.8971636
680453,0.979898
680454,0.0029379893
680455,0.07418058
680456,0.023752313
680457,0.9729029
680458,0.9946742
680459,0.06886473
680460,0.47117028
680461,0.9679476
680462,0.013222811
680463,0.007889785
680464,0.006005488
680465,0.8053645
680466,0.031637665
680467,0.11144358
680468,0.0066658263
680469,0.056393504
680470,0.1150808
680471,0.97590053
680472,0.9632319
680473,0.8736517
680474,0.17052296
680475,0.022690406
680476,0.9039668
680477,0.029295627
680478,0.0038997983
680479,0.02744959
680480,0.15640973
680481,0.07568905
680482,0.005943955
680483,0.8444202
680484,0.00515253
680485,0.14853117
680486,0.008025814
680487,0.503615
680488,0.044213336
680489,0.4497234
680490,0.3407064
680491,0.58537537
680492,0.99938166
680493,0.1706869
680494,0.01470809
680495,0.073189646
680496,0.47543627
680497,0.9844992
680498,0.120228015
680499,0.9863396
680500,0.0061564185
680501,0.010343309
680502,0.024849541
680503,0.017577453
680504,0.9975481
680505,0.43813524
680506,0.18926702
680507,0.77854604
680508,0.007696815
680509,0.042887412
680510,0.93976533
680511,0.99278104
680512,0.8777865
680513,0.3861372
680514,0.22212292
680515,0.11103123
680516,0.003302074
680517,0.027574828
680518,0.23765208
680519,0.9783481
680520,0.9611394
680521,0.0105671175
680522,0.02864328
680523,0.99950373
680524,0.048717387
680525,0.9721636
680526,0.9805443
680527,0.7991236
680528,0.47919753
680529,0.92724043
680530,0.73003846
680531,0.8112275
680532,0.94776267
680533,0.91124004
680534,0.036966957
680535,0.28832352
680536,0.9707244
680537,0.93946624
680538,0.15664315
680539,0.038007896
680540,0.03205917
680541,0.9944848
680542,0.1501734
680543,0.82033503
680544,0.012641949
680545,0.06638165
680546,0.010376043
680547,0.9425453
680548,0.90654767
680549,0.055000093
680550,0.9980108
680551,0.24060597
680552,0.0024833726
680553,0.007532922
680554,0.040935516
680555,0.9086762
680556,0.5040558
680557,0.990447
680558,0.737498
680559,0.017917635
680560,0.9848541
680561,0.013671141
680562,0.5108876
680563,0.002169673
680564,0.011167379
680565,0.067775145
680566,0.010294862
680567,0.63075733
680568,0.8861137
680569,0.23673789
680570,0.50665563
680571,0.66334784
680572,0.7294035
680573,0.8666933
680574,0.016450346
680575,0.03497252
680576,0.024785146
680577,0.54489696
680578,0.017318245
680579,0.92124534
680580,0.8364371
680581,0.7088447
680582,0.05742118
680583,0.035489
680584,0.9745908
680585,0.013093029
680586,0.65149355
680587,0.978021
680588,0.47045493
680589,0.03202969
680590,0.69046414
680591,0.0054006265
680592,0.3314574
680593,0.011969916
680594,0.17063792
680595,0.8845679
680596,0.0757823
680597,0.28994983
680598,0.11415
680599,0.94710994
680600,0.032935023
680601,0.029124318
680602,0.011194858
680603,0.65857804
680604,0.026862472
680605,0.5528047
680606,0.9521918
680607,0.9972515
680608,0.17929702
680609,0.036196455
680610,0.014771466
680611,0.8161309
680612,0.05387534
680613,0.002559957
680614,0.0040386133
680615,0.84122896
680616,0.06562762
680617,0.009616605
680618,0.03511007
680619,0.010702338
680620,0.003947137
680621,0.96686494
680622,0.72578907
680623,0.9032727
680624,0.010653501
680625,0.18454121
680626,0.9619322
680627,0.09085962
680628,0.011096344
680629,0.9955784
680630,0.0046285647
680631,0.6803757
680632,0.9965722
680633,0.7635815
680634,0.028612986
680635,0.35600048
680636,0.0027477187
680637,0.0358397
680638,0.5626496
680639,0.032521512
680640,0.59933054
680641,0.0044810395
680642,0.9937161
680643,0.09459198
680644,0.90074015
680645,0.011873753
680646,0.054271653
680647,0.83823854
680648,0.98222
680649,0.8604309
680650,0.027039463
680651,0.004554934
680652,0.091905996
680653,0.005830088
680654,0.022464965
680655,0.912202
680656,0.14306208
680657,0.7396673
680658,0.012965241
680659,0.008036021
680660,0.83249474
680661,0.014963456
680662,0.9787876
680663,0.04326612
680664,0.012083437
680665,0.41918147
680666,0.8477337
680667,0.02202803
680668,0.94312346
680669,0.15430543
680670,0.0049062157
680671,0.013736062
680672,0.99497235
680673,0.27327567
680674,0.66985655
680675,0.032359667
680676,0.9796418
680677,0.11252807
680678,0.431862
680679,0.067018405
680680,0.0075427513
680681,0.022479255
680682,0.9712027
680683,0.10947963
680684,0.7923633
680685,0.3613069
680686,0.9766251
680687,0.45430416
680688,0.6736588
680689,0.99745345
680690,0.0250787
680691,0.29067484
680692,0.004319325
680693,0.0073992577
680694,0.050347656
680695,0.03394783
680696,0.35251448
680697,0.2979643
680698,0.87384117
680699,0.52860934
680700,0.4258686
680701,0.0029218772
680702,0.18051025
680703,0.021664308
680704,0.83086115
680705,0.27362055
680706,0.9777747
680707,0.29403389
680708,0.90930694
680709,0.15187418
680710,0.025286568
680711,0.97575545
680712,0.08857544
680713,0.12058638
680714,0.68720037
680715,0.05055958
680716,0.0028495863
680717,0.6598487
680718,0.064562134
680719,0.98909676
680720,0.0138939805
680721,0.0634344
680722,0.7688586
680723,0.91345537
680724,0.76741254
680725,0.11816734
680726,0.16381486
680727,0.043382905
680728,0.28080535
680729,0.004011017
680730,0.015562884
680731,0.01885414
680732,0.010494277
680733,0.9919255
680734,0.9915749
680735,0.99050856
680736,0.10987223
680737,0.9721364
680738,0.08167401
680739,0.9868041
680740,0.5981712
680741,0.0054448983
680742,0.7140061
680743,0.99473315
680744,0.8417055
680745,0.9838177
680746,0.002957773
680747,0.55397123
680748,0.8941266
680749,0.064208806
680750,0.99966747
680751,0.04083878
680752,0.032091003
680753,0.9189364
680754,0.92394805
680755,0.9869925
680756,0.9838931
680757,0.15870002
680758,0.031393103
680759,0.060200326
680760,0.9319226
680761,0.045652788
680762,0.06509319
680763,0.008339033
680764,0.02831432
680765,0.56836265
680766,0.050112087
680767,0.9122062
680768,0.0016309301
680769,0.02238175
680770,0.06647017
680771,0.95646775
680772,0.62776
680773,0.9704802
680774,0.059102386
680775,0.64365804
680776,0.017526062
680777,0.9859406
680778,0.28858036
680779,0.039952137
680780,0.97594595
680781,0.012469882
680782,0.9173449
680783,0.043023486
680784,0.038477056
680785,0.016871927
680786,0.59641325
680787,0.9855367
680788,0.06589655
680789,0.006107304
680790,0.4988398
680791,0.027233139
680792,0.4977628
680793,0.02494077
680794,0.08311632
680795,0.82502884
680796,0.7997342
680797,0.9804473
680798,0.012197308
680799,0.0039164457
680800,0.57121515
680801,0.0004938816
680802,0.9812487
680803,0.079142794
680804,0.98738617
680805,0.9334775
680806,0.70161134
680807,0.017647784
680808,0.17485557
680809,0.017911244
680810,0.053674415
680811,0.99764645
680812,0.40418074
680813,0.03840958
680814,0.9689111
680815,0.0444872
680816,0.7715428
680817,0.9977238
680818,0.005051528
680819,0.9923706
680820,0.07327779
680821,0.022907978
680822,0.0032882742
680823,0.9658605
680824,0.097847104
680825,0.01759275
680826,0.015571744
680827,0.03398847
680828,0.22139232
680829,0.9833683
680830,0.99786454
680831,0.98914784
680832,0.01272456
680833,0.0081825275
680834,0.6950792
680835,0.42639893
680836,0.22249393
680837,0.03809718
680838,0.43240023
680839,0.038456228
680840,0.7934588
680841,0.93183476
680842,0.63376427
680843,0.09047333
680844,0.95478165
680845,0.98253304
680846,0.032792013
680847,0.9865349
680848,0.02362909
680849,0.7292105
680850,0.8733685
680851,0.13534561
680852,0.063412175
680853,0.9516589
680854,0.9717305
680855,0.9948856
680856,0.008431475
680857,0.012393201
680858,0.0034802412
680859,0.96741056
680860,0.054034963
680861,0.019428788
680862,0.21241295
680863,0.006186294
680864,0.09594908
680865,0.91728383
680866,0.06684516
680867,0.81815004
680868,0.5162117
680869,0.050451826
680870,0.96174276
680871,0.97978413
680872,0.21927203
680873,0.013935368
680874,0.034022313
680875,0.997137
680876,0.9478788
680877,0.8019877
680878,0.94153476
680879,0.23570244
680880,0.9843547
680881,0.061627626
680882,0.8850192
680883,0.06011522
680884,0.012712935
680885,0.14175932
680886,0.008157649
680887,0.15963985
680888,0.9928424
680889,0.9827477
680890,0.9003087
680891,0.18690458
680892,0.76755893
680893,0.0027854047
680894,0.9986534
680895,0.060806114
680896,0.4342549
680897,0.9985681
680898,0.9579397
680899,0.006797302
680900,0.016761007
680901,0.14106132
680902,0.10113109
680903,0.019003218
680904,0.06212176
680905,0.02920818
680906,0.036067173
680907,0.23087943
680908,0.6978014
680909,0.04009865
680910,0.80985177
680911,0.41134843
680912,0.13674425
680913,0.15427952
680914,0.99575955
680915,0.99397606
680916,0.9807375
680917,0.89446235
680918,0.9514171
680919,0.28544784
680920,0.84396666
680921,0.94316036
680922,0.089752495
680923,0.8961705
680924,0.9915421
680925,0.6491413
680926,0.007088715
680927,0.8572967
680928,0.13612464
680929,0.8507776
680930,0.16721047
680931,0.119692996
680932,0.38452178
680933,0.7340152
680934,0.03702949
680935,0.9711182
680936,0.9711412
680937,0.79806685
680938,0.004587303
680939,0.16544062
680940,0.9964861
680941,0.9510307
680942,0.021084473
680943,0.052621022
680944,0.93989825
680945,0.09241463
680946,0.011032505
680947,0.02935228
680948,0.9850378
680949,0.11935553
680950,0.02147482
680951,0.9438039
680952,0.53570604
680953,0.011300874
680954,0.3352003
680955,0.2524637
680956,0.070634626
680957,0.95582396
680958,0.98433656
680959,0.9723096
680960,0.46736974
680961,0.31791824
680962,0.071337625
680963,0.31875682
680964,0.98331195
680965,0.31417173
680966,0.014216119
680967,0.7915985
680968,0.9876404
680969,0.0033517268
680970,0.9429398
680971,0.15567747
680972,0.010558004
680973,0.82899034
680974,0.11590061
680975,0.38099608
680976,0.98486894
680977,0.005514026
680978,0.93046606
680979,0.99314815
680980,0.99494815
680981,0.93061316
680982,0.8663919
680983,0.96939194
680984,0.020836085
680985,0.2980956
680986,0.95464754
680987,0.018775374
680988,0.006995543
680989,0.024560582
680990,0.93220663
680991,0.6150944
680992,0.036580477
680993,0.91469705
680994,0.21545206
680995,0.98731464
680996,0.09997117
680997,0.26742887
680998,0.054095507
680999,0.04035828
681000,0.007743367
681001,0.018348414
681002,0.061720226
681003,0.94491756
681004,0.9873548
681005,0.8874023
681006,0.1435507
681007,0.20969553
681008,0.9898171
681009,0.7757036
681010,0.04992629
681011,0.9575881
681012,0.99848884
681013,0.10283395
681014,0.009000991
681015,0.97612053
681016,0.8306301
681017,0.29607967
681018,0.99429977
681019,0.02922552
681020,0.3347243
681021,0.92848694
681022,0.78793985
681023,0.050921556
681024,0.99921274
681025,0.025671432
681026,0.20252687
681027,0.8488326
681028,0.08900931
681029,0.04903251
681030,0.0066192434
681031,0.9508406
681032,0.93002355
681033,0.64652044
681034,0.6275704
681035,0.21531191
681036,0.0042700637
681037,0.004551205
681038,0.038834658
681039,0.024675705
681040,0.0074857026
681041,0.9777113
681042,0.9939015
681043,0.46623224
681044,0.9945936
681045,0.13084073
681046,0.15863031
681047,0.119299114
681048,0.9562205
681049,0.026837375
681050,0.99363923
681051,0.86589503
681052,0.020863883
681053,0.106979854
681054,0.47249857
681055,0.23091416
681056,0.017090365
681057,0.53125924
681058,0.92122316
681059,0.0076198718
681060,0.11890402
681061,0.30419415
681062,0.29988033
681063,0.9260806
681064,0.8879639
681065,0.77027655
681066,0.011048726
681067,0.98633236
681068,0.8247341
681069,0.8859993
681070,0.060966738
681071,0.007392059
681072,0.12646131
681073,0.041702922
681074,0.016815333
681075,0.9842248
681076,0.13292432
681077,0.7177493
681078,0.3648025
681079,0.07965216
681080,0.9916859
681081,0.0030325386
681082,0.9939585
681083,0.052438222
681084,0.932402
681085,0.14909685
681086,0.9976773
681087,0.9325226
681088,0.25932708
681089,0.01852207
681090,0.110545546
681091,0.9817737
681092,0.024011891
681093,0.95272183
681094,0.07774439
681095,0.89656913
681096,0.06057766
681097,0.4391898
681098,0.22406103
681099,0.006532683
681100,0.9882703
681101,0.16886234
681102,0.9948027
681103,0.9912646
681104,0.06392399
681105,0.9089881
681106,0.97703934
681107,0.94797075
681108,0.9681952
681109,0.9931818
681110,0.020251444
681111,0.004821783
681112,0.24152964
681113,0.96665204
681114,0.09383641
681115,0.01792703
681116,0.9586522
681117,0.014671773
681118,0.9212855
681119,0.021600265
681120,0.97154254
681121,0.2868711
681122,0.14364159
681123,0.009747149
681124,0.93362224
681125,0.12118912
681126,0.98011327
681127,0.9318821
681128,0.05077579
681129,0.93307656
681130,0.8693053
681131,0.75005484
681132,0.43117395
681133,0.044268057
681134,0.0044308775
681135,0.97108054
681136,0.99482447
681137,0.015672565
681138,0.20773487
681139,0.9979155
681140,0.031541258
681141,0.9947804
681142,0.032620244
681143,0.13267167
681144,0.045562692
681145,0.06480124
681146,0.023982137
681147,0.012563893
681148,0.023421844
681149,0.083822526
681150,0.99231493
681151,0.03966862
681152,0.013715617
681153,0.013323867
681154,0.15762565
681155,0.56462127
681156,0.045022674
681157,0.121585414
681158,0.05300469
681159,0.9704542
681160,0.95021516
681161,0.9737296
681162,0.99779207
681163,0.045297466
681164,0.025526524
681165,0.02545152
681166,0.004175387
681167,0.17766178
681168,0.9775423
681169,0.9975456
681170,0.96809745
681171,0.79061055
681172,0.33005613
681173,0.08675237
681174,0.8835219
681175,0.13669515
681176,0.13697681
681177,0.3715971
681178,0.14945944
681179,0.99808645
681180,0.04587557
681181,0.9934505
681182,0.93053097
681183,0.8632312
681184,0.9932574
681185,0.012121361
681186,0.29303342
681187,0.030912638
681188,0.9774318
681189,0.0047349865
681190,0.5596179
681191,0.018422343
681192,0.9695479
681193,0.7684904
681194,0.07307752
681195,0.0030104155
681196,0.4833514
681197,0.14532314
681198,0.6430151
681199,0.030136086
681200,0.79216456
681201,0.039103232
681202,0.12688118
681203,0.05445512
681204,0.6309929
681205,0.9209312
681206,0.012322534
681207,0.9691296
681208,0.48387808
681209,0.97928697
681210,0.7511242
681211,0.026805498
681212,0.014156165
681213,0.012231924
681214,0.4016155
681215,0.98695064
681216,0.9059147
681217,0.004457961
681218,0.024031237
681219,0.62169826
681220,0.9784464
681221,0.041368283
681222,0.94746417
681223,0.048274904
681224,0.3505074
681225,0.7348609
681226,0.0034722502
681227,0.007888658
681228,0.17040679
681229,0.8645923
681230,0.8477393
681231,0.8827488
681232,0.01576186
681233,0.95748436
681234,0.3810443
681235,0.24719322
681236,0.009471915
681237,0.027724596
681238,0.98729396
681239,0.114648014
681240,0.94323313
681241,0.22007117
681242,0.3345191
681243,0.98426616
681244,0.1828557
681245,0.008618892
681246,0.0760103
681247,0.0037276123
681248,0.3658865
681249,0.07171858
681250,0.06848151
681251,0.009222316
681252,0.0042290674
681253,0.9826852
681254,0.9962051
681255,0.97943425
681256,0.9651906
681257,0.0036140273
681258,0.99852216
681259,0.015238535
681260,0.038046125
681261,0.95899135
681262,0.9861561
681263,0.8618698
681264,0.702036
681265,0.022300282
681266,0.2712611
681267,0.903973
681268,0.9277533
681269,0.99551183
681270,0.057611987
681271,0.0022003157
681272,0.17081846
681273,0.16435994
681274,0.12059804
681275,0.74495244
681276,0.061868917
681277,0.058066305
681278,0.018863097
681279,0.27216473
681280,0.91265506
681281,0.6454205
681282,0.013131862
681283,0.01444968
681284,0.02812915
681285,0.0023297688
681286,0.9985345
681287,0.545377
681288,0.9774827
681289,0.023741474
681290,0.006932278
681291,0.17671315
681292,0.3734379
681293,0.041861083
681294,0.015645334
681295,0.9952577
681296,0.024156645
681297,0.015202096
681298,0.017612403
681299,0.17449825
681300,0.05567289
681301,0.8414664
681302,0.99692893
681303,0.007660695
681304,0.09127264
681305,0.20406231
681306,0.337855
681307,0.7136158
681308,0.13823965
681309,0.014516136
681310,0.71586335
681311,0.9844474
681312,0.095443495
681313,0.4480043
681314,0.017109107
681315,0.24304733
681316,0.9968825
681317,0.02508796
681318,0.0067400546
681319,0.025503378
681320,0.98230207
681321,0.985557
681322,0.008562854
681323,0.4167951
681324,0.11460121
681325,0.1595773
681326,0.10712944
681327,0.12882061
681328,0.028483503
681329,0.03594492
681330,0.030945629
681331,0.051958013
681332,0.1384288
681333,0.0034864368
681334,0.01033256
681335,0.16274577
681336,0.7718014
681337,0.10573049
681338,0.99575794
681339,0.601761
681340,0.027781585
681341,0.27125734
681342,0.99543333
681343,0.986076
681344,0.36330265
681345,0.037230425
681346,0.998044
681347,0.9829007
681348,0.98127234
681349,0.32425833
681350,0.37764838
681351,0.01092855
681352,0.9657758
681353,0.2737661
681354,0.099155255
681355,0.9972704
681356,0.193318
681357,0.92293155
681358,0.9540646
681359,0.9517053
681360,0.03858822
681361,0.06111732
681362,0.13268569
681363,0.05761031
681364,0.9723271
681365,0.057497784
681366,0.62249315
681367,0.95881665
681368,0.23711276
681369,0.1308881
681370,0.09840915
681371,0.007323868
681372,0.9815032
681373,0.005132713
681374,0.023589024
681375,0.037920132
681376,0.9970223
681377,0.99654067
681378,0.71418214
681379,0.93071425
681380,0.24760707
681381,0.290962
681382,0.006026377
681383,0.06486932
681384,0.010602056
681385,0.9777367
681386,0.045935106
681387,0.022734817
681388,0.060093775
681389,0.7841324
681390,0.90510374
681391,0.018458195
681392,0.9993839
681393,0.024644122
681394,0.004452876
681395,0.24237174
681396,0.9587397
681397,0.86556774
681398,0.99680233
681399,0.9835042
681400,0.002348375
681401,0.8542873
681402,0.0075903623
681403,0.017388416
681404,0.15730888
681405,0.8369366
681406,0.29871282
681407,0.99686193
681408,0.96670836
681409,0.008307819
681410,0.8444291
681411,0.004675866
681412,0.2548397
681413,0.7986379
681414,0.85868627
681415,0.99317205
681416,0.020517325
681417,0.011673925
681418,0.013007707
681419,0.05746771
681420,0.9587
681421,0.9883414
681422,0.96386397
681423,0.027838413
681424,0.008807877
681425,0.6276708
681426,0.009136224
681427,0.21448225
681428,0.9971971
681429,0.5007229
681430,0.0064819045
681431,0.045213185
681432,0.6315839
681433,0.9848521
681434,0.9906778
681435,0.9848855
681436,0.4335983
681437,0.93999755
681438,0.5147025
681439,0.009583491
681440,0.90781915
681441,0.042188615
681442,0.0061425623
681443,0.9964054
681444,0.07208895
681445,0.15794602
681446,0.99716973
681447,0.64211136
681448,0.061997544
681449,0.05850958
681450,0.0027500398
681451,0.07418546
681452,0.9703721
681453,0.025337644
681454,0.12419266
681455,0.48459333
681456,0.97067165
681457,0.96282285
681458,0.042482156
681459,0.74162227
681460,0.8513849
681461,0.9932784
681462,0.9684272
681463,0.48117885
681464,0.02259548
681465,0.006229885
681466,0.1050376
681467,0.004214433
681468,0.012594344
681469,0.62263143
681470,0.014274138
681471,0.04820923
681472,0.09099475
681473,0.94470817
681474,0.1276711
681475,0.0048075994
681476,0.07071651
681477,0.0132359965
681478,0.10347062
681479,0.8509837
681480,0.0071065295
681481,0.96764386
681482,0.029173862
681483,0.44650674
681484,0.96636534
681485,0.34715608
681486,0.21898586
681487,0.2831167
681488,0.980987
681489,0.009819912
681490,0.25800216
681491,0.43329138
681492,0.025079582
681493,0.4138701
681494,0.017351665
681495,0.17143409
681496,0.3039562
681497,0.09749159
681498,0.0016142979
681499,0.03978703
681500,0.9826543
681501,0.42221835
681502,0.09017547
681503,0.069951564
681504,0.01523847
681505,0.97898114
681506,0.011367771
681507,0.008396456
681508,0.03404415
681509,0.0043185456
681510,0.96756214
681511,0.030390333
681512,0.34342968
681513,0.04705772
681514,0.3342484
681515,0.14073819
681516,0.2893828
681517,0.996571
681518,0.012312662
681519,0.032449163
681520,0.9624558
681521,0.05215734
681522,0.767533
681523,0.9756167
681524,0.01627009
681525,0.9962228
681526,0.90300703
681527,0.051687058
681528,0.07128328
681529,0.007336371
681530,0.027225234
681531,0.2994094
681532,0.2501336
681533,0.9834914
681534,0.41502592
681535,0.9009655
681536,0.08087782
681537,0.9773538
681538,0.51285326
681539,0.9448625
681540,0.46024925
681541,0.033064723
681542,0.99771243
681543,0.9549189
681544,0.08160956
681545,0.084826544
681546,0.99704033
681547,0.19698909
681548,0.9753082
681549,0.9774982
681550,0.01944426
681551,0.9986222
681552,0.9810822
681553,0.03904219
681554,0.97657156
681555,0.69064647
681556,0.006141386
681557,0.9806552
681558,0.06345199
681559,0.976226
681560,0.9801526
681561,0.86664623
681562,0.2562159
681563,0.9648215
681564,0.9800021
681565,0.9360165
681566,0.71506894
681567,0.022520015
681568,0.9881623
681569,0.038162805
681570,0.0024771555
681571,0.64266044
681572,0.9680635
681573,0.12884921
681574,0.009791262
681575,0.0052613025
681576,0.009768836
681577,0.7238137
681578,0.10049262
681579,0.10960632
681580,0.63889444
681581,0.99319184
681582,0.97656685
681583,0.18506998
681584,0.9566564
681585,0.0058215167
681586,0.06325503
681587,0.7113432
681588,0.91502297
681589,0.9971961
681590,0.039623547
681591,0.9965915
681592,0.13922429
681593,0.99373156
681594,0.025058368
681595,0.9958434
681596,0.90681064
681597,0.09949987
681598,0.008953681
681599,0.99235624
681600,0.08528995
681601,0.9635359
681602,0.36959243
681603,0.4224838
681604,0.98882157
681605,0.01196905
681606,0.9792139
681607,0.02295459
681608,0.9809173
681609,0.06601831
681610,0.555782
681611,0.030008841
681612,0.87256277
681613,0.9755257
681614,0.9295043
681615,0.104723014
681616,0.99731725
681617,0.9686334
681618,0.43526912
681619,0.011785704
681620,0.9590631
681621,0.020054111
681622,0.14491174
681623,0.016045311
681624,0.078028984
681625,0.9817064
681626,0.5123479
681627,0.9100342
681628,0.45553702
681629,0.0028014046
681630,0.87316644
681631,0.026680134
681632,0.8623735
681633,0.9612229
681634,0.9787847
681635,0.033402875
681636,0.78579044
681637,0.0034308606
681638,0.97995216
681639,0.07637355
681640,0.014718726
681641,0.9689272
681642,0.43896347
681643,0.85832274
681644,0.13702862
681645,0.99709
681646,0.9798112
681647,0.27585283
681648,0.10896239
681649,0.041685153
681650,0.0037492807
681651,0.10220022
681652,0.7053516
681653,0.5292511
681654,0.7653581
681655,0.009085897
681656,0.005847522
681657,0.96589184
681658,0.07223991
681659,0.17714472
681660,0.91919124
681661,0.9982369
681662,0.32248616
681663,0.019205714
681664,0.99678755
681665,0.88701236
681666,0.9266759
681667,0.017211527
681668,0.8832301
681669,0.011639757
681670,0.8767954
681671,0.0063618002
681672,0.9406263
681673,0.06350782
681674,0.016558832
681675,0.010858356
681676,0.9892762
681677,0.012936296
681678,0.84083635
681679,0.24461602
681680,0.020779563
681681,0.0075541567
681682,0.98771834
681683,0.3730903
681684,0.012476384
681685,0.9799328
681686,0.9994287
681687,0.98337483
681688,0.9720069
681689,0.9840551
681690,0.1431791
681691,0.027455837
681692,0.18225694
681693,0.9827999
681694,0.004152741
681695,0.3448472
681696,0.09060079
681697,0.6317742
681698,0.014045629
681699,0.8200437
681700,0.9444207
681701,0.11337149
681702,0.09204814
681703,0.9941167
681704,0.99950796
681705,0.012182334
681706,0.02908893
681707,0.99332136
681708,0.8723129
681709,0.011233658
681710,0.041155614
681711,0.041223858
681712,0.911242
681713,0.9100189
681714,0.060450897
681715,0.53564024
681716,0.97859514
681717,0.82667285
681718,0.9768245
681719,0.9723265
681720,0.98552245
681721,0.021212462
681722,0.9922624
681723,0.059454028
681724,0.83364224
681725,0.9615024
681726,0.14903623
681727,0.9858473
681728,0.0035740817
681729,0.8256221
681730,0.6883865
681731,0.55213994
681732,0.045409676
681733,0.51478434
681734,0.36355978
681735,0.13093413
681736,0.6506191
681737,0.09455182
681738,0.68336415
681739,0.9950874
681740,0.22548065
681741,0.022021916
681742,0.96858644
681743,0.45774794
681744,0.995812
681745,0.23124036
681746,0.09766839
681747,0.31624728
681748,0.99873924
681749,0.023603803
681750,0.82085854
681751,0.34304205
681752,0.9681151
681753,0.006532187
681754,0.010405578
681755,0.11244681
681756,0.9987903
681757,0.8202046
681758,0.9825863
681759,0.9741682
681760,0.16872603
681761,0.14365599
681762,0.7821027
681763,0.9158918
681764,0.4403313
681765,0.121651
681766,0.41010207
681767,0.027096542
681768,0.021097058
681769,0.66396755
681770,0.55373657
681771,0.124393746
681772,0.99506533
681773,0.22907011
681774,0.9143271
681775,0.9845095
681776,0.79097265
681777,0.52578753
681778,0.026395522
681779,0.044092193
681780,0.0033840695
681781,0.99870795
681782,0.17876926
681783,0.27043194
681784,0.16121525
681785,0.0029938547
681786,0.009334537
681787,0.99556583
681788,0.0053566787
681789,0.9325945
681790,0.46466407
681791,0.006597959
681792,0.26722053
681793,0.010118615
681794,0.43334773
681795,0.9842459
681796,0.9980943
681797,0.021109564
681798,0.04102886
681799,0.7997726
681800,0.0066020163
681801,0.9513997
681802,0.006011531
681803,0.4091809
681804,0.23226893
681805,0.0058668707
681806,0.56024253
681807,0.06603406
681808,0.9919356
681809,0.96146303
681810,0.011357762
681811,0.009506266
681812,0.019823477
681813,0.9461715
681814,0.018201211
681815,0.6768494
681816,0.21579522
681817,0.0787299
681818,0.047476046
681819,0.0030489208
681820,0.047620796
681821,0.884933
681822,0.009979161
681823,0.0548806
681824,0.95934665
681825,0.98402077
681826,0.008833806
681827,0.99202186
681828,0.973482
681829,0.9295321
681830,0.56329274
681831,0.4983678
681832,0.9993578
681833,0.018503482
681834,0.049912788
681835,0.9989451
681836,0.95523214
681837,0.022357024
681838,0.97165793
681839,0.009429257
681840,0.36293748
681841,0.10173666
681842,0.0020421073
681843,0.725944
681844,0.7114308
681845,0.91545284
681846,0.9283613
681847,0.9264127
681848,0.20953831
681849,0.040902093
681850,0.14802948
681851,0.0032057934
681852,0.93767035
681853,0.97398096
681854,0.13523337
681855,0.10112098
681856,0.7871834
681857,0.58058286
681858,0.0025305513
681859,0.0084476685
681860,0.011857386
681861,0.058213867
681862,0.7697644
681863,0.023240404
681864,0.9997951
681865,0.8369998
681866,0.99870926
681867,0.9928922
681868,0.998747
681869,0.9579414
681870,0.14373906
681871,0.23873116
681872,0.59428483
681873,0.9720689
681874,0.74817467
681875,0.028004369
681876,0.15657392
681877,0.9944857
681878,0.072793186
681879,0.0032448063
681880,0.11504777
681881,0.98417425
681882,0.95966685
681883,0.6700337
681884,0.023467015
681885,0.16351755
681886,0.9966159
681887,0.24904646
681888,0.10615429
681889,0.017684242
681890,0.13277467
681891,0.3700141
681892,0.9468509
681893,0.8972614
681894,0.022020403
681895,0.95152533
681896,0.15585242
681897,0.012915462
681898,0.98597497
681899,0.996201
681900,0.9707387
681901,0.019630585
681902,0.84790874
681903,0.98597115
681904,0.025668327
681905,0.78822696
681906,0.7932544
681907,0.016584057
681908,0.43984738
681909,0.9333408
681910,0.9022773
681911,0.016554141
681912,0.7090003
681913,0.004063471
681914,0.09060277
681915,0.21662524
681916,0.448955
681917,0.99683
681918,0.023501802
681919,0.9797115
681920,0.8097857
681921,0.18035813
681922,0.11318469
681923,0.98229796
681924,0.060851417
681925,0.0066288435
681926,0.18727064
681927,0.050655298
681928,0.04254725
681929,0.020948188
681930,0.08443433
681931,0.89451027
681932,0.9454429
681933,0.3444275
681934,0.9580851
681935,0.2500698
681936,0.0070287217
681937,0.89871556
681938,0.016793914
681939,0.87456363
681940,0.8161601
681941,0.0027754733
681942,0.46323165
681943,0.9309113
681944,0.66221356
681945,0.97384
681946,0.03375359
681947,0.068190694
681948,0.9793952
681949,0.011701447
681950,0.9858848
681951,0.8450579
681952,0.17312552
681953,0.011316571
681954,0.009255565
681955,0.9703795
681956,0.22321989
681957,0.014842273
681958,0.9582802
681959,0.0167761
681960,0.02790524
681961,0.96944326
681962,0.97117364
681963,0.49117962
681964,0.8181037
681965,0.9721364
681966,0.99565077
681967,0.7640692
681968,0.19320522
681969,0.47094697
681970,0.093299314
681971,0.99707633
681972,0.4323664
681973,0.052394815
681974,0.019969195
681975,0.9215169
681976,0.9849387
681977,0.9499279
681978,0.00990645
681979,0.96204436
681980,0.99728113
681981,0.78776896
681982,0.013183187
681983,0.013392345
681984,0.00079928624
681985,0.5775564
681986,0.98923594
681987,0.39349088
681988,0.8603329
681989,0.06640837
681990,0.36791247
681991,0.025063254
681992,0.11414789
681993,0.9981332
681994,0.691677
681995,0.032795265
681996,0.016720423
681997,0.1623186
681998,0.08818555
681999,0.0045334357
682000,0.9910017
682001,0.9897069
682002,0.9748178
682003,0.026324334
682004,0.9834735
682005,0.96608883
682006,0.5399087
682007,0.019093072
682008,0.9760257
682009,0.052460056
682010,0.01378063
682011,0.011272675
682012,0.010693142
682013,0.8280175
682014,0.008950704
682015,0.02769963
682016,0.05581454
682017,0.9879709
682018,0.05759467
682019,0.81390834
682020,0.025452027
682021,0.9975539
682022,0.82029605
682023,0.08718406
682024,0.83757585
682025,0.087885566
682026,0.072973914
682027,0.88699675
682028,0.91042304
682029,0.28061926
682030,0.52245444
682031,0.97600853
682032,0.7816773
682033,0.051871058
682034,0.56819713
682035,0.81593496
682036,0.35242423
682037,0.11982
682038,0.8782706
682039,0.032823905
682040,0.9191283
682041,0.12173414
682042,0.0084323315
682043,0.022631908
682044,0.9894796
682045,0.21432519
682046,0.7435601
682047,0.012954584
682048,0.027803324
682049,0.008275719
682050,0.9996806
682051,0.65141314
682052,0.020942684
682053,0.99186015
682054,0.72914773
682055,0.22811037
682056,0.022521896
682057,0.99170274
682058,0.16369237
682059,0.68822753
682060,0.11054443
682061,0.7113433
682062,0.031070465
682063,0.95319426
682064,0.069662474
682065,0.28827375
682066,0.9976866
682067,0.077724695
682068,0.98955745
682069,0.056167725
682070,0.96798706
682071,0.5463882
682072,0.19927871
682073,0.985898
682074,0.032071546
682075,0.006018351
682076,0.3077801
682077,0.9675836
682078,0.9829114
682079,0.03851272
682080,0.9472833
682081,0.04693646
682082,0.9975784
682083,0.81145465
682084,0.19227447
682085,0.9954071
682086,0.003789957
682087,0.01847908
682088,0.9992843
682089,0.57409424
682090,0.9317496
682091,0.99231774
682092,0.16640994
682093,0.84167343
682094,0.01760345
682095,0.89239013
682096,0.006294098
682097,0.99924207
682098,0.020029202
682099,0.01016685
682100,0.98577666
682101,0.00084899226
682102,0.9955341
682103,0.041457817
682104,0.8760397
682105,0.22685568
682106,0.92715114
682107,0.05524668
682108,0.9545599
682109,0.10593037
682110,0.9884626
682111,0.97844243
682112,0.12718287
682113,0.5123826
682114,0.054306917
682115,0.99906904
682116,0.7453638
682117,0.17282018
682118,0.98996913
682119,0.996151
682120,0.9947538
682121,0.041866437
682122,0.99714357
682123,0.118600026
682124,0.30774593
682125,0.12639682
682126,0.99834126
682127,0.33913663
682128,0.98371863
682129,0.032916114
682130,0.9897535
682131,0.53335536
682132,0.013629332
682133,0.21907279
682134,0.841354
682135,0.8405089
682136,0.5390001
682137,0.0074530044
682138,0.025953662
682139,0.015416375
682140,0.985349
682141,0.0081237275
682142,0.046885256
682143,0.008182511
682144,0.9843867
682145,0.9900402
682146,0.062118873
682147,0.5892333
682148,0.10784797
682149,0.019035948
682150,0.072480865
682151,0.26238418
682152,0.9863316
682153,0.5961784
682154,0.046023138
682155,0.107159995
682156,0.052619193
682157,0.06843424
682158,0.99338233
682159,0.91177166
682160,0.10241912
682161,0.044594
682162,0.9890494
682163,0.007269858
682164,0.0110179745
682165,0.9846438
682166,0.2026505
682167,0.1094152
682168,0.8224
682169,0.71965533
682170,0.95490944
682171,0.14694357
682172,0.022468695
682173,0.7873028
682174,0.70853627
682175,0.009938089
682176,0.0032386084
682177,0.7397777
682178,0.20503907
682179,0.0038328415
682180,0.04277356
682181,0.010989073
682182,0.9968075
682183,0.9882292
682184,0.016612679
682185,0.21043386
682186,0.4449964
682187,0.60074323
682188,0.051995162
682189,0.009035886
682190,0.772961
682191,0.9212368
682192,0.0028481635
682193,0.9529115
682194,0.122817904
682195,0.9957537
682196,0.96125
682197,0.9374096
682198,0.049559627
682199,0.8747869
682200,0.13007504
682201,0.58419657
682202,0.9841945
682203,0.93895185
682204,0.051715378
682205,0.9960977
682206,0.0014195794
682207,0.84979975
682208,0.34335548
682209,0.959257
682210,0.15883781
682211,0.3041346
682212,0.96064264
682213,0.0091669895
682214,0.87454915
682215,0.24344839
682216,0.03897249
682217,0.049714
682218,0.2751059
682219,0.82027465
682220,0.62874156
682221,0.9800801
682222,0.010044964
682223,0.4801913
682224,0.889839
682225,0.95544636
682226,0.000736393
682227,0.98977935
682228,0.9802685
682229,0.99111426
682230,0.9216274
682231,0.27712414
682232,0.000274166
682233,0.75050247
682234,0.8575635
682235,0.0050282963
682236,0.92140293
682237,0.02270724
682238,0.96233517
682239,0.015212952
682240,0.9961152
682241,0.9271884
682242,0.17062095
682243,0.99453616
682244,0.021744825
682245,0.9971924
682246,0.9849616
682247,0.18932664
682248,0.025210321
682249,0.9967048
682250,0.7658295
682251,0.07047935
682252,0.12500787
682253,0.6893718
682254,0.9468874
682255,0.3934841
682256,0.8606154
682257,0.97997594
682258,0.9348057
682259,0.011207773
682260,0.5726101
682261,0.14788592
682262,0.9985413
682263,0.044929627
682264,0.9917213
682265,0.19918203
682266,0.56979537
682267,0.06076949
682268,0.9929447
682269,0.17019704
682270,0.046793018
682271,0.19527236
682272,0.9907189
682273,0.8796781
682274,0.11089775
682275,0.9974022
682276,0.85437715
682277,0.9807129
682278,0.028093109
682279,0.8727563
682280,0.020283274
682281,0.029692113
682282,0.93418074
682283,0.75897884
682284,0.49223632
682285,0.1314015
682286,0.01216542
682287,0.93373233
682288,0.06711411
682289,0.0020633487
682290,0.5982455
682291,0.99189335
682292,0.18640183
682293,0.7376462
682294,0.019140225
682295,0.18217915
682296,0.14457406
682297,0.0710791
682298,0.046237107
682299,0.012182978
682300,0.88112867
682301,0.0024216417
682302,0.045999784
682303,0.94129676
682304,0.8128171
682305,0.092133954
682306,0.78391683
682307,0.095956884
682308,0.9190253
682309,0.017406717
682310,0.12982588
682311,0.929643
682312,0.74392086
682313,0.008792378
682314,0.11921971
682315,0.4759012
682316,0.9864391
682317,0.0637033
682318,0.99358404
682319,0.99032855
682320,0.59457237
682321,0.39859954
682322,0.9585819
682323,0.011431595
682324,0.48853663
682325,0.028446602
682326,0.8336305
682327,0.01234035
682328,0.050773915
682329,0.08094907
682330,0.99822545
682331,0.36521998
682332,0.00737207
682333,0.28060296
682334,0.029071316
682335,0.021076601
682336,0.043339036
682337,0.016647244
682338,0.2027131
682339,0.029415935
682340,0.016836572
682341,0.91558397
682342,0.99541223
682343,0.6515485
682344,0.9890394
682345,0.99632525
682346,0.9808761
682347,0.09625235
682348,0.0034180214
682349,0.1813997
682350,0.04903178
682351,0.1911752
682352,0.036415804
682353,0.7656865
682354,0.057257168
682355,0.72963136
682356,0.0524524
682357,0.02489943
682358,0.017277624
682359,0.9861121
682360,0.14952733
682361,0.4024476
682362,0.011772545
682363,0.0051288037
682364,0.005481367
682365,0.047217377
682366,0.02540493
682367,0.29408535
682368,0.22977056
682369,0.37020898
682370,0.99909747
682371,0.07642667
682372,0.86489624
682373,0.1261504
682374,0.84818196
682375,0.00710689
682376,0.24524376
682377,0.042382322
682378,0.006573224
682379,0.6875275
682380,0.008629119
682381,0.9970321
682382,0.0391792
682383,0.0046891607
682384,0.05099605
682385,0.19157806
682386,0.08318295
682387,0.9514121
682388,0.1791189
682389,0.9914608
682390,0.10206046
682391,0.99794286
682392,0.018496789
682393,0.13900144
682394,0.13875666
682395,0.04344675
682396,0.88502145
682397,0.06879089
682398,0.47446078
682399,0.22996001
682400,0.02206764
682401,0.75370437
682402,0.3834222
682403,0.035475507
682404,0.10336241
682405,0.020054638
682406,0.9996891
682407,0.6983902
682408,0.91705227
682409,0.059621863
682410,0.90858525
682411,0.011116127
682412,0.9851815
682413,0.98925865
682414,0.004599194
682415,0.8598272
682416,0.60046846
682417,0.83931255
682418,0.9990365
682419,0.4219828
682420,0.75793535
682421,0.018493358
682422,0.9931457
682423,0.035052173
682424,0.09671084
682425,0.99505305
682426,0.14819573
682427,0.15902892
682428,0.0864623
682429,0.9807288
682430,0.94751954
682431,0.9946059
682432,0.012164679
682433,0.022523668
682434,0.9915165
682435,0.11442982
682436,0.5885676
682437,0.008448252
682438,0.99336636
682439,0.96778125
682440,0.99010503
682441,0.013018085
682442,0.042307727
682443,0.010481197
682444,0.002648044
682445,0.34708032
682446,0.51502043
682447,0.8673895
682448,0.7770608
682449,0.98211014
682450,0.9972044
682451,0.99704576
682452,0.003626349
682453,0.32073915
682454,0.99790376
682455,0.9672027
682456,0.3199317
682457,0.008886143
682458,0.97856694
682459,0.93748975
682460,0.059225023
682461,0.11682938
682462,0.45568871
682463,0.9795384
682464,0.98880935
682465,0.08014895
682466,0.14369716
682467,0.02530485
682468,0.016118843
682469,0.89575756
682470,0.8063216
682471,0.024927054
682472,0.46218193
682473,0.2820653
682474,0.0049858456
682475,0.00634071
682476,0.25669795
682477,0.099392235
682478,0.01508756
682479,0.9006425
682480,0.8950227
682481,0.5968659
682482,0.5827063
682483,0.7998726
682484,0.00469012
682485,0.039471615
682486,0.036614463
682487,0.06916645
682488,0.088015616
682489,0.012549743
682490,0.09095827
682491,0.5107989
682492,0.0020510936
682493,0.017000753
682494,0.9925027
682495,0.004084667
682496,0.3986688
682497,0.52799034
682498,0.694913
682499,0.9680187
682500,0.0832023
682501,0.006941146
682502,0.9963349
682503,0.024731439
682504,0.009750366
682505,0.8972422
682506,0.041808125
682507,0.9945933
682508,0.2039144
682509,0.60826397
682510,0.9934082
682511,0.26774788
682512,0.96703416
682513,0.9920709
682514,0.99075997
682515,0.8024941
682516,0.06323171
682517,0.7041047
682518,0.041876506
682519,0.044734385
682520,0.74666566
682521,0.9653137
682522,0.7050433
682523,0.12844458
682524,0.5214518
682525,0.54022986
682526,0.70830846
682527,0.002933219
682528,0.7540549
682529,0.006377032
682530,0.15110913
682531,0.9910236
682532,0.9340997
682533,0.04891208
682534,0.027905686
682535,0.8925959
682536,0.014146752
682537,0.9837917
682538,0.6260786
682539,0.006941878
682540,0.038898572
682541,0.0049716365
682542,0.25179097
682543,0.003083826
682544,0.9975947
682545,0.7954973
682546,0.9916611
682547,0.055568583
682548,0.9547027
682549,0.94532293
682550,0.24231611
682551,0.87838984
682552,0.013222366
682553,0.873518
682554,0.10276669
682555,0.92729616
682556,0.78470594
682557,0.99644786
682558,0.5363617
682559,0.39247486
682560,0.99246335
682561,0.09409477
682562,0.028557569
682563,0.99610376
682564,0.046301037
682565,0.0055292463
682566,0.0128024
682567,0.77604544
682568,0.94729185
682569,0.026025172
682570,0.352202
682571,0.021550674
682572,0.39704716
682573,0.06777153
682574,0.010407997
682575,0.9617506
682576,0.9970168
682577,0.81435007
682578,0.7315946
682579,0.1049389
682580,0.9369289
682581,0.020175159
682582,0.024700675
682583,0.7952869
682584,0.50029236
682585,0.9626297
682586,0.40761003
682587,0.9763145
682588,0.97060263
682589,0.411661
682590,0.7657903
682591,0.12485574
682592,0.009147476
682593,0.14607126
682594,0.42218593
682595,0.29910243
682596,0.18183213
682597,0.89996225
682598,0.022744207
682599,0.98445374
682600,0.010628227
682601,0.9961735
682602,0.90974975
682603,0.9965559
682604,0.97700596
682605,0.01214946
682606,0.050787583
682607,0.12156234
682608,0.9936895
682609,0.012271319
682610,0.013452013
682611,0.73398954
682612,0.009046101
682613,0.15233389
682614,0.013726678
682615,0.001480205
682616,0.81044036
682617,0.017046751
682618,0.86389196
682619,0.37054738
682620,0.40016544
682621,0.8491288
682622,0.2835272
682623,0.9754724
682624,0.9067732
682625,0.36700395
682626,0.99544287
682627,0.066028595
682628,0.6318408
682629,0.9911618
682630,0.0049894294
682631,0.9396806
682632,0.9673253
682633,0.43560982
682634,0.13117751
682635,0.7016118
682636,0.024180038
682637,0.32336518
682638,0.35052553
682639,0.95521706
682640,0.06268822
682641,0.012461032
682642,0.034855947
682643,0.007154608
682644,0.9861653
682645,0.14627753
682646,0.9842517
682647,0.11858033
682648,0.19415735
682649,0.7271036
682650,0.99812734
682651,0.9850792
682652,0.9265446
682653,0.14311275
682654,0.9244807
682655,0.028609656
682656,0.008029951
682657,0.12702791
682658,0.97379833
682659,0.021136422
682660,0.31321388
682661,0.68761194
682662,0.049242213
682663,0.009425944
682664,0.99460024
682665,0.9898776
682666,0.9960937
682667,0.98365664
682668,0.025959425
682669,0.9851189
682670,0.9519545
682671,0.030789416
682672,0.02149251
682673,0.006870199
682674,0.95302534
682675,0.99708164
682676,0.31883544
682677,0.027280109
682678,0.26123083
682679,0.0027710155
682680,0.50193036
682681,0.9935438
682682,0.9835428
682683,0.50987244
682684,0.9197978
682685,0.0016381985
682686,0.55057985
682687,0.84879434
682688,0.9795769
682689,0.38632026
682690,0.0025454976
682691,0.87591577
682692,0.99202955
682693,0.10823937
682694,0.27418154
682695,0.028158685
682696,0.9386778
682697,0.19329599
682698,0.06750013
682699,0.012204478
682700,0.975926
682701,0.19715112
682702,0.8272133
682703,0.99649256
682704,0.0912126
682705,0.0049193497
682706,0.002433358
682707,0.004115542
682708,0.983602
682709,0.003010881
682710,0.96360743
682711,0.9994005
682712,0.009969172
682713,0.55953074
682714,0.005854876
682715,0.42211628
682716,0.1668232
682717,0.18375623
682718,0.006059679
682719,0.012586143
682720,0.7782382
682721,0.012694147
682722,0.011256569
682723,0.819548
682724,0.475307
682725,0.0049044127
682726,0.98471904
682727,0.057162452
682728,0.028744569
682729,0.91936153
682730,0.47898608
682731,0.99397254
682732,0.1268512
682733,0.98495734
682734,0.021075387
682735,0.058105804
682736,0.7070359
682737,0.9933281
682738,0.94167423
682739,0.0076645515
682740,0.068230666
682741,0.005091103
682742,0.03732369
682743,0.69195133
682744,0.43081978
682745,0.11123163
682746,0.06526033
682747,0.07764635
682748,0.98618555
682749,0.74209815
682750,0.019898605
682751,0.9925286
682752,0.07131176
682753,0.11735907
682754,0.9925238
682755,0.012574421
682756,0.39348972
682757,0.15293084
682758,0.99755144
682759,0.9875743
682760,0.764959
682761,0.7053935
682762,0.12150569
682763,0.99740833
682764,0.07309296
682765,0.87177986
682766,0.11759891
682767,0.053508013
682768,0.32354867
682769,0.038173303
682770,0.021360036
682771,0.9504374
682772,0.9972419
682773,0.94226164
682774,0.0085594775
682775,0.0045749387
682776,0.9957643
682777,0.98629385
682778,0.9621863
682779,0.012168114
682780,0.037599817
682781,0.022721969
682782,0.07625457
682783,0.04129173
682784,0.97802013
682785,0.8041189
682786,0.010276407
682787,0.9404836
682788,0.0011876189
682789,0.997125
682790,0.025949271
682791,0.1289784
682792,0.9783407
682793,0.03999195
682794,0.9967753
682795,0.040068783
682796,0.2019696
682797,0.013057853
682798,0.0043137134
682799,0.971507
682800,0.122301504
682801,0.9969766
682802,0.012682832
682803,0.040428776
682804,0.6742649
682805,0.113011494
682806,0.31428513
682807,0.9992362
682808,0.011891898
682809,0.94936204
682810,0.1444771
682811,0.10780575
682812,0.9831631
682813,0.5124935
682814,0.97489303
682815,0.030066058
682816,0.08482464
682817,0.37957966
682818,0.068542875
682819,0.4427187
682820,0.02165223
682821,0.52954865
682822,0.20208253
682823,0.038611095
682824,0.9908044
682825,0.00096308824
682826,0.99835503
682827,0.9671658
682828,0.9907913
682829,0.04517822
682830,0.18669116
682831,0.9782518
682832,0.10809982
682833,0.16840763
682834,0.119721875
682835,0.97810376
682836,0.125033
682837,0.042934053
682838,0.01734184
682839,0.9957194
682840,0.012927736
682841,0.48701298
682842,0.023138989
682843,0.23155697
682844,0.106807895
682845,0.95313287
682846,0.9986992
682847,0.037172433
682848,0.31047356
682849,0.009524962
682850,0.30516005
682851,0.0007331678
682852,0.04427327
682853,0.0057278615
682854,0.82528317
682855,0.087477125
682856,0.69387376
682857,0.22207369
682858,0.0057002436
682859,0.23882943
682860,0.9115615
682861,0.04098849
682862,0.008308611
682863,0.74790037
682864,0.70498985
682865,0.57162625
682866,0.03448143
682867,0.019849245
682868,0.006935034
682869,0.7790728
682870,0.19811212
682871,0.0174031
682872,0.07107125
682873,0.059796758
682874,0.997532
682875,0.9401683
682876,0.013599096
682877,0.08000807
682878,0.02690643
682879,0.99666727
682880,0.029842539
682881,0.73510635
682882,0.0887083
682883,0.35762277
682884,0.9713198
682885,0.9828515
682886,0.9945126
682887,0.006548633
682888,0.9916619
682889,0.019498892
682890,0.9578118
682891,0.014645586
682892,0.04975751
682893,0.0056514284
682894,0.010517215
682895,0.0139910355
682896,0.00577215
682897,0.045593433
682898,0.99971163
682899,0.99715954
682900,0.97758484
682901,0.0036812476
682902,0.9180629
682903,0.97283053
682904,0.49176377
682905,0.99913585
682906,0.16869321
682907,0.008963294
682908,0.4352545
682909,0.9689325
682910,0.9898027
682911,0.84359276
682912,0.9461031
682913,0.0035662302
682914,0.79226696
682915,0.6064373
682916,0.04403797
682917,0.80214727
682918,0.98371774
682919,0.13450712
682920,0.015719604
682921,0.9954962
682922,0.037278336
682923,0.04531966
682924,0.9515476
682925,0.27296957
682926,0.51315594
682927,0.94020766
682928,0.0041046557
682929,0.9965868
682930,0.6409223
682931,0.84247386
682932,0.10755141
682933,0.019994296
682934,0.74314606
682935,0.93927324
682936,0.97607005
682937,0.5951686
682938,0.97140455
682939,0.004139874
682940,0.59353536
682941,0.17884907
682942,0.9969477
682943,0.4471601
682944,0.047742113
682945,0.9572546
682946,0.9901656
682947,0.92789334
682948,0.99333334
682949,0.006311182
682950,0.46005788
682951,0.019725408
682952,0.0046183886
682953,0.0367832
682954,0.009493478
682955,0.11421588
682956,0.5535836
682957,0.12555897
682958,0.013570991
682959,0.038443424
682960,0.09845424
682961,0.9857112
682962,0.98317134
682963,0.93000746
682964,0.24882957
682965,0.95889044
682966,0.41102323
682967,0.82706875
682968,0.35013217
682969,0.17143357
682970,0.012144539
682971,0.11727244
682972,0.012725025
682973,0.7055559
682974,0.9513691
682975,0.0044159098
682976,0.9963838
682977,0.10485188
682978,0.93767905
682979,0.98891455
682980,0.04401177
682981,0.02858008
682982,0.9726272
682983,0.04648193
682984,0.34776935
682985,0.34286714
682986,0.0013450254
682987,0.01388008
682988,0.020068869
682989,0.15845309
682990,0.99937767
682991,0.03684927
682992,0.98164713
682993,0.0029355036
682994,0.010904586
682995,0.032419074
682996,0.89135325
682997,0.3391582
682998,0.62470376
682999,0.0059757465
683000,0.79777473
683001,0.086909994
683002,0.035348024
683003,0.025951404
683004,0.027566954
683005,0.04906808
683006,0.8048197
683007,0.025430433
683008,0.021738948
683009,0.3193313
683010,0.97199905
683011,0.028752208
683012,0.025467161
683013,0.42017254
683014,0.9905297
683015,0.078837015
683016,0.029467724
683017,0.96894085
683018,0.7787367
683019,0.60556525
683020,0.041913144
683021,0.107736185
683022,0.8325975
683023,0.068574265
683024,0.09386478
683025,0.023268262
683026,0.9651409
683027,0.14100471
683028,0.79913545
683029,0.0032311585
683030,0.013112729
683031,0.960503
683032,0.9827331
683033,0.11155891
683034,0.013885558
683035,0.053490758
683036,0.11082624
683037,0.98430747
683038,0.20740065
683039,0.03455746
683040,0.005139348
683041,0.9469309
683042,0.82703495
683043,0.40258965
683044,0.9967945
683045,0.033418458
683046,0.9984969
683047,0.21649553
683048,0.063160434
683049,0.9215896
683050,0.9606559
683051,0.061669327
683052,0.9976244
683053,0.9970111
683054,0.014521599
683055,0.008005703
683056,0.09561
683057,0.26953718
683058,0.013494009
683059,0.9223329
683060,0.011467111
683061,0.32072955
683062,0.7863885
683063,0.7347677
683064,0.29715088
683065,0.9945838
683066,0.97392905
683067,0.010086751
683068,0.017119689
683069,0.5303507
683070,0.3235098
683071,0.66717726
683072,0.92021096
683073,0.0073064035
683074,0.9923751
683075,0.2767835
683076,0.9935563
683077,0.10659079
683078,0.9909388
683079,0.019534716
683080,0.9923023
683081,0.009417059
683082,0.02804106
683083,0.13247055
683084,0.80936205
683085,0.031511888
683086,0.079285204
683087,0.0150584355
683088,0.56186414
683089,0.011369892
683090,0.45148927
683091,0.00928394
683092,0.010795192
683093,0.07561666
683094,0.3326913
683095,0.94670045
683096,0.97370446
683097,0.95996577
683098,0.0076925927
683099,0.021833258
683100,0.84200233
683101,0.1015748
683102,0.21550387
683103,0.93186355
683104,0.12152669
683105,0.0032821957
683106,0.9353334
683107,0.92765766
683108,0.20447902
683109,0.009484331
683110,0.9710744
683111,0.9019829
683112,0.014874311
683113,0.7244008
683114,0.0067865136
683115,0.98261166
683116,0.004838327
683117,0.556281
683118,0.9614158
683119,0.25964856
683120,0.031987198
683121,0.7345172
683122,0.49828213
683123,0.9528865
683124,0.99733543
683125,0.0058785817
683126,0.8382338
683127,0.1997025
683128,0.2712373
683129,0.9861634
683130,0.9865012
683131,0.041814327
683132,0.06002944
683133,0.9926033
683134,0.020957205
683135,0.018267177
683136,0.20997632
683137,0.7318882
683138,0.66123664
683139,0.9462254
683140,0.96014565
683141,0.027475003
683142,0.88237447
683143,0.08415604
683144,0.23421773
683145,0.8370595
683146,0.9790401
683147,0.033077653
683148,0.9935459
683149,0.019995691
683150,0.94194126
683151,0.028914567
683152,0.6425751
683153,0.9982955
683154,0.9995105
683155,0.36036974
683156,0.05424667
683157,0.98718536
683158,0.88226986
683159,0.012776841
683160,0.18583314
683161,0.0884244
683162,0.0053190948
683163,0.49157935
683164,0.33627665
683165,0.9062605
683166,0.9830386
683167,0.95813453
683168,0.823159
683169,0.99705493
683170,0.11594853
683171,0.6036582
683172,0.036260568
683173,0.09000607
683174,0.031431414
683175,0.88402754
683176,0.9716525
683177,0.3245377
683178,0.7628409
683179,0.0148758795
683180,0.22610569
683181,0.008053357
683182,0.56619054
683183,0.20070058
683184,0.5443743
683185,0.96216106
683186,0.0064434325
683187,0.0040778117
683188,0.48184583
683189,0.8647188
683190,0.9846379
683191,0.96962905
683192,0.95497334
683193,0.99396884
683194,0.9196181
683195,0.31058866
683196,0.99938345
683197,0.853897
683198,0.015186344
683199,0.9250291
683200,0.04369457
683201,0.026696814
683202,0.21275572
683203,0.9917709
683204,0.020356687
683205,0.8692446
683206,0.97084475
683207,0.007463021
683208,0.027252082
683209,0.020981204
683210,0.01866249
683211,0.17285678
683212,0.98627055
683213,0.0029960754
683214,0.88459975
683215,0.004531054
683216,0.67692477
683217,0.047657855
683218,0.14303876
683219,0.95465255
683220,0.031568155
683221,0.013411055
683222,0.03213402
683223,0.99867773
683224,0.7282955
683225,0.0024493986
683226,0.008825625
683227,0.98483735
683228,0.99545217
683229,0.9257934
683230,0.008284554
683231,0.018993724
683232,0.7519756
683233,0.7379061
683234,0.1492793
683235,0.9861348
683236,0.7443491
683237,0.12687838
683238,0.9976374
683239,0.002096101
683240,0.9929671
683241,0.1478822
683242,0.022916343
683243,0.96472263
683244,0.98292303
683245,0.021978231
683246,0.96258104
683247,0.11289977
683248,0.016557764
683249,0.97890157
683250,0.9891853
683251,0.5946072
683252,0.34888378
683253,0.0072438484
683254,0.9271465
683255,0.009722302
683256,0.005583827
683257,0.9887513
683258,0.03355044
683259,0.14657384
683260,0.08856325
683261,0.70338655
683262,0.77549446
683263,0.83133614
683264,0.95636964
683265,0.9998099
683266,0.991464
683267,0.9942799
683268,0.9191645
683269,0.011855804
683270,0.9831834
683271,0.8586985
683272,0.09855216
683273,0.98290884
683274,0.01157108
683275,0.08053396
683276,0.04820213
683277,0.8380917
683278,0.02985553
683279,0.16818394
683280,0.02584256
683281,0.4522527
683282,0.98516893
683283,0.67675024
683284,0.8320085
683285,0.98473155
683286,0.3008431
683287,0.96528405
683288,0.20917635
683289,0.014693409
683290,0.01511239
683291,0.03168979
683292,0.013952903
683293,0.0057293754
683294,0.42859703
683295,0.9635357
683296,0.9448112
683297,0.0076383986
683298,0.92465055
683299,0.091564454
683300,0.9396684
683301,0.2506303
683302,0.26238543
683303,0.42573282
683304,0.057097197
683305,0.030322293
683306,0.01869531
683307,0.007596352
683308,0.9946876
683309,0.031691786
683310,0.05073861
683311,0.012417541
683312,0.94425815
683313,0.0017769724
683314,0.5136733
683315,0.9843203
683316,0.9847849
683317,0.0144012375
683318,0.11258667
683319,0.9307449
683320,0.793
683321,0.005391088
683322,0.67024636
683323,0.014932171
683324,0.0047584306
683325,0.30388895
683326,0.98982334
683327,0.6585932
683328,0.94851947
683329,0.95249736
683330,0.0033283627
683331,0.9522529
683332,0.85334617
683333,0.35529467
683334,0.7939903
683335,0.01228694
683336,0.03258356
683337,0.08783983
683338,0.9140246
683339,0.07737177
683340,0.97548294
683341,0.91205585
683342,0.008147557
683343,0.16470644
683344,0.013750124
683345,0.9908588
683346,0.98758703
683347,0.19421025
683348,0.7491553
683349,0.0032187393
683350,0.9348527
683351,0.10405356
683352,0.1028097
683353,0.021461265
683354,0.9898
683355,0.0043236567
683356,0.22046512
683357,0.078122154
683358,0.05393771
683359,0.9527125
683360,0.95962954
683361,0.8946265
683362,0.95872796
683363,0.09234945
683364,0.9251673
683365,0.10262669
683366,0.032002278
683367,0.017240088
683368,0.0024369084
683369,0.99783564
683370,0.009503022
683371,0.8181448
683372,0.24967825
683373,0.9912118
683374,0.01137737
683375,0.92145383
683376,0.015669525
683377,0.01819978
683378,0.007844073
683379,0.6447442
683380,0.27848718
683381,0.9884551
683382,0.119998224
683383,0.32615227
683384,0.878424
683385,0.883149
683386,0.9917491
683387,0.98173386
683388,0.052173667
683389,0.08374579
683390,0.028098613
683391,0.9824844
683392,0.7644237
683393,0.019689899
683394,0.97107244
683395,0.9085707
683396,0.086162195
683397,0.65486884
683398,0.027969545
683399,0.9586103
683400,0.95681965
683401,0.9738286
683402,0.00529746
683403,0.024669886
683404,0.95541596
683405,0.98262364
683406,0.92578095
683407,0.2350336
683408,0.8981692
683409,0.105115026
683410,0.7218596
683411,0.0019657146
683412,0.9852798
683413,0.99464726
683414,0.0014416067
683415,0.91255355
683416,0.9311037
683417,0.87703884
683418,0.0017732597
683419,0.9509538
683420,0.5445701
683421,0.1253475
683422,0.017054621
683423,0.17983659
683424,0.99884975
683425,0.021448854
683426,0.08050645
683427,0.076554835
683428,0.9605969
683429,0.8830962
683430,0.9917098
683431,0.040916514
683432,0.017341232
683433,0.005326026
683434,0.0018376193
683435,0.014948171
683436,0.2197662
683437,0.7723464
683438,0.28166744
683439,0.9594786
683440,0.9925093
683441,0.8059475
683442,0.03770246
683443,0.018891161
683444,0.98790634
683445,0.98307085
683446,0.753572
683447,0.511454
683448,0.5247233
683449,0.06626143
683450,0.14757942
683451,0.1788002
683452,0.7859227
683453,0.9451276
683454,0.02120201
683455,0.7582923
683456,0.99715966
683457,0.99599975
683458,0.044548985
683459,0.14477634
683460,0.9820099
683461,0.2417416
683462,0.73840725
683463,0.025724193
683464,0.95701593
683465,0.017004129
683466,0.03558186
683467,0.0079960935
683468,0.9872299
683469,0.016875459
683470,0.99573004
683471,0.06429637
683472,0.9938637
683473,0.6230123
683474,0.99427724
683475,0.8154036
683476,0.004855655
683477,0.9580854
683478,0.98976755
683479,0.00554428
683480,0.9484613
683481,0.9452609
683482,0.15186164
683483,0.48918837
683484,0.82178843
683485,0.089230284
683486,0.9399476
683487,0.91431767
683488,0.9956855
683489,0.0039656274
683490,0.9950288
683491,0.023648525
683492,0.012178242
683493,0.050021928
683494,0.04545342
683495,0.9950118
683496,0.2143087
683497,0.24762237
683498,0.0072824406
683499,0.93767476
683500,0.91642976
683501,0.1350942
683502,0.8857917
683503,0.9367403
683504,0.9821904
683505,0.99907243
683506,0.9863617
683507,0.9071661
683508,0.0044632503
683509,0.3226318
683510,0.7092796
683511,0.14325699
683512,0.9700099
683513,0.9395222
683514,0.039764475
683515,0.9603629
683516,0.012145374
683517,0.8476358
683518,0.95438457
683519,0.9594583
683520,0.92771596
683521,0.34966996
683522,0.9568604
683523,0.866808
683524,0.026512897
683525,0.033918682
683526,0.9976506
683527,0.91297925
683528,0.25230706
683529,0.29261285
683530,0.9510981
683531,0.9895176
683532,0.022917463
683533,0.846422
683534,0.0292942
683535,0.43065482
683536,0.32912162
683537,0.024617331
683538,0.9859277
683539,0.99333584
683540,0.0052552223
683541,0.17346808
683542,0.77237093
683543,0.99967873
683544,0.9282297
683545,0.9118813
683546,0.3544527
683547,0.32520294
683548,0.0035625813
683549,0.19714966
683550,0.9964982
683551,0.01306713
683552,0.9857301
683553,0.9989556
683554,0.30112976
683555,0.52369756
683556,0.1407755
683557,0.8437658
683558,0.99592495
683559,0.6140704
683560,0.33377755
683561,0.022180315
683562,0.8793485
683563,0.9958791
683564,0.9981017
683565,0.005418697
683566,0.9921949
683567,0.13216077
683568,0.22065835
683569,0.00697531
683570,0.97813743
683571,0.027972864
683572,0.012230355
683573,0.9558798
683574,0.3469811
683575,0.9969203
683576,0.19916032
683577,0.9011886
683578,0.018900579
683579,0.5378279
683580,0.9748653
683581,0.81517494
683582,0.7121226
683583,0.04808735
683584,0.9440628
683585,0.81627464
683586,0.99338174
683587,0.040137127
683588,0.18153802
683589,0.030429456
683590,0.015934156
683591,0.30560106
683592,0.058771405
683593,0.83947873
683594,0.016150206
683595,0.10931872
683596,0.010532731
683597,0.9904549
683598,0.056661226
683599,0.9912071
683600,0.9676318
683601,0.8661903
683602,0.03444677
683603,0.83054507
683604,0.23955183
683605,0.787279
683606,0.5068263
683607,0.5229482
683608,0.93409073
683609,0.9224489
683610,0.9128488
683611,0.99139965
683612,0.99303
683613,0.011996667
683614,0.06787917
683615,0.9892603
683616,0.96071756
683617,0.22801046
683618,0.05260858
683619,0.026929155
683620,0.31516755
683621,0.9744321
683622,0.98242676
683623,0.019607173
683624,0.23902744
683625,0.0046413457
683626,0.14355023
683627,0.988583
683628,0.9860774
683629,0.81803894
683630,0.011319784
683631,0.9657833
683632,0.9878708
683633,0.9346792
683634,0.10769004
683635,0.90716827
683636,0.9779404
683637,0.7207677
683638,0.9153416
683639,0.9167715
683640,0.52039486
683641,0.93768525
683642,0.02573209
683643,0.18774451
683644,0.20603925
683645,0.036255483
683646,0.026478127
683647,0.9950855
683648,0.09294829
683649,0.9879803
683650,0.98251987
683651,0.5048667
683652,0.026978187
683653,0.008675385
683654,0.9974357
683655,0.0476035
683656,0.57290554
683657,0.0203149
683658,0.97770864
683659,0.003320095
683660,0.13312143
683661,0.008199339
683662,0.48633945
683663,0.21511039
683664,0.10362412
683665,0.9949126
683666,0.016483303
683667,0.068112366
683668,0.00871103
683669,0.0073875263
683670,0.92104644
683671,0.050953507
683672,0.10150346
683673,0.9625534
683674,0.028455693
683675,0.105435245
683676,0.989662
683677,0.032295916
683678,0.7578953
683679,0.15010062
683680,0.012943371
683681,0.39662683
683682,0.9481799
683683,0.5976549
683684,0.8496628
683685,0.010030139
683686,0.02481795
683687,0.007830325
683688,0.90255433
683689,0.007977856
683690,0.091453545
683691,0.031941906
683692,0.6945175
683693,0.98993057
683694,0.9700565
683695,0.021891186
683696,0.06476935
683697,0.16663091
683698,0.02500965
683699,0.28094056
683700,0.15690209
683701,0.15550819
683702,0.029152263
683703,0.03372746
683704,0.5794765
683705,0.6898626
683706,0.95945376
683707,0.015011152
683708,0.983248
683709,0.32679594
683710,0.4525764
683711,0.04840462
683712,0.019545712
683713,0.7793185
683714,0.06568487
683715,0.9413035
683716,0.18246439
683717,0.38895166
683718,0.014868399
683719,0.07631335
683720,0.9744277
683721,0.29581872
683722,0.54347193
683723,0.56965166
683724,0.32056528
683725,0.63171554
683726,0.9871678
683727,0.2661428
683728,0.08899718
683729,0.027727876
683730,0.23963584
683731,0.9942354
683732,0.98452485
683733,0.017492302
683734,0.2741024
683735,0.3943035
683736,0.997922
683737,0.9594673
683738,0.8038987
683739,0.04836974
683740,0.05928671
683741,0.06748857
683742,0.92461044
683743,0.013885574
683744,0.61432344
683745,0.2806687
683746,0.85897976
683747,0.98477125
683748,0.0045727114
683749,0.9923437
683750,0.24055728
683751,0.66271126
683752,0.48202372
683753,0.89868534
683754,0.97446525
683755,0.018268766
683756,0.14494058
683757,0.09355521
683758,0.005550034
683759,0.020234339
683760,0.0958869
683761,0.014478571
683762,0.002262175
683763,0.14748822
683764,0.13287474
683765,0.9845573
683766,0.9692249
683767,0.8438313
683768,0.60464275
683769,0.02208733
683770,0.17895381
683771,0.037044853
683772,0.1555588
683773,0.9819697
683774,0.8600014
683775,0.9312619
683776,0.009713941
683777,0.697549
683778,0.98165923
683779,0.011735133
683780,0.0039938446
683781,0.99719334
683782,0.91111
683783,0.040086508
683784,0.83138025
683785,0.008110751
683786,0.019885203
683787,0.324811
683788,0.46321273
683789,0.9927024
683790,0.8920388
683791,0.045241516
683792,0.014249184
683793,0.03218645
683794,0.0033607783
683795,0.09595331
683796,0.59242624
683797,0.9872461
683798,0.7658305
683799,0.20425066
683800,0.8402714
683801,0.0056907567
683802,0.54666364
683803,0.9565418
683804,0.97797966
683805,0.10431204
683806,0.9862472
683807,0.27374366
683808,0.124040976
683809,0.04003767
683810,0.9972429
683811,0.4635951
683812,0.12105696
683813,0.013947715
683814,0.14495991
683815,0.032469813
683816,0.9172628
683817,0.6359638
683818,0.95570433
683819,0.030229654
683820,0.6794881
683821,0.5189335
683822,0.006508573
683823,0.993644
683824,0.9368073
683825,0.95342195
683826,0.40245673
683827,0.81066835
683828,0.39658144
683829,0.95978844
683830,0.012365701
683831,0.019879099
683832,0.11579288
683833,0.021610556
683834,0.017390782
683835,0.028193431
683836,0.9709568
683837,0.051176228
683838,0.15058906
683839,0.0050880346
683840,0.047199376
683841,0.014287983
683842,0.22082299
683843,0.96975076
683844,0.49588084
683845,0.9392848
683846,0.97604203
683847,0.32141173
683848,0.9626976
683849,0.035752375
683850,0.9985175
683851,0.067735195
683852,0.052897945
683853,0.20999199
683854,0.13961692
683855,0.05553782
683856,0.0350253
683857,0.10455261
683858,0.99884033
683859,0.072055876
683860,0.9753884
683861,0.16122632
683862,0.0757332
683863,0.14413743
683864,0.8736976
683865,0.020018466
683866,0.30116472
683867,0.75197554
683868,0.048126798
683869,0.9788735
683870,0.83526015
683871,0.9604045
683872,0.014732527
683873,0.81486523
683874,0.98390365
683875,0.027610317
683876,0.45912027
683877,0.021317007
683878,0.14924014
683879,0.25959808
683880,0.0021240239
683881,0.009765416
683882,0.14252803
683883,0.056602456
683884,0.65831983
683885,0.46815032
683886,0.98672676
683887,0.4509652
683888,0.0072509563
683889,0.1140755
683890,0.7917005
683891,0.4955345
683892,0.9972937
683893,0.9875455
683894,0.994897
683895,0.54182506
683896,0.6305837
683897,0.996584
683898,0.020862238
683899,0.185763
683900,0.11304104
683901,0.9920686
683902,0.5305604
683903,0.044698518
683904,0.022626335
683905,0.03855887
683906,0.9803657
683907,0.0036705302
683908,0.99734646
683909,0.69213295
683910,0.010188271
683911,0.055336326
683912,0.7680487
683913,0.9367026
683914,0.017828977
683915,0.9666067
683916,0.011940456
683917,0.88835835
683918,0.87375885
683919,0.415779
683920,0.0041168868
683921,0.09846393
683922,0.79593325
683923,0.0031682344
683924,0.28886274
683925,0.44833916
683926,0.08244819
683927,0.026650373
683928,0.9422157
683929,0.8376646
683930,0.9836533
683931,0.50233036
683932,0.90564805
683933,0.54170156
683934,0.011067802
683935,0.07788058
683936,0.80632013
683937,0.99270564
683938,0.9909841
683939,0.0038536116
683940,0.99509484
683941,0.016111296
683942,0.07943073
683943,0.02428809
683944,0.9186181
683945,0.014484847
683946,0.026030779
683947,0.26186028
683948,0.9914272
683949,0.9468658
683950,0.90711457
683951,0.027560815
683952,0.9921969
683953,0.67440796
683954,0.011896758
683955,0.03531737
683956,0.070908755
683957,0.007238195
683958,0.4106734
683959,0.96225727
683960,0.046880104
683961,0.97223526
683962,0.86772096
683963,0.985284
683964,0.8568809
683965,0.01240179
683966,0.029737363
683967,0.0038985563
683968,0.017527696
683969,0.8330915
683970,0.34007704
683971,0.16484302
683972,0.5586565
683973,0.9012224
683974,0.28165612
683975,0.30877057
683976,0.49282587
683977,0.6074695
683978,0.004883431
683979,0.42601383
683980,0.9926059
683981,0.040321387
683982,0.9973161
683983,0.9687331
683984,0.03414903
683985,0.9725831
683986,0.995855
683987,0.8298411
683988,0.06992296
683989,0.9969018
683990,0.9758014
683991,0.92793155
683992,0.031781495
683993,0.9730594
683994,0.94576764
683995,0.025295181
683996,0.99747396
683997,0.8959563
683998,0.09811531
683999,0.4650041
684000,0.9749426
684001,0.016074318
684002,0.7935432
684003,0.011209898
684004,0.8384384
684005,0.0062577263
684006,0.91431797
684007,0.987779
684008,0.997763
684009,0.9970599
684010,0.90859395
684011,0.6464651
684012,0.2908903
684013,0.015339067
684014,0.9819906
684015,0.0709785
684016,0.036860242
684017,0.9069967
684018,0.9910985
684019,0.1796435
684020,0.037276443
684021,0.052187376
684022,0.8863906
684023,0.006250716
684024,0.032669447
684025,0.12316369
684026,0.99629486
684027,0.56804717
684028,0.89959836
684029,0.16504572
684030,0.99791026
684031,0.0069742627
684032,0.95270836
684033,0.74908143
684034,0.007891939
684035,0.98116493
684036,0.039023712
684037,0.82257897
684038,0.32058364
684039,0.028121501
684040,0.007359775
684041,0.0051688785
684042,0.8085101
684043,0.80651593
684044,0.018093338
684045,0.52202356
684046,0.038889065
684047,0.040512733
684048,0.111428596
684049,0.008845083
684050,0.048560183
684051,0.9673345
684052,0.025917117
684053,0.023885453
684054,0.99110585
684055,0.98745656
684056,0.05352074
684057,0.9208488
684058,0.1550681
684059,0.71362966
684060,0.024450276
684061,0.06617724
684062,0.019987822
684063,0.99101657
684064,0.9813423
684065,0.9679005
684066,0.81466395
684067,0.066609524
684068,0.004956482
684069,0.01701897
684070,0.10794711
684071,0.56828046
684072,0.8355219
684073,0.9552777
684074,0.13893013
684075,0.021041432
684076,0.007082045
684077,0.051416837
684078,0.83286357
684079,0.019506827
684080,0.7919657
684081,0.8552948
684082,0.30846766
684083,0.07206397
684084,0.008687728
684085,0.95964813
684086,0.03524767
684087,0.89410657
684088,0.009629944
684089,0.050157256
684090,0.087662235
684091,0.060885184
684092,0.98119116
684093,0.1031523
684094,0.008277579
684095,0.58853555
684096,0.116254345
684097,0.8039081
684098,0.72307575
684099,0.98746866
684100,0.04884451
684101,0.095741086
684102,0.14120328
684103,0.29508454
684104,0.9693493
684105,0.031717226
684106,0.18424949
684107,0.04370542
684108,0.9944344
684109,0.9976038
684110,0.09255161
684111,0.017394345
684112,0.9650183
684113,0.26387438
684114,0.14631854
684115,0.09830142
684116,0.6474555
684117,0.97888577
684118,0.8850134
684119,0.9607968
684120,0.040355563
684121,0.938596
684122,0.021188585
684123,0.8861256
684124,0.61319053
684125,0.17378485
684126,0.094110176
684127,0.9967809
684128,0.15384257
684129,0.86472934
684130,0.358426
684131,0.97258615
684132,0.03457447
684133,0.4701329
684134,0.00511225
684135,0.51107067
684136,0.032029293
684137,0.8055682
684138,0.91516995
684139,0.9915756
684140,0.026999282
684141,0.021882588
684142,0.52569056
684143,0.9023025
684144,0.8596774
684145,0.044177085
684146,0.7158502
684147,0.94913566
684148,0.9917472
684149,0.024090877
684150,0.11924447
684151,0.64578754
684152,0.9522912
684153,0.011487462
684154,0.034114543
684155,0.007115423
684156,0.99009156
684157,0.079209924
684158,0.92310786
684159,0.9956988
684160,0.02513058
684161,0.99585295
684162,0.9613112
684163,0.9692311
684164,0.14193512
684165,0.90764344
684166,0.66606575
684167,0.9954684
684168,0.03438139
684169,0.007862446
684170,0.95604676
684171,0.28181595
684172,0.024878979
684173,0.9805008
684174,0.0060851937
684175,0.3107193
684176,0.071303606
684177,0.7594249
684178,0.9977865
684179,0.008196996
684180,0.15303224
684181,0.74017644
684182,0.0025621755
684183,0.5576365
684184,0.029897336
684185,0.5740879
684186,0.014311858
684187,0.99793965
684188,0.98550594
684189,0.047099277
684190,0.9978847
684191,0.9563183
684192,0.010495165
684193,0.3413149
684194,0.81439996
684195,0.049920514
684196,0.9925329
684197,0.028331997
684198,0.99085027
684199,0.0060254224
684200,0.0109636495
684201,0.7847149
684202,0.050559737
684203,0.088227384
684204,0.9837568
684205,0.9757011
684206,0.9124575
684207,0.0031107906
684208,0.17549554
684209,0.050509505
684210,0.03836596
684211,0.0078215115
684212,0.9053508
684213,0.15112308
684214,0.993963
684215,0.5420117
684216,0.9924935
684217,0.40124515
684218,0.73694205
684219,0.998667
684220,0.98597825
684221,0.05926136
684222,0.9324198
684223,0.097063415
684224,0.010953375
684225,0.007221765
684226,0.018501766
684227,0.006109102
684228,0.29526955
684229,0.028468983
684230,0.015681265
684231,0.9859523
684232,0.9893253
684233,0.19164434
684234,0.9236973
684235,0.43785375
684236,0.010956084
684237,0.99613243
684238,0.94564164
684239,0.9476855
684240,0.008887281
684241,0.035346374
684242,0.19589594
684243,0.43822804
684244,0.043447006
684245,0.87742835
684246,0.9776678
684247,0.99648273
684248,0.34782445
684249,0.003606078
684250,0.430773
684251,0.0034678855
684252,0.0032810783
684253,0.9388413
684254,0.078117654
684255,0.8031876
684256,0.41880375
684257,0.025485428
684258,0.012983698
684259,0.20864448
684260,0.013440628
684261,0.5805001
684262,0.9712266
684263,0.43199515
684264,0.91955745
684265,0.003638114
684266,0.5820197
684267,0.07685129
684268,0.9451796
684269,0.10088925
684270,0.99239826
684271,0.032001976
684272,0.9946567
684273,0.4620367
684274,0.5482777
684275,0.28680062
684276,0.8110979
684277,0.9307995
684278,0.19241147
684279,0.9422217
684280,0.26448464
684281,0.14121182
684282,0.9731618
684283,0.09268811
684284,0.99336386
684285,0.94286156
684286,0.0021408792
684287,0.118885204
684288,0.0050599123
684289,0.021863457
684290,0.93128574
684291,0.7622377
684292,0.002767736
684293,0.010210778
684294,0.009880961
684295,0.4230626
684296,0.006869425
684297,0.010357209
684298,0.4507284
684299,0.17937395
684300,0.124501616
684301,0.9713366
684302,0.1975882
684303,0.3247943
684304,0.7880362
684305,0.7709528
684306,0.9741195
684307,0.2672873
684308,0.031752035
684309,0.9974408
684310,0.2660609
684311,0.01568529
684312,0.018508278
684313,0.0048999744
684314,0.87767804
684315,0.93943954
684316,0.1787942
684317,0.9243101
684318,0.9948991
684319,0.034775585
684320,0.9382237
684321,0.011264712
684322,0.008766277
684323,0.037550695
684324,0.0047526527
684325,0.23004921
684326,0.044984832
684327,0.013855799
684328,0.99573725
684329,0.052703574
684330,0.9596715
684331,0.8882168
684332,0.6276887
684333,0.818146
684334,0.98075247
684335,0.14759514
684336,0.8845481
684337,0.97070605
684338,0.027328117
684339,0.87112904
684340,0.034214698
684341,0.9541502
684342,0.40446216
684343,0.8207293
684344,0.39463916
684345,0.26437172
684346,0.96624637
684347,0.55029064
684348,0.3768449
684349,0.7625801
684350,0.9805966
684351,0.05928185
684352,0.023399852
684353,0.9265334
684354,0.030934386
684355,0.08861999
684356,0.9038962
684357,0.054917872
684358,0.94845754
684359,0.98413
684360,0.0936216
684361,0.78746784
684362,0.987274
684363,0.11859671
684364,0.11532535
684365,0.010518045
684366,0.023327615
684367,0.94628286
684368,0.015310349
684369,0.012917691
684370,0.81966114
684371,0.43551773
684372,0.99504864
684373,0.584515
684374,0.01991369
684375,0.05307636
684376,0.027764319
684377,0.96487004
684378,0.9610603
684379,0.1485919
684380,0.919116
684381,0.0051407088
684382,0.052731834
684383,0.049331553
684384,0.8784932
684385,0.31644863
684386,0.03730487
684387,0.008140728
684388,0.41829017
684389,0.0046320963
684390,0.021371856
684391,0.9601887
684392,0.11838149
684393,0.97466356
684394,0.788434
684395,0.90386844
684396,0.39619833
684397,0.0052542742
684398,0.71330774
684399,0.9112914
684400,0.0315259
684401,0.06053062
684402,0.11629675
684403,0.9780888
684404,0.016526926
684405,0.95952594
684406,0.022922635
684407,0.03041521
684408,0.7639618
684409,0.006604421
684410,0.9389249
684411,0.71320295
684412,0.87252975
684413,0.044504564
684414,0.91564816
684415,0.99276316
684416,0.9356727
684417,0.043774404
684418,0.95396155
684419,0.9957692
684420,0.31127042
684421,0.08167015
684422,0.99503976
684423,0.91060424
684424,0.005254863
684425,0.015381487
684426,0.78088546
684427,0.29570657
684428,0.44672173
684429,0.6490932
684430,0.061436947
684431,0.9872729
684432,0.54622334
684433,0.8431246
684434,0.09544077
684435,0.8915707
684436,0.9952045
684437,0.011899605
684438,0.11541653
684439,0.9689956
684440,0.18877755
684441,0.4344061
684442,0.12143132
684443,0.22818738
684444,0.0006777176
684445,0.61391723
684446,0.013727932
684447,0.985646
684448,0.8644504
684449,0.9476593
684450,0.02256635
684451,0.1859015
684452,0.006460965
684453,0.17331402
684454,0.036170855
684455,0.005954462
684456,0.84313446
684457,0.028224923
684458,0.027380401
684459,0.96813774
684460,0.1134828
684461,0.8192019
684462,0.23654222
684463,0.98101056
684464,0.019799273
684465,0.9868548
684466,0.007534637
684467,0.6428196
684468,0.057616003
684469,0.24378756
684470,0.7116664
684471,0.18221739
684472,0.14033973
684473,0.8714216
684474,0.8825117
684475,0.90370077
684476,0.016874565
684477,0.56872714
684478,0.42464894
684479,0.012524171
684480,0.9884321
684481,0.97522783
684482,0.013616324
684483,0.72958726
684484,0.12125321
684485,0.07721746
684486,0.017802652
684487,0.2821198
684488,0.018812362
684489,0.22077644
684490,0.9721226
684491,0.21023123
684492,0.21851628
684493,0.023460718
684494,0.109919794
684495,0.052428734
684496,0.9403493
684497,0.89585745
684498,0.51763266
684499,0.03223347
684500,0.017740568
684501,0.012717211
684502,0.0070480835
684503,0.102120936
684504,0.35535467
684505,0.97642523
684506,0.07703808
684507,0.035905022
684508,0.0016254187
684509,0.24228251
684510,0.41579986
684511,0.011682668
684512,0.2274349
684513,0.02949223
684514,0.97918606
684515,0.90809435
684516,0.5481961
684517,0.5783749
684518,0.04550186
684519,0.010816125
684520,0.23645215
684521,0.98713773
684522,0.21545506
684523,0.032884285
684524,0.9932632
684525,0.83295864
684526,0.9945487
684527,0.019363048
684528,0.9402325
684529,0.8303213
684530,0.048232798
684531,0.9950422
684532,0.9047502
684533,0.99657404
684534,0.98981774
684535,0.4917874
684536,0.797805
684537,0.880986
684538,0.014499838
684539,0.019401811
684540,0.9864245
684541,0.95148915
684542,0.97964454
684543,0.0056636855
684544,0.87126005
684545,0.026142111
684546,0.2799259
684547,0.81958985
684548,0.19651811
684549,0.036099896
684550,0.9163027
684551,0.20224208
684552,0.9845229
684553,0.9774483
684554,0.26448864
684555,0.034550574
684556,0.13002488
684557,0.010133462
684558,0.06062448
684559,0.8359462
684560,0.022846103
684561,0.16602218
684562,0.167782
684563,0.34799093
684564,0.7569439
684565,0.16572812
684566,0.009349909
684567,0.022246746
684568,0.7196422
684569,0.7729839
684570,0.008081268
684571,0.014734722
684572,0.034105875
684573,0.024966393
684574,0.023125695
684575,0.04568394
684576,0.0021367043
684577,0.19986546
684578,0.016356878
684579,0.67709625
684580,0.091761395
684581,0.6531111
684582,0.99638915
684583,0.0076048486
684584,0.6199494
684585,0.01645536
684586,0.046017323
684587,0.4394738
684588,0.016364893
684589,0.007832905
684590,0.92861056
684591,0.7107284
684592,0.014473414
684593,0.02538522
684594,0.006233017
684595,0.074110635
684596,0.013393312
684597,0.0069633494
684598,0.044378273
684599,0.80017316
684600,0.02584519
684601,0.988703
684602,0.7981652
684603,0.9993131
684604,0.62666726
684605,0.08363261
684606,0.9982744
684607,0.3830452
684608,0.03745658
684609,0.997635
684610,0.7822465
684611,0.99799573
684612,0.71392536
684613,0.07167943
684614,0.9504808
684615,0.04340066
684616,0.04838083
684617,0.4350466
684618,0.52766865
684619,0.98814857
684620,0.95490956
684621,0.08277932
684622,0.6031179
684623,0.95376086
684624,0.8327022
684625,0.35673037
684626,0.0047191954
684627,0.10389551
684628,0.98540235
684629,0.46865898
684630,0.97929275
684631,0.9907922
684632,0.018955892
684633,0.009367924
684634,0.73941267
684635,0.0027304154
684636,0.8064723
684637,0.021833202
684638,0.8105377
684639,0.9862841
684640,0.004433207
684641,0.0075621568
684642,0.09848755
684643,0.49274606
684644,0.13210079
684645,0.7825188
684646,0.99198645
684647,0.014514146
684648,0.803028
684649,0.4490794
684650,0.69753885
684651,0.95750904
684652,0.08805979
684653,0.13111585
684654,0.6618074
684655,0.2590289
684656,0.90958095
684657,0.9903028
684658,0.0037310638
684659,0.28779906
684660,0.9235075
684661,0.00837774
684662,0.059793506
684663,0.0067309057
684664,0.07091514
684665,0.091558136
684666,0.017384566
684667,0.99952793
684668,0.13905472
684669,0.9929296
684670,0.96550035
684671,0.98308885
684672,0.9574893
684673,0.03198608
684674,0.13853988
684675,0.99221903
684676,0.97428256
684677,0.046943955
684678,0.33848327
684679,0.9802954
684680,0.6621875
684681,0.0066779368
684682,0.0040865513
684683,0.5003119
684684,0.9926422
684685,0.91003567
684686,0.18016186
684687,0.22889578
684688,0.9950591
684689,0.03958486
684690,0.0043671597
684691,0.016530367
684692,0.9983109
684693,0.6946206
684694,0.94855785
684695,0.9972099
684696,0.70683867
684697,0.053913996
684698,0.03183532
684699,0.015435472
684700,0.72024274
684701,0.40674055
684702,0.31106803
684703,0.9902137
684704,0.011310598
684705,0.19007581
684706,0.027752204
684707,0.9979347
684708,0.0062271706
684709,0.99478376
684710,0.14655285
684711,0.5137834
684712,0.015650209
684713,0.9829625
684714,0.04549401
684715,0.55776834
684716,0.98358953
684717,0.99504435
684718,0.8855162
684719,0.0801085
684720,0.51486945
684721,0.008452861
684722,0.038824294
684723,0.023297809
684724,0.9088126
684725,0.0013780476
684726,0.66696787
684727,0.035530772
684728,0.94072145
684729,0.994043
684730,0.72840035
684731,0.011961272
684732,0.07422552
684733,0.19531932
684734,0.75529027
684735,0.0868554
684736,0.36260697
684737,0.9347654
684738,0.99710035
684739,0.9794722
684740,0.9900098
684741,0.8204141
684742,0.019108271
684743,0.060172744
684744,0.014999406
684745,0.9922706
684746,0.14534388
684747,0.2675713
684748,0.99279624
684749,0.008072483
684750,0.010055247
684751,0.7625953
684752,0.96087885
684753,0.08678045
684754,0.06739953
684755,0.97922045
684756,0.0062351385
684757,0.02142711
684758,0.23165137
684759,0.6062113
684760,0.41760415
684761,0.012146922
684762,0.054462146
684763,0.35026136
684764,0.06557835
684765,0.0009933405
684766,0.0057616485
684767,0.025545012
684768,0.10989557
684769,0.9928873
684770,0.005800071
684771,0.016043749
684772,0.069987155
684773,0.7991118
684774,0.16291761
684775,0.1685524
684776,0.12905106
684777,0.6542036
684778,0.97520095
684779,0.9716929
684780,0.9993871
684781,0.99669397
684782,0.050842956
684783,0.061673295
684784,0.97825325
684785,0.030792836
684786,0.026895829
684787,0.9786328
684788,0.01591878
684789,0.04971247
684790,0.0029386638
684791,0.0072465204
684792,0.0033485228
684793,0.08748044
684794,0.8494641
684795,0.019799389
684796,0.05122459
684797,0.9906497
684798,0.022288742
684799,0.0019497455
684800,0.0040246313
684801,0.9697329
684802,0.98872864
684803,0.6726435
684804,0.8103448
684805,0.8721838
684806,0.7776929
684807,0.96670675
684808,0.9977528
684809,0.9668867
684810,0.9883337
684811,0.97544336
684812,0.9833845
684813,0.95686
684814,0.9994362
684815,0.026722934
684816,0.20246908
684817,0.012067737
684818,0.0038935505
684819,0.8674536
684820,0.89056146
684821,0.0097956965
684822,0.9762715
684823,0.7324848
684824,0.98986936
684825,0.5234544
684826,0.00020678225
684827,0.078715295
684828,0.9951754
684829,0.017026922
684830,0.5026058
684831,0.23521504
684832,0.9445568
684833,0.76705515
684834,0.10846981
684835,0.037304968
684836,0.99705094
684837,0.9988775
684838,0.114067964
684839,0.020816157
684840,0.66891944
684841,0.1579499
684842,0.6498905
684843,0.022666238
684844,0.8270886
684845,0.84781516
684846,0.0038003507
684847,0.012593181
684848,0.7518424
684849,0.98175055
684850,0.03607721
684851,0.99620336
684852,0.4806196
684853,0.65686184
684854,0.93627065
684855,0.024029933
684856,0.11466067
684857,0.9964617
684858,0.023718745
684859,0.16091593
684860,0.59704685
684861,0.9703954
684862,0.25478357
684863,0.8026628
684864,0.733984
684865,0.97607744
684866,0.03341084
684867,0.8449317
684868,0.8027134
684869,0.052733414
684870,0.66359067
684871,0.11107916
684872,0.11253101
684873,0.024426322
684874,0.7612436
684875,0.0053164344
684876,0.2699472
684877,0.104849115
684878,0.20734605
684879,0.87366474
684880,0.904057
684881,0.0090706805
684882,0.99737334
684883,0.0364976
684884,0.010334604
684885,0.9886002
684886,0.57085806
684887,0.826172
684888,0.37367988
684889,0.024442818
684890,0.010772414
684891,0.12054878
684892,0.770056
684893,0.35321674
684894,0.973289
684895,0.3293994
684896,0.98000467
684897,0.0066668885
684898,0.047729842
684899,0.91791654
684900,0.0591449
684901,0.9283713
684902,0.25570565
684903,0.011115115
684904,0.98041165
684905,0.8665591
684906,0.95656765
684907,0.78135
684908,0.9906843
684909,0.9061945
684910,0.7342295
684911,0.0039570634
684912,0.9306788
684913,0.15789354
684914,0.94908226
684915,0.011771501
684916,0.9656466
684917,0.273761
684918,0.007453773
684919,0.10240262
684920,0.6516558
684921,0.9840568
684922,0.9893497
684923,0.9835373
684924,0.2987206
684925,0.5806286
684926,0.8592588
684927,0.026518404
684928,0.37700638
684929,0.48454732
684930,0.9583508
684931,0.9797485
684932,0.023134412
684933,0.9961014
684934,0.9843706
684935,0.03942485
684936,0.15004294
684937,0.021046832
684938,0.37710354
684939,0.18692446
684940,0.0063990373
684941,0.034164235
684942,0.20849553
684943,0.9842557
684944,0.9887402
684945,0.11956075
684946,0.99437916
684947,0.98475564
684948,0.9853281
684949,0.007307302
684950,0.059296537
684951,0.96259415
684952,0.9873768
684953,0.25663602
684954,0.09000115
684955,0.57341444
684956,0.8223134
684957,0.93951046
684958,0.97695315
684959,0.006665903
684960,0.123746134
684961,0.9832845
684962,0.7576846
684963,0.9011328
684964,0.38525128
684965,0.95920485
684966,0.0025914763
684967,0.9243665
684968,0.004262371
684969,0.21168253
684970,0.5131118
684971,0.16514681
684972,0.12607428
684973,0.00520603
684974,0.0110371625
684975,0.09501959
684976,0.028793268
684977,0.9804116
684978,0.25873983
684979,0.002215452
684980,0.34099633
684981,0.43035775
684982,0.21617115
684983,0.11028987
684984,0.5109703
684985,0.0136763565
684986,0.5058101
684987,0.77225465
684988,0.991562
684989,0.93770325
684990,0.32462418
684991,0.0118511
684992,0.56235945
684993,0.970721
684994,0.41200837
684995,0.14799386
684996,0.030665288
684997,0.9238682
684998,0.54114074
684999,0.13900548
685000,0.073470056
685001,0.24918471
685002,0.0071329335
685003,0.55896354
685004,0.028231097
685005,0.22699568
685006,0.58689827
685007,0.9537828
685008,0.96552104
685009,0.0090966
685010,0.94381005
685011,0.9086679
685012,0.0070384825
685013,0.08041264
685014,0.25982866
685015,0.9108336
685016,0.9028058
685017,0.05774444
685018,0.48694813
685019,0.14282238
685020,0.7564954
685021,0.23902571
685022,0.80371547
685023,0.18063945
685024,0.22219574
685025,0.9721912
685026,0.020345464
685027,0.66272295
685028,0.022547772
685029,0.9227083
685030,0.024161108
685031,0.026068782
685032,0.65891296
685033,0.8463943
685034,0.04196879
685035,0.6673748
685036,0.0400524
685037,0.046933822
685038,0.22117777
685039,0.10625434
685040,0.99348646
685041,0.20714411
685042,0.011346735
685043,0.0022550016
685044,0.08202764
685045,0.4290049
685046,0.28142455
685047,0.017813243
685048,0.009378279
685049,0.025280232
685050,0.9889126
685051,0.12946945
685052,0.987474
685053,0.113996565
685054,0.94213474
685055,0.9973237
685056,0.92422664
685057,0.53174245
685058,0.98351014
685059,0.90632784
685060,0.8717135
685061,0.75369495
685062,0.055572957
685063,0.17860468
685064,0.11129342
685065,0.057481997
685066,0.123976775
685067,0.99505854
685068,0.045436583
685069,0.17222436
685070,0.2585133
685071,0.20312046
685072,0.96078163
685073,0.9452205
685074,0.026446486
685075,0.20670801
685076,0.8231567
685077,0.972861
685078,0.9876938
685079,0.9783681
685080,0.81020486
685081,0.8634363
685082,0.99255
685083,0.6938905
685084,0.6436639
685085,0.27774954
685086,0.9283477
685087,0.64453006
685088,0.006715199
685089,0.022735395
685090,0.04335249
685091,0.7743187
685092,0.93740714
685093,0.10546103
685094,0.08450674
685095,0.9881351
685096,0.99721736
685097,0.09143697
685098,0.14896283
685099,0.9995599
685100,0.29209936
685101,0.23590979
685102,0.6480356
685103,0.70075047
685104,0.014781783
685105,0.003589195
685106,0.9631906
685107,0.9355283
685108,0.049259678
685109,0.014071464
685110,0.9994835
685111,0.98086935
685112,0.9947572
685113,0.6750688
685114,0.800309
685115,0.7521705
685116,0.9038407
685117,0.9859208
685118,0.034489833
685119,0.1564554
685120,0.56878793
685121,0.9985825
685122,0.11150869
685123,0.97072726
685124,0.97667503
685125,0.1274136
685126,0.99084175
685127,0.9979387
685128,0.43028292
685129,0.024532946
685130,0.9704793
685131,0.8685944
685132,0.0034518668
685133,0.007909412
685134,0.08693949
685135,0.066289596
685136,0.9535777
685137,0.99947095
685138,0.056492116
685139,0.99331427
685140,0.9982389
685141,0.22362894
685142,0.0460098
685143,0.0052266894
685144,0.9717971
685145,0.033410665
685146,0.064984106
685147,0.07492137
685148,0.034314286
685149,0.80190146
685150,0.6423011
685151,0.7703169
685152,0.11537168
685153,0.12210198
685154,0.0050279982
685155,0.08309741
685156,0.0066697905
685157,0.054876328
685158,0.0078206975
685159,0.0071858545
685160,0.34557754
685161,0.004029743
685162,0.9094028
685163,0.98083216
685164,0.02769668
685165,0.017174356
685166,0.03548257
685167,0.9409439
685168,0.99603844
685169,0.069429874
685170,0.9805776
685171,0.8794724
685172,0.020140529
685173,0.1553623
685174,0.13122882
685175,0.03965737
685176,0.105344824
685177,0.0024493337
685178,0.0026933444
685179,0.9945858
685180,0.76575214
685181,0.16021644
685182,0.08251658
685183,0.010199301
685184,0.11816889
685185,0.8091743
685186,0.9675078
685187,0.9990107
685188,0.0053748144
685189,0.97795045
685190,0.15828316
685191,0.015267074
685192,0.7506037
685193,0.061141126
685194,0.9933908
685195,0.5810698
685196,0.99764913
685197,0.226632
685198,0.015406493
685199,0.3074769
685200,0.024206795
685201,0.024094012
685202,0.9725826
685203,0.023614563
685204,0.015965868
685205,0.96000737
685206,0.9686245
685207,0.519588
685208,0.9940628
685209,0.17546698
685210,0.83924365
685211,0.6864683
685212,0.023317268
685213,0.73042023
685214,0.12978058
685215,0.1571014
685216,0.013404519
685217,0.13772649
685218,0.9541194
685219,0.98217225
685220,0.98516536
685221,0.005778408
685222,0.029861597
685223,0.4457835
685224,0.86996615
685225,0.9825239
685226,0.5201873
685227,0.9963619
685228,0.9847879
685229,0.9889964
685230,0.13587329
685231,0.022669822
685232,0.7590474
685233,0.34669986
685234,0.008521162
685235,0.9837228
685236,0.3527018
685237,0.015404103
685238,0.5476882
685239,0.14433968
685240,0.9785068
685241,0.013984745
685242,0.99907166
685243,0.00066094805
685244,0.9338791
685245,0.28872192
685246,0.9171881
685247,0.7593831
685248,0.9607743
685249,0.6833069
685250,0.011247344
685251,0.15915984
685252,0.036074314
685253,0.36575997
685254,0.9940052
685255,0.080052644
685256,0.03285522
685257,0.08521216
685258,0.63294834
685259,0.005898471
685260,0.993787
685261,0.13098001
685262,0.008242164
685263,0.03097271
685264,0.060069114
685265,0.99760807
685266,0.091179304
685267,0.01188641
685268,0.83203036
685269,0.99786556
685270,0.993379
685271,0.1835354
685272,0.13691708
685273,0.9992239
685274,0.6262784
685275,0.7165922
685276,0.99395967
685277,0.02884982
685278,0.9164682
685279,0.99796546
685280,0.6953995
685281,0.18557692
685282,0.9198018
685283,0.9562067
685284,0.22833453
685285,0.04084828
685286,0.49309027
685287,0.8476255
685288,0.9940884
685289,0.23519179
685290,0.01851828
685291,0.26582712
685292,0.010095477
685293,0.98507303
685294,0.15277159
685295,0.0052937455
685296,0.5758705
685297,0.99539185
685298,0.032173935
685299,0.8840666
685300,0.5718877
685301,0.032014288
685302,0.97559106
685303,0.8872808
685304,0.064849414
685305,0.085801825
685306,0.927393
685307,0.79418814
685308,0.98768836
685309,0.54718256
685310,0.92948055
685311,0.30657372
685312,0.016735068
685313,0.9751228
685314,0.978255
685315,0.5819747
685316,0.9494415
685317,0.87933624
685318,0.66540927
685319,0.9275992
685320,0.9987094
685321,0.0037990902
685322,0.083929345
685323,0.028076798
685324,0.9898214
685325,0.041552797
685326,0.86501426
685327,0.57181656
685328,0.004694282
685329,0.9500041
685330,0.01731722
685331,0.04260627
685332,0.9641713
685333,0.9888253
685334,0.997754
685335,0.013475919
685336,0.9981713
685337,0.9956097
685338,0.0033421807
685339,0.017970588
685340,0.02073817
685341,0.96796775
685342,0.024731837
685343,0.010400121
685344,0.01993297
685345,0.8559058
685346,0.9929501
685347,0.0040518027
685348,0.24543743
685349,0.014921647
685350,0.9883381
685351,0.59799063
685352,0.9710834
685353,0.43407333
685354,0.17009768
685355,0.009698076
685356,0.87928355
685357,0.30413303
685358,0.6412492
685359,0.0063010203
685360,0.19072853
685361,0.14582041
685362,0.96471965
685363,0.011071408
685364,0.00089731265
685365,0.06393636
685366,0.9870013
685367,0.16054288
685368,0.025827076
685369,0.038718455
685370,0.020713687
685371,0.024144253
685372,0.89131093
685373,0.983587
685374,0.99692786
685375,0.95542127
685376,0.0056743775
685377,0.96138537
685378,0.07407203
685379,0.006466146
685380,0.0994229
685381,0.0134074185
685382,0.013690381
685383,0.5322619
685384,0.8451832
685385,0.9982083
685386,0.0063233646
685387,0.9983394
685388,0.06912399
685389,0.97611415
685390,0.76598406
685391,0.876605
685392,0.04248377
685393,0.24197643
685394,0.98190904
685395,0.019348394
685396,0.010125655
685397,0.019070864
685398,0.036286365
685399,0.11748499
685400,0.24311425
685401,0.98655677
685402,0.07160967
685403,0.007596021
685404,0.012363258
685405,0.9190133
685406,0.046186857
685407,0.08050458
685408,0.99651825
685409,0.4177218
685410,0.034911737
685411,0.97485626
685412,0.8515048
685413,0.07892825
685414,0.82927495
685415,0.36920124
685416,0.12555145
685417,0.08079966
685418,0.27602535
685419,0.7259269
685420,0.27045408
685421,0.026061472
685422,0.86518705
685423,0.7394767
685424,0.031507008
685425,0.13256097
685426,0.011617186
685427,0.9649533
685428,0.9975679
685429,0.114932396
685430,0.8251614
685431,0.00906387
685432,0.06084579
685433,0.30694962
685434,0.044403207
685435,0.048583638
685436,0.96616983
685437,0.9464871
685438,0.042690784
685439,0.6152753
685440,0.8928351
685441,0.90290976
685442,0.04438197
685443,0.98417544
685444,0.34256312
685445,0.7253617
685446,0.013383916
685447,0.99946
685448,0.7101617
685449,0.75468904
685450,0.008801547
685451,0.6703958
685452,0.04099288
685453,0.92405164
685454,0.3022691
685455,0.4134874
685456,0.96060735
685457,0.040855527
685458,0.013028089
685459,0.012192352
685460,0.43521613
685461,0.7122709
685462,0.026446754
685463,0.005486597
685464,0.0838585
685465,0.01688936
685466,0.28937888
685467,0.015421207
685468,0.055530015
685469,0.077163875
685470,0.6260558
685471,0.9519852
685472,0.0213607
685473,0.6995506
685474,0.06688042
685475,0.5458527
685476,0.2805329
685477,0.9459684
685478,0.96245676
685479,0.0067896545
685480,0.9850718
685481,0.19600752
685482,0.2889777
685483,0.969954
685484,0.99074054
685485,0.4212298
685486,0.05645476
685487,0.53995156
685488,0.9039161
685489,0.9976624
685490,0.36901367
685491,0.04030562
685492,0.9373095
685493,0.012495145
685494,0.912542
685495,0.9389833
685496,0.4109291
685497,0.1501533
685498,0.0059907814
685499,0.025496764
685500,0.07887334
685501,0.07458909
685502,0.32809326
685503,0.33565617
685504,0.9663128
685505,0.0028554068
685506,0.014695463
685507,0.054399602
685508,0.99006885
685509,0.8167292
685510,0.12525143
685511,0.023132069
685512,0.060626082
685513,0.12302957
685514,0.035595402
685515,0.97844535
685516,0.027632374
685517,0.0023169331
685518,0.090946674
685519,0.9917976
685520,0.019335734
685521,0.028928306
685522,0.9971326
685523,0.013453178
685524,0.90107715
685525,0.09531987
685526,0.9984294
685527,0.9450683
685528,0.10114679
685529,0.0154490825
685530,0.078335404
685531,0.5398284
685532,0.19967028
685533,0.035377122
685534,0.033381805
685535,0.3086627
685536,0.020648278
685537,0.9985391
685538,0.96147585
685539,0.17372829
685540,0.009417369
685541,0.9959227
685542,0.96196246
685543,0.7036851
685544,0.06562948
685545,0.92326516
685546,0.012941141
685547,0.0046846177
685548,0.5447865
685549,0.17904478
685550,0.24112132
685551,0.117656454
685552,0.28152636
685553,0.1815551
685554,0.99747896
685555,0.963475
685556,0.085181564
685557,0.046558764
685558,0.5350614
685559,0.10724284
685560,0.9558256
685561,0.25260496
685562,0.62761116
685563,0.98849565
685564,0.9319512
685565,0.50666994
685566,0.023777947
685567,0.97072095
685568,0.74417084
685569,0.03605639
685570,0.010151844
685571,0.010330682
685572,0.9062739
685573,0.007951262
685574,0.97440076
685575,0.07131848
685576,0.94561243
685577,0.69560724
685578,0.0057337424
685579,0.001580414
685580,0.17755921
685581,0.9519039
685582,0.99592745
685583,0.9970752
685584,0.0053662006
685585,0.24634269
685586,0.011084036
685587,0.0064084884
685588,0.17244285
685589,0.047661196
685590,0.110225774
685591,0.8575008
685592,0.9529711
685593,0.9630657
685594,0.08637469
685595,0.94761074
685596,0.99924487
685597,0.97670525
685598,0.050747458
685599,0.71627724
685600,0.04310758
685601,0.061819673
685602,0.10855831
685603,0.98379445
685604,0.1282768
685605,0.9642735
685606,0.3080581
685607,0.9830566
685608,0.00927166
685609,0.060949236
685610,0.005668872
685611,0.055048335
685612,0.038232315
685613,0.37261376
685614,0.052995957
685615,0.967139
685616,0.3696105
685617,0.010460876
685618,0.1299662
685619,0.1032148
685620,0.028370332
685621,0.021664988
685622,0.030162117
685623,0.059384447
685624,0.0012129296
685625,0.085007854
685626,0.9495168
685627,0.22754231
685628,0.06054839
685629,0.9925336
685630,0.9980761
685631,0.8221036
685632,0.96832615
685633,0.33375618
685634,0.9774443
685635,0.68352926
685636,0.005229237
685637,0.9741316
685638,0.8888371
685639,0.9357332
685640,0.010129809
685641,0.01094345
685642,0.99144506
685643,0.23022878
685644,0.00478057
685645,0.019795893
685646,0.012133146
685647,0.012541804
685648,0.98249865
685649,0.80838895
685650,0.95300835
685651,0.31897056
685652,0.0057067047
685653,0.46773934
685654,0.9668568
685655,0.7718523
685656,0.07150832
685657,0.02476044
685658,0.6755413
685659,0.96411866
685660,0.057561535
685661,0.8881176
685662,0.26964256
685663,0.98943883
685664,0.088344865
685665,0.98473203
685666,0.0661097
685667,0.031857636
685668,0.97986615
685669,0.9978551
685670,0.99801433
685671,0.041616596
685672,0.35860628
685673,0.29020122
685674,0.5134809
685675,0.004350667
685676,0.8364239
685677,0.96732384
685678,0.9599
685679,0.5529467
685680,0.009752273
685681,0.013182762
685682,0.006955072
685683,0.07554071
685684,0.9261392
685685,0.38189292
685686,0.18142253
685687,0.87906927
685688,0.8530974
685689,0.35471693
685690,0.51925445
685691,0.0043860604
685692,0.051186416
685693,0.11157233
685694,0.01075637
685695,0.96966803
685696,0.8031504
685697,0.5548384
685698,0.045401838
685699,0.027544621
685700,0.6605429
685701,0.9502448
685702,0.99388516
685703,0.00200171
685704,0.36343873
685705,0.40969324
685706,0.0068222387
685707,0.0036701106
685708,0.13515258
685709,0.53597605
685710,0.8819382
685711,0.99465156
685712,0.697959
685713,0.016883837
685714,0.9975257
685715,0.046395816
685716,0.7493351
685717,0.012217496
685718,0.94257146
685719,0.9811522
685720,0.03636948
685721,0.029494315
685722,0.054576267
685723,0.3802294
685724,0.015813362
685725,0.079730764
685726,0.039092883
685727,0.02849531
685728,0.6632606
685729,0.09286758
685730,0.6310624
685731,0.12163811
685732,0.027231608
685733,0.5072298
685734,0.99826884
685735,0.30062583
685736,0.97529024
685737,0.97860366
685738,0.25457686
685739,0.12904231
685740,0.63374364
685741,0.24502344
685742,0.0055506174
685743,0.20284131
685744,0.72289866
685745,0.80326414
685746,0.9911435
685747,0.010635244
685748,0.0062827803
685749,0.98966366
685750,0.96983564
685751,0.025242534
685752,0.15701763
685753,0.0228381
685754,0.879347
685755,0.9471994
685756,0.91799873
685757,0.016427193
685758,0.017719284
685759,0.9975459
685760,0.08527223
685761,0.1951203
685762,0.338502
685763,0.92142177
685764,0.06862645
685765,0.8952841
685766,0.9686733
685767,0.03493262
685768,0.8006788
685769,0.71548605
685770,0.9704381
685771,0.009954904
685772,0.11754476
685773,0.9740312
685774,0.0870254
685775,0.99180067
685776,0.032650977
685777,0.9747288
685778,0.44528633
685779,0.99747723
685780,0.1054976
685781,0.03226298
685782,0.9916533
685783,0.042477652
685784,0.3067171
685785,0.96442145
685786,0.86216176
685787,0.73576665
685788,0.015332791
685789,0.05381988
685790,0.72084224
685791,0.0039597843
685792,0.44198823
685793,0.1436952
685794,0.86083806
685795,0.9889415
685796,0.99798554
685797,0.9552997
685798,0.02324925
685799,0.49763444
685800,0.4698998
685801,0.045088567
685802,0.65481645
685803,0.5672801
685804,0.17831905
685805,0.008714785
685806,0.017444912
685807,0.9615698
685808,0.006197993
685809,0.0057468726
685810,0.48576736
685811,0.5262204
685812,0.931128
685813,0.15057485
685814,0.021374416
685815,0.017381074
685816,0.53763306
685817,0.9689299
685818,0.8190991
685819,0.12557021
685820,0.03754001
685821,0.99415684
685822,0.0031701908
685823,0.99516493
685824,0.56908613
685825,0.015270026
685826,0.9775609
685827,0.9993762
685828,0.25816977
685829,0.30594185
685830,0.010273123
685831,0.99773234
685832,0.037162773
685833,0.005821256
685834,0.35027862
685835,0.019450124
685836,0.21540265
685837,0.40161377
685838,0.37563998
685839,0.845493
685840,0.21086422
685841,0.15611228
685842,0.9793283
685843,0.06960437
685844,0.57775646
685845,0.10623662
685846,0.006795967
685847,0.33514643
685848,0.88698316
685849,0.12319881
685850,0.0057071582
685851,0.22370394
685852,0.83560556
685853,0.37404537
685854,0.98265696
685855,0.050857674
685856,0.8815454
685857,0.0047080712
685858,0.95596635
685859,0.9058581
685860,0.014422319
685861,0.046571627
685862,0.9940838
685863,0.017413141
685864,0.9912319
685865,0.0904593
685866,0.371687
685867,0.008632959
685868,0.10436891
685869,0.4702714
685870,0.17645237
685871,0.002271574
685872,0.7019673
685873,0.9776663
685874,0.15678379
685875,0.06800668
685876,0.013292152
685877,0.9939735
685878,0.012446453
685879,0.92830026
685880,0.06563594
685881,0.9276617
685882,0.017263465
685883,0.86899424
685884,0.06962344
685885,0.997119
685886,0.63630354
685887,0.86500514
685888,0.92980933
685889,0.6259221
685890,0.020474903
685891,0.0032592276
685892,0.005679114
685893,0.0072866343
685894,0.20305394
685895,0.13042293
685896,0.021796444
685897,0.05927261
685898,0.0072236233
685899,0.76581216
685900,0.99032575
685901,0.9902192
685902,0.02698885
685903,0.92797744
685904,0.97972715
685905,0.03582383
685906,0.02104081
685907,0.95624614
685908,0.93024427
685909,0.08938334
685910,0.12813163
685911,0.07561394
685912,0.07692339
685913,0.19623971
685914,0.090501875
685915,0.9565449
685916,0.65736574
685917,0.010667397
685918,0.13759874
685919,0.27799857
685920,0.023318097
685921,0.01753668
685922,0.9894016
685923,0.99286175
685924,0.02397719
685925,0.02387675
685926,0.029206214
685927,0.13944589
685928,0.9909461
685929,0.88563275
685930,0.09331331
685931,0.96993256
685932,0.9650818
685933,0.022309933
685934,0.9237784
685935,0.008928078
685936,0.8358183
685937,0.04763697
685938,0.24471968
685939,0.4006419
685940,0.9946006
685941,0.9383855
685942,0.012015956
685943,0.1311085
685944,0.031320468
685945,0.97910064
685946,0.014472877
685947,0.9700606
685948,0.17053662
685949,0.041571602
685950,0.025001569
685951,0.0230015
685952,0.008131741
685953,0.92083
685954,0.89156085
685955,0.49056342
685956,0.37904385
685957,0.04752058
685958,0.13631183
685959,0.9911774
685960,0.91468894
685961,0.35143256
685962,0.5214643
685963,0.024745552
685964,0.9918218
685965,0.006512269
685966,0.013324328
685967,0.73437786
685968,0.04021368
685969,0.79114544
685970,0.9899873
685971,0.0039804624
685972,0.036708407
685973,0.49039412
685974,0.9974375
685975,0.5396609
685976,0.002051082
685977,0.98994476
685978,0.009119722
685979,0.9710242
685980,0.9760993
685981,0.03297064
685982,0.350327
685983,0.1912593
685984,0.009026039
685985,0.4224819
685986,0.0069797263
685987,0.6160755
685988,0.93053037
685989,0.13402972
685990,0.95379734
685991,0.020405512
685992,0.0096030105
685993,0.008220886
685994,0.95748484
685995,0.0054874625
685996,0.0843046
685997,0.037009306
685998,0.6117271
685999,0.025000434
686000,0.1528391
686001,0.95787394
686002,0.979306
686003,0.85445696
686004,0.03862741
686005,0.17318603
686006,0.9322189
686007,0.35887495
686008,0.8484756
686009,0.015001116
686010,0.008735782
686011,0.9153635
686012,0.9234071
686013,0.029199578
686014,0.21692587
686015,0.631624
686016,0.03914331
686017,0.9910749
686018,0.012698142
686019,0.9831837
686020,0.08670497
686021,0.30189914
686022,0.009701062
686023,0.36506033
686024,0.996891
686025,0.15706035
686026,0.49739677
686027,0.31556264
686028,0.9553965
686029,0.06553292
686030,0.0016601064
686031,0.009215175
686032,0.7541669
686033,0.010643443
686034,0.9398601
686035,0.025885625
686036,0.66805595
686037,0.0086851325
686038,0.8570511
686039,0.83321214
686040,0.78046054
686041,0.2392529
686042,0.02733773
686043,0.011045545
686044,0.3468758
686045,0.95057994
686046,0.026073255
686047,0.95851684
686048,0.004152495
686049,0.1525729
686050,0.34793866
686051,0.9696321
686052,0.051606625
686053,0.92831784
686054,0.99828136
686055,0.9994529
686056,0.98989165
686057,0.9955617
686058,0.17643875
686059,0.9897102
686060,0.20674929
686061,0.0076914756
686062,0.98700523
686063,0.016947411
686064,0.989475
686065,0.14659594
686066,0.008118699
686067,0.8774853
686068,0.023419417
686069,0.05838153
686070,0.0017160173
686071,0.019008828
686072,0.7273655
686073,0.012979722
686074,0.030444512
686075,0.93368256
686076,0.006180349
686077,0.989215
686078,0.0023556715
686079,0.10077106
686080,0.95329446
686081,0.006771929
686082,0.0024156058
686083,0.9307791
686084,0.0755258
686085,0.95620465
686086,0.9967581
686087,0.98729914
686088,0.95244247
686089,0.968941
686090,0.051368475
686091,0.93358374
686092,0.11598162
686093,0.008582256
686094,0.99900985
686095,0.16331148
686096,0.95881736
686097,0.03955694
686098,0.9991176
686099,0.99950147
686100,0.004155954
686101,0.049088612
686102,0.044328503
686103,0.548079
686104,0.032664627
686105,0.5563207
686106,0.9846294
686107,0.058616817
686108,0.011965335
686109,0.024585593
686110,0.103837684
686111,0.98191375
686112,0.9908715
686113,0.1573396
686114,0.09013216
686115,0.9848887
686116,0.10364807
686117,0.040620405
686118,0.8259024
686119,0.01899258
686120,0.0032969094
686121,0.70606065
686122,0.9683764
686123,0.048359744
686124,0.10877281
686125,0.8685583
686126,0.92011005
686127,0.8251511
686128,0.9864717
686129,0.016094573
686130,0.06637473
686131,0.12805198
686132,0.98459506
686133,0.48705843
686134,0.019986708
686135,0.45957732
686136,0.12631458
686137,0.9721938
686138,0.9820559
686139,0.9787118
686140,0.7576469
686141,0.20173389
686142,0.016126564
686143,0.97913694
686144,0.36535922
686145,0.0065831286
686146,0.74860847
686147,0.033123642
686148,0.78184396
686149,0.009356083
686150,0.9196946
686151,0.034958187
686152,0.30572218
686153,0.007086647
686154,0.02480756
686155,0.8104649
686156,0.0026325216
686157,0.71120596
686158,0.93849015
686159,0.037441652
686160,0.9616535
686161,0.15789862
686162,0.89172983
686163,0.04858555
686164,0.027688319
686165,0.86558825
686166,0.5718808
686167,0.1791948
686168,0.9555357
686169,0.8314074
686170,0.057450715
686171,0.4748266
686172,0.9645156
686173,0.22350097
686174,0.02849963
686175,0.2522294
686176,0.31226838
686177,0.96491086
686178,0.3605234
686179,0.010226672
686180,0.035602465
686181,0.85240376
686182,0.82651937
686183,0.36304015
686184,0.020341616
686185,0.025559912
686186,0.1477113
686187,0.99121284
686188,0.9887577
686189,0.05074247
686190,0.12869848
686191,0.31115425
686192,0.019003404
686193,0.11835311
686194,0.9509716
686195,0.06325091
686196,0.973747
686197,0.8181229
686198,0.8332052
686199,0.9649942
686200,0.0399746
686201,0.6156661
686202,0.010308003
686203,0.111890495
686204,0.9894862
686205,0.5028305
686206,0.72733897
686207,0.0308958
686208,0.9834859
686209,0.6202959
686210,0.513064
686211,0.5091975
686212,0.0022430164
686213,0.089777105
686214,0.99221843
686215,0.9562305
686216,0.03248502
686217,0.9899676
686218,0.9689599
686219,0.034337796
686220,0.015656605
686221,0.044373482
686222,0.9018413
686223,0.8566572
686224,0.36600047
686225,0.056914188
686226,0.16801202
686227,0.055406556
686228,0.9644053
686229,0.19261312
686230,0.006808726
686231,0.9357856
686232,0.9662992
686233,0.22246651
686234,0.016788896
686235,0.008035122
686236,0.31053364
686237,0.011170723
686238,0.08785789
686239,0.10548204
686240,0.51891816
686241,0.9849875
686242,0.04973977
686243,0.92580557
686244,0.20489003
686245,0.039544377
686246,0.009330146
686247,0.028166309
686248,0.80465955
686249,0.02413191
686250,0.6586053
686251,0.036983423
686252,0.37492853
686253,0.9635375
686254,0.19004661
686255,0.20639014
686256,0.5589109
686257,0.06893615
686258,0.14917956
686259,0.99616385
686260,0.017627329
686261,0.5202066
686262,0.9625493
686263,0.967366
686264,0.022747563
686265,0.042896606
686266,0.01169968
686267,0.7646164
686268,0.43225077
686269,0.9800221
686270,0.012827883
686271,0.9833898
686272,0.96774733
686273,0.9820465
686274,0.031133806
686275,0.9607452
686276,0.0040356223
686277,0.98035866
686278,0.017037539
686279,0.012132925
686280,0.025806624
686281,0.20249493
686282,0.96992177
686283,0.902141
686284,0.08642346
686285,0.036601402
686286,0.014799447
686287,0.009012791
686288,0.98854953
686289,0.15511636
686290,0.60397375
686291,0.19300258
686292,0.03173882
686293,0.9887907
686294,0.0013381582
686295,0.19809358
686296,0.7981123
686297,0.9819935
686298,0.014514848
686299,0.01191274
686300,0.0049590617
686301,0.19525862
686302,0.9087862
686303,0.19503148
686304,0.011108738
686305,0.12398718
686306,0.9916684
686307,0.5652014
686308,0.2315746
686309,0.07507161
686310,0.19881041
686311,0.81673527
686312,0.9943236
686313,0.03267633
686314,0.99430025
686315,0.83675617
686316,0.8481294
686317,0.0627299
686318,0.50927156
686319,0.93702656
686320,0.010102393
686321,0.26721063
686322,0.92374426
686323,0.81828123
686324,0.02069114
686325,0.37629512
686326,0.069178626
686327,0.9116509
686328,0.0022730934
686329,0.0043972624
686330,0.60607725
686331,0.94977516
686332,0.9596886
686333,0.26500058
686334,0.9202226
686335,0.3693955
686336,0.010669199
686337,0.020014295
686338,0.040162783
686339,0.98919106
686340,0.00485392
686341,0.016791511
686342,0.09839189
686343,0.115211025
686344,0.020716744
686345,0.029329374
686346,0.8799583
686347,0.9973636
686348,0.10400329
686349,0.006601855
686350,0.47560525
686351,0.050176337
686352,0.882743
686353,0.5685453
686354,0.02097211
686355,0.5740097
686356,0.24416327
686357,0.04668592
686358,0.86505944
686359,0.9856299
686360,0.10963701
686361,0.8783741
686362,0.021401174
686363,0.12358543
686364,0.086133346
686365,0.9357672
686366,0.9870614
686367,0.1227148
686368,0.9835089
686369,0.0340825
686370,0.044248212
686371,0.06924534
686372,0.076443374
686373,0.93545187
686374,0.9775598
686375,0.9654484
686376,0.9755336
686377,0.0021995078
686378,0.9699858
686379,0.1617359
686380,0.74949086
686381,0.034037467
686382,0.90142685
686383,0.080997564
686384,0.9990011
686385,0.013527246
686386,0.013173683
686387,0.026751062
686388,0.014470339
686389,0.86490715
686390,0.11414859
686391,0.9181622
686392,0.4961184
686393,0.70860434
686394,0.7345323
686395,0.92643833
686396,0.7899064
686397,0.9962517
686398,0.1018805
686399,0.5233635
686400,0.628307
686401,0.0072163297
686402,0.9307507
686403,0.051575333
686404,0.04055035
686405,0.087250926
686406,0.9585755
686407,0.33611783
686408,0.007972878
686409,0.46165708
686410,0.76159984
686411,0.013334967
686412,0.009999562
686413,0.03853083
686414,0.026640674
686415,0.011903686
686416,0.9987862
686417,0.80600286
686418,0.8992479
686419,0.9782132
686420,0.64861214
686421,0.9892423
686422,0.6025248
686423,0.015801832
686424,0.9593596
686425,0.025263727
686426,0.003302317
686427,0.98486286
686428,0.06167376
686429,0.061497528
686430,0.045650266
686431,0.9275242
686432,0.8957674
686433,0.00721863
686434,0.90040064
686435,0.128172
686436,0.0036481551
686437,0.9662948
686438,0.015777547
686439,0.112942085
686440,0.0078087067
686441,0.7198668
686442,0.20430654
686443,0.15313761
686444,0.971396
686445,0.10987277
686446,0.00324048
686447,0.9901217
686448,0.10525453
686449,0.9369651
686450,0.9956523
686451,0.60649526
686452,0.13931333
686453,0.011380222
686454,0.08287704
686455,0.9925819
686456,0.90417826
686457,0.007077984
686458,0.008968326
686459,0.028174113
686460,0.34721848
686461,0.1111145
686462,0.69810903
686463,0.99716794
686464,0.13463357
686465,0.998791
686466,0.03607444
686467,0.6728985
686468,0.98886585
686469,0.0051633157
686470,0.008020836
686471,0.45097417
686472,0.95916176
686473,0.9836618
686474,0.6449521
686475,0.004136039
686476,0.03781893
686477,0.9991729
686478,0.8851487
686479,0.023353048
686480,0.9875101
686481,0.035937425
686482,0.97903347
686483,0.012617545
686484,0.07009956
686485,0.10631155
686486,0.9957487
686487,0.99921715
686488,0.7790104
686489,0.09855096
686490,0.025792172
686491,0.5939418
686492,0.98548
686493,0.24500631
686494,0.043154605
686495,0.18956769
686496,0.9686942
686497,0.94542456
686498,0.037913002
686499,0.0064461185
686500,0.69059825
686501,0.9713102
686502,0.050203152
686503,0.9648483
686504,0.6909651
686505,0.63180923
686506,0.9907304
686507,0.086155355
686508,0.25795028
686509,0.19437021
686510,0.026626658
686511,0.0061215567
686512,0.101654924
686513,0.9813266
686514,0.09031725
686515,0.9510623
686516,0.014657483
686517,0.14202654
686518,0.98261005
686519,0.46381608
686520,0.99156225
686521,0.00274826
686522,0.10897021
686523,0.109420985
686524,0.015426897
686525,0.03380945
686526,0.50463367
686527,0.79281634
686528,0.997835
686529,0.001211885
686530,0.82279956
686531,0.29339078
686532,0.5342927
686533,0.0037249355
686534,0.011135459
686535,0.9940969
686536,0.48422474
686537,0.83588594
686538,0.98874277
686539,0.0072917086
686540,0.6887453
686541,0.93236065
686542,0.0102367075
686543,0.0579862
686544,0.97748935
686545,0.9351468
686546,0.22936918
686547,0.7415083
686548,0.2791631
686549,0.60528255
686550,0.004630805
686551,0.004613367
686552,0.88575506
686553,0.99581337
686554,0.13785735
686555,0.32234547
686556,0.13623703
686557,0.07333418
686558,0.91625684
686559,0.970653
686560,0.9740974
686561,0.6830612
686562,0.054253813
686563,0.22563304
686564,0.93716943
686565,0.021234421
686566,0.64505523
686567,0.99610704
686568,0.86612403
686569,0.97302043
686570,0.0018057434
686571,0.9964361
686572,0.008859168
686573,0.014487578
686574,0.3223007
686575,0.28103983
686576,0.9639857
686577,0.0073255464
686578,0.008505235
686579,0.2645127
686580,0.24962854
686581,0.26471537
686582,0.22094592
686583,0.0050664893
686584,0.043751724
686585,0.98564714
686586,0.42632425
686587,0.98249286
686588,0.9633918
686589,0.08412498
686590,0.8646721
686591,0.96555084
686592,0.98041713
686593,0.9693743
686594,0.9865658
686595,0.47982627
686596,0.5046838
686597,0.48067024
686598,0.001703998
686599,0.004786074
686600,0.21254854
686601,0.003852875
686602,0.107234076
686603,0.9615463
686604,0.009011759
686605,0.9905088
686606,0.24919221
686607,0.05700869
686608,0.026407914
686609,0.89670694
686610,0.6929671
686611,0.18278489
686612,0.005568563
686613,0.890646
686614,0.65950745
686615,0.26775956
686616,0.033736385
686617,0.43627357
686618,0.003555659
686619,0.037091516
686620,0.020161197
686621,0.008363396
686622,0.0910289
686623,0.0200013
686624,0.44178388
686625,0.31786397
686626,0.11398116
686627,0.08106139
686628,0.01615325
686629,0.8852893
686630,0.06094842
686631,0.10385715
686632,0.08537333
686633,0.72233295
686634,0.8568575
686635,0.037825577
686636,0.9722779
686637,0.38995782
686638,0.16700555
686639,0.83840036
686640,0.9480036
686641,0.07016496
686642,0.008784586
686643,0.93277293
686644,0.0060731694
686645,0.9901497
686646,0.3998965
686647,0.35442197
686648,0.017913813
686649,0.9645149
686650,0.06097639
686651,0.01691307
686652,0.25665653
686653,0.022924984
686654,0.021536719
686655,0.101094276
686656,0.8506458
686657,0.98107696
686658,0.1985847
686659,0.3451303
686660,0.0006297318
686661,0.0038536976
686662,0.014541663
686663,0.6402822
686664,0.26279527
686665,0.9935281
686666,0.7943904
686667,0.9892408
686668,0.69613725
686669,0.9203539
686670,0.83410525
686671,0.025396954
686672,0.984604
686673,0.0036330547
686674,0.14244094
686675,0.033285476
686676,0.9737147
686677,0.88671815
686678,0.95425004
686679,0.6469032
686680,0.9887348
686681,0.24739698
686682,0.0029816902
686683,0.047408596
686684,0.3570589
686685,0.009575175
686686,0.046666812
686687,0.15202497
686688,0.78483903
686689,0.64191526
686690,0.6444051
686691,0.997452
686692,0.9596827
686693,0.05969465
686694,0.9255552
686695,0.02007045
686696,0.12958594
686697,0.3588888
686698,0.038375553
686699,0.32127097
686700,0.8567679
686701,0.8451865
686702,0.08339694
686703,0.015764808
686704,0.86252904
686705,0.36832675
686706,0.9808485
686707,0.15820748
686708,0.18965487
686709,0.0037614927
686710,0.84504294
686711,0.0405823
686712,0.023925591
686713,0.73535174
686714,0.98239183
686715,0.9406655
686716,0.99814284
686717,0.35591337
686718,0.0013923704
686719,0.053309683
686720,0.90666246
686721,0.9969548
686722,0.84354603
686723,0.46173087
686724,0.14906305
686725,0.9944885
686726,0.9991402
686727,0.09887994
686728,0.11135894
686729,0.009273509
686730,0.99000317
686731,0.0040262803
686732,0.008303364
686733,0.68882334
686734,0.043851987
686735,0.021559997
686736,0.012753777
686737,0.90183794
686738,0.9971329
686739,0.80954576
686740,0.0710731
686741,0.12116588
686742,0.015682768
686743,0.4048072
686744,0.7680039
686745,0.05596356
686746,0.03279763
686747,0.867244
686748,0.084341966
686749,0.72982556
686750,0.02656446
686751,0.0057016714
686752,0.30543292
686753,0.9248521
686754,0.9904459
686755,0.9662895
686756,0.112590574
686757,0.9995104
686758,0.5721061
686759,0.030342989
686760,0.92621887
686761,0.10038707
686762,0.9889484
686763,0.018229963
686764,0.0023056034
686765,0.98821205
686766,0.9975038
686767,0.083175175
686768,0.01441922
686769,0.9903264
686770,0.13351166
686771,0.36286047
686772,0.96599984
686773,0.98505044
686774,0.04214438
686775,0.9652924
686776,0.98366034
686777,0.060961515
686778,0.0641142
686779,0.030223107
686780,0.05766802
686781,0.98429483
686782,0.01908807
686783,0.9707803
686784,0.005013555
686785,0.42135707
686786,0.38187814
686787,0.9921978
686788,0.9144371
686789,0.8230113
686790,0.9994971
686791,0.8169035
686792,0.97680354
686793,0.049112186
686794,0.7912107
686795,0.9550626
686796,0.9810471
686797,0.10561572
686798,0.02260865
686799,0.005525855
686800,0.11305001
686801,0.7785783
686802,0.98069817
686803,0.014517212
686804,0.17275427
686805,0.9970068
686806,0.16868034
686807,0.011593906
686808,0.08246811
686809,0.013367611
686810,0.9089581
686811,0.9883398
686812,0.8140907
686813,0.9628998
686814,0.015527304
686815,0.15604146
686816,0.58718985
686817,0.99626434
686818,0.07650099
686819,0.049487486
686820,0.9951946
686821,0.008577342
686822,0.18023518
686823,0.26338983
686824,0.9994339
686825,0.9762572
686826,0.6780818
686827,0.9865822
686828,0.29786777
686829,0.49580193
686830,0.6195178
686831,0.9875299
686832,0.8747542
686833,0.99722326
686834,0.9284458
686835,0.98255
686836,0.07856124
686837,0.0026028438
686838,0.99607927
686839,0.9959922
686840,0.004333864
686841,0.22412136
686842,0.030439835
686843,0.34414428
686844,0.019662688
686845,0.43491727
686846,0.91572285
686847,0.09070172
686848,0.0029633292
686849,0.99855494
686850,0.9506986
686851,0.99797654
686852,0.96933347
686853,0.33204964
686854,0.085914016
686855,0.38245898
686856,0.1473591
686857,0.6517781
686858,0.8616378
686859,0.99952173
686860,0.40392798
686861,0.0040617133
686862,0.08069372
686863,0.9749343
686864,0.5407622
686865,0.08282845
686866,0.007696156
686867,0.019165456
686868,0.0037657744
686869,0.051045507
686870,0.018955076
686871,0.9842653
686872,0.030333221
686873,0.026171342
686874,0.122488536
686875,0.95216596
686876,0.1339196
686877,0.009063311
686878,0.95074755
686879,0.06340787
686880,0.08668125
686881,0.016182099
686882,0.028381426
686883,0.5316433
686884,0.19114603
686885,0.99760365
686886,0.9123844
686887,0.7054582
686888,0.049763244
686889,0.8005554
686890,0.0063098045
686891,0.74456537
686892,0.008727072
686893,0.018176226
686894,0.21713705
686895,0.96993786
686896,0.7125056
686897,0.05355461
686898,0.047469523
686899,0.010942237
686900,0.73223317
686901,0.0077234088
686902,0.8807923
686903,0.9800175
686904,0.99016905
686905,0.07744254
686906,0.99798495
686907,0.9881772
686908,0.06673952
686909,0.011051097
686910,0.07677537
686911,0.9984694
686912,0.015776917
686913,0.54026425
686914,0.6910398
686915,0.97050595
686916,0.001814899
686917,0.28954104
686918,0.19519195
686919,0.4142376
686920,0.010480672
686921,0.016500112
686922,0.96921
686923,0.9923439
686924,0.8998648
686925,0.00096116355
686926,0.97687936
686927,0.21476051
686928,0.85282725
686929,0.99829483
686930,0.9580966
686931,0.094326
686932,0.97990155
686933,0.9190235
686934,0.017510671
686935,0.04720921
686936,0.98784494
686937,0.41574773
686938,0.43627724
686939,0.94795203
686940,0.98968285
686941,0.33513618
686942,0.014291534
686943,0.096905604
686944,0.0055949944
686945,0.9524552
686946,0.4505719
686947,0.13135388
686948,0.95901644
686949,0.60353184
686950,0.45046625
686951,0.9448308
686952,0.4570449
686953,0.0054213274
686954,0.13682726
686955,0.29923207
686956,0.12947223
686957,0.9475781
686958,0.14486615
686959,0.02521709
686960,0.011875477
686961,0.23109372
686962,0.11741769
686963,0.14788336
686964,0.094024725
686965,0.028740078
686966,0.9832018
686967,0.88151646
686968,0.019434996
686969,0.87726575
686970,0.7895199
686971,0.09079454
686972,0.012047084
686973,0.7309107
686974,0.99368393
686975,0.9905812
686976,0.9867729
686977,0.8535462
686978,0.60839725
686979,0.9620018
686980,0.010698748
686981,0.2753124
686982,0.97480047
686983,0.004607669
686984,0.99834144
686985,0.9948249
686986,0.153373
686987,0.010816828
686988,0.08925465
686989,0.18427373
686990,0.3805435
686991,0.99539214
686992,0.9977995
686993,0.85155386
686994,0.4705897
686995,0.79919714
686996,0.085741125
686997,0.97667617
686998,0.097394615
686999,0.9928479
687000,0.7879621
687001,0.010657171
687002,0.121341676
687003,0.9914163
687004,0.81593573
687005,0.95955145
687006,0.9937309
687007,0.027910804
687008,0.05025997
687009,0.9819205
687010,0.06778234
687011,0.88365716
687012,0.041412212
687013,0.20532489
687014,0.035001907
687015,0.94979936
687016,0.990314
687017,0.010093926
687018,0.37577516
687019,0.01259507
687020,0.24898602
687021,0.12823097
687022,0.20024754
687023,0.021005817
687024,0.015835581
687025,0.9283539
687026,0.4287532
687027,0.98352104
687028,0.9949658
687029,0.7007632
687030,0.79241246
687031,0.9816305
687032,0.9598657
687033,0.8875005
687034,0.99499625
687035,0.9315367
687036,0.50435364
687037,0.21813653
687038,0.016827554
687039,0.9830557
687040,0.006046745
687041,0.639294
687042,0.72805923
687043,0.7007111
687044,0.052360095
687045,0.015362064
687046,0.4328598
687047,0.09249673
687048,0.99929726
687049,0.26677844
687050,0.99873954
687051,0.9865389
687052,0.036935717
687053,0.09826737
687054,0.08130985
687055,0.9527559
687056,0.9953346
687057,0.9958475
687058,0.9956182
687059,0.06165298
687060,0.07013455
687061,0.21217017
687062,0.99897987
687063,0.64398664
687064,0.020315332
687065,0.16665094
687066,0.011229664
687067,0.08734617
687068,0.015718222
687069,0.25182313
687070,0.9296347
687071,0.020204581
687072,0.13565254
687073,0.92948663
687074,0.9992702
687075,0.7951699
687076,0.9566995
687077,0.982705
687078,0.99751425
687079,0.7239485
687080,0.9233849
687081,0.5675905
687082,0.99461496
687083,0.015724301
687084,0.94381577
687085,0.040505633
687086,0.15404016
687087,0.022112502
687088,0.14968514
687089,0.036342796
687090,0.077652134
687091,0.0013299866
687092,0.8048299
687093,0.26136217
687094,0.9851675
687095,0.73201746
687096,0.003190921
687097,0.97929287
687098,0.90741336
687099,0.75575364
687100,0.01079401
687101,0.98394704
687102,0.12519102
687103,0.23601463
687104,0.009881224
687105,0.3465067
687106,0.79568803
687107,0.9955364
687108,0.97301126
687109,0.11284431
687110,0.4029825
687111,0.114373915
687112,0.009617681
687113,0.05571174
687114,0.9845728
687115,0.04774175
687116,0.05030552
687117,0.011723122
687118,0.7322823
687119,0.66652656
687120,0.9937525
687121,0.97273844
687122,0.92069936
687123,0.28040293
687124,0.31944057
687125,0.99736536
687126,0.97836316
687127,0.03285452
687128,0.007911507
687129,0.99337804
687130,0.011332898
687131,0.031950217
687132,0.68655366
687133,0.9913735
687134,0.32849038
687135,0.8172903
687136,0.03449443
687137,0.15666527
687138,0.26136297
687139,0.12738559
687140,0.006287843
687141,0.0047077676
687142,0.9760139
687143,0.004736266
687144,0.8104608
687145,0.030350152
687146,0.90111226
687147,0.962376
687148,0.99468154
687149,0.885004
687150,0.6828015
687151,0.01361349
687152,0.015656887
687153,0.30891484
687154,0.9820198
687155,0.12939456
687156,0.216925
687157,0.9761403
687158,0.38374585
687159,0.055995837
687160,0.09470819
687161,0.016802585
687162,0.18459335
687163,0.0031060772
687164,0.1760152
687165,0.1916935
687166,0.9396329
687167,0.99225783
687168,0.06558927
687169,0.5196252
687170,0.9475898
687171,0.3766661
687172,0.03951766
687173,0.9979632
687174,0.016243238
687175,0.92452717
687176,0.99775314
687177,0.9914782
687178,0.869431
687179,0.03635045
687180,0.1510555
687181,0.9804117
687182,0.2773016
687183,0.092933744
687184,0.01861664
687185,0.55016106
687186,0.23720562
687187,0.9976036
687188,0.023996219
687189,0.013583912
687190,0.93274575
687191,0.015482726
687192,0.0078660315
687193,0.9869995
687194,0.98560464
687195,0.98107934
687196,0.40923324
687197,0.05550705
687198,0.012628867
687199,0.31720248
687200,0.7231601
687201,0.97512305
687202,0.6192337
687203,0.012021109
687204,0.035613876
687205,0.5782945
687206,0.014979594
687207,0.006172415
687208,0.0058498555
687209,0.075476184
687210,0.93337786
687211,0.8488089
687212,0.071299486
687213,0.17363851
687214,0.056735627
687215,0.9140948
687216,0.3016286
687217,0.04624192
687218,0.998791
687219,0.17371875
687220,0.692173
687221,0.2267481
687222,0.9970655
687223,0.42561927
687224,0.036257084
687225,0.021865316
687226,0.9953807
687227,0.0046690465
687228,0.77857536
687229,0.01853605
687230,0.09717842
687231,0.9683256
687232,0.97744006
687233,0.043811973
687234,0.6919241
687235,0.015743336
687236,0.8365934
687237,0.27988023
687238,0.9972774
687239,0.9669537
687240,0.5505129
687241,0.16930358
687242,0.048224345
687243,0.18556894
687244,0.023672642
687245,0.03725821
687246,0.49439818
687247,0.012258633
687248,0.24326175
687249,0.99179345
687250,0.002431793
687251,0.023949452
687252,0.12961097
687253,0.88767314
687254,0.0060366304
687255,0.9894734
687256,0.94973725
687257,0.046519578
687258,0.7569903
687259,0.0025239522
687260,0.19290899
687261,0.090018466
687262,0.08357492
687263,0.995739
687264,0.8525709
687265,0.9269835
687266,0.9953226
687267,0.19214329
687268,0.6072359
687269,0.018228058
687270,0.79347736
687271,0.012637748
687272,0.9860145
687273,0.05482548
687274,0.02296132
687275,0.09248914
687276,0.70755774
687277,0.022757035
687278,0.18426181
687279,0.9416914
687280,0.9928131
687281,0.032433633
687282,0.51129794
687283,0.98767436
687284,0.9712938
687285,0.023434788
687286,0.9871616
687287,0.17923462
687288,0.992015
687289,0.048618834
687290,0.973127
687291,0.9957987
687292,0.030456878
687293,0.011443492
687294,0.027042195
687295,0.37502432
687296,0.98264253
687297,0.88441604
687298,0.112778775
687299,0.58225006
687300,0.9899515
687301,0.66381526
687302,0.9865703
687303,0.9921098
687304,0.87866116
687305,0.8746594
687306,0.9978219
687307,0.013104616
687308,0.055637404
687309,0.74584556
687310,0.89755255
687311,0.9826268
687312,0.9778962
687313,0.010844617
687314,0.05194885
687315,0.85193413
687316,0.99610317
687317,0.02156462
687318,0.98460495
687319,0.07311722
687320,0.31979662
687321,0.24018271
687322,0.014294084
687323,0.091610506
687324,0.029035797
687325,0.74799013
687326,0.020462997
687327,0.41184658
687328,0.964043
687329,0.96289724
687330,0.89866674
687331,0.043579757
687332,0.9696988
687333,0.86778694
687334,0.2572644
687335,0.29873735
687336,0.9670003
687337,0.8633432
687338,0.27707824
687339,0.029473588
687340,0.006280903
687341,0.9896395
687342,0.9052931
687343,0.020851199
687344,0.035374254
687345,0.019963494
687346,0.9765947
687347,0.6786901
687348,0.9126493
687349,0.016054321
687350,0.012898771
687351,0.9905203
687352,0.6385653
687353,0.99202394
687354,0.9516505
687355,0.9031374
687356,0.19279653
687357,0.1751808
687358,0.5884522
687359,0.20934533
687360,0.4010087
687361,0.0015536308
687362,0.009594866
687363,0.9025753
687364,0.994133
687365,0.003965301
687366,0.011684698
687367,0.010979645
687368,0.9461022
687369,0.006456471
687370,0.05159266
687371,0.04143857
687372,0.8608986
687373,0.9840446
687374,0.018015519
687375,0.102923185
687376,0.96076196
687377,0.9864772
687378,0.014380176
687379,0.8831475
687380,0.809276
687381,0.9907881
687382,0.4772287
687383,0.000968005
687384,0.005422008
687385,0.5440422
687386,0.06412218
687387,0.98851043
687388,0.9920943
687389,0.19007692
687390,0.04865223
687391,0.8860873
687392,0.9510449
687393,0.9698258
687394,0.9911341
687395,0.10633418
687396,0.99926347
687397,0.5239841
687398,0.812529
687399,0.96434414
687400,0.9599618
687401,0.11939642
687402,0.0039613917
687403,0.99686307
687404,0.024029603
687405,0.025455788
687406,0.004811994
687407,0.089579545
687408,0.10384237
687409,0.37277013
687410,0.21082781
687411,0.07433812
687412,0.03492213
687413,0.012999086
687414,0.004780559
687415,0.067489445
687416,0.04200302
687417,0.022516638
687418,0.95438874
687419,0.026126001
687420,0.39453793
687421,0.9607208
687422,0.018571295
687423,0.0041956236
687424,0.99581105
687425,0.07255565
687426,0.17485356
687427,0.023759171
687428,0.99628115
687429,0.77129614
687430,0.9894169
687431,0.6482377
687432,0.6526209
687433,0.0044959104
687434,0.9887255
687435,0.4081916
687436,0.0060077365
687437,0.010773659
687438,0.99764013
687439,0.0025172015
687440,0.03420954
687441,0.9880879
687442,0.77064294
687443,0.007339202
687444,0.13297054
687445,0.30196193
687446,0.10649573
687447,0.017221378
687448,0.012148823
687449,0.99252355
687450,0.20342839
687451,0.019206215
687452,0.9194526
687453,0.6395727
687454,0.010872468
687455,0.95667225
687456,0.01987548
687457,0.7816548
687458,0.27791333
687459,0.90839165
687460,0.9126675
687461,0.42645022
687462,0.0035055887
687463,0.9823179
687464,0.9981975
687465,0.04077021
687466,0.6550067
687467,0.9800723
687468,0.71364856
687469,0.9892998
687470,0.016263973
687471,0.9694644
687472,0.004288666
687473,0.20488636
687474,0.013185868
687475,0.9706624
687476,0.97335255
687477,0.8124136
687478,0.1273781
687479,0.9841934
687480,0.9906095
687481,0.06179401
687482,0.02033927
687483,0.0021731714
687484,0.94982785
687485,0.8788798
687486,0.5687631
687487,0.18277276
687488,0.02595162
687489,0.99749154
687490,0.99792343
687491,0.04072018
687492,0.023960428
687493,0.027485974
687494,0.8755027
687495,0.2536301
687496,0.9954715
687497,0.052298337
687498,0.9957777
687499,0.9966289
687500,0.9030847
687501,0.10824111
687502,0.9730823
687503,0.044203214
687504,0.022260984
687505,0.14757675
687506,0.7848108
687507,0.9397549
687508,0.9603662
687509,0.045798358
687510,0.86787695
687511,0.022148248
687512,0.029802505
687513,0.95350933
687514,0.039836675
687515,0.7412695
687516,0.03448584
687517,0.003081222
687518,0.028897062
687519,0.344836
687520,0.06758635
687521,0.0377716
687522,0.0025705118
687523,0.30729797
687524,0.99380934
687525,0.80502665
687526,0.8169566
687527,0.79088026
687528,0.034014404
687529,0.25453657
687530,0.0049491404
687531,0.99695456
687532,0.099586755
687533,0.8260517
687534,0.05312546
687535,0.83980626
687536,0.9896007
687537,0.013983853
687538,0.60652727
687539,0.97901475
687540,0.014610279
687541,0.009324549
687542,0.6776502
687543,0.11264883
687544,0.39238462
687545,0.11398029
687546,0.9782408
687547,0.0084296465
687548,0.059098426
687549,0.040371947
687550,0.59671587
687551,0.94611645
687552,0.051991884
687553,0.05980772
687554,0.33286572
687555,0.13923368
687556,0.23884416
687557,0.77950454
687558,0.016031466
687559,0.86220145
687560,0.73427737
687561,0.056635886
687562,0.97810596
687563,0.12915163
687564,0.66997355
687565,0.26532403
687566,0.027686704
687567,0.41323844
687568,0.8216284
687569,0.57289034
687570,0.27936754
687571,0.04571257
687572,0.00720782
687573,0.48120803
687574,0.8042714
687575,0.03152955
687576,0.9963204
687577,0.83607644
687578,0.7752811
687579,0.9913213
687580,0.024932195
687581,0.99116457
687582,0.0047654957
687583,0.75309074
687584,0.067638785
687585,0.99156475
687586,0.20759106
687587,0.9817821
687588,0.9705591
687589,0.0060901213
687590,0.9889213
687591,0.12999325
687592,0.03352079
687593,0.9957804
687594,0.9799267
687595,0.015139029
687596,0.051568355
687597,0.48846728
687598,0.98731256
687599,0.02120331
687600,0.9801378
687601,0.94556546
687602,0.20567518
687603,0.8247474
687604,0.04796831
687605,0.076423645
687606,0.59257364
687607,0.21324784
687608,0.75444674
687609,0.9789977
687610,0.98040104
687611,0.005679016
687612,0.6666638
687613,0.9959299
687614,0.9707452
687615,0.9894214
687616,0.94692856
687617,0.0068358225
687618,0.60853183
687619,0.9957632
687620,0.9681269
687621,0.28317308
687622,0.66260797
687623,0.119164035
687624,0.9546306
687625,0.9986806
687626,0.007142557
687627,0.95566654
687628,0.9942314
687629,0.9392053
687630,0.26451528
687631,0.023536531
687632,0.12878239
687633,0.0320791
687634,0.044415
687635,0.098829225
687636,0.58044535
687637,0.47959062
687638,0.999526
687639,0.93325526
687640,0.021906989
687641,0.98900765
687642,0.019773677
687643,0.94033295
687644,0.10475249
687645,0.01760591
687646,0.94537115
687647,0.044327073
687648,0.96889335
687649,0.17708772
687650,0.0060789674
687651,0.066306904
687652,0.87681866
687653,0.99016106
687654,0.030926114
687655,0.08241759
687656,0.051624198
687657,0.7738098
687658,0.9374254
687659,0.013526173
687660,0.9928089
687661,0.9750035
687662,0.012417387
687663,0.80054086
687664,0.68932384
687665,0.11411597
687666,0.5562649
687667,0.0924747
687668,0.013786195
687669,0.016914802
687670,0.9847077
687671,0.008295418
687672,0.4566754
687673,0.3103811
687674,0.58326256
687675,0.9879538
687676,0.049102474
687677,0.3032346
687678,0.013478953
687679,0.038358927
687680,0.047807127
687681,0.0076968363
687682,0.72816044
687683,0.05322112
687684,0.9235977
687685,0.9955752
687686,0.0038223371
687687,0.07356535
687688,0.40907446
687689,0.8148621
687690,0.110748716
687691,0.006553728
687692,0.052337196
687693,0.020073824
687694,0.038103603
687695,0.9642005
687696,0.815579
687697,0.017743513
687698,0.02084584
687699,0.42717627
687700,0.015798133
687701,0.6300124
687702,0.10242623
687703,0.07821031
687704,0.0029488942
687705,0.4943651
687706,0.99309886
687707,0.004547826
687708,0.577164
687709,0.00983572
687710,0.0027239388
687711,0.99245405
687712,0.04851772
687713,0.008199341
687714,0.99863786
687715,0.0024201758
687716,0.034410834
687717,0.23069496
687718,0.8632401
687719,0.9771335
687720,0.0092842365
687721,0.95986795
687722,0.009864523
687723,0.9891859
687724,0.9863638
687725,0.9863832
687726,0.9990166
687727,0.9717813
687728,0.45229524
687729,0.90889215
687730,0.9220047
687731,0.022045178
687732,0.31066382
687733,0.040457312
687734,0.95644
687735,0.102956116
687736,0.4656592
687737,0.29742524
687738,0.25404477
687739,0.012083739
687740,0.22668663
687741,0.98759186
687742,0.9504303
687743,0.07148799
687744,0.031349003
687745,0.05930502
687746,0.03423008
687747,0.9809526
687748,0.09059877
687749,0.22157668
687750,0.85088205
687751,0.004516389
687752,0.24767016
687753,0.58833724
687754,0.13686778
687755,0.98042494
687756,0.83252096
687757,0.98842627
687758,0.94342625
687759,0.13812265
687760,0.93755174
687761,0.4029129
687762,0.792595
687763,0.9802584
687764,0.962021
687765,0.01528555
687766,0.45890427
687767,0.006557059
687768,0.06933816
687769,0.8083366
687770,0.09961639
687771,0.81850195
687772,0.8297264
687773,0.011863871
687774,0.990878
687775,0.93183565
687776,0.14444163
687777,0.09241672
687778,0.11619768
687779,0.66666585
687780,0.28525847
687781,0.008614514
687782,0.036929563
687783,0.5212508
687784,0.0068553668
687785,0.97139716
687786,0.016598191
687787,0.23836304
687788,0.12987372
687789,0.8524159
687790,0.6605224
687791,0.9505746
687792,0.51109725
687793,0.026014585
687794,0.94453603
687795,0.023705779
687796,0.005972371
687797,0.015786614
687798,0.059768952
687799,0.027476862
687800,0.74631876
687801,0.87137717
687802,0.9155152
687803,0.02375881
687804,0.96953666
687805,0.43319637
687806,0.29190564
687807,0.5880384
687808,0.98973525
687809,0.99348235
687810,0.08491814
687811,0.019622609
687812,0.79265594
687813,0.15813448
687814,0.776623
687815,0.97115356
687816,0.94161284
687817,0.76309574
687818,0.007369832
687819,0.2863204
687820,0.07408196
687821,0.080378965
687822,0.011350414
687823,0.07498312
687824,0.906919
687825,0.98681253
687826,0.9851471
687827,0.12533024
687828,0.04357161
687829,0.36722174
687830,0.67319906
687831,0.7983681
687832,0.9908794
687833,0.004473761
687834,0.97432685
687835,0.27868414
687836,0.56287926
687837,0.9939454
687838,0.0059475224
687839,0.016957687
687840,0.8069588
687841,0.11562231
687842,0.04213131
687843,0.93672276
687844,0.99735796
687845,0.11700767
687846,0.912385
687847,0.025860127
687848,0.13494171
687849,0.87704504
687850,0.025502333
687851,0.1821236
687852,0.95845765
687853,0.9961828
687854,0.13578436
687855,0.19041872
687856,0.025752358
687857,0.97210014
687858,0.09629671
687859,0.061042044
687860,0.5661398
687861,0.8830104
687862,0.19694448
687863,0.2136109
687864,0.97526085
687865,0.15855598
687866,0.009080517
687867,0.47977823
687868,0.8858973
687869,0.21019441
687870,0.07735726
687871,0.045989625
687872,0.017516056
687873,0.06347719
687874,0.079054266
687875,0.01969191
687876,0.0038340904
687877,0.008237316
687878,0.8407845
687879,0.028165834
687880,0.40126944
687881,0.027775325
687882,0.998594
687883,0.021171408
687884,0.009670226
687885,0.007906235
687886,0.020997329
687887,0.7024747
687888,0.18805066
687889,0.53110975
687890,0.9971653
687891,0.97667044
687892,0.8482603
687893,0.9970597
687894,0.009764643
687895,0.9899512
687896,0.0347811
687897,0.9286779
687898,0.02229532
687899,0.0087901205
687900,0.009405513
687901,0.12956879
687902,0.02601067
687903,0.33115757
687904,0.020060457
687905,0.99675965
687906,0.9475604
687907,0.9932545
687908,0.06492435
687909,0.00816854
687910,0.08960144
687911,0.8474117
687912,0.26978612
687913,0.9183161
687914,0.066689745
687915,0.86019164
687916,0.46533006
687917,0.79431003
687918,0.97717947
687919,0.78235924
687920,0.97780716
687921,0.005356795
687922,0.6530774
687923,0.99476826
687924,0.3740473
687925,0.6038383
687926,0.98561746
687927,0.93616045
687928,0.8301287
687929,0.0047576004
687930,0.013143975
687931,0.25282788
687932,0.004435314
687933,0.013270034
687934,0.0102112675
687935,0.026760722
687936,0.09381393
687937,0.71405387
687938,0.5303261
687939,0.98924273
687940,0.9885323
687941,0.043546773
687942,0.012208572
687943,0.034692977
687944,0.99065953
687945,0.89681846
687946,0.0056048334
687947,0.057489976
687948,0.98198867
687949,0.5313801
687950,0.95377195
687951,0.99433756
687952,0.8899305
687953,0.009882952
687954,0.016541418
687955,0.111496314
687956,0.40316042
687957,0.011383139
687958,0.978804
687959,0.9904698
687960,0.0040366417
687961,0.9921852
687962,0.47712034
687963,0.99094605
687964,0.0024827567
687965,0.07137386
687966,0.8975908
687967,0.029811874
687968,0.017265538
687969,0.19651708
687970,0.8094849
687971,0.6461105
687972,0.9855503
687973,0.82353085
687974,0.52494276
687975,0.14169031
687976,0.96109843
687977,0.52714264
687978,0.958833
687979,0.97110665
687980,0.9923623
687981,0.9911832
687982,0.20231369
687983,0.4079553
687984,0.8266053
687985,0.9959859
687986,0.13757135
687987,0.44694033
687988,0.639981
687989,0.9737707
687990,0.9270154
687991,0.98520315
687992,0.017179826
687993,0.032951802
687994,0.22673814
687995,0.99174273
687996,0.006198428
687997,0.06248979
687998,0.029862667
687999,0.23553677
688000,0.3444717
688001,0.98505896
688002,0.9018173
688003,0.37828803
688004,0.86370474
688005,0.2754779
688006,0.006139839
688007,0.97693753
688008,0.3634666
688009,0.6482371
688010,0.013620753
688011,0.038742647
688012,0.17288293
688013,0.22056428
688014,0.9784475
688015,0.18705565
688016,0.04148586
688017,0.99916196
688018,0.09161663
688019,0.9940059
688020,0.09630622
688021,0.6527594
688022,0.020476367
688023,0.011721743
688024,0.10939308
688025,0.65841985
688026,0.01524812
688027,0.87743735
688028,0.04405928
688029,0.008248062
688030,0.8997059
688031,0.776885
688032,0.01154825
688033,0.9307482
688034,0.19790083
688035,0.23776393
688036,0.9792655
688037,0.059605543
688038,0.107795835
688039,0.1713508
688040,0.9898262
688041,0.9871657
688042,0.015530398
688043,0.03293702
688044,0.97811204
688045,0.6800875
688046,0.02505008
688047,0.9510633
688048,0.13929789
688049,0.96164656
688050,0.6846105
688051,0.012033427
688052,0.077352695
688053,0.041089457
688054,0.8726969
688055,0.016217057
688056,0.43102616
688057,0.014893255
688058,0.25657365
688059,0.022329073
688060,0.9125275
688061,0.9813827
688062,0.9790404
688063,0.14539039
688064,0.9891486
688065,0.9524019
688066,0.050386302
688067,0.015978787
688068,0.17551216
688069,0.036601134
688070,0.64431906
688071,0.38539976
688072,0.014803385
688073,0.08443247
688074,0.98608917
688075,0.97274566
688076,0.0091529
688077,0.1524494
688078,0.8163906
688079,0.8195848
688080,0.057788607
688081,0.20823634
688082,0.71850336
688083,0.9984225
688084,0.017385298
688085,0.8575166
688086,0.96946424
688087,0.56353235
688088,0.24353388
688089,0.005112982
688090,0.04250589
688091,0.04759537
688092,0.015182596
688093,0.5805899
688094,0.45748767
688095,0.99089813
688096,0.6189375
688097,0.17471495
688098,0.032863043
688099,0.96717864
688100,0.19200455
688101,0.013607651
688102,0.94691044
688103,0.9935948
688104,0.53114146
688105,0.0024417164
688106,0.2962476
688107,0.0071254387
688108,0.0062716985
688109,0.9934381
688110,0.012591031
688111,0.09062347
688112,0.9440472
688113,0.97867274
688114,0.057705335
688115,0.16195998
688116,0.011699808
688117,0.8002416
688118,0.036889043
688119,0.9127667
688120,0.9896507
688121,0.9884736
688122,0.009410685
688123,0.01725267
688124,0.07051272
688125,0.99807143
688126,0.05153588
688127,0.88638264
688128,0.98497754
688129,0.95786095
688130,0.24411872
688131,0.23454171
688132,0.70932156
688133,0.78017795
688134,0.1699442
688135,0.03918105
688136,0.8393718
688137,0.99338406
688138,0.56255144
688139,0.08247129
688140,0.27795884
688141,0.003040683
688142,0.9769745
688143,0.060657848
688144,0.99631286
688145,0.004015202
688146,0.9498359
688147,0.47379184
688148,0.0980026
688149,0.018332945
688150,0.24234799
688151,0.78440785
688152,0.95577556
688153,0.52792567
688154,0.7740618
688155,0.8249841
688156,0.5397532
688157,0.9850521
688158,0.6485842
688159,0.8619002
688160,0.9904189
688161,0.9902998
688162,0.03004677
688163,0.81369936
688164,0.96969384
688165,0.9253214
688166,0.21066305
688167,0.014495343
688168,0.035871122
688169,0.60943234
688170,0.20815793
688171,0.96510655
688172,0.012157863
688173,0.48414958
688174,0.95441926
688175,0.02585525
688176,0.13879281
688177,0.98317903
688178,0.8188708
688179,0.79001534
688180,0.9862956
688181,0.94786
688182,0.025747672
688183,0.4677236
688184,0.033142444
688185,0.7496757
688186,0.08870782
688187,0.95520496
688188,0.053915635
688189,0.02386463
688190,0.0308117
688191,0.035467446
688192,0.9807997
688193,0.41927153
688194,0.8330072
688195,0.992929
688196,0.5830184
688197,0.9039117
688198,0.25547838
688199,0.66846526
688200,0.0053833616
688201,0.9869441
688202,0.008443421
688203,0.8179324
688204,0.022353478
688205,0.970521
688206,0.97367865
688207,0.9050065
688208,0.59979236
688209,0.98262423
688210,0.0024467998
688211,0.008289069
688212,0.0852648
688213,0.28598842
688214,0.9983053
688215,0.30650824
688216,0.99905384
688217,0.9363991
688218,0.80048895
688219,0.012970951
688220,0.0057138545
688221,0.7377778
688222,0.119457856
688223,0.99131614
688224,0.81586003
688225,0.07661177
688226,0.9640414
688227,0.5224844
688228,0.9075434
688229,0.5119083
688230,0.4431151
688231,0.98850507
688232,0.97024477
688233,0.062247526
688234,0.06958561
688235,0.009986261
688236,0.9921822
688237,0.9642655
688238,0.018146532
688239,0.16260587
688240,0.9990018
688241,0.97526246
688242,0.8131582
688243,0.13356733
688244,0.11935274
688245,0.22201228
688246,0.8770708
688247,0.46519822
688248,0.46465784
688249,0.03670544
688250,0.036789235
688251,0.5982778
688252,0.018806918
688253,0.51941603
688254,0.8916661
688255,0.025076551
688256,0.009552992
688257,0.34188145
688258,0.99170643
688259,0.0045392737
688260,0.8496047
688261,0.9964106
688262,0.38289237
688263,0.88887644
688264,0.88801163
688265,0.28046048
688266,0.99807894
688267,0.46414208
688268,0.0010157118
688269,0.021206364
688270,0.15985993
688271,0.2364635
688272,0.0650875
688273,0.97833705
688274,0.05105678
688275,0.7709136
688276,0.91223216
688277,0.0073305178
688278,0.09648507
688279,0.17208056
688280,0.018446678
688281,0.7802397
688282,0.66329855
688283,0.016490778
688284,0.062432226
688285,0.4579382
688286,0.9909399
688287,0.4083832
688288,0.7840268
688289,0.6879532
688290,0.9914383
688291,0.80091834
688292,0.13215852
688293,0.18604188
688294,0.03223219
688295,0.50519735
688296,0.014572851
688297,0.5594255
688298,0.017421063
688299,0.27530134
688300,0.23423396
688301,0.12528819
688302,0.013122362
688303,0.2769413
688304,0.77339935
688305,0.98099434
688306,0.8833171
688307,0.51338553
688308,0.9964075
688309,0.03414321
688310,0.98994374
688311,0.016109241
688312,0.7620287
688313,0.73907495
688314,0.13285786
688315,0.9998108
688316,0.9138611
688317,0.032188706
688318,0.79881704
688319,0.6243375
688320,0.0019557327
688321,0.98991096
688322,0.7123909
688323,0.17096278
688324,0.50185287
688325,0.036012948
688326,0.0049576564
688327,0.016044436
688328,0.031168077
688329,0.2753356
688330,0.029823797
688331,0.09610482
688332,0.0034044925
688333,0.115378216
688334,0.22696838
688335,0.997468
688336,0.7812154
688337,0.89664584
688338,0.9589792
688339,0.97554964
688340,0.96887946
688341,0.020142177
688342,0.32156605
688343,0.99197394
688344,0.99225354
688345,0.9503862
688346,0.9970958
688347,0.02739518
688348,0.13160491
688349,0.5312892
688350,0.9611695
688351,0.107614934
688352,0.048629537
688353,0.17540325
688354,0.021933146
688355,0.11657386
688356,0.43399855
688357,0.6750437
688358,0.9789803
688359,0.9092873
688360,0.85712695
688361,0.006984733
688362,0.9890278
688363,0.05559852
688364,0.09980625
688365,0.04681413
688366,0.2766111
688367,0.9943643
688368,0.04182006
688369,0.015249255
688370,0.048026707
688371,0.9653559
688372,0.7563256
688373,0.17111103
688374,0.9908714
688375,0.018829953
688376,0.97100073
688377,0.95553756
688378,0.99143714
688379,0.012270274
688380,0.2686889
688381,0.23424602
688382,0.99773407
688383,0.9791207
688384,0.7278044
688385,0.46402293
688386,0.9958797
688387,0.03128324
688388,0.28032202
688389,0.020317405
688390,0.022968441
688391,0.972001
688392,0.0362392
688393,0.98693895
688394,0.9009789
688395,0.048943643
688396,0.99083424
688397,0.58942604
688398,0.3399552
688399,0.70967394
688400,0.947427
688401,0.058757313
688402,0.80687267
688403,0.006369598
688404,0.019583346
688405,0.74705267
688406,0.004222513
688407,0.8908415
688408,0.028348982
688409,0.98085636
688410,0.99122465
688411,0.042047415
688412,0.021559473
688413,0.96643496
688414,0.95751095
688415,0.99387085
688416,0.5260133
688417,0.9952795
688418,0.21301633
688419,0.5500554
688420,0.039627984
688421,0.9093981
688422,0.5337878
688423,0.54472375
688424,0.73784137
688425,0.17090194
688426,0.9669681
688427,0.6988224
688428,0.3763355
688429,0.93421674
688430,0.47483176
688431,0.8793609
688432,0.16018736
688433,0.85636646
688434,0.4366067
688435,0.9580837
688436,0.027990872
688437,0.5571153
688438,0.9765917
688439,0.90597796
688440,0.0087248245
688441,0.99799854
688442,0.066781
688443,0.9904291
688444,0.97232896
688445,0.99490744
688446,0.9750807
688447,0.08348121
688448,0.90624493
688449,0.02305261
688450,0.09275837
688451,0.99555403
688452,0.1005912
688453,0.07960418
688454,0.0063014016
688455,0.23913231
688456,0.53082675
688457,0.011999026
688458,0.21720764
688459,0.69167614
688460,0.019136254
688461,0.0042671617
688462,0.0011996882
688463,0.015471159
688464,0.9827546
688465,0.8238052
688466,0.987929
688467,0.23295462
688468,0.8858181
688469,0.9726695
688470,0.014943303
688471,0.013875152
688472,0.37225187
688473,0.9891703
688474,0.010907949
688475,0.52343845
688476,0.9002928
688477,0.008461986
688478,0.1505143
688479,0.108182006
688480,0.0046673054
688481,0.0046006534
688482,0.68435484
688483,0.20977493
688484,0.9486711
688485,0.93866634
688486,0.9881836
688487,0.5490209
688488,0.08455551
688489,0.9983064
688490,0.97252506
688491,0.03748154
688492,0.004773624
688493,0.6296312
688494,0.14595467
688495,0.57378507
688496,0.0027453648
688497,0.013459341
688498,0.0059307218
688499,0.01077494
688500,0.13149947
688501,0.9960232
688502,0.044128586
688503,0.037073214
688504,0.9112074
688505,0.8713052
688506,0.96533245
688507,0.011960901
688508,0.028957758
688509,0.08757169
688510,0.16828969
688511,0.9934992
688512,0.13417462
688513,0.93553436
688514,0.9652542
688515,0.6140416
688516,0.025766606
688517,0.92099977
688518,0.18835476
688519,0.9928331
688520,0.06073168
688521,0.0023379328
688522,0.07014129
688523,0.88927037
688524,0.77812266
688525,0.024337862
688526,0.5113299
688527,0.005627387
688528,0.15625815
688529,0.9872218
688530,0.85725826
688531,0.9982342
688532,0.8427664
688533,0.17059554
688534,0.031225327
688535,0.9897667
688536,0.0035260916
688537,0.009163378
688538,0.05983332
688539,0.020038147
688540,0.090554155
688541,0.896323
688542,0.9987681
688543,0.14938466
688544,0.9976918
688545,0.9972595
688546,0.96146625
688547,0.052292183
688548,0.2885974
688549,0.02053992
688550,0.601699
688551,0.0054355515
688552,0.08656575
688553,0.23713548
688554,0.93669766
688555,0.92007244
688556,0.015350336
688557,0.0042849537
688558,0.035293337
688559,0.9180512
688560,0.010935381
688561,0.03394489
688562,0.008043047
688563,0.014941561
688564,0.009033563
688565,0.12525353
688566,0.51285493
688567,0.8690189
688568,0.04662513
688569,0.8759113
688570,0.3456206
688571,0.72638744
688572,0.70209074
688573,0.9826163
688574,0.051364105
688575,0.9968487
688576,0.7096288
688577,0.75998217
688578,0.8141109
688579,0.99878025
688580,0.00094785495
688581,0.07857401
688582,0.6579094
688583,0.013320761
688584,0.2110714
688585,0.15534902
688586,0.0573024
688587,0.049724817
688588,0.22620046
688589,0.9397595
688590,0.5264269
688591,0.993669
688592,0.023832025
688593,0.97078276
688594,0.06864241
688595,0.0054454072
688596,0.98969454
688597,0.0130045265
688598,0.99825734
688599,0.5846104
688600,0.010992185
688601,0.94112504
688602,0.9974345
688603,0.9088628
688604,0.9877082
688605,0.6955953
688606,0.14970697
688607,0.054012302
688608,0.9836262
688609,0.01540982
688610,0.43061072
688611,0.89645743
688612,0.981705
688613,0.66721237
688614,0.99716926
688615,0.7520821
688616,0.96122223
688617,0.03594455
688618,0.007981366
688619,0.00242517
688620,0.008373061
688621,0.8087865
688622,0.014324965
688623,0.0023286405
688624,0.90142953
688625,0.7805394
688626,0.35528097
688627,0.014736775
688628,0.9584691
688629,0.97181803
688630,0.84722066
688631,0.24581033
688632,0.6129755
688633,0.14420356
688634,0.38229758
688635,0.9138514
688636,0.033002175
688637,0.013883371
688638,0.5169751
688639,0.80952173
688640,0.98698604
688641,0.96212745
688642,0.7348564
688643,0.008157163
688644,0.0077286423
688645,0.008475473
688646,0.2344102
688647,0.96814203
688648,0.004945225
688649,0.12870848
688650,0.41776
688651,0.008780348
688652,0.94811404
688653,0.057496153
688654,0.4853408
688655,0.9966798
688656,0.033669524
688657,0.081879884
688658,0.03519641
688659,0.72904795
688660,0.46711656
688661,0.68407613
688662,0.97248065
688663,0.04463293
688664,0.30054963
688665,0.42957515
688666,0.03354506
688667,0.031473666
688668,0.5688837
688669,0.99519247
688670,0.20880827
688671,0.8236618
688672,0.010015095
688673,0.069607146
688674,0.87648576
688675,0.9939505
688676,0.99301535
688677,0.025916249
688678,0.012227785
688679,0.046256855
688680,0.97894263
688681,0.037421543
688682,0.94584674
688683,0.0060505816
688684,0.9995471
688685,0.006559375
688686,0.9905739
688687,0.26001576
688688,0.9680501
688689,0.85173184
688690,0.8437294
688691,0.008834121
688692,0.9526222
688693,0.039261572
688694,0.094648466
688695,0.0923924
688696,0.9638015
688697,0.040927317
688698,0.24091718
688699,0.013649945
688700,0.96738565
688701,0.9984842
688702,0.31037176
688703,0.094492875
688704,0.0231095
688705,0.3835069
688706,0.052193627
688707,0.9634864
688708,0.00774616
688709,0.03304171
688710,0.009897884
688711,0.70806324
688712,0.055590086
688713,0.04421086
688714,0.1327072
688715,0.9908703
688716,0.9932096
688717,0.027712341
688718,0.26236314
688719,0.029404428
688720,0.3330457
688721,0.6075592
688722,0.9871607
688723,0.022503166
688724,0.9908946
688725,0.9639351
688726,0.54233444
688727,0.0057435343
688728,0.13673624
688729,0.9346702
688730,0.9134266
688731,0.023969892
688732,0.78403604
688733,0.28505188
688734,0.69290173
688735,0.045476653
688736,0.06277763
688737,0.0037794264
688738,0.0023043004
688739,0.9364248
688740,0.9961276
688741,0.31844968
688742,0.9948503
688743,0.005295943
688744,0.9826123
688745,0.9907928
688746,0.23559903
688747,0.013650719
688748,0.8162984
688749,0.99951124
688750,0.18528214
688751,0.0025129234
688752,0.0047738072
688753,0.9668565
688754,0.024978645
688755,0.8051747
688756,0.95796627
688757,0.99310267
688758,0.061079036
688759,0.96525806
688760,0.04033317
688761,0.08206106
688762,0.92891186
688763,0.9870957
688764,0.19569531
688765,0.012405869
688766,0.026013076
688767,0.004625041
688768,0.9786099
688769,0.065278985
688770,0.12981328
688771,0.9951789
688772,0.9910044
688773,0.91858494
688774,0.12029594
688775,0.50423825
688776,0.0028282139
688777,0.056493115
688778,0.9965929
688779,0.8518314
688780,0.38861373
688781,0.043554913
688782,0.94170445
688783,0.046138242
688784,0.02716892
688785,0.36898088
688786,0.8692168
688787,0.042637397
688788,0.008104915
688789,0.50759923
688790,0.11138889
688791,0.8574191
688792,0.10313874
688793,0.5235529
688794,0.021110045
688795,0.016036967
688796,0.03128718
688797,0.020765264
688798,0.29246077
688799,0.9388596
688800,0.8001504
688801,0.029480845
688802,0.094360344
688803,0.011344992
688804,0.10875479
688805,0.041342475
688806,0.86237216
688807,0.91132057
688808,0.98376834
688809,0.0050094626
688810,0.107948594
688811,0.0033020377
688812,0.71526575
688813,0.004731404
688814,0.050907124
688815,0.90692484
688816,0.53148246
688817,0.93850833
688818,0.03580974
688819,0.03684953
688820,0.004840446
688821,0.8947935
688822,0.2457389
688823,0.035337273
688824,0.016200468
688825,0.028554555
688826,0.0085092895
688827,0.92319703
688828,0.4693061
688829,0.043166157
688830,0.9948116
688831,0.95538056
688832,0.0022299248
688833,0.053827718
688834,0.89695567
688835,0.7907362
688836,0.9533621
688837,0.9939137
688838,0.22656946
688839,0.9991671
688840,0.10648744
688841,0.0029062366
688842,0.92420524
688843,0.87015843
688844,0.4451723
688845,0.9929062
688846,0.4851627
688847,0.9974991
688848,0.8246523
688849,0.31089047
688850,0.025991593
688851,0.033187814
688852,0.2643624
688853,0.2811751
688854,0.9824176
688855,0.14099419
688856,0.013150225
688857,0.062333524
688858,0.6639061
688859,0.99094164
688860,0.013960512
688861,0.034062702
688862,0.9486256
688863,0.038063444
688864,0.9961846
688865,0.1381914
688866,0.60049915
688867,0.93902075
688868,0.6339904
688869,0.993455
688870,0.4666071
688871,0.15884009
688872,0.008909063
688873,0.009444924
688874,0.20286745
688875,0.856115
688876,0.98864126
688877,0.02028871
688878,0.600137
688879,0.97157013
688880,0.93313944
688881,0.112508364
688882,0.44831836
688883,0.23549499
688884,0.18566343
688885,0.28480503
688886,0.040976286
688887,0.05687113
688888,0.0032780666
688889,0.36170253
688890,0.840906
688891,0.8400782
688892,0.89638793
688893,0.91384244
688894,0.7823956
688895,0.1337598
688896,0.0061466685
688897,0.053627968
688898,0.13512406
688899,0.0044190497
688900,0.3311451
688901,0.004199783
688902,0.9332763
688903,0.2574366
688904,0.007064972
688905,0.99358404
688906,0.18384889
688907,0.018169552
688908,0.12787399
688909,0.015042571
688910,0.9947535
688911,0.016197015
688912,0.043386657
688913,0.019077245
688914,0.14147331
688915,0.9889592
688916,0.81759894
688917,0.023402203
688918,0.06260922
688919,0.98898005
688920,0.059589498
688921,0.964514
688922,0.6108036
688923,0.040361054
688924,0.051128328
688925,0.454136
688926,0.047276665
688927,0.8704816
688928,0.055929303
688929,0.98400223
688930,0.6696238
688931,0.21147639
688932,0.0034752982
688933,0.4468074
688934,0.10435047
688935,0.9993695
688936,0.007938316
688937,0.27159593
688938,0.049696498
688939,0.88759756
688940,0.811497
688941,0.04344735
688942,0.015352141
688943,0.010707673
688944,0.0032181796
688945,0.6307624
688946,0.66936374
688947,0.88980067
688948,0.8412444
688949,0.029038457
688950,0.0051798234
688951,0.018934961
688952,0.00396331
688953,0.0061765234
688954,0.0054009175
688955,0.11494125
688956,0.111606784
688957,0.085632116
688958,0.94000304
688959,0.99661374
688960,0.99200666
688961,0.016436953
688962,0.0067021614
688963,0.109297626
688964,0.96486616
688965,0.8420125
688966,0.030305117
688967,0.9081874
688968,0.0046029654
688969,0.017048338
688970,0.041004345
688971,0.9876411
688972,0.039867587
688973,0.9910432
688974,0.09923863
688975,0.013308715
688976,0.8111236
688977,0.51989686
688978,0.8799066
688979,0.009357639
688980,0.3565637
688981,0.875067
688982,0.056246318
688983,0.78762084
688984,0.9115822
688985,0.87562144
688986,0.999001
688987,0.9703542
688988,0.008619392
688989,0.6520705
688990,0.0026740693
688991,0.34647888
688992,0.06785318
688993,0.9495427
688994,0.050313655
688995,0.9884502
688996,0.33854535
688997,0.013948978
688998,0.99866945
688999,0.39335233
689000,0.98361593
689001,0.039209798
689002,0.99368405
689003,0.013551426
689004,0.03825598
689005,0.022505533
689006,0.056742676
689007,0.0072888522
689008,0.84106344
689009,0.97621113
689010,0.9621689
689011,0.018739399
689012,0.04799472
689013,0.049439833
689014,0.8367508
689015,0.9762239
689016,0.023474662
689017,0.22811562
689018,0.9958389
689019,0.015945014
689020,0.3721926
689021,0.050875586
689022,0.78741807
689023,0.8929393
689024,0.80806667
689025,0.70892286
689026,0.9544766
689027,0.013941172
689028,0.9857195
689029,0.95468044
689030,0.9976351
689031,0.017146094
689032,0.9508654
689033,0.0029113002
689034,0.010551728
689035,0.9290645
689036,0.94653404
689037,0.0051999553
689038,0.008912769
689039,0.99510497
689040,0.011077376
689041,0.0328029
689042,0.032516822
689043,0.027548902
689044,0.015483197
689045,0.012607532
689046,0.41626823
689047,0.84025335
689048,0.019738754
689049,0.48459575
689050,0.9640026
689051,0.0046882895
689052,0.035851687
689053,0.29506123
689054,0.018215146
689055,0.011614777
689056,0.015183634
689057,0.039332584
689058,0.0061951894
689059,0.94083256
689060,0.011392787
689061,0.10938398
689062,0.010802103
689063,0.9861565
689064,0.044684652
689065,0.2679953
689066,0.9944408
689067,0.006862114
689068,0.061265424
689069,0.7699456
689070,0.018061964
689071,0.0012246624
689072,0.9868766
689073,0.32179198
689074,0.97412705
689075,0.99646044
689076,0.006495355
689077,0.0017610106
689078,0.0072693727
689079,0.03994678
689080,0.0029801494
689081,0.9346253
689082,0.0046696155
689083,0.6420909
689084,0.26969436
689085,0.99470323
689086,0.16016701
689087,0.8923837
689088,0.041720897
689089,0.8942012
689090,0.98860985
689091,0.9847585
689092,0.07970491
689093,0.19675957
689094,0.23353681
689095,0.22937965
689096,0.67059964
689097,0.26567107
689098,0.09697873
689099,0.04256637
689100,0.94519615
689101,0.054060526
689102,0.58661604
689103,0.007805576
689104,0.012062057
689105,0.035421096
689106,0.9471184
689107,0.9871147
689108,0.9903027
689109,0.9957446
689110,0.6341245
689111,0.0029344684
689112,0.98251426
689113,0.87729126
689114,0.0051089833
689115,0.023013722
689116,0.024109358
689117,0.9845336
689118,0.4557079
689119,0.009755314
689120,0.97964895
689121,0.8457525
689122,0.37532148
689123,0.9011636
689124,0.01677552
689125,0.92973745
689126,0.29023656
689127,0.0034567693
689128,0.7389324
689129,0.05026258
689130,0.14923117
689131,0.12385464
689132,0.018469997
689133,0.97632957
689134,0.8228476
689135,0.04348187
689136,0.04602994
689137,0.10055607
689138,0.943615
689139,0.012769005
689140,0.036579683
689141,0.007804295
689142,0.97470677
689143,0.3900845
689144,0.989784
689145,0.025389114
689146,0.45429435
689147,0.64862895
689148,0.0094474545
689149,0.04769579
689150,0.02154089
689151,0.55714834
689152,0.9521431
689153,0.99669504
689154,0.98889035
689155,0.9523164
689156,0.9959805
689157,0.026554283
689158,0.045115154
689159,0.5909182
689160,0.2681828
689161,0.06806558
689162,0.9758894
689163,0.99282426
689164,0.06734812
689165,0.99872506
689166,0.23897095
689167,0.97124267
689168,0.090697534
689169,0.8625338
689170,0.74759024
689171,0.9805837
689172,0.72115874
689173,0.37502012
689174,0.11880102
689175,0.48755774
689176,0.7899327
689177,0.86752355
689178,0.3073708
689179,0.008542703
689180,0.8735112
689181,0.99554884
689182,0.28049454
689183,0.042389825
689184,0.46285468
689185,0.99685395
689186,0.006793051
689187,0.00571582
689188,0.011338503
689189,0.15812074
689190,0.913453
689191,0.7024913
689192,0.802063
689193,0.046809334
689194,0.98371685
689195,0.14675023
689196,0.99112606
689197,0.093722224
689198,0.9874693
689199,0.044481397
689200,0.9853147
689201,0.011851031
689202,0.9062225
689203,0.056611866
689204,0.07923251
689205,0.99187636
689206,0.29144666
689207,0.9992209
689208,0.4502383
689209,0.022706943
689210,0.9774452
689211,0.7284062
689212,0.9866821
689213,0.06030126
689214,0.26070437
689215,0.0075195604
689216,0.0041668154
689217,0.9514301
689218,0.9966375
689219,0.15888447
689220,0.040823005
689221,0.030249048
689222,0.98352396
689223,0.07944124
689224,0.04931987
689225,0.9695477
689226,0.9498171
689227,0.053647056
689228,0.04280931
689229,0.98012936
689230,0.4253319
689231,0.9731314
689232,0.9802394
689233,0.08548932
689234,0.99601233
689235,0.9346751
689236,0.050674886
689237,0.99066216
689238,0.9081309
689239,0.05438103
689240,0.9876748
689241,0.018852849
689242,0.009591132
689243,0.9912797
689244,0.07467885
689245,0.840922
689246,0.9034179
689247,0.72935057
689248,0.018085113
689249,0.014841478
689250,0.6974744
689251,0.49814156
689252,0.011231698
689253,0.8538645
689254,0.9683465
689255,0.06013455
689256,0.47539625
689257,0.6507126
689258,0.26063028
689259,0.115480684
689260,0.9620954
689261,0.9994841
689262,0.9913983
689263,0.27519313
689264,0.00929677
689265,0.9905802
689266,0.024368113
689267,0.9516052
689268,0.029424671
689269,0.2693052
689270,0.23236248
689271,0.9847683
689272,0.02350225
689273,0.037927143
689274,0.126223
689275,0.0057921414
689276,0.6870203
689277,0.9962978
689278,0.9368029
689279,0.12329931
689280,0.9610409
689281,0.9986187
689282,0.14224274
689283,0.010910414
689284,0.09421417
689285,0.2210801
689286,0.47303736
689287,0.9625337
689288,0.008196368
689289,0.97217655
689290,0.4947086
689291,0.008094984
689292,0.99793345
689293,0.998934
689294,0.78157437
689295,0.009396957
689296,0.087911025
689297,0.9715417
689298,0.0118634915
689299,0.94732773
689300,0.10007171
689301,0.07250008
689302,0.28077886
689303,0.80789804
689304,0.23119059
689305,0.98513454
689306,0.8779647
689307,0.24344628
689308,0.007284946
689309,0.7980323
689310,0.98897856
689311,0.25041503
689312,0.20757163
689313,0.90883565
689314,0.04467213
689315,0.40218478
689316,0.9721992
689317,0.9448662
689318,0.46910203
689319,0.9451804
689320,0.98329145
689321,0.99583703
689322,0.14758646
689323,0.007303087
689324,0.05706152
689325,0.24026936
689326,0.0081084585
689327,0.01944134
689328,0.9985323
689329,0.08121735
689330,0.7878149
689331,0.07576455
689332,0.007858424
689333,0.020316828
689334,0.61205983
689335,0.98904204
689336,0.21121572
689337,0.99600565
689338,0.6789947
689339,0.0025745807
689340,0.9955708
689341,0.0040681483
689342,0.093018666
689343,0.075413994
689344,0.72887254
689345,0.010205969
689346,0.72301257
689347,0.023722097
689348,0.031214898
689349,0.22260678
689350,0.8998561
689351,0.90784156
689352,0.06561677
689353,0.99107933
689354,0.93904436
689355,0.86812115
689356,0.9649081
689357,0.112445146
689358,0.03636288
689359,0.9301574
689360,0.9507123
689361,0.9864539
689362,0.03574175
689363,0.04510782
689364,0.043489434
689365,0.9779209
689366,0.15163597
689367,0.021475919
689368,0.00054383406
689369,0.07832315
689370,0.04655491
689371,0.19268893
689372,0.9196125
689373,0.008987236
689374,0.9423106
689375,0.9720903
689376,0.9838363
689377,0.9900432
689378,0.8804151
689379,0.98225075
689380,0.39113623
689381,0.97676927
689382,0.4474005
689383,0.88764614
689384,0.076056816
689385,0.26743293
689386,0.8293419
689387,0.23120384
689388,0.018901993
689389,0.06284064
689390,0.72634995
689391,0.9246382
689392,0.08573815
689393,0.89463496
689394,0.0015102751
689395,0.12340286
689396,0.9316913
689397,0.3422178
689398,0.7243899
689399,0.0043243184
689400,0.93460673
689401,0.029524159
689402,0.5755211
689403,0.011923319
689404,0.019301664
689405,0.0038587807
689406,0.009883564
689407,0.9573425
689408,0.38732496
689409,0.0154828485
689410,0.9856081
689411,0.0048054405
689412,0.043490175
689413,0.99830854
689414,0.8131748
689415,0.051250875
689416,0.9979616
689417,0.078734025
689418,0.01304845
689419,0.9239958
689420,0.2015157
689421,0.54801095
689422,0.0021524346
689423,0.02805505
689424,0.94665056
689425,0.81211233
689426,0.15690306
689427,0.05445079
689428,0.9857213
689429,0.03178601
689430,0.9680208
689431,0.9902345
689432,0.8256483
689433,0.048542522
689434,0.93503773
689435,0.9975376
689436,0.34866735
689437,0.002467029
689438,0.2764734
689439,0.9886476
689440,0.006783522
689441,0.027074553
689442,0.99204105
689443,0.052464426
689444,0.0512342
689445,0.17586428
689446,0.011973733
689447,0.52418125
689448,0.97447777
689449,0.7888013
689450,0.029334657
689451,0.18832272
689452,0.098156534
689453,0.9974716
689454,0.012459853
689455,0.02535733
689456,0.8788808
689457,0.99630475
689458,0.5339709
689459,0.33821803
689460,0.015154295
689461,0.9602754
689462,0.9005367
689463,0.004479559
689464,0.97864985
689465,0.114873424
689466,0.36454907
689467,0.99399793
689468,0.006285363
689469,0.4678772
689470,0.35328194
689471,0.077109486
689472,0.9895397
689473,0.010091264
689474,0.074973285
689475,0.17981479
689476,0.95605975
689477,0.961897
689478,0.23723152
689479,0.15202835
689480,0.845987
689481,0.91891897
689482,0.12857345
689483,0.00058844953
689484,0.34821427
689485,0.95625603
689486,0.024520153
689487,0.885465
689488,0.086842515
689489,0.7521703
689490,0.9958972
689491,0.84105843
689492,0.9606151
689493,0.8425701
689494,0.7514195
689495,0.97821236
689496,0.52268636
689497,0.9547197
689498,0.33691072
689499,0.99750143
689500,0.009169134
689501,0.054224536
689502,0.0036245196
689503,0.050115034
689504,0.05905362
689505,0.5944147
689506,0.026623964
689507,0.02644062
689508,0.9456876
689509,0.031904418
689510,0.010877587
689511,0.99735975
689512,0.92666847
689513,0.9723734
689514,0.9243533
689515,0.8762381
689516,0.016111631
689517,0.9806532
689518,0.06472424
689519,0.047299195
689520,0.01995189
689521,0.8864462
689522,0.99506694
689523,0.040312365
689524,0.80105454
689525,0.9969681
689526,0.9615521
689527,0.15274015
689528,0.01427044
689529,0.9013921
689530,0.36912045
689531,0.017927073
689532,0.057353474
689533,0.008163193
689534,0.92130077
689535,0.99423546
689536,0.0050812494
689537,0.080105096
689538,0.99574006
689539,0.023856606
689540,0.5453178
689541,0.8076366
689542,0.80743426
689543,0.6816241
689544,0.0073585385
689545,0.24964505
689546,0.9564497
689547,0.048238363
689548,0.019291703
689549,0.06875187
689550,0.99128497
689551,0.005327966
689552,0.07143336
689553,0.48139673
689554,0.40870285
689555,0.026892807
689556,0.026726246
689557,0.065611735
689558,0.020956786
689559,0.045288652
689560,0.002727333
689561,0.99391764
689562,0.92435944
689563,0.31801862
689564,0.012825338
689565,0.9914971
689566,0.0093045775
689567,0.50048196
689568,0.0046548103
689569,0.88049364
689570,0.1157556
689571,0.9866319
689572,0.88651264
689573,0.48270062
689574,0.7625575
689575,0.9946705
689576,0.8572437
689577,0.0061693285
689578,0.94740945
689579,0.9199112
689580,0.09205126
689581,0.9456644
689582,0.013742446
689583,0.29445192
689584,0.24836867
689585,0.0795604
689586,0.13402575
689587,0.009523635
689588,0.03834023
689589,0.048102938
689590,0.1913718
689591,0.08335358
689592,0.8846675
689593,0.52093375
689594,0.55762434
689595,0.29231817
689596,0.99939847
689597,0.14681426
689598,0.56105596
689599,0.985152
689600,0.7847159
689601,0.99780095
689602,0.8853662
689603,0.8871447
689604,0.10262978
689605,0.86048484
689606,0.81992674
689607,0.7320216
689608,0.9825573
689609,0.11289616
689610,0.09505176
689611,0.7750646
689612,0.045805383
689613,0.02609552
689614,0.0018543964
689615,0.35305172
689616,0.49818975
689617,0.062278375
689618,0.07806304
689619,0.82210743
689620,0.78061944
689621,0.0066277734
689622,0.74090016
689623,0.5598718
689624,0.9942774
689625,0.71530414
689626,0.08095312
689627,0.030174712
689628,0.036635425
689629,0.9030552
689630,0.9445146
689631,0.01967182
689632,0.15532532
689633,0.07703725
689634,0.7112438
689635,0.0059482856
689636,0.96987873
689637,0.035533234
689638,0.3721369
689639,0.038015958
689640,0.011328386
689641,0.36762875
689642,0.22767952
689643,0.14614731
689644,0.97332406
689645,0.5169243
689646,0.99402845
689647,0.11058843
689648,0.9897818
689649,0.19416288
689650,0.027610157
689651,0.9922845
689652,0.0061434805
689653,0.030443843
689654,0.01806734
689655,0.42794842
689656,0.043802157
689657,0.99470735
689658,0.09502547
689659,0.21564604
689660,0.99251485
689661,0.9896208
689662,0.022045478
689663,0.21034814
689664,0.01248359
689665,0.40683103
689666,0.65090555
689667,0.89150774
689668,0.9593232
689669,0.9013179
689670,0.98448837
689671,0.030801093
689672,0.97686183
689673,0.10864434
689674,0.8524034
689675,0.99704134
689676,0.24173935
689677,0.11685768
689678,0.015656821
689679,0.20587672
689680,0.9291327
689681,0.012793876
689682,0.8423262
689683,0.8442535
689684,0.7516489
689685,0.06986038
689686,0.99446666
689687,0.31474298
689688,0.42521578
689689,0.41251832
689690,0.0069039064
689691,0.3801633
689692,0.042735264
689693,0.1035129
689694,0.9332364
689695,0.07027738
689696,0.01889355
689697,0.9688448
689698,0.9762374
689699,0.54203224
689700,0.037323806
689701,0.04843216
689702,0.13787995
689703,0.9341297
689704,0.0028097935
689705,0.9263232
689706,0.9946518
689707,0.0552411
689708,0.0072711436
689709,0.012751252
689710,0.005360512
689711,0.04203531
689712,0.1289028
689713,0.9785497
689714,0.007858015
689715,0.95414215
689716,0.50780886
689717,0.20353714
689718,0.9629713
689719,0.04504873
689720,0.97633845
689721,0.90735483
689722,0.5416131
689723,0.6187596
689724,0.8732916
689725,0.9567927
689726,0.99288756
689727,0.2049897
689728,0.99808216
689729,0.84486353
689730,0.99113846
689731,0.95338494
689732,0.94479305
689733,0.003857179
689734,0.0049877996
689735,0.008217771
689736,0.006050346
689737,0.9884386
689738,0.036493838
689739,0.15843788
689740,0.7488024
689741,0.33927506
689742,0.76930135
689743,0.90585023
689744,0.23125249
689745,0.005365016
689746,0.97535545
689747,0.016302804
689748,0.05932855
689749,0.97337365
689750,0.0035212105
689751,0.107412964
689752,0.00418519
689753,0.9861734
689754,0.057784215
689755,0.9680236
689756,0.3155516
689757,0.045349266
689758,0.97207195
689759,0.9433021
689760,0.96950287
689761,0.19797274
689762,0.4608274
689763,0.041104764
689764,0.9827378
689765,0.036636285
689766,0.99769163
689767,0.9997028
689768,0.11436498
689769,0.124065176
689770,0.07450507
689771,0.044319995
689772,0.09483796
689773,0.8427205
689774,0.014204699
689775,0.0055159032
689776,0.024299856
689777,0.20414668
689778,0.030240623
689779,0.29406977
689780,0.9539048
689781,0.011442566
689782,0.964066
689783,0.15441352
689784,0.92863405
689785,0.88728005
689786,0.9354729
689787,0.031136228
689788,0.9878545
689789,0.37577084
689790,0.95444226
689791,0.8302589
689792,0.043797597
689793,0.83087754
689794,0.024567962
689795,0.95882094
689796,0.92717415
689797,0.8994422
689798,0.89887416
689799,0.9979317
689800,0.9956468
689801,0.094969325
689802,0.015177226
689803,0.005783667
689804,0.3336968
689805,0.6594416
689806,0.99813783
689807,0.008399392
689808,0.9752738
689809,0.36956218
689810,0.9659475
689811,0.020217627
689812,0.7730766
689813,0.94424045
689814,0.07585894
689815,0.97715425
689816,0.969476
689817,0.99129087
689818,0.8956704
689819,0.90946746
689820,0.575718
689821,0.038144097
689822,0.010932691
689823,0.118574165
689824,0.015126638
689825,0.7802709
689826,0.030732442
689827,0.6558089
689828,0.8979795
689829,0.9408171
689830,0.08839288
689831,0.011657241
689832,0.95977837
689833,0.97167426
689834,0.9986042
689835,0.95800537
689836,0.019462364
689837,0.9862776
689838,0.98859733
689839,0.9495897
689840,0.01683588
689841,0.0061700735
689842,0.65381444
689843,0.023751844
689844,0.9695471
689845,0.9939578
689846,0.3143724
689847,0.3750546
689848,0.011397926
689849,0.006537926
689850,0.028471071
689851,0.98080885
689852,0.85733014
689853,0.011349256
689854,0.9948558
689855,0.25697076
689856,0.057443775
689857,0.6176377
689858,0.3057344
689859,0.5951656
689860,0.9963773
689861,0.27598107
689862,0.91997457
689863,0.30770588
689864,0.02588617
689865,0.7835219
689866,0.13370976
689867,0.99285716
689868,0.85713845
689869,0.21158454
689870,0.34600198
689871,0.08878333
689872,0.07779366
689873,0.012946468
689874,0.42803952
689875,0.031955257
689876,0.11356348
689877,0.15191597
689878,0.8529537
689879,0.92599785
689880,0.06357491
689881,0.109776095
689882,0.92547333
689883,0.023273934
689884,0.008187728
689885,0.94651556
689886,0.016602397
689887,0.030332364
689888,0.9964918
689889,0.08893608
689890,0.9988053
689891,0.7712777
689892,0.5266399
689893,0.038425565
689894,0.20585237
689895,0.046640396
689896,0.97759724
689897,0.1611053
689898,0.997699
689899,0.9731579
689900,0.66318536
689901,0.7801675
689902,0.92759824
689903,0.9667276
689904,0.00921491
689905,0.015163898
689906,0.015388511
689907,0.12829766
689908,0.12510403
689909,0.031416938
689910,0.9707053
689911,0.01276292
689912,0.09403618
689913,0.03748563
689914,0.63566554
689915,0.108488165
689916,0.20618221
689917,0.0048163394
689918,0.986825
689919,0.0063390695
689920,0.08277312
689921,0.92949003
689922,0.5031221
689923,0.95078814
689924,0.52841127
689925,0.22365026
689926,0.03518533
689927,0.14027213
689928,0.06694123
689929,0.11212364
689930,0.030019918
689931,0.9513393
689932,0.3527183
689933,0.04543896
689934,0.9533871
689935,0.04582322
689936,0.93594414
689937,0.032775268
689938,0.39607567
689939,0.022909334
689940,0.03424436
689941,0.8710451
689942,0.98178244
689943,0.82378626
689944,0.6557584
689945,0.8599765
689946,0.018512726
689947,0.24500814
689948,0.2367348
689949,0.35724062
689950,0.5930239
689951,0.8602571
689952,0.54374313
689953,0.010206865
689954,0.9904442
689955,0.9427506
689956,0.031617846
689957,0.9146085
689958,0.0045422395
689959,0.96851766
689960,0.27184576
689961,0.99696004
689962,0.021383211
689963,0.88895255
689964,0.99687433
689965,0.8843673
689966,0.023158286
689967,0.6759653
689968,0.13101238
689969,0.9269547
689970,0.01113332
689971,0.05568781
689972,0.96686023
689973,0.99199176
689974,0.3080349
689975,0.99370444
689976,0.019752825
689977,0.012506192
689978,0.86621296
689979,0.05569421
689980,0.39264625
689981,0.41518945
689982,0.8453911
689983,0.9926774
689984,0.17411695
689985,0.0238132
689986,0.5076864
689987,0.007401396
689988,0.71212435
689989,0.051807895
689990,0.85762286
689991,0.98928833
689992,0.91461766
689993,0.01048876
689994,0.8567715
689995,0.0027360646
689996,0.17572623
689997,0.94481325
689998,0.33139917
689999,0.98227847
690000,0.022126928
690001,0.85540736
690002,0.9852346
690003,0.008425493
690004,0.9323365
690005,0.9771889
690006,0.25505853
690007,0.123735495
690008,0.20132892
690009,0.043868747
690010,0.014330313
690011,0.7907562
690012,0.8838634
690013,0.036975093
690014,0.9920268
690015,0.9864284
690016,0.9735801
690017,0.014339812
690018,0.9950401
690019,0.54987204
690020,0.5232315
690021,0.038063973
690022,0.041665394
690023,0.94627386
690024,0.0035722442
690025,0.9063932
690026,0.97904295
690027,0.061455842
690028,0.062575266
690029,0.03926442
690030,0.058433533
690031,0.008947182
690032,0.32275516
690033,0.012389319
690034,0.5219532
690035,0.015458489
690036,0.42046398
690037,0.015398311
690038,0.4042143
690039,0.021316499
690040,0.94162613
690041,0.11013467
690042,0.7856332
690043,0.0711948
690044,0.9858719
690045,0.5125709
690046,0.25735986
690047,0.88487434
690048,0.072670504
690049,0.8353981
690050,0.8958288
690051,0.9850482
690052,0.011346288
690053,0.027651949
690054,0.8767523
690055,0.6027958
690056,0.0019310064
690057,0.994752
690058,0.69117504
690059,0.009187676
690060,0.9835061
690061,0.017178657
690062,0.61152864
690063,0.99372786
690064,0.88746643
690065,0.063862726
690066,0.83306223
690067,0.96471524
690068,0.042716924
690069,0.8605157
690070,0.99308085
690071,0.943096
690072,0.8862893
690073,0.79157317
690074,0.62859577
690075,0.37768862
690076,0.08952072
690077,0.0069907084
690078,0.7534277
690079,0.8405086
690080,0.99078727
690081,0.14405712
690082,0.49126133
690083,0.86018217
690084,0.9849967
690085,0.3678183
690086,0.9989078
690087,0.009313125
690088,0.92407846
690089,0.9508913
690090,0.0040636994
690091,0.93668675
690092,0.034729578
690093,0.1026733
690094,0.9980272
690095,0.033923395
690096,0.06494117
690097,0.98572135
690098,0.983852
690099,0.015405172
690100,0.04907434
690101,0.9831829
690102,0.37809592
690103,0.9868501
690104,0.003770392
690105,0.9032875
690106,0.9075403
690107,0.019115105
690108,0.98900867
690109,0.00077475974
690110,0.04392325
690111,0.15296361
690112,0.04462124
690113,0.6323877
690114,0.0007540839
690115,0.18599719
690116,0.028615389
690117,0.0064966846
690118,0.9030094
690119,0.9966326
690120,0.10064146
690121,0.40782788
690122,0.005494907
690123,0.0017983438
690124,0.023627564
690125,0.3180104
690126,0.9263287
690127,0.019321028
690128,0.0050332057
690129,0.980559
690130,0.9961149
690131,0.0362612
690132,0.85314035
690133,0.9811009
690134,0.99089485
690135,0.023810552
690136,0.99442315
690137,0.3241839
690138,0.81266797
690139,0.87673074
690140,0.87408864
690141,0.025565583
690142,0.022885792
690143,0.0098478375
690144,0.3423445
690145,0.058968995
690146,0.088180564
690147,0.95372915
690148,0.023769733
690149,0.98845124
690150,0.99910915
690151,0.5923189
690152,0.2052129
690153,0.05476109
690154,0.009337131
690155,0.03221112
690156,0.043071058
690157,0.99945426
690158,0.6845776
690159,0.63806576
690160,0.9985879
690161,0.45888385
690162,0.9676925
690163,0.06604422
690164,0.9894812
690165,0.9946396
690166,0.98555577
690167,0.9883395
690168,0.014484065
690169,0.65508294
690170,0.9753291
690171,0.97052383
690172,0.9924063
690173,0.03716176
690174,0.79536885
690175,0.034917
690176,0.038963035
690177,0.9491645
690178,0.15971985
690179,0.10421343
690180,0.24858792
690181,0.82544684
690182,0.89211017
690183,0.0055406876
690184,0.827072
690185,0.9880171
690186,0.99289083
690187,0.011114722
690188,0.995116
690189,0.71835697
690190,0.9913564
690191,0.99590707
690192,0.04499763
690193,0.6395825
690194,0.035384145
690195,0.9940971
690196,0.062350847
690197,0.99535817
690198,0.991969
690199,0.16480914
690200,0.021324275
690201,0.056990817
690202,0.46273553
690203,0.03046705
690204,0.9316536
690205,0.8937033
690206,0.82021785
690207,0.8582741
690208,0.9422426
690209,0.11892125
690210,0.015062133
690211,0.06986131
690212,0.28347152
690213,0.9719127
690214,0.20685014
690215,0.06440747
690216,0.028857445
690217,0.3403708
690218,0.99422145
690219,0.98709786
690220,0.9919595
690221,0.026020708
690222,0.8696991
690223,0.57672065
690224,0.013404179
690225,0.8779607
690226,0.6505566
690227,0.034540888
690228,0.9351915
690229,0.69128764
690230,0.09743686
690231,0.9891747
690232,0.4497
690233,0.3882884
690234,0.44597673
690235,0.0064028124
690236,0.9875286
690237,0.99136543
690238,0.99840915
690239,0.9778195
690240,0.06741059
690241,0.847079
690242,0.88701713
690243,0.86656433
690244,0.058180023
690245,0.9959929
690246,0.034862146
690247,0.21112522
690248,0.105748445
690249,0.0284576
690250,0.01093028
690251,0.12020458
690252,0.005548385
690253,0.52131224
690254,0.9771799
690255,0.013932618
690256,0.99497104
690257,0.9104471
690258,0.09615886
690259,0.030662788
690260,0.92466885
690261,0.9716782
690262,0.8541131
690263,0.016305102
690264,0.8826078
690265,0.014340962
690266,0.98999524
690267,0.022395989
690268,0.020352222
690269,0.17941722
690270,0.98768574
690271,0.9961537
690272,0.63263994
690273,0.9425942
690274,0.0044948747
690275,0.1434717
690276,0.017069211
690277,0.973086
690278,0.9986604
690279,0.76362115
690280,0.50459754
690281,0.9953238
690282,0.9927375
690283,0.9055661
690284,0.96791744
690285,0.00197658
690286,0.9661935
690287,0.016735744
690288,0.24449567
690289,0.005167188
690290,0.085453436
690291,0.5107889
690292,0.08659989
690293,0.9929076
690294,0.0119141
690295,0.971979
690296,0.8134594
690297,0.009247942
690298,0.80746675
690299,0.07968414
690300,0.99910533
690301,0.6765723
690302,0.03840126
690303,0.03588565
690304,0.029996159
690305,0.80853724
690306,0.62584794
690307,0.028483514
690308,0.2706919
690309,0.96478474
690310,0.9855324
690311,0.06508507
690312,0.11691546
690313,0.017455686
690314,0.019842276
690315,0.032547362
690316,0.33571032
690317,0.20598951
690318,0.24439728
690319,0.9928798
690320,0.026638474
690321,0.15427689
690322,0.0050017773
690323,0.9401228
690324,0.14148767
690325,0.008493108
690326,0.97531235
690327,0.019984318
690328,0.9901428
690329,0.95677185
690330,0.0062722936
690331,0.9606167
690332,0.89824563
690333,0.9857961
690334,0.07455566
690335,0.016628597
690336,0.9902146
690337,0.007326467
690338,0.8465618
690339,0.021004973
690340,0.75165474
690341,0.029554786
690342,0.86090755
690343,0.5021213
690344,0.63751173
690345,0.87550485
690346,0.0052145184
690347,0.09631641
690348,0.03254865
690349,0.13993098
690350,0.5015224
690351,0.6070411
690352,0.9954635
690353,0.81243575
690354,0.9612756
690355,0.935449
690356,0.9934579
690357,0.8780305
690358,0.0115530025
690359,0.44424546
690360,0.007541742
690361,0.98451716
690362,0.9671005
690363,0.9906153
690364,0.04611361
690365,0.013035214
690366,0.8104601
690367,0.08695108
690368,0.97689426
690369,0.87680286
690370,0.31769574
690371,0.9983585
690372,0.9654446
690373,0.009453939
690374,0.012708822
690375,0.002919525
690376,0.166995
690377,0.9858993
690378,0.97380555
690379,0.0139609035
690380,0.20176429
690381,0.96903837
690382,0.9428484
690383,0.03359683
690384,0.19993585
690385,0.06855738
690386,0.033842303
690387,0.008234653
690388,0.117591634
690389,0.08468244
690390,0.9960129
690391,0.007984483
690392,0.03340408
690393,0.010117479
690394,0.046116706
690395,0.04224167
690396,0.29922754
690397,0.9616617
690398,0.99178773
690399,0.76851386
690400,0.10764895
690401,0.99588346
690402,0.9704929
690403,0.89496845
690404,0.998976
690405,0.89314985
690406,0.0045662224
690407,0.8842038
690408,0.0073299045
690409,0.4615431
690410,0.06627532
690411,0.8621995
690412,0.83696693
690413,0.9876571
690414,0.97149205
690415,0.97500414
690416,0.97550154
690417,0.9891186
690418,0.9931121
690419,0.7660513
690420,0.6429833
690421,0.7876815
690422,0.07735795
690423,0.043996036
690424,0.042590655
690425,0.03855125
690426,0.008360805
690427,0.011174923
690428,0.9075941
690429,0.043658625
690430,0.10361625
690431,0.995785
690432,0.4938571
690433,0.88591826
690434,0.12527214
690435,0.80106544
690436,0.4076929
690437,0.19681865
690438,0.97629404
690439,0.6812194
690440,0.09425594
690441,0.033980884
690442,0.99559844
690443,0.4035874
690444,0.0029011448
690445,0.9924529
690446,0.06220764
690447,0.9948586
690448,0.017196732
690449,0.80561113
690450,0.9901705
690451,0.010292992
690452,0.004627308
690453,0.060092233
690454,0.63123
690455,0.81754243
690456,0.01231317
690457,0.85853845
690458,0.8479576
690459,0.98867553
690460,0.057179496
690461,0.08828753
690462,0.11117617
690463,0.9709029
690464,0.0085554505
690465,0.9859175
690466,0.93038857
690467,0.36023316
690468,0.90305275
690469,0.057482064
690470,0.07875487
690471,0.13912483
690472,0.092629254
690473,0.026161812
690474,0.98241174
690475,0.003624198
690476,0.033465352
690477,0.87155163
690478,0.9944532
690479,0.06595239
690480,0.48587584
690481,0.9925905
690482,0.045954797
690483,0.673082
690484,0.018761527
690485,0.3821683
690486,0.0039557256
690487,0.029644461
690488,0.014214997
690489,0.022448398
690490,0.822161
690491,0.20333387
690492,0.9927601
690493,0.99923825
690494,0.056349304
690495,0.98924476
690496,0.9784669
690497,0.1253182
690498,0.0016599667
690499,0.01743237
690500,0.59365416
690501,0.16349451
690502,0.9953746
690503,0.124203295
690504,0.0066891466
690505,0.080287166
690506,0.91539454
690507,0.9755075
690508,0.03725162
690509,0.9970468
690510,0.8126151
690511,0.014625566
690512,0.98088783
690513,0.049294677
690514,0.99941474
690515,0.15375356
690516,0.04116783
690517,0.006288496
690518,0.63558465
690519,0.92613614
690520,0.6041441
690521,0.042708606
690522,0.9485651
690523,0.59255177
690524,0.7434139
690525,0.06876009
690526,0.006671394
690527,0.9572359
690528,0.2233491
690529,0.00308064
690530,0.8388983
690531,0.028388355
690532,0.88150436
690533,0.44377533
690534,0.034729574
690535,0.039279327
690536,0.16078654
690537,0.914019
690538,0.9970672
690539,0.63594425
690540,0.9788114
690541,0.032706782
690542,0.004373545
690543,0.031904187
690544,0.98946524
690545,0.0119434595
690546,0.8932582
690547,0.10345606
690548,0.022645073
690549,0.014585792
690550,0.40947884
690551,0.6401971
690552,0.38511872
690553,0.83517957
690554,0.95635265
690555,0.014776613
690556,0.90356445
690557,0.2737853
690558,0.8856362
690559,0.0050195735
690560,0.052103817
690561,0.2903888
690562,0.91312677
690563,0.24936281
690564,0.2255221
690565,0.9981901
690566,0.610665
690567,0.7718568
690568,0.18339276
690569,0.027923059
690570,0.1770034
690571,0.66181153
690572,0.6905827
690573,0.06718197
690574,0.30475998
690575,0.03992076
690576,0.1193029
690577,0.9699655
690578,0.6730789
690579,0.024364239
690580,0.93573576
690581,0.9591016
690582,0.41947648
690583,0.48701608
690584,0.013739807
690585,0.9492763
690586,0.026924701
690587,0.16004494
690588,0.91470164
690589,0.43831187
690590,0.990671
690591,0.7327133
690592,0.03490919
690593,0.8844519
690594,0.9317954
690595,0.08042812
690596,0.81135786
690597,0.015914427
690598,0.119224295
690599,0.20929952
690600,0.1103248
690601,0.3927149
690602,0.9255365
690603,0.15545104
690604,0.0018845061
690605,0.0063494965
690606,0.03102668
690607,0.9947385
690608,0.87317234
690609,0.028649345
690610,0.2851012
690611,0.29678583
690612,0.018335026
690613,0.99684924
690614,0.05073032
690615,0.99133974
690616,0.99620354
690617,0.9932934
690618,0.1091504
690619,0.7858131
690620,0.006258266
690621,0.034124352
690622,0.95236874
690623,0.9922825
690624,0.92673147
690625,0.025921635
690626,0.44160914
690627,0.9894377
690628,0.0060803634
690629,0.9978696
690630,0.0071916385
690631,0.23919228
690632,0.99171203
690633,0.6626744
690634,0.6148174
690635,0.08018365
690636,0.89966
690637,0.85501826
690638,0.19897969
690639,0.906637
690640,0.07604243
690641,0.2222574
690642,0.18886456
690643,0.32416424
690644,0.27699196
690645,0.96676624
690646,0.011723108
690647,0.13066913
690648,0.9887462
690649,0.91873336
690650,0.003074155
690651,0.1670045
690652,0.23427889
690653,0.13100868
690654,0.9650287
690655,0.30543277
690656,0.058387786
690657,0.88813275
690658,0.9757521
690659,0.9979041
690660,0.00794991
690661,0.95806867
690662,0.99697256
690663,0.0073464876
690664,0.5396291
690665,0.9210421
690666,0.0031760526
690667,0.9627958
690668,0.023936842
690669,0.104419634
690670,0.091405705
690671,0.9964388
690672,0.59595084
690673,0.0023898163
690674,0.88443863
690675,0.96567434
690676,0.9176744
690677,0.055590782
690678,0.18149853
690679,0.3110793
690680,0.9487029
690681,0.34568685
690682,0.6221652
690683,0.0799662
690684,0.018236179
690685,0.10861905
690686,0.77488494
690687,0.7619605
690688,0.078432515
690689,0.99443924
690690,0.021764342
690691,0.99525034
690692,0.05248464
690693,0.045592114
690694,0.9889532
690695,0.7338352
690696,0.28486893
690697,0.037402984
690698,0.013882661
690699,0.90414244
690700,0.984648
690701,0.8131279
690702,0.8677663
690703,0.1736472
690704,0.15323815
690705,0.14755192
690706,0.12507913
690707,0.25136083
690708,0.9969007
690709,0.6443003
690710,0.019660821
690711,0.9560973
690712,0.11096278
690713,0.56590366
690714,0.19170064
690715,0.391172
690716,0.20860696
690717,0.77711016
690718,0.035363108
690719,0.9647025
690720,0.42414236
690721,0.117210746
690722,0.2127237
690723,0.017122436
690724,0.9490435
690725,0.13664727
690726,0.21504498
690727,0.9560486
690728,0.006955418
690729,0.13598654
690730,0.016362723
690731,0.0037469175
690732,0.005587095
690733,0.020727202
690734,0.009692976
690735,0.9690949
690736,0.063858636
690737,0.9223103
690738,0.060453463
690739,0.033215895
690740,0.9699067
690741,0.027096009
690742,0.93979
690743,0.728512
690744,0.8439522
690745,0.8911798
690746,0.96927905
690747,0.02659683
690748,0.12806007
690749,0.16459252
690750,0.10606257
690751,0.96281654
690752,0.010979015
690753,0.34697253
690754,0.8980881
690755,0.17824042
690756,0.025571372
690757,0.6506452
690758,0.8692446
690759,0.5464498
690760,0.30482662
690761,0.20660776
690762,0.97929513
690763,0.3297519
690764,0.13305023
690765,0.094204426
690766,0.012477299
690767,0.97871184
690768,0.39984775
690769,0.86070216
690770,0.8928232
690771,0.99010694
690772,0.03872989
690773,0.9744792
690774,0.05143112
690775,0.9876717
690776,0.44174588
690777,0.96833456
690778,0.79559326
690779,0.35484248
690780,0.9426435
690781,0.7132288
690782,0.96930075
690783,0.0033621257
690784,0.06477624
690785,0.057910778
690786,0.001622942
690787,0.8087777
690788,0.03881385
690789,0.9734334
690790,0.91146517
690791,0.113316625
690792,0.023553886
690793,0.9982224
690794,0.982738
690795,0.9636874
690796,0.7400545
690797,0.21910194
690798,0.99892604
690799,0.92917
690800,0.11938837
690801,0.2492734
690802,0.3437391
690803,0.014701848
690804,0.011747453
690805,0.3359124
690806,0.016707754
690807,0.9861744
690808,0.93753403
690809,0.09573973
690810,0.026378926
690811,0.56358874
690812,0.023232523
690813,0.27153286
690814,0.93663996
690815,0.010094896
690816,0.52528936
690817,0.010853287
690818,0.8424992
690819,0.0025589839
690820,0.025277035
690821,0.13609506
690822,0.9909693
690823,0.0044916254
690824,0.06271001
690825,0.96988076
690826,0.9827938
690827,0.9783125
690828,0.43010026
690829,0.02166204
690830,0.044866163
690831,0.8005098
690832,0.0012154313
690833,0.01087409
690834,0.02619764
690835,0.055753782
690836,0.97493744
690837,0.16859868
690838,0.7375255
690839,0.12147421
690840,0.9793829
690841,0.5584583
690842,0.6664876
690843,0.018058317
690844,0.9812782
690845,0.22102156
690846,0.7504571
690847,0.017184027
690848,0.9987507
690849,0.42414394
690850,0.9747566
690851,0.02849026
690852,0.99644893
690853,0.19888411
690854,0.5509316
690855,0.1335656
690856,0.9879849
690857,0.04124258
690858,0.040698655
690859,0.035588294
690860,0.997589
690861,0.97168064
690862,0.016392842
690863,0.99782103
690864,0.21445209
690865,0.7547393
690866,0.029945178
690867,0.7063004
690868,0.29716074
690869,0.9926383
690870,0.89617276
690871,0.33424777
690872,0.10964034
690873,0.95769954
690874,0.23559105
690875,0.1685299
690876,0.79578096
690877,0.040582903
690878,0.22327079
690879,0.059823997
690880,0.9733489
690881,0.9986098
690882,0.604895
690883,0.8749337
690884,0.06144552
690885,0.026824638
690886,0.79861796
690887,0.9049027
690888,0.79063
690889,0.99884295
690890,0.011965186
690891,0.120557986
690892,0.0795483
690893,0.03875951
690894,0.04803207
690895,0.9943578
690896,0.005452088
690897,0.013242684
690898,0.3971491
690899,0.00680113
690900,0.98711133
690901,0.054449033
690902,0.40033734
690903,0.010513283
690904,0.84389204
690905,0.03680007
690906,0.4590863
690907,0.78752255
690908,0.06237913
690909,0.95249206
690910,0.7278873
690911,0.03893025
690912,0.028140478
690913,0.49330205
690914,0.9927231
690915,0.0035432924
690916,0.8631834
690917,0.9502188
690918,0.95203626
690919,0.079411775
690920,0.017231934
690921,0.04903991
690922,0.79625094
690923,0.98103476
690924,0.99412996
690925,0.006598562
690926,0.81861234
690927,0.013666585
690928,0.70269376
690929,0.010431299
690930,0.052220054
690931,0.008183932
690932,0.9882858
690933,0.061959304
690934,0.75683403
690935,0.9937922
690936,0.1424498
690937,0.016277138
690938,0.92908126
690939,0.9177034
690940,0.005127743
690941,0.98198026
690942,0.097752094
690943,0.08288284
690944,0.36037183
690945,0.5791704
690946,0.098000064
690947,0.99868023
690948,0.9887831
690949,0.9989638
690950,0.4502616
690951,0.9931878
690952,0.030196104
690953,0.013704037
690954,0.998108
690955,0.016452499
690956,0.92441976
690957,0.97851175
690958,0.4692127
690959,0.67416984
690960,0.015175351
690961,0.97488296
690962,0.40844733
690963,0.43762848
690964,0.0404695
690965,0.006006507
690966,0.16689204
690967,0.11757541
690968,0.09426147
690969,0.9963957
690970,0.8711024
690971,0.42457056
690972,0.24284509
690973,0.93570715
690974,0.002965542
690975,0.8428994
690976,0.9359879
690977,0.14059198
690978,0.9000462
690979,0.992419
690980,0.8009676
690981,0.1580356
690982,0.09040877
690983,0.9902649
690984,0.0070787393
690985,0.96466845
690986,0.044403482
690987,0.2216844
690988,0.9647319
690989,0.7777969
690990,0.98325384
690991,0.42965195
690992,0.9898555
690993,0.25802356
690994,0.14737841
690995,0.019509837
690996,0.012984303
690997,0.03689625
690998,0.030547699
690999,0.62517506
691000,0.21778584
691001,0.17885283
691002,0.11612949
691003,0.35135657
691004,0.15095821
691005,0.7868724
691006,0.8382766
691007,0.030135399
691008,0.068823
691009,0.1690329
691010,0.9856968
691011,0.9440165
691012,0.8301094
691013,0.5542557
691014,0.002618279
691015,0.5032044
691016,0.009138223
691017,0.026776634
691018,0.7890691
691019,0.16097227
691020,0.8284874
691021,0.99660134
691022,0.15130311
691023,0.008401534
691024,0.0995489
691025,0.0047635674
691026,0.07170585
691027,0.41181302
691028,0.08395509
691029,0.02774898
691030,0.034262653
691031,0.96051204
691032,0.7234104
691033,0.0079989415
691034,0.9803145
691035,0.7583571
691036,0.82819986
691037,0.065254174
691038,0.8699831
691039,0.5575955
691040,0.19146831
691041,0.21379752
691042,0.9288012
691043,0.6950174
691044,0.99859977
691045,0.2760961
691046,0.83291286
691047,0.063264325
691048,0.9976573
691049,0.029375497
691050,0.9186112
691051,0.004084464
691052,0.021884333
691053,0.9816561
691054,0.27327257
691055,0.96215546
691056,0.96173847
691057,0.39167434
691058,0.92313755
691059,0.27465168
691060,0.89238137
691061,0.9491743
691062,0.9290235
691063,0.83484995
691064,0.99847466
691065,0.89179665
691066,0.9368795
691067,0.9854114
691068,0.99802303
691069,0.79539436
691070,0.0023633598
691071,0.15858658
691072,0.044882018
691073,0.9550142
691074,0.4066733
691075,0.45556176
691076,0.84004116
691077,0.60852873
691078,0.105182424
691079,0.020154044
691080,0.9895847
691081,0.013045635
691082,0.0049060346
691083,0.18798304
691084,0.08095965
691085,0.038564004
691086,0.008088705
691087,0.7725512
691088,0.006746726
691089,0.32483432
691090,0.025329277
691091,0.8018904
691092,0.034633983
691093,0.015401871
691094,0.98963016
691095,0.09298162
691096,0.9536927
691097,0.9981569
691098,0.3747535
691099,0.005505118
691100,0.9959289
691101,0.017386273
691102,0.13138282
691103,0.8357307
691104,0.90734184
691105,0.98977524
691106,0.02559625
691107,0.02489974
691108,0.26316735
691109,0.02849532
691110,0.9986049
691111,0.9418831
691112,0.14084093
691113,0.58081174
691114,0.995492
691115,0.296128
691116,0.013803814
691117,0.90801483
691118,0.2898872
691119,0.0030471454
691120,0.6491865
691121,0.008656787
691122,0.004672466
691123,0.42172563
691124,0.9694691
691125,0.05347156
691126,0.026779516
691127,0.5024944
691128,0.020896094
691129,0.56631494
691130,0.004647974
691131,0.89623183
691132,0.996619
691133,0.975021
691134,0.9530541
691135,0.9085938
691136,0.022582093
691137,0.99142176
691138,0.040458575
691139,0.10486864
691140,0.030414127
691141,0.32405978
691142,0.04257573
691143,0.014389526
691144,0.36144873
691145,0.08523779
691146,0.022453705
691147,0.06569361
691148,0.8865001
691149,0.024135241
691150,0.0103894165
691151,0.01864067
691152,0.57955927
691153,0.024833344
691154,0.05363602
691155,0.053527
691156,0.04823146
691157,0.0047226874
691158,0.11817086
691159,0.96298295
691160,0.7874407
691161,0.020994872
691162,0.95971256
691163,0.015646495
691164,0.00805114
691165,0.9662715
691166,0.0765889
691167,0.23234335
691168,0.99204385
691169,0.965391
691170,0.006909441
691171,0.98766065
691172,0.99708825
691173,0.9968282
691174,0.0089420695
691175,0.9948239
691176,0.07020295
691177,0.9858244
691178,0.27269378
691179,0.9219334
691180,0.73242944
691181,0.86996967
691182,0.13589899
691183,0.3796476
691184,0.0025476543
691185,0.03276382
691186,0.92167455
691187,0.04130373
691188,0.024543755
691189,0.9746245
691190,0.16818261
691191,0.0819075
691192,0.049262524
691193,0.20078805
691194,0.53081894
691195,0.9704367
691196,0.11840209
691197,0.047242276
691198,0.03645783
691199,0.895548
691200,0.024320263
691201,0.015990004
691202,0.991501
691203,0.0047890395
691204,0.53820395
691205,0.07445037
691206,0.0038256575
691207,0.28685293
691208,0.054970115
691209,0.0063090064
691210,0.040251624
691211,0.9910158
691212,0.026190843
691213,0.015633354
691214,0.96419996
691215,0.92193073
691216,0.9436684
691217,0.8115578
691218,0.06702952
691219,0.051055204
691220,0.8354261
691221,0.5962788
691222,0.02709917
691223,0.11173428
691224,0.66163146
691225,0.99641204
691226,0.85988295
691227,0.037123572
691228,0.6955877
691229,0.8923481
691230,0.012734456
691231,0.43896377
691232,0.040820822
691233,0.33626008
691234,0.97314566
691235,0.0058501908
691236,0.7716857
691237,0.33101344
691238,0.028669931
691239,0.0056726686
691240,0.8306255
691241,0.00555783
691242,0.0067981984
691243,0.96811604
691244,0.012528246
691245,0.0053189313
691246,0.681972
691247,0.9741904
691248,0.49618515
691249,0.07546813
691250,0.02858285
691251,0.094423935
691252,0.04917277
691253,0.16426024
691254,0.40522727
691255,0.91506934
691256,0.043293536
691257,0.9996383
691258,0.9922001
691259,0.39945868
691260,0.41598496
691261,0.9884408
691262,0.108406276
691263,0.0028001403
691264,0.5695038
691265,0.35315725
691266,0.4139695
691267,0.99878997
691268,0.7738323
691269,0.095609896
691270,0.18195063
691271,0.01580118
691272,0.94348496
691273,0.3031257
691274,0.7444527
691275,0.00093261874
691276,0.012088887
691277,0.3494164
691278,0.98290324
691279,0.89056826
691280,0.9175234
691281,0.20345354
691282,0.0029994948
691283,0.011537549
691284,0.87193435
691285,0.5011882
691286,0.5202778
691287,0.9878352
691288,0.21794373
691289,0.9016396
691290,0.99569744
691291,0.992267
691292,0.9952626
691293,0.9791753
691294,0.46400058
691295,0.5275686
691296,0.0280609
691297,0.037925974
691298,0.027323622
691299,0.9187167
691300,0.08228374
691301,0.013304
691302,0.32405126
691303,0.0008917764
691304,0.9808072
691305,0.717155
691306,0.6025644
691307,0.014534288
691308,0.24464168
691309,0.5359894
691310,0.09161101
691311,0.9893139
691312,0.9781549
691313,0.0746415
691314,0.68193734
691315,0.1574319
691316,0.15999606
691317,0.085104056
691318,0.05787437
691319,0.07852739
691320,0.07945115
691321,0.9856708
691322,0.69995636
691323,0.026716594
691324,0.75582564
691325,0.67371374
691326,0.9117099
691327,0.60817534
691328,0.929325
691329,0.9885882
691330,0.022104615
691331,0.94776183
691332,0.065181114
691333,0.014418251
691334,0.86465836
691335,0.019796124
691336,0.8636816
691337,0.6815162
691338,0.004079931
691339,0.013083281
691340,0.5807741
691341,0.26739028
691342,0.009851717
691343,0.9569305
691344,0.95668334
691345,0.0412504
691346,0.008823811
691347,0.6936926
691348,0.36515176
691349,0.069887474
691350,0.6995371
691351,0.91289616
691352,0.95099765
691353,0.013731176
691354,0.9553717
691355,0.9826216
691356,0.22285871
691357,0.9871675
691358,0.008463597
691359,0.22161919
691360,0.011226903
691361,0.022170797
691362,0.03338441
691363,0.018903816
691364,0.008068092
691365,0.9925923
691366,0.009755606
691367,0.96132606
691368,0.98062825
691369,0.012526269
691370,0.95794934
691371,0.009047812
691372,0.592
691373,0.99704325
691374,0.987052
691375,0.9858849
691376,0.5160047
691377,0.18657735
691378,0.8213147
691379,0.062803194
691380,0.5616188
691381,0.9610651
691382,0.73635846
691383,0.31680337
691384,0.9991833
691385,0.008150846
691386,0.6994196
691387,0.92585766
691388,0.47924152
691389,0.40215737
691390,0.00045391038
691391,0.03645984
691392,0.77064836
691393,0.33959937
691394,0.34831125
691395,0.9220319
691396,0.8545039
691397,0.030948473
691398,0.9603602
691399,0.02640709
691400,0.078483894
691401,0.5361006
691402,0.7237453
691403,0.21989462
691404,0.036916245
691405,0.07523429
691406,0.31458974
691407,0.9410444
691408,0.9931172
691409,0.03529259
691410,0.8617007
691411,0.034037728
691412,0.0043935147
691413,0.0064008953
691414,0.9511225
691415,0.98594445
691416,0.79655695
691417,0.9296843
691418,0.48471102
691419,0.5706423
691420,0.68943024
691421,0.03296507
691422,0.95501065
691423,0.8778489
691424,0.91212493
691425,0.02115187
691426,0.020994138
691427,0.7779176
691428,0.098439395
691429,0.03685841
691430,0.05710435
691431,0.80572766
691432,0.99777913
691433,0.989287
691434,0.4041158
691435,0.42629212
691436,0.624076
691437,0.27564707
691438,0.972087
691439,0.08280799
691440,0.9211402
691441,0.9454505
691442,0.036438305
691443,0.29352355
691444,0.60516775
691445,0.95649093
691446,0.024712369
691447,0.22447622
691448,0.9969888
691449,0.86462724
691450,0.031042367
691451,0.82195145
691452,0.92151886
691453,0.39455888
691454,0.95591986
691455,0.43853647
691456,0.14857532
691457,0.9607372
691458,0.18904531
691459,0.93035144
691460,0.170742
691461,0.93328017
691462,0.04985793
691463,0.04806164
691464,0.71923697
691465,0.9800739
691466,0.03246143
691467,0.99101007
691468,0.037127353
691469,0.008545572
691470,0.0027197348
691471,0.68962926
691472,0.6125342
691473,0.8956227
691474,0.31644976
691475,0.9985407
691476,0.05303197
691477,0.77668786
691478,0.9985432
691479,0.65143394
691480,0.013250257
691481,0.0064924955
691482,0.9967495
691483,0.13704015
691484,0.10428426
691485,0.09861207
691486,0.048471335
691487,0.89043105
691488,0.55879986
691489,0.005883501
691490,0.9193287
691491,0.026298735
691492,0.81121516
691493,0.28520283
691494,0.9979237
691495,0.011479773
691496,0.7017815
691497,0.30522513
691498,0.021733966
691499,0.17632616
691500,0.85720444
691501,0.4463906
691502,0.886168
691503,0.0022677558
691504,0.04403457
691505,0.29461318
691506,0.0946587
691507,0.12968557
691508,0.43682966
691509,0.05539894
691510,0.9957835
691511,0.31821433
691512,0.08451827
691513,0.9886416
691514,0.009546892
691515,0.9726184
691516,0.13615467
691517,0.39696002
691518,0.0540502
691519,0.010679884
691520,0.007822628
691521,0.0034325884
691522,0.8753573
691523,0.09421292
691524,0.28627247
691525,0.88726497
691526,0.21500152
691527,0.19617361
691528,0.948047
691529,0.015344255
691530,0.9174428
691531,0.018315908
691532,0.9891202
691533,0.022010839
691534,0.0040993765
691535,0.87030005
691536,0.98441106
691537,0.9977905
691538,0.02583615
691539,0.093827754
691540,0.8841683
691541,0.07760411
691542,0.8835911
691543,0.7076433
691544,0.42453563
691545,0.12963513
691546,0.060823265
691547,0.8208819
691548,0.33064914
691549,0.8608233
691550,0.9787701
691551,0.9182041
691552,0.043285914
691553,0.84273416
691554,0.008519424
691555,0.8144973
691556,0.9428239
691557,0.99257433
691558,0.012670468
691559,0.2620114
691560,0.9946299
691561,0.0027974152
691562,0.8571838
691563,0.9871207
691564,0.005640487
691565,0.65797424
691566,0.94815767
691567,0.0363649
691568,0.010173
691569,0.10950442
691570,0.9810568
691571,0.01125869
691572,0.4234574
691573,0.013274113
691574,0.9486735
691575,0.9288987
691576,0.9898263
691577,0.057970323
691578,0.98411345
691579,0.012146471
691580,0.7930828
691581,0.022301223
691582,0.07651093
691583,0.00972227
691584,0.9929768
691585,0.9882369
691586,0.9850769
691587,0.0068866815
691588,0.0104281325
691589,0.5328466
691590,0.048491
691591,0.96126664
691592,0.62520504
691593,0.11036737
691594,0.83827645
691595,0.97724026
691596,0.9765321
691597,0.5018194
691598,0.956604
691599,0.002364973
691600,0.027139489
691601,0.54089975
691602,0.9776559
691603,0.08143244
691604,0.9795602
691605,0.025275834
691606,0.0047193193
691607,0.9888544
691608,0.96449906
691609,0.9735874
691610,0.014884853
691611,0.19353804
691612,0.01931845
691613,0.931519
691614,0.16315784
691615,0.035576247
691616,0.24034017
691617,0.032045282
691618,0.4949749
691619,0.023408242
691620,0.027875671
691621,0.24454558
691622,0.99265707
691623,0.9947286
691624,0.9934282
691625,0.28674996
691626,0.9724094
691627,0.072533086
691628,0.16135958
691629,0.025218166
691630,0.0029920829
691631,0.1362498
691632,0.91914713
691633,0.7028022
691634,0.87113863
691635,0.013391688
691636,0.7509993
691637,0.0150534175
691638,0.73712647
691639,0.9939734
691640,0.13668287
691641,0.068865284
691642,0.0075919535
691643,0.010377128
691644,0.9921305
691645,0.98742914
691646,0.7702632
691647,0.60557646
691648,0.95129925
691649,0.9688222
691650,0.28764218
691651,0.006629144
691652,0.99154747
691653,0.9855186
691654,0.53670466
691655,0.9576516
691656,0.31779695
691657,0.054218493
691658,0.030332856
691659,0.6042229
691660,0.04280587
691661,0.1381078
691662,0.81536436
691663,0.89865637
691664,0.012982528
691665,0.001928668
691666,0.015680538
691667,0.023012504
691668,0.6758477
691669,0.0036704517
691670,0.71561146
691671,0.07629003
691672,0.10166168
691673,0.9951384
691674,0.20741409
691675,0.9316729
691676,0.9882791
691677,0.3371041
691678,0.29043084
691679,0.99652874
691680,0.0024979764
691681,0.31656477
691682,0.60720825
691683,0.94967526
691684,0.0010063722
691685,0.9828185
691686,0.005293404
691687,0.028947882
691688,0.13217889
691689,0.7870072
691690,0.9984094
691691,0.038480844
691692,0.0031999394
691693,0.9762757
691694,0.200042
691695,0.9788148
691696,0.4660629
691697,0.004264925
691698,0.0075807045
691699,0.57085735
691700,0.59502643
691701,0.09318434
691702,0.308253
691703,0.020016445
691704,0.9849474
691705,0.22275345
691706,0.010107998
691707,0.4228236
691708,0.9700372
691709,0.92421657
691710,0.004957655
691711,0.016407121
691712,0.9813292
691713,0.5502597
691714,0.8906716
691715,0.91736263
691716,0.046891112
691717,0.80702394
691718,0.21337152
691719,0.027909942
691720,0.13895254
691721,0.92323434
691722,0.9871112
691723,0.05319556
691724,0.60351807
691725,0.80256885
691726,0.023790494
691727,0.35034347
691728,0.9997884
691729,0.9464627
691730,0.8716129
691731,0.9935312
691732,0.008047928
691733,0.9996803
691734,0.9864994
691735,0.99882025
691736,0.36649457
691737,0.0051306915
691738,0.04713775
691739,0.6365116
691740,0.7012503
691741,0.9935335
691742,0.009097969
691743,0.63742876
691744,0.11941489
691745,0.16793019
691746,0.0035773346
691747,0.9870137
691748,0.9579716
691749,0.093225166
691750,0.056868523
691751,0.30968013
691752,0.9681236
691753,0.99323255
691754,0.03363675
691755,0.02001474
691756,0.1513887
691757,0.6793638
691758,0.50790507
691759,0.994675
691760,0.9946497
691761,0.9914122
691762,0.63179696
691763,0.96551955
691764,0.023389436
691765,0.014110092
691766,0.03889165
691767,0.909214
691768,0.009512508
691769,0.99917006
691770,0.004938011
691771,0.9352349
691772,0.19577396
691773,0.109219365
691774,0.64810115
691775,0.28492528
691776,0.9752009
691777,0.9525262
691778,0.0247783
691779,0.9986483
691780,0.01567445
691781,0.0424371
691782,0.047028966
691783,0.03539512
691784,0.006688808
691785,0.13303603
691786,0.53559595
691787,0.8149337
691788,0.15977204
691789,0.99714404
691790,0.0047052545
691791,0.87969697
691792,0.0026744672
691793,0.9882901
691794,0.026142783
691795,0.0020534224
691796,0.571136
691797,0.13814
691798,0.034613363
691799,0.98684764
691800,0.8163351
691801,0.17442094
691802,0.04846839
691803,0.025623994
691804,0.63978934
691805,0.9955889
691806,0.0111240335
691807,0.065391034
691808,0.99689364
691809,0.0062325164
691810,0.046134133
691811,0.03752766
691812,0.7565547
691813,0.025236852
691814,0.8201255
691815,0.64199495
691816,0.8828529
691817,0.026594494
691818,0.06424833
691819,0.9820035
691820,0.009167414
691821,0.04984636
691822,0.9886371
691823,0.010077865
691824,0.96644163
691825,0.5497233
691826,0.04044406
691827,0.023822762
691828,0.76175404
691829,0.9685792
691830,0.7836743
691831,0.004334492
691832,0.54777503
691833,0.0050111255
691834,0.8508946
691835,0.97450143
691836,0.1889046
691837,0.24087211
691838,0.86104715
691839,0.0174344
691840,0.073444754
691841,0.39997748
691842,0.8698683
691843,0.014618488
691844,0.028999329
691845,0.0844895
691846,0.9685839
691847,0.005452446
691848,0.023786359
691849,0.17162722
691850,0.021784231
691851,0.104321405
691852,0.019486614
691853,0.9319818
691854,0.9612944
691855,0.14385504
691856,0.50270796
691857,0.92060536
691858,0.04542543
691859,0.9848302
691860,0.006089958
691861,0.0063004624
691862,0.013603796
691863,0.95318645
691864,0.92868
691865,0.710232
691866,0.09360771
691867,0.8187363
691868,0.05489391
691869,0.016321644
691870,0.9929774
691871,0.67573524
691872,0.8547944
691873,0.82991785
691874,0.008019395
691875,0.0141727915
691876,0.8893086
691877,0.0026757377
691878,0.9818146
691879,0.0009951137
691880,0.004661047
691881,0.9851623
691882,0.89451927
691883,0.015085389
691884,0.22354138
691885,0.061042316
691886,0.97423434
691887,0.709084
691888,0.0643365
691889,0.99037385
691890,0.2603299
691891,0.9008782
691892,0.016035955
691893,0.9981545
691894,0.8688394
691895,0.006770321
691896,0.9840933
691897,0.0071363607
691898,0.07607455
691899,0.83867866
691900,0.057095643
691901,0.113621995
691902,0.07152678
691903,0.086883865
691904,0.0050597014
691905,0.15654305
691906,0.04578946
691907,0.015785115
691908,0.0024749546
691909,0.4823034
691910,0.98894775
691911,0.029544845
691912,0.01443194
691913,0.2058224
691914,0.039343238
691915,0.047458466
691916,0.9841719
691917,0.8048219
691918,0.9674654
691919,0.4179542
691920,0.0432251
691921,0.21857513
691922,0.6266751
691923,0.006265171
691924,0.24583147
691925,0.9950759
691926,0.08308229
691927,0.027814778
691928,0.9643121
691929,0.90598214
691930,0.18472964
691931,0.4383334
691932,0.009985395
691933,0.8573529
691934,0.2858526
691935,0.76051325
691936,0.058541782
691937,0.016678244
691938,0.015229932
691939,0.9910941
691940,0.701049
691941,0.9160236
691942,0.011816248
691943,0.9898906
691944,0.046048313
691945,0.9752656
691946,0.99379545
691947,0.9922516
691948,0.02540607
691949,0.4194277
691950,0.0018977998
691951,0.9159845
691952,0.23491317
691953,0.10994351
691954,0.5021018
691955,0.9724151
691956,0.027369387
691957,0.7510519
691958,0.4811331
691959,0.0043838173
691960,0.92028606
691961,0.2002941
691962,0.47019106
691963,0.051477373
691964,0.16442525
691965,0.99791044
691966,0.44277632
691967,0.95652515
691968,0.9701079
691969,0.034406662
691970,0.31779456
691971,0.050515443
691972,0.16539142
691973,0.97611916
691974,0.996693
691975,0.99374896
691976,0.11403685
691977,0.03177811
691978,0.08419401
691979,0.016967246
691980,0.9708105
691981,0.05880007
691982,0.16627663
691983,0.0047073495
691984,0.8527594
691985,0.93798566
691986,0.67554617
691987,0.99558306
691988,0.022277081
691989,0.037778944
691990,0.054737337
691991,0.9803743
691992,0.050575316
691993,0.33863235
691994,0.20862792
691995,0.9401777
691996,0.7919574
691997,0.061382756
691998,0.9610083
691999,0.047500536
692000,0.05187302
692001,0.004704885
692002,0.17736012
692003,0.88531214
692004,0.052517753
692005,0.049629003
692006,0.2988172
692007,0.9983489
692008,0.0012791343
692009,0.09844143
692010,0.12954253
692011,0.6375735
692012,0.90975434
692013,0.28930557
692014,0.97869706
692015,0.0040652626
692016,0.48644564
692017,0.9771193
692018,0.9635234
692019,0.9905633
692020,0.9774533
692021,0.006186516
692022,0.91288936
692023,0.17086272
692024,0.95520973
692025,0.6321498
692026,0.9689468
692027,0.0027433746
692028,0.054637667
692029,0.09878327
692030,0.9917507
692031,0.058183715
692032,0.9936655
692033,0.018089535
692034,0.021491311
692035,0.90689456
692036,0.0437313
692037,0.9256624
692038,0.62947327
692039,0.039979916
692040,0.34185797
692041,0.99480516
692042,0.99015605
692043,0.0725995
692044,0.050243177
692045,0.29071212
692046,0.013031339
692047,0.03600046
692048,0.14408545
692049,0.18332633
692050,0.55533326
692051,0.80436087
692052,0.9958104
692053,0.0050014234
692054,0.9969002
692055,0.034621865
692056,0.0052792104
692057,0.095198706
692058,0.63579154
692059,0.94674766
692060,0.9715692
692061,0.37181106
692062,0.9941908
692063,0.029174414
692064,0.03212478
692065,0.007078435
692066,0.99680024
692067,0.9310569
692068,0.93655443
692069,0.85871965
692070,0.023407225
692071,0.1076421
692072,0.20093119
692073,0.8126076
692074,0.21995881
692075,0.52549064
692076,0.98655057
692077,0.99880034
692078,0.2930594
692079,0.15614714
692080,0.9951191
692081,0.025976706
692082,0.20430432
692083,0.10451481
692084,0.04372496
692085,0.27058002
692086,0.24327457
692087,0.9959088
692088,0.39847878
692089,0.4613753
692090,0.003394691
692091,0.1897866
692092,0.9740928
692093,0.047882553
692094,0.93370926
692095,0.98488444
692096,0.09693357
692097,0.16314556
692098,0.9938787
692099,0.988561
692100,0.19528525
692101,0.95088387
692102,0.092306174
692103,0.14828895
692104,0.8751516
692105,0.0036347168
692106,0.17218977
692107,0.98574346
692108,0.9691793
692109,0.830675
692110,0.9971581
692111,0.02076222
692112,0.70672536
692113,0.5148104
692114,0.9756392
692115,0.041967317
692116,0.107222185
692117,0.077276304
692118,0.010801571
692119,0.94178534
692120,0.29067165
692121,0.9221284
692122,0.646897
692123,0.02277439
692124,0.9775043
692125,0.048577517
692126,0.328897
692127,0.12674862
692128,0.022148851
692129,0.99753165
692130,0.30470014
692131,0.44112036
692132,0.004582801
692133,0.037194226
692134,0.013923217
692135,0.81132007
692136,0.15739721
692137,0.545512
692138,0.651899
692139,0.022510076
692140,0.80456376
692141,0.9966881
692142,0.995269
692143,0.07229221
692144,0.9872182
692145,0.9020717
692146,0.979135
692147,0.98976505
692148,0.06892972
692149,0.87690717
692150,0.988451
692151,0.93980473
692152,0.86842835
692153,0.8225466
692154,0.16376324
692155,0.5491775
692156,0.019246398
692157,0.08351742
692158,0.035240725
692159,0.028823303
692160,0.08468573
692161,0.078811556
692162,0.00886219
692163,0.022200111
692164,0.9779837
692165,0.031646963
692166,0.17024678
692167,0.63951564
692168,0.9441894
692169,0.97841275
692170,0.05831589
692171,0.042703982
692172,0.6372132
692173,0.87801063
692174,0.87481034
692175,0.74256754
692176,0.97710764
692177,0.048004776
692178,0.028223367
692179,0.03824903
692180,0.9449055
692181,0.70848554
692182,0.2137524
692183,0.9868115
692184,0.53950655
692185,0.17198117
692186,0.99235857
692187,0.044753164
692188,0.98147476
692189,0.15185072
692190,0.22443445
692191,0.99682856
692192,0.9947444
692193,0.8693742
692194,0.9844868
692195,0.38420704
692196,0.3424901
692197,0.007059115
692198,0.7280451
692199,0.038818385
692200,0.018757477
692201,0.0031732265
692202,0.98079497
692203,0.9900895
692204,0.8814229
692205,0.1323159
692206,0.8948215
692207,0.06480913
692208,0.0870544
692209,0.013483621
692210,0.99157363
692211,0.0061350367
692212,0.7766706
692213,0.9719695
692214,0.18115121
692215,0.005995675
692216,0.13219303
692217,0.012170244
692218,0.9216937
692219,0.015523073
692220,0.31172276
692221,0.18315682
692222,0.15820579
692223,0.6679313
692224,0.99952906
692225,0.04315293
692226,0.0032314179
692227,0.01303051
692228,0.02214298
692229,0.015652252
692230,0.9889049
692231,0.062028944
692232,0.9971617
692233,0.26185447
692234,0.8570137
692235,0.98399746
692236,0.005713101
692237,0.94167596
692238,0.10881007
692239,0.8156765
692240,0.9933848
692241,0.9926543
692242,0.9831217
692243,0.56850064
692244,0.019069698
692245,0.5624489
692246,0.08241334
692247,0.9863922
692248,0.67024326
692249,0.85783947
692250,0.98822415
692251,0.07706394
692252,0.07655588
692253,0.9156932
692254,0.014342369
692255,0.005494142
692256,0.46138024
692257,0.9972347
692258,0.9921401
692259,0.9679796
692260,0.58572906
692261,0.032872874
692262,0.4283598
692263,0.9807971
692264,0.97671574
692265,0.99012625
692266,0.20656998
692267,0.009314221
692268,0.012814058
692269,0.31734225
692270,0.008982483
692271,0.0005546506
692272,0.121137135
692273,0.0109486
692274,0.62603676
692275,0.22837356
692276,0.031167362
692277,0.25059336
692278,0.58033276
692279,0.92600274
692280,0.018669896
692281,0.5273198
692282,0.35808426
692283,0.0865767
692284,0.96383697
692285,0.9946151
692286,0.9360224
692287,0.9797944
692288,0.5812197
692289,0.05727432
692290,0.006377785
692291,0.17062098
692292,0.98920745
692293,0.011946515
692294,0.024350408
692295,0.9815117
692296,0.9639282
692297,0.9930758
692298,0.12360904
692299,0.0017989698
692300,0.018204633
692301,0.6012845
692302,0.9530738
692303,0.98673
692304,0.9255634
692305,0.65619075
692306,0.012110104
692307,0.013019409
692308,0.07422291
692309,0.867733
692310,0.7504499
692311,0.96017456
692312,0.23194219
692313,0.94346094
692314,0.9427765
692315,0.64369416
692316,0.035911433
692317,0.95764863
692318,0.85080457
692319,0.018347828
692320,0.027736759
692321,0.98671776
692322,0.011132715
692323,0.08945755
692324,0.013118335
692325,0.0073355627
692326,0.012583828
692327,0.004454281
692328,0.99684286
692329,0.99699235
692330,0.014165123
692331,0.017253296
692332,0.61448056
692333,0.89010894
692334,0.044823043
692335,0.50891215
692336,0.011615403
692337,0.9968723
692338,0.7824122
692339,0.34307563
692340,0.0074463226
692341,0.007435887
692342,0.93809676
692343,0.99546206
692344,0.93178606
692345,0.8942328
692346,0.027294515
692347,0.7661269
692348,0.18218203
692349,0.4744712
692350,0.022531295
692351,0.027005566
692352,0.98361707
692353,0.025220124
692354,0.012528719
692355,0.012251511
692356,0.0032355038
692357,0.04781869
692358,0.99755293
692359,0.96567696
692360,0.85614073
692361,0.0420474
692362,0.0064691785
692363,0.8957368
692364,0.769483
692365,0.12781255
692366,0.014975505
692367,0.14711565
692368,0.9483683
692369,0.39569208
692370,0.92878985
692371,0.03689059
692372,0.9906311
692373,0.05884051
692374,0.96157634
692375,0.98093677
692376,0.15940842
692377,0.3567917
692378,0.60068023
692379,0.016578853
692380,0.9922388
692381,0.531037
692382,0.0108229155
692383,0.91032165
692384,0.99398273
692385,0.2769577
692386,0.08253467
692387,0.024847256
692388,0.034644093
692389,0.014771162
692390,0.9969543
692391,0.8857423
692392,0.061893936
692393,0.9898318
692394,0.05516793
692395,0.017483376
692396,0.13982725
692397,0.8975332
692398,0.011614384
692399,0.9919245
692400,0.9881837
692401,0.9959513
692402,0.03263553
692403,0.04525008
692404,0.9027682
692405,0.6367982
692406,0.6744515
692407,0.99366707
692408,0.008115346
692409,0.96843904
692410,0.038346555
692411,0.02626374
692412,0.37701514
692413,0.029188015
692414,0.004240149
692415,0.11194962
692416,0.07118681
692417,0.008107204
692418,0.01970862
692419,0.01743559
692420,0.015875425
692421,0.85292923
692422,0.02545315
692423,0.123028666
692424,0.19593044
692425,0.0028412687
692426,0.053611726
692427,0.9991057
692428,0.98334634
692429,0.8675763
692430,0.9925715
692431,0.13118657
692432,0.008012323
692433,0.0630962
692434,0.33849233
692435,0.59994984
692436,0.97638094
692437,0.0081125405
692438,0.31454048
692439,0.30083606
692440,0.008972289
692441,0.015939474
692442,0.65731174
692443,0.9564971
692444,0.10651548
692445,0.01655972
692446,0.00627835
692447,0.98689675
692448,0.98271656
692449,0.069525495
692450,0.97234
692451,0.008071462
692452,0.0062128077
692453,0.66915315
692454,0.35230136
692455,0.06749141
692456,0.13965032
692457,0.8355524
692458,0.2554518
692459,0.92422795
692460,0.9852811
692461,0.07919366
692462,0.02368069
692463,0.028399136
692464,0.068475
692465,0.9401605
692466,0.26396316
692467,0.0017761049
692468,0.9991161
692469,0.01345954
692470,0.3206557
692471,0.05219311
692472,0.060329635
692473,0.012668838
692474,0.9830625
692475,0.9977429
692476,0.11133156
692477,0.12865828
692478,0.929194
692479,0.052081633
692480,0.9447906
692481,0.99807906
692482,0.993726
692483,0.6395661
692484,0.52555513
692485,0.99328655
692486,0.0350088
692487,0.106545106
692488,0.9871566
692489,0.024463806
692490,0.93329424
692491,0.979388
692492,0.0093576
692493,0.9593485
692494,0.1865516
692495,0.06853702
692496,0.9850524
692497,0.07363111
692498,0.03725315
692499,0.99523413
692500,0.14512436
692501,0.8082102
692502,0.98083925
692503,0.1820675
692504,0.0054649175
692505,0.86176586
692506,0.9932194
692507,0.12002956
692508,0.21655154
692509,0.90042686
692510,0.01047557
692511,0.9926439
692512,0.99549663
692513,0.08185985
692514,0.98554325
692515,0.008695089
692516,0.8868331
692517,0.028254764
692518,0.83329993
692519,0.009622461
692520,0.8272038
692521,0.034888446
692522,0.93495125
692523,0.8076572
692524,0.9316165
692525,0.190507
692526,0.289064
692527,0.9264689
692528,0.95986634
692529,0.007925799
692530,0.0058229016
692531,0.075615644
692532,0.008121696
692533,0.98483336
692534,0.9875865
692535,0.99696755
692536,0.020544706
692537,0.9757144
692538,0.5379031
692539,0.9820694
692540,0.04084906
692541,0.9245931
692542,0.8590212
692543,0.86098796
692544,0.95878756
692545,0.9916925
692546,0.394167
692547,0.030238789
692548,0.012948585
692549,0.10672708
692550,0.97957337
692551,0.87693983
692552,0.007839038
692553,0.8607404
692554,0.2773168
692555,0.00037812442
692556,0.12535647
692557,0.634718
692558,0.086331844
692559,0.006994223
692560,0.01003845
692561,0.9034239
692562,0.8630414
692563,0.15575226
692564,0.15351349
692565,0.7665616
692566,0.11093377
692567,0.74120027
692568,0.031385873
692569,0.027112838
692570,0.02582889
692571,0.0142833935
692572,0.9296006
692573,0.19364104
692574,0.6087555
692575,0.019500323
692576,0.31600428
692577,0.9866186
692578,0.0033849098
692579,0.9077741
692580,0.044687137
692581,0.1690273
692582,0.022226531
692583,0.18845567
692584,0.19498584
692585,0.030919213
692586,0.3256104
692587,0.7938741
692588,0.9971602
692589,0.9955516
692590,0.97385514
692591,0.0323876
692592,0.058882095
692593,0.06514863
692594,0.04381601
692595,0.4435316
692596,0.010892667
692597,0.028303035
692598,0.04162096
692599,0.023806589
692600,0.99096584
692601,0.86371624
692602,0.4586685
692603,0.99566686
692604,0.46001187
692605,0.0013954872
692606,0.15795423
692607,0.10286133
692608,0.0065311734
692609,0.008615718
692610,0.99570644
692611,0.54996663
692612,0.6888982
692613,0.71738654
692614,0.15004766
692615,0.04811358
692616,0.99524486
692617,0.9618466
692618,0.41285124
692619,0.0043584555
692620,0.9774703
692621,0.46247092
692622,0.0019218029
692623,0.21391872
692624,0.9858402
692625,0.064420134
692626,0.057219893
692627,0.016158648
692628,0.052720524
692629,0.13476324
692630,0.0034936247
692631,0.16389063
692632,0.6004489
692633,0.032439634
692634,0.06653567
692635,0.006957
692636,0.07838142
692637,0.0047136503
692638,0.09550048
692639,0.62987536
692640,0.8859968
692641,0.011747289
692642,0.9581382
692643,0.9922603
692644,0.764633
692645,0.7604716
692646,0.010045458
692647,0.046212804
692648,0.16471417
692649,0.017395709
692650,0.03884859
692651,0.9951994
692652,0.9910969
692653,0.99937505
692654,0.02252977
692655,0.0068169376
692656,0.99937415
692657,0.9014939
692658,0.19578202
692659,0.76062787
692660,0.68272084
692661,0.09672995
692662,0.009676661
692663,0.14931303
692664,0.99513763
692665,0.77127457
692666,0.9888082
692667,0.003010354
692668,0.99585265
692669,0.025675058
692670,0.9836114
692671,0.945484
692672,0.27473277
692673,0.98881924
692674,0.88257754
692675,0.035001874
692676,0.21645688
692677,0.75694007
692678,0.89391905
692679,0.008568253
692680,0.30076864
692681,0.9967567
692682,0.18403241
692683,0.62969446
692684,0.03888496
692685,0.26651222
692686,0.4792987
692687,0.07783526
692688,0.48035187
692689,0.0135367615
692690,0.9748454
692691,0.82490104
692692,0.9841855
692693,0.95871407
692694,0.011173095
692695,0.103531264
692696,0.19421092
692697,0.6400668
692698,0.98282564
692699,0.8860961
692700,0.09203733
692701,0.018307405
692702,0.055531166
692703,0.9974402
692704,0.027677685
692705,0.53731537
692706,0.0039246473
692707,0.91426283
692708,0.017809689
692709,0.3109209
692710,0.9977205
692711,0.024578042
692712,0.024257248
692713,0.031119376
692714,0.2647628
692715,0.016102374
692716,0.054158233
692717,0.9812554
692718,0.35075057
692719,0.023994952
692720,0.96945786
692721,0.7619009
692722,0.017414955
692723,0.99805474
692724,0.9935619
692725,0.99432796
692726,0.0026269217
692727,0.5914353
692728,0.013331055
692729,0.97234374
692730,0.97451836
692731,0.27244005
692732,0.13095012
692733,0.18351826
692734,0.0050330926
692735,0.010713687
692736,0.9959259
692737,0.86970514
692738,0.9731629
692739,0.72191507
692740,0.03779452
692741,0.9763289
692742,0.9743901
692743,0.9891311
692744,0.9894664
692745,0.7905859
692746,0.23023005
692747,0.25587386
692748,0.041090548
692749,0.9561114
692750,0.037889697
692751,0.14749482
692752,0.9469491
692753,0.052895874
692754,0.020752506
692755,0.013115689
692756,0.0033827096
692757,0.19513027
692758,0.01878584
692759,0.9830025
692760,0.9971006
692761,0.86514544
692762,0.2142067
692763,0.9500629
692764,0.6092478
692765,0.99948686
692766,0.7673737
692767,0.9536272
692768,0.9724195
692769,0.03229551
692770,0.95399666
692771,0.3092205
692772,0.034532525
692773,0.99706405
692774,0.5093846
692775,0.13946272
692776,0.0038267705
692777,0.08372727
692778,0.060282767
692779,0.09193097
692780,0.07379189
692781,0.0024716607
692782,0.3092159
692783,0.995761
692784,0.036046445
692785,0.11720921
692786,0.8752031
692787,0.18356186
692788,0.6298217
692789,0.6464015
692790,0.8812649
692791,0.012401419
692792,0.0481974
692793,0.08226223
692794,0.00064179
692795,0.2771312
692796,0.3465803
692797,0.9924779
692798,0.0021017198
692799,0.9735283
692800,0.6818124
692801,0.8923896
692802,0.00930491
692803,0.9746704
692804,0.95201194
692805,0.01614525
692806,0.0045087924
692807,0.9491157
692808,0.75994587
692809,0.8649619
692810,0.41979516
692811,0.015109972
692812,0.9934013
692813,0.11088942
692814,0.015862644
692815,0.023656894
692816,0.9719234
692817,0.8203413
692818,0.9785464
692819,0.76318955
692820,0.13486445
692821,0.13528597
692822,0.8343665
692823,0.022918586
692824,0.036883827
692825,0.04766662
692826,0.022060769
692827,0.18171184
692828,0.99556786
692829,0.016381063
692830,0.99900854
692831,0.78495747
692832,0.9819415
692833,0.14534098
692834,0.005126125
692835,0.032387394
692836,0.83646953
692837,0.88547504
692838,0.4338348
692839,0.69472647
692840,0.04616687
692841,0.0023772637
692842,0.9012997
692843,0.11753102
692844,0.8672073
692845,0.010152912
692846,0.95374125
692847,0.9954515
692848,0.19717823
692849,0.026389077
692850,0.97432625
692851,0.02020452
692852,0.9235312
692853,0.078844845
692854,0.12910165
692855,0.8325586
692856,0.048250563
692857,0.20053515
692858,0.1066653
692859,0.027564343
692860,0.59796154
692861,0.3408624
692862,0.98714286
692863,0.98108363
692864,0.00665534
692865,0.046811923
692866,0.99229115
692867,0.94683355
692868,0.0057534147
692869,0.0720956
692870,0.008049026
692871,0.06761527
692872,0.545071
692873,0.52123594
692874,0.08271924
692875,0.87975395
692876,0.68807733
692877,0.063234866
692878,0.8201095
692879,0.10811646
692880,0.2387279
692881,0.9843233
692882,0.0044237375
692883,0.7012454
692884,0.9562491
692885,0.21581575
692886,0.007407419
692887,0.17331696
692888,0.18652739
692889,0.014543487
692890,0.35854012
692891,0.6328324
692892,0.35131288
692893,0.95778185
692894,0.037216835
692895,0.9966661
692896,0.32276314
692897,0.9634371
692898,0.48725337
692899,0.5292708
692900,0.32610878
692901,0.10331095
692902,0.89956546
692903,0.19042228
692904,0.04533046
692905,0.010420409
692906,0.029324181
692907,0.018993247
692908,0.0012598269
692909,0.023821678
692910,0.97923315
692911,0.031222623
692912,0.9729943
692913,0.010501409
692914,0.011855486
692915,0.98744
692916,0.0422905
692917,0.07699772
692918,0.3064553
692919,0.9885211
692920,0.22211945
692921,0.14267734
692922,0.95867276
692923,0.054177575
692924,0.0628905
692925,0.90766305
692926,0.9930452
692927,0.9875172
692928,0.95320237
692929,0.9750162
692930,0.97397363
692931,0.8561802
692932,0.99876016
692933,0.9673755
692934,0.017246775
692935,0.30536574
692936,0.066241145
692937,0.05559267
692938,0.735543
692939,0.13777514
692940,0.82853657
692941,0.9862222
692942,0.97793853
692943,0.9058455
692944,0.38003176
692945,0.981407
692946,0.9728993
692947,0.96302783
692948,0.44335276
692949,0.0028347669
692950,0.033666153
692951,0.034368373
692952,0.08604905
692953,0.79438305
692954,0.1994765
692955,0.011138115
692956,0.5977726
692957,0.26999903
692958,0.0040474813
692959,0.10872351
692960,0.5317042
692961,0.99085504
692962,0.16207062
692963,0.011297142
692964,0.99286395
692965,0.9519714
692966,0.7787357
692967,0.97611845
692968,0.8612711
692969,0.98092353
692970,0.9900455
692971,0.04327462
692972,0.024481758
692973,0.083900794
692974,0.3313001
692975,0.20001668
692976,0.9703121
692977,0.9960666
692978,0.9955094
692979,0.989197
692980,0.019583203
692981,0.9875449
692982,0.81594443
692983,0.9694313
692984,0.997207
692985,0.0074673826
692986,0.13830964
692987,0.25197044
692988,0.42014605
692989,0.0017072032
692990,0.11088053
692991,0.99060184
692992,0.12468832
692993,0.5581748
692994,0.13379155
692995,0.017767547
692996,0.0023072471
692997,0.1750601
692998,0.9791896
692999,0.9922012
693000,0.003977335
693001,0.07336303
693002,0.018807821
693003,0.052005127
693004,0.9895203
693005,0.97653186
693006,0.9632216
693007,0.028482627
693008,0.712821
693009,0.015479197
693010,0.3437873
693011,0.23869814
693012,0.5253385
693013,0.0144547215
693014,0.5332308
693015,0.3494982
693016,0.005498067
693017,0.007850805
693018,0.9801569
693019,0.006504625
693020,0.020900048
693021,0.04546957
693022,0.895911
693023,0.23215261
693024,0.8502922
693025,0.004309669
693026,0.051011525
693027,0.0027340446
693028,0.5538826
693029,0.0074056145
693030,0.006567224
693031,0.3601216
693032,0.96900135
693033,0.70421886
693034,0.1900627
693035,0.12966453
693036,0.6366347
693037,0.9856963
693038,0.96075284
693039,0.006402643
693040,0.014751909
693041,0.005120602
693042,0.76728666
693043,0.24443373
693044,0.023002498
693045,0.9892025
693046,0.924904
693047,0.8204683
693048,0.018946534
693049,0.5279582
693050,0.051766645
693051,0.9094604
693052,0.0010029516
693053,0.7821828
693054,0.990564
693055,0.021687321
693056,0.98369193
693057,0.011048154
693058,0.995547
693059,0.96946913
693060,0.83506215
693061,0.6966224
693062,0.9840962
693063,0.11371822
693064,0.7124462
693065,0.13775055
693066,0.012940909
693067,0.9435219
693068,0.024192315
693069,0.12631235
693070,0.012453472
693071,0.96957165
693072,0.6730604
693073,0.092712365
693074,0.025553789
693075,0.015106904
693076,0.5438966
693077,0.12903567
693078,0.5575808
693079,0.025158063
693080,0.947346
693081,0.81054
693082,0.9046098
693083,0.17558727
693084,0.023046557
693085,0.88629633
693086,0.08943269
693087,0.21399724
693088,0.027175881
693089,0.26156276
693090,0.54374695
693091,0.033403136
693092,0.021723881
693093,0.3574906
693094,0.12375784
693095,0.020847244
693096,0.9800105
693097,0.15357113
693098,0.08985486
693099,0.028167572
693100,0.88467324
693101,0.9658685
693102,0.99851424
693103,0.94649696
693104,0.04591517
693105,0.014947012
693106,0.7614255
693107,0.8502344
693108,0.017020881
693109,0.24106869
693110,0.9126075
693111,0.02853956
693112,0.7068647
693113,0.013480034
693114,0.029688137
693115,0.9519582
693116,0.98855627
693117,0.74368894
693118,0.11872345
693119,0.015806494
693120,0.98276865
693121,0.1982586
693122,0.0872086
693123,0.7915988
693124,0.009209257
693125,0.3596263
693126,0.4540711
693127,0.009412337
693128,0.9720208
693129,0.74617505
693130,0.6994566
693131,0.976606
693132,0.050679654
693133,0.56083417
693134,0.8059995
693135,0.013694678
693136,0.96499443
693137,0.0021745497
693138,0.11917286
693139,0.0056961286
693140,0.5730026
693141,0.26296583
693142,0.9392685
693143,0.9503117
693144,0.010310982
693145,0.30185574
693146,0.8205203
693147,0.19898999
693148,0.9265136
693149,0.4100692
693150,0.2367225
693151,0.1123462
693152,0.9805132
693153,0.008338893
693154,0.95567054
693155,0.006600657
693156,0.40167478
693157,0.18431231
693158,0.95503867
693159,0.04307846
693160,0.026591633
693161,0.031447574
693162,0.050624937
693163,0.02677436
693164,0.0706142
693165,0.95533544
693166,0.10846276
693167,0.037789103
693168,0.6461966
693169,0.9601297
693170,0.9130939
693171,0.6091095
693172,0.88360655
693173,0.6569677
693174,0.77970016
693175,0.89938325
693176,0.027675156
693177,0.15702318
693178,0.8101243
693179,0.94052345
693180,0.7550287
693181,0.33836257
693182,0.014604801
693183,0.008772042
693184,0.98856443
693185,0.091112435
693186,0.21183111
693187,0.9737698
693188,0.087911814
693189,0.104749605
693190,0.01128511
693191,0.033012673
693192,0.12966669
693193,0.1505888
693194,0.9946737
693195,0.9883454
693196,0.029648589
693197,0.80875933
693198,0.4618487
693199,0.07366119
693200,0.010701676
693201,0.24585071
693202,0.1279547
693203,0.0011328751
693204,0.8585027
693205,0.9978254
693206,0.32797825
693207,0.042486608
693208,0.9610176
693209,0.99113214
693210,0.96240866
693211,0.011969613
693212,0.9397503
693213,0.3151447
693214,0.9146649
693215,0.58521706
693216,0.98322624
693217,0.86448157
693218,0.024606578
693219,0.3444944
693220,0.9880829
693221,0.032228008
693222,0.31636664
693223,0.771352
693224,0.014731059
693225,0.44512996
693226,0.7192785
693227,0.9571099
693228,0.97858137
693229,0.41622525
693230,0.0032489004
693231,0.7916633
693232,0.17739305
693233,0.049735315
693234,0.0046724267
693235,0.96202946
693236,0.99767375
693237,0.030781617
693238,0.97005373
693239,0.005377166
693240,0.023141934
693241,0.90093035
693242,0.95572793
693243,0.039805632
693244,0.050820205
693245,0.40110338
693246,0.95617855
693247,0.9586537
693248,0.98719573
693249,0.94840395
693250,0.9874285
693251,0.09421069
693252,0.21167788
693253,0.9941165
693254,0.31699353
693255,0.51809394
693256,0.9447675
693257,0.9979196
693258,0.9671031
693259,0.92616093
693260,0.92947525
693261,0.03218724
693262,0.3246294
693263,0.8570702
693264,0.10954147
693265,0.056072038
693266,0.9970932
693267,0.98697406
693268,0.108124144
693269,0.9666017
693270,0.9632975
693271,0.442831
693272,0.5694217
693273,0.017019836
693274,0.20664307
693275,0.9490882
693276,0.032009453
693277,0.011575809
693278,0.46504366
693279,0.033658702
693280,0.553089
693281,0.97538376
693282,0.23326315
693283,0.08539215
693284,0.98515224
693285,0.11215207
693286,0.102265656
693287,0.0076674027
693288,0.9710221
693289,0.54655015
693290,0.0008371299
693291,0.535974
693292,0.89713264
693293,0.6105219
693294,0.33603036
693295,0.9734565
693296,0.046601012
693297,0.74911994
693298,0.015029447
693299,0.91264164
693300,0.026037317
693301,0.9401951
693302,0.019503528
693303,0.7947437
693304,0.85762084
693305,0.93688536
693306,0.062623136
693307,0.97139746
693308,0.9827297
693309,0.21974623
693310,0.99486154
693311,0.6613643
693312,0.015860192
693313,0.9928428
693314,0.32244197
693315,0.012800036
693316,0.013708949
693317,0.97191054
693318,0.013470878
693319,0.014639147
693320,0.6585698
693321,0.9638033
693322,0.64720136
693323,0.97170264
693324,0.0030113116
693325,0.7579143
693326,0.99260855
693327,0.016409414
693328,0.08039102
693329,0.69981444
693330,0.9951534
693331,0.17408025
693332,0.97401994
693333,0.14701313
693334,0.22691879
693335,0.9800996
693336,0.9964672
693337,0.218644
693338,0.8396387
693339,0.007872049
693340,0.0830706
693341,0.18711466
693342,0.012116604
693343,0.58367103
693344,0.965168
693345,0.020434905
693346,0.95784014
693347,0.3209164
693348,0.13188954
693349,0.6047262
693350,0.9407132
693351,0.055752464
693352,0.20672587
693353,0.1415011
693354,0.20426732
693355,0.0020797313
693356,0.42326742
693357,0.0022806379
693358,0.038768798
693359,0.05910915
693360,0.01044137
693361,0.47719353
693362,0.98129386
693363,0.080953225
693364,0.8912457
693365,0.99861294
693366,0.9974793
693367,0.43443844
693368,0.35067758
693369,0.83709586
693370,0.9967803
693371,0.010183114
693372,0.0075990944
693373,0.11594774
693374,0.005003097
693375,0.9533741
693376,0.017992705
693377,0.1611431
693378,0.009344953
693379,0.94675815
693380,0.9911292
693381,0.105059125
693382,0.26999372
693383,0.9687348
693384,0.748114
693385,0.9950448
693386,0.95919025
693387,0.6904824
693388,0.9854862
693389,0.25030488
693390,0.08399561
693391,0.05395164
693392,0.8124092
693393,0.8419518
693394,0.013793678
693395,0.6499026
693396,0.003690233
693397,0.006406866
693398,0.079720825
693399,0.02056411
693400,0.75165385
693401,0.99891627
693402,0.016358517
693403,0.7449025
693404,0.0043427916
693405,0.0051529566
693406,0.015385382
693407,0.98527765
693408,0.27897233
693409,0.29860213
693410,0.28531754
693411,0.02102298
693412,0.13288489
693413,0.9965538
693414,0.7005794
693415,0.030201986
693416,0.021214988
693417,0.9808388
693418,0.1632351
693419,0.036732167
693420,0.9255284
693421,0.27160695
693422,0.025203936
693423,0.23422633
693424,0.45954692
693425,0.1915998
693426,0.9292877
693427,0.46605602
693428,0.9528795
693429,0.0066680396
693430,0.9915361
693431,0.0049181175
693432,0.07571591
693433,0.07922846
693434,0.03156504
693435,0.9865794
693436,0.96133333
693437,0.8685475
693438,0.04667086
693439,0.21285954
693440,0.9753778
693441,0.9230639
693442,0.017032329
693443,0.92990214
693444,0.8843344
693445,0.41093108
693446,0.021800337
693447,0.43409222
693448,0.99192274
693449,0.22843514
693450,0.049037866
693451,0.007997236
693452,0.2613298
693453,0.88000405
693454,0.009151073
693455,0.846754
693456,0.6091757
693457,0.03948687
693458,0.9877832
693459,0.020468667
693460,0.39989984
693461,0.38770437
693462,0.04078534
693463,0.9953495
693464,0.4418012
693465,0.031688496
693466,0.667973
693467,0.028307829
693468,0.39697626
693469,0.0023288832
693470,0.9738714
693471,0.19226016
693472,0.8802668
693473,0.95203674
693474,0.9366358
693475,0.032111254
693476,0.4145412
693477,0.9931752
693478,0.108876996
693479,0.011047041
693480,0.9943137
693481,0.06720935
693482,0.89849806
693483,0.9143791
693484,0.96344125
693485,0.9976428
693486,0.023744008
693487,0.97636116
693488,0.9954445
693489,0.9958844
693490,0.9911768
693491,0.0039319624
693492,0.043542717
693493,0.014075321
693494,0.7811683
693495,0.008243836
693496,0.08558292
693497,0.025933903
693498,0.019156665
693499,0.94196135
693500,0.03944047
693501,0.15695131
693502,0.47555548
693503,0.05830239
693504,0.028654205
693505,0.82773775
693506,0.0054832497
693507,0.022212405
693508,0.025348112
693509,0.9643036
693510,0.62938213
693511,0.015500785
693512,0.9595259
693513,0.8436599
693514,0.81742316
693515,0.88688695
693516,0.012592087
693517,0.1131517
693518,0.02690867
693519,0.99435484
693520,0.012327886
693521,0.72704554
693522,0.012049633
693523,0.024070757
693524,0.26805413
693525,0.43636465
693526,0.95020896
693527,0.5901434
693528,0.010154524
693529,0.99216145
693530,0.07561997
693531,0.3831866
693532,0.04454791
693533,0.5847022
693534,0.004701064
693535,0.4621076
693536,0.2335162
693537,0.030710181
693538,0.073571
693539,0.94350266
693540,0.8040341
693541,0.052922323
693542,0.91574836
693543,0.008494119
693544,0.41454238
693545,0.015288964
693546,0.9883513
693547,0.022621412
693548,0.94049096
693549,0.0037954538
693550,0.004701506
693551,0.9358099
693552,0.006850277
693553,0.9980966
693554,0.050646182
693555,0.96771866
693556,0.9989681
693557,0.4354302
693558,0.012050791
693559,0.0039642677
693560,0.7618164
693561,0.02018644
693562,0.92071563
693563,0.37707865
693564,0.010991827
693565,0.37367767
693566,0.97225964
693567,0.514271
693568,0.12623672
693569,0.74631333
693570,0.010467703
693571,0.05630739
693572,0.9953503
693573,0.9847775
693574,0.0018935907
693575,0.029326793
693576,0.3905056
693577,0.9826671
693578,0.021248018
693579,0.045135766
693580,0.018062534
693581,0.9877585
693582,0.36819193
693583,0.03247147
693584,0.9533114
693585,0.62933624
693586,0.8580602
693587,0.75300884
693588,0.54434866
693589,0.0025934484
693590,0.9949711
693591,0.9956869
693592,0.46703118
693593,0.0119609935
693594,0.015193762
693595,0.64434814
693596,0.0033572596
693597,0.9730444
693598,0.9983846
693599,0.01187289
693600,0.00466683
693601,0.8718215
693602,0.13687004
693603,0.018777769
693604,0.15708134
693605,0.028485674
693606,0.03867519
693607,0.3110589
693608,0.8575076
693609,0.7847253
693610,0.0024714884
693611,0.95253223
693612,0.022370795
693613,0.2512937
693614,0.48607042
693615,0.37396324
693616,0.9186755
693617,0.999401
693618,0.97131556
693619,0.021070268
693620,0.47071448
693621,0.07334957
693622,0.060176913
693623,0.00849135
693624,0.70306885
693625,0.034467496
693626,0.8688173
693627,0.019838864
693628,0.8800702
693629,0.23517093
693630,0.40438187
693631,0.98651266
693632,0.7630022
693633,0.014344256
693634,0.02001312
693635,0.02507171
693636,0.00082771527
693637,0.008843586
693638,0.6731005
693639,0.97563684
693640,0.03916603
693641,0.9668852
693642,0.19756141
693643,0.11190061
693644,0.9968047
693645,0.53285015
693646,0.06988252
693647,0.011396202
693648,0.99007344
693649,0.91915774
693650,0.0012193271
693651,0.25086161
693652,0.47624832
693653,0.020833546
693654,0.9991634
693655,0.016662471
693656,0.97668165
693657,0.026259733
693658,0.009343355
693659,0.968408
693660,0.019971034
693661,0.99324834
693662,0.82720226
693663,0.22054815
693664,0.12129671
693665,0.96660936
693666,0.018059189
693667,0.009456365
693668,0.9170774
693669,0.024883201
693670,0.9683537
693671,0.061854236
693672,0.75840336
693673,0.0056273453
693674,0.96539855
693675,0.8844044
693676,0.027322922
693677,0.35514954
693678,0.934694
693679,0.9973961
693680,0.2617375
693681,0.979165
693682,0.12122707
693683,0.9310213
693684,0.01875868
693685,0.9876787
693686,0.62826663
693687,0.116535485
693688,0.051345475
693689,0.25199524
693690,0.9633547
693691,0.18110421
693692,0.0055506746
693693,0.9692628
693694,0.88350904
693695,0.0068304287
693696,0.94570154
693697,0.21490306
693698,0.04829495
693699,0.023208829
693700,0.0074540395
693701,0.044413857
693702,0.58252656
693703,0.92544174
693704,0.002514532
693705,0.709207
693706,0.09347247
693707,0.4559262
693708,0.9242843
693709,0.017834188
693710,0.078802735
693711,0.06309766
693712,0.013499889
693713,0.96370757
693714,0.009604532
693715,0.026992321
693716,0.036946047
693717,0.5937542
693718,0.1621648
693719,0.999259
693720,0.2005892
693721,0.009701242
693722,0.9121835
693723,0.98436975
693724,0.0392926
693725,0.900409
693726,0.12858509
693727,0.25145805
693728,0.76744527
693729,0.07130629
693730,0.32672593
693731,0.953844
693732,0.18977183
693733,0.05950731
693734,0.8526578
693735,0.011284742
693736,0.5318623
693737,0.21331613
693738,0.8797436
693739,0.96262884
693740,0.47441375
693741,0.0037427805
693742,0.9508065
693743,0.9838673
693744,0.015096865
693745,0.7182356
693746,0.003755226
693747,0.0022459948
693748,0.018099587
693749,0.016472884
693750,0.029731195
693751,0.06731139
693752,0.99665505
693753,0.013261597
693754,0.3506717
693755,0.9989702
693756,0.31441185
693757,0.046691686
693758,0.121679805
693759,0.98326504
693760,0.013569044
693761,0.016128503
693762,0.9281678
693763,0.021321975
693764,0.525638
693765,0.002818245
693766,0.8819448
693767,0.28209794
693768,0.6840322
693769,0.0016604682
693770,0.9791353
693771,0.009051121
693772,0.12097015
693773,0.014079233
693774,0.023372862
693775,0.39666274
693776,0.3204137
693777,0.0023542242
693778,0.02524627
693779,0.7006771
693780,0.29025438
693781,0.992798
693782,0.010646687
693783,0.11828628
693784,0.01378215
693785,0.98588145
693786,0.006731234
693787,0.34836602
693788,0.90082276
693789,0.037366368
693790,0.8571521
693791,0.9568577
693792,0.032619968
693793,0.97882766
693794,0.49226677
693795,0.028660316
693796,0.13149273
693797,0.094771
693798,0.036793344
693799,0.4975589
693800,0.71573657
693801,0.07201216
693802,0.09049137
693803,0.17243984
693804,0.01716087
693805,0.040602017
693806,0.0036388964
693807,0.063140996
693808,0.97473097
693809,0.9744615
693810,0.03589911
693811,0.01232133
693812,0.2974821
693813,0.033743713
693814,0.99078244
693815,0.09648427
693816,0.019144472
693817,0.3621348
693818,0.975766
693819,0.016873682
693820,0.99837106
693821,0.6100571
693822,0.9511486
693823,0.9411819
693824,0.5629465
693825,0.05405515
693826,0.5303123
693827,0.98146904
693828,0.83599967
693829,0.12053883
693830,0.05437856
693831,0.12988448
693832,0.060636733
693833,0.764658
693834,0.5851938
693835,0.013101185
693836,0.026220636
693837,0.98734474
693838,0.71599823
693839,0.0072902516
693840,0.01732719
693841,0.08718678
693842,0.015380388
693843,0.01149165
693844,0.99640745
693845,0.20736346
693846,0.90112585
693847,0.24135742
693848,0.59999704
693849,0.56326294
693850,0.98479533
693851,0.03676526
693852,0.0027058518
693853,0.1104915
693854,0.025557654
693855,0.2680211
693856,0.027551346
693857,0.74265337
693858,0.6858036
693859,0.9102471
693860,0.008953029
693861,0.044735573
693862,0.051539626
693863,0.009029463
693864,0.893976
693865,0.01778561
693866,0.99431115
693867,0.021622002
693868,0.3399333
693869,0.074938424
693870,0.013923586
693871,0.5534328
693872,0.48401776
693873,0.99514544
693874,0.06260607
693875,0.63211596
693876,0.22000809
693877,0.0051064943
693878,0.9930227
693879,0.014046266
693880,0.9496126
693881,0.26488996
693882,0.0066754315
693883,0.011773946
693884,0.22112954
693885,0.6833288
693886,0.99604774
693887,0.98264056
693888,0.9444413
693889,0.21099795
693890,0.061318338
693891,0.4737814
693892,0.018338816
693893,0.98323673
693894,0.38011563
693895,0.99399054
693896,0.50583255
693897,0.024580088
693898,0.0077571566
693899,0.98235816
693900,0.0013268016
693901,0.0072750617
693902,0.98471564
693903,0.9095697
693904,0.97995704
693905,0.9099478
693906,0.92850274
693907,0.012259423
693908,0.029806014
693909,0.6277641
693910,0.011889578
693911,0.9953675
693912,0.27686673
693913,0.99698424
693914,0.98702323
693915,0.012617255
693916,0.039025158
693917,0.9451767
693918,0.81826264
693919,0.96396005
693920,0.9928709
693921,0.23888698
693922,0.9482971
693923,0.9153081
693924,0.993969
693925,0.32099962
693926,0.4777904
693927,0.82849705
693928,0.007974559
693929,0.57218444
693930,0.73210204
693931,0.19188163
693932,0.99510276
693933,0.024553135
693934,0.067255154
693935,0.0059659225
693936,0.29305786
693937,0.9625179
693938,0.9493215
693939,0.010223978
693940,0.017410897
693941,0.99129266
693942,0.97439265
693943,0.84287393
693944,0.7514263
693945,0.010045924
693946,0.019968126
693947,0.046285126
693948,0.059042722
693949,0.122149706
693950,0.94214654
693951,0.9948968
693952,0.29839772
693953,0.113125294
693954,0.902152
693955,0.9954684
693956,0.0059670145
693957,0.095853955
693958,0.039113812
693959,0.97798085
693960,0.22451907
693961,0.612264
693962,0.9876632
693963,0.9841486
693964,0.0050000814
693965,0.014628351
693966,0.5624408
693967,0.98097384
693968,0.006798261
693969,0.96389127
693970,0.74424535
693971,0.7061477
693972,0.18724263
693973,0.46070886
693974,0.13329265
693975,0.57035166
693976,0.4613645
693977,0.033762466
693978,0.83916116
693979,0.90417105
693980,0.9544775
693981,0.37487283
693982,0.9918617
693983,0.9988546
693984,0.75849086
693985,0.8419362
693986,0.842875
693987,0.018071074
693988,0.10603281
693989,0.023542147
693990,0.8546132
693991,0.98045903
693992,0.12946172
693993,0.9969814
693994,0.95990765
693995,0.9085902
693996,0.13431042
693997,0.64707065
693998,0.97241503
693999,0.37629882
694000,0.1908704
694001,0.11519023
694002,0.94683933
694003,0.6932084
694004,0.9346937
694005,0.017573014
694006,0.19683361
694007,0.03182921
694008,0.038305834
694009,0.5118115
694010,0.014876192
694011,0.7317335
694012,0.002023307
694013,0.03816148
694014,0.9499546
694015,0.6394566
694016,0.060077667
694017,0.18761499
694018,0.9446564
694019,0.47072187
694020,0.9572977
694021,0.9427537
694022,0.023571024
694023,0.031149583
694024,0.21528572
694025,0.95611066
694026,0.26259992
694027,0.056537922
694028,0.5660444
694029,0.92793095
694030,0.03092242
694031,0.013143782
694032,0.0762354
694033,0.89359343
694034,0.9984174
694035,0.05000672
694036,0.9819177
694037,0.9759134
694038,0.84848154
694039,0.42596337
694040,0.06309816
694041,0.07429901
694042,0.9742921
694043,0.040316455
694044,0.009429757
694045,0.0062940014
694046,0.9821098
694047,0.9501293
694048,0.9627742
694049,0.61533916
694050,0.21498188
694051,0.5037198
694052,0.0060827313
694053,0.10874847
694054,0.36119804
694055,0.5481404
694056,0.08003905
694057,0.9823988
694058,0.020665687
694059,0.5821405
694060,0.020331597
694061,0.1375002
694062,0.9859221
694063,0.9080235
694064,0.0042332476
694065,0.08126901
694066,0.7892464
694067,0.75584453
694068,0.9940219
694069,0.08764069
694070,0.019016352
694071,0.19028841
694072,0.033763755
694073,0.2621584
694074,0.12134566
694075,0.9352315
694076,0.0034615411
694077,0.03989335
694078,0.9061412
694079,0.040884465
694080,0.21420377
694081,0.98119223
694082,0.4552065
694083,0.987285
694084,0.062149853
694085,0.021906486
694086,0.033598043
694087,0.3134918
694088,0.0012924034
694089,0.9820777
694090,0.0030031125
694091,0.3607492
694092,0.97418505
694093,0.015862968
694094,0.81762534
694095,0.9960084
694096,0.97051376
694097,0.9635285
694098,0.44618374
694099,0.12501271
694100,0.97636175
694101,0.96062857
694102,0.9803017
694103,0.31170097
694104,0.99931514
694105,0.004671175
694106,0.3288649
694107,0.08765085
694108,0.3058681
694109,0.44806653
694110,0.021476619
694111,0.9626925
694112,0.008111446
694113,0.9956793
694114,0.11736308
694115,0.014069653
694116,0.943318
694117,0.99539477
694118,0.013575917
694119,0.84044015
694120,0.015511811
694121,0.96363354
694122,0.99744815
694123,0.96000046
694124,0.012853827
694125,0.9958067
694126,0.020123038
694127,0.9948391
694128,0.030628504
694129,0.89127994
694130,0.8653723
694131,0.0025142045
694132,0.96857774
694133,0.95618355
694134,0.94966424
694135,0.34198955
694136,0.98192334
694137,0.557931
694138,0.43483785
694139,0.52725405
694140,0.99958825
694141,0.96261406
694142,0.97437155
694143,0.0963323
694144,0.31569988
694145,0.9360305
694146,0.5263426
694147,0.48465168
694148,0.040411323
694149,0.09093572
694150,0.99361587
694151,0.10495417
694152,0.9911208
694153,0.0067915376
694154,0.0113862585
694155,0.17518067
694156,0.010283337
694157,0.012255877
694158,0.88270736
694159,0.99681777
694160,0.98732865
694161,0.65186775
694162,0.03481652
694163,0.09903847
694164,0.46720904
694165,0.2254684
694166,0.016702104
694167,0.33209875
694168,0.15093552
694169,0.012673739
694170,0.86924934
694171,0.94001263
694172,0.2511986
694173,0.34882435
694174,0.9841528
694175,0.49272525
694176,0.156798
694177,0.19755551
694178,0.826462
694179,0.99583423
694180,0.010033687
694181,0.6498573
694182,0.8222369
694183,0.5223408
694184,0.97596467
694185,0.044503596
694186,0.026460085
694187,0.30151019
694188,0.0041960613
694189,0.60027266
694190,0.96064395
694191,0.017590966
694192,0.116317496
694193,0.4912387
694194,0.101735994
694195,0.10505788
694196,0.23712558
694197,0.35063672
694198,0.09737083
694199,0.18215019
694200,0.99091804
694201,0.40304697
694202,0.95065796
694203,0.03549668
694204,0.9512903
694205,0.2308017
694206,0.055299245
694207,0.009888971
694208,0.9260369
694209,0.0057470873
694210,0.026765496
694211,0.0074436413
694212,0.042619612
694213,0.039030496
694214,0.88617635
694215,0.021531792
694216,0.14636195
694217,0.004056147
694218,0.99209344
694219,0.015773084
694220,0.95141715
694221,0.16928285
694222,0.2583393
694223,0.03603698
694224,0.9832853
694225,0.019206267
694226,0.006460765
694227,0.9609244
694228,0.9996705
694229,0.49965823
694230,0.2936528
694231,0.9129371
694232,0.17179611
694233,0.51573396
694234,0.15337002
694235,0.8289766
694236,0.8625114
694237,0.9446151
694238,0.9507394
694239,0.17940085
694240,0.06386708
694241,0.955122
694242,0.0029255943
694243,0.021465644
694244,0.98074996
694245,0.11690582
694246,0.6147863
694247,0.8655655
694248,0.07257917
694249,0.99669695
694250,0.05228928
694251,0.02464072
694252,0.9276229
694253,0.017607994
694254,0.014408027
694255,0.9924
694256,0.94017696
694257,0.99894613
694258,0.0014110394
694259,0.78221285
694260,0.9967746
694261,0.019131059
694262,0.9847753
694263,0.32514748
694264,0.90402937
694265,0.21550775
694266,0.17670316
694267,0.011817062
694268,0.023251921
694269,0.016806588
694270,0.6291009
694271,0.6042787
694272,0.009960455
694273,0.99802256
694274,0.017638197
694275,0.8564689
694276,0.022253009
694277,0.06757896
694278,0.0859699
694279,0.25340247
694280,0.0093093645
694281,0.6067483
694282,0.87066066
694283,0.17388743
694284,0.16265924
694285,0.50480705
694286,0.1013266
694287,0.057620436
694288,0.8077991
694289,0.9954229
694290,0.0017299391
694291,0.0757847
694292,0.005799625
694293,0.056741588
694294,0.9464052
694295,0.04769087
694296,0.010317892
694297,0.027911687
694298,0.0046155993
694299,0.82391965
694300,0.95348346
694301,0.57096434
694302,0.03346954
694303,0.2610049
694304,0.22480707
694305,0.9168121
694306,0.007344131
694307,0.7412484
694308,0.09862444
694309,0.5654227
694310,0.25415677
694311,0.0096685765
694312,0.98278815
694313,0.7042292
694314,0.4836696
694315,0.006583297
694316,0.03487026
694317,0.8954128
694318,0.055549704
694319,0.58367395
694320,0.023442054
694321,0.3014113
694322,0.45387584
694323,0.0058439923
694324,0.42032683
694325,0.0058061993
694326,0.9931078
694327,0.04919275
694328,0.9913626
694329,0.020812145
694330,0.009208777
694331,0.010978139
694332,0.013405979
694333,0.039117333
694334,0.10062194
694335,0.8084552
694336,0.04498935
694337,0.008758166
694338,0.04742866
694339,0.9152621
694340,0.9251059
694341,0.6511026
694342,0.9809552
694343,0.17091322
694344,0.0019199585
694345,0.8236154
694346,0.87981033
694347,0.9954021
694348,0.5373274
694349,0.9953966
694350,0.5258665
694351,0.97765666
694352,0.98081553
694353,0.9918414
694354,0.9989089
694355,0.9026471
694356,0.99379885
694357,0.8676531
694358,0.99862075
694359,0.02837441
694360,0.3384149
694361,0.07584858
694362,0.0028497025
694363,0.97083783
694364,0.07235706
694365,0.23075444
694366,0.058428545
694367,0.9693505
694368,0.9628519
694369,0.054772206
694370,0.82812154
694371,0.019300425
694372,0.9843265
694373,0.009356621
694374,0.37079096
694375,0.0191831
694376,0.041769516
694377,0.3315363
694378,0.9781797
694379,0.95734656
694380,0.09529887
694381,0.004775222
694382,0.004734108
694383,0.9264227
694384,0.1688503
694385,0.8894936
694386,0.54646325
694387,0.5130163
694388,0.028520053
694389,0.9849651
694390,0.76047385
694391,0.9900714
694392,0.02148737
694393,0.018334778
694394,0.36626267
694395,0.15089248
694396,0.021204233
694397,0.45032778
694398,0.7490776
694399,0.028718501
694400,0.03576243
694401,0.99984777
694402,0.0800891
694403,0.017911764
694404,0.9964725
694405,0.030125791
694406,0.3302949
694407,0.42465585
694408,0.076176226
694409,0.98974854
694410,0.022113372
694411,0.99869657
694412,0.006027785
694413,0.9868916
694414,0.98983264
694415,0.6272738
694416,0.9629754
694417,0.99452627
694418,0.9452896
694419,0.8331109
694420,0.002708749
694421,0.7266084
694422,0.5067016
694423,0.82648486
694424,0.8901592
694425,0.7808802
694426,0.21631402
694427,0.031569142
694428,0.00307043
694429,0.95630884
694430,0.021962287
694431,0.89827883
694432,0.893168
694433,0.02954726
694434,0.99742955
694435,0.07293552
694436,0.048511554
694437,0.9358907
694438,0.002999918
694439,0.9857979
694440,0.99299335
694441,0.5533925
694442,0.008977434
694443,0.002968968
694444,0.53953266
694445,0.98877585
694446,0.09671724
694447,0.22671057
694448,0.96808505
694449,0.99471945
694450,0.96647286
694451,0.9943562
694452,0.97052664
694453,0.003537451
694454,0.04544467
694455,0.9933577
694456,0.0017103883
694457,0.9481504
694458,0.96506774
694459,0.99054766
694460,0.5172127
694461,0.9891171
694462,0.03528436
694463,0.01726186
694464,0.48170987
694465,0.78959626
694466,0.0025804937
694467,0.025127947
694468,0.9915984
694469,0.99597764
694470,0.8451865
694471,0.04496357
694472,0.09044986
694473,0.9882412
694474,0.023748782
694475,0.01692145
694476,0.04925766
694477,0.5372158
694478,0.013270812
694479,0.76722467
694480,0.062231407
694481,0.26126412
694482,0.049062937
694483,0.0028352288
694484,0.39950666
694485,0.0044658766
694486,0.5525981
694487,0.85659134
694488,0.047125593
694489,0.70703363
694490,0.98408
694491,0.005497239
694492,0.9662609
694493,0.9289139
694494,0.0035972183
694495,0.42531276
694496,0.09633125
694497,0.028155418
694498,0.97139925
694499,0.94669354
694500,0.20661786
694501,0.18159238
694502,0.3863353
694503,0.14716019
694504,0.013153151
694505,0.06188465
694506,0.108040854
694507,0.010449516
694508,0.40952837
694509,0.035759427
694510,0.99780446
694511,0.081503555
694512,0.779623
694513,0.96108127
694514,0.88921785
694515,0.98784596
694516,0.91541046
694517,0.095037416
694518,0.9670094
694519,0.0080683585
694520,0.99711275
694521,0.98923856
694522,0.9917588
694523,0.0019599597
694524,0.016358864
694525,0.02912445
694526,0.1750806
694527,0.00789099
694528,0.9995242
694529,0.15977737
694530,0.029595234
694531,0.08993009
694532,0.46409994
694533,0.95752484
694534,0.13259378
694535,0.9954257
694536,0.004769137
694537,0.18665418
694538,0.49778676
694539,0.9950288
694540,0.0036101276
694541,0.98011905
694542,0.10110997
694543,0.019919204
694544,0.018505182
694545,0.011180259
694546,0.021456564
694547,0.039211784
694548,0.9882461
694549,0.024383612
694550,0.67709124
694551,0.02637072
694552,0.8219387
694553,0.13000032
694554,0.5650681
694555,0.19074237
694556,0.99332845
694557,0.053866517
694558,0.9848306
694559,0.02110656
694560,0.048333794
694561,0.021662436
694562,0.9562186
694563,0.27976704
694564,0.4611531
694565,0.4257459
694566,0.01592324
694567,0.5666172
694568,0.88966805
694569,0.11565961
694570,0.2594096
694571,0.006657033
694572,0.95975316
694573,0.013270767
694574,0.2583715
694575,0.033977572
694576,0.27085596
694577,0.017817752
694578,0.35377613
694579,0.97978145
694580,0.2962369
694581,0.34293032
694582,0.050255664
694583,0.2242718
694584,0.9575709
694585,0.9641001
694586,0.103781186
694587,0.0013388926
694588,0.5454375
694589,0.8400086
694590,0.004390307
694591,0.92374086
694592,0.94474405
694593,0.995419
694594,0.0027038264
694595,0.9897747
694596,0.8611877
694597,0.8942665
694598,0.045332167
694599,0.08450094
694600,0.5405779
694601,0.03347129
694602,0.86211026
694603,0.97065413
694604,0.0528653
694605,0.043355547
694606,0.019481152
694607,0.94738
694608,0.9882736
694609,0.0045178523
694610,0.06940069
694611,0.04020434
694612,0.9766959
694613,0.07168336
694614,0.9307341
694615,0.14486091
694616,0.72590244
694617,0.97536343
694618,0.006501898
694619,0.8043731
694620,0.0618394
694621,0.9906219
694622,0.05607588
694623,0.02920347
694624,0.027796526
694625,0.016206674
694626,0.038698714
694627,0.9939749
694628,0.010821432
694629,0.94667417
694630,0.023258993
694631,0.59619695
694632,0.96875036
694633,0.015869746
694634,0.0069663078
694635,0.030513335
694636,0.50554097
694637,0.27376387
694638,0.010317658
694639,0.99221534
694640,0.112451315
694641,0.9971733
694642,0.9658593
694643,0.025015168
694644,0.119327776
694645,0.99587125
694646,0.999136
694647,0.99896944
694648,0.5056064
694649,0.93693745
694650,0.99655867
694651,0.052674007
694652,0.043770723
694653,0.9451077
694654,0.46410683
694655,0.97193193
694656,0.06780375
694657,0.027850073
694658,0.003873778
694659,0.101695046
694660,0.2570002
694661,0.057459053
694662,0.9310845
694663,0.98425025
694664,0.8553301
694665,0.07966915
694666,0.99490476
694667,0.9946424
694668,0.9700977
694669,0.0777737
694670,0.9920006
694671,0.08703685
694672,0.0027665684
694673,0.056904078
694674,0.73295796
694675,0.20377445
694676,0.17510752
694677,0.026176672
694678,0.009674121
694679,0.8373641
694680,0.9665727
694681,0.8362785
694682,0.007884996
694683,0.02472494
694684,0.9622576
694685,0.9448909
694686,0.99625
694687,0.9889038
694688,0.51739454
694689,0.99451923
694690,0.9007913
694691,0.99299705
694692,0.04682276
694693,0.9778618
694694,0.99588597
694695,0.99292684
694696,0.99241143
694697,0.36895758
694698,0.99619204
694699,0.01053416
694700,0.024385469
694701,0.039662924
694702,0.9981981
694703,0.01914424
694704,0.037948035
694705,0.6550689
694706,0.6980617
694707,0.9874533
694708,0.9421277
694709,0.054395095
694710,0.27272132
694711,0.046181694
694712,0.8465936
694713,0.018907672
694714,0.95474976
694715,0.96897715
694716,0.9842018
694717,0.061602663
694718,0.08576473
694719,0.4693539
694720,0.10232362
694721,0.97992957
694722,0.021238536
694723,0.9731887
694724,0.050820343
694725,0.8548581
694726,0.094741225
694727,0.010694635
694728,0.035035916
694729,0.94154614
694730,0.009937905
694731,0.017889421
694732,0.015835708
694733,0.98802924
694734,0.9789432
694735,0.002323818
694736,0.054665584
694737,0.20379181
694738,0.99078435
694739,0.017384818
694740,0.022754729
694741,0.051333133
694742,0.0049937665
694743,0.12988931
694744,0.30425522
694745,0.9968772
694746,0.006300697
694747,0.41170123
694748,0.10325085
694749,0.9945936
694750,0.5527945
694751,0.4423501
694752,0.23779121
694753,0.0074791727
694754,0.9874696
694755,0.9822651
694756,0.33604172
694757,0.6545895
694758,0.016060602
694759,0.864979
694760,0.008356221
694761,0.050040413
694762,0.103212
694763,0.99979156
694764,0.89773023
694765,0.9263066
694766,0.028876431
694767,0.9853108
694768,0.4311238
694769,0.99014384
694770,0.026165117
694771,0.042021003
694772,0.9962912
694773,0.9659677
694774,0.72700816
694775,0.6186971
694776,0.7837753
694777,0.9947426
694778,0.94682926
694779,0.9942228
694780,0.9911088
694781,0.99887115
694782,0.7028826
694783,0.040033516
694784,0.021683682
694785,0.2423555
694786,0.004744214
694787,0.9132007
694788,0.98051775
694789,0.074368715
694790,0.24024421
694791,0.4076838
694792,0.9921377
694793,0.77528644
694794,0.005819068
694795,0.71898353
694796,0.97223675
694797,0.046226576
694798,0.9716768
694799,0.9214302
694800,0.0035091052
694801,0.062443547
694802,0.5031121
694803,0.059184585
694804,0.9286512
694805,0.90853184
694806,0.74785364
694807,0.2951024
694808,0.99368435
694809,0.32091647
694810,0.9943742
694811,0.21677075
694812,0.66184604
694813,0.5007491
694814,0.012190176
694815,0.7483765
694816,0.8720386
694817,0.86733675
694818,0.027721412
694819,0.8412187
694820,0.06188887
694821,0.004651187
694822,0.014044728
694823,0.7875701
694824,0.728419
694825,0.9859266
694826,0.038267206
694827,0.7878435
694828,0.065410376
694829,0.0038363324
694830,0.09644311
694831,0.97910935
694832,0.560279
694833,0.018192068
694834,0.9982959
694835,0.27572405
694836,0.01073636
694837,0.0246072
694838,0.46080947
694839,0.15779838
694840,0.033527605
694841,0.013603372
694842,0.044393007
694843,0.7932446
694844,0.87903297
694845,0.99774337
694846,0.007973501
694847,0.19410758
694848,0.23466162
694849,0.66442776
694850,0.0032557324
694851,0.027176538
694852,0.020601027
694853,0.07173236
694854,0.9925326
694855,0.7800429
694856,0.81451625
694857,0.067623645
694858,0.70498264
694859,0.48994443
694860,0.9959133
694861,0.021146305
694862,0.07166991
694863,0.8905555
694864,0.021638734
694865,0.9930293
694866,0.9972905
694867,0.9909723
694868,0.5888536
694869,0.028901372
694870,0.9980851
694871,0.045766726
694872,0.9095824
694873,0.9672656
694874,0.19350883
694875,0.81126416
694876,0.11078499
694877,0.01976832
694878,0.1447364
694879,0.5624597
694880,0.033752464
694881,0.77831346
694882,0.97215384
694883,0.1515077
694884,0.9923334
694885,0.96073395
694886,0.02590626
694887,0.021968497
694888,0.9360498
694889,0.18762761
694890,0.6224711
694891,0.98480284
694892,0.02959047
694893,0.023325047
694894,0.9912245
694895,0.17652646
694896,0.01441207
694897,0.015615026
694898,0.5735327
694899,0.041937184
694900,0.92752814
694901,0.084133565
694902,0.23060784
694903,0.67429996
694904,0.9936087
694905,0.9749056
694906,0.06718057
694907,0.5635919
694908,0.02068754
694909,0.6310387
694910,0.36744654
694911,0.6193205
694912,0.09674376
694913,0.7486298
694914,0.032768756
694915,0.01923053
694916,0.4062791
694917,0.008706179
694918,0.9422505
694919,0.71597177
694920,0.024937486
694921,0.9848623
694922,0.7059683
694923,0.38065785
694924,0.8716663
694925,0.006519119
694926,0.07516275
694927,0.06256616
694928,0.002968196
694929,0.03158299
694930,0.6702944
694931,0.7280427
694932,0.92293847
694933,0.31221235
694934,0.046097808
694935,0.91057533
694936,0.71937084
694937,0.5463529
694938,0.0073692086
694939,0.9963642
694940,0.38277453
694941,0.18519239
694942,0.12170582
694943,0.9501576
694944,0.47785187
694945,0.022916157
694946,0.045789376
694947,0.9884166
694948,0.22013065
694949,0.004510886
694950,0.028977888
694951,0.96745867
694952,0.04457371
694953,0.97315013
694954,0.0028388149
694955,0.80003834
694956,0.83348197
694957,0.07262009
694958,0.0028259996
694959,0.025467938
694960,0.9604166
694961,0.8705987
694962,0.08406224
694963,0.6083637
694964,0.03677652
694965,0.32868364
694966,0.87468827
694967,0.456276
694968,0.017168887
694969,0.82054025
694970,0.94938356
694971,0.9991027
694972,0.9966216
694973,0.017520532
694974,0.016634181
694975,0.0051291077
694976,0.01277646
694977,0.08442658
694978,0.9283632
694979,0.020732021
694980,0.010284743
694981,0.84318906
694982,0.97465026
694983,0.74931324
694984,0.039837383
694985,0.7019452
694986,0.9426759
694987,0.17793874
694988,0.03355714
694989,0.37915272
694990,0.01702886
694991,0.11621773
694992,0.0099485675
694993,0.75788
694994,0.6091913
694995,0.06874542
694996,0.003169646
694997,0.010570985
694998,0.024752809
694999,0.99326694
695000,0.7108052
695001,0.57480025
695002,0.04183422
695003,0.8468884
695004,0.97218955
695005,0.22830883
695006,0.87135303
695007,0.9977806
695008,0.014576563
695009,0.052405894
695010,0.1396545
695011,0.015029892
695012,0.01834391
695013,0.98649347
695014,0.010758337
695015,0.6712736
695016,0.7564044
695017,0.9779478
695018,0.9812145
695019,0.7759907
695020,0.04709504
695021,0.6726637
695022,0.37529975
695023,0.069953315
695024,0.823514
695025,0.8970195
695026,0.08295822
695027,0.009937344
695028,0.9274483
695029,0.66777146
695030,0.029514004
695031,0.1451638
695032,0.048758537
695033,0.0081572775
695034,0.022668313
695035,0.8627601
695036,0.9067894
695037,0.21927874
695038,0.7442109
695039,0.018559141
695040,0.014651571
695041,0.675663
695042,0.67627156
695043,0.010560285
695044,0.039582998
695045,0.01384482
695046,0.22901043
695047,0.0720359
695048,0.012258375
695049,0.9976088
695050,0.99473256
695051,0.81106466
695052,0.97583216
695053,0.069122784
695054,0.87239856
695055,0.9702394
695056,0.734246
695057,0.4150918
695058,0.018877126
695059,0.74811417
695060,0.013979859
695061,0.8012933
695062,0.7519327
695063,0.68635225
695064,0.8324027
695065,0.3887749
695066,0.006456246
695067,0.37685964
695068,0.01928724
695069,0.9706142
695070,0.07506709
695071,0.21247089
695072,0.9366317
695073,0.9809639
695074,0.043331433
695075,0.00074872543
695076,0.16990668
695077,0.93875635
695078,0.9088471
695079,0.48734194
695080,0.04023441
695081,0.015448677
695082,0.4455596
695083,0.97490686
695084,0.7166097
695085,0.28512675
695086,0.98925734
695087,0.9924325
695088,0.5241068
695089,0.8752141
695090,0.726734
695091,0.0970096
695092,0.10559171
695093,0.48039234
695094,0.014659212
695095,0.0132167535
695096,0.009906653
695097,0.98312855
695098,0.06775649
695099,0.007461385
695100,0.05560049
695101,0.76799756
695102,0.00924759
695103,0.01150496
695104,0.055236097
695105,0.32616952
695106,0.019276727
695107,0.6024628
695108,0.08866025
695109,0.403571
695110,0.98816586
695111,0.020169036
695112,0.014337851
695113,0.11699235
695114,0.9696964
695115,0.02259619
695116,0.95383227
695117,0.43192178
695118,0.8824139
695119,0.32471445
695120,0.0127743445
695121,0.9175823
695122,0.15211718
695123,0.28925577
695124,0.61888874
695125,0.07679248
695126,0.004023306
695127,0.27525562
695128,0.06689065
695129,0.09910028
695130,0.0044969916
695131,0.99798054
695132,0.9372288
695133,0.6621505
695134,0.89836144
695135,0.15150028
695136,0.016922023
695137,0.065796286
695138,0.80437833
695139,0.09273117
695140,0.047769237
695141,0.025258692
695142,0.98341554
695143,0.014374959
695144,0.29030448
695145,0.03184136
695146,0.020788582
695147,0.26624897
695148,0.23458299
695149,0.00337687
695150,0.26598048
695151,0.5192952
695152,0.017613936
695153,0.46580106
695154,0.03437211
695155,0.98892325
695156,0.8238337
695157,0.012239414
695158,0.011277706
695159,0.024265049
695160,0.023175558
695161,0.051725727
695162,0.9255337
695163,0.30121508
695164,0.0029711341
695165,0.7111376
695166,0.63621795
695167,0.27419347
695168,0.9828145
695169,0.8891393
695170,0.42782924
695171,0.055556636
695172,0.9300441
695173,0.07681292
695174,0.023335932
695175,0.25876024
695176,0.0064885886
695177,0.013982808
695178,0.072095625
695179,0.046168167
695180,0.9731259
695181,0.12491619
695182,0.7998501
695183,0.2467792
695184,0.061362263
695185,0.76385564
695186,0.43353677
695187,0.96680516
695188,0.029257132
695189,0.19095647
695190,0.9872595
695191,0.98769224
695192,0.25426626
695193,0.8332389
695194,0.0018940279
695195,0.020483578
695196,0.012576098
695197,0.024051603
695198,0.06649259
695199,0.0071659153
695200,0.7188006
695201,0.113209166
695202,0.80830556
695203,0.16726597
695204,0.01796609
695205,0.3210256
695206,0.13400835
695207,0.036291603
695208,0.96866024
695209,0.98708355
695210,0.32897875
695211,0.1349277
695212,0.8878815
695213,0.59294224
695214,0.17458594
695215,0.8880577
695216,0.9172461
695217,0.06395868
695218,0.85367465
695219,0.12868194
695220,0.007261135
695221,0.8877842
695222,0.021627242
695223,0.8271891
695224,0.9986604
695225,0.02577383
695226,0.030505596
695227,0.10804771
695228,0.9416294
695229,0.8793732
695230,0.009147449
695231,0.849547
695232,0.0016907109
695233,0.9535839
695234,0.38192317
695235,0.08012884
695236,0.018291397
695237,0.96499777
695238,0.99124455
695239,0.971155
695240,0.0159975
695241,0.3208834
695242,0.88965464
695243,0.15352231
695244,0.16348425
695245,0.980588
695246,0.9529503
695247,0.7181526
695248,0.62425447
695249,0.006459541
695250,0.71568656
695251,0.9227374
695252,0.07731864
695253,0.9822502
695254,0.03802573
695255,0.16487747
695256,0.16600548
695257,0.06325546
695258,0.9997224
695259,0.35870183
695260,0.0634546
695261,0.96821964
695262,0.9929693
695263,0.13821697
695264,0.7096158
695265,0.16699024
695266,0.9914662
695267,0.07297412
695268,0.10772757
695269,0.99363285
695270,0.05031638
695271,0.013033641
695272,0.99862856
695273,0.82377905
695274,0.9987491
695275,0.9739981
695276,0.008007551
695277,0.20429385
695278,0.72340065
695279,0.9981524
695280,0.14046082
695281,0.005968
695282,0.10407885
695283,0.9101833
695284,0.21625955
695285,0.5363909
695286,0.3027293
695287,0.91551876
695288,0.0052399943
695289,0.002302082
695290,0.20168824
695291,0.06869017
695292,0.28301865
695293,0.12631556
695294,0.015399203
695295,0.017513182
695296,0.8357451
695297,0.10512409
695298,0.997496
695299,0.14979488
695300,0.10622702
695301,0.92783916
695302,0.04268472
695303,0.003114935
695304,0.9871784
695305,0.09530215
695306,0.40850818
695307,0.9792005
695308,0.938509
695309,0.9474498
695310,0.012028875
695311,0.02461504
695312,0.0021797768
695313,0.32953554
695314,0.36434734
695315,0.20557413
695316,0.0736084
695317,0.021883179
695318,0.87525576
695319,0.88784355
695320,0.15213078
695321,0.011454807
695322,0.14636263
695323,0.5600755
695324,0.06311631
695325,0.48027098
695326,0.018760867
695327,0.024737062
695328,0.10303824
695329,0.9498959
695330,0.09078437
695331,0.996365
695332,0.07339753
695333,0.9899598
695334,0.04045175
695335,0.17126253
695336,0.91886854
695337,0.9739641
695338,0.99818736
695339,0.20480956
695340,0.020349208
695341,0.1647634
695342,0.04713678
695343,0.80724025
695344,0.058794532
695345,0.99737144
695346,0.92266524
695347,0.9888659
695348,0.07462767
695349,0.010055643
695350,0.39422974
695351,0.78865695
695352,0.9939009
695353,0.025010835
695354,0.86688596
695355,0.015721643
695356,0.010018222
695357,0.4554404
695358,0.06266822
695359,0.03340864
695360,0.008644168
695361,0.010221753
695362,0.106449455
695363,0.83374155
695364,0.6832715
695365,0.008747206
695366,0.9879171
695367,0.9602257
695368,0.48858604
695369,0.050070826
695370,0.42647186
695371,0.8582789
695372,0.19526099
695373,0.062607035
695374,0.019224863
695375,0.93114334
695376,0.86299676
695377,0.03202334
695378,0.2894412
695379,0.9980107
695380,0.076013565
695381,0.8118757
695382,0.030353662
695383,0.52388746
695384,0.26326004
695385,0.4866
695386,0.86079895
695387,0.027565073
695388,0.060767923
695389,0.9285105
695390,0.027918223
695391,0.908999
695392,0.5409737
695393,0.01021264
695394,0.99030507
695395,0.25617933
695396,0.54537404
695397,0.097333215
695398,0.029595288
695399,0.013645155
695400,0.22829168
695401,0.03336881
695402,0.0768058
695403,0.024019383
695404,0.025264364
695405,0.05927485
695406,0.9680313
695407,0.0054091187
695408,0.99150276
695409,0.0364472
695410,0.02083249
695411,0.3330198
695412,0.003164209
695413,0.009447809
695414,0.03608234
695415,0.06413674
695416,0.9829498
695417,0.22007293
695418,0.07800278
695419,0.9974177
695420,0.820761
695421,0.91528964
695422,0.0113374265
695423,0.9981476
695424,0.99130607
695425,0.9062998
695426,0.048364796
695427,0.9285119
695428,0.7588438
695429,0.453907
695430,0.9762958
695431,0.012423056
695432,0.72787493
695433,0.4860023
695434,0.16090648
695435,0.007908714
695436,0.011815977
695437,0.02359677
695438,0.93980193
695439,0.94502705
695440,0.8682024
695441,0.67627037
695442,0.8207539
695443,0.036072984
695444,0.9865683
695445,0.9716197
695446,0.27940255
695447,0.0888391
695448,0.032045078
695449,0.9904504
695450,0.81353813
695451,0.83404976
695452,0.24386257
695453,0.94654447
695454,0.044979345
695455,0.025141113
695456,0.019065427
695457,0.9616199
695458,0.18638633
695459,0.118554026
695460,0.11000514
695461,0.36155662
695462,0.045523647
695463,0.99675083
695464,0.011806663
695465,0.9907092
695466,0.53660405
695467,0.98533463
695468,0.9739387
695469,0.630671
695470,0.802672
695471,0.14515182
695472,0.9427364
695473,0.9875687
695474,0.03952197
695475,0.96127695
695476,0.009564804
695477,0.055518802
695478,0.030126482
695479,0.9874327
695480,0.9674927
695481,0.9766692
695482,0.93376255
695483,0.95474875
695484,0.23810439
695485,0.124466985
695486,0.29041713
695487,0.10272737
695488,0.97710997
695489,0.9945103
695490,0.023397878
695491,0.18290707
695492,0.9620115
695493,0.977223
695494,0.9824916
695495,0.9920672
695496,0.99491596
695497,0.028050566
695498,0.33483046
695499,0.005944364
695500,0.9970976
695501,0.915659
695502,0.9858586
695503,0.9724814
695504,0.65000576
695505,0.86970925
695506,0.89640737
695507,0.94575536
695508,0.48892987
695509,0.9929774
695510,0.02405005
695511,0.84419477
695512,0.68604064
695513,0.0022453202
695514,0.009984173
695515,0.0069240285
695516,0.070227325
695517,0.013960704
695518,0.9230374
695519,0.9876245
695520,0.013452547
695521,0.98417526
695522,0.01875196
695523,0.23971264
695524,0.9920125
695525,0.11896991
695526,0.9869152
695527,0.073027305
695528,0.0068029156
695529,0.4800058
695530,0.53973705
695531,0.9954365
695532,0.9416467
695533,0.99152994
695534,0.008106775
695535,0.9144623
695536,0.9957344
695537,0.92929214
695538,0.9536543
695539,0.98242337
695540,0.8729024
695541,0.9839348
695542,0.0022863736
695543,0.9802843
695544,0.012867885
695545,0.079658255
695546,0.987646
695547,0.9178721
695548,0.13183817
695549,0.9858279
695550,0.99565256
695551,0.9844446
695552,0.051399518
695553,0.40755308
695554,0.99310863
695555,0.96445394
695556,0.03093632
695557,0.21260867
695558,0.2892642
695559,0.9522202
695560,0.6605063
695561,0.19606504
695562,0.9849662
695563,0.99426293
695564,0.40764916
695565,0.932916
695566,0.01234922
695567,0.11462808
695568,0.017705915
695569,0.016342673
695570,0.019961452
695571,0.81658435
695572,0.9914603
695573,0.5392676
695574,0.009376987
695575,0.79604995
695576,0.3433238
695577,0.0034140793
695578,0.0064730104
695579,0.34413096
695580,0.9638932
695581,0.91333956
695582,0.008031954
695583,0.19125181
695584,0.06823266
695585,0.91957057
695586,0.4636415
695587,0.26734644
695588,0.07981666
695589,0.020004809
695590,0.9424951
695591,0.008641339
695592,0.012082173
695593,0.6873013
695594,0.17290908
695595,0.8482543
695596,0.0672677
695597,0.48967603
695598,0.99620277
695599,0.361393
695600,0.016104493
695601,0.99703246
695602,0.018782966
695603,0.98650765
695604,0.99640036
695605,0.94305706
695606,0.07188685
695607,0.9612187
695608,0.056918405
695609,0.024471395
695610,0.22784188
695611,0.97788846
695612,0.03275776
695613,0.99708074
695614,0.9261226
695615,0.10231625
695616,0.89809287
695617,0.98782384
695618,0.2443317
695619,0.8385227
695620,0.061510988
695621,0.97600317
695622,0.9946233
695623,0.9402332
695624,0.029324312
695625,0.43221486
695626,0.03529714
695627,0.9919497
695628,0.5791013
695629,0.43644154
695630,0.13693866
695631,0.12090206
695632,0.08455961
695633,0.9782381
695634,0.027908819
695635,0.9973104
695636,0.028451005
695637,0.9530612
695638,0.9970794
695639,0.011812973
695640,0.0035965685
695641,0.9847882
695642,0.5991297
695643,0.6792093
695644,0.9381768
695645,0.97031826
695646,0.96971816
695647,0.7712829
695648,0.9899275
695649,0.036744006
695650,0.027000107
695651,0.9557136
695652,0.7252363
695653,0.5544193
695654,0.0034981705
695655,0.017444918
695656,0.83583003
695657,0.0052578864
695658,0.9875434
695659,0.61659265
695660,0.99033695
695661,0.005208102
695662,0.046190906
695663,0.032436483
695664,0.2012515
695665,0.20033875
695666,0.0026526283
695667,0.99633235
695668,0.77856094
695669,0.9820404
695670,0.05025869
695671,0.016305821
695672,0.63425964
695673,0.9750343
695674,0.034114517
695675,0.9104425
695676,0.011858051
695677,0.0575644
695678,0.23037244
695679,0.86726665
695680,0.79438525
695681,0.90062016
695682,0.23801728
695683,0.46563554
695684,0.037648693
695685,0.99925447
695686,0.0067908997
695687,0.044939745
695688,0.899603
695689,0.006013261
695690,0.009225622
695691,0.85670185
695692,0.97005737
695693,0.97892797
695694,0.19432966
695695,0.88007027
695696,0.9129305
695697,0.8868865
695698,0.052099258
695699,0.0823595
695700,0.63490754
695701,0.03814786
695702,0.0033820253
695703,0.04271005
695704,0.43377623
695705,0.8625004
695706,0.30515534
695707,0.85082424
695708,0.031384878
695709,0.09181467
695710,0.054809928
695711,0.063547134
695712,0.015479989
695713,0.4690228
695714,0.98585653
695715,0.45014888
695716,0.9966624
695717,0.21274033
695718,0.96432894
695719,0.071746215
695720,0.6528796
695721,0.9783508
695722,0.9258222
695723,0.94544965
695724,0.09207162
695725,0.525874
695726,0.8655066
695727,0.98521286
695728,0.9952073
695729,0.79735374
695730,0.9305063
695731,0.98607934
695732,0.85205615
695733,0.16117306
695734,0.022828287
695735,0.45873284
695736,0.5652331
695737,0.060565263
695738,0.9249447
695739,0.3820949
695740,0.43951204
695741,0.9513588
695742,0.033211455
695743,0.9709109
695744,0.0075050495
695745,0.026887178
695746,0.3517253
695747,0.0063653197
695748,0.06341157
695749,0.9878624
695750,0.3276997
695751,0.027906924
695752,0.0451225
695753,0.7968412
695754,0.032914013
695755,0.9929013
695756,0.9934532
695757,0.94254804
695758,0.92396456
695759,0.9635739
695760,0.96997964
695761,0.94199485
695762,0.9910115
695763,0.973525
695764,0.9984659
695765,0.9943981
695766,0.009740118
695767,0.98595166
695768,0.6970001
695769,0.9809945
695770,0.03591862
695771,0.87626344
695772,0.35538793
695773,0.9718958
695774,0.024027672
695775,0.026112556
695776,0.90313566
695777,0.90023196
695778,0.96178263
695779,0.13259557
695780,0.0031533574
695781,0.99969536
695782,0.11573002
695783,0.18229094
695784,0.25933465
695785,0.010693688
695786,0.016890328
695787,0.04792196
695788,0.016836764
695789,0.9058147
695790,0.9781363
695791,0.9455441
695792,0.36814195
695793,0.9983348
695794,0.9540229
695795,0.570618
695796,0.13023588
695797,0.099234685
695798,0.91383874
695799,0.04975566
695800,0.8956696
695801,0.026169313
695802,0.14730804
695803,0.46846035
695804,0.059479665
695805,0.0021209856
695806,0.9908775
695807,0.7671907
695808,0.9874585
695809,0.9964401
695810,0.04896818
695811,0.3101879
695812,0.8409389
695813,0.8568995
695814,0.9940957
695815,0.082954615
695816,0.09246578
695817,0.9805049
695818,0.04377082
695819,0.92967045
695820,0.9979502
695821,0.8031771
695822,0.114212126
695823,0.9965666
695824,0.028828798
695825,0.0076975846
695826,0.08706705
695827,0.0073757214
695828,0.020237017
695829,0.88906986
695830,0.8960735
695831,0.08800481
695832,0.3232342
695833,0.048065804
695834,0.014733489
695835,0.013819516
695836,0.99233
695837,0.012777941
695838,0.8547444
695839,0.17160843
695840,0.00838916
695841,0.014305176
695842,0.6060517
695843,0.9612284
695844,0.8305074
695845,0.37532914
695846,0.08096631
695847,0.9747348
695848,0.654953
695849,0.98592776
695850,0.0062448164
695851,0.052700747
695852,0.9639503
695853,0.9931984
695854,0.6818977
695855,0.03694122
695856,0.78371227
695857,0.005328078
695858,0.008250922
695859,0.47061586
695860,0.0030577662
695861,0.82706285
695862,0.90150946
695863,0.9537118
695864,0.0050054966
695865,0.4974041
695866,0.7408371
695867,0.99250126
695868,0.0050662057
695869,0.9721685
695870,0.24362624
695871,0.007803487
695872,0.83933544
695873,0.8151898
695874,0.07761502
695875,0.056402974
695876,0.86777633
695877,0.05557475
695878,0.7999613
695879,0.022959718
695880,0.1807302
695881,0.0366553
695882,0.70231926
695883,0.042780824
695884,0.3848581
695885,0.431479
695886,0.14845431
695887,0.006211395
695888,0.009512999
695889,0.07422671
695890,0.18552679
695891,0.10973139
695892,0.06760356
695893,0.06690583
695894,0.9874197
695895,0.92017734
695896,0.058223926
695897,0.04929938
695898,0.009153815
695899,0.009880001
695900,0.9825403
695901,0.8943486
695902,0.01786672
695903,0.8600536
695904,0.21784519
695905,0.8748795
695906,0.15400042
695907,0.28553405
695908,0.9959543
695909,0.10923255
695910,0.0121083185
695911,0.6539993
695912,0.96680045
695913,0.06880993
695914,0.34130338
695915,0.95888567
695916,0.97877854
695917,0.06163282
695918,0.54914486
695919,0.78288114
695920,0.9906869
695921,0.020111177
695922,0.9704362
695923,0.9988955
695924,0.012696294
695925,0.9967157
695926,0.006869626
695927,0.021195048
695928,0.034097202
695929,0.8721358
695930,0.9709258
695931,0.9515936
695932,0.015553482
695933,0.3618789
695934,0.0076738223
695935,0.7895245
695936,0.9869467
695937,0.015069105
695938,0.97493744
695939,0.265572
695940,0.9742033
695941,0.12187287
695942,0.015606125
695943,0.02392399
695944,0.36361688
695945,0.53803194
695946,0.033578567
695947,0.9854752
695948,0.79672927
695949,0.98445386
695950,0.060866546
695951,0.103979856
695952,0.9986474
695953,0.8688786
695954,0.015633378
695955,0.21307713
695956,0.9636398
695957,0.4287294
695958,0.18245547
695959,0.16138929
695960,0.9565244
695961,0.35032916
695962,0.8979703
695963,0.04062337
695964,0.009096162
695965,0.072606936
695966,0.08210222
695967,0.9978261
695968,0.9828081
695969,0.9843694
695970,0.99804556
695971,0.979814
695972,0.3139525
695973,0.057652824
695974,0.10067244
695975,0.7409253
695976,0.9942724
695977,0.34965932
695978,0.012974989
695979,0.12123976
695980,0.8859504
695981,0.009392567
695982,0.9923331
695983,0.89601654
695984,0.8914958
695985,0.4821096
695986,0.9976834
695987,0.99745363
695988,0.99153906
695989,0.9362579
695990,0.5912773
695991,0.20074579
695992,0.9245785
695993,0.010530617
695994,0.42117244
695995,0.89151233
695996,0.923341
695997,0.006636831
695998,0.9853755
695999,0.08762177
696000,0.9788531
696001,0.016902745
696002,0.9963517
696003,0.013483516
696004,0.6471345
696005,0.961621
696006,0.991089
696007,0.2291525
696008,0.11131582
696009,0.04449383
696010,0.9616294
696011,0.07992079
696012,0.6803096
696013,0.9916284
696014,0.041448038
696015,0.01610545
696016,0.05563523
696017,0.53048176
696018,0.9939312
696019,0.19201961
696020,0.9765244
696021,0.0512044
696022,0.019627439
696023,0.017760487
696024,0.019380582
696025,0.8762206
696026,0.23600051
696027,0.042495497
696028,0.02760023
696029,0.20453829
696030,0.005397636
696031,0.9648808
696032,0.7650563
696033,0.9567595
696034,0.03853845
696035,0.389286
696036,0.9524165
696037,0.6454402
696038,0.87798315
696039,0.06315735
696040,0.05029708
696041,0.23797292
696042,0.010690383
696043,0.02257793
696044,0.84619784
696045,0.19605647
696046,0.0077265725
696047,0.0047225854
696048,0.2986604
696049,0.045079008
696050,0.96854484
696051,0.9772366
696052,0.67828923
696053,0.00587038
696054,0.9883882
696055,0.93644893
696056,0.69234306
696057,0.036004394
696058,0.7251167
696059,0.98298514
696060,0.9973805
696061,0.0049852827
696062,0.071441546
696063,0.99701095
696064,0.71261275
696065,0.9472586
696066,0.9267841
696067,0.46353528
696068,0.36538205
696069,0.1531711
696070,0.9029974
696071,0.031632807
696072,0.97875667
696073,0.88630605
696074,0.39756483
696075,0.9970473
696076,0.03472423
696077,0.004203965
696078,0.7245688
696079,0.6844195
696080,0.09443437
696081,0.027119443
696082,0.7080198
696083,0.5193089
696084,0.95813495
696085,0.3409408
696086,0.99390066
696087,0.9909276
696088,0.9937184
696089,0.96840024
696090,0.9980465
696091,0.19211371
696092,0.010818649
696093,0.057016935
696094,0.9410067
696095,0.86432314
696096,0.054557342
696097,0.050921153
696098,0.2914439
696099,0.59750664
696100,0.39519978
696101,0.04241577
696102,0.65558
696103,0.029398367
696104,0.3857581
696105,0.0069489963
696106,0.9973215
696107,0.17912403
696108,0.9828265
696109,0.02806201
696110,0.054831184
696111,0.9913755
696112,0.9295197
696113,0.03255905
696114,0.9947144
696115,0.9518437
696116,0.0037113102
696117,0.9813752
696118,0.5146615
696119,0.07506526
696120,0.1338245
696121,0.36025786
696122,0.61175686
696123,0.013086271
696124,0.98997223
696125,0.94018745
696126,0.011017682
696127,0.025612691
696128,0.22312082
696129,0.010643392
696130,0.956776
696131,0.9868505
696132,0.64166254
696133,0.95183605
696134,0.9510843
696135,0.38220355
696136,0.030118337
696137,0.23450328
696138,0.7608024
696139,0.24388981
696140,0.9169637
696141,0.0034972925
696142,0.0111460565
696143,0.97503525
696144,0.9855981
696145,0.013563633
696146,0.016834486
696147,0.9850211
696148,0.9849212
696149,0.19808336
696150,0.05973682
696151,0.98734367
696152,0.9711642
696153,0.14610638
696154,0.028580403
696155,0.011112197
696156,0.58857524
696157,0.028899878
696158,0.020719668
696159,0.7339404
696160,0.8450239
696161,0.5620924
696162,0.98828006
696163,0.92385906
696164,0.13719678
696165,0.036316488
696166,0.0773555
696167,0.6945047
696168,0.090220734
696169,0.15188201
696170,0.9662973
696171,0.09004691
696172,0.9636639
696173,0.8102287
696174,0.035464812
696175,0.99494475
696176,0.02308946
696177,0.99770784
696178,0.8736294
696179,0.97291505
696180,0.998084
696181,0.9881625
696182,0.020163469
696183,0.9658459
696184,0.3345528
696185,0.7138648
696186,0.94955367
696187,0.40303695
696188,0.026282243
696189,0.0055100694
696190,0.0137567725
696191,0.9802524
696192,0.7138808
696193,0.072582185
696194,0.8772873
696195,0.93096244
696196,0.25479007
696197,0.09249149
696198,0.059519
696199,0.85785186
696200,0.09488889
696201,0.022170892
696202,0.30844253
696203,0.58788
696204,0.5045388
696205,0.82695514
696206,0.0501465
696207,0.66959906
696208,0.014963875
696209,0.9703225
696210,0.98191136
696211,0.008919928
696212,0.9933051
696213,0.9687122
696214,0.8247391
696215,0.012322046
696216,0.070682585
696217,0.0152165685
696218,0.8557839
696219,0.009069
696220,0.006727188
696221,0.9993143
696222,0.99840015
696223,0.9961455
696224,0.10076354
696225,0.4596105
696226,0.06466139
696227,0.040078208
696228,0.82026637
696229,0.1607915
696230,0.009829608
696231,0.0677028
696232,0.73517483
696233,0.059899494
696234,0.66316265
696235,0.00870841
696236,0.9026482
696237,0.96146595
696238,0.8930226
696239,0.006667213
696240,0.004902819
696241,0.0063480125
696242,0.16104127
696243,0.030983778
696244,0.3608217
696245,0.58965176
696246,0.031146266
696247,0.24321373
696248,0.002855346
696249,0.9474174
696250,0.986452
696251,0.97231096
696252,0.36250415
696253,0.23820946
696254,0.532131
696255,0.9928872
696256,0.17673177
696257,0.098139286
696258,0.9993072
696259,0.9756111
696260,0.12814212
696261,0.017081756
696262,0.050950456
696263,0.86852074
696264,0.9241134
696265,0.0029681786
696266,0.93743795
696267,0.46335608
696268,0.1766438
696269,0.0596651
696270,0.040153008
696271,0.096580684
696272,0.02202238
696273,0.0063746762
696274,0.1108226
696275,0.009344302
696276,0.15767558
696277,0.05826227
696278,0.40220934
696279,0.0033546088
696280,0.23185147
696281,0.01224861
696282,0.012582218
696283,0.9199116
696284,0.12895593
696285,0.052577525
696286,0.015970793
696287,0.1404382
696288,0.5715836
696289,0.016752016
696290,0.7482242
696291,0.9629115
696292,0.10177145
696293,0.67197436
696294,0.0017591065
696295,0.98832667
696296,0.8787372
696297,0.9932855
696298,0.9337486
696299,0.42184725
696300,0.0048288982
696301,0.9666182
696302,0.9275419
696303,0.99636173
696304,0.024563733
696305,0.938082
696306,0.9258945
696307,0.985854
696308,0.6150603
696309,0.3338514
696310,0.2971572
696311,0.0073885014
696312,0.9950621
696313,0.06246129
696314,0.053189576
696315,0.9725052
696316,0.9906248
696317,0.02565318
696318,0.97720236
696319,0.43634263
696320,0.009941421
696321,0.886487
696322,0.9145703
696323,0.011314776
696324,0.04939914
696325,0.7955963
696326,0.78467965
696327,0.8106112
696328,0.40909114
696329,0.99517685
696330,0.06613894
696331,0.9930616
696332,0.99224895
696333,0.9484569
696334,0.8073514
696335,0.5658727
696336,0.6767094
696337,0.33115116
696338,0.87409794
696339,0.008615359
696340,0.01687336
696341,0.99530256
696342,0.9826762
696343,0.3668161
696344,0.15897219
696345,0.0043360516
696346,0.9166743
696347,0.007305783
696348,0.14762019
696349,0.0072135394
696350,0.98714197
696351,0.0077210953
696352,0.97800463
696353,0.17155586
696354,0.686851
696355,0.90120935
696356,0.43204275
696357,0.055706806
696358,0.007115489
696359,0.21490574
696360,0.2124803
696361,0.970053
696362,0.36368102
696363,0.34563774
696364,0.292933
696365,0.982966
696366,0.5162269
696367,0.59177434
696368,0.03930418
696369,0.98498464
696370,0.4648524
696371,0.003749254
696372,0.99215555
696373,0.7015909
696374,0.35158342
696375,0.003920919
696376,0.2003195
696377,0.15142903
696378,0.9989143
696379,0.7935834
696380,0.93605083
696381,0.02605789
696382,0.80013454
696383,0.8205819
696384,0.25435328
696385,0.3502762
696386,0.10689901
696387,0.006052929
696388,0.4044531
696389,0.9855343
696390,0.021564025
696391,0.021563048
696392,0.04006146
696393,0.03432151
696394,0.18938693
696395,0.99127924
696396,0.0017043045
696397,0.98027194
696398,0.06992077
696399,0.9145601
696400,0.99190366
696401,0.020985663
696402,0.9950252
696403,0.08689313
696404,0.8990154
696405,0.25650266
696406,0.30212379
696407,0.37427786
696408,0.562438
696409,0.19742721
696410,0.50955683
696411,0.81861305
696412,0.028950892
696413,0.1111346
696414,0.0068311314
696415,0.0951505
696416,0.08736915
696417,0.45027423
696418,0.49480906
696419,0.91277575
696420,0.1676744
696421,0.08397428
696422,0.04235758
696423,0.021387536
696424,0.80724514
696425,0.27638608
696426,0.64782435
696427,0.98829234
696428,0.023737669
696429,0.021600287
696430,0.8341081
696431,0.52537
696432,0.9848699
696433,0.84447265
696434,0.9861624
696435,0.0030211739
696436,0.06545896
696437,0.81195045
696438,0.007582723
696439,0.12872708
696440,0.9331721
696441,0.247037
696442,0.0047288546
696443,0.9938758
696444,0.8811916
696445,0.028439574
696446,0.45512223
696447,0.9986249
696448,0.9921459
696449,0.026591659
696450,0.99263287
696451,0.32646728
696452,0.29417393
696453,0.28338134
696454,0.035456713
696455,0.0063077034
696456,0.8768208
696457,0.015829947
696458,0.9906553
696459,0.05016276
696460,0.46543568
696461,0.43376437
696462,0.9837
696463,0.9864583
696464,0.95492756
696465,0.78898793
696466,0.110305496
696467,0.04869109
696468,0.9996205
696469,0.011994373
696470,0.3101704
696471,0.09863428
696472,0.989576
696473,0.8071973
696474,0.17609942
696475,0.026144989
696476,0.883405
696477,0.9889504
696478,0.097761184
696479,0.28164476
696480,0.024036359
696481,0.6590056
696482,0.9965741
696483,0.107025504
696484,0.094809055
696485,0.95210874
696486,0.77893466
696487,0.8451948
696488,0.8295732
696489,0.43090165
696490,0.20423311
696491,0.8204751
696492,0.70509017
696493,0.021346051
696494,0.011681497
696495,0.9684402
696496,0.050783597
696497,0.014468925
696498,0.22346725
696499,0.6493224
696500,0.63044703
696501,0.24545977
696502,0.11078492
696503,0.84854543
696504,0.014628866
696505,0.83138
696506,0.9942438
696507,0.44532758
696508,0.9945414
696509,0.99805796
696510,0.047454935
696511,0.9903447
696512,0.37073842
696513,0.9716971
696514,0.6275821
696515,0.999252
696516,0.012495333
696517,0.2249705
696518,0.00620465
696519,0.48989838
696520,0.2953136
696521,0.9766914
696522,0.39478004
696523,0.95402074
696524,0.63469446
696525,0.5283612
696526,0.96720994
696527,0.9963964
696528,0.9925306
696529,0.03648776
696530,0.58652973
696531,0.01141465
696532,0.7692981
696533,0.17695348
696534,0.006920723
696535,0.04751129
696536,0.98207706
696537,0.0133924205
696538,0.036262937
696539,0.035338253
696540,0.0033070259
696541,0.24148178
696542,0.9417131
696543,0.10507687
696544,0.99004376
696545,0.037785158
696546,0.95356375
696547,0.1496112
696548,0.9550895
696549,0.018467646
696550,0.44996625
696551,0.71136636
696552,0.09291828
696553,0.91268903
696554,0.006966237
696555,0.9639324
696556,0.17699337
696557,0.90304965
696558,0.69080365
696559,0.401618
696560,0.21608692
696561,0.7181463
696562,0.21569045
696563,0.80923384
696564,0.9052674
696565,0.11004387
696566,0.98189914
696567,0.9017468
696568,0.003177726
696569,0.9723937
696570,0.99765486
696571,0.49232975
696572,0.013370492
696573,0.45730782
696574,0.88827926
696575,0.99695206
696576,0.037210878
696577,0.9292471
696578,0.97325
696579,0.004726097
696580,0.9737423
696581,0.028121565
696582,0.006841015
696583,0.028424207
696584,0.9914024
696585,0.14771949
696586,0.03913997
696587,0.028555395
696588,0.9123447
696589,0.38315272
696590,0.82539344
696591,0.9524517
696592,0.10919396
696593,0.19170508
696594,0.04374528
696595,0.05239269
696596,0.03294242
696597,0.23862876
696598,0.9287064
696599,0.7003778
696600,0.04086903
696601,0.15015909
696602,0.8429294
696603,0.48224676
696604,0.35352957
696605,0.111677244
696606,0.5333688
696607,0.6164731
696608,0.59067893
696609,0.0057935975
696610,0.09104455
696611,0.28947353
696612,0.04421095
696613,0.98987466
696614,0.26009232
696615,0.9685504
696616,0.53722197
696617,0.018782629
696618,0.028693521
696619,0.16901372
696620,0.03292007
696621,0.012885831
696622,0.27019623
696623,0.9633044
696624,0.35836053
696625,0.99658036
696626,0.035268947
696627,0.0038476856
696628,0.9786427
696629,0.85951173
696630,0.014055974
696631,0.024502408
696632,0.045765035
696633,0.0073991865
696634,0.028593896
696635,0.78153354
696636,0.20017762
696637,0.99495876
696638,0.028480593
696639,0.82381195
696640,0.931423
696641,0.02939054
696642,0.34446493
696643,0.017518591
696644,0.32413876
696645,0.024038648
696646,0.98598456
696647,0.4392538
696648,0.11959979
696649,0.99565387
696650,0.12561664
696651,0.9369904
696652,0.14652595
696653,0.15833336
696654,0.03708654
696655,0.067059696
696656,0.57210755
696657,0.01217211
696658,0.14570163
696659,0.011443618
696660,0.9951249
696661,0.0034262869
696662,0.28585428
696663,0.0069955178
696664,0.99927056
696665,0.08068216
696666,0.9437486
696667,0.99288905
696668,0.06923238
696669,0.009698161
696670,0.33891636
696671,0.29539764
696672,0.034835234
696673,0.47478062
696674,0.010162191
696675,0.13146694
696676,0.8411132
696677,0.0051827705
696678,0.03289035
696679,0.84567285
696680,0.044805724
696681,0.47896656
696682,0.4161306
696683,0.99507725
696684,0.6032492
696685,0.004642872
696686,0.022852322
696687,0.018059397
696688,0.9792857
696689,0.008562904
696690,0.029999863
696691,0.8854204
696692,0.015328604
696693,0.44472313
696694,0.058380872
696695,0.06668558
696696,0.6568779
696697,0.050731897
696698,0.0068012616
696699,0.43542665
696700,0.16099375
696701,0.7668566
696702,0.030533686
696703,0.87712747
696704,0.7014182
696705,0.91841036
696706,0.037110932
696707,0.9040804
696708,0.09530222
696709,0.007092346
696710,0.8058374
696711,0.017228315
696712,0.9260418
696713,0.024314627
696714,0.04866051
696715,0.9962716
696716,0.06505131
696717,0.9292343
696718,0.9808539
696719,0.016974796
696720,0.61527354
696721,0.88160557
696722,0.9656233
696723,0.35914123
696724,0.53324383
696725,0.17531759
696726,0.98137045
696727,0.98571956
696728,0.071142994
696729,0.033163186
696730,0.5013383
696731,0.005740626
696732,0.7474461
696733,0.04069176
696734,0.011625303
696735,0.07157698
696736,0.024589967
696737,0.55126244
696738,0.29086015
696739,0.009054773
696740,0.25543192
696741,0.05613288
696742,0.8940747
696743,0.14777498
696744,0.09243052
696745,0.0024387732
696746,0.008828981
696747,0.018941479
696748,0.98662853
696749,0.00558826
696750,0.95032746
696751,0.41095886
696752,0.686591
696753,0.9675907
696754,0.031436432
696755,0.971935
696756,0.98347574
696757,0.02314981
696758,0.024462774
696759,0.943113
696760,0.9862649
696761,0.29637912
696762,0.01819855
696763,0.021566259
696764,0.06578621
696765,0.068136275
696766,0.97904027
696767,0.021425072
696768,0.9960717
696769,0.9966169
696770,0.4548406
696771,0.92934453
696772,0.5240562
696773,0.74576175
696774,0.18986374
696775,0.77573246
696776,0.01351634
696777,0.027788756
696778,0.0030821122
696779,0.9937179
696780,0.9861487
696781,0.0071778
696782,0.9928363
696783,0.8816763
696784,0.97656834
696785,0.2884343
696786,0.94425344
696787,0.99232614
696788,0.018516313
696789,0.9646421
696790,0.2616803
696791,0.9318672
696792,0.78566784
696793,0.29068875
696794,0.088620216
696795,0.6993713
696796,0.06636932
696797,0.007735021
696798,0.004436418
696799,0.51076186
696800,0.01675784
696801,0.011584417
696802,0.046008058
696803,0.51276505
696804,0.023241404
696805,0.99312824
696806,0.0144836325
696807,0.793853
696808,0.0063047437
696809,0.67218494
696810,0.8039123
696811,0.12869719
696812,0.9849519
696813,0.020234782
696814,0.8010668
696815,0.027670287
696816,0.041511312
696817,0.015072603
696818,0.44936576
696819,0.9868719
696820,0.060290493
696821,0.6939712
696822,0.0024984698
696823,0.9358392
696824,0.8570419
696825,0.38257375
696826,0.72777367
696827,0.9452628
696828,0.9864192
696829,0.12655005
696830,0.6744652
696831,0.011985414
696832,0.75418806
696833,0.009123128
696834,0.26711664
696835,0.046558484
696836,0.0076092468
696837,0.13791616
696838,0.9997763
696839,0.99734575
696840,0.64994997
696841,0.20030774
696842,0.41638103
696843,0.033200208
696844,0.32370806
696845,0.1133665
696846,0.010635194
696847,0.9454646
696848,0.0016923624
696849,0.27603132
696850,0.9972297
696851,0.7714319
696852,0.6114341
696853,0.9917865
696854,0.31841755
696855,0.9712186
696856,0.002884093
696857,0.9888726
696858,0.9561169
696859,0.01262721
696860,0.0055625145
696861,0.09346054
696862,0.0058228243
696863,0.10149629
696864,0.69365203
696865,0.6123546
696866,0.9629336
696867,0.43822968
696868,0.010812518
696869,0.9952792
696870,0.0086441925
696871,0.009060776
696872,0.71717787
696873,0.7736944
696874,0.0031487353
696875,0.9508338
696876,0.99484366
696877,0.028400451
696878,0.92711574
696879,0.87697613
696880,0.9975946
696881,0.9782037
696882,0.109583214
696883,0.20985861
696884,0.8101863
696885,0.018531753
696886,0.95306396
696887,0.005902468
696888,0.95465016
696889,0.99792206
696890,0.06993737
696891,0.6533514
696892,0.0041593136
696893,0.005954196
696894,0.09698753
696895,0.040400293
696896,0.02229745
696897,0.55678123
696898,0.9145207
696899,0.042357657
696900,0.48699734
696901,0.40860388
696902,0.40798268
696903,0.0031935263
696904,0.06758315
696905,0.0046528
696906,0.05217621
696907,0.05479491
696908,0.021103103
696909,0.52226293
696910,0.98436767
696911,0.982588
696912,0.041085467
696913,0.9590087
696914,0.14516023
696915,0.99654746
696916,0.014700047
696917,0.50206226
696918,0.60193795
696919,0.9710766
696920,0.026372593
696921,0.31780797
696922,0.95613885
696923,0.010904337
696924,0.55243623
696925,0.023094768
696926,0.10080588
696927,0.05491791
696928,0.9566289
696929,0.067837924
696930,0.9808153
696931,0.003629129
696932,0.99526596
696933,0.2025403
696934,0.063261
696935,0.07480199
696936,0.093523964
696937,0.27746087
696938,0.9971731
696939,0.99406666
696940,0.013289019
696941,0.014901113
696942,0.7531895
696943,0.89574254
696944,0.9870417
696945,0.10289422
696946,0.58494556
696947,0.38433075
696948,0.015892748
696949,0.94367063
696950,0.051250212
696951,0.019873701
696952,0.24678534
696953,0.9647198
696954,0.03198757
696955,0.9849944
696956,0.20840521
696957,0.03344428
696958,0.056173936
696959,0.0065903664
696960,0.008811061
696961,0.19910033
696962,0.003026187
696963,0.9984056
696964,0.027915716
696965,0.009973332
696966,0.94444335
696967,0.9862267
696968,0.97131705
696969,0.03439768
696970,0.09158194
696971,0.08935873
696972,0.6859354
696973,0.9733932
696974,0.203374
696975,0.99122757
696976,0.019163858
696977,0.6362059
696978,0.8675704
696979,0.034501787
696980,0.9722016
696981,0.96057606
696982,0.90712
696983,0.6829256
696984,0.14605129
696985,0.05412303
696986,0.9900715
696987,0.7410071
696988,0.9880855
696989,0.8124188
696990,0.9828629
696991,0.89279974
696992,0.9778514
696993,0.005165982
696994,0.6377053
696995,0.9949943
696996,0.015235079
696997,0.9071861
696998,0.017674051
696999,0.5431858
697000,0.999761
697001,0.9864001
697002,0.020770697
697003,0.9968247
697004,0.047945462
697005,0.7673045
697006,0.9710788
697007,0.23981135
697008,0.053725436
697009,0.16127047
697010,0.056932125
697011,0.96955776
697012,0.035533696
697013,0.98504555
697014,0.07834787
697015,0.94414884
697016,0.017970147
697017,0.93684864
697018,0.9114135
697019,0.36081558
697020,0.9710461
697021,0.13163874
697022,0.046074487
697023,0.07366981
697024,0.029391278
697025,0.36580697
697026,0.012124065
697027,0.0059821727
697028,0.023205077
697029,0.2167932
697030,0.0021886397
697031,0.18527432
697032,0.9910811
697033,0.9575236
697034,0.105517656
697035,0.367204
697036,0.3282017
697037,0.0099133765
697038,0.9947225
697039,0.01866562
697040,0.055062305
697041,0.2838813
697042,0.19452035
697043,0.9938748
697044,0.009256601
697045,0.23303184
697046,0.32471997
697047,0.014892939
697048,0.009953955
697049,0.7560316
697050,0.08128903
697051,0.3488709
697052,0.9877927
697053,0.008882095
697054,0.021251958
697055,0.26329035
697056,0.14011973
697057,0.17032884
697058,0.12242031
697059,0.3556437
697060,0.2362045
697061,0.99813116
697062,0.06439712
697063,0.8688234
697064,0.9919878
697065,0.047605626
697066,0.004786797
697067,0.49439973
697068,0.95806605
697069,0.9335777
697070,0.98091257
697071,0.0832032
697072,0.038000245
697073,0.009760132
697074,0.026766019
697075,0.9650213
697076,0.43637675
697077,0.014625921
697078,0.0952538
697079,0.024175543
697080,0.036117747
697081,0.611904
697082,0.028870024
697083,0.9940756
697084,0.9873421
697085,0.045222744
697086,0.9775687
697087,0.9678456
697088,0.005394527
697089,0.06781686
697090,0.05543003
697091,0.059581645
697092,0.005816146
697093,0.93840754
697094,0.11330132
697095,0.9959772
697096,0.058613695
697097,0.05374262
697098,0.004589339
697099,0.44678113
697100,0.33676022
697101,0.8711532
697102,0.033914007
697103,0.9940553
697104,0.9772786
697105,0.31788713
697106,0.99578536
697107,0.8737326
697108,0.5634455
697109,0.88174504
697110,0.9981627
697111,0.99577993
697112,0.10678314
697113,0.98153555
697114,0.57203925
697115,0.20513973
697116,0.089195915
697117,0.019909577
697118,0.30446795
697119,0.99604535
697120,0.006192226
697121,0.9933031
697122,0.92004555
697123,0.9960283
697124,0.2473045
697125,0.15106115
697126,0.90578604
697127,0.8647363
697128,0.4532378
697129,0.016302858
697130,0.015240841
697131,0.47208118
697132,0.008577472
697133,0.9829609
697134,0.784053
697135,0.95218205
697136,0.33765227
697137,0.34420097
697138,0.014546998
697139,0.45512044
697140,0.9954654
697141,0.9722856
697142,0.011268606
697143,0.41291222
697144,0.956931
697145,0.017244142
697146,0.32630268
697147,0.010093746
697148,0.9626884
697149,0.084460996
697150,0.8503312
697151,0.99518824
697152,0.018449957
697153,0.13385935
697154,0.94995844
697155,0.9762924
697156,0.98016953
697157,0.87792575
697158,0.9360325
697159,0.9837705
697160,0.99520606
697161,0.016543906
697162,0.7136104
697163,0.9988724
697164,0.0064069186
697165,0.30311462
697166,0.003042957
697167,0.9652225
697168,0.58499944
697169,0.0056065456
697170,0.11355817
697171,0.019844895
697172,0.30616337
697173,0.0006834066
697174,0.27492464
697175,0.012700519
697176,0.03510166
697177,0.123455584
697178,0.6813241
697179,0.017860135
697180,0.003203579
697181,0.9669456
697182,0.7428561
697183,0.18088605
697184,0.97778136
697185,0.036904752
697186,0.116620615
697187,0.86624205
697188,0.013625791
697189,0.6232841
697190,0.30079204
697191,0.98437226
697192,0.039165083
697193,0.051108636
697194,0.9460227
697195,0.22842143
697196,0.291482
697197,0.93811345
697198,0.34494886
697199,0.09481084
697200,0.040449
697201,0.9965349
697202,0.08865588
697203,0.99566025
697204,0.19778496
697205,0.9857694
697206,0.0079895975
697207,0.052779965
697208,0.9874872
697209,0.0071574217
697210,0.67119396
697211,0.008610742
697212,0.06184952
697213,0.007189409
697214,0.9850036
697215,0.023852311
697216,0.29554632
697217,0.002455121
697218,0.30523545
697219,0.2796283
697220,0.34068424
697221,0.023822878
697222,0.9244149
697223,0.18080613
697224,0.15702552
697225,0.72058547
697226,0.34110266
697227,0.790183
697228,0.66019326
697229,0.023207562
697230,0.20304844
697231,0.26927936
697232,0.17319293
697233,0.9864648
697234,0.15031916
697235,0.47492874
697236,0.022425335
697237,0.15747604
697238,0.040260702
697239,0.3102937
697240,0.20353186
697241,0.60513026
697242,0.96486187
697243,0.3390966
697244,0.011159943
697245,0.025045902
697246,0.50387853
697247,0.4619351
697248,0.27676076
697249,0.9812333
697250,0.011350308
697251,0.88879853
697252,0.9862633
697253,0.9994027
697254,0.9858516
697255,0.93390393
697256,0.029507775
697257,0.009189069
697258,0.997568
697259,0.98619044
697260,0.76584005
697261,0.9927485
697262,0.9964113
697263,0.005943135
697264,0.008199388
697265,0.9492107
697266,0.007866471
697267,0.0030689102
697268,0.13453951
697269,0.02213955
697270,0.0077478397
697271,0.9150456
697272,0.9897375
697273,0.09752565
697274,0.015082791
697275,0.0422475
697276,0.32416716
697277,0.93858874
697278,0.68962526
697279,0.5454288
697280,0.011069829
697281,0.0071114246
697282,0.8922166
697283,0.9846371
697284,0.0017449319
697285,0.5092828
697286,0.323008
697287,0.008538127
697288,0.046977162
697289,0.92390543
697290,0.71854144
697291,0.004828657
697292,0.94949013
697293,0.0049124234
697294,0.9886077
697295,0.04720375
697296,0.110896654
697297,0.026468234
697298,0.005739652
697299,0.94391245
697300,0.93187326
697301,0.4209628
697302,0.86632746
697303,0.010135303
697304,0.9938587
697305,0.92734027
697306,0.98251563
697307,0.2193775
697308,0.16249086
697309,0.59467876
697310,0.7224457
697311,0.08743723
697312,0.98043793
697313,0.6547806
697314,0.49737552
697315,0.49023312
697316,0.018115114
697317,0.071915664
697318,0.02303065
697319,0.9618116
697320,0.5458231
697321,0.43514717
697322,0.9955219
697323,0.9708216
697324,0.93132704
697325,0.011239866
697326,0.9620938
697327,0.30546364
697328,0.92591786
697329,0.24952118
697330,0.9884849
697331,0.08898838
697332,0.97150385
697333,0.029747423
697334,0.95272636
697335,0.84835684
697336,0.7935879
697337,0.7135942
697338,0.9917961
697339,0.008414722
697340,0.8898583
697341,0.97806245
697342,0.9950628
697343,0.8751532
697344,0.0003778421
697345,0.008148596
697346,0.32050094
697347,0.98055625
697348,0.0019776025
697349,0.015666226
697350,0.3048596
697351,0.34132695
697352,0.041434865
697353,0.868001
697354,0.0125991
697355,0.17267413
697356,0.91992503
697357,0.9990026
697358,0.97516197
697359,0.61193204
697360,0.6074768
697361,0.17261125
697362,0.9985068
697363,0.03896999
697364,0.83296484
697365,0.030128587
697366,0.027715128
697367,0.6689781
697368,0.056809712
697369,0.19076605
697370,0.6868146
697371,0.019617068
697372,0.004233529
697373,0.026902368
697374,0.3677541
697375,0.96758026
697376,0.07727102
697377,0.84264404
697378,0.018893883
697379,0.044791877
697380,0.0610514
697381,0.9955561
697382,0.44278118
697383,0.08636145
697384,0.99035406
697385,0.027703628
697386,0.86288035
697387,0.9490353
697388,0.9536526
697389,0.33012247
697390,0.052811474
697391,0.9839961
697392,0.55236304
697393,0.03685794
697394,0.9939625
697395,0.13240723
697396,0.0085594
697397,0.21018091
697398,0.98574376
697399,0.22335854
697400,0.96699727
697401,0.94122565
697402,0.0056933113
697403,0.011421284
697404,0.0089083575
697405,0.13829468
697406,0.29156685
697407,0.932722
697408,0.0070425305
697409,0.035118483
697410,0.60921526
697411,0.9987783
697412,0.11232684
697413,0.30431196
697414,0.0033607436
697415,0.06138389
697416,0.012245905
697417,0.18239975
697418,0.96734923
697419,0.57793605
697420,0.9800566
697421,0.9764444
697422,0.9992677
697423,0.9960954
697424,0.0264371
697425,0.050091397
697426,0.44432315
697427,0.015247571
697428,0.98938215
697429,0.9900899
697430,0.7598435
697431,0.98641753
697432,0.17251398
697433,0.48199856
697434,0.033069924
697435,0.5774795
697436,0.11432347
697437,0.63081855
697438,0.4671743
697439,0.031937942
697440,0.03864009
697441,0.9972931
697442,0.955049
697443,0.017839942
697444,0.9767011
697445,0.050398674
697446,0.92168087
697447,0.056520946
697448,0.038766615
697449,0.029190876
697450,0.083830886
697451,0.7809585
697452,0.03021912
697453,0.70909035
697454,0.60027874
697455,0.9841071
697456,0.87833166
697457,0.10091731
697458,0.8601161
697459,0.28298742
697460,0.06164422
697461,0.9537209
697462,0.99540293
697463,0.86252487
697464,0.9739879
697465,0.064495414
697466,0.394668
697467,0.020401385
697468,0.23036656
697469,0.44276667
697470,0.94249755
697471,0.8391998
697472,0.34396073
697473,0.016334634
697474,0.04443051
697475,0.02372284
697476,0.997132
697477,0.04916465
697478,0.9992179
697479,0.15857163
697480,0.9928064
697481,0.95007247
697482,0.44273236
697483,0.630242
697484,0.050312676
697485,0.002934178
697486,0.6018959
697487,0.069305226
697488,0.022810236
697489,0.9867802
697490,0.05562693
697491,0.98981583
697492,0.97183585
697493,0.02817903
697494,0.5607707
697495,0.28185278
697496,0.064777195
697497,0.013811745
697498,0.99182385
697499,0.07117725
697500,0.96382785
697501,0.18556792
697502,0.010731058
697503,0.9681872
697504,0.2540406
697505,0.4094282
697506,0.9710366
697507,0.08693294
697508,0.007065982
697509,0.04860834
697510,0.07695767
697511,0.9807343
697512,0.95198965
697513,0.119548865
697514,0.0062598637
697515,0.0030917774
697516,0.03711082
697517,0.005214817
697518,0.009302773
697519,0.60308224
697520,0.046306007
697521,0.22972089
697522,0.06419195
697523,0.07046001
697524,0.67223656
697525,0.8725946
697526,0.050470807
697527,0.013090833
697528,0.14597818
697529,0.9539009
697530,0.017315835
697531,0.9222276
697532,0.008940192
697533,0.038552858
697534,0.002883878
697535,0.26204133
697536,0.9817261
697537,0.90640265
697538,0.3763492
697539,0.013965354
697540,0.9920542
697541,0.97855556
697542,0.9581822
697543,0.21282269
697544,0.056151867
697545,0.7411142
697546,0.0075134127
697547,0.106787115
697548,0.9062714
697549,0.09919676
697550,0.9968272
697551,0.28253558
697552,0.059871152
697553,0.14182094
697554,0.010242507
697555,0.04946757
697556,0.1265
697557,0.0017445146
697558,0.9932202
697559,0.95852655
697560,0.03748546
697561,0.9963413
697562,0.021550642
697563,0.09608049
697564,0.018828582
697565,0.45346826
697566,0.11351226
697567,0.052306697
697568,0.48503196
697569,0.26673144
697570,0.05653483
697571,0.01695357
697572,0.69779885
697573,0.99151564
697574,0.034616604
697575,0.9755128
697576,0.062181592
697577,0.26277214
697578,0.16618046
697579,0.10729717
697580,0.97622013
697581,0.8829788
697582,0.029109161
697583,0.012241711
697584,0.82179934
697585,0.936794
697586,0.02396046
697587,0.66221756
697588,0.6690551
697589,0.008667787
697590,0.17670442
697591,0.0071292697
697592,0.03108533
697593,0.88352543
697594,0.014975324
697595,0.05050791
697596,0.9964678
697597,0.22341226
697598,0.9740687
697599,0.05429111
697600,0.6241375
697601,0.0007588677
697602,0.013840239
697603,0.9774451
697604,0.19435684
697605,0.0060128598
697606,0.16562961
697607,0.006807534
697608,0.07092549
697609,0.9135356
697610,0.024895806
697611,0.98541784
697612,0.23310442
697613,0.9055179
697614,0.9573082
697615,0.0050566434
697616,0.1508258
697617,0.022160407
697618,0.19401518
697619,0.030953504
697620,0.09017024
697621,0.63619137
697622,0.09899181
697623,0.13525362
697624,0.0696194
697625,0.7813724
697626,0.87927204
697627,0.16227987
697628,0.0029948363
697629,0.024239598
697630,0.9086892
697631,0.17710955
697632,0.16365531
697633,0.04261155
697634,0.8284221
697635,0.9666046
697636,0.95362806
697637,0.008150728
697638,0.94036794
697639,0.93778366
697640,0.017747248
697641,0.8519868
697642,0.34570125
697643,0.98926336
697644,0.08447703
697645,0.025614433
697646,0.5078773
697647,0.55022514
697648,0.021298615
697649,0.021961745
697650,0.030641008
697651,0.8443291
697652,0.44944492
697653,0.2441694
697654,0.85787654
697655,0.062068902
697656,0.0072125266
697657,0.9703684
697658,0.8398627
697659,0.99949867
697660,0.31827316
697661,0.87711793
697662,0.18376008
697663,0.97113746
697664,0.031820122
697665,0.05320222
697666,0.9548594
697667,0.015911955
697668,0.34161246
697669,0.9945509
697670,0.5828313
697671,0.9261207
697672,0.29008567
697673,0.018775288
697674,0.981282
697675,0.9947032
697676,0.95657045
697677,0.9945417
697678,0.215289
697679,0.008732075
697680,0.030277822
697681,0.41282615
697682,0.9989599
697683,0.8413503
697684,0.003995586
697685,0.4387467
697686,0.18278995
697687,0.96933603
697688,0.2141534
697689,0.039942876
697690,0.98654747
697691,0.37559733
697692,0.056833114
697693,0.9964138
697694,0.0047764606
697695,0.10909016
697696,0.0021491009
697697,0.09131059
697698,0.86638916
697699,0.9117838
697700,0.40586728
697701,0.12815201
697702,0.9742847
697703,0.7411363
697704,0.93846405
697705,0.034977105
697706,0.082936995
697707,0.9839792
697708,0.9828803
697709,0.07504062
697710,0.014678635
697711,0.21897587
697712,0.9977107
697713,0.020812899
697714,0.9981352
697715,0.844245
697716,0.80404484
697717,0.8522495
697718,0.9946226
697719,0.8586798
697720,0.958614
697721,0.96455616
697722,0.3560629
697723,0.9958085
697724,0.0014085162
697725,0.02159883
697726,0.034835566
697727,0.96149826
697728,0.9901967
697729,0.31874138
697730,0.019924747
697731,0.9798128
697732,0.013628323
697733,0.97033
697734,0.007815573
697735,0.78855
697736,0.9936556
697737,0.8995198
697738,0.085314184
697739,0.8076451
697740,0.6403978
697741,0.054339606
697742,0.30928305
697743,0.9966344
697744,0.89352816
697745,0.052922677
697746,0.47567454
697747,0.9956537
697748,0.19432215
697749,0.5674715
697750,0.057165764
697751,0.07957739
697752,0.061722945
697753,0.9878649
697754,0.90098494
697755,0.32811454
697756,0.89428705
697757,0.010708684
697758,0.0071611353
697759,0.01314591
697760,0.64296305
697761,0.9672321
697762,0.03246241
697763,0.9761354
697764,0.020218078
697765,0.023601089
697766,0.014058625
697767,0.0384304
697768,0.15109366
697769,0.01389298
697770,0.919765
697771,0.0077832593
697772,0.96017265
697773,0.9725248
697774,0.9428756
697775,0.9951221
697776,0.990561
697777,0.24254599
697778,0.99776286
697779,0.9903064
697780,0.64600444
697781,0.97514147
697782,0.0031837747
697783,0.59772474
697784,0.16989325
697785,0.88819164
697786,0.9982743
697787,0.96571064
697788,0.9889741
697789,0.9036779
697790,0.027427409
697791,0.51155436
697792,0.9690598
697793,0.0033663288
697794,0.037173226
697795,0.0057563586
697796,0.9823871
697797,0.20005181
697798,0.9273474
697799,0.21553034
697800,0.018768296
697801,0.960959
697802,0.9755833
697803,0.008683405
697804,0.041535098
697805,0.7221929
697806,0.3784253
697807,0.9977238
697808,0.05846727
697809,0.6431676
697810,0.9133019
697811,0.20902458
697812,0.9972469
697813,0.9717889
697814,0.71357906
697815,0.0040701833
697816,0.08781287
697817,0.04458763
697818,0.010071175
697819,0.988515
697820,0.009768402
697821,0.5738737
697822,0.033127293
697823,0.7946089
697824,0.9748242
697825,0.75131154
697826,0.025339244
697827,0.06428918
697828,0.023427673
697829,0.089923695
697830,0.9781643
697831,0.8475214
697832,0.012475779
697833,0.9964245
697834,0.13625832
697835,0.9872947
697836,0.9663799
697837,0.20827338
697838,0.9901464
697839,0.018927097
697840,0.749433
697841,0.31967354
697842,0.98757815
697843,0.0050964765
697844,0.99774754
697845,0.39137906
697846,0.02823044
697847,0.08507035
697848,0.97891825
697849,0.96937096
697850,0.36170986
697851,0.041873783
697852,0.77118844
697853,0.023464406
697854,0.03964112
697855,0.26789552
697856,0.85533226
697857,0.054918226
697858,0.99614817
697859,0.06732482
697860,0.012993315
697861,0.29480016
697862,0.9850515
697863,0.052709542
697864,0.032308254
697865,0.8521619
697866,0.7767818
697867,0.01082514
697868,0.9936222
697869,0.7928699
697870,0.7391861
697871,0.020411735
697872,0.96577793
697873,0.82414836
697874,0.07133966
697875,0.9955312
697876,0.013501331
697877,0.99830514
697878,0.02013483
697879,0.02071663
697880,0.03018131
697881,0.86182845
697882,0.14936575
697883,0.025116459
697884,0.8800219
697885,0.2974073
697886,0.91423786
697887,0.063578755
697888,0.03729531
697889,0.93524104
697890,0.007414888
697891,0.9919196
697892,0.075692184
697893,0.17708082
697894,0.010804739
697895,0.93363523
697896,0.045643516
697897,0.020677907
697898,0.37135994
697899,0.9716312
697900,0.9735546
697901,0.025110539
697902,0.996382
697903,0.04022111
697904,0.12647638
697905,0.04156944
697906,0.034966826
697907,0.9984696
697908,0.2068323
697909,0.0758492
697910,0.9861574
697911,0.88805443
697912,0.017556433
697913,0.10563657
697914,0.08270071
697915,0.64475036
697916,0.8350102
697917,0.01299162
697918,0.85281086
697919,0.991508
697920,0.52436054
697921,0.0045693023
697922,0.96309924
697923,0.010982088
697924,0.98416793
697925,0.02931572
697926,0.98892355
697927,0.9738329
697928,0.36439148
697929,0.13803343
697930,0.8445288
697931,0.033512816
697932,0.469556
697933,0.011309132
697934,0.006727177
697935,0.9923511
697936,0.24490532
697937,0.70777947
697938,0.5996363
697939,0.9962969
697940,0.995152
697941,0.3864384
697942,0.99551475
697943,0.06714007
697944,0.04288418
697945,0.89738774
697946,0.9316221
697947,0.7807918
697948,0.97719353
697949,0.6326837
697950,0.09112947
697951,0.93363047
697952,0.993859
697953,0.99694896
697954,0.04606116
697955,0.023916775
697956,0.078701526
697957,0.85301864
697958,0.99206257
697959,0.08458835
697960,0.77969205
697961,0.96931654
697962,0.028129913
697963,0.997933
697964,0.9853239
697965,0.95523196
697966,0.9902369
697967,0.005212755
697968,0.6455792
697969,0.9946444
697970,0.7841469
697971,0.59742326
697972,0.00872593
697973,0.9779792
697974,0.6774662
697975,0.5390364
697976,0.9369781
697977,0.051324416
697978,0.9907603
697979,0.9756383
697980,0.11393679
697981,0.048811506
697982,0.64585257
697983,0.020946607
697984,0.90097845
697985,0.055096406
697986,0.96481454
697987,0.02352793
697988,0.99269235
697989,0.006228352
697990,0.38579318
697991,0.11472811
697992,0.033706497
697993,0.74953854
697994,0.016397186
697995,0.02687284
697996,0.9705949
697997,0.993945
697998,0.005447506
697999,0.58519924
698000,0.99627066
698001,0.040950183
698002,0.9919518
698003,0.1105037
698004,0.046478543
698005,0.81543714
698006,0.84700406
698007,0.61234236
698008,0.92908704
698009,0.9792398
698010,0.98733443
698011,0.9294944
698012,0.015510522
698013,0.474543
698014,0.17117898
698015,0.029033963
698016,0.8603711
698017,0.9860061
698018,0.004915498
698019,0.96997714
698020,0.10280523
698021,0.99357945
698022,0.052745968
698023,0.9640035
698024,0.10261305
698025,0.4662062
698026,0.9942856
698027,0.034724593
698028,0.21727113
698029,0.2920375
698030,0.37081122
698031,0.99240565
698032,0.01222557
698033,0.062937155
698034,0.0041055004
698035,0.9607419
698036,0.072324544
698037,0.9909922
698038,0.4608385
698039,0.00360435
698040,0.24002522
698041,0.99490654
698042,0.54982996
698043,0.9217535
698044,0.99309695
698045,0.58169913
698046,0.004987481
698047,0.99070257
698048,0.66858673
698049,0.01766549
698050,0.019053392
698051,0.4142314
698052,0.4156134
698053,0.1204255
698054,0.03682543
698055,0.028699411
698056,0.02520828
698057,0.094548084
698058,0.037643883
698059,0.049976893
698060,0.005498186
698061,0.63647056
698062,0.50304306
698063,0.5445839
698064,0.3235148
698065,0.9916121
698066,0.97437394
698067,0.17002514
698068,0.00081515824
698069,0.109475866
698070,0.2810377
698071,0.019275934
698072,0.9936376
698073,0.0063549625
698074,0.8123727
698075,0.08769281
698076,0.7648637
698077,0.34372318
698078,0.6344106
698079,0.8643332
698080,0.99700296
698081,0.09889384
698082,0.8595904
698083,0.016283982
698084,0.9819812
698085,0.9815015
698086,0.98199123
698087,0.30414444
698088,0.9653158
698089,0.88036054
698090,0.22949974
698091,0.057091825
698092,0.115789786
698093,0.9721765
698094,0.051432326
698095,0.042680074
698096,0.98778147
698097,0.24009237
698098,0.024760207
698099,0.75963914
698100,0.46279648
698101,0.01229182
698102,0.8674341
698103,0.095369965
698104,0.63924015
698105,0.026556283
698106,0.0045021907
698107,0.94725156
698108,0.0882208
698109,0.039428167
698110,0.054411866
698111,0.26329732
698112,0.43906367
698113,0.017881958
698114,0.14382008
698115,0.0074320068
698116,0.42647436
698117,0.0143493395
698118,0.20512769
698119,0.7078297
698120,0.9774362
698121,0.094300434
698122,0.16364014
698123,0.023507793
698124,0.10687156
698125,0.064812124
698126,0.07740923
698127,0.05940166
698128,0.99705255
698129,0.9777792
698130,0.26302528
698131,0.94148624
698132,0.92097145
698133,0.07251485
698134,0.057606395
698135,0.010074751
698136,0.24546234
698137,0.66146
698138,0.0022465538
698139,0.95879877
698140,0.6432737
698141,0.5629641
698142,0.15110695
698143,0.41212583
698144,0.9195389
698145,0.0041501056
698146,0.014013589
698147,0.0069953017
698148,0.9800805
698149,0.76050997
698150,0.047566257
698151,0.0026781717
698152,0.93607295
698153,0.42416883
698154,0.05675207
698155,0.9958701
698156,0.98552215
698157,0.008297058
698158,0.9886639
698159,0.05432446
698160,0.03956926
698161,0.58872
698162,0.09780012
698163,0.013300713
698164,0.29605332
698165,0.7890118
698166,0.12001392
698167,0.9979212
698168,0.9753349
698169,0.83460003
698170,0.13151124
698171,0.027988866
698172,0.07240403
698173,0.009706817
698174,0.94871664
698175,0.04014504
698176,0.5287347
698177,0.0040293643
698178,0.64892066
698179,0.981722
698180,0.99530697
698181,0.22946611
698182,0.9878067
698183,0.4922982
698184,0.0071481625
698185,0.3734876
698186,0.07541807
698187,0.054710902
698188,0.004783224
698189,0.06569063
698190,0.98243105
698191,0.8061
698192,0.99881375
698193,0.9120349
698194,0.9334857
698195,0.047224283
698196,0.80719507
698197,0.13800359
698198,0.03131039
698199,0.0070653516
698200,0.93555814
698201,0.017554063
698202,0.0049060807
698203,0.018832251
698204,0.022439018
698205,0.99384147
698206,0.5822587
698207,0.009442736
698208,0.10583549
698209,0.19117405
698210,0.41261315
698211,0.99847496
698212,0.27768305
698213,0.97283554
698214,0.08984552
698215,0.99825037
698216,0.0040024254
698217,0.33683807
698218,0.016572488
698219,0.97210157
698220,0.0027832603
698221,0.7367233
698222,0.99276865
698223,0.07566467
698224,0.06886566
698225,0.02353425
698226,0.90063787
698227,0.013381329
698228,0.21341933
698229,0.99375355
698230,0.09552389
698231,0.09297362
698232,0.6545745
698233,0.96671987
698234,0.93486756
698235,0.038479466
698236,0.031027306
698237,0.96322525
698238,0.93886214
698239,0.008927482
698240,0.043357253
698241,0.8512406
698242,0.8225111
698243,0.96970385
698244,0.973987
698245,0.504315
698246,0.053164728
698247,0.16558999
698248,0.6729082
698249,0.05726517
698250,0.14134696
698251,0.99251336
698252,0.061069343
698253,0.042706072
698254,0.0098979315
698255,0.041284297
698256,0.0582969
698257,0.03651405
698258,0.9876046
698259,0.02442737
698260,0.04663991
698261,0.9910766
698262,0.8998579
698263,0.008872685
698264,0.34883612
698265,0.120389685
698266,0.7983495
698267,0.69853264
698268,0.02957337
698269,0.22021829
698270,0.15945873
698271,0.02359724
698272,0.0033785203
698273,0.0341165
698274,0.4137467
698275,0.93261105
698276,0.028788527
698277,0.869794
698278,0.9719707
698279,0.036901757
698280,0.0070141684
698281,0.999666
698282,0.13313386
698283,0.89395964
698284,0.22553384
698285,0.06207996
698286,0.0024463881
698287,0.9907633
698288,0.99706197
698289,0.9554189
698290,0.97188973
698291,0.010195134
698292,0.9588496
698293,0.9924797
698294,0.9946734
698295,0.9726767
698296,0.04842607
698297,0.98420787
698298,0.3536434
698299,0.38781613
698300,0.16812204
698301,0.6749929
698302,0.9747239
698303,0.8547323
698304,0.7987343
698305,0.059669197
698306,0.9503685
698307,0.32223058
698308,0.9868015
698309,0.02527049
698310,0.86348253
698311,0.99898946
698312,0.9991588
698313,0.047772408
698314,0.38090786
698315,0.034420952
698316,0.3370365
698317,0.191826
698318,0.004222609
698319,0.7951946
698320,0.7723372
698321,0.8241756
698322,0.09492196
698323,0.0084066
698324,0.081178606
698325,0.7442479
698326,0.9208094
698327,0.13581373
698328,0.10132003
698329,0.14885905
698330,0.3832597
698331,0.25030172
698332,0.06496724
698333,0.035561584
698334,0.9826765
698335,0.04831674
698336,0.6950595
698337,0.04160846
698338,0.7880908
698339,0.084807
698340,0.15904737
698341,0.9262664
698342,0.042313673
698343,0.6461399
698344,0.99915075
698345,0.98109305
698346,0.007417403
698347,0.0031730384
698348,0.01472033
698349,0.22540848
698350,0.00586494
698351,0.9916602
698352,0.9927222
698353,0.06221335
698354,0.27064982
698355,0.0086946525
698356,0.01516356
698357,0.93687713
698358,0.95672446
698359,0.020649321
698360,0.07380679
698361,0.17167781
698362,0.018324947
698363,0.07254706
698364,0.111165136
698365,0.9931585
698366,0.7485409
698367,0.6422834
698368,0.9585735
698369,0.38865918
698370,0.6494489
698371,0.008839297
698372,0.05215031
698373,0.90926623
698374,0.0052229324
698375,0.9607706
698376,0.047822148
698377,0.006976625
698378,0.79723877
698379,0.19679624
698380,0.90942657
698381,0.06057708
698382,0.11478039
698383,0.009092396
698384,0.055163883
698385,0.12181318
698386,0.017216763
698387,0.03249876
698388,0.011719112
698389,0.262439
698390,0.0066834195
698391,0.1424773
698392,0.11551686
698393,0.06439853
698394,0.008625657
698395,0.47368836
698396,0.16728526
698397,0.006971913
698398,0.031433
698399,0.99567205
698400,0.26938263
698401,0.99580413
698402,0.99405444
698403,0.98983717
698404,0.2551356
698405,0.005235243
698406,0.46953338
698407,0.0068200864
698408,0.06698785
698409,0.24118406
698410,0.6602211
698411,0.01379172
698412,0.50976026
698413,0.788356
698414,0.9985421
698415,0.9828405
698416,0.065087676
698417,0.4300406
698418,0.51528645
698419,0.99757975
698420,0.99783826
698421,0.877953
698422,0.98605853
698423,0.97739726
698424,0.29270488
698425,0.069742605
698426,0.023396008
698427,0.71786463
698428,0.017476447
698429,0.98098266
698430,0.1968203
698431,0.75554913
698432,0.05574927
698433,0.18286356
698434,0.013025288
698435,0.0053294785
698436,0.00425838
698437,0.17468926
698438,0.9182554
698439,0.6272
698440,0.3921858
698441,0.045921437
698442,0.95119405
698443,0.052374817
698444,0.009008439
698445,0.07106623
698446,0.03855524
698447,0.71151507
698448,0.009989265
698449,0.98141956
698450,0.6023295
698451,0.98927796
698452,0.008550979
698453,0.29775584
698454,0.023778144
698455,0.92785907
698456,0.70025
698457,0.040786557
698458,0.020937713
698459,0.96069646
698460,0.99458396
698461,0.98488843
698462,0.99433935
698463,0.7955714
698464,0.063738115
698465,0.7331184
698466,0.6492425
698467,0.7573832
698468,0.9968612
698469,0.022830395
698470,0.044428006
698471,0.9864559
698472,0.01059155
698473,0.85099155
698474,0.30632532
698475,0.18885213
698476,0.047377184
698477,0.9296959
698478,0.58274525
698479,0.13062784
698480,0.6753696
698481,0.04615636
698482,0.99493796
698483,0.99518067
698484,0.017056312
698485,0.3367598
698486,0.6496364
698487,0.007498734
698488,0.9788338
698489,0.21880746
698490,0.6195461
698491,0.9992409
698492,0.043799847
698493,0.9711008
698494,0.61259735
698495,0.044277407
698496,0.997705
698497,0.012822373
698498,0.031075206
698499,0.026046906
698500,0.11995242
698501,0.02804179
698502,0.02056172
698503,0.9354032
698504,0.94394916
698505,0.04915292
698506,0.8571755
698507,0.0037193783
698508,0.9963701
698509,0.045167007
698510,0.2764182
698511,0.92472
698512,0.92218745
698513,0.26941118
698514,0.34886393
698515,0.9586872
698516,0.018571144
698517,0.9683192
698518,0.9545946
698519,0.0027029873
698520,0.018837325
698521,0.998958
698522,0.8370901
698523,0.009755912
698524,0.6911019
698525,0.0072511393
698526,0.9886698
698527,0.9511703
698528,0.67953485
698529,0.75123036
698530,0.014740853
698531,0.97480094
698532,0.3014071
698533,0.99944085
698534,0.86306363
698535,0.28960216
698536,0.017960902
698537,0.0038184652
698538,0.031829968
698539,0.09467272
698540,0.9996654
698541,0.2738204
698542,0.9964469
698543,0.0220988
698544,0.0027040865
698545,0.15216926
698546,0.9878082
698547,0.2682771
698548,0.97638977
698549,0.9028096
698550,0.99983394
698551,0.9930241
698552,0.7900622
698553,0.019867707
698554,0.8616636
698555,0.99213815
698556,0.98422325
698557,0.010739992
698558,0.019310724
698559,0.2839036
698560,0.90233904
698561,0.09473414
698562,0.5099733
698563,0.99538356
698564,0.96027493
698565,0.37061018
698566,0.010916193
698567,0.34004945
698568,0.0965264
698569,0.9972455
698570,0.0071670683
698571,0.99244106
698572,0.98205394
698573,0.008808581
698574,0.017416019
698575,0.10502534
698576,0.94786894
698577,0.97439444
698578,0.825972
698579,0.8673212
698580,0.04364409
698581,0.9330597
698582,0.33277526
698583,0.07235905
698584,0.39666474
698585,0.97412443
698586,0.0025610009
698587,0.03315727
698588,0.0062540453
698589,0.6131105
698590,0.030363617
698591,0.99310184
698592,0.004364296
698593,0.8789405
698594,0.9899863
698595,0.16977909
698596,0.036968503
698597,0.083568424
698598,0.015553103
698599,0.96151334
698600,0.002652493
698601,0.53719336
698602,0.043381415
698603,0.99544376
698604,0.019664496
698605,0.9817467
698606,0.8742585
698607,0.9692433
698608,0.15527646
698609,0.9674071
698610,0.013725084
698611,0.98348856
698612,0.95534575
698613,0.14568248
698614,0.01755378
698615,0.85723937
698616,0.2204468
698617,0.09187335
698618,0.9994674
698619,0.8013251
698620,0.8570071
698621,0.9991276
698622,0.2817966
698623,0.98558295
698624,0.8261057
698625,0.015617
698626,0.20790981
698627,0.011796448
698628,0.90228975
698629,0.029188942
698630,0.64717317
698631,0.93475115
698632,0.7059464
698633,0.0042960923
698634,0.9376014
698635,0.5463544
698636,0.20600094
698637,0.68520606
698638,0.98965937
698639,0.01162005
698640,0.040536888
698641,0.062588066
698642,0.0021449055
698643,0.9425254
698644,0.052391253
698645,0.04566231
698646,0.8554969
698647,0.005171548
698648,0.9942585
698649,0.40014362
698650,0.9514612
698651,0.3047831
698652,0.96499497
698653,0.31273982
698654,0.06044834
698655,0.05311355
698656,0.015446958
698657,0.005364692
698658,0.017180886
698659,0.9666325
698660,0.9872972
698661,0.96978295
698662,0.72852206
698663,0.9619818
698664,0.9310237
698665,0.01954361
698666,0.13605967
698667,0.6833019
698668,0.066461936
698669,0.028167931
698670,0.0047491514
698671,0.012643477
698672,0.8570707
698673,0.0483052
698674,0.027295185
698675,0.036083218
698676,0.36999917
698677,0.14840896
698678,0.047104843
698679,0.02092182
698680,0.017360074
698681,0.045685068
698682,0.026388574
698683,0.02253417
698684,0.997307
698685,0.1560692
698686,0.021885924
698687,0.010455315
698688,0.24089229
698689,0.060799144
698690,0.00968242
698691,0.9473438
698692,0.3340165
698693,0.98051953
698694,0.9692156
698695,0.1347195
698696,0.0009519595
698697,0.18333715
698698,0.99974537
698699,0.9369205
698700,0.27144733
698701,0.70345205
698702,0.14178847
698703,0.47551727
698704,0.0054511046
698705,0.9134272
698706,0.01299896
698707,0.01392878
698708,0.39456105
698709,0.25369227
698710,0.61314636
698711,0.28319386
698712,0.9773364
698713,0.21420796
698714,0.90759116
698715,0.19878663
698716,0.03575182
698717,0.005826668
698718,0.9290663
698719,0.97603416
698720,0.018232098
698721,0.98219556
698722,0.8473526
698723,0.022123668
698724,0.09957434
698725,0.98844194
698726,0.9564384
698727,0.97140574
698728,0.35515648
698729,0.004570261
698730,0.21506162
698731,0.23411992
698732,0.011963626
698733,0.043379314
698734,0.69566786
698735,0.08646279
698736,0.011895643
698737,0.0072662225
698738,0.0050484454
698739,0.9843561
698740,0.0056422222
698741,0.9324358
698742,0.012175429
698743,0.0045779785
698744,0.020266082
698745,0.9724671
698746,0.06256273
698747,0.010029646
698748,0.96183383
698749,0.0332701
698750,0.014424093
698751,0.98649836
698752,0.95241547
698753,0.0028556057
698754,0.15352345
698755,0.046804447
698756,0.9861175
698757,0.72059333
698758,0.05037921
698759,0.02113496
698760,0.99026453
698761,0.46964568
698762,0.30893397
698763,0.029459693
698764,0.6814705
698765,0.13449928
698766,0.09347837
698767,0.9674753
698768,0.99537116
698769,0.7526692
698770,0.021932486
698771,0.94132876
698772,0.9463494
698773,0.997275
698774,0.992782
698775,0.016684052
698776,0.0025846197
698777,0.031548414
698778,0.43086654
698779,0.8953291
698780,0.9874822
698781,0.023537982
698782,0.9455941
698783,0.007342799
698784,0.1623303
698785,0.24693356
698786,0.8580656
698787,0.7932308
698788,0.36211875
698789,0.033663087
698790,0.7904214
698791,0.007572774
698792,0.65119565
698793,0.9970832
698794,0.8215409
698795,0.05306303
698796,0.05858772
698797,0.96441275
698798,0.86426836
698799,0.01430294
698800,0.008956721
698801,0.0036485032
698802,0.058068078
698803,0.5151453
698804,0.91139925
698805,0.1270554
698806,0.99599874
698807,0.7700336
698808,0.035927974
698809,0.87111485
698810,0.09657823
698811,0.09216473
698812,0.967324
698813,0.9935019
698814,0.04737652
698815,0.35069606
698816,0.120355934
698817,0.026549928
698818,0.021598652
698819,0.72523713
698820,0.040306866
698821,0.8237592
698822,0.07741242
698823,0.9728753
698824,0.075142615
698825,0.9463265
698826,0.9316005
698827,0.9785131
698828,0.88844776
698829,0.27406895
698830,0.10248421
698831,0.62797326
698832,0.121197864
698833,0.044859912
698834,0.9731696
698835,0.94293725
698836,0.049729947
698837,0.19945098
698838,0.18513408
698839,0.013633439
698840,0.76140016
698841,0.9901686
698842,0.040423788
698843,0.30329266
698844,0.0118705565
698845,0.99935144
698846,0.8669641
698847,0.088005975
698848,0.23205554
698849,0.96903896
698850,0.10771174
698851,0.25758743
698852,0.88542086
698853,0.6969917
698854,0.569034
698855,0.009193317
698856,0.98091716
698857,0.98753256
698858,0.00044507647
698859,0.65066826
698860,0.9949283
698861,0.9965566
698862,0.011286013
698863,0.12451767
698864,0.9494876
698865,0.09001038
698866,0.86709094
698867,0.030309698
698868,0.06874491
698869,0.06037507
698870,0.03992619
698871,0.93445754
698872,0.9726493
698873,0.08545226
698874,0.8616313
698875,0.046240028
698876,0.035653383
698877,0.996681
698878,0.01060057
698879,0.0018144479
698880,0.29973882
698881,0.031635176
698882,0.09419881
698883,0.1489937
698884,0.022455331
698885,0.055787608
698886,0.94708574
698887,0.48626167
698888,0.98995847
698889,0.12766364
698890,0.07678433
698891,0.025094844
698892,0.034452632
698893,0.012886195
698894,0.98271877
698895,0.003948681
698896,0.063341305
698897,0.9965579
698898,0.04684195
698899,0.80858755
698900,0.01773679
698901,0.44644648
698902,0.035065353
698903,0.53566325
698904,0.02388259
698905,0.71930104
698906,0.0029133845
698907,0.021439828
698908,0.0724138
698909,0.04916301
698910,0.9118078
698911,0.74109477
698912,0.17961477
698913,0.8563942
698914,0.91906273
698915,0.011672405
698916,0.843177
698917,0.43703035
698918,0.016604071
698919,0.32662234
698920,0.99279034
698921,0.09179568
698922,0.030652909
698923,0.13999611
698924,0.004226111
698925,0.85163283
698926,0.886906
698927,0.29331225
698928,0.98310065
698929,0.1028458
698930,0.6054982
698931,0.0056122653
698932,0.050747477
698933,0.020579807
698934,0.011758614
698935,0.9793486
698936,0.012168033
698937,0.0067994846
698938,0.93855786
698939,0.35687315
698940,0.89537156
698941,0.6077157
698942,0.9932736
698943,0.0025759859
698944,0.04742384
698945,0.1832572
698946,0.99720544
698947,0.9061227
698948,0.9987547
698949,0.88640714
698950,0.866427
698951,0.99465036
698952,0.96939605
698953,0.16031885
698954,0.9825864
698955,0.9771813
698956,0.0019521696
698957,0.35795388
698958,0.017976483
698959,0.8584115
698960,0.041755006
698961,0.013582602
698962,0.8675493
698963,0.043339793
698964,0.46209776
698965,0.9846486
698966,0.0075346287
698967,0.9124242
698968,0.9933558
698969,0.0029302996
698970,0.73101693
698971,0.02690226
698972,0.12847708
698973,0.74633074
698974,0.7424575
698975,0.0040482134
698976,0.012817355
698977,0.6019578
698978,0.16572855
698979,0.031465527
698980,0.026864888
698981,0.104746506
698982,0.9995677
698983,0.98741424
698984,0.012052256
698985,0.9952042
698986,0.006296049
698987,0.9865395
698988,0.9989008
698989,0.9182725
698990,0.012812464
698991,0.9527663
698992,0.4246726
698993,0.019894686
698994,0.19414945
698995,0.98855543
698996,0.99388695
698997,0.9854827
698998,0.11393575
698999,0.01075536
699000,0.0439456
699001,0.83166033
699002,0.015201852
699003,0.034593746
699004,0.318695
699005,0.11654683
699006,0.02431193
699007,0.6250783
699008,0.042960428
699009,0.817184
699010,0.9979098
699011,0.91172636
699012,0.75589573
699013,0.9872092
699014,0.98905486
699015,0.19280565
699016,0.157915
699017,0.10099399
699018,0.044615656
699019,0.026477152
699020,0.99582875
699021,0.12547606
699022,0.99030995
699023,0.98645324
699024,0.4455699
699025,0.5183803
699026,0.031333484
699027,0.3985116
699028,0.91563606
699029,0.87324935
699030,0.9988483
699031,0.0867251
699032,0.99721235
699033,0.68599737
699034,0.9811873
699035,0.9644393
699036,0.68138176
699037,0.6562476
699038,0.91757125
699039,0.24938866
699040,0.02860423
699041,0.004778318
699042,0.8194004
699043,0.9901493
699044,0.9012145
699045,0.0096722515
699046,0.9848987
699047,0.013736273
699048,0.06067232
699049,0.9908921
699050,0.99278516
699051,0.07619164
699052,0.74151486
699053,0.09069253
699054,0.9512664
699055,0.006303708
699056,0.9889276
699057,0.94568783
699058,0.006442054
699059,0.9216322
699060,0.56791997
699061,0.9287945
699062,0.14849019
699063,0.96866345
699064,0.09031443
699065,0.03504861
699066,0.99820125
699067,0.16231677
699068,0.48886633
699069,0.0034453901
699070,0.5670965
699071,0.049963422
699072,0.99254405
699073,0.51458156
699074,0.03228922
699075,0.99559987
699076,0.19077629
699077,0.0022871566
699078,0.051230963
699079,0.14446838
699080,0.00981842
699081,0.0053213467
699082,0.076107726
699083,0.7966829
699084,0.953015
699085,0.0138489185
699086,0.9591844
699087,0.0019451889
699088,0.1565394
699089,0.16926879
699090,0.9143203
699091,0.5545245
699092,0.0041973004
699093,0.021210982
699094,0.29842055
699095,0.9902774
699096,0.9966177
699097,0.101569496
699098,0.07598757
699099,0.48951453
699100,0.99578226
699101,0.13470104
699102,0.11915606
699103,0.96421355
699104,0.95801854
699105,0.062291287
699106,0.9864497
699107,0.7451583
699108,0.8448308
699109,0.02127109
699110,0.009651358
699111,0.056524847
699112,0.6685752
699113,0.89792323
699114,0.009380702
699115,0.066590145
699116,0.104722515
699117,0.6872506
699118,0.9858685
699119,0.962103
699120,0.3809489
699121,0.066087365
699122,0.25638965
699123,0.95846564
699124,0.9993103
699125,0.0013573387
699126,0.84137267
699127,0.6944783
699128,0.17456803
699129,0.8305565
699130,0.081366405
699131,0.9123834
699132,0.9628148
699133,0.040442556
699134,0.059897747
699135,0.028914321
699136,0.012340602
699137,0.44333008
699138,0.154581
699139,0.11145502
699140,0.67322284
699141,0.014198213
699142,0.8276617
699143,0.024126397
699144,0.9936259
699145,0.0049318625
699146,0.10657323
699147,0.09424422
699148,0.94447505
699149,0.99332947
699150,0.0096957525
699151,0.80990905
699152,0.6697102
699153,0.98075897
699154,0.7936062
699155,0.029246882
699156,0.9469019
699157,0.0045566945
699158,0.20089544
699159,0.98007536
699160,0.0023621095
699161,0.038009003
699162,0.12745064
699163,0.13233036
699164,0.0030983412
699165,0.93707645
699166,0.094511814
699167,0.035746604
699168,0.69741017
699169,0.12646121
699170,0.5902858
699171,0.004233506
699172,0.98292905
699173,0.0012670488
699174,0.9988119
699175,0.99335873
699176,0.08168923
699177,0.9454807
699178,0.034264766
699179,0.18299755
699180,0.8610567
699181,0.9356436
699182,0.9921007
699183,0.007563458
699184,0.89237255
699185,0.11989869
699186,0.017965015
699187,0.9538744
699188,0.99742657
699189,0.019118415
699190,0.9543783
699191,0.73708075
699192,0.22424224
699193,0.032750998
699194,0.9415221
699195,0.13566367
699196,0.9986012
699197,0.8700428
699198,0.35650718
699199,0.0695622
699200,0.009192346
699201,0.07272354
699202,0.9925225
699203,0.9677705
699204,0.020152252
699205,0.99565953
699206,0.0037908307
699207,0.027909473
699208,0.185384
699209,0.004128506
699210,0.016620517
699211,0.9942231
699212,0.9852937
699213,0.015391676
699214,0.7843963
699215,0.0037892673
699216,0.88798237
699217,0.15487666
699218,0.96859133
699219,0.022929357
699220,0.9013234
699221,0.069314934
699222,0.005937979
699223,0.077538356
699224,0.0059767077
699225,0.02854883
699226,0.08026774
699227,0.41881046
699228,0.9414194
699229,0.2867966
699230,0.5797716
699231,0.92699414
699232,0.0058801007
699233,0.014819309
699234,0.042963125
699235,0.99433315
699236,0.05755988
699237,0.85807914
699238,0.2670737
699239,0.022390502
699240,0.9157852
699241,0.039453696
699242,0.8845097
699243,0.355762
699244,0.056389544
699245,0.13185486
699246,0.98550105
699247,0.9946759
699248,0.18471046
699249,0.9770509
699250,0.011092854
699251,0.0042673335
699252,0.028966617
699253,0.1035137
699254,0.01836113
699255,0.110734016
699256,0.18824044
699257,0.9723444
699258,0.910533
699259,0.054072917
699260,0.003303757
699261,0.005284446
699262,0.007859588
699263,0.068522125
699264,0.055674776
699265,0.032071717
699266,0.22866035
699267,0.99768025
699268,0.0096958075
699269,0.17403446
699270,0.1241215
699271,0.025313344
699272,0.95859855
699273,0.99206245
699274,0.17326683
699275,0.004988422
699276,0.01756146
699277,0.7858886
699278,0.83939856
699279,0.008499183
699280,0.8121731
699281,0.019428734
699282,0.093405545
699283,0.7690512
699284,0.017978204
699285,0.96941334
699286,0.9994638
699287,0.0031018697
699288,0.98206455
699289,0.8403814
699290,0.08168581
699291,0.99123
699292,0.78074497
699293,0.01658782
699294,0.983585
699295,0.1970548
699296,0.003068053
699297,0.9994327
699298,0.844137
699299,0.7767968
699300,0.6553215
699301,0.008936677
699302,0.87128574
699303,0.007719853
699304,0.009882785
699305,0.40151042
699306,0.9754164
699307,0.112846375
699308,0.94111377
699309,0.032281943
699310,0.94535935
699311,0.99620014
699312,0.021411695
699313,0.982637
699314,0.81165206
699315,0.008663113
699316,0.89410484
699317,0.7532025
699318,0.008329503
699319,0.027065307
699320,0.19931714
699321,0.98900753
699322,0.9933361
699323,0.2904713
699324,0.015311885
699325,0.008530198
699326,0.017379535
699327,0.93558556
699328,0.9841397
699329,0.04562746
699330,0.8254195
699331,0.048844054
699332,0.12127143
699333,0.9789631
699334,0.012435546
699335,0.6262237
699336,0.9815452
699337,0.010255422
699338,0.0072412207
699339,0.27675414
699340,0.8742347
699341,0.0762441
699342,0.8083358
699343,0.36241513
699344,0.94166154
699345,0.9139313
699346,0.02258736
699347,0.013298534
699348,0.14576226
699349,0.32928714
699350,0.76701295
699351,0.9972402
699352,0.10404003
699353,0.01191856
699354,0.928023
699355,0.087645166
699356,0.979629
699357,0.029391173
699358,0.033496704
699359,0.25509518
699360,0.8609878
699361,0.994925
699362,0.9997047
699363,0.007785399
699364,0.007036356
699365,0.72973174
699366,0.0065478873
699367,0.9087132
699368,0.7395948
699369,0.9709937
699370,0.011126268
699371,0.019443143
699372,0.38706672
699373,0.95101464
699374,0.029421791
699375,0.9655712
699376,0.011348655
699377,0.9998455
699378,0.8839366
699379,0.16406053
699380,0.9997006
699381,0.071683645
699382,0.85652244
699383,0.05793796
699384,0.9609159
699385,0.8730791
699386,0.025275227
699387,0.9814684
699388,0.055610176
699389,0.4278971
699390,0.89861697
699391,0.98370296
699392,0.17277808
699393,0.9915141
699394,0.75440466
699395,0.021949805
699396,0.018785834
699397,0.9920981
699398,0.61431694
699399,0.9971232
699400,0.0069354
699401,0.006636357
699402,0.0032712573
699403,0.82469726
699404,0.99595416
699405,0.9968748
699406,0.028093994
699407,0.13604267
699408,0.62840366
699409,0.016334612
699410,0.6998247
699411,0.27083904
699412,0.99801904
699413,0.9747211
699414,0.86031485
699415,0.012727012
699416,0.08873237
699417,0.99984086
699418,0.28522712
699419,0.9180634
699420,0.023502812
699421,0.56852806
699422,0.96702725
699423,0.80412406
699424,0.031540222
699425,0.12317938
699426,0.5932368
699427,0.9486544
699428,0.15169007
699429,0.01256509
699430,0.9959945
699431,0.028959677
699432,0.024688534
699433,0.06168807
699434,0.07170584
699435,0.11956534
699436,0.046750084
699437,0.25163308
699438,0.9176137
699439,0.2409913
699440,0.009198938
699441,0.013012134
699442,0.9840358
699443,0.70655847
699444,0.78466105
699445,0.9416912
699446,0.3709088
699447,0.9593182
699448,0.022057593
699449,0.87958884
699450,0.0035335934
699451,0.9965199
699452,0.98830855
699453,0.9923298
699454,0.004344194
699455,0.011320075
699456,0.014584891
699457,0.0116941715
699458,0.09257895
699459,0.040590893
699460,0.9304732
699461,0.4710484
699462,0.0431645
699463,0.76608413
699464,0.77394617
699465,0.0053734565
699466,0.0035795525
699467,0.019011257
699468,0.42863476
699469,0.23482996
699470,0.006614837
699471,0.98002267
699472,0.2012728
699473,0.33150467
699474,0.8652168
699475,0.76645315
699476,0.9794397
699477,0.9782509
699478,0.9262081
699479,0.006161661
699480,0.01112084
699481,0.9902856
699482,0.5502869
699483,0.74472123
699484,0.006122451
699485,0.37961483
699486,0.85724413
699487,0.20244566
699488,0.8757093
699489,0.90098745
699490,0.009064045
699491,0.43316415
699492,0.03665328
699493,0.0077649956
699494,0.02218482
699495,0.980237
699496,0.012442357
699497,0.7790609
699498,0.87008977
699499,0.9408295
699500,0.059476398
699501,0.58048624
699502,0.011540915
699503,0.8093876
699504,0.9624084
699505,0.84863985
699506,0.9853179
699507,0.05284582
699508,0.308742
699509,0.012607952
699510,0.40749234
699511,0.0069524143
699512,0.4402141
699513,0.042544246
699514,0.9979622
699515,0.34081686
699516,0.9651251
699517,0.023164188
699518,0.011027978
699519,0.15105745
699520,0.9596223
699521,0.0427266
699522,0.9897096
699523,0.64658844
699524,0.06453991
699525,0.98311627
699526,0.01619062
699527,0.95154625
699528,0.95765436
699529,0.8699532
699530,0.042790927
699531,0.0073210755
699532,0.9990401
699533,0.977999
699534,0.45544422
699535,0.011046369
699536,0.25133303
699537,0.021752264
699538,0.99979126
699539,0.025149005
699540,0.10484407
699541,0.9802384
699542,0.036399864
699543,0.13922876
699544,0.99712425
699545,0.49992818
699546,0.7262948
699547,0.9669919
699548,0.9222323
699549,0.5020878
699550,0.022685014
699551,0.99108386
699552,0.9032
699553,0.45040601
699554,0.023141535
699555,0.99242353
699556,0.052018844
699557,0.05902818
699558,0.62630236
699559,0.94725746
699560,0.016335279
699561,0.05619736
699562,0.914852
699563,0.06035086
699564,0.013643232
699565,0.098468326
699566,0.12640628
699567,0.9960172
699568,0.9978812
699569,0.99843
699570,0.028595056
699571,0.1781434
699572,0.012145706
699573,0.006144043
699574,0.010042563
699575,0.47596452
699576,0.5410228
699577,0.008621409
699578,0.5624327
699579,0.49966705
699580,0.9035402
699581,0.8353898
699582,0.91165
699583,0.8257257
699584,0.040080644
699585,0.5506788
699586,0.8211006
699587,0.92416096
699588,0.82428575
699589,0.9656246
699590,0.04086676
699591,0.0036033134
699592,0.9764311
699593,0.9941992
699594,0.9969556
699595,0.91841704
699596,0.6647318
699597,0.98563844
699598,0.58973926
699599,0.9851137
699600,0.9820131
699601,0.4131322
699602,0.96170485
699603,0.99584776
699604,0.014275619
699605,0.0068361475
699606,0.9646913
699607,0.993595
699608,0.13492464
699609,0.963974
699610,0.9795415
699611,0.054357395
699612,0.99538517
699613,0.7551861
699614,0.119942166
699615,0.008226349
699616,0.865955
699617,0.9948972
699618,0.9272861
699619,0.90220165
699620,0.040025447
699621,0.10096201
699622,0.9969723
699623,0.962461
699624,0.7841324
699625,0.78881466
699626,0.8639193
699627,0.0019350881
699628,0.01858992
699629,0.41554177
699630,0.5663232
699631,0.05955103
699632,0.8315652
699633,0.6747255
699634,0.065983884
699635,0.0023438588
699636,0.99481374
699637,0.6677022
699638,0.9807201
699639,0.18129696
699640,0.0063104103
699641,0.011178137
699642,0.29537758
699643,0.022012793
699644,0.7587714
699645,0.030054333
699646,0.20303196
699647,0.999178
699648,0.9992544
699649,0.102190904
699650,0.03005175
699651,0.011023833
699652,0.05993278
699653,0.41254604
699654,0.0120433
699655,0.1271007
699656,0.9728357
699657,0.5413122
699658,0.92586255
699659,0.09286698
699660,0.98916316
699661,0.03912341
699662,0.9488572
699663,0.02037666
699664,0.020402333
699665,0.9960638
699666,0.9668293
699667,0.1829481
699668,0.9516239
699669,0.9630767
699670,0.42837298
699671,0.8263502
699672,0.0021418594
699673,0.9635496
699674,0.1786631
699675,0.082810454
699676,0.87528443
699677,0.7612897
699678,0.8742855
699679,0.070867725
699680,0.018079296
699681,0.93767345
699682,0.051125675
699683,0.4017955
699684,0.007488833
699685,0.019240234
699686,0.008733019
699687,0.012687146
699688,0.974095
699689,0.048469096
699690,0.028662978
699691,0.94599044
699692,0.12269407
699693,0.9784107
699694,0.8538042
699695,0.93961227
699696,0.992686
699697,0.010824374
699698,0.0067381957
699699,0.9262601
699700,0.020471735
699701,0.28159216
699702,0.01735692
699703,0.99877375
699704,0.30497032
699705,0.567588
699706,0.9674184
699707,0.011892248
699708,0.09872664
699709,0.46536154
699710,0.816451
699711,0.05250214
699712,0.002833643
699713,0.8488029
699714,0.6953701
699715,0.6411452
699716,0.24932888
699717,0.8651528
699718,0.9858228
699719,0.59246606
699720,0.3812707
699721,0.22343639
699722,0.9171692
699723,0.6402763
699724,0.9637273
699725,0.7432876
699726,0.05707524
699727,0.053567216
699728,0.82620764
699729,0.0006361117
699730,0.9377457
699731,0.0027544359
699732,0.99157536
699733,0.5836958
699734,0.91819763
699735,0.0040456597
699736,0.054837473
699737,0.9081021
699738,0.18163916
699739,0.008909204
699740,0.0030243744
699741,0.13490853
699742,0.1414969
699743,0.030028611
699744,0.97551435
699745,0.014578033
699746,0.97668755
699747,0.88354796
699748,0.17765875
699749,0.9259436
699750,0.99909896
699751,0.25612468
699752,0.23151222
699753,0.3924594
699754,0.99029833
699755,0.014762251
699756,0.0044282456
699757,0.66290236
699758,0.7212451
699759,0.9134731
699760,0.086321175
699761,0.9894377
699762,0.9938346
699763,0.117427625
699764,0.9028592
699765,0.06984117
699766,0.23438409
699767,0.9961532
699768,0.9717383
699769,0.086611375
699770,0.05607411
699771,0.016683202
699772,0.04586818
699773,0.27995452
699774,0.06318431
699775,0.98505425
699776,0.017299999
699777,0.0618795
699778,0.123626545
699779,0.5690298
699780,0.09942706
699781,0.35641503
699782,0.941979
699783,0.9522563
699784,0.028190224
699785,0.12256192
699786,0.26715088
699787,0.07027807
699788,0.9160644
699789,0.0024843111
699790,0.7515628
699791,0.11606197
699792,0.95201033
699793,0.012444318
699794,0.0067131533
699795,0.8051273
699796,0.82515955
699797,0.91383207
699798,0.00865821
699799,0.88148165
699800,0.82523483
699801,0.0152307395
699802,0.9930833
699803,0.55541676
699804,0.0968567
699805,0.9874983
699806,0.9992712
699807,0.2857026
699808,0.99177474
699809,0.06884302
699810,0.995161
699811,0.059139244
699812,0.13132359
699813,0.56688726
699814,0.97299635
699815,0.014935804
699816,0.99865556
699817,0.9970022
699818,0.005633986
699819,0.041911766
699820,0.99701405
699821,0.0022982885
699822,0.41390732
699823,0.9988922
699824,0.68708605
699825,0.8631714
699826,0.9952733
699827,0.010990793
699828,0.020445667
699829,0.047209434
699830,0.8510071
699831,0.77434856
699832,0.028763864
699833,0.00915345
699834,0.98783845
699835,0.0128367245
699836,0.01639634
699837,0.65502894
699838,0.32864153
699839,0.01663686
699840,0.97542405
699841,0.36488575
699842,0.43986866
699843,0.004308873
699844,0.01922789
699845,0.9924102
699846,0.720004
699847,0.994186
699848,0.98486817
699849,0.26113856
699850,0.024420166
699851,0.032462973
699852,0.99584097
699853,0.07731549
699854,0.031954214
699855,0.39219528
699856,0.8984756
699857,0.9956416
699858,0.94659877
699859,0.06336386
699860,0.6324829
699861,0.81185395
699862,0.041552193
699863,0.95469195
699864,0.32592666
699865,0.9612039
699866,0.035265524
699867,0.9883829
699868,0.58433145
699869,0.9926009
699870,0.8970444
699871,0.9430283
699872,0.92666924
699873,0.98595893
699874,0.9878715
699875,0.876809
699876,0.9185535
699877,0.9185991
699878,0.70957226
699879,0.9249334
699880,0.80141866
699881,0.16093032
699882,0.14137238
699883,0.032456435
699884,0.94374263
699885,0.08779566
699886,0.07149406
699887,0.13727184
699888,0.9858801
699889,0.98937106
699890,0.9984324
699891,0.8930364
699892,0.12720808
699893,0.99341327
699894,0.13930191
699895,0.9185681
699896,0.9251272
699897,0.14084585
699898,0.0060999664
699899,0.035286877
699900,0.34357882
699901,0.096593715
699902,0.007550269
699903,0.0057742847
699904,0.046375096
699905,0.012149338
699906,0.8789693
699907,0.90205723
699908,0.22041537
699909,0.020783849
699910,0.22604284
699911,0.9893403
699912,0.013754133
699913,0.18664795
699914,0.5157908
699915,0.022525802
699916,0.97323173
699917,0.14760794
699918,0.015626226
699919,0.5414329
699920,0.04468164
699921,0.91794306
699922,0.7703317
699923,0.060495503
699924,0.71934116
699925,0.035126187
699926,0.9728914
699927,0.83081925
699928,0.292448
699929,0.10265801
699930,0.7800133
699931,0.76527375
699932,0.99645513
699933,0.8149656
699934,0.00821693
699935,0.9908762
699936,0.9904318
699937,0.92461634
699938,0.020407366
699939,0.027592357
699940,0.0039387606
699941,0.46954185
699942,0.75405514
699943,0.049598575
699944,0.032017834
699945,0.975001
699946,0.048286334
699947,0.0050960453
699948,0.9958124
699949,0.074159466
699950,0.16011308
699951,0.9366562
699952,0.09423575
699953,0.9736297
699954,0.9084505
699955,0.74557865
699956,0.96380615
699957,0.12032485
699958,0.01243704
699959,0.08536246
699960,0.14390978
699961,0.016149893
699962,0.9270319
699963,0.14065474
699964,0.9976888
699965,0.93235993
699966,0.83448863
699967,0.08643238
699968,0.9868989
699969,0.06022616
699970,0.7546584
699971,0.99849
699972,0.9836621
699973,0.93004143
699974,0.9357942
699975,0.9956014
699976,0.96679103
699977,0.0052784206
699978,0.98404104
699979,0.03445629
699980,0.004205279
699981,0.54336774
699982,0.055685267
699983,0.033390004
699984,0.09704738
699985,0.023250151
699986,0.9908619
699987,0.033602957
699988,0.9304192
699989,0.005197822
699990,0.96290976
699991,0.0015559774
699992,0.8921401
699993,0.8209413
699994,0.0077762883
699995,0.009072846
699996,0.0024430049
699997,0.9773852
699998,0.0042228075
699999,0.979256
700000,0.987852
700001,0.53351307
700002,0.00927283
700003,0.008945337
700004,0.8788264
700005,0.57795286
700006,0.3580747
700007,0.004099087
700008,0.044234045
700009,0.9759221
700010,0.024517374
700011,0.6170547
700012,0.0012761435
700013,0.028059687
700014,0.96851736
700015,0.02611582
700016,0.5470407
700017,0.17520043
700018,0.03749922
700019,0.94188964
700020,0.4507025
700021,0.12232107
700022,0.012706107
700023,0.23193933
700024,0.98417264
700025,0.012208509
700026,0.149818
700027,0.03830721
700028,0.014431689
700029,0.039265633
700030,0.052913368
700031,0.16890754
700032,0.063772984
700033,0.06370504
700034,0.20034155
700035,0.90032995
700036,0.3838852
700037,0.011863608
700038,0.04050974
700039,0.026234902
700040,0.13321026
700041,0.9848023
700042,0.99656737
700043,0.030034149
700044,0.34478343
700045,0.13571867
700046,0.9988653
700047,0.013329072
700048,0.9522381
700049,0.006983691
700050,0.013459161
700051,0.035349987
700052,0.020500133
700053,0.0931058
700054,0.0039019934
700055,0.9109959
700056,0.0049870517
700057,0.011385609
700058,0.9651148
700059,0.029061891
700060,0.88001406
700061,0.99569273
700062,0.9886271
700063,0.0039204657
700064,0.92451966
700065,0.9623653
700066,0.008510005
700067,0.008157989
700068,0.9922926
700069,0.9893728
700070,0.20903623
700071,0.0055954386
700072,0.98601246
700073,0.020642275
700074,0.054467566
700075,0.14592351
700076,0.9801475
700077,0.9582964
700078,0.99000347
700079,0.061803613
700080,0.29054695
700081,0.30938673
700082,0.11405792
700083,0.98954207
700084,0.3432062
700085,0.8329116
700086,0.77759635
700087,0.042223245
700088,0.47035685
700089,0.008657769
700090,0.017371668
700091,0.033586375
700092,0.0592416
700093,0.823536
700094,0.77436745
700095,0.57290876
700096,0.7563711
700097,0.03144023
700098,0.21954429
700099,0.8727663
700100,0.9777733
700101,0.006378946
700102,0.9876747
700103,0.30621472
700104,0.99873877
700105,0.99156797
700106,0.9880112
700107,0.9336596
700108,0.55847806
700109,0.017010797
700110,0.9193413
700111,0.9683608
700112,0.6436486
700113,0.33647186
700114,0.0057878806
700115,0.023719704
700116,0.8934189
700117,0.017685289
700118,0.026694868
700119,0.0687774
700120,0.44535902
700121,0.73685026
700122,0.011479996
700123,0.57145774
700124,0.33320552
700125,0.9621083
700126,0.9651884
700127,0.004168489
700128,0.12689
700129,0.9685253
700130,0.33290014
700131,0.19843292
700132,0.017758377
700133,0.9903767
700134,0.98202944
700135,0.21783362
700136,0.007954641
700137,0.8895408
700138,0.0651126
700139,0.017285524
700140,0.600379
700141,0.014672757
700142,0.46558154
700143,0.34364715
700144,0.9945178
700145,0.027685346
700146,0.09934092
700147,0.95310587
700148,0.10916158
700149,0.51791954
700150,0.85728395
700151,0.043379154
700152,0.84966433
700153,0.98259866
700154,0.34156987
700155,0.98675084
700156,0.9978467
700157,0.9524718
700158,0.9939304
700159,0.77463967
700160,0.82075816
700161,0.008868451
700162,0.85348415
700163,0.0494136
700164,0.9173527
700165,0.90425587
700166,0.012721739
700167,0.010519529
700168,0.010691405
700169,0.15769206
700170,0.15778376
700171,0.37980077
700172,0.29371524
700173,0.4304882
700174,0.07917356
700175,0.008032349
700176,0.9862574
700177,0.9994782
700178,0.06331277
700179,0.99443424
700180,0.039970618
700181,0.98779655
700182,0.008466145
700183,0.016042937
700184,0.08207138
700185,0.111145034
700186,0.0151911825
700187,0.59116906
700188,0.1363377
700189,0.6213464
700190,0.9876161
700191,0.14851692
700192,0.7859817
700193,0.82846224
700194,0.021031637
700195,0.026902992
700196,0.96951604
700197,0.95903736
700198,0.59397507
700199,0.0044388464
700200,0.6626627
700201,0.08886084
700202,0.6883718
700203,0.99787885
700204,0.22707248
700205,0.0012634947
700206,0.6111745
700207,0.45418894
700208,0.93209726
700209,0.047899853
700210,0.7661027
700211,0.847693
700212,0.035457555
700213,0.060128607
700214,0.19129223
700215,0.99658567
700216,0.033414964
700217,0.0034367465
700218,0.99366844
700219,0.6005623
700220,0.1604785
700221,0.6798018
700222,0.8257266
700223,0.16626906
700224,0.70076424
700225,0.98771036
700226,0.65136266
700227,0.005998045
700228,0.69504637
700229,0.3795194
700230,0.9961491
700231,0.020170517
700232,0.0042318655
700233,0.8984277
700234,0.9259551
700235,0.13210584
700236,0.99525666
700237,0.003819794
700238,0.0074952305
700239,0.018035036
700240,0.9632361
700241,0.04100378
700242,0.98409224
700243,0.059633132
700244,0.83483315
700245,0.09811943
700246,0.02071989
700247,0.071741454
700248,0.68502617
700249,0.024945047
700250,0.996413
700251,0.12067561
700252,0.007863643
700253,0.9864781
700254,0.0963088
700255,0.90855384
700256,0.12238268
700257,0.16952814
700258,0.014261438
700259,0.92986745
700260,0.96469915
700261,0.011724515
700262,0.99462724
700263,0.31243452
700264,0.986669
700265,0.00842247
700266,0.69357944
700267,0.8311799
700268,0.99680096
700269,0.017756458
700270,0.002883626
700271,0.55222094
700272,0.9786982
700273,0.5113623
700274,0.03677855
700275,0.7334898
700276,0.9682584
700277,0.59204775
700278,0.6777923
700279,0.6117827
700280,0.0061301757
700281,0.015162482
700282,0.029037956
700283,0.0448795
700284,0.901257
700285,0.58624494
700286,0.59431386
700287,0.9980809
700288,0.99422544
700289,0.79238284
700290,0.02613847
700291,0.64648837
700292,0.58985865
700293,0.020855445
700294,0.40450466
700295,0.19131753
700296,0.019416675
700297,0.94600713
700298,0.96337825
700299,0.12009726
700300,0.34599894
700301,0.06937988
700302,0.023911491
700303,0.95284903
700304,0.81054294
700305,0.95161235
700306,0.7562194
700307,0.026566226
700308,0.9364467
700309,0.0074443268
700310,0.011217819
700311,0.05044482
700312,0.032763004
700313,0.9974785
700314,0.0126547795
700315,0.41382495
700316,0.70058686
700317,0.0028829766
700318,0.012305954
700319,0.05127285
700320,0.02108262
700321,0.954196
700322,0.9975172
700323,0.04225783
700324,0.15442573
700325,0.9508594
700326,0.42262805
700327,0.021680566
700328,0.4347049
700329,0.9778029
700330,0.11681113
700331,0.91264707
700332,0.49490806
700333,0.60314524
700334,0.21235949
700335,0.8030478
700336,0.9619611
700337,0.5165733
700338,0.92792624
700339,0.3415508
700340,0.85340583
700341,0.025263725
700342,0.77260804
700343,0.99080515
700344,0.040915772
700345,0.9978911
700346,0.009428
700347,0.48809314
700348,0.92026424
700349,0.33957195
700350,0.99959207
700351,0.9818058
700352,0.007483287
700353,0.4174844
700354,0.4836553
700355,0.45566857
700356,0.054322306
700357,0.046417966
700358,0.3600483
700359,0.9727323
700360,0.051953584
700361,0.8031994
700362,0.52592707
700363,0.9982205
700364,0.0841907
700365,0.0019542791
700366,0.026850693
700367,0.12620507
700368,0.44988206
700369,0.2017597
700370,0.79434806
700371,0.98059744
700372,0.011158055
700373,0.66252613
700374,0.038143277
700375,0.43958175
700376,0.09817645
700377,0.5650499
700378,0.9612191
700379,0.8038174
700380,0.9711752
700381,0.006909868
700382,0.23420385
700383,0.17560361
700384,0.8426369
700385,0.30078724
700386,0.12953022
700387,0.9950014
700388,0.005950307
700389,0.21180905
700390,0.05639418
700391,0.6466258
700392,0.79630977
700393,0.64513916
700394,0.49632686
700395,0.76079065
700396,0.7197532
700397,0.74839246
700398,0.9966599
700399,0.0037738096
700400,0.9925929
700401,0.71985984
700402,0.4866373
700403,0.9126554
700404,0.21248955
700405,0.5489093
700406,0.9781204
700407,0.5031341
700408,0.99673903
700409,0.80680203
700410,0.9715388
700411,0.02503597
700412,0.99622524
700413,0.13205926
700414,0.004519644
700415,0.69492626
700416,0.1055731
700417,0.62681156
700418,0.022136418
700419,0.4483667
700420,0.032964047
700421,0.29992294
700422,0.18454783
700423,0.999201
700424,0.2591589
700425,0.36152202
700426,0.020728849
700427,0.79629046
700428,0.94294477
700429,0.98850214
700430,0.1182645
700431,0.025449883
700432,0.8077133
700433,0.04367086
700434,0.99486846
700435,0.44208446
700436,0.18495819
700437,0.03949527
700438,0.61385226
700439,0.789239
700440,0.99733037
700441,0.009396853
700442,0.9954873
700443,0.62608105
700444,0.03069925
700445,0.29309803
700446,0.22505224
700447,0.09682825
700448,0.048097435
700449,0.09908568
700450,0.98454106
700451,0.97013867
700452,0.0036870346
700453,0.3045011
700454,0.00930595
700455,0.021436188
700456,0.032346092
700457,0.04362136
700458,0.86032385
700459,0.12864272
700460,0.02532617
700461,0.9264865
700462,0.0018497859
700463,0.008636287
700464,0.9352761
700465,0.9072859
700466,0.039310873
700467,0.99096525
700468,0.045649573
700469,0.8015142
700470,0.009903079
700471,0.13199788
700472,0.8030677
700473,0.97895813
700474,0.9230815
700475,0.41219264
700476,0.16712487
700477,0.1291654
700478,0.87647283
700479,0.0123561425
700480,0.3134555
700481,0.9485626
700482,0.012188863
700483,0.9987713
700484,0.6339189
700485,0.040315583
700486,0.89334047
700487,0.9020467
700488,0.25457105
700489,0.20114994
700490,0.29465678
700491,0.023107382
700492,0.005386031
700493,0.03847309
700494,0.056785557
700495,0.86807895
700496,0.98436034
700497,0.006906919
700498,0.0058598076
700499,0.8401533
700500,0.9908
700501,0.99759203
700502,0.45321065
700503,0.879976
700504,0.017564509
700505,0.8317824
700506,0.014469036
700507,0.08502653
700508,0.29442614
700509,0.99832106
700510,0.8859424
700511,0.91259617
700512,0.13635978
700513,0.99147093
700514,0.99657685
700515,0.017978093
700516,0.023276255
700517,0.021764968
700518,0.007159358
700519,0.9819492
700520,0.7923418
700521,0.81832224
700522,0.9370688
700523,0.07139021
700524,0.9977284
700525,0.0106907785
700526,0.15526614
700527,0.93299985
700528,0.78045565
700529,0.8845979
700530,0.5225253
700531,0.20266744
700532,0.98061585
700533,0.9207665
700534,0.12149804
700535,0.0036923117
700536,0.5853421
700537,0.99118936
700538,0.2754853
700539,0.2304985
700540,0.3177621
700541,0.04983308
700542,0.21782479
700543,0.021194175
700544,0.9979733
700545,0.0034235318
700546,0.37448096
700547,0.17715555
700548,0.99529463
700549,0.9728157
700550,0.103315696
700551,0.016342662
700552,0.82973546
700553,0.05439203
700554,0.0042643175
700555,0.8855163
700556,0.96800184
700557,0.99251354
700558,0.77442944
700559,0.03984911
700560,0.039549116
700561,0.19548826
700562,0.001773531
700563,0.57753956
700564,0.69086045
700565,0.09289332
700566,0.301157
700567,0.9975045
700568,0.060744084
700569,0.012956173
700570,0.949293
700571,0.9864049
700572,0.81829596
700573,0.16378014
700574,0.9969001
700575,0.10814459
700576,0.011333813
700577,0.93757
700578,0.8337281
700579,0.0023786372
700580,0.50379074
700581,0.004937432
700582,0.005803418
700583,0.29605943
700584,0.07210429
700585,0.018944107
700586,0.6725007
700587,0.024341615
700588,0.89876115
700589,0.9770286
700590,0.007578199
700591,0.015946686
700592,0.48067045
700593,0.0036208925
700594,0.14599136
700595,0.9635988
700596,0.0029609543
700597,0.97134614
700598,0.31701878
700599,0.9983749
700600,0.057743274
700601,0.6615499
700602,0.9887787
700603,0.017318223
700604,0.67463756
700605,0.9889373
700606,0.028376408
700607,0.9909877
700608,0.9783379
700609,0.5174299
700610,0.17417976
700611,0.02805875
700612,0.05120367
700613,0.42786703
700614,0.95480263
700615,0.2777955
700616,0.9818512
700617,0.14524306
700618,0.009183027
700619,0.92047626
700620,0.45319146
700621,0.0200334
700622,0.7303082
700623,0.007889524
700624,0.2877927
700625,0.707577
700626,0.99948657
700627,0.5579195
700628,0.03524229
700629,0.9865131
700630,0.9158159
700631,0.9906005
700632,0.786941
700633,0.0075014313
700634,0.23164293
700635,0.9407233
700636,0.7063682
700637,0.6087638
700638,0.99601835
700639,0.48900104
700640,0.8454963
700641,0.40658405
700642,0.18516716
700643,0.02155736
700644,0.98339796
700645,0.0014765039
700646,0.04279849
700647,0.90427303
700648,0.98764193
700649,0.99961734
700650,0.06466951
700651,0.01911671
700652,0.99625766
700653,0.9713955
700654,0.9174466
700655,0.24848649
700656,0.27378103
700657,0.9954576
700658,0.9489931
700659,0.6200767
700660,0.07058519
700661,0.11207579
700662,0.92554426
700663,0.1287439
700664,0.049299367
700665,0.014809693
700666,0.15901126
700667,0.9560348
700668,0.97035503
700669,0.019127512
700670,0.043481234
700671,0.41151702
700672,0.21899757
700673,0.9934311
700674,0.2875588
700675,0.6519001
700676,0.4606772
700677,0.16945243
700678,0.8889642
700679,0.50850606
700680,0.0010051717
700681,0.9866608
700682,0.14577514
700683,0.94948536
700684,0.0035726945
700685,0.2777586
700686,0.08108684
700687,0.91637003
700688,0.9996816
700689,0.05029032
700690,0.013558483
700691,0.05797411
700692,0.04647231
700693,0.09914957
700694,0.99902606
700695,0.99114215
700696,0.21818328
700697,0.8143427
700698,0.42709127
700699,0.8773597
700700,0.03203157
700701,0.0075612064
700702,0.017589964
700703,0.6209007
700704,0.962339
700705,0.112788744
700706,0.8609923
700707,0.90108824
700708,0.76147187
700709,0.0047483966
700710,0.9496679
700711,0.012179751
700712,0.88517076
700713,0.1575226
700714,0.9902272
700715,0.004183287
700716,0.032844122
700717,0.1751235
700718,0.6730541
700719,0.97968763
700720,0.026338806
700721,0.2328595
700722,0.01899418
700723,0.027290825
700724,0.9910681
700725,0.8457098
700726,0.69255507
700727,0.09218142
700728,0.031021481
700729,0.06478561
700730,0.008223019
700731,0.9796828
700732,0.06333394
700733,0.0037038713
700734,0.03788512
700735,0.03465951
700736,0.0065015205
700737,0.22480418
700738,0.024236346
700739,0.967728
700740,0.97775674
700741,0.9860107
700742,0.8201982
700743,0.31288898
700744,0.053764753
700745,0.23162094
700746,0.4475269
700747,0.9737113
700748,0.99114895
700749,0.993692
700750,0.91173965
700751,0.038406998
700752,0.5348712
700753,0.0061135814
700754,0.03772068
700755,0.68321824
700756,0.961081
700757,0.9538437
700758,0.07343688
700759,0.02133734
700760,0.94002604
700761,0.04222184
700762,0.23399822
700763,0.7870649
700764,0.985053
700765,0.9224726
700766,0.4579517
700767,0.04142568
700768,0.78756505
700769,0.04998234
700770,0.90994644
700771,0.99774474
700772,0.9804226
700773,0.9855806
700774,0.2297656
700775,0.0049969517
700776,0.99853015
700777,0.118441395
700778,0.04812128
700779,0.9122966
700780,0.0052705826
700781,0.9307722
700782,0.02869917
700783,0.968691
700784,0.008526141
700785,0.9927275
700786,0.9628092
700787,0.004051454
700788,0.97151107
700789,0.48309827
700790,0.39528066
700791,0.3669505
700792,0.048062965
700793,0.025292002
700794,0.981676
700795,0.02407556
700796,0.02058507
700797,0.35063925
700798,0.9887716
700799,0.114709355
700800,0.9764483
700801,0.71958953
700802,0.99602365
700803,0.044697158
700804,0.98876613
700805,0.92999583
700806,0.57349926
700807,0.9994265
700808,0.4119292
700809,0.00071882363
700810,0.92147636
700811,0.03243636
700812,0.8803176
700813,0.028010335
700814,0.06957832
700815,0.4295605
700816,0.06627645
700817,0.9759319
700818,0.010316036
700819,0.03838413
700820,0.98361397
700821,0.029687501
700822,0.971011
700823,0.043016747
700824,0.035406172
700825,0.1665682
700826,0.055687457
700827,0.9995595
700828,0.030243007
700829,0.029995818
700830,0.9700661
700831,0.118181795
700832,0.48416805
700833,0.034562927
700834,0.032711174
700835,0.33364347
700836,0.8800847
700837,0.3623733
700838,0.053128585
700839,0.012734391
700840,0.007461464
700841,0.70888734
700842,0.9107108
700843,0.36509138
700844,0.4923091
700845,0.33615714
700846,0.5696748
700847,0.008190343
700848,0.9976701
700849,0.84779125
700850,0.023492245
700851,0.08053856
700852,0.009740684
700853,0.7401146
700854,0.43855855
700855,0.005823217
700856,0.0625043
700857,0.011251355
700858,0.22205752
700859,0.14287561
700860,0.0035623522
700861,0.053160347
700862,0.013315216
700863,0.016379796
700864,0.220222
700865,0.9988009
700866,0.09242642
700867,0.981823
700868,0.10364659
700869,0.030232329
700870,0.025593955
700871,0.026305005
700872,0.030677605
700873,0.5835442
700874,0.004179403
700875,0.20765209
700876,0.3134976
700877,0.989611
700878,0.12617253
700879,0.9953208
700880,0.15315011
700881,0.9470922
700882,0.36768863
700883,0.97736114
700884,0.013765735
700885,0.96453136
700886,0.788481
700887,0.9427525
700888,0.21173972
700889,0.2586566
700890,0.9843255
700891,0.53572285
700892,0.82032907
700893,0.7259321
700894,0.4776671
700895,0.9832686
700896,0.030509362
700897,0.9896739
700898,0.009731189
700899,0.33899426
700900,0.09814641
700901,0.9056579
700902,0.21241634
700903,0.1847855
700904,0.0064601307
700905,0.047122262
700906,0.057336953
700907,0.08130621
700908,0.7843765
700909,0.829984
700910,0.06840762
700911,0.23726316
700912,0.01222507
700913,0.14789605
700914,0.073896796
700915,0.27118182
700916,0.0094251055
700917,0.030516678
700918,0.080522485
700919,0.98332715
700920,0.9787188
700921,0.6627331
700922,0.9905857
700923,0.028477816
700924,0.4360282
700925,0.09013863
700926,0.7168894
700927,0.06720523
700928,0.62813985
700929,0.68078643
700930,0.0043522064
700931,0.0064909817
700932,0.93683565
700933,0.6624192
700934,0.54840964
700935,0.9849819
700936,0.92990273
700937,0.99389553
700938,0.99497676
700939,0.780582
700940,0.67860514
700941,0.009027329
700942,0.89345163
700943,0.026120033
700944,0.012382756
700945,0.09007239
700946,0.9925194
700947,0.2577554
700948,0.98758036
700949,0.010105015
700950,0.953166
700951,0.022384591
700952,0.995868
700953,0.15956564
700954,0.05577477
700955,0.962784
700956,0.6304649
700957,0.933281
700958,0.014028527
700959,0.007919893
700960,0.5717354
700961,0.12604663
700962,0.99660546
700963,0.011332192
700964,0.34374678
700965,0.990587
700966,0.15486746
700967,0.84343
700968,0.06503051
700969,0.01376272
700970,0.99719584
700971,0.98131835
700972,0.033147756
700973,0.32555234
700974,0.040383935
700975,0.11511692
700976,0.21599686
700977,0.19057873
700978,0.97791576
700979,0.0076752286
700980,0.9389723
700981,0.910959
700982,0.8894411
700983,0.9907732
700984,0.016599547
700985,0.20545666
700986,0.8648528
700987,0.006864355
700988,0.90808976
700989,0.006397425
700990,0.9604241
700991,0.024835762
700992,0.029810393
700993,0.06506707
700994,0.9946209
700995,0.58086437
700996,0.9927543
700997,0.7211806
700998,0.99371797
700999,0.4325323
701000,0.9866478
701001,0.38542905
701002,0.005885409
701003,0.98201233
701004,0.8438735
701005,0.70726556
701006,0.14633268
701007,0.33404446
701008,0.99699855
701009,0.9677899
701010,0.98644084
701011,0.9605081
701012,0.2160474
701013,0.044038013
701014,0.0072020064
701015,0.94876957
701016,0.11994648
701017,0.11386188
701018,0.13256115
701019,0.06285326
701020,0.08886821
701021,0.8049531
701022,0.025106244
701023,0.015686937
701024,0.12780905
701025,0.84103966
701026,0.6965393
701027,0.030816425
701028,0.009238906
701029,0.14542998
701030,0.9478621
701031,0.0035832748
701032,0.0070920265
701033,0.12275367
701034,0.84739435
701035,0.98454386
701036,0.011115688
701037,0.020260537
701038,0.99750215
701039,0.98364806
701040,0.30160165
701041,0.03002407
701042,0.9424457
701043,0.92857164
701044,0.021197073
701045,0.942332
701046,0.9304953
701047,0.0021503188
701048,0.12129365
701049,0.06646008
701050,0.94949055
701051,0.23645534
701052,0.2488918
701053,0.0036632787
701054,0.94299537
701055,0.9591475
701056,0.016829979
701057,0.9958968
701058,0.02347268
701059,0.99783325
701060,0.888983
701061,0.025583195
701062,0.78434306
701063,0.16166206
701064,0.00806436
701065,0.017097542
701066,0.9917306
701067,0.83637154
701068,0.991408
701069,0.04159934
701070,0.99644864
701071,0.013914793
701072,0.9675083
701073,0.9806507
701074,0.13655868
701075,0.20826891
701076,0.107680306
701077,0.08129233
701078,0.028470263
701079,0.99391663
701080,0.8731018
701081,0.5064396
701082,0.035002355
701083,0.021255367
701084,0.010972683
701085,0.6687475
701086,0.9257579
701087,0.026436735
701088,0.6353766
701089,0.0059443214
701090,0.9977801
701091,0.09900802
701092,0.23666185
701093,0.4315611
701094,0.37376136
701095,0.96007204
701096,0.9862399
701097,0.0340313
701098,0.30572587
701099,0.12011159
701100,0.9481232
701101,0.9926129
701102,0.19655882
701103,0.026389683
701104,0.9424226
701105,0.9962311
701106,0.13674024
701107,0.9835903
701108,0.10707228
701109,0.74552727
701110,0.61622024
701111,0.99450886
701112,0.84947747
701113,0.21581551
701114,0.10722299
701115,0.98391646
701116,0.23483607
701117,0.07706521
701118,0.17599119
701119,0.010043787
701120,0.94982356
701121,0.9970891
701122,0.5722189
701123,0.030537589
701124,0.9705413
701125,0.054474037
701126,0.13102095
701127,0.066699624
701128,0.5923061
701129,0.08055371
701130,0.71111965
701131,0.19121706
701132,0.014986701
701133,0.047704056
701134,0.9948793
701135,0.88749987
701136,0.11009651
701137,0.0060952622
701138,0.09413986
701139,0.024795942
701140,0.1088491
701141,0.14190415
701142,0.013608547
701143,0.06202812
701144,0.7039304
701145,0.24958776
701146,0.8674855
701147,0.07306008
701148,0.007479897
701149,0.06732926
701150,0.99383247
701151,0.02966289
701152,0.38323823
701153,0.027311694
701154,0.7321252
701155,0.003165982
701156,0.015757846
701157,0.99573725
701158,0.04884039
701159,0.96287876
701160,0.052460298
701161,0.07455926
701162,0.9304149
701163,0.47086132
701164,0.96339303
701165,0.06620987
701166,0.14723904
701167,0.6443086
701168,0.72854775
701169,0.941528
701170,0.51168853
701171,0.046673045
701172,0.9142376
701173,0.08904533
701174,0.01503238
701175,0.9531726
701176,0.6956875
701177,0.9975059
701178,0.010295659
701179,0.7982307
701180,0.17973068
701181,0.0022911245
701182,0.015406769
701183,0.0056196265
701184,0.9710274
701185,0.9636594
701186,0.14112501
701187,0.9256978
701188,0.05039087
701189,0.9057227
701190,0.036082998
701191,0.18697713
701192,0.9787641
701193,0.003989955
701194,0.8994968
701195,0.016506705
701196,0.06378284
701197,0.6871913
701198,0.9437214
701199,0.016187858
701200,0.76495004
701201,0.94564736
701202,0.028307816
701203,0.97603786
701204,0.3697977
701205,0.9447206
701206,0.14372993
701207,0.89264
701208,0.89980125
701209,0.18871637
701210,0.01575161
701211,0.10638508
701212,0.14233714
701213,0.06526007
701214,0.09343431
701215,0.9929035
701216,0.90973645
701217,0.9660938
701218,0.0013682514
701219,0.0031970819
701220,0.9966591
701221,0.054574143
701222,0.17513987
701223,0.29017568
701224,0.031903047
701225,0.14073256
701226,0.9964775
701227,0.04119456
701228,0.022850158
701229,0.59681165
701230,0.089020334
701231,0.039506648
701232,0.01611552
701233,0.8806893
701234,0.21511488
701235,0.1349801
701236,0.09691591
701237,0.03776464
701238,0.0045495583
701239,0.9843559
701240,0.046018578
701241,0.9807006
701242,0.01279723
701243,0.013023585
701244,0.9509745
701245,0.8817772
701246,0.00623789
701247,0.003940603
701248,0.9221612
701249,0.59483474
701250,0.2765819
701251,0.9610613
701252,0.6890793
701253,0.021512434
701254,0.64114106
701255,0.0075544296
701256,0.009867042
701257,0.034070782
701258,0.61513036
701259,0.046175446
701260,0.3196807
701261,0.05889953
701262,0.0058249068
701263,0.65667546
701264,0.010164347
701265,0.9476918
701266,0.12955599
701267,0.9918695
701268,0.9976098
701269,0.9798507
701270,0.0056718998
701271,0.13867044
701272,0.98849803
701273,0.99492455
701274,0.6034162
701275,0.10326892
701276,0.59991276
701277,0.15805906
701278,0.19425505
701279,0.018799376
701280,0.058887586
701281,0.47894835
701282,0.99487865
701283,0.05667405
701284,0.024646811
701285,0.9761001
701286,0.19359984
701287,0.84167045
701288,0.007903456
701289,0.034878828
701290,0.0069414126
701291,0.007420352
701292,0.65587616
701293,0.95044917
701294,0.93372166
701295,0.6928719
701296,0.97362846
701297,0.92928624
701298,0.67881143
701299,0.995862
701300,0.0103211235
701301,0.58276534
701302,0.8215185
701303,0.5277234
701304,0.111928776
701305,0.029245269
701306,0.97889113
701307,0.9932991
701308,0.066569515
701309,0.0025775454
701310,0.92351663
701311,0.59138185
701312,0.98766124
701313,0.9987308
701314,0.004017916
701315,0.07151687
701316,0.9870065
701317,0.13721097
701318,0.19149335
701319,0.99427205
701320,0.9843009
701321,0.9890685
701322,0.094629034
701323,0.97969675
701324,0.036552984
701325,0.010675533
701326,0.005519556
701327,0.65249014
701328,0.9926155
701329,0.99883664
701330,0.9917505
701331,0.06801904
701332,0.9598614
701333,0.9226721
701334,0.086449295
701335,0.96572995
701336,0.9920486
701337,0.9977198
701338,0.012790852
701339,0.024429938
701340,0.506626
701341,0.26054424
701342,0.047736347
701343,0.03404319
701344,0.96100837
701345,0.13026789
701346,0.0032505898
701347,0.9256866
701348,0.79312897
701349,0.05603118
701350,0.02916128
701351,0.6534537
701352,0.36912188
701353,0.058389384
701354,0.19453974
701355,0.016144255
701356,0.83205813
701357,0.9937957
701358,0.37362936
701359,0.6976458
701360,0.36764753
701361,0.94251204
701362,0.8728473
701363,0.011653826
701364,0.49501717
701365,0.9864977
701366,0.04539206
701367,0.70096755
701368,0.03775209
701369,0.967296
701370,0.01509402
701371,0.9993275
701372,0.5938176
701373,0.03657648
701374,0.996323
701375,0.7107882
701376,0.7979002
701377,0.96832126
701378,0.91775674
701379,0.44375515
701380,0.10858679
701381,0.72321975
701382,0.9381923
701383,0.1632402
701384,0.5681385
701385,0.077781655
701386,0.039806236
701387,0.13643984
701388,0.037877087
701389,0.0051691085
701390,0.027538387
701391,0.4605075
701392,0.014889928
701393,0.9229306
701394,0.20581432
701395,0.29126683
701396,0.0043869074
701397,0.86944795
701398,0.8555113
701399,0.45177597
701400,0.623795
701401,0.020408487
701402,0.99682057
701403,0.9522984
701404,0.9960873
701405,0.867998
701406,0.21963105
701407,0.033712525
701408,0.0054745944
701409,0.8581729
701410,0.16850892
701411,0.9940027
701412,0.007939462
701413,0.5577712
701414,0.47465456
701415,0.012773238
701416,0.029722787
701417,0.020926055
701418,0.95294344
701419,0.7871361
701420,0.089178845
701421,0.11879722
701422,0.5235318
701423,0.97289276
701424,0.59155303
701425,0.21442425
701426,0.8474139
701427,0.015904771
701428,0.20905474
701429,0.96755964
701430,0.05854722
701431,0.028795693
701432,0.9446353
701433,0.043077886
701434,0.13535574
701435,0.592536
701436,0.13511045
701437,0.87788486
701438,0.23218226
701439,0.9984288
701440,0.07594227
701441,0.0031247588
701442,0.16224396
701443,0.9786024
701444,0.92190456
701445,0.15994427
701446,0.01895944
701447,0.35683697
701448,0.99858665
701449,0.9697414
701450,0.22879775
701451,0.998572
701452,0.02373331
701453,0.051792555
701454,0.28526685
701455,0.9696584
701456,0.98521125
701457,0.072234206
701458,0.02355123
701459,0.01891004
701460,0.99076843
701461,0.7629838
701462,0.0057868036
701463,0.0043368563
701464,0.032161567
701465,0.03309825
701466,0.03431338
701467,0.9649416
701468,0.9916117
701469,0.68280566
701470,0.41896755
701471,0.21362674
701472,0.99896234
701473,0.99501586
701474,0.9714074
701475,0.01875703
701476,0.013596485
701477,0.2646533
701478,0.1758077
701479,0.021642564
701480,0.09512453
701481,0.017120503
701482,0.20716397
701483,0.8818544
701484,0.95051545
701485,0.93460476
701486,0.9771657
701487,0.9730956
701488,0.2759218
701489,0.0056490204
701490,0.8499997
701491,0.35613668
701492,0.10398625
701493,0.8653054
701494,0.021616712
701495,0.022470908
701496,0.6835131
701497,0.9798707
701498,0.9009024
701499,0.0053618485
701500,0.0040899795
701501,0.28805417
701502,0.043016136
701503,0.18079315
701504,0.8883184
701505,0.019160349
701506,0.25181076
701507,0.055291884
701508,0.23474148
701509,0.0064353165
701510,0.63715017
701511,0.026788801
701512,0.9965289
701513,0.026342152
701514,0.033333078
701515,0.0053084525
701516,0.29251373
701517,0.6789515
701518,0.0014504836
701519,0.037897263
701520,0.039318282
701521,0.15736236
701522,0.014250394
701523,0.05225518
701524,0.005039086
701525,0.10039117
701526,0.0057701417
701527,0.0135709345
701528,0.69887877
701529,0.0053988444
701530,0.27385944
701531,0.0075408397
701532,0.022454526
701533,0.018037802
701534,0.81577426
701535,0.22538304
701536,0.0039809197
701537,0.1600138
701538,0.06804921
701539,0.92476654
701540,0.77896494
701541,0.0057138046
701542,0.9867362
701543,0.9989481
701544,0.6228025
701545,0.71431047
701546,0.44247907
701547,0.9851916
701548,0.9831519
701549,0.50985855
701550,0.034288593
701551,0.8468904
701552,0.016307238
701553,0.041818045
701554,0.6110447
701555,0.24312651
701556,0.8336437
701557,0.91400087
701558,0.06730224
701559,0.60279804
701560,0.120054245
701561,0.013375762
701562,0.060723457
701563,0.9768079
701564,0.81382626
701565,0.8373956
701566,0.25393078
701567,0.9759985
701568,0.14049469
701569,0.0028327303
701570,0.33531678
701571,0.11178352
701572,0.973277
701573,0.27815178
701574,0.5615375
701575,0.9909479
701576,0.8736297
701577,0.98256993
701578,0.99540764
701579,0.8526577
701580,0.0005060062
701581,0.8175384
701582,0.5174576
701583,0.040705264
701584,0.99927616
701585,0.0044300286
701586,0.18407924
701587,0.9861808
701588,0.4579003
701589,0.010047134
701590,0.6303864
701591,0.25443912
701592,0.06411566
701593,0.053592626
701594,0.19096275
701595,0.98488927
701596,0.11119121
701597,0.6244671
701598,0.98758185
701599,0.979443
701600,0.99027663
701601,0.54755175
701602,0.014021704
701603,0.094854675
701604,0.2558207
701605,0.8563044
701606,0.08978124
701607,0.030713052
701608,0.030928193
701609,0.021186309
701610,0.010253528
701611,0.060884796
701612,0.23607087
701613,0.016432362
701614,0.31371683
701615,0.25043374
701616,0.9989482
701617,0.08111582
701618,0.9763883
701619,0.857916
701620,0.0017241228
701621,0.06841014
701622,0.0065077813
701623,0.99062127
701624,0.8505783
701625,0.17885692
701626,0.0116067035
701627,0.050734036
701628,0.03096065
701629,0.059547365
701630,0.53989446
701631,0.99834514
701632,0.012738097
701633,0.031562857
701634,0.058219746
701635,0.9333713
701636,0.99248123
701637,0.52689
701638,0.9959198
701639,0.022079173
701640,0.6584629
701641,0.021532664
701642,0.6453768
701643,0.2256562
701644,0.0035360244
701645,0.18974218
701646,0.016830353
701647,0.98818475
701648,0.57291555
701649,0.047246628
701650,0.5630493
701651,0.94569147
701652,0.99474484
701653,0.4913387
701654,0.99577224
701655,0.96948004
701656,0.096591085
701657,0.0062903357
701658,0.028939016
701659,0.065174915
701660,0.02755932
701661,0.026813366
701662,0.8847809
701663,0.013482356
701664,0.85991096
701665,0.45001957
701666,0.8803501
701667,0.99063313
701668,0.4229756
701669,0.9618166
701670,0.071339376
701671,0.9981293
701672,0.033911176
701673,0.017823165
701674,0.035519976
701675,0.89964586
701676,0.002830152
701677,0.34763044
701678,0.22923833
701679,0.9948547
701680,0.03845611
701681,0.20888254
701682,0.0665978
701683,0.8905585
701684,0.42490506
701685,0.8830019
701686,0.6942025
701687,0.22974211
701688,0.105035156
701689,0.026789278
701690,0.027753854
701691,0.018332388
701692,0.012038752
701693,0.9907601
701694,0.2593741
701695,0.045895413
701696,0.0452004
701697,0.7350475
701698,0.99810874
701699,0.04650874
701700,0.030679978
701701,0.8327621
701702,0.57205546
701703,0.01568198
701704,0.99308527
701705,0.054563522
701706,0.008306112
701707,0.15868488
701708,0.7603465
701709,0.94162697
701710,0.0331067
701711,0.6276653
701712,0.056490827
701713,0.058755137
701714,0.80974555
701715,0.92140996
701716,0.98799634
701717,0.9646067
701718,0.8697885
701719,0.15138172
701720,0.0019864421
701721,0.04257225
701722,0.732927
701723,0.014598067
701724,0.33884317
701725,0.9192988
701726,0.0023151152
701727,0.037474416
701728,0.8806407
701729,0.0076533393
701730,0.003774787
701731,0.011914318
701732,0.034539334
701733,0.5828151
701734,0.3134287
701735,0.9837897
701736,0.06846368
701737,0.9640294
701738,0.09151095
701739,0.92422634
701740,0.7616381
701741,0.0010392535
701742,0.02617962
701743,0.4496452
701744,0.98823434
701745,0.85136855
701746,0.7461201
701747,0.032109015
701748,0.09468057
701749,0.025052935
701750,0.0026976853
701751,0.048534047
701752,0.29138613
701753,0.36264983
701754,0.029764831
701755,0.020995462
701756,0.023512395
701757,0.42475167
701758,0.005504898
701759,0.7337202
701760,0.6535932
701761,0.00922263
701762,0.009724682
701763,0.01837071
701764,0.028807865
701765,0.9982674
701766,0.9776709
701767,0.4029781
701768,0.09198052
701769,0.09297207
701770,0.94010866
701771,0.04117727
701772,0.9898593
701773,0.8119739
701774,0.024937987
701775,0.9009366
701776,0.65777755
701777,0.98311186
701778,0.023780279
701779,0.73994845
701780,0.029492723
701781,0.98653126
701782,0.10445345
701783,0.4254443
701784,0.0008984218
701785,0.05820869
701786,0.9911674
701787,0.51944774
701788,0.9995337
701789,0.05272188
701790,0.042943317
701791,0.95258397
701792,0.07557115
701793,0.9994258
701794,0.85003793
701795,0.98147947
701796,0.70976657
701797,0.008677376
701798,0.020910397
701799,0.093783125
701800,0.25072512
701801,0.15438434
701802,0.031199355
701803,0.076725796
701804,0.14486453
701805,0.6628746
701806,0.98533356
701807,0.97645324
701808,0.04351701
701809,0.98935914
701810,0.09041271
701811,0.07670335
701812,0.9822009
701813,0.9743526
701814,0.99662215
701815,0.08693774
701816,0.23388302
701817,0.4801432
701818,0.8906368
701819,0.01564718
701820,0.9292776
701821,0.47601548
701822,0.014065752
701823,0.93171716
701824,0.5597277
701825,0.7860712
701826,0.012510786
701827,0.21216598
701828,0.0026406744
701829,0.9854772
701830,0.0008726623
701831,0.9375552
701832,0.20403856
701833,0.9903309
701834,0.0026782835
701835,0.99538743
701836,0.33380044
701837,0.9707751
701838,0.97704
701839,0.94237983
701840,0.29773104
701841,0.011518855
701842,0.9241826
701843,0.43612093
701844,0.9951499
701845,0.18158484
701846,0.9080486
701847,0.084883444
701848,0.8895762
701849,0.9753444
701850,0.08606492
701851,0.94743973
701852,0.030234788
701853,0.1104369
701854,0.08962009
701855,0.99190044
701856,0.9632839
701857,0.9894628
701858,0.003126088
701859,0.20630918
701860,0.011164548
701861,0.55860686
701862,0.0050509637
701863,0.76093566
701864,0.981415
701865,0.78134453
701866,0.050137848
701867,0.011290205
701868,0.0022283804
701869,0.076020434
701870,0.9389592
701871,0.049015913
701872,0.1382259
701873,0.40127012
701874,0.88042533
701875,0.9658796
701876,0.8449947
701877,0.03437684
701878,0.9833026
701879,0.019147474
701880,0.09593374
701881,0.24875125
701882,0.022241948
701883,0.964939
701884,0.794868
701885,0.97212017
701886,0.72299856
701887,0.04346705
701888,0.02063068
701889,0.9871931
701890,0.1520594
701891,0.028375812
701892,0.72691435
701893,0.4702315
701894,0.95670044
701895,0.6216191
701896,0.9977644
701897,0.06263122
701898,0.9913172
701899,0.9927702
701900,0.21570466
701901,0.07862681
701902,0.03179754
701903,0.94294405
701904,0.96630085
701905,0.18593764
701906,0.21725786
701907,0.05154606
701908,0.99869126
701909,0.97993445
701910,0.9949703
701911,0.56959236
701912,0.5780116
701913,0.4100476
701914,0.99745286
701915,0.9699789
701916,0.93194
701917,0.93664485
701918,0.012096694
701919,0.93546283
701920,0.0021822334
701921,0.032427214
701922,0.013527833
701923,0.025803383
701924,0.8942794
701925,0.2513541
701926,0.008013575
701927,0.8117457
701928,0.04943618
701929,0.046491317
701930,0.88149345
701931,0.057440355
701932,0.94478595
701933,0.013677714
701934,0.38982442
701935,0.04153505
701936,0.97673714
701937,0.0025464168
701938,0.4139446
701939,0.007900378
701940,0.58463657
701941,0.05524161
701942,0.9938711
701943,0.0012419471
701944,0.8820228
701945,0.6814684
701946,0.017576579
701947,0.044659194
701948,0.9968902
701949,0.91305345
701950,0.017385498
701951,0.08875865
701952,0.9026613
701953,0.0030603618
701954,0.9336556
701955,0.8713825
701956,0.09531066
701957,0.013487922
701958,0.27772656
701959,0.874292
701960,0.913899
701961,0.58103406
701962,0.11045219
701963,0.99743325
701964,0.86953706
701965,0.9910274
701966,0.03521789
701967,0.9905683
701968,0.9396776
701969,0.98334795
701970,0.9070115
701971,0.021625115
701972,0.9809593
701973,0.022116547
701974,0.7192404
701975,0.40821832
701976,0.039634764
701977,0.03374164
701978,0.07696962
701979,0.99753475
701980,0.11066674
701981,0.036233477
701982,0.93244064
701983,0.9719873
701984,0.9911266
701985,0.9980088
701986,0.03749088
701987,0.01194855
701988,0.6398717
701989,0.034669608
701990,0.9896192
701991,0.99065614
701992,0.13659276
701993,0.9221281
701994,0.0850996
701995,0.0058278856
701996,0.04978211
701997,0.21149932
701998,0.8261768
701999,0.7334289
702000,0.98678565
702001,0.020638436
702002,0.01868125
702003,0.9009655
702004,0.6751164
702005,0.61263245
702006,0.11838039
702007,0.8362079
702008,0.99060905
702009,0.21695863
702010,0.8864671
702011,0.9986537
702012,0.020192793
702013,0.6191555
702014,0.59655255
702015,0.9830395
702016,0.9865195
702017,0.11488128
702018,0.9823951
702019,0.05863606
702020,0.96963
702021,0.97787
702022,0.041721545
702023,0.017084114
702024,0.97458935
702025,0.9898125
702026,0.4907674
702027,0.015514901
702028,0.13055123
702029,0.9717423
702030,0.005458776
702031,0.12902346
702032,0.077022836
702033,0.05493355
702034,0.009587218
702035,0.36738715
702036,0.6238574
702037,0.9889626
702038,0.039302208
702039,0.06739491
702040,0.98994434
702041,0.076626465
702042,0.031767257
702043,0.99546474
702044,0.9213798
702045,0.4444052
702046,0.07002072
702047,0.96675026
702048,0.013190715
702049,0.028708372
702050,0.1507586
702051,0.9469926
702052,0.012573536
702053,0.04183671
702054,0.9501201
702055,0.57245755
702056,0.9815429
702057,0.992766
702058,0.18159594
702059,0.025394848
702060,0.044454996
702061,0.010462087
702062,0.032574765
702063,0.010439742
702064,0.43313983
702065,0.996685
702066,0.9806856
702067,0.04536561
702068,0.135848
702069,0.4445839
702070,0.004217785
702071,0.012961885
702072,0.9611186
702073,0.9955488
702074,0.06330115
702075,0.04348724
702076,0.21618767
702077,0.042072028
702078,0.99865496
702079,0.051851064
702080,0.31197128
702081,0.21632966
702082,0.9847716
702083,0.01408824
702084,0.006015581
702085,0.0058259433
702086,0.0020441185
702087,0.319888
702088,0.9929871
702089,0.19765705
702090,0.05147225
702091,0.040221527
702092,0.9803791
702093,0.018697752
702094,0.7951624
702095,0.04752161
702096,0.023218058
702097,0.9994094
702098,0.046436585
702099,0.17356136
702100,0.010839522
702101,0.17566523
702102,0.031239256
702103,0.021909807
702104,0.5207894
702105,0.16863126
702106,0.00981563
702107,0.013809703
702108,0.0445647
702109,0.546199
702110,0.9926587
702111,0.12734297
702112,0.9925877
702113,0.96639836
702114,0.07730985
702115,0.02140851
702116,0.16392133
702117,0.9968574
702118,0.24042946
702119,0.89506924
702120,0.0022596146
702121,0.066703126
702122,0.9848403
702123,0.018493565
702124,0.43967095
702125,0.58649206
702126,0.34218037
702127,0.13992041
702128,0.9770452
702129,0.89789915
702130,0.410496
702131,0.9910985
702132,0.9874758
702133,0.89601564
702134,0.16552949
702135,0.9713385
702136,0.044002168
702137,0.9891149
702138,0.06791377
702139,0.14306134
702140,0.045292377
702141,0.101530515
702142,0.4671645
702143,0.044631165
702144,0.97567105
702145,0.66962636
702146,0.0006440149
702147,0.80795133
702148,0.042572033
702149,0.10651869
702150,0.04621751
702151,0.050770618
702152,0.08087532
702153,0.013807878
702154,0.9751089
702155,0.8590982
702156,0.94569606
702157,0.076114304
702158,0.009028874
702159,0.014844732
702160,0.005158488
702161,0.13150615
702162,0.965128
702163,0.9215703
702164,0.000526545
702165,0.99672925
702166,0.0063216253
702167,0.14672667
702168,0.95715714
702169,0.0045348657
702170,0.9932697
702171,0.06742137
702172,0.3606186
702173,0.97616893
702174,0.9495131
702175,0.008924049
702176,0.031986453
702177,0.11416334
702178,0.02223523
702179,0.97085756
702180,0.9538611
702181,0.01771793
702182,0.6985403
702183,0.79044056
702184,0.2190786
702185,0.96776414
702186,0.1008089
702187,0.019678153
702188,0.99702364
702189,0.035344582
702190,0.032390382
702191,0.016043086
702192,0.005895261
702193,0.98468477
702194,0.048392966
702195,0.009778932
702196,0.027734885
702197,0.03676157
702198,0.7906692
702199,0.98239934
702200,0.4982925
702201,0.3394093
702202,0.9981748
702203,0.9987695
702204,0.98938334
702205,0.85521823
702206,0.44835368
702207,0.8776531
702208,0.0742995
702209,0.15235072
702210,0.9552371
702211,0.06426267
702212,0.08589825
702213,0.37989932
702214,0.024111388
702215,0.9822852
702216,0.6954727
702217,0.67947733
702218,0.8572164
702219,0.7178001
702220,0.02821702
702221,0.0057010944
702222,0.031032585
702223,0.08442671
702224,0.014229892
702225,0.06264289
702226,0.93162906
702227,0.08179143
702228,0.08903766
702229,0.12068563
702230,0.8399843
702231,0.65511996
702232,0.008657543
702233,0.19224156
702234,0.01026638
702235,0.15474725
702236,0.98188955
702237,0.79167444
702238,0.97599095
702239,0.028083626
702240,0.9971294
702241,0.040387664
702242,0.99136406
702243,0.31576955
702244,0.3778357
702245,0.84798384
702246,0.076695085
702247,0.86628807
702248,0.2286419
702249,0.98636323
702250,0.9949127
702251,0.046492007
702252,0.28384188
702253,0.009237196
702254,0.9218013
702255,0.024650551
702256,0.018291311
702257,0.008046565
702258,0.9990236
702259,0.111702815
702260,0.8538733
702261,0.5853639
702262,0.9456003
702263,0.007085503
702264,0.48688108
702265,0.40679148
702266,0.993957
702267,0.81608915
702268,0.97115886
702269,0.99190795
702270,0.6418817
702271,0.6625429
702272,0.023211854
702273,0.96920776
702274,0.57186353
702275,0.13143274
702276,0.728876
702277,0.98851424
702278,0.10641508
702279,0.01169177
702280,0.8273185
702281,0.9928821
702282,0.7237102
702283,0.10212501
702284,0.9797534
702285,0.06399171
702286,0.98917115
702287,0.018504538
702288,0.24687311
702289,0.15037505
702290,0.9923502
702291,0.14958104
702292,0.8623054
702293,0.96051675
702294,0.918039
702295,0.10016918
702296,0.26718283
702297,0.017348764
702298,0.27413118
702299,0.99230146
702300,0.010862515
702301,0.037260145
702302,0.93359935
702303,0.32497895
702304,0.30306146
702305,0.99559784
702306,0.9976035
702307,0.12732702
702308,0.94725925
702309,0.32288778
702310,0.9079831
702311,0.8085893
702312,0.12834834
702313,0.017111544
702314,0.029220676
702315,0.9924777
702316,0.4542616
702317,0.028401278
702318,0.7664015
702319,0.0032383488
702320,0.12878789
702321,0.0068336725
702322,0.9951658
702323,0.12825552
702324,0.82391024
702325,0.952837
702326,0.74465895
702327,0.11378133
702328,0.7000506
702329,0.085337676
702330,0.018150926
702331,0.99552655
702332,0.08610102
702333,0.012830679
702334,0.947747
702335,0.04135012
702336,0.9982442
702337,0.15991816
702338,0.14166658
702339,0.8865269
702340,0.91262215
702341,0.050569642
702342,0.24431413
702343,0.14919592
702344,0.1175471
702345,0.004706037
702346,0.9633668
702347,0.07840376
702348,0.97952896
702349,0.71604943
702350,0.6719038
702351,0.033810228
702352,0.98395014
702353,0.014364952
702354,0.98007256
702355,0.9501518
702356,0.96632266
702357,0.99357605
702358,0.008161687
702359,0.55439854
702360,0.1331148
702361,0.20964487
702362,0.30050802
702363,0.032512836
702364,0.5476715
702365,0.29953104
702366,0.01096139
702367,0.0100089805
702368,0.99355066
702369,0.96417284
702370,0.9879276
702371,0.006453029
702372,0.016568862
702373,0.013794478
702374,0.9951694
702375,0.015217552
702376,0.9680468
702377,0.90163976
702378,0.07460776
702379,0.11056829
702380,0.069128335
702381,0.9174475
702382,0.9172987
702383,0.98544514
702384,0.093522884
702385,0.68210703
702386,0.0016718343
702387,0.16526946
702388,0.06374112
702389,0.064517245
702390,0.046293408
702391,0.0092318915
702392,0.061375313
702393,0.21125327
702394,0.9623166
702395,0.9714502
702396,0.7624694
702397,0.9610079
702398,0.99965
702399,0.5730397
702400,0.058790043
702401,0.6796535
702402,0.68707323
702403,0.045772508
702404,0.25284553
702405,0.015208609
702406,0.8704633
702407,0.85400695
702408,0.9232897
702409,0.9559608
702410,0.11012326
702411,0.9806578
702412,0.34092465
702413,0.0031344208
702414,0.98834854
702415,0.10722277
702416,0.5792213
702417,0.0035328206
702418,0.0047788164
702419,0.25868672
702420,0.7860984
702421,0.027800772
702422,0.022758171
702423,0.9724764
702424,0.9630849
702425,0.90111893
702426,0.0068600383
702427,0.99856985
702428,0.9905669
702429,0.018911658
702430,0.033671796
702431,0.28593147
702432,0.52304655
702433,0.9421897
702434,0.99651915
702435,0.9980768
702436,0.018978117
702437,0.4428536
702438,0.0035269023
702439,0.1378544
702440,0.99537474
702441,0.965071
702442,0.8728461
702443,0.9733009
702444,0.9973921
702445,0.29395497
702446,0.23252682
702447,0.023296544
702448,0.0057396614
702449,0.04167614
702450,0.04405947
702451,0.42484733
702452,0.6849593
702453,0.01010053
702454,0.07597474
702455,0.012024432
702456,0.92308784
702457,0.9943324
702458,0.9976866
702459,0.97628784
702460,0.8695123
702461,0.06606918
702462,0.99782693
702463,0.8604067
702464,0.009383703
702465,0.08644356
702466,0.026223825
702467,0.99166644
702468,0.020151284
702469,0.031144671
702470,0.7940611
702471,0.42455688
702472,0.88933206
702473,0.9996834
702474,0.9823768
702475,0.03056724
702476,0.028044757
702477,0.949371
702478,0.0161666
702479,0.028153965
702480,0.42242476
702481,0.0111328075
702482,0.4753749
702483,0.14941405
702484,0.98821086
702485,0.98938876
702486,0.34102044
702487,0.054893896
702488,0.9686956
702489,0.9933912
702490,0.37745476
702491,0.36680967
702492,0.98475385
702493,0.02801368
702494,0.34103414
702495,0.6438667
702496,0.093848154
702497,0.011249328
702498,0.021775274
702499,0.99147403
702500,0.9991435
702501,0.7962506
702502,0.99630886
702503,0.9202335
702504,0.9823525
702505,0.9951896
702506,0.0034788507
702507,0.9952283
702508,0.15941933
702509,0.9445471
702510,0.9942681
702511,0.02686573
702512,0.99666023
702513,0.0040979926
702514,0.0058471547
702515,0.89170825
702516,0.9991113
702517,0.4627406
702518,0.99514675
702519,0.22365338
702520,0.42832434
702521,0.7906214
702522,0.046677455
702523,0.9350341
702524,0.48540318
702525,0.005270902
702526,0.027600363
702527,0.9914925
702528,0.03678508
702529,0.8679551
702530,0.11828159
702531,0.60191965
702532,0.8908961
702533,0.004552764
702534,0.32398313
702535,0.14110747
702536,0.033767354
702537,0.03372366
702538,0.02595325
702539,0.99669886
702540,0.9930582
702541,0.80641687
702542,0.87529415
702543,0.06287062
702544,0.14087561
702545,0.0813632
702546,0.41814932
702547,0.09168279
702548,0.9634948
702549,0.08263978
702550,0.88967454
702551,0.059152238
702552,0.016472405
702553,0.57253903
702554,0.9842397
702555,0.8991023
702556,0.062253594
702557,0.4150503
702558,0.041291825
702559,0.9847476
702560,0.12297219
702561,0.16328858
702562,0.6876449
702563,0.010764418
702564,0.06118708
702565,0.8604739
702566,0.22022116
702567,0.94261646
702568,0.81854165
702569,0.07216023
702570,0.035658605
702571,0.99727607
702572,0.97890687
702573,0.9975718
702574,0.4919083
702575,0.9923581
702576,0.16428319
702577,0.02599729
702578,0.027487848
702579,0.80014074
702580,0.20869648
702581,0.022841282
702582,0.03173516
702583,0.0428869
702584,0.029151736
702585,0.41412842
702586,0.03617714
702587,0.0110836625
702588,0.9581315
702589,0.9735627
702590,0.0018198302
702591,0.010320726
702592,0.009280277
702593,0.32731155
702594,0.009624077
702595,0.9013276
702596,0.029148228
702597,0.99398273
702598,0.010023855
702599,0.95346415
702600,0.98908705
702601,0.9778728
702602,0.07319677
702603,0.7191132
702604,0.0017415334
702605,0.16335784
702606,0.05198876
702607,0.5999284
702608,0.9937334
702609,0.4797865
702610,0.9976162
702611,0.9239922
702612,0.9777957
702613,0.0635774
702614,0.623824
702615,0.04941172
702616,0.13522768
702617,0.43866032
702618,0.96657336
702619,0.5882962
702620,0.9365738
702621,0.025055533
702622,0.81223077
702623,0.90161145
702624,0.9715402
702625,0.47036865
702626,0.83729625
702627,0.0085911285
702628,0.7144793
702629,0.036416095
702630,0.034282967
702631,0.005026787
702632,0.7096162
702633,0.0041990695
702634,0.19181685
702635,0.1161509
702636,0.47210556
702637,0.7374335
702638,0.011062411
702639,0.024185304
702640,0.12066768
702641,0.10875874
702642,0.013756966
702643,0.00746654
702644,0.6505213
702645,0.37665823
702646,0.007503705
702647,0.99760985
702648,0.26125383
702649,0.8928025
702650,0.04142745
702651,0.025278872
702652,0.48493937
702653,0.0075204363
702654,0.80263746
702655,0.9349456
702656,0.9958886
702657,0.9629314
702658,0.38484335
702659,0.73407614
702660,0.14913033
702661,0.06401915
702662,0.9976083
702663,0.037611876
702664,0.86705744
702665,0.9858278
702666,0.015033598
702667,0.08467242
702668,0.9955168
702669,0.19689113
702670,0.8660908
702671,0.042282756
702672,0.035273384
702673,0.37244081
702674,0.92926794
702675,0.08746272
702676,0.024838166
702677,0.72711384
702678,0.5493852
702679,0.0033103582
702680,0.7543605
702681,0.9982306
702682,0.22341743
702683,0.07807395
702684,0.71329784
702685,0.0061230287
702686,0.017086193
702687,0.039936125
702688,0.014228832
702689,0.027661303
702690,0.9607787
702691,0.021839608
702692,0.9894447
702693,0.09514599
702694,0.9161234
702695,0.89937675
702696,0.98912716
702697,0.5446714
702698,0.33509782
702699,0.018747795
702700,0.0070768404
702701,0.9846046
702702,0.1588569
702703,0.018926501
702704,0.008062827
702705,0.9729439
702706,0.9890102
702707,0.99771607
702708,0.074944645
702709,0.9730251
702710,0.5802868
702711,0.9976346
702712,0.009037154
702713,0.031315595
702714,0.28189903
702715,0.6127608
702716,0.045099106
702717,0.23444472
702718,0.13212383
702719,0.008670002
702720,0.7470995
702721,0.98419905
702722,0.08308296
702723,0.01186603
702724,0.9976226
702725,0.03760396
702726,0.98418295
702727,0.9844339
702728,0.9911063
702729,0.006758103
702730,0.01735766
702731,0.04155915
702732,0.83999103
702733,0.0059977677
702734,0.57637995
702735,0.9971397
702736,0.0962711
702737,0.9335558
702738,0.03719951
702739,0.012010857
702740,0.9610406
702741,0.017144177
702742,0.96638983
702743,0.0033280957
702744,0.9895364
702745,0.7782517
702746,0.95530593
702747,0.03432281
702748,0.64123565
702749,0.7380143
702750,0.9995659
702751,0.011629656
702752,0.09102793
702753,0.986977
702754,0.15323952
702755,0.026166923
702756,0.24599539
702757,0.9518385
702758,0.08424152
702759,0.99379885
702760,0.04114448
702761,0.065676816
702762,0.035731018
702763,0.339229
702764,0.01149041
702765,0.9959756
702766,0.08559547
702767,0.9875866
702768,0.60777706
702769,0.86150026
702770,0.098053224
702771,0.9637934
702772,0.26009098
702773,0.010908792
702774,0.13931377
702775,0.12238632
702776,0.026507318
702777,0.5226886
702778,0.008684255
702779,0.083823666
702780,0.022636749
702781,0.97704875
702782,0.09954169
702783,0.1668953
702784,0.952904
702785,0.013304915
702786,0.7715639
702787,0.27589697
702788,0.3195437
702789,0.9622298
702790,0.10857868
702791,0.042156864
702792,0.05204252
702793,0.1173385
702794,0.2612814
702795,0.978237
702796,0.48443556
702797,0.00902954
702798,0.16382307
702799,0.016885174
702800,0.018694751
702801,0.58486086
702802,0.98532724
702803,0.053990014
702804,0.0014886655
702805,0.889775
702806,0.0034804477
702807,0.01925689
702808,0.012242601
702809,0.016805748
702810,0.2156103
702811,0.07307328
702812,0.7350541
702813,0.011001283
702814,0.70619285
702815,0.0825749
702816,0.03086792
702817,0.9309219
702818,0.048376936
702819,0.028189417
702820,0.061551914
702821,0.18369277
702822,0.8071191
702823,0.004287547
702824,0.99773717
702825,0.025682187
702826,0.08871735
702827,0.0019085391
702828,0.87774557
702829,0.45239788
702830,0.17583363
702831,0.018098226
702832,0.9236971
702833,0.5828891
702834,0.95785534
702835,0.1459468
702836,0.05219023
702837,0.9077653
702838,0.00871088
702839,0.022879131
702840,0.0124650635
702841,0.013169732
702842,0.01878633
702843,0.99622923
702844,0.016743626
702845,0.94194514
702846,0.9451506
702847,0.0967112
702848,0.898545
702849,0.24093369
702850,0.022687193
702851,0.96243924
702852,0.0071866754
702853,0.0084607
702854,0.06886632
702855,0.8148054
702856,0.051255647
702857,0.98563266
702858,0.14405607
702859,0.89346963
702860,0.9705139
702861,0.97495085
702862,0.99443793
702863,0.547487
702864,0.9128547
702865,0.8387625
702866,0.9949405
702867,0.066626094
702868,0.97817945
702869,0.040358678
702870,0.047363482
702871,0.018151898
702872,0.96279645
702873,0.01675967
702874,0.8279431
702875,0.11664771
702876,0.024479033
702877,0.2939162
702878,0.9960124
702879,0.93263406
702880,0.62128764
702881,0.86953825
702882,0.4639985
702883,0.8024926
702884,0.07153492
702885,0.0068027526
702886,0.93361205
702887,0.000633918
702888,0.15282626
702889,0.0073432517
702890,0.26777396
702891,0.79651546
702892,0.9788357
702893,0.61933124
702894,0.95506394
702895,0.036628753
702896,0.014340067
702897,0.6418886
702898,0.9740876
702899,0.9290899
702900,0.99864364
702901,0.90873957
702902,0.027651012
702903,0.99765795
702904,0.9820368
702905,0.014164955
702906,0.16903491
702907,0.9315524
702908,0.42639735
702909,0.0732067
702910,0.035460778
702911,0.98436886
702912,0.9968238
702913,0.0109434705
702914,0.96090674
702915,0.21486795
702916,0.9641425
702917,0.9126327
702918,0.023807002
702919,0.9794612
702920,0.19080442
702921,0.0027702323
702922,0.79906064
702923,0.6841803
702924,0.6793166
702925,0.021964146
702926,0.4254234
702927,0.73654413
702928,0.05058016
702929,0.004560515
702930,0.65395206
702931,0.9993987
702932,0.9521827
702933,0.95208657
702934,0.6623142
702935,0.0051332293
702936,0.19272661
702937,0.9979092
702938,0.95588815
702939,0.93273485
702940,0.017994791
702941,0.015777193
702942,0.057051536
702943,0.015443528
702944,0.00570314
702945,0.98965746
702946,0.95589006
702947,0.9708273
702948,0.94226754
702949,0.9988537
702950,0.9650118
702951,0.062795684
702952,0.9914116
702953,0.42486426
702954,0.52459854
702955,0.05873896
702956,0.08138247
702957,0.0485466
702958,0.023589117
702959,0.009026976
702960,0.98797303
702961,0.05335306
702962,0.23091635
702963,0.48635152
702964,0.83668196
702965,0.63233066
702966,0.9844881
702967,0.2622582
702968,0.87373745
702969,0.9975853
702970,0.007910827
702971,0.96576464
702972,0.011258576
702973,0.016172037
702974,0.86496246
702975,0.18782751
702976,0.8120754
702977,0.02300597
702978,0.009358407
702979,0.053227365
702980,0.0035091746
702981,0.99203515
702982,0.9750676
702983,0.9894719
702984,0.97596073
702985,0.0055044163
702986,0.21737187
702987,0.9934826
702988,0.09154807
702989,0.96670234
702990,0.99110615
702991,0.22989032
702992,0.98279
702993,0.013669806
702994,0.005041128
702995,0.0046387743
702996,0.60060614
702997,0.9170768
702998,0.010954276
702999,0.17571285
703000,0.017873235
703001,0.15942337
703002,0.70980173
703003,0.8050989
703004,0.010749642
703005,0.93733895
703006,0.9450379
703007,0.9109796
703008,0.35679603
703009,0.9966498
703010,0.9751269
703011,0.017048929
703012,0.99707466
703013,0.23020259
703014,0.9861975
703015,0.029623592
703016,0.0021106747
703017,0.034304284
703018,0.00607951
703019,0.9962972
703020,0.7029562
703021,0.4246953
703022,0.99748385
703023,0.009333443
703024,0.92463666
703025,0.06982296
703026,0.4709627
703027,0.47573662
703028,0.073576
703029,0.0073834495
703030,0.99339706
703031,0.94850945
703032,0.86178637
703033,0.9913321
703034,0.06162139
703035,0.020313779
703036,0.98733294
703037,0.111114144
703038,0.009961795
703039,0.99713296
703040,0.09300919
703041,0.0054930365
703042,0.008062419
703043,0.013154116
703044,0.30482438
703045,0.98956907
703046,0.9503877
703047,0.16974644
703048,0.095999785
703049,0.0073331576
703050,0.036135145
703051,0.0067804004
703052,0.069896504
703053,0.05921975
703054,0.012098318
703055,0.7917899
703056,0.056827687
703057,0.9956378
703058,0.9762687
703059,0.09186432
703060,0.009849168
703061,0.021001212
703062,0.9931369
703063,0.004578073
703064,0.98347545
703065,0.9911092
703066,0.8953128
703067,0.9922522
703068,0.7358284
703069,0.25101265
703070,0.98052335
703071,0.96430206
703072,0.08502224
703073,0.046203736
703074,0.057772778
703075,0.26125643
703076,0.011377888
703077,0.91740716
703078,0.9873593
703079,0.035591416
703080,0.03661335
703081,0.35624337
703082,0.9642792
703083,0.021099377
703084,0.29774475
703085,0.9977278
703086,0.28400284
703087,0.03850309
703088,0.20018612
703089,0.99894226
703090,0.1360006
703091,0.97742116
703092,0.034726165
703093,0.03956737
703094,0.9882253
703095,0.1502461
703096,0.7967465
703097,0.1856668
703098,0.18082148
703099,0.72240865
703100,0.0021437837
703101,0.0066359933
703102,0.91707826
703103,0.03038721
703104,0.97781736
703105,0.9263449
703106,0.73535854
703107,0.90291137
703108,0.9950506
703109,0.0036987013
703110,0.041343123
703111,0.019440733
703112,0.9676559
703113,0.007251896
703114,0.9881885
703115,0.99770886
703116,0.0025882905
703117,0.033461213
703118,0.012974189
703119,0.96639895
703120,0.7266809
703121,0.004734155
703122,0.022467269
703123,0.0044225575
703124,0.047825817
703125,0.9382606
703126,0.04895932
703127,0.9400517
703128,0.087036595
703129,0.028252494
703130,0.9641323
703131,0.96825
703132,0.2603171
703133,0.82578695
703134,0.91330695
703135,0.9909105
703136,0.7670926
703137,0.8921965
703138,0.8234206
703139,0.5992443
703140,0.98514545
703141,0.99808055
703142,0.049782995
703143,0.8250594
703144,0.3320026
703145,0.0040094433
703146,0.028496075
703147,0.9092845
703148,0.08393245
703149,0.036872864
703150,0.94063467
703151,0.025314342
703152,0.78447306
703153,0.020583041
703154,0.8479701
703155,0.92048323
703156,0.012474964
703157,0.86708057
703158,0.9801453
703159,0.5049799
703160,0.004866031
703161,0.018155554
703162,0.9933101
703163,0.052599777
703164,0.040949017
703165,0.020341335
703166,0.005169917
703167,0.04828291
703168,0.011406997
703169,0.9893438
703170,0.0022568924
703171,0.98768497
703172,0.28027076
703173,0.9874989
703174,0.010239982
703175,0.02075096
703176,0.62859887
703177,0.018221712
703178,0.078883454
703179,0.096310265
703180,0.6537749
703181,0.0049512866
703182,0.18127313
703183,0.80127704
703184,0.9948346
703185,0.17487915
703186,0.64297146
703187,0.28345472
703188,0.0797766
703189,0.75468165
703190,0.015592231
703191,0.96817493
703192,0.9669353
703193,0.24210897
703194,0.0960263
703195,0.18262593
703196,0.19502033
703197,0.9698602
703198,0.98488057
703199,0.034090236
703200,0.016019717
703201,0.2757448
703202,0.018342469
703203,0.0117284
703204,0.10547151
703205,0.21688569
703206,0.012628229
703207,0.41563395
703208,0.5264251
703209,0.109657764
703210,0.9738263
703211,0.15341938
703212,0.06768564
703213,0.994423
703214,0.05979822
703215,0.9105007
703216,0.28841048
703217,0.9474446
703218,0.043052986
703219,0.9953369
703220,0.9891027
703221,0.10180054
703222,0.9972324
703223,0.34584126
703224,0.5984881
703225,0.947373
703226,0.14736444
703227,0.97502494
703228,0.97804594
703229,0.9695403
703230,0.65741175
703231,0.94217986
703232,0.99396366
703233,0.11371112
703234,0.88377994
703235,0.07083283
703236,0.91717213
703237,0.6553852
703238,0.01364837
703239,0.99730873
703240,0.87630296
703241,0.00895422
703242,0.09566667
703243,0.009604858
703244,0.5690176
703245,0.93258774
703246,0.35168236
703247,0.0038575314
703248,0.5253019
703249,0.022730226
703250,0.91811943
703251,0.99925
703252,0.9795607
703253,0.004150545
703254,0.28454706
703255,0.92684835
703256,0.9446211
703257,0.8734089
703258,0.0671881
703259,0.23463592
703260,0.9443425
703261,0.19059983
703262,0.024916438
703263,0.99807775
703264,0.9923121
703265,0.99298143
703266,0.9001163
703267,0.004676171
703268,0.04990096
703269,0.052982
703270,0.9942926
703271,0.8632262
703272,0.035370603
703273,0.8896559
703274,0.95820165
703275,0.027231386
703276,0.015407224
703277,0.5016901
703278,0.009161006
703279,0.06737092
703280,0.0772217
703281,0.22655973
703282,0.42421967
703283,0.029921645
703284,0.22087122
703285,0.013197927
703286,0.99345994
703287,0.9928344
703288,0.97279406
703289,0.063332684
703290,0.2563741
703291,0.97982216
703292,0.97486496
703293,0.0091104135
703294,0.9994651
703295,0.0518514
703296,0.89986616
703297,0.023583652
703298,0.71772456
703299,0.9959898
703300,0.069968134
703301,0.9872525
703302,0.8998101
703303,0.7830821
703304,0.94487154
703305,0.16372922
703306,0.18899396
703307,0.5747271
703308,0.95501524
703309,0.5996822
703310,0.020345299
703311,0.20007983
703312,0.12519042
703313,0.01276858
703314,0.9964801
703315,0.12316752
703316,0.037098594
703317,0.76927906
703318,0.86677516
703319,0.009547842
703320,0.999524
703321,0.9684877
703322,0.20315616
703323,0.5045248
703324,0.23749787
703325,0.8949543
703326,0.021559946
703327,0.30238014
703328,0.66474915
703329,0.9867188
703330,0.034142308
703331,0.024585184
703332,0.45028716
703333,0.016791025
703334,0.656187
703335,0.9755444
703336,0.24636333
703337,0.08287169
703338,0.383797
703339,0.1684658
703340,0.08767247
703341,0.06828154
703342,0.020241037
703343,0.58459246
703344,0.0016316943
703345,0.008939372
703346,0.006895269
703347,0.039557196
703348,0.81737256
703349,0.036359645
703350,0.06461193
703351,0.010677733
703352,0.71936476
703353,0.85239017
703354,0.008538391
703355,0.9726263
703356,0.99601
703357,0.029923027
703358,0.012394911
703359,0.52516985
703360,0.6087462
703361,0.029307298
703362,0.34541133
703363,0.010824525
703364,0.04444611
703365,0.007830396
703366,0.010079147
703367,0.011503242
703368,0.87718236
703369,0.3262194
703370,0.006445966
703371,0.980587
703372,0.14507174
703373,0.011992862
703374,0.42515182
703375,0.01626216
703376,0.77345693
703377,0.04550711
703378,0.9978003
703379,0.9915563
703380,0.9489789
703381,0.025426913
703382,0.111765936
703383,0.0332362
703384,0.996806
703385,0.9514229
703386,0.5986157
703387,0.91573083
703388,0.018850956
703389,0.06550579
703390,0.004913672
703391,0.9860142
703392,0.84766954
703393,0.05778224
703394,0.59340894
703395,0.880955
703396,0.56876636
703397,0.9869875
703398,0.58571327
703399,0.01164772
703400,0.8469075
703401,0.14490263
703402,0.8476731
703403,0.83426625
703404,0.010791084
703405,0.011777643
703406,0.0033372347
703407,0.904485
703408,0.36184958
703409,0.97627056
703410,0.95237416
703411,0.19004488
703412,0.015286717
703413,0.92408454
703414,0.12265764
703415,0.05133226
703416,0.083434075
703417,0.15339498
703418,0.0295467
703419,0.86707807
703420,0.25849292
703421,0.08366041
703422,0.0024116398
703423,0.9636955
703424,0.08037196
703425,0.034209475
703426,0.044302996
703427,0.061409216
703428,0.1886887
703429,0.9974347
703430,0.68793195
703431,0.9975928
703432,0.9783208
703433,0.052161764
703434,0.21510333
703435,0.8356574
703436,0.5353264
703437,0.7357767
703438,0.007117985
703439,0.24099526
703440,0.55987597
703441,0.0674451
703442,0.6129068
703443,0.9722334
703444,0.026954243
703445,0.9891123
703446,0.99437404
703447,0.99519724
703448,0.2548176
703449,0.99687564
703450,0.12201387
703451,0.011361169
703452,0.76590407
703453,0.006011262
703454,0.9952698
703455,0.95498455
703456,0.9071915
703457,0.96071213
703458,0.9914391
703459,0.1341695
703460,0.32352453
703461,0.9906506
703462,0.033646297
703463,0.9985138
703464,0.9915476
703465,0.09040023
703466,0.39687368
703467,0.9611481
703468,0.21557453
703469,0.61376095
703470,0.8382326
703471,0.29078448
703472,0.260886
703473,0.616377
703474,0.9390129
703475,0.016830364
703476,0.68043476
703477,0.60394526
703478,0.015037155
703479,0.0409276
703480,0.052123345
703481,0.7804979
703482,0.8451095
703483,0.03590598
703484,0.055374384
703485,0.005537302
703486,0.041653216
703487,0.9935509
703488,0.006080936
703489,0.9773583
703490,0.16907081
703491,0.99503505
703492,0.33205298
703493,0.9259393
703494,0.3934332
703495,0.9026798
703496,0.6925412
703497,0.009332071
703498,0.9965056
703499,0.055853453
703500,0.0864784
703501,0.85996187
703502,0.11137739
703503,0.31031853
703504,0.35104036
703505,0.6999967
703506,0.35909963
703507,0.025174305
703508,0.036973722
703509,0.98317206
703510,0.3821566
703511,0.010757632
703512,0.0072508743
703513,0.24286614
703514,0.3955954
703515,0.03240929
703516,0.84116316
703517,0.95722926
703518,0.96486837
703519,0.9616021
703520,0.99519926
703521,0.07427876
703522,0.99379426
703523,0.20539469
703524,0.96450996
703525,0.8882879
703526,0.14219472
703527,0.6957396
703528,0.11877373
703529,0.024916384
703530,0.66253364
703531,0.9903863
703532,0.9970902
703533,0.02953451
703534,0.03011205
703535,0.011941725
703536,0.19367181
703537,0.94272757
703538,0.018480841
703539,0.008651446
703540,0.99748546
703541,0.97074217
703542,0.62122726
703543,0.06556722
703544,0.48926592
703545,0.99462724
703546,0.04531601
703547,0.9091024
703548,0.7464341
703549,0.39632952
703550,0.038932227
703551,0.095651135
703552,0.26824313
703553,0.9981704
703554,0.8907488
703555,0.079043195
703556,0.64840925
703557,0.9964769
703558,0.98722106
703559,0.0039117625
703560,0.97924477
703561,0.34000075
703562,0.576808
703563,0.00291829
703564,0.9959171
703565,0.4104296
703566,0.6869939
703567,0.9874619
703568,0.0064978227
703569,0.1901427
703570,0.92578745
703571,0.037309535
703572,0.0031238776
703573,0.9893549
703574,0.03538805
703575,0.04199816
703576,0.002079655
703577,0.9875683
703578,0.7517698
703579,0.531556
703580,0.8704109
703581,0.12547347
703582,0.073526934
703583,0.9547878
703584,0.035017245
703585,0.4132117
703586,0.6983197
703587,0.9930097
703588,0.103627436
703589,0.06815626
703590,0.45079
703591,0.9995613
703592,0.3102786
703593,0.20630391
703594,0.8906233
703595,0.038830467
703596,0.89161265
703597,0.0049662595
703598,0.1714027
703599,0.6313106
703600,0.017926967
703601,0.009070734
703602,0.6637034
703603,0.66663253
703604,0.93883467
703605,0.99416906
703606,0.9927732
703607,0.100490965
703608,0.928022
703609,0.9042574
703610,0.95235354
703611,0.05149261
703612,0.32745567
703613,0.010875141
703614,0.99927676
703615,0.16872786
703616,0.9977004
703617,0.39693913
703618,0.95408374
703619,0.9517381
703620,0.016282696
703621,0.027435854
703622,0.1209539
703623,0.9945258
703624,0.01179214
703625,0.92972547
703626,0.064189956
703627,0.15135476
703628,0.4508818
703629,0.94586086
703630,0.99903166
703631,0.060311075
703632,0.8889296
703633,0.9527633
703634,0.99618113
703635,0.9373238
703636,0.08251547
703637,0.9937209
703638,0.04460268
703639,0.007116358
703640,0.7742808
703641,0.02449805
703642,0.0066579347
703643,0.0024971794
703644,0.04522092
703645,0.99617016
703646,0.052734066
703647,0.056307703
703648,0.9105854
703649,0.072681576
703650,0.018036623
703651,0.52321863
703652,0.0027304965
703653,0.866863
703654,0.9799932
703655,0.9939369
703656,0.019625904
703657,0.041809075
703658,0.98533565
703659,0.9321323
703660,0.7599281
703661,0.9827692
703662,0.97864735
703663,0.060338646
703664,0.038182046
703665,0.04499172
703666,0.75216365
703667,0.060423486
703668,0.96125096
703669,0.07773633
703670,0.16127297
703671,0.17674372
703672,0.05372583
703673,0.0034132944
703674,0.99102354
703675,0.012800413
703676,0.06420515
703677,0.46375364
703678,0.04735376
703679,0.19066331
703680,0.06118364
703681,0.9766922
703682,0.039254136
703683,0.012109422
703684,0.0082666185
703685,0.9669167
703686,0.009760387
703687,0.32880434
703688,0.99139756
703689,0.0050190254
703690,0.0042959377
703691,0.9993663
703692,0.15743157
703693,0.98816586
703694,0.0047276826
703695,0.13819548
703696,0.95648074
703697,0.9928083
703698,0.032144424
703699,0.09483304
703700,0.04280762
703701,0.06741895
703702,0.12490986
703703,0.9430708
703704,0.026100656
703705,0.99878395
703706,0.023666842
703707,0.03136034
703708,0.0732317
703709,0.93827456
703710,0.1444203
703711,0.974046
703712,0.99041843
703713,0.976674
703714,0.9798373
703715,0.887395
703716,0.99167967
703717,0.02294233
703718,0.98676765
703719,0.119626604
703720,0.94093144
703721,0.9848441
703722,0.9815998
703723,0.731027
703724,0.36115623
703725,0.63455737
703726,0.0038042574
703727,0.45403594
703728,0.9274309
703729,0.9977002
703730,0.07630195
703731,0.9766222
703732,0.29958272
703733,0.9364386
703734,0.3905474
703735,0.9987568
703736,0.52438796
703737,0.8975808
703738,0.1637125
703739,0.007881557
703740,0.06463344
703741,0.12607943
703742,0.011915347
703743,0.0131805325
703744,0.10720986
703745,0.97868264
703746,0.6671495
703747,0.91739583
703748,0.010458966
703749,0.07662453
703750,0.7018813
703751,0.9809395
703752,0.061322287
703753,0.030271571
703754,0.00984401
703755,0.9976647
703756,0.9189153
703757,0.77042997
703758,0.8886199
703759,0.05444969
703760,0.9488331
703761,0.91786265
703762,0.06030493
703763,0.9943545
703764,0.7932801
703765,0.787197
703766,0.0076945378
703767,0.930264
703768,0.9729371
703769,0.466488
703770,0.67074704
703771,0.88319016
703772,0.8899075
703773,0.006267943
703774,0.0063425708
703775,0.04845237
703776,0.8612093
703777,0.8774181
703778,0.63838136
703779,0.9867924
703780,0.9944481
703781,0.017325778
703782,0.46798956
703783,0.5024217
703784,0.9872795
703785,0.92573726
703786,0.6909837
703787,0.672055
703788,0.13440481
703789,0.89834803
703790,0.0033718501
703791,0.19001709
703792,0.036687274
703793,0.026197346
703794,0.43253735
703795,0.9440138
703796,0.020173876
703797,0.12869743
703798,0.73596054
703799,0.073231086
703800,0.9893647
703801,0.020959318
703802,0.10009461
703803,0.90752023
703804,0.014738782
703805,0.97710973
703806,0.049044326
703807,0.986963
703808,0.98028725
703809,0.04129556
703810,0.06991972
703811,0.99242324
703812,0.9018387
703813,0.9914533
703814,0.99312055
703815,0.9703001
703816,0.32346225
703817,0.9749119
703818,0.035508282
703819,0.8583866
703820,0.004920578
703821,0.56435263
703822,0.025505155
703823,0.907186
703824,0.3340858
703825,0.9966211
703826,0.13556868
703827,0.02443793
703828,0.5992584
703829,0.0061504263
703830,0.2589799
703831,0.24108978
703832,0.008940684
703833,0.03470531
703834,0.9658112
703835,0.02670706
703836,0.9740075
703837,0.0030645244
703838,0.7247304
703839,0.9948513
703840,0.004793688
703841,0.14981192
703842,0.9975126
703843,0.927472
703844,0.33470884
703845,0.568881
703846,0.81834674
703847,0.050161913
703848,0.005663471
703849,0.99524236
703850,0.92287695
703851,0.9849484
703852,0.0655584
703853,0.9980615
703854,0.9850309
703855,0.6649485
703856,0.006134063
703857,0.98634475
703858,0.9795363
703859,0.022888828
703860,0.73535025
703861,0.97507155
703862,0.015622923
703863,0.048929285
703864,0.6108843
703865,0.003531206
703866,0.1339699
703867,0.9766262
703868,0.0041014575
703869,0.13243611
703870,0.014229311
703871,0.9981349
703872,0.053615507
703873,0.23075691
703874,0.9385991
703875,0.83969045
703876,0.9253351
703877,0.76489186
703878,0.091274455
703879,0.3005333
703880,0.0032912418
703881,0.08006748
703882,0.08982548
703883,0.10403962
703884,0.3859743
703885,0.0054169763
703886,0.012987902
703887,0.06390424
703888,0.5584583
703889,0.13254133
703890,0.92756784
703891,0.05350105
703892,0.98912287
703893,0.9651494
703894,0.9895458
703895,0.9938959
703896,0.9825329
703897,0.9809594
703898,0.0049371254
703899,0.9149741
703900,0.009781685
703901,0.9821742
703902,0.20005749
703903,0.008540636
703904,0.8056038
703905,0.7681838
703906,0.0024992449
703907,0.98464763
703908,0.028556786
703909,0.026662994
703910,0.14985912
703911,0.9897003
703912,0.8240465
703913,0.009216262
703914,0.011500156
703915,0.0120041305
703916,0.97302026
703917,0.93330896
703918,0.1373511
703919,0.99894136
703920,0.18547916
703921,0.03894629
703922,0.12441503
703923,0.94327253
703924,0.86981994
703925,0.0013242535
703926,0.9582808
703927,0.0070973607
703928,0.96738636
703929,0.9122199
703930,0.9929111
703931,0.035250474
703932,0.9956452
703933,0.86614275
703934,0.8572814
703935,0.4763917
703936,0.016129598
703937,0.03471341
703938,0.9401242
703939,0.7805672
703940,0.9991934
703941,0.3292002
703942,0.9923869
703943,0.9889864
703944,0.25174943
703945,0.9823345
703946,0.017044224
703947,0.01764892
703948,0.6799464
703949,0.049130697
703950,0.729765
703951,0.0031047463
703952,0.006378941
703953,0.9490618
703954,0.004263525
703955,0.9422824
703956,0.0069978647
703957,0.0048038857
703958,0.034759305
703959,0.0054360516
703960,0.10080364
703961,0.36754784
703962,0.28156054
703963,0.052137733
703964,0.048941366
703965,0.009747476
703966,0.09911367
703967,0.06160754
703968,0.0017501342
703969,0.014731339
703970,0.49499977
703971,0.032198545
703972,0.20257387
703973,0.7961321
703974,0.83546424
703975,0.39861947
703976,0.020152854
703977,0.82855743
703978,0.12641436
703979,0.005018166
703980,0.9577173
703981,0.98464024
703982,0.6962611
703983,0.035294272
703984,0.4981215
703985,0.9741236
703986,0.119842336
703987,0.983609
703988,0.13193303
703989,0.9816941
703990,0.99964094
703991,0.89165044
703992,0.9841825
703993,0.0267664
703994,0.95059955
703995,0.032303475
703996,0.26878273
703997,0.8409973
703998,0.48024562
703999,0.874631
704000,0.97588146
704001,0.010692023
704002,0.015478997
704003,0.5357188
704004,0.02098429
704005,0.040230088
704006,0.018425943
704007,0.97456527
704008,0.020442925
704009,0.037897773
704010,0.021961577
704011,0.017647391
704012,0.04292889
704013,0.065515384
704014,0.9510394
704015,0.3739913
704016,0.13415562
704017,0.06210322
704018,0.06759651
704019,0.9526137
704020,0.06083511
704021,0.9685062
704022,0.98294306
704023,0.81223446
704024,0.07890432
704025,0.011067113
704026,0.75243527
704027,0.92590606
704028,0.06594704
704029,0.0114609115
704030,0.014757682
704031,0.9355405
704032,0.06472597
704033,0.9741959
704034,0.10736061
704035,0.4669663
704036,0.39327365
704037,0.99477947
704038,0.021516182
704039,0.3519679
704040,0.019261248
704041,0.02300979
704042,0.004871226
704043,0.3352859
704044,0.018748568
704045,0.0019155613
704046,0.39002922
704047,0.03944825
704048,0.426472
704049,0.9972121
704050,0.06926558
704051,0.9980971
704052,0.5867875
704053,0.8553034
704054,0.03344478
704055,0.07432963
704056,0.91524327
704057,0.013966973
704058,0.9176489
704059,0.007493337
704060,0.9867625
704061,0.118897974
704062,0.98928535
704063,0.03526695
704064,0.010637563
704065,0.7471722
704066,0.3216839
704067,0.934173
704068,0.036393505
704069,0.013997607
704070,0.2756691
704071,0.024137557
704072,0.8013581
704073,0.31447026
704074,0.98187065
704075,0.006050855
704076,0.95598406
704077,0.118112326
704078,0.079636276
704079,0.8687288
704080,0.9764089
704081,0.20366049
704082,0.27078915
704083,0.059191022
704084,0.50299305
704085,0.0004248091
704086,0.15593117
704087,0.038290504
704088,0.9872475
704089,0.008069326
704090,0.09300479
704091,0.2370977
704092,0.007998813
704093,0.10684628
704094,0.97885346
704095,0.011402913
704096,0.9925088
704097,0.2893107
704098,0.008721981
704099,0.013858842
704100,0.731795
704101,0.04887817
704102,0.011000126
704103,0.4687606
704104,0.41648808
704105,0.9965225
704106,0.008412906
704107,0.005558611
704108,0.01776908
704109,0.04336734
704110,0.89979094
704111,0.034818333
704112,0.9598749
704113,0.057466805
704114,0.089957416
704115,0.9830234
704116,0.98080957
704117,0.8516788
704118,0.25521684
704119,0.01599989
704120,0.028678838
704121,0.006488836
704122,0.8696405
704123,0.69249374
704124,0.16852719
704125,0.86753196
704126,0.89989984
704127,0.95098037
704128,0.9979644
704129,0.010834687
704130,0.64560014
704131,0.013805471
704132,0.06351522
704133,0.95273465
704134,0.013126188
704135,0.99785274
704136,0.98817664
704137,0.021012247
704138,0.98934025
704139,0.007961112
704140,0.41398546
704141,0.21058792
704142,0.99078786
704143,0.7060833
704144,0.061722025
704145,0.030336473
704146,0.1112042
704147,0.8681563
704148,0.97545916
704149,0.03483867
704150,0.027251527
704151,0.9852693
704152,0.8845283
704153,0.006427324
704154,0.997745
704155,0.10003328
704156,0.87250084
704157,0.957343
704158,0.5107005
704159,0.0033041933
704160,0.13242884
704161,0.9982251
704162,0.33753446
704163,0.7493632
704164,0.97725713
704165,0.87066495
704166,0.01115817
704167,0.025710141
704168,0.0142644495
704169,0.006141527
704170,0.5772962
704171,0.020303933
704172,0.95139474
704173,0.99164903
704174,0.020330861
704175,0.029459633
704176,0.019369334
704177,0.7636025
704178,0.9979584
704179,0.007832137
704180,0.07291268
704181,0.9784078
704182,0.9922181
704183,0.03594718
704184,0.99725616
704185,0.00088321697
704186,0.98466325
704187,0.022387527
704188,0.98409116
704189,0.99957037
704190,0.7271519
704191,0.9792831
704192,0.025356762
704193,0.11632042
704194,0.8677033
704195,0.04904637
704196,0.06582674
704197,0.00844848
704198,0.3320449
704199,0.059760228
704200,0.033507146
704201,0.06532855
704202,0.51757574
704203,0.98130995
704204,0.8641497
704205,0.5623598
704206,0.8345901
704207,0.55236965
704208,0.05208511
704209,0.13825478
704210,0.97351503
704211,0.15154633
704212,0.26547056
704213,0.038603656
704214,0.026476882
704215,0.027544942
704216,0.83727777
704217,0.1633125
704218,0.9732942
704219,0.01994155
704220,0.9790542
704221,0.95420605
704222,0.82211286
704223,0.9253067
704224,0.028524328
704225,0.025115985
704226,0.0039927685
704227,0.053238824
704228,0.13218628
704229,0.21915448
704230,0.4748001
704231,0.9828282
704232,0.9972075
704233,0.013798833
704234,0.16064672
704235,0.04983421
704236,0.015742164
704237,0.7981365
704238,0.9788132
704239,0.39303476
704240,0.019081375
704241,0.79419386
704242,0.344816
704243,0.083568856
704244,0.9357289
704245,0.059688725
704246,0.18049754
704247,0.043946132
704248,0.45458126
704249,0.058956247
704250,0.98901135
704251,0.19120021
704252,0.003230198
704253,0.04722657
704254,0.016074574
704255,0.02021988
704256,0.12584275
704257,0.36872017
704258,0.19591647
704259,0.013156289
704260,0.927586
704261,0.12783892
704262,0.24201898
704263,0.83798647
704264,0.98089457
704265,0.0151843205
704266,0.17398736
704267,0.99293035
704268,0.53386354
704269,0.092258364
704270,0.8938218
704271,0.43949744
704272,0.9979415
704273,0.9515557
704274,0.027814958
704275,0.7430206
704276,0.097154364
704277,0.006842178
704278,0.055155173
704279,0.84104705
704280,0.017480785
704281,0.05551065
704282,0.3544766
704283,0.64111423
704284,0.02314683
704285,0.029868077
704286,0.9855268
704287,0.2467799
704288,0.3055285
704289,0.97432417
704290,0.13856636
704291,0.035398033
704292,0.8693938
704293,0.025634337
704294,0.15684496
704295,0.99204206
704296,0.9212008
704297,0.98950976
704298,0.9833073
704299,0.39207
704300,0.015040819
704301,0.0065936013
704302,0.015969738
704303,0.060352243
704304,0.06568457
704305,0.003829673
704306,0.98747
704307,0.0026644857
704308,0.23699513
704309,0.8286443
704310,0.9850405
704311,0.93194914
704312,0.7561762
704313,0.99985063
704314,0.06528142
704315,0.26049933
704316,0.0026515771
704317,0.72786504
704318,0.51527804
704319,0.99682426
704320,0.0014934745
704321,0.9989571
704322,0.0035706796
704323,0.999387
704324,0.99302095
704325,0.07383545
704326,0.006969167
704327,0.04404767
704328,0.00815252
704329,0.048356093
704330,0.0026506428
704331,0.053223662
704332,0.444364
704333,0.9876245
704334,0.69272023
704335,0.83071214
704336,0.05819481
704337,0.9870813
704338,0.16061531
704339,0.27956086
704340,0.9955283
704341,0.09995622
704342,0.1086638
704343,0.97422266
704344,0.99448276
704345,0.97927725
704346,0.061675638
704347,0.32384735
704348,0.08114859
704349,0.9774888
704350,0.87993515
704351,0.9003284
704352,0.009980588
704353,0.98424554
704354,0.15087703
704355,0.3124489
704356,0.97923297
704357,0.9865409
704358,0.9978751
704359,0.047273703
704360,0.1968465
704361,0.2854451
704362,0.019331183
704363,0.4558978
704364,0.89851594
704365,0.07378794
704366,0.05040633
704367,0.063045435
704368,0.007881825
704369,0.017089868
704370,0.95679927
704371,0.19861133
704372,0.03773703
704373,0.51106215
704374,0.9900168
704375,0.47094432
704376,0.9710418
704377,0.022353388
704378,0.17496403
704379,0.015417935
704380,0.84888107
704381,0.5301617
704382,0.99922514
704383,0.8389338
704384,0.02066313
704385,0.015169913
704386,0.99712294
704387,0.8873305
704388,0.018197719
704389,0.053797796
704390,0.046013054
704391,0.84272677
704392,0.87254643
704393,0.98716784
704394,0.31089884
704395,0.014202009
704396,0.9204541
704397,0.44402966
704398,0.8282105
704399,0.102294885
704400,0.15550028
704401,0.16860089
704402,0.011798146
704403,0.9974008
704404,0.0025148191
704405,0.97214127
704406,0.9759177
704407,0.9786716
704408,0.99887395
704409,0.06694945
704410,0.20419699
704411,0.88984525
704412,0.008411914
704413,0.5318222
704414,0.49608582
704415,0.25019217
704416,0.074906535
704417,0.08278544
704418,0.14385831
704419,0.9140495
704420,0.08491911
704421,0.9315989
704422,0.072258174
704423,0.036811605
704424,0.7249684
704425,0.013777476
704426,0.42906055
704427,0.979208
704428,0.93234676
704429,0.00998074
704430,0.97778904
704431,0.99103737
704432,0.9934713
704433,0.9228906
704434,0.89014816
704435,0.020094968
704436,0.99897844
704437,0.2189311
704438,0.9849006
704439,0.9970834
704440,0.2810868
704441,0.013516725
704442,0.5982606
704443,0.9223672
704444,0.0030937016
704445,0.95726925
704446,0.9043045
704447,0.45491052
704448,0.10751862
704449,0.08898201
704450,0.11733941
704451,0.33602482
704452,0.0099764
704453,0.9869386
704454,0.9947951
704455,0.37539575
704456,0.86624324
704457,0.9306636
704458,0.74866164
704459,0.3551062
704460,0.03509407
704461,0.7339991
704462,0.45986453
704463,0.9859265
704464,0.80030775
704465,0.11178388
704466,0.7087071
704467,0.065805234
704468,0.087556034
704469,0.40732124
704470,0.979118
704471,0.99668074
704472,0.028212385
704473,0.94742775
704474,0.9691485
704475,0.02203934
704476,0.9057064
704477,0.028187402
704478,0.43429765
704479,0.9793204
704480,0.037399225
704481,0.9305499
704482,0.014440531
704483,0.06502628
704484,0.01363777
704485,0.99254745
704486,0.120360546
704487,0.086367175
704488,0.7274436
704489,0.016718518
704490,0.107033
704491,0.8478122
704492,0.93409085
704493,0.9933764
704494,0.8559596
704495,0.8065727
704496,0.92376626
704497,0.8343015
704498,0.022836078
704499,0.026987247
704500,0.8525337
704501,0.5952265
704502,0.9166068
704503,0.3023493
704504,0.76062566
704505,0.88012815
704506,0.7339802
704507,0.663417
704508,0.051316954
704509,0.045617018
704510,0.05374878
704511,0.9642545
704512,0.079673596
704513,0.6695222
704514,0.35001332
704515,0.06737121
704516,0.983077
704517,0.9738689
704518,0.034915403
704519,0.045922894
704520,0.9957575
704521,0.05501254
704522,0.5284375
704523,0.00703235
704524,0.9723137
704525,0.013159936
704526,0.6258568
704527,0.08681831
704528,0.6863612
704529,0.8787738
704530,0.98193204
704531,0.89228046
704532,0.020413354
704533,0.9792038
704534,0.9791485
704535,0.039181672
704536,0.26035285
704537,0.0021940358
704538,0.8642435
704539,0.9852497
704540,0.36037582
704541,0.03714545
704542,0.9368089
704543,0.20119175
704544,0.73696786
704545,0.076217994
704546,0.29076523
704547,0.017694816
704548,0.3235045
704549,0.019133668
704550,0.921476
704551,0.9992704
704552,0.66416377
704553,0.8054703
704554,0.004411655
704555,0.84397125
704556,0.016940404
704557,0.112701096
704558,0.16220912
704559,0.07932945
704560,0.21167755
704561,0.048959028
704562,0.007974069
704563,0.0025064046
704564,0.42909175
704565,0.9903977
704566,0.01845833
704567,0.09807052
704568,0.8616501
704569,0.051632516
704570,0.9578585
704571,0.9950183
704572,0.9931954
704573,0.69532776
704574,0.99165034
704575,0.38009673
704576,0.8516265
704577,0.20807843
704578,0.99296683
704579,0.030139003
704580,0.72218513
704581,0.23833779
704582,0.014008089
704583,0.6868036
704584,0.030714786
704585,0.014393309
704586,0.366668
704587,0.9827441
704588,0.7036876
704589,0.03976511
704590,0.007418957
704591,0.99653006
704592,0.9743734
704593,0.67357296
704594,0.01762477
704595,0.7817905
704596,0.1137519
704597,0.7051488
704598,0.016223345
704599,0.4113504
704600,0.0102853095
704601,0.0043955985
704602,0.1171221
704603,0.9782829
704604,0.011526704
704605,0.9931687
704606,0.17924675
704607,0.0050440347
704608,0.27721593
704609,0.86453557
704610,0.9836251
704611,0.8676344
704612,0.08725838
704613,0.008978706
704614,0.97650695
704615,0.06379763
704616,0.18013605
704617,0.9945438
704618,0.00543387
704619,0.013652599
704620,0.8103019
704621,0.95207477
704622,0.36194578
704623,0.03518434
704624,0.057579722
704625,0.012825625
704626,0.3946404
704627,0.9417167
704628,0.30478984
704629,0.32896835
704630,0.035073765
704631,0.61380595
704632,0.96593714
704633,0.94429326
704634,0.8746262
704635,0.98475957
704636,0.58389544
704637,0.99801856
704638,0.3071277
704639,0.1417652
704640,0.807913
704641,0.9237601
704642,0.031881228
704643,0.025346389
704644,0.39956442
704645,0.9469959
704646,0.056650728
704647,0.023342308
704648,0.02133585
704649,0.0021870525
704650,0.14798655
704651,0.39595667
704652,0.22141111
704653,0.023332555
704654,0.087544665
704655,0.023675222
704656,0.015452763
704657,0.48823315
704658,0.047845908
704659,0.26157486
704660,0.95654947
704661,0.20412205
704662,0.0136547685
704663,0.10495325
704664,0.9686221
704665,0.673087
704666,0.043564428
704667,0.10400041
704668,0.85599494
704669,0.032208987
704670,0.065475754
704671,0.011932069
704672,0.9925893
704673,0.13064356
704674,0.9950876
704675,0.020464564
704676,0.90939003
704677,0.0023758302
704678,0.6511087
704679,0.75033474
704680,0.5753976
704681,0.9683513
704682,0.0025511575
704683,0.50735754
704684,0.027062424
704685,0.09641665
704686,0.2958663
704687,0.99077994
704688,0.99098516
704689,0.017410994
704690,0.6834635
704691,0.68259114
704692,0.8876353
704693,0.27789113
704694,0.992436
704695,0.09127151
704696,0.9835768
704697,0.016660322
704698,0.89545846
704699,0.760421
704700,0.012019784
704701,0.032756303
704702,0.047992475
704703,0.20826358
704704,0.021361163
704705,0.83758146
704706,0.9986154
704707,0.38100666
704708,0.55559623
704709,0.025959749
704710,0.24373183
704711,0.95157313
704712,0.9926082
704713,0.9939615
704714,0.5323386
704715,0.95825374
704716,0.038951468
704717,0.9904619
704718,0.9980045
704719,0.0067969933
704720,0.87643117
704721,0.25139356
704722,0.93323964
704723,0.011928753
704724,0.9627582
704725,0.8449003
704726,0.99195254
704727,0.99647313
704728,0.98414093
704729,0.4788003
704730,0.971967
704731,0.2722817
704732,0.46752444
704733,0.019325297
704734,0.5311501
704735,0.31239486
704736,0.026079755
704737,0.07340567
704738,0.7056315
704739,0.07363491
704740,0.09955901
704741,0.075550176
704742,0.7470815
704743,0.995715
704744,0.48782247
704745,0.030423451
704746,0.014253205
704747,0.6863672
704748,0.008243278
704749,0.010869035
704750,0.0032483558
704751,0.015809724
704752,0.9972717
704753,0.7342333
704754,0.9833586
704755,0.9263549
704756,0.19945425
704757,0.77179503
704758,0.99351
704759,0.038016412
704760,0.027037539
704761,0.7723608
704762,0.01473279
704763,0.012270485
704764,0.043713123
704765,0.9079505
704766,0.99563456
704767,0.996192
704768,0.004698432
704769,0.88839996
704770,0.96523607
704771,0.9902718
704772,0.004554309
704773,0.021635909
704774,0.84751403
704775,0.960395
704776,0.838694
704777,0.3184439
704778,0.8905163
704779,0.991915
704780,0.083269246
704781,0.7840689
704782,0.40341565
704783,0.009513937
704784,0.004121924
704785,0.030920664
704786,0.8372528
704787,0.05584466
704788,0.72488844
704789,0.014561442
704790,0.4878717
704791,0.005897514
704792,0.8424783
704793,0.13744678
704794,0.43954003
704795,0.028219126
704796,0.6211025
704797,0.9847165
704798,0.34539324
704799,0.036495887
704800,0.012580505
704801,0.0047549186
704802,0.027496437
704803,0.14067096
704804,0.003733415
704805,0.10759176
704806,0.21262558
704807,0.8492356
704808,0.08929896
704809,0.9141618
704810,0.26367867
704811,0.24614897
704812,0.015701026
704813,0.120901674
704814,0.2034297
704815,0.9190187
704816,0.12663545
704817,0.022626454
704818,0.0027488046
704819,0.48666376
704820,0.70681155
704821,0.9471495
704822,0.0031791613
704823,0.946471
704824,0.9872229
704825,0.02867389
704826,0.0042614336
704827,0.9929836
704828,0.99256927
704829,0.99370736
704830,0.006777096
704831,0.057366587
704832,0.9046557
704833,0.025763236
704834,0.0037434967
704835,0.038222
704836,0.028983355
704837,0.06937398
704838,0.13720277
704839,0.0016345794
704840,0.16712493
704841,0.011689509
704842,0.9865064
704843,0.8936523
704844,0.9987305
704845,0.91505754
704846,0.023377493
704847,0.02972517
704848,0.0052245073
704849,0.04440669
704850,0.9600135
704851,0.035194647
704852,0.6782709
704853,0.56035846
704854,0.2882147
704855,0.033128016
704856,0.9943811
704857,0.021675522
704858,0.012350364
704859,0.9989195
704860,0.17899513
704861,0.005377126
704862,0.31370297
704863,0.99344426
704864,0.9834702
704865,0.8958565
704866,0.022769775
704867,0.10302333
704868,0.058886018
704869,0.18248418
704870,0.009120093
704871,0.99130917
704872,0.032260314
704873,0.9144479
704874,0.018717047
704875,0.0016916681
704876,0.0069026803
704877,0.9789188
704878,0.3183441
704879,0.018379802
704880,0.73367083
704881,0.016083272
704882,0.41282547
704883,0.9827962
704884,0.035252564
704885,0.17171934
704886,0.046279915
704887,0.0027647172
704888,0.7340721
704889,0.84091645
704890,0.99192303
704891,0.9976802
704892,0.11162026
704893,0.94504297
704894,0.991366
704895,0.0038458144
704896,0.010079492
704897,0.037904914
704898,0.044338733
704899,0.06862568
704900,0.9161463
704901,0.0066612433
704902,0.8758738
704903,0.855864
704904,0.051982958
704905,0.9966302
704906,0.72539794
704907,0.0806205
704908,0.1538629
704909,0.98314947
704910,0.29049602
704911,0.013961171
704912,0.25493306
704913,0.08043538
704914,0.009658555
704915,0.012613599
704916,0.23453611
704917,0.107190765
704918,0.029662224
704919,0.018056516
704920,0.007994461
704921,0.9857244
704922,0.012179447
704923,0.027092682
704924,0.9648549
704925,0.1844454
704926,0.0101869
704927,0.92438585
704928,0.032000504
704929,0.006991509
704930,0.8232158
704931,0.0061562127
704932,0.11808127
704933,0.99228203
704934,0.98985076
704935,0.014767604
704936,0.02501747
704937,0.25663936
704938,0.003760897
704939,0.8641865
704940,0.6359604
704941,0.015972102
704942,0.96477264
704943,0.23429915
704944,0.30637586
704945,0.14592622
704946,0.9984047
704947,0.8242339
704948,0.9542214
704949,0.007973592
704950,0.96359825
704951,0.0042436915
704952,0.99611956
704953,0.98965335
704954,0.9983356
704955,0.29828817
704956,0.11847275
704957,0.073902525
704958,0.3106342
704959,0.04416882
704960,0.069763176
704961,0.041619714
704962,0.77797323
704963,0.9597553
704964,0.53684384
704965,0.04251813
704966,0.15392753
704967,0.24085535
704968,0.9716435
704969,0.6201581
704970,0.9457471
704971,0.71352583
704972,0.99323845
704973,0.016341083
704974,0.17003
704975,0.1100907
704976,0.22693321
704977,0.0048133694
704978,0.17837392
704979,0.031897675
704980,0.62726736
704981,0.22349621
704982,0.057038218
704983,0.95075905
704984,0.67555326
704985,0.09825461
704986,0.2686655
704987,0.60967475
704988,0.0592365
704989,0.6044953
704990,0.9581531
704991,0.9857842
704992,0.06886406
704993,0.43528453
704994,0.99827385
704995,0.9799103
704996,0.0033011576
704997,0.008992292
704998,0.9802151
704999,0.017542155
705000,0.002811508
705001,0.7745242
705002,0.9739257
705003,0.9987498
705004,0.013573497
705005,0.012507877
705006,0.6917864
705007,0.013181001
705008,0.023650376
705009,0.8451325
705010,0.23595512
705011,0.9576113
705012,0.07646947
705013,0.021077618
705014,0.99582857
705015,0.09667289
705016,0.96406865
705017,0.02368484
705018,0.6293743
705019,0.07986011
705020,0.023708312
705021,0.24741495
705022,0.8004557
705023,0.09767088
705024,0.99288094
705025,0.07571303
705026,0.98625636
705027,0.7077348
705028,0.016064418
705029,0.13554783
705030,0.7917537
705031,0.12663499
705032,0.5289821
705033,0.841578
705034,0.013083803
705035,0.8436161
705036,0.7486411
705037,0.92721176
705038,0.006172863
705039,0.97722113
705040,0.019581504
705041,0.83633626
705042,0.9940111
705043,0.020477269
705044,0.9631445
705045,0.9040466
705046,0.65428716
705047,0.30673614
705048,0.97252816
705049,0.9939654
705050,0.50045514
705051,0.05541518
705052,0.024445927
705053,0.010751829
705054,0.96265125
705055,0.059806693
705056,0.23421963
705057,0.8237864
705058,0.9828744
705059,0.99719757
705060,0.15283594
705061,0.019507537
705062,0.9592368
705063,0.0089931525
705064,0.99208283
705065,0.30357057
705066,0.4028325
705067,0.95052284
705068,0.84776807
705069,0.5534011
705070,0.87327766
705071,0.07672894
705072,0.9956708
705073,0.46638852
705074,0.1367065
705075,0.9832573
705076,0.9617751
705077,0.02071589
705078,0.025992401
705079,0.4161054
705080,0.0029896973
705081,0.032386493
705082,0.98202103
705083,0.016783442
705084,0.01772074
705085,0.9904264
705086,0.85929763
705087,0.9912409
705088,0.0046389084
705089,0.0030385237
705090,0.5032639
705091,0.99162394
705092,0.83851916
705093,0.6096482
705094,0.0051929713
705095,0.031871848
705096,0.0012738637
705097,0.016797967
705098,0.8649357
705099,0.039764374
705100,0.0047666538
705101,0.74593323
705102,0.41310477
705103,0.03319036
705104,0.0036540553
705105,0.99269426
705106,0.11572564
705107,0.008888546
705108,0.058678605
705109,0.89521503
705110,0.9954313
705111,0.0026289308
705112,0.012291684
705113,0.52680916
705114,0.03947418
705115,0.13587938
705116,0.12704913
705117,0.015110632
705118,0.9537741
705119,0.9447801
705120,0.72168094
705121,0.036285378
705122,0.015140321
705123,0.03661137
705124,0.84545803
705125,0.005037253
705126,0.11015903
705127,0.0021037948
705128,0.9592911
705129,0.33306682
705130,0.047903363
705131,0.8398963
705132,0.9930042
705133,0.066538595
705134,0.014129851
705135,0.9318824
705136,0.9436999
705137,0.8169783
705138,0.07325834
705139,0.997756
705140,0.025620252
705141,0.42087096
705142,0.9811491
705143,0.5818264
705144,0.0131912595
705145,0.13406378
705146,0.6684442
705147,0.93043274
705148,0.941862
705149,0.005638666
705150,0.0035473492
705151,0.84686446
705152,0.96091926
705153,0.4742774
705154,0.040702365
705155,0.7725477
705156,0.99402356
705157,0.14867844
705158,0.011466259
705159,0.09460009
705160,0.08073419
705161,0.016343547
705162,0.010803472
705163,0.15423813
705164,0.9900342
705165,0.09611337
705166,0.97355604
705167,0.07184419
705168,0.07087819
705169,0.0115307
705170,0.5388799
705171,0.9972532
705172,0.032981463
705173,0.035223592
705174,0.6190572
705175,0.08137944
705176,0.75227886
705177,0.0034908492
705178,0.012202507
705179,0.9571255
705180,0.9192356
705181,0.9558828
705182,0.46835142
705183,0.0149527695
705184,0.058255352
705185,0.98599833
705186,0.9991559
705187,0.726048
705188,0.35156134
705189,0.08103913
705190,0.77486
705191,0.6027672
705192,0.9925587
705193,0.9305174
705194,0.006907763
705195,0.5060633
705196,0.43826532
705197,0.995647
705198,0.89097583
705199,0.01281492
705200,0.97033423
705201,0.9900929
705202,0.96621275
705203,0.014199568
705204,0.0061496925
705205,0.9866273
705206,0.8270992
705207,0.032808736
705208,0.95354515
705209,0.9415395
705210,0.12612635
705211,0.7743484
705212,0.0024798107
705213,0.055987325
705214,0.0102603575
705215,0.81726897
705216,0.072574794
705217,0.5279672
705218,0.9844902
705219,0.1289829
705220,0.19170077
705221,0.22874355
705222,0.97424555
705223,0.029057346
705224,0.02741157
705225,0.0892641
705226,0.09470558
705227,0.9399597
705228,0.9941778
705229,0.96557194
705230,0.54893464
705231,0.70882577
705232,0.02676976
705233,0.9541445
705234,0.009841725
705235,0.006924402
705236,0.9424579
705237,0.9054574
705238,0.06392181
705239,0.0046422305
705240,0.0037199517
705241,0.91042894
705242,0.07813195
705243,0.09889187
705244,0.8375669
705245,0.98704404
705246,0.03181977
705247,0.9486134
705248,0.009897691
705249,0.93319947
705250,0.01941084
705251,0.040209167
705252,0.17944072
705253,0.991701
705254,0.9793441
705255,0.9358206
705256,0.96521145
705257,0.48748654
705258,0.25258106
705259,0.635057
705260,0.90013534
705261,0.040599298
705262,0.97660214
705263,0.0039178375
705264,0.032998957
705265,0.07889433
705266,0.70643485
705267,0.059417404
705268,0.97625864
705269,0.92764163
705270,0.9813981
705271,0.9785763
705272,0.011343636
705273,0.18670696
705274,0.018848065
705275,0.50336677
705276,0.14190534
705277,0.04582417
705278,0.6798023
705279,0.9742951
705280,0.5789139
705281,0.29904094
705282,0.13723245
705283,0.8770486
705284,0.055183515
705285,0.016270077
705286,0.009539741
705287,0.68631494
705288,0.023644313
705289,0.049934477
705290,0.07247175
705291,0.011945477
705292,0.8683462
705293,0.13400316
705294,0.3279673
705295,0.0037857865
705296,0.6187499
705297,0.01952584
705298,0.047802057
705299,0.011285901
705300,0.3497969
705301,0.9656842
705302,0.7768439
705303,0.9948814
705304,0.7310993
705305,0.04985465
705306,0.96866435
705307,0.80185795
705308,0.024208076
705309,0.9400646
705310,0.64047
705311,0.23860984
705312,0.071485214
705313,0.02973828
705314,0.071046315
705315,0.005587451
705316,0.068948634
705317,0.01376794
705318,0.09124372
705319,0.7929194
705320,0.02303856
705321,0.0575688
705322,0.10252088
705323,0.77610064
705324,0.9902595
705325,0.95485234
705326,0.99135065
705327,0.29667902
705328,0.003418831
705329,0.9974985
705330,0.0027222196
705331,0.007474161
705332,0.15708502
705333,0.013877673
705334,0.97062933
705335,0.9931878
705336,0.010590045
705337,0.69812757
705338,0.37306246
705339,0.6946378
705340,0.8317715
705341,0.057443306
705342,0.9056234
705343,0.024230985
705344,0.98569447
705345,0.016925093
705346,0.028325398
705347,0.008606587
705348,0.007392627
705349,0.99633193
705350,0.9754592
705351,0.014971851
705352,0.091843314
705353,0.050757393
705354,0.021754365
705355,0.96243024
705356,0.3290642
705357,0.23923475
705358,0.16054972
705359,0.97681475
705360,0.96435905
705361,0.0030080355
705362,0.13647427
705363,0.026613131
705364,0.020690063
705365,0.9905593
705366,0.9948193
705367,0.006052543
705368,0.10422193
705369,0.99201757
705370,0.43969214
705371,0.9993757
705372,0.006356712
705373,0.3738436
705374,0.92855877
705375,0.009412989
705376,0.93562853
705377,0.9790609
705378,0.022851149
705379,0.36681134
705380,0.998801
705381,0.010848086
705382,0.054267257
705383,0.9598676
705384,0.9957414
705385,0.39578027
705386,0.016052857
705387,0.8287123
705388,0.20299935
705389,0.35529387
705390,0.0066183
705391,0.010914504
705392,0.005816767
705393,0.20165361
705394,0.12189998
705395,0.06844736
705396,0.0985643
705397,0.008859058
705398,0.031778805
705399,0.14572302
705400,0.007228055
705401,0.0027789432
705402,0.043437928
705403,0.08088854
705404,0.018504892
705405,0.9972402
705406,0.9985996
705407,0.16023244
705408,0.09009622
705409,0.7985425
705410,0.39714023
705411,0.8529496
705412,0.0037208344
705413,0.4834435
705414,0.9779533
705415,0.339214
705416,0.329936
705417,0.007330996
705418,0.09467239
705419,0.50066906
705420,0.02588437
705421,0.9718214
705422,0.96464264
705423,0.030275684
705424,0.011082441
705425,0.06907811
705426,0.04176204
705427,0.8320672
705428,0.06488034
705429,0.012282095
705430,0.40658957
705431,0.26316446
705432,0.022006175
705433,0.14938997
705434,0.15556762
705435,0.8618197
705436,0.14289844
705437,0.007405483
705438,0.99819773
705439,0.21318156
705440,0.60400736
705441,0.9780502
705442,0.9900554
705443,0.9811814
705444,0.6996378
705445,0.7588911
705446,0.03165713
705447,0.9893771
705448,0.62081945
705449,0.013023998
705450,0.62993264
705451,0.056032743
705452,0.012544418
705453,0.29962617
705454,0.17354268
705455,0.81945336
705456,0.96149486
705457,0.8617285
705458,0.13001616
705459,0.71246666
705460,0.70578897
705461,0.14501181
705462,0.8733492
705463,0.98052084
705464,0.97991383
705465,0.025370227
705466,0.9071517
705467,0.741533
705468,0.035600305
705469,0.3283484
705470,0.9006649
705471,0.015560352
705472,0.8903021
705473,0.0047340654
705474,0.9645606
705475,0.97745395
705476,0.14435157
705477,0.017436314
705478,0.028620351
705479,0.97543466
705480,0.035214953
705481,0.024881829
705482,0.99950445
705483,0.005683169
705484,0.09326939
705485,0.019119672
705486,0.14342913
705487,0.9352285
705488,0.9718368
705489,0.3783816
705490,0.932819
705491,0.006035488
705492,0.0043344633
705493,0.67286867
705494,0.038298666
705495,0.4477511
705496,0.014887322
705497,0.09965356
705498,0.9052183
705499,0.055205386
705500,0.97652006
705501,0.9682284
705502,0.98784196
705503,0.9963647
705504,0.9985492
705505,0.94067574
705506,0.9835152
705507,0.0017311485
705508,0.06442314
705509,0.9226961
705510,0.8765065
705511,0.16464372
705512,0.7317885
705513,0.74132884
705514,0.9851658
705515,0.39060295
705516,0.020929495
705517,0.0037079914
705518,0.858494
705519,0.034088068
705520,0.071559295
705521,0.92642915
705522,0.9139203
705523,0.010737128
705524,0.99057734
705525,0.56811094
705526,0.13272934
705527,0.12571856
705528,0.48175633
705529,0.006197161
705530,0.021921692
705531,0.019227173
705532,0.016165834
705533,0.051959977
705534,0.06790706
705535,0.008810222
705536,0.011733368
705537,0.0065988363
705538,0.8697815
705539,0.16424811
705540,0.01376857
705541,0.99889845
705542,0.98836696
705543,0.017795138
705544,0.98224044
705545,0.008644128
705546,0.054851476
705547,0.028066758
705548,0.8259994
705549,0.9772804
705550,0.99452573
705551,0.05385646
705552,0.11982828
705553,0.5644927
705554,0.021289207
705555,0.9773677
705556,0.00074928324
705557,0.8962534
705558,0.006346402
705559,0.111475766
705560,0.98295504
705561,0.18283314
705562,0.9841878
705563,0.020221064
705564,0.41103566
705565,0.9903744
705566,0.9838315
705567,0.0906516
705568,0.0122087225
705569,0.009636236
705570,0.023360798
705571,0.17604983
705572,0.05062697
705573,0.0042104665
705574,0.9983715
705575,0.94002664
705576,0.021454146
705577,0.9978674
705578,0.010868345
705579,0.022647085
705580,0.75836545
705581,0.9737195
705582,0.014749182
705583,0.36040074
705584,0.19275554
705585,0.9928576
705586,0.07690011
705587,0.12284299
705588,0.9499773
705589,0.19342214
705590,0.56400084
705591,0.21678713
705592,0.7789663
705593,0.0049219457
705594,0.008666862
705595,0.9527278
705596,0.12765282
705597,0.0137253
705598,0.021183085
705599,0.9928216
705600,0.1033697
705601,0.96083426
705602,0.16246086
705603,0.03740859
705604,0.65185016
705605,0.92213297
705606,0.9515948
705607,0.023638535
705608,0.008112917
705609,0.992399
705610,0.819152
705611,0.0037790113
705612,0.9933311
705613,0.38319927
705614,0.012384793
705615,0.39367595
705616,0.2573275
705617,0.5380798
705618,0.16176802
705619,0.87397784
705620,0.0054439204
705621,0.010799523
705622,0.03064071
705623,0.031998202
705624,0.08227697
705625,0.5474858
705626,0.3431394
705627,0.0051308367
705628,0.020760652
705629,0.96620905
705630,0.00545163
705631,0.027979588
705632,0.8138816
705633,0.56687385
705634,0.9706697
705635,0.69348264
705636,0.9793278
705637,0.009291729
705638,0.35849267
705639,0.94088537
705640,0.9377448
705641,0.034541085
705642,0.9846169
705643,0.065296866
705644,0.13106127
705645,0.03235393
705646,0.0061444324
705647,0.31842518
705648,0.008632269
705649,0.016279863
705650,0.99171615
705651,0.8849213
705652,0.9962714
705653,0.2106772
705654,0.01437947
705655,0.16237275
705656,0.9101605
705657,0.7796116
705658,0.00599675
705659,0.7823275
705660,0.011313156
705661,0.42837015
705662,0.6172807
705663,0.97701824
705664,0.010879334
705665,0.43286973
705666,0.027632851
705667,0.3999354
705668,0.9445075
705669,0.024188638
705670,0.108224094
705671,0.012674425
705672,0.014609074
705673,0.00862138
705674,0.3889157
705675,0.038240485
705676,0.95139086
705677,0.9672488
705678,0.36386538
705679,0.948235
705680,0.061571546
705681,0.13768056
705682,0.13409704
705683,0.03412611
705684,0.9789858
705685,0.9944906
705686,0.020629646
705687,0.6682144
705688,0.85618806
705689,0.002299734
705690,0.009350472
705691,0.017336674
705692,0.163838
705693,0.7819857
705694,0.98992956
705695,0.007309266
705696,0.23306194
705697,0.9748738
705698,0.10968869
705699,0.09767526
705700,0.04879039
705701,0.6206025
705702,0.97081214
705703,0.05976247
705704,0.024335608
705705,0.9953226
705706,0.99309856
705707,0.9855521
705708,0.015104888
705709,0.84768075
705710,0.98427945
705711,0.9803334
705712,0.99280834
705713,0.25412974
705714,0.37721458
705715,0.93320686
705716,0.9940952
705717,0.0104551315
705718,0.93158025
705719,0.062436327
705720,0.05290474
705721,0.4583832
705722,0.077252336
705723,0.082671635
705724,0.05207632
705725,0.0072628073
705726,0.9862835
705727,0.7796831
705728,0.009954751
705729,0.019949226
705730,0.52269393
705731,0.9910288
705732,0.33910537
705733,0.1696294
705734,0.31764895
705735,0.04855738
705736,0.16315284
705737,0.07198474
705738,0.9748992
705739,0.20498036
705740,0.9354106
705741,0.7888113
705742,0.57366425
705743,0.984414
705744,0.003321905
705745,0.02068533
705746,0.58702123
705747,0.12676693
705748,0.9599599
705749,0.21105832
705750,0.79544073
705751,0.47296467
705752,0.0028127877
705753,0.924618
705754,0.068447836
705755,0.5129154
705756,0.0589343
705757,0.872474
705758,0.9576678
705759,0.07798669
705760,0.9970585
705761,0.9880838
705762,0.007118901
705763,0.9769061
705764,0.9959037
705765,0.012950277
705766,0.02327949
705767,0.0033474935
705768,0.98846143
705769,0.56876
705770,0.24994169
705771,0.86529267
705772,0.89519197
705773,0.6228529
705774,0.85413235
705775,0.47075653
705776,0.9223317
705777,0.0147383055
705778,0.03242021
705779,0.19830471
705780,0.28131738
705781,0.010478441
705782,0.022960624
705783,0.18004027
705784,0.8856847
705785,0.014340012
705786,0.83080965
705787,0.023388349
705788,0.34102523
705789,0.9864038
705790,0.24442893
705791,0.021626923
705792,0.3986987
705793,0.97837216
705794,0.03719192
705795,0.9964983
705796,0.9970773
705797,0.12854177
705798,0.08519833
705799,0.041410606
705800,0.010311916
705801,0.31190124
705802,0.0051388643
705803,0.22796673
705804,0.85475373
705805,0.9599663
705806,0.4451526
705807,0.033512175
705808,0.30450895
705809,0.06971562
705810,0.2920292
705811,0.01871271
705812,0.006084258
705813,0.4543747
705814,0.0033997917
705815,0.7891426
705816,0.52099687
705817,0.0028020102
705818,0.0013813762
705819,0.89839834
705820,0.012149134
705821,0.15245977
705822,0.014208583
705823,0.01172057
705824,0.29960066
705825,0.36321414
705826,0.032094505
705827,0.033721954
705828,0.16658069
705829,0.99968624
705830,0.723304
705831,0.017672705
705832,0.035194438
705833,0.013619796
705834,0.9962717
705835,0.37753364
705836,0.0010862555
705837,0.12552984
705838,0.98906744
705839,0.99809116
705840,0.977921
705841,0.99524236
705842,0.36639202
705843,0.8293061
705844,0.98657155
705845,0.12751326
705846,0.041622028
705847,0.009722119
705848,0.4788241
705849,0.6649994
705850,0.032830834
705851,0.9860709
705852,0.01039429
705853,0.9808973
705854,0.864554
705855,0.010004492
705856,0.018961668
705857,0.99121815
705858,0.9948848
705859,0.00682442
705860,0.8610943
705861,0.009591905
705862,0.6646318
705863,0.9781658
705864,0.0063092657
705865,0.87722504
705866,0.005268409
705867,0.725705
705868,0.021209046
705869,0.9332452
705870,0.01607005
705871,0.96152586
705872,0.45764345
705873,0.1619149
705874,0.010921067
705875,0.9714097
705876,0.84817183
705877,0.028729295
705878,0.6064137
705879,0.002378502
705880,0.9620448
705881,0.031312317
705882,0.16745844
705883,0.022098076
705884,0.008775607
705885,0.020490171
705886,0.07034083
705887,0.05923163
705888,0.97693795
705889,0.93956107
705890,0.88744676
705891,0.020928651
705892,0.009348279
705893,0.9851686
705894,0.013508002
705895,0.99248445
705896,0.060211577
705897,0.96163607
705898,0.16021812
705899,0.07529518
705900,0.7934559
705901,0.15168157
705902,0.6712287
705903,0.057092216
705904,0.9949279
705905,0.3916573
705906,0.96390224
705907,0.93672293
705908,0.9043441
705909,0.2043567
705910,0.3732441
705911,0.019029737
705912,0.009024959
705913,0.86280996
705914,0.034301974
705915,0.042724956
705916,0.005287661
705917,0.7656593
705918,0.03572207
705919,0.87618065
705920,0.016792333
705921,0.9948209
705922,0.10821988
705923,0.021722896
705924,0.007095894
705925,0.11385755
705926,0.96636474
705927,0.21630776
705928,0.047550704
705929,0.9893202
705930,0.41178685
705931,0.74148357
705932,0.9648648
705933,0.77135015
705934,0.8925498
705935,0.13522439
705936,0.0025230285
705937,0.9939832
705938,0.14336416
705939,0.034670502
705940,0.24323304
705941,0.495954
705942,0.3429381
705943,0.98197734
705944,0.82581073
705945,0.95626676
705946,0.74015576
705947,0.21096548
705948,0.99835384
705949,0.97169995
705950,0.0112690125
705951,0.004842441
705952,0.8042767
705953,0.3827021
705954,0.031453885
705955,0.97080564
705956,0.9229822
705957,0.9930818
705958,0.9683192
705959,0.06373132
705960,0.018350983
705961,0.9302609
705962,0.34650102
705963,0.06906449
705964,0.017599544
705965,0.9754536
705966,0.44459748
705967,0.015099
705968,0.12841073
705969,0.007365363
705970,0.14247502
705971,0.038395166
705972,0.18376844
705973,0.97901607
705974,0.06468758
705975,0.004335193
705976,0.052333426
705977,0.078249946
705978,0.0046699196
705979,0.9138707
705980,0.009745248
705981,0.09248394
705982,0.99598956
705983,0.9787814
705984,0.9494522
705985,0.008528344
705986,0.1003676
705987,0.00232412
705988,0.31062394
705989,0.7375122
705990,0.99292517
705991,0.007941343
705992,0.9900657
705993,0.15801513
705994,0.9975755
705995,0.9609479
705996,0.015292558
705997,0.14606737
705998,0.0023363577
705999,0.06040186
706000,0.16275772
706001,0.10858902
706002,0.025601553
706003,0.99761486
706004,0.71415734
706005,0.3271022
706006,0.033133153
706007,0.89735824
706008,0.991165
706009,0.003623439
706010,0.9881581
706011,0.133454
706012,0.526611
706013,0.0021221493
706014,0.005976172
706015,0.978305
706016,0.0073032477
706017,0.24707156
706018,0.0043244665
706019,0.38901228
706020,0.15217811
706021,0.0039171036
706022,0.23498121
706023,0.99939644
706024,0.41194597
706025,0.22466731
706026,0.9482212
706027,0.11727354
706028,0.88600767
706029,0.9458831
706030,0.13250974
706031,0.6220013
706032,0.94502056
706033,0.982942
706034,0.0027381042
706035,0.0048440583
706036,0.11776069
706037,0.99490416
706038,0.6711575
706039,0.9604717
706040,0.039262243
706041,0.016265986
706042,0.9379022
706043,0.073463365
706044,0.995402
706045,0.38139576
706046,0.0058123493
706047,0.05651202
706048,0.013665779
706049,0.917223
706050,0.9571279
706051,0.9984729
706052,0.9813026
706053,0.29518983
706054,0.42059815
706055,0.055482395
706056,0.9936354
706057,0.20571668
706058,0.56696916
706059,0.53801876
706060,0.35560808
706061,0.9867963
706062,0.9993522
706063,0.017221827
706064,0.05441219
706065,0.68515575
706066,0.25971925
706067,0.9974388
706068,0.07893723
706069,0.891464
706070,0.8043141
706071,0.28408647
706072,0.009717652
706073,0.10845018
706074,0.98816574
706075,0.9966207
706076,0.9909668
706077,0.71632665
706078,0.95850456
706079,0.9962232
706080,0.9934422
706081,0.70246446
706082,0.8695273
706083,0.108071506
706084,0.1696776
706085,0.9187341
706086,0.2936989
706087,0.98739666
706088,0.99031055
706089,0.6221165
706090,0.029268332
706091,0.61913645
706092,0.2699678
706093,0.005041966
706094,0.32146806
706095,0.0056703696
706096,0.06758864
706097,0.14823343
706098,0.9850758
706099,0.0816935
706100,0.9750378
706101,0.8422297
706102,0.021713778
706103,0.94087726
706104,0.96335894
706105,0.5399451
706106,0.99255097
706107,0.06173127
706108,0.012488232
706109,0.8432121
706110,0.94411176
706111,0.18908018
706112,0.0072406367
706113,0.13254562
706114,0.10978706
706115,0.7739328
706116,0.15433471
706117,0.3893891
706118,0.30401903
706119,0.9882517
706120,0.28984678
706121,0.24002543
706122,0.94240004
706123,0.009432543
706124,0.03242708
706125,0.9723048
706126,0.41685668
706127,0.6804207
706128,0.065665066
706129,0.42749813
706130,0.980966
706131,0.03243249
706132,0.93246037
706133,0.5918972
706134,0.034159802
706135,0.99563956
706136,0.01821379
706137,0.03133474
706138,0.53741527
706139,0.6128606
706140,0.9914781
706141,0.21623023
706142,0.016903792
706143,0.87968624
706144,0.0062479163
706145,0.9693079
706146,0.23268944
706147,0.22472951
706148,0.9445423
706149,0.3696506
706150,0.994757
706151,0.9323161
706152,0.99492323
706153,0.47921914
706154,0.20575619
706155,0.0037784432
706156,0.9966248
706157,0.02779164
706158,0.025566852
706159,0.008387489
706160,0.9402435
706161,0.007577177
706162,0.07973663
706163,0.8082506
706164,0.114957266
706165,0.94414335
706166,0.95977837
706167,0.008039881
706168,0.9379461
706169,0.8720683
706170,0.06445458
706171,0.0027783862
706172,0.58302796
706173,0.20295967
706174,0.01542193
706175,0.950541
706176,0.93099815
706177,0.4046463
706178,0.6194316
706179,0.08397889
706180,0.09092415
706181,0.100550726
706182,0.8193573
706183,0.0013263016
706184,0.02985167
706185,0.018002488
706186,0.39446822
706187,0.97980285
706188,0.39534622
706189,0.9372641
706190,0.7328444
706191,0.010489823
706192,0.97594476
706193,0.8188126
706194,0.110940814
706195,0.9626285
706196,0.95210934
706197,0.010181777
706198,0.0098628085
706199,0.5281864
706200,0.06405625
706201,0.9905037
706202,0.21007115
706203,0.9779645
706204,0.044850305
706205,0.08166364
706206,0.5692947
706207,0.003659304
706208,0.14987005
706209,0.71516633
706210,0.02510795
706211,0.8741747
706212,0.0023139701
706213,0.52358747
706214,0.9928268
706215,0.98995477
706216,0.041815963
706217,0.05504391
706218,0.0036227168
706219,0.1168876
706220,0.025771586
706221,0.0141907055
706222,0.00990264
706223,0.99924886
706224,0.013964975
706225,0.049987473
706226,0.9933553
706227,0.99116
706228,0.0046303347
706229,0.78235304
706230,0.04548442
706231,0.6272851
706232,0.9957956
706233,0.15616749
706234,0.7313128
706235,0.002585772
706236,0.06075915
706237,0.8191583
706238,0.011191674
706239,0.026273105
706240,0.98944366
706241,0.9519362
706242,0.03283602
706243,0.38732353
706244,0.9923888
706245,0.008809205
706246,0.7748141
706247,0.4019125
706248,0.014096489
706249,0.0024111085
706250,0.9947001
706251,0.21247843
706252,0.2672652
706253,0.99256516
706254,0.8280945
706255,0.0057051014
706256,0.13840584
706257,0.7638098
706258,0.012373202
706259,0.0040154443
706260,0.09312029
706261,0.8768012
706262,0.12866764
706263,0.07844634
706264,0.009954835
706265,0.61959213
706266,0.80304784
706267,0.42817205
706268,0.36390847
706269,0.8154266
706270,0.8150615
706271,0.4204562
706272,0.057984352
706273,0.8233686
706274,0.03942396
706275,0.934396
706276,0.9560419
706277,0.4601471
706278,0.8715163
706279,0.9547399
706280,0.17933552
706281,0.18531784
706282,0.0020758586
706283,0.48411277
706284,0.92729557
706285,0.37171346
706286,0.16295536
706287,0.9565212
706288,0.0036629238
706289,0.031047832
706290,0.7294727
706291,0.036321152
706292,0.7341538
706293,0.07372626
706294,0.975371
706295,0.6485053
706296,0.8540464
706297,0.7626065
706298,0.91922086
706299,0.9384479
706300,0.08031431
706301,0.01734811
706302,0.9947952
706303,0.073831715
706304,0.12808566
706305,0.029140295
706306,0.016810142
706307,0.051023375
706308,0.03188899
706309,0.40194234
706310,0.9980146
706311,0.9382467
706312,0.8221628
706313,0.9106992
706314,0.008077767
706315,0.11244193
706316,0.00059283245
706317,0.93432117
706318,0.99196565
706319,0.9498035
706320,0.01322935
706321,0.0077136764
706322,0.3138795
706323,0.0033018615
706324,0.0050829803
706325,0.59004116
706326,0.010908067
706327,0.009783348
706328,0.92707026
706329,0.982358
706330,0.9940819
706331,0.99825627
706332,0.5367931
706333,0.9948171
706334,0.98157436
706335,0.031485178
706336,0.5974509
706337,0.8019532
706338,0.007471043
706339,0.030928098
706340,0.24496421
706341,0.9992078
706342,0.045231275
706343,0.040312454
706344,0.20540671
706345,0.27201897
706346,0.028111925
706347,0.1567002
706348,0.99538743
706349,0.87288165
706350,0.10219749
706351,0.83422136
706352,0.005978683
706353,0.08933241
706354,0.689369
706355,0.9337145
706356,0.9797709
706357,0.018162223
706358,0.8905417
706359,0.903802
706360,0.0076953783
706361,0.9956874
706362,0.27480373
706363,0.000825319
706364,0.9970888
706365,0.8569395
706366,0.8339442
706367,0.95045525
706368,0.77665746
706369,0.1163251
706370,0.8626771
706371,0.02094857
706372,0.9980084
706373,0.9958704
706374,0.29751104
706375,0.38428485
706376,0.95837516
706377,0.89286983
706378,0.95642734
706379,0.9826854
706380,0.9377238
706381,0.38372785
706382,0.9574601
706383,0.21639353
706384,0.12439151
706385,0.2567914
706386,0.65723157
706387,0.033697654
706388,0.78461707
706389,0.17050806
706390,0.01224088
706391,0.7915503
706392,0.9707897
706393,0.012074386
706394,0.98731387
706395,0.13561535
706396,0.0069908407
706397,0.0033223797
706398,0.008736242
706399,0.010244234
706400,0.9739634
706401,0.023105862
706402,0.9991914
706403,0.941452
706404,0.004628339
706405,0.42925972
706406,0.21086374
706407,0.0012738712
706408,0.0075027416
706409,0.5300868
706410,0.6080625
706411,0.252038
706412,0.0058840658
706413,0.0075171236
706414,0.006346218
706415,0.08712862
706416,0.7588407
706417,0.9855844
706418,0.4058759
706419,0.124111295
706420,0.014358154
706421,0.9686009
706422,0.9942253
706423,0.9812579
706424,0.031448014
706425,0.15371783
706426,0.116970584
706427,0.009788775
706428,0.97868514
706429,0.003765556
706430,0.38830253
706431,0.8270082
706432,0.26601273
706433,0.73513913
706434,0.7060346
706435,0.061762795
706436,0.016326686
706437,0.9108935
706438,0.9334376
706439,0.0008840131
706440,0.022538325
706441,0.436528
706442,0.00798113
706443,0.4369596
706444,0.9802097
706445,0.26709333
706446,0.025700543
706447,0.91574633
706448,0.18237019
706449,0.069810756
706450,0.9065897
706451,0.04223072
706452,0.035945956
706453,0.016373444
706454,0.94725037
706455,0.012334813
706456,0.17851734
706457,0.3533866
706458,0.043028556
706459,0.14053635
706460,0.9490784
706461,0.9980593
706462,0.9864572
706463,0.9843281
706464,0.014942676
706465,0.99783015
706466,0.4449867
706467,0.27793646
706468,0.52967864
706469,0.95691365
706470,0.0083601875
706471,0.026747372
706472,0.0065079546
706473,0.007950173
706474,0.9967336
706475,0.022817934
706476,0.0131895365
706477,0.94114554
706478,0.021909323
706479,0.19933629
706480,0.06771192
706481,0.020502
706482,0.24310134
706483,0.20466387
706484,0.74731153
706485,0.9927547
706486,0.322017
706487,0.0031517942
706488,0.29237977
706489,0.0077668494
706490,0.7040713
706491,0.008844728
706492,0.9919153
706493,0.8785487
706494,0.108203
706495,0.031279117
706496,0.33068904
706497,0.18103191
706498,0.011545857
706499,0.7782839
706500,0.99329513
706501,0.05859078
706502,0.600728
706503,0.07868459
706504,0.061686635
706505,0.2459721
706506,0.09140508
706507,0.358626
706508,0.08659359
706509,0.11200785
706510,0.71905625
706511,0.098839074
706512,0.5283409
706513,0.1352382
706514,0.7924318
706515,0.01818971
706516,0.009884807
706517,0.06189074
706518,0.9986485
706519,0.9589609
706520,0.18428075
706521,0.8679241
706522,0.035751455
706523,0.99832594
706524,0.44078946
706525,0.71678555
706526,0.9525535
706527,0.9838769
706528,0.98389614
706529,0.052522995
706530,0.99000007
706531,0.9688194
706532,0.93559945
706533,0.095896356
706534,0.02633031
706535,0.06017076
706536,0.99350417
706537,0.99410766
706538,0.9616778
706539,0.8457378
706540,0.5037382
706541,0.6757785
706542,0.3097111
706543,0.96136516
706544,0.043167204
706545,0.18224348
706546,0.52720493
706547,0.005349475
706548,0.3894928
706549,0.27406898
706550,0.032070298
706551,0.19976977
706552,0.99067885
706553,0.9984655
706554,0.03683946
706555,0.994928
706556,0.95749813
706557,0.06808719
706558,0.028418876
706559,0.9881848
706560,0.24911699
706561,0.95176077
706562,0.95422053
706563,0.0059143184
706564,0.6543852
706565,0.11334132
706566,0.9913511
706567,0.12465617
706568,0.026271777
706569,0.16383332
706570,0.08141965
706571,0.18678015
706572,0.03026535
706573,0.5035388
706574,0.091942504
706575,0.18812793
706576,0.9614481
706577,0.15573816
706578,0.03228926
706579,0.024712073
706580,0.9959924
706581,0.031404868
706582,0.8633753
706583,0.3505149
706584,0.8295527
706585,0.91497177
706586,0.0051969383
706587,0.393256
706588,0.010865557
706589,0.99747187
706590,0.06952186
706591,0.7664098
706592,0.9759935
706593,0.70381284
706594,0.03945043
706595,0.50204474
706596,0.005132759
706597,0.99949074
706598,0.92756546
706599,0.98261446
706600,0.0059860367
706601,0.9802485
706602,0.95720446
706603,0.18397348
706604,0.96971923
706605,0.28214115
706606,0.048514422
706607,0.21517542
706608,0.9412095
706609,0.23554148
706610,0.0491389
706611,0.010325689
706612,0.99513155
706613,0.08832992
706614,0.030412544
706615,0.98874736
706616,0.034102894
706617,0.0060788575
706618,0.93771034
706619,0.96722746
706620,0.06547977
706621,0.0031380919
706622,0.075356446
706623,0.38187978
706624,0.9944889
706625,0.21846163
706626,0.0023834326
706627,0.6967985
706628,0.47205907
706629,0.0124023575
706630,0.036724437
706631,0.39824438
706632,0.97375786
706633,0.9791677
706634,0.07219745
706635,0.018204072
706636,0.06940112
706637,0.06421776
706638,0.0065298323
706639,0.81677574
706640,0.008117143
706641,0.0095455395
706642,0.8837856
706643,0.2671462
706644,0.031367533
706645,0.6599529
706646,0.94903505
706647,0.09278384
706648,0.0029851182
706649,0.973296
706650,0.022125166
706651,0.7408482
706652,0.17668962
706653,0.9764678
706654,0.39958417
706655,0.046224725
706656,0.14975946
706657,0.9923108
706658,0.13663372
706659,0.11077484
706660,0.9838461
706661,0.10589446
706662,0.24759008
706663,0.64238024
706664,0.9732931
706665,0.9946525
706666,0.011458859
706667,0.09031601
706668,0.9783735
706669,0.17980374
706670,0.40600485
706671,0.0026269811
706672,0.0044043297
706673,0.9357689
706674,0.9982405
706675,0.98197114
706676,0.9585327
706677,0.013033982
706678,0.56771135
706679,0.55925107
706680,0.9992061
706681,0.009394688
706682,0.021233257
706683,0.02819599
706684,0.5913595
706685,0.9401434
706686,0.827755
706687,0.23035996
706688,0.107955165
706689,0.90302646
706690,0.07031427
706691,0.9860466
706692,0.9856678
706693,0.9200854
706694,0.9838735
706695,0.9970868
706696,0.06414002
706697,0.9900598
706698,0.0043397364
706699,0.22962973
706700,0.24308334
706701,0.010567083
706702,0.9867136
706703,0.8677409
706704,0.98626894
706705,0.24634571
706706,0.13027427
706707,0.061648175
706708,0.9640366
706709,0.03466931
706710,0.994506
706711,0.9934963
706712,0.014324408
706713,0.9265873
706714,0.99544615
706715,0.85306597
706716,0.734481
706717,0.982126
706718,0.21884675
706719,0.94205934
706720,0.41826317
706721,0.005797552
706722,0.3382848
706723,0.9489179
706724,0.776898
706725,0.9867803
706726,0.011478495
706727,0.97557473
706728,0.33132482
706729,0.019515201
706730,0.6103647
706731,0.8428339
706732,0.98824066
706733,0.007681626
706734,0.9205401
706735,0.05054722
706736,0.9014501
706737,0.02026011
706738,0.05728355
706739,0.019273225
706740,0.29841232
706741,0.9998064
706742,0.03011737
706743,0.036910657
706744,0.97440445
706745,0.97854537
706746,0.08356583
706747,0.993803
706748,0.03154231
706749,0.4665289
706750,0.3264625
706751,0.97004783
706752,0.040319446
706753,0.13808429
706754,0.018386474
706755,0.6008684
706756,0.06798388
706757,0.017306821
706758,0.10955048
706759,0.60911834
706760,0.6288623
706761,0.93652236
706762,0.029548848
706763,0.90062183
706764,0.023108784
706765,0.96724397
706766,0.52092904
706767,0.9405242
706768,0.9379988
706769,0.9514036
706770,0.0070382897
706771,0.32915998
706772,0.9791362
706773,0.0116705885
706774,0.99797934
706775,0.9785657
706776,0.06905628
706777,0.40920478
706778,0.011201883
706779,0.037590068
706780,0.9947922
706781,0.024090266
706782,0.99703544
706783,0.9965411
706784,0.9546573
706785,0.87745726
706786,0.023583118
706787,0.99315083
706788,0.9767748
706789,0.2076993
706790,0.9258878
706791,0.70568824
706792,0.49996835
706793,0.23393014
706794,0.46946946
706795,0.9939655
706796,0.74337614
706797,0.12175268
706798,0.43352056
706799,0.03560762
706800,0.13438712
706801,0.5164137
706802,0.031238815
706803,0.7615545
706804,0.031128183
706805,0.9608061
706806,0.60857123
706807,0.9537617
706808,0.3552439
706809,0.011288719
706810,0.10806811
706811,0.053247567
706812,0.040454756
706813,0.04413314
706814,0.9646684
706815,0.011252136
706816,0.8465285
706817,0.9606982
706818,0.5534815
706819,0.9963708
706820,0.02006882
706821,0.40098292
706822,0.9852661
706823,0.16647553
706824,0.017570531
706825,0.5014645
706826,0.2797677
706827,0.9884603
706828,0.28409117
706829,0.9786636
706830,0.079022795
706831,0.24226238
706832,0.9969041
706833,0.9884548
706834,0.0024697678
706835,0.007190102
706836,0.0944703
706837,0.84056526
706838,0.91926724
706839,0.004264674
706840,0.9291577
706841,0.9463654
706842,0.2009477
706843,0.9971616
706844,0.99339867
706845,0.07983042
706846,0.7394402
706847,0.2207321
706848,0.049465988
706849,0.01605114
706850,0.97774047
706851,0.05297811
706852,0.17476855
706853,0.10832314
706854,0.80107003
706855,0.9915466
706856,0.1010729
706857,0.06459682
706858,0.45778587
706859,0.94534945
706860,0.0009566809
706861,0.018687617
706862,0.35266766
706863,0.011550728
706864,0.008964253
706865,0.997233
706866,0.2268059
706867,0.9476744
706868,0.97315603
706869,0.2398751
706870,0.9915478
706871,0.19456369
706872,0.97668576
706873,0.10224028
706874,0.10932718
706875,0.0058741053
706876,0.09652881
706877,0.97832406
706878,0.34783763
706879,0.8356019
706880,0.07239701
706881,0.0061187427
706882,0.99353254
706883,0.02494548
706884,0.07492155
706885,0.99576426
706886,0.9094491
706887,0.25756648
706888,0.98350203
706889,0.09090088
706890,0.9690037
706891,0.0118593555
706892,0.0036659322
706893,0.050171543
706894,0.03067163
706895,0.72942656
706896,0.12335029
706897,0.9704169
706898,0.9701916
706899,0.9963235
706900,0.9983897
706901,0.9672431
706902,0.01868254
706903,0.8482274
706904,0.041085728
706905,0.29585135
706906,0.8551356
706907,0.9961386
706908,0.9526314
706909,0.9594412
706910,0.028046805
706911,0.2375404
706912,0.024471795
706913,0.9996348
706914,0.045542903
706915,0.053036407
706916,0.9806042
706917,0.114178166
706918,0.005764844
706919,0.022305002
706920,0.21938086
706921,0.9956738
706922,0.0015612931
706923,0.002954538
706924,0.9278665
706925,0.0061944504
706926,0.8540865
706927,0.009794382
706928,0.054001994
706929,0.96443665
706930,0.14960635
706931,0.050799713
706932,0.027661987
706933,0.35583562
706934,0.97969115
706935,0.9761723
706936,0.008812111
706937,0.0435844
706938,0.049559467
706939,0.059229724
706940,0.05177042
706941,0.7334933
706942,0.062474824
706943,0.46179757
706944,0.015680846
706945,0.01927494
706946,0.98402506
706947,0.19988108
706948,0.9826203
706949,0.9850652
706950,0.18761976
706951,0.9006463
706952,0.37534702
706953,0.15918426
706954,0.054024134
706955,0.007184894
706956,0.9972359
706957,0.16823636
706958,0.34383702
706959,0.058478262
706960,0.9881428
706961,0.9677726
706962,0.47428572
706963,0.011768153
706964,0.97826815
706965,0.55276203
706966,0.00816384
706967,0.003954229
706968,0.99236786
706969,0.99623275
706970,0.9363111
706971,0.6044236
706972,0.053855825
706973,0.0068809814
706974,0.0025825773
706975,0.5837529
706976,0.98131955
706977,0.79793274
706978,0.75816613
706979,0.95896596
706980,0.03539349
706981,0.1176258
706982,0.0058630807
706983,0.0051300684
706984,0.99296796
706985,0.42422327
706986,0.99345845
706987,0.023817908
706988,0.9961807
706989,0.020641398
706990,0.982906
706991,0.56173795
706992,0.95886415
706993,0.12920478
706994,0.6133181
706995,0.008178787
706996,0.09811002
706997,0.08858852
706998,0.033398338
706999,0.9649286
707000,0.97400486
707001,0.3743919
707002,0.5724987
707003,0.11434846
707004,0.10140532
707005,0.061663672
707006,0.0161419
707007,0.88404924
707008,0.9933608
707009,0.054998774
707010,0.998986
707011,0.99773055
707012,0.02151193
707013,0.82965565
707014,0.72305965
707015,0.9817703
707016,0.71548116
707017,0.41675213
707018,0.05761455
707019,0.0664682
707020,0.6325713
707021,0.48351708
707022,0.12091216
707023,0.91103935
707024,0.403548
707025,0.37227306
707026,0.003902533
707027,0.05734668
707028,0.01340507
707029,0.7659188
707030,0.07944377
707031,0.9988308
707032,0.46668273
707033,0.018462095
707034,0.8571229
707035,0.020849206
707036,0.8837283
707037,0.008802859
707038,0.024511602
707039,0.14776523
707040,0.97613907
707041,0.42167366
707042,0.05721093
707043,0.2336379
707044,0.98716235
707045,0.51821566
707046,0.59219205
707047,0.052777577
707048,0.954996
707049,0.4011226
707050,0.25060162
707051,0.006384154
707052,0.93040395
707053,0.036321506
707054,0.5499919
707055,0.9617843
707056,0.98536026
707057,0.01683306
707058,0.99158955
707059,0.9536757
707060,0.90094054
707061,0.9629599
707062,0.005418548
707063,0.038623083
707064,0.8064076
707065,0.0781643
707066,0.19404165
707067,0.15079024
707068,0.95896566
707069,0.99932766
707070,0.99387443
707071,0.94521827
707072,0.06326437
707073,0.26011539
707074,0.096474186
707075,0.06913316
707076,0.01147563
707077,0.63332665
707078,0.1941537
707079,0.13477495
707080,0.85153127
707081,0.26148856
707082,0.08909264
707083,0.10084592
707084,0.31737354
707085,0.4438901
707086,0.018998722
707087,0.060954615
707088,0.13527034
707089,0.9882539
707090,0.05454087
707091,0.99824375
707092,0.059848998
707093,0.54609776
707094,0.0072893463
707095,0.07938204
707096,0.05564104
707097,0.9541923
707098,0.02180808
707099,0.08349184
707100,0.9933931
707101,0.994558
707102,0.011772527
707103,0.010725098
707104,0.9996203
707105,0.01103892
707106,0.92270315
707107,0.22752528
707108,0.018116914
707109,0.1067561
707110,0.9725155
707111,0.040383093
707112,0.032233097
707113,0.83958256
707114,0.978281
707115,0.85228777
707116,0.047716167
707117,0.9285477
707118,0.010825623
707119,0.12968928
707120,0.064016044
707121,0.25977108
707122,0.96818465
707123,0.97997904
707124,0.55232227
707125,0.966498
707126,0.80148005
707127,0.016575191
707128,0.029404636
707129,0.053109866
707130,0.0049776137
707131,0.09034405
707132,0.103925444
707133,0.0079726195
707134,0.041237775
707135,0.5654253
707136,0.9437106
707137,0.012049707
707138,0.9927255
707139,0.119001545
707140,0.18257388
707141,0.987824
707142,0.8339407
707143,0.97950065
707144,0.08621487
707145,0.007383949
707146,0.76971126
707147,0.84626496
707148,0.06238635
707149,0.13600327
707150,0.9967577
707151,0.03171
707152,0.1966125
707153,0.033510342
707154,0.022324838
707155,0.008645177
707156,0.9812994
707157,0.026792452
707158,0.01000387
707159,0.11538167
707160,0.99436593
707161,0.9163554
707162,0.9159024
707163,0.019105326
707164,0.10481846
707165,0.36999866
707166,0.9982916
707167,0.9746255
707168,0.9775164
707169,0.46071902
707170,0.9936805
707171,0.65411925
707172,0.09923118
707173,0.88297653
707174,0.1296702
707175,0.10485372
707176,0.9847659
707177,0.006654461
707178,0.22516143
707179,0.01935535
707180,0.020277021
707181,0.9967327
707182,0.86826634
707183,0.086684495
707184,0.8403306
707185,0.9865646
707186,0.06845807
707187,0.9672981
707188,0.8270496
707189,0.03332273
707190,0.979628
707191,0.9632497
707192,0.013349108
707193,0.9726898
707194,0.91576195
707195,0.9826694
707196,0.999062
707197,0.5528111
707198,0.1863147
707199,0.028686414
707200,0.97743225
707201,0.43349987
707202,0.983704
707203,0.99779063
707204,0.092105895
707205,0.111258894
707206,0.5530222
707207,0.8882706
707208,0.08014403
707209,0.0168798
707210,0.9909929
707211,0.61046195
707212,0.026278986
707213,0.41559172
707214,0.9434247
707215,0.008907919
707216,0.09610237
707217,0.43222424
707218,0.9986392
707219,0.93285674
707220,0.29900715
707221,0.8636242
707222,0.027190028
707223,0.073308274
707224,0.23815703
707225,0.8392567
707226,0.007487714
707227,0.15206881
707228,0.00561894
707229,0.9008537
707230,0.96032214
707231,0.99824935
707232,0.9785269
707233,0.505684
707234,0.030236375
707235,0.04468603
707236,0.60840267
707237,0.008015482
707238,0.8802407
707239,0.008172499
707240,0.33118787
707241,0.99444395
707242,0.24033922
707243,0.62692046
707244,0.0061010164
707245,0.007497121
707246,0.47483215
707247,0.9804987
707248,0.01039984
707249,0.5207515
707250,0.13947716
707251,0.0011530195
707252,0.94104064
707253,0.8231622
707254,0.982565
707255,0.9949901
707256,0.020842392
707257,0.41450304
707258,0.016561223
707259,0.22655244
707260,0.12790796
707261,0.0034611835
707262,0.020456856
707263,0.018583566
707264,0.85378104
707265,0.0387262
707266,0.97126734
707267,0.076512575
707268,0.9812441
707269,0.11018
707270,0.022246521
707271,0.62644845
707272,0.97702587
707273,0.3606808
707274,0.056005444
707275,0.028945938
707276,0.98371
707277,0.05340965
707278,0.013977707
707279,0.9868944
707280,0.010020417
707281,0.9923596
707282,0.0021620248
707283,0.065793924
707284,0.76315683
707285,0.07111339
707286,0.008294389
707287,0.028505486
707288,0.5237706
707289,0.13739388
707290,0.9389686
707291,0.47048968
707292,0.601675
707293,0.96020186
707294,0.02430886
707295,0.047222055
707296,0.25435114
707297,0.021290764
707298,0.03417878
707299,0.9858617
707300,0.009481969
707301,0.003729087
707302,0.0077722967
707303,0.9949979
707304,0.9845529
707305,0.022379374
707306,0.9857157
707307,0.013032498
707308,0.9955392
707309,0.038043674
707310,0.79192406
707311,0.0047121276
707312,0.009752124
707313,0.03293321
707314,0.19636016
707315,0.09672361
707316,0.066414125
707317,0.09481271
707318,0.06947714
707319,0.015966512
707320,0.92029595
707321,0.004401989
707322,0.9721894
707323,0.008403512
707324,0.015067566
707325,0.9850793
707326,0.939285
707327,0.98287773
707328,0.038199503
707329,0.08320235
707330,0.9783768
707331,0.017342584
707332,0.1543149
707333,0.8360639
707334,0.008807673
707335,0.51073825
707336,0.23530735
707337,0.06792449
707338,0.014152611
707339,0.9830725
707340,0.93171674
707341,0.016925357
707342,0.060403805
707343,0.9648544
707344,0.9929078
707345,0.00683383
707346,0.9315128
707347,0.045877017
707348,0.4736706
707349,0.8961125
707350,0.33301115
707351,0.078610316
707352,0.5095884
707353,0.9655037
707354,0.9968361
707355,0.99336904
707356,0.85227036
707357,0.99323916
707358,0.01832378
707359,0.71218383
707360,0.977077
707361,0.17348886
707362,0.0028923578
707363,0.63094056
707364,0.026917193
707365,0.12306345
707366,0.0066279653
707367,0.17342399
707368,0.9889339
707369,0.97527194
707370,0.13615313
707371,0.8656665
707372,0.23280388
707373,0.47168678
707374,0.00661443
707375,0.87581563
707376,0.2601022
707377,0.08064437
707378,0.017282087
707379,0.056601055
707380,0.013970707
707381,0.977881
707382,0.026125722
707383,0.003510244
707384,0.06322724
707385,0.961419
707386,0.0047446815
707387,0.04936503
707388,0.16812542
707389,0.25241917
707390,0.005093422
707391,0.030970883
707392,0.6465087
707393,0.9945026
707394,0.065557644
707395,0.03350106
707396,0.52623254
707397,0.99046814
707398,0.007755031
707399,0.94715035
707400,0.0115017
707401,0.080472775
707402,0.9028858
707403,0.027921474
707404,0.005044112
707405,0.99004585
707406,0.93695855
707407,0.9981098
707408,0.0063260538
707409,0.011347778
707410,0.005556652
707411,0.6424468
707412,0.025727961
707413,0.0017780829
707414,0.035632707
707415,0.9994075
707416,0.1178369
707417,0.7840566
707418,0.0058482904
707419,0.040679373
707420,0.2424968
707421,0.008609256
707422,0.94640696
707423,0.70270324
707424,0.003102792
707425,0.9985035
707426,0.028598312
707427,0.023236442
707428,0.16333659
707429,0.98586607
707430,0.89745593
707431,0.015099235
707432,0.019788392
707433,0.04747072
707434,0.08623049
707435,0.011021756
707436,0.11720857
707437,0.074944064
707438,0.033269636
707439,0.9986545
707440,0.019409416
707441,0.3299113
707442,0.07214406
707443,0.0061153923
707444,0.9939497
707445,0.024682466
707446,0.0670944
707447,0.57337457
707448,0.021533946
707449,0.9805007
707450,0.038503297
707451,0.9879779
707452,0.0037023704
707453,0.1136299
707454,0.21214084
707455,0.47982833
707456,0.018560804
707457,0.03106401
707458,0.043224715
707459,0.9604865
707460,0.07576008
707461,0.011205941
707462,0.049276076
707463,0.82218015
707464,0.08246267
707465,0.18354028
707466,0.012321672
707467,0.02306569
707468,0.017156823
707469,0.9989993
707470,0.029212812
707471,0.907334
707472,0.03150086
707473,0.12268253
707474,0.28078383
707475,0.15560007
707476,0.011563089
707477,0.9913431
707478,0.8577559
707479,0.9144966
707480,0.7729957
707481,0.08365551
707482,0.0020597535
707483,0.07324639
707484,0.98185456
707485,0.028850185
707486,0.23194888
707487,0.9942703
707488,0.03555802
707489,0.010050416
707490,0.93557864
707491,0.085578896
707492,0.0021396931
707493,0.9163196
707494,0.12680782
707495,0.7050133
707496,0.97908497
707497,0.9888046
707498,0.02927769
707499,0.79853326
707500,0.9957199
707501,0.75734556
707502,0.19418925
707503,0.8054702
707504,0.028437529
707505,0.22351556
707506,0.9382838
707507,0.9361614
707508,0.0085223345
707509,0.0020922383
707510,0.023006732
707511,0.10714157
707512,0.99784327
707513,0.9119428
707514,0.046047322
707515,0.0050443425
707516,0.99844605
707517,0.8467125
707518,0.006518079
707519,0.010160268
707520,0.9826524
707521,0.08389623
707522,0.987152
707523,0.11990386
707524,0.029085614
707525,0.9168522
707526,0.9934388
707527,0.049761903
707528,0.98607737
707529,0.8255131
707530,0.9857691
707531,0.9027041
707532,0.9889102
707533,0.9710149
707534,0.9759046
707535,0.099405825
707536,0.94141567
707537,0.8027288
707538,0.036838964
707539,0.50123596
707540,0.053419206
707541,0.93006676
707542,0.08957461
707543,0.94988036
707544,0.20164898
707545,0.9865409
707546,0.8961993
707547,0.022348903
707548,0.9952705
707549,0.14531484
707550,0.8495379
707551,0.91938174
707552,0.6330876
707553,0.49650756
707554,0.313517
707555,0.72019863
707556,0.5532822
707557,0.014703112
707558,0.20995173
707559,0.9934986
707560,0.022507617
707561,0.183527
707562,0.8250827
707563,0.9700428
707564,0.13714273
707565,0.99754107
707566,0.9267502
707567,0.05238978
707568,0.008412415
707569,0.095656306
707570,0.47642347
707571,0.22701015
707572,0.99918354
707573,0.99676925
707574,0.07468531
707575,0.045447055
707576,0.39663398
707577,0.09074535
707578,0.9944962
707579,0.85171825
707580,0.061415173
707581,0.014071261
707582,0.8284157
707583,0.0100973025
707584,0.48398605
707585,0.97793055
707586,0.74370515
707587,0.9983821
707588,0.57583576
707589,0.030848801
707590,0.98911476
707591,0.9482901
707592,0.9931135
707593,0.9381177
707594,0.9470178
707595,0.010226262
707596,0.0025711283
707597,0.50914395
707598,0.047561806
707599,0.7567047
707600,0.9988259
707601,0.9169272
707602,0.004889881
707603,0.007452174
707604,0.09373692
707605,0.004967053
707606,0.12922466
707607,0.50314516
707608,0.36644852
707609,0.8234138
707610,0.29240143
707611,0.9479494
707612,0.2614928
707613,0.98340994
707614,0.06735718
707615,0.698606
707616,0.97635496
707617,0.71295875
707618,0.97845906
707619,0.98629117
707620,0.9936967
707621,0.9500513
707622,0.92272174
707623,0.07264436
707624,0.9889965
707625,0.020056184
707626,0.7783672
707627,0.24461618
707628,0.92026764
707629,0.8351095
707630,0.11520889
707631,0.008029339
707632,0.0036959364
707633,0.052060015
707634,0.01919026
707635,0.0083651515
707636,0.015383375
707637,0.57409453
707638,0.039043367
707639,0.0090711685
707640,0.071336746
707641,0.24250731
707642,0.0059743067
707643,0.8591846
707644,0.31812173
707645,0.048049662
707646,0.88330746
707647,0.061289974
707648,0.0030165275
707649,0.9671819
707650,0.03121697
707651,0.0043105725
707652,0.9760938
707653,0.008775877
707654,0.99203515
707655,0.3621112
707656,0.04771514
707657,0.99803317
707658,0.015333387
707659,0.15334795
707660,0.9996595
707661,0.9472376
707662,0.9101493
707663,0.2950834
707664,0.69451666
707665,0.16916154
707666,0.95757514
707667,0.04441229
707668,0.004910424
707669,0.9724595
707670,0.86242294
707671,0.88934433
707672,0.056163073
707673,0.9782715
707674,0.0035473306
707675,0.94511604
707676,0.013796201
707677,0.1274927
707678,0.44711518
707679,0.99754906
707680,0.014760209
707681,0.9903187
707682,0.69571626
707683,0.75501233
707684,0.016839778
707685,0.028194143
707686,0.98161715
707687,0.88973165
707688,0.040641606
707689,0.680988
707690,0.49552083
707691,0.97344494
707692,0.08030132
707693,0.15337065
707694,0.20934351
707695,0.054986857
707696,0.9149127
707697,0.24412037
707698,0.7410401
707699,0.15423697
707700,0.16701928
707701,0.99174404
707702,0.008811036
707703,0.99901736
707704,0.9917775
707705,0.016180608
707706,0.9945166
707707,0.6820205
707708,0.28534684
707709,0.043398295
707710,0.23489133
707711,0.82443106
707712,0.99786276
707713,0.043764766
707714,0.07739406
707715,0.9849792
707716,0.008561565
707717,0.06850688
707718,0.99910516
707719,0.546895
707720,0.84173715
707721,0.9958701
707722,0.01555714
707723,0.97322464
707724,0.46798122
707725,0.018020444
707726,0.03981456
707727,0.98563516
707728,0.034951538
707729,0.99744207
707730,0.98765564
707731,0.984446
707732,0.35612178
707733,0.019792989
707734,0.023843821
707735,0.98239166
707736,0.16657495
707737,0.76241535
707738,0.98619807
707739,0.7487312
707740,0.32494134
707741,0.84260654
707742,0.048104618
707743,0.07162389
707744,0.21970445
707745,0.9814517
707746,0.038600992
707747,0.015265493
707748,0.1422965
707749,0.048626885
707750,0.021672906
707751,0.51783144
707752,0.8408176
707753,0.010896523
707754,0.54195046
707755,0.16093928
707756,0.16856979
707757,0.14061679
707758,0.028963666
707759,0.015012975
707760,0.9855762
707761,0.9974671
707762,0.9983765
707763,0.6327927
707764,0.052181013
707765,0.022725679
707766,0.010872213
707767,0.8803431
707768,0.5991517
707769,0.94884664
707770,0.9408168
707771,0.4800576
707772,0.008317916
707773,0.0049005738
707774,0.11085531
707775,0.022998827
707776,0.996835
707777,0.044339556
707778,0.058564804
707779,0.9972271
707780,0.9485163
707781,0.7436811
707782,0.13384557
707783,0.82331806
707784,0.38349235
707785,0.64550817
707786,0.25634938
707787,0.95301276
707788,0.9995922
707789,0.99600244
707790,0.2633143
707791,0.8685818
707792,0.1010287
707793,0.98638475
707794,0.9980377
707795,0.8388525
707796,0.2643571
707797,0.098574854
707798,0.7790046
707799,0.19074619
707800,0.034087166
707801,0.3225107
707802,0.028204639
707803,0.03245385
707804,0.52260566
707805,0.5182943
707806,0.0605319
707807,0.9260076
707808,0.9297075
707809,0.86491024
707810,0.9739902
707811,0.022848003
707812,0.24893048
707813,0.99915075
707814,0.9895375
707815,0.19596857
707816,0.87067735
707817,0.21365507
707818,0.018287078
707819,0.859204
707820,0.6220391
707821,0.12231743
707822,0.5300956
707823,0.009273706
707824,0.058863282
707825,0.98586
707826,0.9566357
707827,0.98522544
707828,0.04802759
707829,0.99854475
707830,0.0037230952
707831,0.0052114557
707832,0.15353036
707833,0.12956889
707834,0.9910964
707835,0.0058534066
707836,0.9454402
707837,0.032106
707838,0.020563338
707839,0.9281364
707840,0.9860978
707841,0.5649055
707842,0.56046575
707843,0.9824064
707844,0.0056020394
707845,0.7471267
707846,0.60015446
707847,0.19417685
707848,0.026154889
707849,0.0063439906
707850,0.002910064
707851,0.5008521
707852,0.09082335
707853,0.23425892
707854,0.04056388
707855,0.88197607
707856,0.8731811
707857,0.0070466427
707858,0.15261397
707859,0.027749408
707860,0.8698945
707861,0.793801
707862,0.97187525
707863,0.028926736
707864,0.7201328
707865,0.16343826
707866,0.9458053
707867,0.047936052
707868,0.99449563
707869,0.010036004
707870,0.0022443342
707871,0.9968242
707872,0.90397346
707873,0.937647
707874,0.6602091
707875,0.81320906
707876,0.8200313
707877,0.044666618
707878,0.12791297
707879,0.9412577
707880,0.99164295
707881,0.011475513
707882,0.0352697
707883,0.019055596
707884,0.022708455
707885,0.9864101
707886,0.42850134
707887,0.93199444
707888,0.05350153
707889,0.06498875
707890,0.6527011
707891,0.047028884
707892,0.002953854
707893,0.100706734
707894,0.1894933
707895,0.08419615
707896,0.11233148
707897,0.99242306
707898,0.119479306
707899,0.9586144
707900,0.00789227
707901,0.9745797
707902,0.8662561
707903,0.9967763
707904,0.8193551
707905,0.021246301
707906,0.26765805
707907,0.071840994
707908,0.023560693
707909,0.7405203
707910,0.8166863
707911,0.30308563
707912,0.026703903
707913,0.014622429
707914,0.008469256
707915,0.040078178
707916,0.0059991726
707917,0.010386977
707918,0.0682171
707919,0.9921727
707920,0.9337365
707921,0.727124
707922,0.20011218
707923,0.9511096
707924,0.09691737
707925,0.16958715
707926,0.9925125
707927,0.0071122996
707928,0.9764351
707929,0.5927036
707930,0.2245963
707931,0.98666775
707932,0.045852035
707933,0.07439399
707934,0.9249984
707935,0.25004804
707936,0.99223524
707937,0.8252734
707938,0.984988
707939,0.8754209
707940,0.10506636
707941,0.10606235
707942,0.8962847
707943,0.22718781
707944,0.6011234
707945,0.018025057
707946,0.0099986
707947,0.9951268
707948,0.063822314
707949,0.111669295
707950,0.011442472
707951,0.0052361754
707952,0.29290316
707953,0.9407644
707954,0.079348415
707955,0.8354238
707956,0.03234881
707957,0.019681288
707958,0.19402608
707959,0.90816545
707960,0.9627392
707961,0.5264797
707962,0.04449707
707963,0.15114863
707964,0.1489463
707965,0.9812876
707966,0.059151273
707967,0.015841229
707968,0.011319193
707969,0.01285024
707970,0.52629507
707971,0.03627508
707972,0.9895756
707973,0.99915993
707974,0.98624426
707975,0.9974637
707976,0.70609987
707977,0.84273756
707978,0.27463
707979,0.051146448
707980,0.0024610923
707981,0.18504629
707982,0.06666211
707983,0.20989206
707984,0.47793752
707985,0.81470126
707986,0.99865645
707987,0.9812669
707988,0.017301824
707989,0.91238695
707990,0.5614636
707991,0.95476484
707992,0.4228417
707993,0.9040053
707994,0.99253976
707995,0.98870116
707996,0.042732075
707997,0.9101839
707998,0.08654259
707999,0.97833085
708000,0.012944041
708001,0.19716814
708002,0.98867726
708003,0.9456453
708004,0.93882126
708005,0.1703736
708006,0.52961665
708007,0.98347056
708008,0.926095
708009,0.060577616
708010,0.004034035
708011,0.6803119
708012,0.87436056
708013,0.9641152
708014,0.3825598
708015,0.98159826
708016,0.14239296
708017,0.2838186
708018,0.99902093
708019,0.9346895
708020,0.03939787
708021,0.9678177
708022,0.9371582
708023,0.12511623
708024,0.72239196
708025,0.97057825
708026,0.045384973
708027,0.0012785384
708028,0.15733573
708029,0.5763377
708030,0.01418008
708031,0.7049622
708032,0.034149546
708033,0.9951618
708034,0.0057286527
708035,0.9807143
708036,0.7134076
708037,0.6916249
708038,0.012664463
708039,0.7779872
708040,0.03165333
708041,0.8311304
708042,0.98231125
708043,0.8888972
708044,0.99062103
708045,0.9735921
708046,0.23302755
708047,0.95704174
708048,0.03667935
708049,0.54852176
708050,0.9529135
708051,0.028027534
708052,0.006752202
708053,0.9715516
708054,0.7580263
708055,0.03693118
708056,0.84940875
708057,0.47527665
708058,0.24661829
708059,0.01211525
708060,0.9458341
708061,0.0070635956
708062,0.056434818
708063,0.9705764
708064,0.8579389
708065,0.9116706
708066,0.8753194
708067,0.024654046
708068,0.98892343
708069,0.6732198
708070,0.9031145
708071,0.015125716
708072,0.008622045
708073,0.99966526
708074,0.71573
708075,0.21482055
708076,0.9956136
708077,0.5316636
708078,0.601057
708079,0.95283926
708080,0.93632865
708081,0.98887724
708082,0.52155733
708083,0.028700357
708084,0.40938938
708085,0.029987741
708086,0.018245624
708087,0.13645557
708088,0.073920086
708089,0.9881352
708090,0.9637535
708091,0.0065517803
708092,0.081699684
708093,0.99429446
708094,0.9904507
708095,0.87732166
708096,0.009048728
708097,0.8236106
708098,0.04258468
708099,0.011426559
708100,0.060614746
708101,0.15972665
708102,0.02232435
708103,0.9640488
708104,0.0045552603
708105,0.28090078
708106,0.9465017
708107,0.9977752
708108,0.9265456
708109,0.94032395
708110,0.013818395
708111,0.85605276
708112,0.9964355
708113,0.09879078
708114,0.9663031
708115,0.05811649
708116,0.11363861
708117,0.91533506
708118,0.34497076
708119,0.05617024
708120,0.5350076
708121,0.052656814
708122,0.37140533
708123,0.31272724
708124,0.057945773
708125,0.175502
708126,0.9822042
708127,0.04055216
708128,0.7622041
708129,0.00471781
708130,0.008206669
708131,0.16901293
708132,0.5102163
708133,0.9989525
708134,0.94637364
708135,0.9478407
708136,0.6633422
708137,0.8899021
708138,0.16681053
708139,0.030626576
708140,0.57539296
708141,0.02976507
708142,0.08267598
708143,0.050230414
708144,0.0300072
708145,0.831679
708146,0.96763253
708147,0.11120641
708148,0.008707053
708149,0.51201713
708150,0.03147509
708151,0.9889214
708152,0.910815
708153,0.95677066
708154,0.9943062
708155,0.96562934
708156,0.17248923
708157,0.014044472
708158,0.9987196
708159,0.16202495
708160,0.0036951913
708161,0.9225721
708162,0.17195031
708163,0.5739852
708164,0.01930685
708165,0.14796725
708166,0.95619315
708167,0.015353557
708168,0.014750288
708169,0.95089114
708170,0.09282145
708171,0.1707349
708172,0.91986537
708173,0.007519884
708174,0.0043695923
708175,0.1811658
708176,0.56433904
708177,0.09392218
708178,0.06601474
708179,0.8290852
708180,0.97053486
708181,0.2292269
708182,0.34682852
708183,0.022614496
708184,0.95797956
708185,0.074244365
708186,0.8646323
708187,0.519842
708188,0.913448
708189,0.063621566
708190,0.9773042
708191,0.07031672
708192,0.79851323
708193,0.6418838
708194,0.98437977
708195,0.33249038
708196,0.99250233
708197,0.056235854
708198,0.98255295
708199,0.13142286
708200,0.93290377
708201,0.12374661
708202,0.98901683
708203,0.946885
708204,0.011072296
708205,0.18366212
708206,0.0509312
708207,0.95702446
708208,0.32192263
708209,0.006480899
708210,0.022259101
708211,0.59280455
708212,0.022543147
708213,0.025271703
708214,0.81320643
708215,0.7293036
708216,0.55941117
708217,0.057580385
708218,0.377972
708219,0.11494428
708220,0.48322812
708221,0.8480902
708222,0.009805802
708223,0.025016353
708224,0.788889
708225,0.5776572
708226,0.041727267
708227,0.017115626
708228,0.0008379708
708229,0.91532266
708230,0.02701809
708231,0.8505938
708232,0.91604173
708233,0.017331876
708234,0.016661076
708235,0.8076869
708236,0.007876679
708237,0.8956706
708238,0.9255914
708239,0.9942807
708240,0.8933656
708241,0.017355803
708242,0.9659143
708243,0.9606378
708244,0.94623566
708245,0.21466401
708246,0.4012159
708247,0.85694194
708248,0.99715364
708249,0.91716707
708250,0.22668062
708251,0.5727955
708252,0.78284913
708253,0.007751702
708254,0.98119456
708255,0.006073579
708256,0.014775869
708257,0.276155
708258,0.017209444
708259,0.011805765
708260,0.70082796
708261,0.029042764
708262,0.43936276
708263,0.036234807
708264,0.099554524
708265,0.24256516
708266,0.016699893
708267,0.56638926
708268,0.03961335
708269,0.93972087
708270,0.031002877
708271,0.3514127
708272,0.13833265
708273,0.058122814
708274,0.6862612
708275,0.087687925
708276,0.11079239
708277,0.9347792
708278,0.33596423
708279,0.99897605
708280,0.030577265
708281,0.92721486
708282,0.008062217
708283,0.9915471
708284,0.990265
708285,0.9977693
708286,0.025309775
708287,0.6805829
708288,0.003094233
708289,0.013293309
708290,0.030891208
708291,0.033171922
708292,0.9989061
708293,0.84567213
708294,0.96065986
708295,0.0048842765
708296,0.0074092904
708297,0.9430319
708298,0.00524506
708299,0.014981655
708300,0.011041853
708301,0.0076343864
708302,0.6910933
708303,0.7391747
708304,0.73174435
708305,0.06268136
708306,0.005468295
708307,0.027533863
708308,0.99631214
708309,0.96301746
708310,0.33933532
708311,0.020926319
708312,0.18928392
708313,0.13202703
708314,0.0072982963
708315,0.0390949
708316,0.043368287
708317,0.27463093
708318,0.0472535
708319,0.06946781
708320,0.9952313
708321,0.059530575
708322,0.5354477
708323,0.64306
708324,0.0055680554
708325,0.062270857
708326,0.99604845
708327,0.01971504
708328,0.34185612
708329,0.01522418
708330,0.13929659
708331,0.3662429
708332,0.0051782313
708333,0.053434577
708334,0.9365157
708335,0.9332274
708336,0.53545874
708337,0.9063771
708338,0.89234644
708339,0.24864224
708340,0.17465003
708341,0.079488136
708342,0.9673469
708343,0.98357
708344,0.0836469
708345,0.9556336
708346,0.017463094
708347,0.019137181
708348,0.7991973
708349,0.021416534
708350,0.8392931
708351,0.9738765
708352,0.050531533
708353,0.32290667
708354,0.07101805
708355,0.01940139
708356,0.9985238
708357,0.011278372
708358,0.95393264
708359,0.6365311
708360,0.06626934
708361,0.038088687
708362,0.99136037
708363,0.13788064
708364,0.47532052
708365,0.35038862
708366,0.23493831
708367,0.9732789
708368,0.04793287
708369,0.99777275
708370,0.9595253
708371,0.9953089
708372,0.06706082
708373,0.9740341
708374,0.07459778
708375,0.28927618
708376,0.22126417
708377,0.96505207
708378,0.21725844
708379,0.6983198
708380,0.066657886
708381,0.03269416
708382,0.52474403
708383,0.051931232
708384,0.9697381
708385,0.38373303
708386,0.0060930657
708387,0.56266814
708388,0.058860898
708389,0.010493663
708390,0.117827125
708391,0.9913621
708392,0.07360918
708393,0.7452934
708394,0.13641421
708395,0.57113385
708396,0.9912465
708397,0.8533351
708398,0.97005844
708399,0.9292816
708400,0.014955565
708401,0.9525523
708402,0.003601495
708403,0.99721956
708404,0.049940865
708405,0.008957673
708406,0.15122342
708407,0.89662504
708408,0.9994296
708409,0.015183907
708410,0.041205026
708411,0.9970535
708412,0.20735523
708413,0.73857397
708414,0.091581404
708415,0.979465
708416,0.008307585
708417,0.05913431
708418,0.024086058
708419,0.99038374
708420,0.006407125
708421,0.67219156
708422,0.99343276
708423,0.0037778583
708424,0.63884985
708425,0.008803339
708426,0.04301976
708427,0.015172989
708428,0.9924828
708429,0.11673574
708430,0.5379084
708431,0.10796073
708432,0.01948947
708433,0.9048107
708434,0.970326
708435,0.0059466423
708436,0.1074961
708437,0.9462491
708438,0.015131844
708439,0.20855549
708440,0.0022730927
708441,0.020544225
708442,0.9768033
708443,0.96535265
708444,0.061890487
708445,0.021618279
708446,0.039355792
708447,0.011497984
708448,0.44043162
708449,0.010588899
708450,0.7114825
708451,0.0021939736
708452,0.45685714
708453,0.8640263
708454,0.5458179
708455,0.20566985
708456,0.9610746
708457,0.8718127
708458,0.10974327
708459,0.014693285
708460,0.99086875
708461,0.98318017
708462,0.9988369
708463,0.54213274
708464,0.010430188
708465,0.34647554
708466,0.060701907
708467,0.39517406
708468,0.98042893
708469,0.008948468
708470,0.031727053
708471,0.9679709
708472,0.90921044
708473,0.35443234
708474,0.25294486
708475,0.9871228
708476,0.005930116
708477,0.07885112
708478,0.040704086
708479,0.9080731
708480,0.08770439
708481,0.96020544
708482,0.10416907
708483,0.67880964
708484,0.022868546
708485,0.041320037
708486,0.024868786
708487,0.99256146
708488,0.99806994
708489,0.30580544
708490,0.07215355
708491,0.8135922
708492,0.02122644
708493,0.51307344
708494,0.12645452
708495,0.26723865
708496,0.023447389
708497,0.058988687
708498,0.089332536
708499,0.8942953
708500,0.86256826
708501,0.3666287
708502,0.004475015
708503,0.13815139
708504,0.99321586
708505,0.03706798
708506,0.8467397
708507,0.016484497
708508,0.022938386
708509,0.010989092
708510,0.71488017
708511,0.99544036
708512,0.08527171
708513,0.83644396
708514,0.01632788
708515,0.42128575
708516,0.5085072
708517,0.28032959
708518,0.9556551
708519,0.009171105
708520,0.014443296
708521,0.04128301
708522,0.92858714
708523,0.047479194
708524,0.029192531
708525,0.0030064522
708526,0.56402755
708527,0.0038563262
708528,0.83315647
708529,0.4312888
708530,0.009945061
708531,0.3841476
708532,0.020289613
708533,0.008025428
708534,0.013795544
708535,0.9842494
708536,0.040643603
708537,0.19164185
708538,0.1523259
708539,0.01217238
708540,0.02248581
708541,0.025563858
708542,0.001482634
708543,0.6393045
708544,0.709993
708545,0.004128732
708546,0.009270257
708547,0.4467979
708548,0.12625597
708549,0.9486238
708550,0.6109568
708551,0.050723642
708552,0.6957603
708553,0.9902856
708554,0.9899341
708555,0.26902026
708556,0.91356874
708557,0.032520264
708558,0.0038509574
708559,0.9771969
708560,0.38353056
708561,0.4005257
708562,0.9688715
708563,0.02904695
708564,0.099432126
708565,0.1355883
708566,0.98907304
708567,0.9775195
708568,0.8948579
708569,0.47455403
708570,0.0072164433
708571,0.8981247
708572,0.7483606
708573,0.6626259
708574,0.6442891
708575,0.007371109
708576,0.0124279745
708577,0.7856544
708578,0.7488991
708579,0.43782312
708580,0.5859508
708581,0.9197203
708582,0.036218144
708583,0.14630373
708584,0.013714755
708585,0.74993056
708586,0.97469157
708587,0.98905313
708588,0.0022384846
708589,0.0066394755
708590,0.99299
708591,0.94644225
708592,0.024697449
708593,0.99953187
708594,0.103299946
708595,0.83234143
708596,0.049593374
708597,0.7813257
708598,0.9830817
708599,0.09796849
708600,0.0044919224
708601,0.6490874
708602,0.6190494
708603,0.19616358
708604,0.9817155
708605,0.04146603
708606,0.117922895
708607,0.5313938
708608,0.89931715
708609,0.0053109503
708610,0.31265333
708611,0.9975379
708612,0.41283697
708613,0.019987784
708614,0.9944857
708615,0.0275604
708616,0.99033725
708617,0.97707915
708618,0.8844962
708619,0.006207095
708620,0.1445851
708621,0.021223448
708622,0.017748974
708623,0.18800047
708624,0.9951933
708625,0.9037286
708626,0.007614297
708627,0.9517143
708628,0.011016717
708629,0.04257974
708630,0.9610629
708631,0.5608846
708632,0.29888135
708633,0.09174501
708634,0.57513714
708635,0.9151948
708636,0.11119721
708637,0.005459036
708638,0.7653072
708639,0.9188218
708640,0.92441314
708641,0.95573866
708642,0.003951405
708643,0.105097376
708644,0.009675688
708645,0.8265585
708646,0.0021417448
708647,0.03470836
708648,0.041840076
708649,0.17203471
708650,0.8162845
708651,0.22359248
708652,0.9532094
708653,0.16673711
708654,0.9860556
708655,0.024581973
708656,0.90388167
708657,0.91056925
708658,0.036345772
708659,0.04290055
708660,0.49679446
708661,0.42694697
708662,0.85950947
708663,0.94440013
708664,0.06321769
708665,0.20870155
708666,0.2678001
708667,0.98903
708668,0.9321604
708669,0.9565778
708670,0.9959477
708671,0.011170806
708672,0.013830983
708673,0.052741826
708674,0.10993763
708675,0.034524128
708676,0.4576806
708677,0.052178945
708678,0.026877888
708679,0.947853
708680,0.071526654
708681,0.6426429
708682,0.98434234
708683,0.051987927
708684,0.44294444
708685,0.9936268
708686,0.4351371
708687,0.51896054
708688,0.998217
708689,0.23330626
708690,0.011336582
708691,0.95715165
708692,0.52583665
708693,0.9980973
708694,0.99557346
708695,0.98402756
708696,0.9938897
708697,0.9862827
708698,0.023045726
708699,0.035607904
708700,0.22493182
708701,0.0487147
708702,0.04628009
708703,0.00084202335
708704,0.9146502
708705,0.17336386
708706,0.9573072
708707,0.9570468
708708,0.972629
708709,0.75676507
708710,0.013553087
708711,0.8600294
708712,0.9138529
708713,0.8857305
708714,0.022873916
708715,0.9314194
708716,0.13784878
708717,0.07607718
708718,0.28377724
708719,0.8472531
708720,0.89854485
708721,0.90149015
708722,0.92343146
708723,0.008184721
708724,0.018799976
708725,0.025784655
708726,0.7567016
708727,0.021195376
708728,0.9777156
708729,0.056475483
708730,0.083350144
708731,0.1258709
708732,0.023064453
708733,0.40975744
708734,0.06648418
708735,0.98712707
708736,0.9892223
708737,0.005918986
708738,0.9718821
708739,0.9613205
708740,0.023124797
708741,0.13821663
708742,0.29281622
708743,0.04196876
708744,0.89743483
708745,0.24890986
708746,0.9533993
708747,0.995642
708748,0.01255314
708749,0.95100003
708750,0.012345701
708751,0.9133151
708752,0.31213185
708753,0.037630703
708754,0.0014642711
708755,0.85211295
708756,0.89713794
708757,0.9119273
708758,0.0075915297
708759,0.99381167
708760,0.88531727
708761,0.99717903
708762,0.0062967846
708763,0.37940842
708764,0.044566363
708765,0.54013705
708766,0.79699457
708767,0.49117538
708768,0.3078759
708769,0.11728496
708770,0.7461569
708771,0.9001045
708772,0.99049854
708773,0.36754426
708774,0.28201702
708775,0.8170039
708776,0.045974545
708777,0.31074524
708778,0.99698424
708779,0.64880085
708780,0.95057774
708781,0.99667066
708782,0.00109863
708783,0.9253137
708784,0.027803604
708785,0.7006873
708786,0.994131
708787,0.6581961
708788,0.004743195
708789,0.144531
708790,0.9666514
708791,0.797194
708792,0.7852767
708793,0.010362055
708794,0.09335926
708795,0.76857936
708796,0.10130586
708797,0.90851927
708798,0.024541149
708799,0.5207439
708800,0.020276934
708801,0.015687177
708802,0.84681404
708803,0.07994033
708804,0.5167937
708805,0.48212415
708806,0.06376518
708807,0.33242807
708808,0.97231114
708809,0.02064144
708810,0.4412661
708811,0.0036913448
708812,0.97480106
708813,0.017215474
708814,0.005375972
708815,0.8574923
708816,0.0018870485
708817,0.6862558
708818,0.48894012
708819,0.010026806
708820,0.016712286
708821,0.023063231
708822,0.13618338
708823,0.19526353
708824,0.008345069
708825,0.2300353
708826,0.9863231
708827,0.85328597
708828,0.9445638
708829,0.003859267
708830,0.97476506
708831,0.022078263
708832,0.011574384
708833,0.96314335
708834,0.896707
708835,0.00866997
708836,0.0941616
708837,0.93291867
708838,0.024944834
708839,0.21331798
708840,0.96736157
708841,0.0030069943
708842,0.13460478
708843,0.16674723
708844,0.043372136
708845,0.99542207
708846,0.0169245
708847,0.34108153
708848,0.017678775
708849,0.03601291
708850,0.9761197
708851,0.043779172
708852,0.82968825
708853,0.19724919
708854,0.36184904
708855,0.98170626
708856,0.6543861
708857,0.43219575
708858,0.1341145
708859,0.22193137
708860,0.032580227
708861,0.20649576
708862,0.114046246
708863,0.9847416
708864,0.069889456
708865,0.29543567
708866,0.91385293
708867,0.014515356
708868,0.0047668377
708869,0.99888325
708870,0.99663836
708871,0.771327
708872,0.57423973
708873,0.73157865
708874,0.004686936
708875,0.92711604
708876,0.8363312
708877,0.12264179
708878,0.029254554
708879,0.6109524
708880,0.22242641
708881,0.04039034
708882,0.12208543
708883,0.98950386
708884,0.9782001
708885,0.045864083
708886,0.012731204
708887,0.49005747
708888,0.1508517
708889,0.006319422
708890,0.0036887391
708891,0.22721672
708892,0.08415988
708893,0.27161515
708894,0.2117207
708895,0.014853535
708896,0.81117076
708897,0.96574867
708898,0.7242213
708899,0.04872608
708900,0.026097402
708901,0.99002683
708902,0.0053220936
708903,0.046971716
708904,0.009587977
708905,0.64917976
708906,0.9221852
708907,0.99104404
708908,0.64953613
708909,0.98575664
708910,0.96244586
708911,0.049053583
708912,0.0051104464
708913,0.99546623
708914,0.023595413
708915,0.76935667
708916,0.969285
708917,0.38870037
708918,0.94035304
708919,0.98340565
708920,0.0065493886
708921,0.17671889
708922,0.03321565
708923,0.27685896
708924,0.9077837
708925,0.9863198
708926,0.8202848
708927,0.99396443
708928,0.9480966
708929,0.5431894
708930,0.0040327115
708931,0.17744043
708932,0.5466684
708933,0.042493626
708934,0.9949192
708935,0.8822841
708936,0.41731748
708937,0.05383192
708938,0.0143357385
708939,0.2065979
708940,0.9961106
708941,0.27252454
708942,0.050818425
708943,0.7533529
708944,0.940738
708945,0.09511563
708946,0.5787206
708947,0.016559301
708948,0.2010233
708949,0.91081446
708950,0.18736485
708951,0.08162435
708952,0.7465744
708953,0.9867273
708954,0.99800473
708955,0.9437412
708956,0.013370713
708957,0.15315852
708958,0.9323282
708959,0.35569242
708960,0.056774437
708961,0.9956114
708962,0.25786382
708963,0.88347596
708964,0.01736432
708965,0.009496279
708966,0.999161
708967,0.9208415
708968,0.31746632
708969,0.8597637
708970,0.09020834
708971,0.20056403
708972,0.06231007
708973,0.86638
708974,0.07790334
708975,0.068019345
708976,0.95234627
708977,0.7290849
708978,0.25603944
708979,0.023423778
708980,0.032424565
708981,0.11558498
708982,0.97062206
708983,0.12863016
708984,0.99846745
708985,0.87962323
708986,0.024143139
708987,0.49869427
708988,0.02499128
708989,0.9874796
708990,0.0029801265
708991,0.3917298
708992,0.97571635
708993,0.20400128
708994,0.06671554
708995,0.9262454
708996,0.0136114145
708997,0.28903702
708998,0.7009037
708999,0.07302709
709000,0.64103997
709001,0.38099566
709002,0.75239635
709003,0.050063793
709004,0.043714732
709005,0.1403766
709006,0.024922982
709007,0.9956256
709008,0.059155535
709009,0.9981428
709010,0.06280221
709011,0.108241655
709012,0.9508265
709013,0.004839275
709014,0.99539256
709015,0.9943887
709016,0.035049535
709017,0.96061045
709018,0.99557024
709019,0.22972135
709020,0.8326683
709021,0.7901517
709022,0.76685476
709023,0.9267679
709024,0.99604636
709025,0.8280698
709026,0.07958884
709027,0.9767901
709028,0.93706584
709029,0.0033049218
709030,0.009821961
709031,0.015253631
709032,0.9968929
709033,0.97443527
709034,0.99098897
709035,0.58232987
709036,0.99409735
709037,0.03146639
709038,0.0029279543
709039,0.76123804
709040,0.97550887
709041,0.1341647
709042,0.9428581
709043,0.09810181
709044,0.99462235
709045,0.99505794
709046,0.029028045
709047,0.50859547
709048,0.64823616
709049,0.9828656
709050,0.12702912
709051,0.9635162
709052,0.4209758
709053,0.01681104
709054,0.7506046
709055,0.04001555
709056,0.77433103
709057,0.005957317
709058,0.99094725
709059,0.018782692
709060,0.024333771
709061,0.0028764945
709062,0.05211841
709063,0.01703801
709064,0.023043588
709065,0.30310845
709066,0.053259052
709067,0.1428858
709068,0.115360804
709069,0.054839473
709070,0.70439744
709071,0.09933856
709072,0.9487187
709073,0.9808268
709074,0.0037098718
709075,0.7277076
709076,0.9933939
709077,0.023861155
709078,0.99364376
709079,0.998681
709080,0.698158
709081,0.25389957
709082,0.06948241
709083,0.99178565
709084,0.29788598
709085,0.7263216
709086,0.98596317
709087,0.9472659
709088,0.07474613
709089,0.124540344
709090,0.43058735
709091,0.0060880454
709092,0.7724172
709093,0.03458973
709094,0.07484968
709095,0.8923836
709096,0.9978954
709097,0.02380848
709098,0.44014746
709099,0.07377173
709100,0.034954756
709101,0.13117485
709102,0.015286116
709103,0.007519092
709104,0.055408396
709105,0.86320245
709106,0.7507187
709107,0.9850168
709108,0.119682364
709109,0.9484195
709110,0.0053158794
709111,0.008069533
709112,0.06283033
709113,0.78150785
709114,0.13176025
709115,0.0033304642
709116,0.9918263
709117,0.062779315
709118,0.8694777
709119,0.9061727
709120,0.012665882
709121,0.9460428
709122,0.7820806
709123,0.98310804
709124,0.9263487
709125,0.84051543
709126,0.054910056
709127,0.98172146
709128,0.9487133
709129,0.994271
709130,0.8976271
709131,0.9165766
709132,0.08163056
709133,0.7140299
709134,0.09145818
709135,0.99877405
709136,0.39295682
709137,0.040792897
709138,0.042091567
709139,0.65170753
709140,0.94986814
709141,0.0090854075
709142,0.9643293
709143,0.8726616
709144,0.99206054
709145,0.022174722
709146,0.5684007
709147,0.010642482
709148,0.0026324366
709149,0.776984
709150,0.960559
709151,0.9957273
709152,0.89065164
709153,0.94691336
709154,0.4024705
709155,0.032116305
709156,0.97205937
709157,0.003110451
709158,0.11964582
709159,0.97560793
709160,0.054850083
709161,0.8419062
709162,0.9753946
709163,0.0057058213
709164,0.88742036
709165,0.9855931
709166,0.7408879
709167,0.78480864
709168,0.050416887
709169,0.011256154
709170,0.9434043
709171,0.022867091
709172,0.9824773
709173,0.05807238
709174,0.116878666
709175,0.8681571
709176,0.007851427
709177,0.04269891
709178,0.9789568
709179,0.074530125
709180,0.60920155
709181,0.43487686
709182,0.9810468
709183,0.93431365
709184,0.041039493
709185,0.9862524
709186,0.022375062
709187,0.7066679
709188,0.9851326
709189,0.9804445
709190,0.9223014
709191,0.20984966
709192,0.16242944
709193,0.031870592
709194,0.13871965
709195,0.19278798
709196,0.44653612
709197,0.013595222
709198,0.96606797
709199,0.043825917
709200,0.8645688
709201,0.38142133
709202,0.9697192
709203,0.98684627
709204,0.47199637
709205,0.75591075
709206,0.6773695
709207,0.047898743
709208,0.94044334
709209,0.10402634
709210,0.14021818
709211,0.20619628
709212,0.036592275
709213,0.9285666
709214,0.02055816
709215,0.654432
709216,0.9622087
709217,0.050020482
709218,0.012550079
709219,0.98990566
709220,0.009470021
709221,0.00414502
709222,0.012687307
709223,0.076672345
709224,0.044354774
709225,0.9970498
709226,0.0717597
709227,0.09268649
709228,0.049076155
709229,0.031057851
709230,0.030039456
709231,0.008022186
709232,0.013437699
709233,0.93407154
709234,0.025386095
709235,0.9689611
709236,0.024538979
709237,0.99302053
709238,0.074469686
709239,0.007675261
709240,0.99164987
709241,0.08027166
709242,0.017332764
709243,0.7524016
709244,0.2882922
709245,0.0051126676
709246,0.9117808
709247,0.8619276
709248,0.99175346
709249,0.9935889
709250,0.07791959
709251,0.777841
709252,0.12524843
709253,0.015585044
709254,0.12547955
709255,0.028448993
709256,0.029799366
709257,0.0122248065
709258,0.023683192
709259,0.05710957
709260,0.9201917
709261,0.059509594
709262,0.18768696
709263,0.04261799
709264,0.99798
709265,0.99192303
709266,0.10696304
709267,0.87875986
709268,0.93772495
709269,0.3182405
709270,0.0072112246
709271,0.15024073
709272,0.81645334
709273,0.9979974
709274,0.97361505
709275,0.97357357
709276,0.7952466
709277,0.94562113
709278,0.024721656
709279,0.01744287
709280,0.9909556
709281,0.98722833
709282,0.116684414
709283,0.9909607
709284,0.019889511
709285,0.9628015
709286,0.042483225
709287,0.9835058
709288,0.025754903
709289,0.9852438
709290,0.9935788
709291,0.9757807
709292,0.8060196
709293,0.60434973
709294,0.0073616076
709295,0.021731237
709296,0.008247484
709297,0.5674856
709298,0.041877903
709299,0.048922427
709300,0.98605144
709301,0.1121717
709302,0.037297457
709303,0.82169443
709304,0.98834664
709305,0.017353248
709306,0.8518836
709307,0.86080235
709308,0.04947027
709309,0.9176022
709310,0.022771133
709311,0.06538137
709312,0.004985434
709313,0.9435979
709314,0.036698822
709315,0.9703049
709316,0.010941967
709317,0.80484927
709318,0.06293086
709319,0.7883299
709320,0.8025792
709321,0.0040633543
709322,0.008074215
709323,0.87785816
709324,0.85251844
709325,0.014443423
709326,0.9673838
709327,0.0044585955
709328,0.008907623
709329,0.9926799
709330,0.6481755
709331,0.038760327
709332,0.017807597
709333,0.8455118
709334,0.009236652
709335,0.9245904
709336,0.1139837
709337,0.04492609
709338,0.9581424
709339,0.010970496
709340,0.9844316
709341,0.05335965
709342,0.12694663
709343,0.007121018
709344,0.989472
709345,0.19444019
709346,0.09142029
709347,0.9897083
709348,0.9847173
709349,0.9230268
709350,0.5284612
709351,0.99860203
709352,0.010152053
709353,0.20734957
709354,0.008369811
709355,0.038864587
709356,0.97698545
709357,0.95285314
709358,0.9559989
709359,0.7747044
709360,0.02554596
709361,0.88239837
709362,0.97865444
709363,0.8986345
709364,0.2686576
709365,0.83259135
709366,0.99442965
709367,0.9726423
709368,0.3809249
709369,0.9826409
709370,0.9392473
709371,0.99889135
709372,0.9716185
709373,0.7006491
709374,0.011383904
709375,0.87263554
709376,0.98367155
709377,0.031781044
709378,0.0043363366
709379,0.8243527
709380,0.9427657
709381,0.95221645
709382,0.4352738
709383,0.7224062
709384,0.9993032
709385,0.9701048
709386,0.08134467
709387,0.27796766
709388,0.15362932
709389,0.017843772
709390,0.0430703
709391,0.8768306
709392,0.0073928167
709393,0.109967016
709394,0.5164285
709395,0.016499018
709396,0.9930054
709397,0.1436249
709398,0.9941473
709399,0.026282873
709400,0.9340202
709401,0.762452
709402,0.9860461
709403,0.005976666
709404,0.9901482
709405,0.9995622
709406,0.95422643
709407,0.9939123
709408,0.8606016
709409,0.11965896
709410,0.962326
709411,0.96906424
709412,0.5547894
709413,0.42036927
709414,0.3503685
709415,0.33151418
709416,0.12165647
709417,0.18517087
709418,0.5843264
709419,0.00053037633
709420,0.9489657
709421,0.96744585
709422,0.006698085
709423,0.04387097
709424,0.99295527
709425,0.98988193
709426,0.057791166
709427,0.98454046
709428,0.60199845
709429,0.0012956184
709430,0.004342487
709431,0.004441768
709432,0.94179773
709433,0.12981692
709434,0.59063745
709435,0.003826149
709436,0.047292493
709437,0.21356337
709438,0.9761326
709439,0.016695457
709440,0.530292
709441,0.036125112
709442,0.0039918064
709443,0.813018
709444,0.6475706
709445,0.903724
709446,0.0023710066
709447,0.99739933
709448,0.02407464
709449,0.999537
709450,0.26175115
709451,0.7259352
709452,0.6025229
709453,0.13227867
709454,0.19236164
709455,0.021045951
709456,0.9930484
709457,0.0200983
709458,0.58740413
709459,0.066455215
709460,0.119211614
709461,0.9963434
709462,0.026964875
709463,0.997835
709464,0.996438
709465,0.03489972
709466,0.47318685
709467,0.008791157
709468,0.008953064
709469,0.33952
709470,0.17562279
709471,0.9816609
709472,0.8594933
709473,0.043184888
709474,0.9807906
709475,0.02321008
709476,0.24031802
709477,0.7527894
709478,0.03048912
709479,0.03120245
709480,0.024305178
709481,0.8004849
709482,0.04601841
709483,0.81064755
709484,0.01122499
709485,0.779584
709486,0.9507754
709487,0.99065804
709488,0.03455639
709489,0.96012527
709490,0.0034349235
709491,0.99427253
709492,0.97885174
709493,0.72880536
709494,0.012527838
709495,0.9790331
709496,0.030312732
709497,0.024363002
709498,0.0074517266
709499,0.003948369
709500,0.01232311
709501,0.00081706047
709502,0.7477306
709503,0.055535696
709504,0.1934694
709505,0.9704474
709506,0.03860031
709507,0.02263843
709508,0.001385619
709509,0.014216913
709510,0.5059443
709511,0.86220485
709512,0.66749626
709513,0.05523157
709514,0.011440568
709515,0.63433146
709516,0.05993842
709517,0.0071333684
709518,0.9933436
709519,0.55436814
709520,0.9734291
709521,0.1736405
709522,0.014987905
709523,0.18443823
709524,0.020735668
709525,0.08416167
709526,0.95425045
709527,0.100333706
709528,0.8932225
709529,0.68319094
709530,0.7086023
709531,0.9991129
709532,0.011775531
709533,0.993619
709534,0.9827235
709535,0.97563314
709536,0.9959113
709537,0.9452393
709538,0.9875097
709539,0.02642982
709540,0.6684719
709541,0.007307736
709542,0.015474897
709543,0.10624732
709544,0.1082312
709545,0.9981854
709546,0.9580027
709547,0.9661289
709548,0.054447375
709549,0.47316378
709550,0.899571
709551,0.028061768
709552,0.9385085
709553,0.28980777
709554,0.013444737
709555,0.99432224
709556,0.018314892
709557,0.027054086
709558,0.05516258
709559,0.4470384
709560,0.8696023
709561,0.9141396
709562,0.30351353
709563,0.9939311
709564,0.98824143
709565,0.99796706
709566,0.100408025
709567,0.99712306
709568,0.17607076
709569,0.16161725
709570,0.75437003
709571,0.00467039
709572,0.009201885
709573,0.95160615
709574,0.014882245
709575,0.97912955
709576,0.6734116
709577,0.8523936
709578,0.53286153
709579,0.9298206
709580,0.9868779
709581,0.15825275
709582,0.002300347
709583,0.7986204
709584,0.99342066
709585,0.014867023
709586,0.028091561
709587,0.07103419
709588,0.1874522
709589,0.21459258
709590,0.039619207
709591,0.9640446
709592,0.0057130363
709593,0.97921705
709594,0.023131434
709595,0.77508724
709596,0.84850895
709597,0.09377563
709598,0.020558778
709599,0.48034123
709600,0.10560514
709601,0.111267805
709602,0.054321434
709603,0.030276408
709604,0.016238183
709605,0.005372373
709606,0.09193456
709607,0.9672098
709608,0.016163208
709609,0.97515774
709610,0.9554379
709611,0.9809758
709612,0.008567882
709613,0.09477165
709614,0.997789
709615,0.062588125
709616,0.35357243
709617,0.9441234
709618,0.81877315
709619,0.03365398
709620,0.0037856193
709621,0.02444791
709622,0.9878657
709623,0.0032070787
709624,0.19630413
709625,0.026667368
709626,0.03179177
709627,0.96375346
709628,0.95058775
709629,0.012778313
709630,0.0066389143
709631,0.03601669
709632,0.015274476
709633,0.88041925
709634,0.012587938
709635,0.018472865
709636,0.011894808
709637,0.014511757
709638,0.8465823
709639,0.9828594
709640,0.02072144
709641,0.53541994
709642,0.4842701
709643,0.9960618
709644,0.76574665
709645,0.46042764
709646,0.45539966
709647,0.95810896
709648,0.9925083
709649,0.9609928
709650,0.9739105
709651,0.8570738
709652,0.32298812
709653,0.01618285
709654,0.9997682
709655,0.030717377
709656,0.31711274
709657,0.028415183
709658,0.054878805
709659,0.9902849
709660,0.95095086
709661,0.9951914
709662,0.992273
709663,0.20478183
709664,0.99072444
709665,0.9819917
709666,0.9983609
709667,0.7199116
709668,0.99936044
709669,0.7140844
709670,0.99593705
709671,0.8875713
709672,0.0032101318
709673,0.12653874
709674,0.7009713
709675,0.09697585
709676,0.0007378247
709677,0.016958233
709678,0.9981638
709679,0.95503783
709680,0.019938217
709681,0.8029337
709682,0.12254472
709683,0.69530714
709684,0.97356224
709685,0.22059676
709686,0.98875624
709687,0.9588284
709688,0.8953737
709689,0.7609108
709690,0.006883785
709691,0.9887442
709692,0.01145666
709693,0.046835832
709694,0.4279477
709695,0.9562837
709696,0.020967156
709697,0.011474859
709698,0.00058350875
709699,0.9469487
709700,0.94429934
709701,0.99693084
709702,0.06674239
709703,0.4396705
709704,0.99051386
709705,0.89504516
709706,0.05367231
709707,0.0049229837
709708,0.99849
709709,0.19605628
709710,0.24905512
709711,0.989178
709712,0.04843375
709713,0.022345126
709714,0.8649169
709715,0.010175485
709716,0.95250475
709717,0.9930863
709718,0.054498732
709719,0.12055812
709720,0.9975825
709721,0.056580454
709722,0.97426677
709723,0.006928076
709724,0.511798
709725,0.15259957
709726,0.009069428
709727,0.9333929
709728,0.9899063
709729,0.24477348
709730,0.008487134
709731,0.9859548
709732,0.96988326
709733,0.6745503
709734,0.96121895
709735,0.08218872
709736,0.003984923
709737,0.37121803
709738,0.1020491
709739,0.5538082
709740,0.8175483
709741,0.011963713
709742,0.34569186
709743,0.048548553
709744,0.017116934
709745,0.9910196
709746,0.0018252536
709747,0.97443926
709748,0.5389311
709749,0.03735319
709750,0.9168322
709751,0.00564071
709752,0.017608602
709753,0.9120527
709754,0.24343434
709755,0.83752716
709756,0.010661678
709757,0.89277935
709758,0.78395444
709759,0.9442121
709760,0.98206055
709761,0.680768
709762,0.0124829225
709763,0.46830365
709764,0.8662574
709765,0.012613911
709766,0.11934775
709767,0.09990241
709768,0.020995261
709769,0.99474406
709770,0.1559525
709771,0.0661649
709772,0.9893639
709773,0.12352154
709774,0.0057442687
709775,0.87959236
709776,0.18007097
709777,0.30675364
709778,0.9967567
709779,0.94288445
709780,0.010055462
709781,0.090338685
709782,0.20297414
709783,0.63210255
709784,0.077065244
709785,0.10438545
709786,0.99741626
709787,0.9717863
709788,0.0032456669
709789,0.7172587
709790,0.1316652
709791,0.10665025
709792,0.9954587
709793,0.055365406
709794,0.92028064
709795,0.4841668
709796,0.9825949
709797,0.58161914
709798,0.46832892
709799,0.9982211
709800,0.01263454
709801,0.9991598
709802,0.9074626
709803,0.8435783
709804,0.9628915
709805,0.008571019
709806,0.038661942
709807,0.008573857
709808,0.24128044
709809,0.007689013
709810,0.26241702
709811,0.087833285
709812,0.009810942
709813,0.22801194
709814,0.010227405
709815,0.82898533
709816,0.029524809
709817,0.9927385
709818,0.98807335
709819,0.95575774
709820,0.12275902
709821,0.8507932
709822,0.079556055
709823,0.08005325
709824,0.99648976
709825,0.21605238
709826,0.023993522
709827,0.257834
709828,0.53149116
709829,0.76950085
709830,0.9274914
709831,0.99246377
709832,0.59582675
709833,0.5965377
709834,0.11450038
709835,0.4835124
709836,0.011042446
709837,0.1863719
709838,0.95713365
709839,0.5820068
709840,0.58228016
709841,0.9531176
709842,0.6190769
709843,0.14722508
709844,0.9311819
709845,0.008512909
709846,0.98649365
709847,0.892219
709848,0.54739136
709849,0.112034135
709850,0.0018123796
709851,0.03309045
709852,0.73208976
709853,0.995747
709854,0.81032735
709855,0.9514065
709856,0.008105833
709857,0.013362706
709858,0.1378851
709859,0.994901
709860,0.9989237
709861,0.16417803
709862,0.8060603
709863,0.50386703
709864,0.99881864
709865,0.015538694
709866,0.14282425
709867,0.027465587
709868,0.24774417
709869,0.38483334
709870,0.018502891
709871,0.015636964
709872,0.5707454
709873,0.052994315
709874,0.968958
709875,0.9416362
709876,0.04082547
709877,0.39965153
709878,0.037180386
709879,0.021450972
709880,0.88029516
709881,0.012098922
709882,0.23815598
709883,0.13812667
709884,0.038382888
709885,0.97573346
709886,0.019253135
709887,0.036860168
709888,0.9188834
709889,0.0016765664
709890,0.010083521
709891,0.04999728
709892,0.20706677
709893,0.9967919
709894,0.92132485
709895,0.75438935
709896,0.13321467
709897,0.937218
709898,0.03379304
709899,0.28180963
709900,0.9935129
709901,0.9040765
709902,0.1384602
709903,0.9872453
709904,0.04041537
709905,0.562009
709906,0.052625388
709907,0.7772796
709908,0.14601782
709909,0.027728612
709910,0.9569205
709911,0.0038046795
709912,0.6705044
709913,0.012972667
709914,0.95219445
709915,0.25094223
709916,0.97678
709917,0.95569676
709918,0.025580857
709919,0.7021649
709920,0.7889162
709921,0.9712628
709922,0.96536547
709923,0.076940134
709924,0.23075856
709925,0.09071079
709926,0.043171376
709927,0.98327136
709928,0.016565533
709929,0.033018075
709930,0.0010335769
709931,0.95206743
709932,0.7046649
709933,0.9427367
709934,0.83821166
709935,0.004236059
709936,0.6387229
709937,0.9761583
709938,0.0458751
709939,0.0049689715
709940,0.051128045
709941,0.4276996
709942,0.059541836
709943,0.09898825
709944,0.86890405
709945,0.3630181
709946,0.60511947
709947,0.004585718
709948,0.022914307
709949,0.043190535
709950,0.9733198
709951,0.021448877
709952,0.97463405
709953,0.03464218
709954,0.8469198
709955,0.09710814
709956,0.97012323
709957,0.012933434
709958,0.19068271
709959,0.79646266
709960,0.0076103806
709961,0.98392147
709962,0.89101243
709963,0.005906306
709964,0.016376907
709965,0.9979984
709966,0.9716031
709967,0.4041379
709968,0.4554823
709969,0.0286007
709970,0.9812193
709971,0.5804574
709972,0.94043374
709973,0.040304974
709974,0.014232241
709975,0.004642315
709976,0.093977004
709977,0.5798478
709978,0.023652148
709979,0.38918734
709980,0.581462
709981,0.0150151495
709982,0.026504826
709983,0.017421562
709984,0.0061981604
709985,0.18332899
709986,0.077016875
709987,0.052851684
709988,0.023697527
709989,0.94070196
709990,0.27008238
709991,0.9690438
709992,0.8400402
709993,0.09883268
709994,0.016486129
709995,0.9880806
709996,0.67906946
709997,0.8440935
709998,0.97080433
709999,0.0028460433
710000,0.6807129
710001,0.82760423
710002,0.00093563914
710003,0.16640529
710004,0.99253064
710005,0.2806699
710006,0.004322678
710007,0.39844987
710008,0.6965511
710009,0.8689874
710010,0.015135615
710011,0.027677152
710012,0.50630796
710013,0.017543796
710014,0.009460776
710015,0.9651552
710016,0.49278176
710017,0.0053080036
710018,0.035804763
710019,0.006122355
710020,0.99581033
710021,0.9137151
710022,0.9804665
710023,0.96179414
710024,0.11176182
710025,0.2959399
710026,0.97513664
710027,0.030793872
710028,0.004637051
710029,0.036839947
710030,0.008030083
710031,0.035888515
710032,0.84263515
710033,0.7684282
710034,0.03583063
710035,0.34779
710036,0.86585116
710037,0.6076758
710038,0.015149763
710039,0.0067823175
710040,0.013092795
710041,0.12465883
710042,0.15242523
710043,0.12554461
710044,0.9346166
710045,0.06481399
710046,0.06902378
710047,0.9965091
710048,0.03411557
710049,0.02337183
710050,0.12712762
710051,0.040662523
710052,0.9069233
710053,0.744695
710054,0.0450338
710055,0.07562502
710056,0.4405312
710057,0.9967472
710058,0.8705827
710059,0.014634504
710060,0.34625512
710061,0.033018116
710062,0.51285887
710063,0.014219172
710064,0.23416689
710065,0.033980627
710066,0.9613112
710067,0.22120032
710068,0.14289437
710069,0.7816664
710070,0.041896645
710071,0.83374417
710072,0.1451308
710073,0.02472328
710074,0.9890127
710075,0.02070304
710076,0.6598948
710077,0.03308802
710078,0.18194993
710079,0.035182394
710080,0.99325883
710081,0.02165138
710082,0.921957
710083,0.031108215
710084,0.9473866
710085,0.34871334
710086,0.99847496
710087,0.7947164
710088,0.6199399
710089,0.0050753667
710090,0.9012537
710091,0.14790766
710092,0.35201743
710093,0.0708309
710094,0.40731525
710095,0.96147263
710096,0.7709377
710097,0.020567786
710098,0.98287916
710099,0.12648089
710100,0.98950595
710101,0.6228578
710102,0.018759133
710103,0.1625416
710104,0.014931984
710105,0.12722972
710106,0.032181375
710107,0.92057276
710108,0.2776701
710109,0.8388478
710110,0.93352735
710111,0.27432862
710112,0.23279986
710113,0.012662663
710114,0.06126567
710115,0.9972588
710116,0.9278017
710117,0.7325151
710118,0.34769434
710119,0.007690212
710120,0.9824671
710121,0.47071686
710122,0.0065871594
710123,0.017770551
710124,0.06258966
710125,0.21881808
710126,0.90545386
710127,0.043786548
710128,0.019254602
710129,0.16978213
710130,0.010568529
710131,0.90839785
710132,0.11096977
710133,0.98224473
710134,0.16423354
710135,0.019759867
710136,0.9502544
710137,0.007080024
710138,0.88063276
710139,0.8038951
710140,0.9828326
710141,0.049175087
710142,0.98504204
710143,0.19463374
710144,0.019872773
710145,0.03905709
710146,0.1082273
710147,0.94541955
710148,0.002139247
710149,0.4919335
710150,0.9925548
710151,0.99757826
710152,0.008490722
710153,0.95037323
710154,0.9976358
710155,0.03706288
710156,0.99525833
710157,0.010520771
710158,0.37176877
710159,0.7529594
710160,0.6913861
710161,0.24582039
710162,0.44596922
710163,0.005550198
710164,0.008667636
710165,0.6969904
710166,0.052064728
710167,0.99931294
710168,0.62263316
710169,0.99850786
710170,0.2725448
710171,0.9945445
710172,0.03109415
710173,0.42394945
710174,0.00089200895
710175,0.019492347
710176,0.008735457
710177,0.097595975
710178,0.9949684
710179,0.937389
710180,0.85493094
710181,0.95411456
710182,0.97361714
710183,0.9947202
710184,0.048099082
710185,0.09316939
710186,0.676558
710187,0.03177132
710188,0.101356715
710189,0.98443943
710190,0.99536014
710191,0.0728645
710192,0.9456316
710193,0.5249895
710194,0.007454583
710195,0.9793358
710196,0.9129168
710197,0.83784974
710198,0.74861443
710199,0.96579766
710200,0.6743907
710201,0.017979238
710202,0.94025254
710203,0.09915067
710204,0.99327004
710205,0.010745674
710206,0.022470744
710207,0.6718546
710208,0.51023686
710209,0.9813705
710210,0.84155345
710211,0.4760474
710212,0.96842945
710213,0.9747714
710214,0.9696931
710215,0.30876505
710216,0.78517616
710217,0.46308827
710218,0.41316026
710219,0.007964344
710220,0.9556426
710221,0.08201481
710222,0.006114176
710223,0.9988127
710224,0.014889423
710225,0.04643714
710226,0.99708575
710227,0.9821474
710228,0.003192433
710229,0.2635381
710230,0.43728447
710231,0.39805764
710232,0.20426324
710233,0.84245944
710234,0.07805294
710235,0.0053751897
710236,0.8220401
710237,0.012188727
710238,0.031195123
710239,0.019397397
710240,0.6941149
710241,0.7983638
710242,0.067888916
710243,0.9750776
710244,0.008073179
710245,0.98865867
710246,0.90345305
710247,0.5013082
710248,0.9376541
710249,0.98132557
710250,0.90719354
710251,0.0064086746
710252,0.053093925
710253,0.46522316
710254,0.02459209
710255,0.990194
710256,0.009348203
710257,0.75872546
710258,0.0021845207
710259,0.32277608
710260,0.020146808
710261,0.01113159
710262,0.011997792
710263,0.021972023
710264,0.009703383
710265,0.00043658982
710266,0.92611176
710267,0.95595807
710268,0.9744295
710269,0.96474445
710270,0.021467738
710271,0.29849985
710272,0.91078395
710273,0.029039325
710274,0.210742
710275,0.9908699
710276,0.7105467
710277,0.017492173
710278,0.9826573
710279,0.8192845
710280,0.7142614
710281,0.12206667
710282,0.9851879
710283,0.12327675
710284,0.006641415
710285,0.018145874
710286,0.95196366
710287,0.99740016
710288,0.9297052
710289,0.0018724152
710290,0.0064668325
710291,0.98744583
710292,0.12778765
710293,0.9962443
710294,0.9603456
710295,0.93580556
710296,0.9062656
710297,0.01104513
710298,0.0147359725
710299,0.0023040643
710300,0.008103797
710301,0.0021391374
710302,0.7446138
710303,0.5509599
710304,0.9864046
710305,0.71680737
710306,0.28350246
710307,0.97828186
710308,0.8844299
710309,0.9265456
710310,0.08109176
710311,0.15433368
710312,0.87666386
710313,0.028052233
710314,0.01098847
710315,0.05214868
710316,0.00064110494
710317,0.9765636
710318,0.011403866
710319,0.08434198
710320,0.3237932
710321,0.9432353
710322,0.0034710648
710323,0.008480989
710324,0.03820643
710325,0.9975142
710326,0.91299295
710327,0.4265756
710328,0.0069156857
710329,0.99493486
710330,0.98372185
710331,0.35371295
710332,0.9968079
710333,0.04188633
710334,0.6680447
710335,0.17433554
710336,0.017891996
710337,0.002385043
710338,0.003979425
710339,0.016684446
710340,0.008278771
710341,0.99230087
710342,0.7651401
710343,0.94579923
710344,0.3821041
710345,0.03842687
710346,0.97411036
710347,0.66266954
710348,0.9736067
710349,0.99750036
710350,0.9904326
710351,0.9816363
710352,0.018250046
710353,0.047480997
710354,0.00895069
710355,0.99795324
710356,0.028789641
710357,0.19129823
710358,0.98108584
710359,0.15346369
710360,0.07009897
710361,0.9228445
710362,0.004541804
710363,0.99119496
710364,0.007040687
710365,0.23269323
710366,0.34159338
710367,0.7384857
710368,0.11492346
710369,0.64878714
710370,0.9951814
710371,0.0027641752
710372,0.6897683
710373,0.031543627
710374,0.98375607
710375,0.9902753
710376,0.057000447
710377,0.98959845
710378,0.0220701
710379,0.98122716
710380,0.9782198
710381,0.9982213
710382,0.09950057
710383,0.0129327
710384,0.958133
710385,0.86939996
710386,0.26483652
710387,0.03436408
710388,0.99758196
710389,0.021369915
710390,0.664376
710391,0.9946725
710392,0.094172254
710393,0.24803919
710394,0.051313158
710395,0.9840841
710396,0.10946216
710397,0.936322
710398,0.9664775
710399,0.99396086
710400,0.00041470997
710401,0.017118407
710402,0.97081196
710403,0.02068976
710404,0.049049046
710405,0.9595481
710406,0.8669908
710407,0.4093594
710408,0.1859736
710409,0.07652928
710410,0.9604771
710411,0.048598647
710412,0.71404546
710413,0.93684024
710414,0.9964218
710415,0.9937319
710416,0.9972111
710417,0.6824071
710418,0.007381462
710419,0.009841356
710420,0.9903146
710421,0.04253682
710422,0.9975997
710423,0.2480376
710424,0.022623438
710425,0.3712718
710426,0.33066446
710427,0.19413613
710428,0.9899268
710429,0.9223566
710430,0.94784427
710431,0.9203578
710432,0.0055501135
710433,0.09929377
710434,0.009126183
710435,0.99605834
710436,0.0072275735
710437,0.70697284
710438,0.3260709
710439,0.06349201
710440,0.99244833
710441,0.9321666
710442,0.17897362
710443,0.9804076
710444,0.006368733
710445,0.122331984
710446,0.0629569
710447,0.9737952
710448,0.022390172
710449,0.7213471
710450,0.9242727
710451,0.9709256
710452,0.81894386
710453,0.12621704
710454,0.98667264
710455,0.9175099
710456,0.50176257
710457,0.06892925
710458,0.98203015
710459,0.92898965
710460,0.99268055
710461,0.4719448
710462,0.0042882846
710463,0.0067143347
710464,0.09226815
710465,0.5537294
710466,0.9985411
710467,0.024722267
710468,0.9125004
710469,0.99495876
710470,0.33242148
710471,0.021967407
710472,0.90199745
710473,0.018428825
710474,0.0318915
710475,0.031244365
710476,0.8427106
710477,0.02052301
710478,0.99890584
710479,0.9933162
710480,0.01513658
710481,0.56516206
710482,0.1895873
710483,0.119274646
710484,0.99724793
710485,0.8453233
710486,0.14341757
710487,0.2547047
710488,0.70775115
710489,0.984122
710490,0.07834044
710491,0.080246665
710492,0.99696016
710493,0.98885864
710494,0.13117191
710495,0.8662733
710496,0.91276276
710497,0.8864111
710498,0.012379939
710499,0.9270622
710500,0.21333268
710501,0.023081744
710502,0.69010323
710503,0.98182046
710504,0.9506891
710505,0.027583407
710506,0.044640712
710507,0.09010633
710508,0.971343
710509,0.08182198
710510,0.96382725
710511,0.9934383
710512,0.39102176
710513,0.057097632
710514,0.0038567164
710515,0.7809004
710516,0.2759737
710517,0.9657978
710518,0.1573011
710519,0.12091201
710520,0.1853881
710521,0.004159348
710522,0.9774543
710523,0.010682856
710524,0.1092394
710525,0.41142625
710526,0.07910149
710527,0.75168985
710528,0.0440748
710529,0.78134644
710530,0.06296164
710531,0.5774819
710532,0.00687252
710533,0.009148161
710534,0.018831447
710535,0.50111645
710536,0.19120783
710537,0.032917827
710538,0.003942631
710539,0.041053783
710540,0.92900187
710541,0.9956203
710542,0.090407446
710543,0.5654122
710544,0.03292721
710545,0.19834967
710546,0.008753923
710547,0.067581244
710548,0.03928019
710549,0.9817136
710550,0.008867372
710551,0.3519855
710552,0.5528309
710553,0.064574555
710554,0.9770099
710555,0.9591511
710556,0.104364105
710557,0.19300334
710558,0.0046278737
710559,0.94495606
710560,0.98534644
710561,0.51519424
710562,0.07528826
710563,0.69841254
710564,0.15589328
710565,0.1208219
710566,0.004345186
710567,0.5284394
710568,0.879263
710569,0.004670008
710570,0.926819
710571,0.9944829
710572,0.33917394
710573,0.9937041
710574,0.99495035
710575,0.008997414
710576,0.5382884
710577,0.1027698
710578,0.8796296
710579,0.11283518
710580,0.06475922
710581,0.2084013
710582,0.9865898
710583,0.022102442
710584,0.36561862
710585,0.7997522
710586,0.024759453
710587,0.9879216
710588,0.2594998
710589,0.9350449
710590,0.9968096
710591,0.006159731
710592,0.9056798
710593,0.056891818
710594,0.012576001
710595,0.96103656
710596,0.99729264
710597,0.9098709
710598,0.3452394
710599,0.011291987
710600,0.073974766
710601,0.99908185
710602,0.49493515
710603,0.057908982
710604,0.15746921
710605,0.3434309
710606,0.28451374
710607,0.39940807
710608,0.05868831
710609,0.004179733
710610,0.98851883
710611,0.25517008
710612,0.91474855
710613,0.22579129
710614,0.23009686
710615,0.005355301
710616,0.68412006
710617,0.22869232
710618,0.10949797
710619,0.9847571
710620,0.9411452
710621,0.8992668
710622,0.9161445
710623,0.9952428
710624,0.18688151
710625,0.5900716
710626,0.044376712
710627,0.015320573
710628,0.022209287
710629,0.2142391
710630,0.38695228
710631,0.11382046
710632,0.005935222
710633,0.97599375
710634,0.9579119
710635,0.060793422
710636,0.8617045
710637,0.056305945
710638,0.26657483
710639,0.017551381
710640,0.04409678
710641,0.053876564
710642,0.41078886
710643,0.9946395
710644,0.96445197
710645,0.056456108
710646,0.99301046
710647,0.012353956
710648,0.019633485
710649,0.97789025
710650,0.048042603
710651,0.014690432
710652,0.5295584
710653,0.1636508
710654,0.0042983703
710655,0.036722384
710656,0.01563811
710657,0.2874557
710658,0.94051206
710659,0.057505228
710660,0.027957542
710661,0.25230446
710662,0.8261123
710663,0.039714523
710664,0.09418843
710665,0.09256211
710666,0.12991303
710667,0.13998264
710668,0.6522656
710669,0.009032079
710670,0.016228154
710671,0.95446527
710672,0.0023365128
710673,0.0027355882
710674,0.25511408
710675,0.9990304
710676,0.013881489
710677,0.37806803
710678,0.03850751
710679,0.112224124
710680,0.34939462
710681,0.99793905
710682,0.9969451
710683,0.9986549
710684,0.06138046
710685,0.7355475
710686,0.6815814
710687,0.015366817
710688,0.14928505
710689,0.9065535
710690,0.9883493
710691,0.052342772
710692,0.90422845
710693,0.008859087
710694,0.027727427
710695,0.5457181
710696,0.052456915
710697,0.9556092
710698,0.040902
710699,0.032838333
710700,0.013214851
710701,0.6346321
710702,0.01041542
710703,0.9284309
710704,0.52155197
710705,0.07623079
710706,0.101107314
710707,0.027787365
710708,0.04047127
710709,0.9951995
710710,0.8725111
710711,0.98627615
710712,0.8803909
710713,0.01307633
710714,0.17279068
710715,0.029595785
710716,0.9931075
710717,0.034094892
710718,0.008498446
710719,0.0130379805
710720,0.92835176
710721,0.9213653
710722,0.010243824
710723,0.9964911
710724,0.055885598
710725,0.9771754
710726,0.9879516
710727,0.9940284
710728,0.39109623
710729,0.5871937
710730,0.048154578
710731,0.928274
710732,0.27023977
710733,0.14914754
710734,0.63761306
710735,0.9955249
710736,0.666529
710737,0.018730786
710738,0.3418661
710739,0.21808475
710740,0.2922855
710741,0.17151944
710742,0.9950664
710743,0.997421
710744,0.97415906
710745,0.0045348085
710746,0.45243847
710747,0.7463528
710748,0.08401798
710749,0.0022199897
710750,0.14488098
710751,0.7032016
710752,0.07704331
710753,0.030530464
710754,0.7065278
710755,0.97629595
710756,0.9610906
710757,0.99420583
710758,0.51177466
710759,0.9324442
710760,0.16332555
710761,0.08627622
710762,0.0035863584
710763,0.97530836
710764,0.9660791
710765,0.1793162
710766,0.4384754
710767,0.019928293
710768,0.8008332
710769,0.7383034
710770,0.90821844
710771,0.9959295
710772,0.52382696
710773,0.9979855
710774,0.94001484
710775,0.047750924
710776,0.15190004
710777,0.08071489
710778,0.028861497
710779,0.0032328388
710780,0.688299
710781,0.07203744
710782,0.96629035
710783,0.96342826
710784,0.1180297
710785,0.013471051
710786,0.93397236
710787,0.96075416
710788,0.005721603
710789,0.080474555
710790,0.023421802
710791,0.87094474
710792,0.6620749
710793,0.966275
710794,0.9927826
710795,0.025146801
710796,0.99561363
710797,0.03845888
710798,0.42265716
710799,0.7435684
710800,0.5503676
710801,0.9599978
710802,0.0021609317
710803,0.20659123
710804,0.99566054
710805,0.3183475
710806,0.5016161
710807,0.88096184
710808,0.9703708
710809,0.30094707
710810,0.752808
710811,0.23980096
710812,0.5774678
710813,0.94321734
710814,0.06337623
710815,0.01564762
710816,0.9968784
710817,0.98730195
710818,0.99472904
710819,0.22292492
710820,0.06802632
710821,0.013666628
710822,0.26193735
710823,0.33640462
710824,0.10594762
710825,0.99073845
710826,0.5964459
710827,0.6851989
710828,0.9910114
710829,0.60259974
710830,0.36927897
710831,0.9457363
710832,0.31284896
710833,0.11448074
710834,0.8575103
710835,0.0010596557
710836,0.0062266514
710837,0.9813607
710838,0.97607255
710839,0.77465194
710840,0.99083626
710841,0.6731361
710842,0.9916059
710843,0.98796076
710844,0.96859443
710845,0.90944195
710846,0.6482325
710847,0.7370123
710848,0.028322332
710849,0.028514737
710850,0.69821423
710851,0.99789166
710852,0.2594811
710853,0.9974713
710854,0.03706542
710855,0.11121686
710856,0.0046678614
710857,0.047935136
710858,0.003270307
710859,0.9832801
710860,0.0041628345
710861,0.03398832
710862,0.005780622
710863,0.013043705
710864,0.8963866
710865,0.018173432
710866,0.88205576
710867,0.9825692
710868,0.05679307
710869,0.9754993
710870,0.9923972
710871,0.07930129
710872,0.30278307
710873,0.9837933
710874,0.060029715
710875,0.5137197
710876,0.01170612
710877,0.078379326
710878,0.93902755
710879,0.07301493
710880,0.0006265611
710881,0.9359729
710882,0.22953473
710883,0.97342664
710884,0.68281555
710885,0.039350037
710886,0.01477012
710887,0.014355278
710888,0.6667592
710889,0.998619
710890,0.006911992
710891,0.18822001
710892,0.83129793
710893,0.99350566
710894,0.011532895
710895,0.043881945
710896,0.17627639
710897,0.7938309
710898,0.85407376
710899,0.9990587
710900,0.29657063
710901,0.009048201
710902,0.040278953
710903,0.9817775
710904,0.040199958
710905,0.0028565773
710906,0.2676989
710907,0.023664298
710908,0.25647947
710909,0.07490164
710910,0.20054513
710911,0.22167934
710912,0.8577677
710913,0.9563305
710914,0.01450295
710915,0.9959361
710916,0.087945685
710917,0.12934487
710918,0.020826932
710919,0.0027608222
710920,0.7817614
710921,0.045077212
710922,0.0054907086
710923,0.9590236
710924,0.04872538
710925,0.24950103
710926,0.022545712
710927,0.2666505
710928,0.99480605
710929,0.9926549
710930,0.019410502
710931,0.05312928
710932,0.907762
710933,0.036321543
710934,0.9339681
710935,0.09246929
710936,0.9967906
710937,0.006811237
710938,0.9845207
710939,0.068245865
710940,0.9685255
710941,0.980543
710942,0.011144039
710943,0.9531152
710944,0.97289705
710945,0.0539734
710946,0.04931377
710947,0.26689425
710948,0.98224634
710949,0.022119105
710950,0.20065728
710951,0.4431464
710952,0.007204407
710953,0.96555567
710954,0.99519366
710955,0.9731102
710956,0.16204326
710957,0.56791353
710958,0.9297255
710959,0.99038774
710960,0.012090359
710961,0.008999943
710962,0.388167
710963,0.011638296
710964,0.04166908
710965,0.13561633
710966,0.9978926
710967,0.19062698
710968,0.9476496
710969,0.009928994
710970,0.97715855
710971,0.037484832
710972,0.016097078
710973,0.008809606
710974,0.0958675
710975,0.9718219
710976,0.108156845
710977,0.0945177
710978,0.7068831
710979,0.011009576
710980,0.029290617
710981,0.5985018
710982,0.70326656
710983,0.008935306
710984,0.023437403
710985,0.9732034
710986,0.5326854
710987,0.8194352
710988,0.013792194
710989,0.94679976
710990,0.040936105
710991,0.44105738
710992,0.4760213
710993,0.008947595
710994,0.94592744
710995,0.731112
710996,0.008392249
710997,0.9956346
710998,0.4038233
710999,0.00365517
711000,0.14247283
711001,0.85215825
711002,0.60396856
711003,0.007798096
711004,0.39474657
711005,0.14625621
711006,0.0102268895
711007,0.026022129
711008,0.04947353
711009,0.92675185
711010,0.8557037
711011,0.053324193
711012,0.1391317
711013,0.9757501
711014,0.03612665
711015,0.18172206
711016,0.031822164
711017,0.018746305
711018,0.20259927
711019,0.9971175
711020,0.4673882
711021,0.09407244
711022,0.020372862
711023,0.99824417
711024,0.02007934
711025,0.36244273
711026,0.24783143
711027,0.5545481
711028,0.03394055
711029,0.36638734
711030,0.9143918
711031,0.9541314
711032,0.028073344
711033,0.032337643
711034,0.9638033
711035,0.99841577
711036,0.643469
711037,0.46900156
711038,0.16052501
711039,0.29841447
711040,0.86005086
711041,0.16181932
711042,0.025632406
711043,0.91484505
711044,0.04388412
711045,0.9086921
711046,0.81967235
711047,0.064919755
711048,0.13546047
711049,0.19867747
711050,0.036410864
711051,0.048870213
711052,0.004642989
711053,0.76431143
711054,0.022099309
711055,0.9833289
711056,0.07312658
711057,0.19053668
711058,0.01984188
711059,0.99190533
711060,0.062657334
711061,0.029678946
711062,0.034996405
711063,0.99325
711064,0.060361348
711065,0.30145174
711066,0.055669032
711067,0.09086871
711068,0.35657626
711069,0.97483253
711070,0.97531736
711071,0.04168166
711072,0.77383655
711073,0.9974116
711074,0.10185484
711075,0.0137865
711076,0.012194901
711077,0.9930158
711078,0.10539609
711079,0.16745624
711080,0.99736667
711081,0.057592437
711082,0.02271341
711083,0.7962883
711084,0.073903486
711085,0.9924455
711086,0.9289913
711087,0.96350974
711088,0.0050512003
711089,0.96632504
711090,0.7965104
711091,0.06418213
711092,0.007204164
711093,0.39712477
711094,0.96304655
711095,0.9755287
711096,0.76447886
711097,0.45724565
711098,0.02876363
711099,0.9946841
711100,0.12750848
711101,0.07966823
711102,0.07438017
711103,0.02034092
711104,0.8583201
711105,0.5510967
711106,0.0071885255
711107,0.0047797705
711108,0.009369368
711109,0.92120814
711110,0.016630013
711111,0.51599896
711112,0.0031317507
711113,0.90679204
711114,0.0258762
711115,0.019037483
711116,0.25985
711117,0.004009498
711118,0.5382732
711119,0.985057
711120,0.734946
711121,0.7534771
711122,0.44175214
711123,0.40354282
711124,0.17037047
711125,0.014032188
711126,0.0050120773
711127,0.82873785
711128,0.99471277
711129,0.9757447
711130,0.17613113
711131,0.033671573
711132,0.9662236
711133,0.9434406
711134,0.9838912
711135,0.008468425
711136,0.94808596
711137,0.016241591
711138,0.97483754
711139,0.9726904
711140,0.97533816
711141,0.44735354
711142,0.9932833
711143,0.93272346
711144,0.14683914
711145,0.0027706681
711146,0.9889542
711147,0.017018016
711148,0.0109675415
711149,0.9478696
711150,0.9874124
711151,0.16254112
711152,0.024690978
711153,0.17521225
711154,0.9888189
711155,0.98956263
711156,0.08782519
711157,0.085976765
711158,0.09911869
711159,0.06888062
711160,0.9776422
711161,0.8369688
711162,0.088114984
711163,0.9564843
711164,0.017670376
711165,0.9867346
711166,0.8807368
711167,0.9831229
711168,0.023057988
711169,0.6916912
711170,0.98908234
711171,0.26791716
711172,0.046847083
711173,0.094068274
711174,0.9965413
711175,0.671024
711176,0.20487352
711177,0.04148397
711178,0.019740403
711179,0.9790049
711180,0.85115534
711181,0.9768775
711182,0.9871852
711183,0.18059754
711184,0.98710734
711185,0.052893315
711186,0.06713332
711187,0.97712445
711188,0.5103322
711189,0.40540823
711190,0.78248745
711191,0.024455003
711192,0.011676017
711193,0.9809424
711194,0.10425994
711195,0.9846188
711196,0.55532753
711197,0.013811644
711198,0.08197377
711199,0.01732674
711200,0.07951175
711201,0.012898594
711202,0.026461728
711203,0.13257474
711204,0.9524537
711205,0.00448854
711206,0.98719347
711207,0.11057161
711208,0.95112205
711209,0.9687795
711210,0.9646133
711211,0.017628305
711212,0.9553419
711213,0.1214816
711214,0.050278075
711215,0.4174623
711216,0.9934608
711217,0.2028896
711218,0.010759255
711219,0.98745066
711220,0.021637086
711221,0.16963485
711222,0.9693086
711223,0.81626433
711224,0.042055067
711225,0.087757096
711226,0.54464835
711227,0.55058265
711228,0.20380723
711229,0.97492516
711230,0.038170792
711231,0.0064323666
711232,0.37795722
711233,0.029301897
711234,0.33258998
711235,0.18806955
711236,0.9413813
711237,0.42186308
711238,0.56573457
711239,0.93929017
711240,0.40851116
711241,0.8826785
711242,0.025816567
711243,0.9862758
711244,0.9919417
711245,0.053133592
711246,0.87621623
711247,0.8449426
711248,0.043779626
711249,0.2742421
711250,0.9859335
711251,0.94880414
711252,0.07725117
711253,0.016803864
711254,0.0421094
711255,0.010114668
711256,0.9669652
711257,0.018648136
711258,0.9860706
711259,0.0034355777
711260,0.6049113
711261,0.5125625
711262,0.19216439
711263,0.84165657
711264,0.46042904
711265,0.036881767
711266,0.023525467
711267,0.81279665
711268,0.0143312495
711269,0.60306185
711270,0.0025170401
711271,0.06470722
711272,0.98728144
711273,0.047564425
711274,0.97698003
711275,0.9976069
711276,0.027918875
711277,0.0118772695
711278,0.44517154
711279,0.39047045
711280,0.010763402
711281,0.042975917
711282,0.5779092
711283,0.8621373
711284,0.0049124197
711285,0.046924572
711286,0.24832943
711287,0.027024923
711288,0.018560205
711289,0.0061587906
711290,0.690887
711291,0.9639437
711292,0.04867013
711293,0.9965893
711294,0.96627855
711295,0.76056176
711296,0.022554116
711297,0.0023981987
711298,0.99799967
711299,0.014646172
711300,0.91310424
711301,0.237636
711302,0.9684909
711303,0.69369346
711304,0.8624072
711305,0.8705576
711306,0.99508303
711307,0.9461907
711308,0.00809209
711309,0.9549577
711310,0.53321
711311,0.9907772
711312,0.51461315
711313,0.9881311
711314,0.9590123
711315,0.0057851346
711316,0.0634453
711317,0.9885651
711318,0.5525499
711319,0.98549473
711320,0.0148227485
711321,0.06343675
711322,0.016836857
711323,0.9927643
711324,0.98603636
711325,0.04283009
711326,0.8442385
711327,0.7989744
711328,0.027871918
711329,0.8968872
711330,0.8792498
711331,0.00481099
711332,0.99408334
711333,0.14524366
711334,0.003335733
711335,0.97197056
711336,0.0064257854
711337,0.008503314
711338,0.9295004
711339,0.9954723
711340,0.95869815
711341,0.025139172
711342,0.020647392
711343,0.13058728
711344,0.8574846
711345,0.107318476
711346,0.11496676
711347,0.049383983
711348,0.011530796
711349,0.9937208
711350,0.03550565
711351,0.24373244
711352,0.98348
711353,0.35813704
711354,0.081215285
711355,0.99695045
711356,0.12633982
711357,0.061522
711358,0.017276846
711359,0.9618598
711360,0.018981727
711361,0.16721763
711362,0.99712014
711363,0.1988287
711364,0.01982275
711365,0.07476008
711366,0.017664509
711367,0.82861054
711368,0.022663955
711369,0.97941285
711370,0.14030099
711371,0.8076546
711372,0.7727736
711373,0.9961547
711374,0.8863791
711375,0.7011029
711376,0.09453
711377,0.9922894
711378,0.0063615576
711379,0.8664034
711380,0.87421185
711381,0.05596914
711382,0.022771675
711383,0.99330807
711384,0.0052629313
711385,0.09671761
711386,0.92725104
711387,0.28139484
711388,0.889852
711389,0.9742452
711390,0.0039390023
711391,0.025010549
711392,0.0050841114
711393,0.08767889
711394,0.9862195
711395,0.003845775
711396,0.9004849
711397,0.8761258
711398,0.018178789
711399,0.004344709
711400,0.49753186
711401,0.21459132
711402,0.13093969
711403,0.33082944
711404,0.9131406
711405,0.97730327
711406,0.94218135
711407,0.9860542
711408,0.63055456
711409,0.9620607
711410,0.9963232
711411,0.3841275
711412,0.6103343
711413,0.8846888
711414,0.015807224
711415,0.5335158
711416,0.0044652186
711417,0.9014873
711418,0.2719515
711419,0.9831316
711420,0.9389106
711421,0.10787569
711422,0.008018593
711423,0.99634254
711424,0.036813274
711425,0.009185573
711426,0.017144205
711427,0.008440432
711428,0.99671257
711429,0.17300203
711430,0.17147332
711431,0.36675996
711432,0.39394704
711433,0.005562977
711434,0.9767878
711435,0.6263661
711436,0.2643234
711437,0.9944027
711438,0.97341895
711439,0.70075166
711440,0.13851003
711441,0.8427433
711442,0.97276837
711443,0.0057029664
711444,0.7476077
711445,0.21568565
711446,0.67506546
711447,0.3809582
711448,0.032039545
711449,0.47984785
711450,0.9869757
711451,0.90043646
711452,0.035346206
711453,0.6020678
711454,0.019994345
711455,0.013243248
711456,0.9749605
711457,0.77792954
711458,0.02128309
711459,0.11158481
711460,0.025452532
711461,0.90405864
711462,0.003990366
711463,0.9724084
711464,0.43253955
711465,0.99907994
711466,0.8336128
711467,0.67839915
711468,0.0073876586
711469,0.9341972
711470,0.37990075
711471,0.9626108
711472,0.9887332
711473,0.08284138
711474,0.95934427
711475,0.015778966
711476,0.026436735
711477,0.021483645
711478,0.07803693
711479,0.5424338
711480,0.040722642
711481,0.666024
711482,0.96241677
711483,0.7125824
711484,0.97369677
711485,0.05637948
711486,0.7144844
711487,0.98963857
711488,0.98348635
711489,0.00423548
711490,0.9667952
711491,0.26685923
711492,0.30825585
711493,0.09407374
711494,0.0446505
711495,0.6944094
711496,0.25718772
711497,0.9341457
711498,0.54712176
711499,0.008364843
711500,0.5007337
711501,0.8367847
711502,0.9880389
711503,0.8194906
711504,0.2966347
711505,0.04390221
711506,0.37895334
711507,0.93040097
711508,0.42676282
711509,0.90935355
711510,0.99592924
711511,0.8805057
711512,0.022294179
711513,0.0013452838
711514,0.8082648
711515,0.017406246
711516,0.672812
711517,0.9793433
711518,0.982304
711519,0.8396405
711520,0.42277938
711521,0.9339875
711522,0.9042776
711523,0.905035
711524,0.12703796
711525,0.12451814
711526,0.88500684
711527,0.08646976
711528,0.9459836
711529,0.02356057
711530,0.021676939
711531,0.011504814
711532,0.23360807
711533,0.9974015
711534,0.74487895
711535,0.011240208
711536,0.76552343
711537,0.025476918
711538,0.007461955
711539,0.9896945
711540,0.931914
711541,0.9652436
711542,0.026245493
711543,0.10576766
711544,0.18567365
711545,0.026977504
711546,0.9460995
711547,0.94442314
711548,0.92508924
711549,0.1023815
711550,0.095619164
711551,0.97792566
711552,0.04214899
711553,0.016536267
711554,0.027328994
711555,0.075360894
711556,0.7595139
711557,0.04652425
711558,0.11016508
711559,0.9745156
711560,0.72633696
711561,0.8958103
711562,0.009403189
711563,0.0031718218
711564,0.043754257
711565,0.9011854
711566,0.98891944
711567,0.9595733
711568,0.9893209
711569,0.98913664
711570,0.88354
711571,0.59832066
711572,0.013789713
711573,0.5621042
711574,0.010100022
711575,0.030678537
711576,0.79934865
711577,0.14110114
711578,0.9985655
711579,0.013223996
711580,0.8572358
711581,0.007959124
711582,0.036225766
711583,0.7852901
711584,0.76681024
711585,0.603449
711586,0.026615702
711587,0.0055325683
711588,0.9953819
711589,0.116061315
711590,0.6410268
711591,0.86606944
711592,0.010054542
711593,0.055602156
711594,0.7553005
711595,0.99421906
711596,0.007726089
711597,0.9845938
711598,0.124271244
711599,0.99308723
711600,0.20888758
711601,0.99930674
711602,0.006052371
711603,0.08753815
711604,0.9839781
711605,0.9854374
711606,0.9794677
711607,0.9058418
711608,0.05000262
711609,0.93139315
711610,0.593736
711611,0.0026517068
711612,0.0675589
711613,0.82598937
711614,0.62914497
711615,0.9992135
711616,0.99312675
711617,0.034092993
711618,0.34016314
711619,0.9752804
711620,0.983266
711621,0.32420957
711622,0.13703987
711623,0.71441686
711624,0.92436206
711625,0.27072322
711626,0.0418363
711627,0.96685714
711628,0.8779683
711629,0.9668958
711630,0.99578387
711631,0.01952943
711632,0.9768199
711633,0.98319197
711634,0.04716191
711635,0.9182786
711636,0.008323639
711637,0.9890504
711638,0.97547364
711639,0.49797136
711640,0.046621285
711641,0.043179717
711642,0.6623029
711643,0.9981127
711644,0.7693809
711645,0.048407562
711646,0.014868351
711647,0.019326743
711648,0.9825991
711649,0.0051883142
711650,0.014256668
711651,0.016517814
711652,0.64320505
711653,0.033809643
711654,0.9838289
711655,0.7061097
711656,0.07160579
711657,0.038207095
711658,0.9804282
711659,0.9963466
711660,0.9659143
711661,0.2015638
711662,0.1141556
711663,0.1344956
711664,0.60779047
711665,0.018587144
711666,0.009559828
711667,0.97986555
711668,0.9981918
711669,0.025569897
711670,0.9432766
711671,0.049536854
711672,0.0050401315
711673,0.018766113
711674,0.59161794
711675,0.01993661
711676,0.0063624606
711677,0.19350863
711678,0.99125063
711679,0.9129971
711680,0.027224412
711681,0.21400324
711682,0.48640913
711683,0.012469964
711684,0.5659543
711685,0.93371975
711686,0.005942148
711687,0.009568166
711688,0.5340327
711689,0.023450393
711690,0.18029766
711691,0.6130122
711692,0.97342354
711693,0.122135624
711694,0.020514984
711695,0.47869855
711696,0.90717953
711697,0.020126149
711698,0.999184
711699,0.08434183
711700,0.99853104
711701,0.7148803
711702,0.9948646
711703,0.06189202
711704,0.13987271
711705,0.860571
711706,0.6607875
711707,0.09015799
711708,0.84475684
711709,0.033714335
711710,0.73913336
711711,0.10901681
711712,0.09764984
711713,0.10107312
711714,0.38295624
711715,0.8417319
711716,0.9978429
711717,0.6863556
711718,0.014217465
711719,0.28196257
711720,0.95577353
711721,0.774927
711722,0.109827064
711723,0.57602686
711724,0.028300475
711725,0.13758993
711726,0.23382418
711727,0.035982486
711728,0.3868647
711729,0.97636616
711730,0.08675669
711731,0.01563438
711732,0.99708486
711733,0.8756714
711734,0.0073151295
711735,0.0016496466
711736,0.0060271956
711737,0.03470501
711738,0.0018114303
711739,0.52211666
711740,0.019159386
711741,0.22799872
711742,0.6424334
711743,0.009503393
711744,0.9285799
711745,0.013824396
711746,0.009666669
711747,0.9972104
711748,0.0073794974
711749,0.38516963
711750,0.8841786
711751,0.056861248
711752,0.9451294
711753,0.94384515
711754,0.00766973
711755,0.9814971
711756,0.46390668
711757,0.59984016
711758,0.7136298
711759,0.1636781
711760,0.006295685
711761,0.016298419
711762,0.9976807
711763,0.98091924
711764,0.11483294
711765,0.16908717
711766,0.9794698
711767,0.004795759
711768,0.9866758
711769,0.02111997
711770,0.71200854
711771,0.019781237
711772,0.978987
711773,0.87232506
711774,0.9743018
711775,0.982228
711776,0.9745957
711777,0.032397874
711778,0.027900025
711779,0.20671657
711780,0.010926562
711781,0.99340177
711782,0.97902155
711783,0.010367446
711784,0.88785195
711785,0.9527531
711786,0.00612251
711787,0.99000335
711788,0.9621076
711789,0.17588888
711790,0.26216984
711791,0.9861622
711792,0.92979145
711793,0.16648087
711794,0.031938687
711795,0.87290615
711796,0.99774426
711797,0.92173046
711798,0.9270923
711799,0.10663957
711800,0.11472221
711801,0.071375936
711802,0.6366027
711803,0.85220593
711804,0.92669106
711805,0.9978802
711806,0.71777016
711807,0.46955258
711808,0.1602379
711809,0.6140733
711810,0.19787951
711811,0.9945633
711812,0.9734311
711813,0.6527413
711814,0.9460976
711815,0.4005981
711816,0.06174703
711817,0.07884749
711818,0.7443421
711819,0.9839562
711820,0.15898514
711821,0.009720272
711822,0.9840573
711823,0.028609065
711824,0.95726156
711825,0.016708545
711826,0.99954134
711827,0.92546797
711828,0.30757737
711829,0.42607725
711830,0.03694368
711831,0.12645178
711832,0.9802617
711833,0.02803255
711834,0.48016477
711835,0.023562178
711836,0.25215176
711837,0.042131353
711838,0.7309911
711839,0.9250481
711840,0.1938039
711841,0.0049107447
711842,0.08081589
711843,0.9997982
711844,0.12558985
711845,0.4311534
711846,0.84880525
711847,0.9979057
711848,0.029445963
711849,0.86367726
711850,0.3928823
711851,0.99699944
711852,0.008129027
711853,0.077971086
711854,0.99785525
711855,0.97272563
711856,0.016358113
711857,0.77547395
711858,0.011975012
711859,0.9648937
711860,0.21629356
711861,0.1914638
711862,0.942269
711863,0.023331627
711864,0.06599607
711865,0.8255297
711866,0.0395983
711867,0.6607357
711868,0.5249959
711869,0.9991024
711870,0.04461705
711871,0.9522172
711872,0.026996247
711873,0.97094667
711874,0.035630528
711875,0.88314515
711876,0.00467941
711877,0.9756026
711878,0.45546013
711879,0.94440794
711880,0.4253781
711881,0.9592208
711882,0.04761012
711883,0.09611175
711884,0.0057677934
711885,0.73759717
711886,0.98878634
711887,0.79036057
711888,0.039231256
711889,0.37386277
711890,0.013845606
711891,0.99438715
711892,0.036148243
711893,0.56976587
711894,0.039473493
711895,0.95001715
711896,0.03875409
711897,0.92780995
711898,0.058258213
711899,0.008256607
711900,0.5494951
711901,0.9907478
711902,0.9981625
711903,0.9848459
711904,0.94309205
711905,0.029841285
711906,0.57923675
711907,0.9968943
711908,0.48057562
711909,0.13253817
711910,0.029195528
711911,0.9923458
711912,0.987128
711913,0.5895616
711914,0.006972336
711915,0.34435743
711916,0.009393122
711917,0.055380616
711918,0.9983938
711919,0.024302144
711920,0.9772769
711921,0.4033992
711922,0.9764105
711923,0.51682734
711924,0.06730091
711925,0.022291742
711926,0.9810416
711927,0.54316115
711928,0.6564274
711929,0.90281373
711930,0.25206664
711931,0.1832523
711932,0.54232657
711933,0.9809667
711934,0.9538541
711935,0.90868735
711936,0.9645775
711937,0.13357112
711938,0.057221424
711939,0.996665
711940,0.8412442
711941,0.6343206
711942,0.03289763
711943,0.99624056
711944,0.9907863
711945,0.125912
711946,0.0076119467
711947,0.86431235
711948,0.0018693433
711949,0.99606806
711950,0.06460804
711951,0.016504886
711952,0.38569656
711953,0.9952054
711954,0.13841578
711955,0.0040950417
711956,0.02017161
711957,0.0132412035
711958,0.008969161
711959,0.7372934
711960,0.052334394
711961,0.97618663
711962,0.06656412
711963,0.95466715
711964,0.23738973
711965,0.20332706
711966,0.009047254
711967,0.95512056
711968,0.051308464
711969,0.51019096
711970,0.9944838
711971,0.99003
711972,0.2576308
711973,0.8741979
711974,0.13649707
711975,0.020653326
711976,0.021164373
711977,0.9987687
711978,0.9755461
711979,0.022904225
711980,0.77418417
711981,0.82419807
711982,0.52449864
711983,0.99884224
711984,0.9792846
711985,0.065725975
711986,0.018497158
711987,0.26648238
711988,0.06939111
711989,0.006912517
711990,0.10523444
711991,0.060173303
711992,0.013101472
711993,0.037195615
711994,0.002109802
711995,0.9709447
711996,0.047555894
711997,0.982528
711998,0.04140505
711999,0.008341305
712000,0.1462508
712001,0.011989035
712002,0.58474183
712003,0.99669576
712004,0.23676321
712005,0.19356547
712006,0.00790604
712007,0.99305457
712008,0.43202415
712009,0.02855566
712010,0.121904396
712011,0.018425427
712012,0.12489903
712013,0.009749956
712014,0.0054498985
712015,0.8397131
712016,0.023929156
712017,0.80365384
712018,0.9937422
712019,0.8841645
712020,0.017239787
712021,0.09239217
712022,0.8455208
712023,0.5900862
712024,0.99617624
712025,0.08236336
712026,0.9799294
712027,0.014694403
712028,0.9952979
712029,0.31670254
712030,0.010131143
712031,0.08213506
712032,0.34731767
712033,0.03403531
712034,0.31032166
712035,0.5844126
712036,0.28155848
712037,0.5496247
712038,0.09464996
712039,0.111375794
712040,0.058299463
712041,0.19608594
712042,0.019250872
712043,0.58540857
712044,0.9594834
712045,0.00498635
712046,0.28355774
712047,0.16029823
712048,0.042565856
712049,0.38382837
712050,0.52058065
712051,0.99772954
712052,0.14982551
712053,0.0020676856
712054,0.12074367
712055,0.026597993
712056,0.5527584
712057,0.24785775
712058,0.030941505
712059,0.044511814
712060,0.024987604
712061,0.0845006
712062,0.57201827
712063,0.7914145
712064,0.7627579
712065,0.012012074
712066,0.004718065
712067,0.5328355
712068,0.010862311
712069,0.91578835
712070,0.46900964
712071,0.0074836565
712072,0.9901102
712073,0.004010562
712074,0.6584907
712075,0.41379312
712076,0.035827693
712077,0.9947162
712078,0.9813415
712079,0.0037918598
712080,0.074983366
712081,0.016926102
712082,0.96252495
712083,0.98555684
712084,0.2817717
712085,0.35713527
712086,0.8922149
712087,0.9705955
712088,0.0026201208
712089,0.9868664
712090,0.04929091
712091,0.030375188
712092,0.8788694
712093,0.025728876
712094,0.9298901
712095,0.1323518
712096,0.54279125
712097,0.09711056
712098,0.34894225
712099,0.04960259
712100,0.99720204
712101,0.29049933
712102,0.0051712133
712103,0.96312284
712104,0.11967859
712105,0.6614878
712106,0.06073966
712107,0.9799981
712108,0.9984822
712109,0.024948295
712110,0.005064694
712111,0.074073166
712112,0.99325645
712113,0.16966204
712114,0.97497565
712115,0.9846945
712116,0.9026739
712117,0.03805066
712118,0.5896841
712119,0.47878528
712120,0.8213905
712121,0.99941856
712122,0.016120598
712123,0.13536926
712124,0.97927696
712125,0.023380373
712126,0.9971639
712127,0.80937225
712128,0.9891575
712129,0.2852718
712130,0.9798319
712131,0.9964593
712132,0.96917766
712133,0.999013
712134,0.0075875856
712135,0.028572716
712136,0.8909508
712137,0.9880811
712138,0.06818998
712139,0.070494935
712140,0.96534455
712141,0.44775605
712142,0.9820812
712143,0.098840535
712144,0.021919698
712145,0.96122617
712146,0.2007541
712147,0.3258109
712148,0.9896203
712149,0.06377234
712150,0.04930344
712151,0.43877232
712152,0.7369069
712153,0.24268007
712154,0.11340313
712155,0.98463774
712156,0.12876713
712157,0.9383958
712158,0.007115021
712159,0.25941753
712160,0.01757314
712161,0.9641355
712162,0.0036175512
712163,0.99323976
712164,0.05725693
712165,0.014626955
712166,0.9423958
712167,0.011395538
712168,0.9788589
712169,0.98387235
712170,0.10080226
712171,0.99569666
712172,0.17158064
712173,0.54152733
712174,0.00846976
712175,0.7429475
712176,0.48440722
712177,0.972141
712178,0.93366814
712179,0.012278687
712180,0.16200256
712181,0.7882911
712182,0.7809167
712183,0.18009864
712184,0.002298754
712185,0.6936263
712186,0.97782224
712187,0.74093926
712188,0.0147955045
712189,0.89788336
712190,0.76325655
712191,0.24682294
712192,0.10183999
712193,0.03771441
712194,0.5241987
712195,0.95766294
712196,0.104144566
712197,0.3257416
712198,0.98693407
712199,0.036998298
712200,0.12677477
712201,0.38983247
712202,0.015787102
712203,0.54146445
712204,0.0017752885
712205,0.19971307
712206,0.8083087
712207,0.07833247
712208,0.0862661
712209,0.08869175
712210,0.98839796
712211,0.9208675
712212,0.105901666
712213,0.97940725
712214,0.089252956
712215,0.99830973
712216,0.9844802
712217,0.9960512
712218,0.28488588
712219,0.9991273
712220,0.01567103
712221,0.019548595
712222,0.91786623
712223,0.009272102
712224,0.22412741
712225,0.2991324
712226,0.05497024
712227,0.21598762
712228,0.049416512
712229,0.36628848
712230,0.8040254
712231,0.44747508
712232,0.9432143
712233,0.68816733
712234,0.943257
712235,0.99733377
712236,0.90029556
712237,0.87134844
712238,0.008205333
712239,0.96090865
712240,0.68621826
712241,0.99667865
712242,0.040763326
712243,0.011049904
712244,0.39077646
712245,0.26663965
712246,0.16500023
712247,0.97034913
712248,0.19015011
712249,0.0520958
712250,0.004190651
712251,0.99209756
712252,0.3485989
712253,0.90473956
712254,0.563728
712255,0.041665595
712256,0.014935417
712257,0.7080231
712258,0.016592558
712259,0.079932764
712260,0.9975688
712261,0.9016471
712262,0.7472112
712263,0.988213
712264,0.94591063
712265,0.02563659
712266,0.032949574
712267,0.92306626
712268,0.98401725
712269,0.9691074
712270,0.98948526
712271,0.09174962
712272,0.9603549
712273,0.049121775
712274,0.98923504
712275,0.32905024
712276,0.4346079
712277,0.9808286
712278,0.86796975
712279,0.9503398
712280,0.99368095
712281,0.9966658
712282,0.07700934
712283,0.05381631
712284,0.034261
712285,0.99648327
712286,0.9872681
712287,0.096714646
712288,0.6130804
712289,0.009007287
712290,0.95034677
712291,0.03421977
712292,0.99868464
712293,0.23694557
712294,0.2660273
712295,0.72078824
712296,0.25259775
712297,0.14290956
712298,0.99060273
712299,0.035085134
712300,0.8818583
712301,0.06305691
712302,0.99154466
712303,0.99718195
712304,0.05482419
712305,0.9821222
712306,0.66195613
712307,0.10162229
712308,0.028884206
712309,0.02102403
712310,0.848752
712311,0.15681031
712312,0.43953654
712313,0.0023965323
712314,0.9834649
712315,0.0226231
712316,0.16351278
712317,0.8362551
712318,0.02939399
712319,0.8854485
712320,0.0026699605
712321,0.31223062
712322,0.97289306
712323,0.9994134
712324,0.0009713323
712325,0.26019347
712326,0.45453632
712327,0.004782836
712328,0.017168174
712329,0.8712978
712330,0.006371418
712331,0.99829316
712332,0.0036930204
712333,0.028054178
712334,0.5207474
712335,0.15192053
712336,0.87717694
712337,0.77063966
712338,0.15800837
712339,0.98048675
712340,0.027807418
712341,0.062331755
712342,0.977439
712343,0.028658254
712344,0.7947774
712345,0.82488406
712346,0.9963436
712347,0.71751976
712348,0.8417459
712349,0.024180654
712350,0.797712
712351,0.07465077
712352,0.894701
712353,0.0218728
712354,0.9656425
712355,0.018611774
712356,0.96646607
712357,0.9775264
712358,0.9718739
712359,0.9863065
712360,0.103381485
712361,0.99224126
712362,0.95546395
712363,0.9914072
712364,0.42419598
712365,0.029403124
712366,0.077333905
712367,0.012529063
712368,0.9213818
712369,0.9538743
712370,0.26528454
712371,0.9811338
712372,0.97472084
712373,0.0016839202
712374,0.82191604
712375,0.26469436
712376,0.9945481
712377,0.18574305
712378,0.85101944
712379,0.31847608
712380,0.16437674
712381,0.8156072
712382,0.007081093
712383,0.66708696
712384,0.42072305
712385,0.007960448
712386,0.0049710264
712387,0.99875057
712388,0.011898144
712389,0.07078635
712390,0.024720095
712391,0.9980981
712392,0.0064156726
712393,0.9504825
712394,0.99266654
712395,0.9222734
712396,0.2716783
712397,0.9897875
712398,0.34280297
712399,0.9987813
712400,0.04994634
712401,0.7764781
712402,0.018398108
712403,0.31965366
712404,0.85159373
712405,0.9956157
712406,0.08135072
712407,0.99073607
712408,0.016809821
712409,0.9235438
712410,0.109893665
712411,0.9996468
712412,0.0075853122
712413,0.08163266
712414,0.9610023
712415,0.026165325
712416,0.034039866
712417,0.9182642
712418,0.9939876
712419,0.91510415
712420,0.047323197
712421,0.05159773
712422,0.024785725
712423,0.8127278
712424,0.94449705
712425,0.9776037
712426,0.019805692
712427,0.009550375
712428,0.10617415
712429,0.015493406
712430,0.9759652
712431,0.006962271
712432,0.9423624
712433,0.08518987
712434,0.5592869
712435,0.44235575
712436,0.99962443
712437,0.24573867
712438,0.9862446
712439,0.0016960946
712440,0.048445165
712441,0.16322182
712442,0.8679096
712443,0.16957134
712444,0.011310382
712445,0.99174523
712446,0.96717787
712447,0.036444314
712448,0.9543445
712449,0.9742733
712450,0.028495047
712451,0.51514
712452,0.9968676
712453,0.9867883
712454,0.9966265
712455,0.85080916
712456,0.0132316295
712457,0.39937437
712458,0.86178523
712459,0.9468242
712460,0.9805708
712461,0.25360253
712462,0.25912455
712463,0.060423933
712464,0.22456497
712465,0.030391935
712466,0.8360069
712467,0.9196998
712468,0.28526303
712469,0.97387856
712470,0.8582025
712471,0.9980863
712472,0.3522195
712473,0.7710047
712474,0.08518872
712475,0.9819844
712476,0.12948674
712477,0.0028141197
712478,0.60321844
712479,0.009164406
712480,0.66197765
712481,0.019556541
712482,0.9983591
712483,0.020719515
712484,0.8873949
712485,0.046427444
712486,0.62957555
712487,0.944119
712488,0.99651897
712489,0.0051811934
712490,0.99076605
712491,0.9847326
712492,0.5763347
712493,0.82544506
712494,0.08118118
712495,0.014038456
712496,0.06528826
712497,0.9524311
712498,0.6729326
712499,0.11121243
712500,0.9889797
712501,0.013618954
712502,0.022790618
712503,0.9971503
712504,0.8194091
712505,0.18928072
712506,0.8305563
712507,0.03979114
712508,0.042501427
712509,0.010145161
712510,0.16070774
712511,0.9722908
712512,0.061223745
712513,0.95523196
712514,0.021888893
712515,0.9176717
712516,0.99809957
712517,0.99394715
712518,0.0052759997
712519,0.006025603
712520,0.13760965
712521,0.1141318
712522,0.6409761
712523,0.95918715
712524,0.9594683
712525,0.9605393
712526,0.028897833
712527,0.9914942
712528,0.070487194
712529,0.0016982135
712530,0.29328
712531,0.73042846
712532,0.009467408
712533,0.6860138
712534,0.06989272
712535,0.03725285
712536,0.50505203
712537,0.018160572
712538,0.040097732
712539,0.06699738
712540,0.020085499
712541,0.48300686
712542,0.33414572
712543,0.49687657
712544,0.013161983
712545,0.9863719
712546,0.8058222
712547,0.0404673
712548,0.98078716
712549,0.99414146
712550,0.157449
712551,0.013154436
712552,0.9157383
712553,0.040224954
712554,0.98697394
712555,0.9062139
712556,0.98492354
712557,0.984234
712558,0.0063466523
712559,0.9896054
712560,0.0022565569
712561,0.9081556
712562,0.97748613
712563,0.987316
712564,0.6974379
712565,0.85302776
712566,0.7553534
712567,0.53713775
712568,0.04427284
712569,0.018803887
712570,0.024206977
712571,0.91079366
712572,0.99409515
712573,0.9837831
712574,0.018549412
712575,0.048198815
712576,0.019494489
712577,0.13405578
712578,0.93393725
712579,0.96107304
712580,0.9928332
712581,0.018386714
712582,0.08087296
712583,0.031006115
712584,0.34365126
712585,0.99316096
712586,0.8789246
712587,0.823715
712588,0.99425334
712589,0.10671537
712590,0.5464186
712591,0.9487621
712592,0.97391015
712593,0.5914714
712594,0.016526578
712595,0.91617674
712596,0.057832114
712597,0.5017812
712598,0.9986768
712599,0.88775855
712600,0.9956728
712601,0.04992199
712602,0.010358725
712603,0.985634
712604,0.01905951
712605,0.18366563
712606,0.26714677
712607,0.9503071
712608,0.0042886427
712609,0.040858142
712610,0.89679456
712611,0.956454
712612,0.88181704
712613,0.27401155
712614,0.0024190876
712615,0.008365595
712616,0.9697487
712617,0.994207
712618,0.068139285
712619,0.08218965
712620,0.994722
712621,0.96476734
712622,0.1060447
712623,0.07303296
712624,0.05786991
712625,0.9841393
712626,0.014574883
712627,0.9636424
712628,0.9726786
712629,0.6539359
712630,0.95419633
712631,0.036743745
712632,0.98050934
712633,0.0020783592
712634,0.6160814
712635,0.9924727
712636,0.16117433
712637,0.9944979
712638,0.92720854
712639,0.98535216
712640,0.6159651
712641,0.84325516
712642,0.023400256
712643,0.009753146
712644,0.7919006
712645,0.909394
712646,0.08728116
712647,0.06734711
712648,0.010670757
712649,0.5892906
712650,0.07615024
712651,0.6848194
712652,0.093395345
712653,0.9947822
712654,0.99060225
712655,0.94599783
712656,0.049668647
712657,0.015713446
712658,0.022127874
712659,0.061492383
712660,0.06461053
712661,0.8852227
712662,0.009171511
712663,0.010390431
712664,0.98074734
712665,0.16853468
712666,0.013943711
712667,0.92186403
712668,0.45461053
712669,0.40894634
712670,0.705194
712671,0.027189407
712672,0.021946833
712673,0.7898262
712674,0.9471627
712675,0.97068584
712676,0.8716108
712677,0.01612662
712678,0.81862694
712679,0.0044324603
712680,0.011022572
712681,0.76399595
712682,0.90637356
712683,0.5737504
712684,0.7945882
712685,0.8021172
712686,0.15880248
712687,0.5948359
712688,0.013327527
712689,0.005907862
712690,0.8542837
712691,0.9553663
712692,0.9994686
712693,0.912692
712694,0.98425853
712695,0.20564115
712696,0.037044078
712697,0.87994874
712698,0.17674933
712699,0.949731
712700,0.00591341
712701,0.9982797
712702,0.95186174
712703,0.15369345
712704,0.012990635
712705,0.9165584
712706,0.79330385
712707,0.29948583
712708,0.7822875
712709,0.13014415
712710,0.0069571133
712711,0.7273154
712712,0.9966315
712713,0.05586066
712714,0.9844203
712715,0.068929896
712716,0.14934012
712717,0.50397277
712718,0.37774283
712719,0.89855874
712720,0.9887689
712721,0.035237525
712722,0.10589489
712723,0.4982638
712724,0.027557125
712725,0.007372634
712726,0.010300808
712727,0.37629345
712728,0.1279316
712729,0.028523037
712730,0.5396887
712731,0.65652895
712732,0.020693
712733,0.9904344
712734,0.1268483
712735,0.054933827
712736,0.97278005
712737,0.9245336
712738,0.008685798
712739,0.9706304
712740,0.39737457
712741,0.012334725
712742,0.060903944
712743,0.30619293
712744,0.035488166
712745,0.010154584
712746,0.82951957
712747,0.0032170145
712748,0.016831482
712749,0.78816724
712750,0.008513409
712751,0.9523512
712752,0.041800417
712753,0.405046
712754,0.9860212
712755,0.31110448
712756,0.55388457
712757,0.9005346
712758,0.96395093
712759,0.08031094
712760,0.0073153563
712761,0.9887776
712762,0.008433765
712763,0.88924634
712764,0.049892087
712765,0.02372187
712766,0.9167522
712767,0.020546196
712768,0.0060235434
712769,0.06100077
712770,0.023312947
712771,0.030552892
712772,0.999395
712773,0.013996437
712774,0.99718213
712775,0.0023066362
712776,0.1395768
712777,0.0008732717
712778,0.057233192
712779,0.013625009
712780,0.9871445
712781,0.024208063
712782,0.99180573
712783,0.76484394
712784,0.13043457
712785,0.093911715
712786,0.34716555
712787,0.17007458
712788,0.059203066
712789,0.941339
712790,0.0046175946
712791,0.008086969
712792,0.99898255
712793,0.8201404
712794,0.041606437
712795,0.030902568
712796,0.4957726
712797,0.08336104
712798,0.41352308
712799,0.32268944
712800,0.9773369
712801,0.9990567
712802,0.12791194
712803,0.31970122
712804,0.63198537
712805,0.970705
712806,0.009911895
712807,0.03626667
712808,0.9950805
712809,0.8110113
712810,0.3399411
712811,0.011097755
712812,0.023337148
712813,0.076624565
712814,0.99080867
712815,0.9979216
712816,0.004224813
712817,0.99655867
712818,0.28052014
712819,0.07331487
712820,0.9891766
712821,0.3263136
712822,0.44689336
712823,0.069777474
712824,0.83355993
712825,0.84579843
712826,0.9224081
712827,0.24927574
712828,0.79520094
712829,0.19440538
712830,0.01617364
712831,0.0056979223
712832,0.034299202
712833,0.07963972
712834,0.9791172
712835,0.9993268
712836,0.9032728
712837,0.4737098
712838,0.00230698
712839,0.9685989
712840,0.86431086
712841,0.9989836
712842,0.99527216
712843,0.00081754423
712844,0.45055526
712845,0.9798227
712846,0.048813317
712847,0.8832605
712848,0.013767899
712849,0.9952714
712850,0.0108654825
712851,0.5154336
712852,0.91750175
712853,0.024864532
712854,0.9874376
712855,0.9806129
712856,0.96116054
712857,0.042441122
712858,0.6782042
712859,0.95910805
712860,0.9916892
712861,0.9706139
712862,0.2194081
712863,0.028726503
712864,0.99676424
712865,0.7448751
712866,0.030424051
712867,0.01808217
712868,0.021508304
712869,0.10298926
712870,0.09944588
712871,0.96072376
712872,0.98822856
712873,0.3972497
712874,0.05153529
712875,0.018789798
712876,0.12688497
712877,0.010706653
712878,0.029938338
712879,0.6674694
712880,0.9272449
712881,0.9968585
712882,0.038439177
712883,0.8331189
712884,0.019652735
712885,0.32506573
712886,0.054920595
712887,0.13879758
712888,0.98153275
712889,0.9183191
712890,0.062339
712891,0.5623725
712892,0.9992019
712893,0.8779727
712894,0.97374916
712895,0.9518729
712896,0.045777842
712897,0.02477684
712898,0.9867752
712899,0.7078406
712900,0.006872536
712901,0.9758673
712902,0.3975681
712903,0.99373317
712904,0.41289425
712905,0.015442732
712906,0.9979395
712907,0.007957948
712908,0.9901817
712909,0.9895735
712910,0.047245823
712911,0.006935616
712912,0.057452496
712913,0.9867793
712914,0.058989085
712915,0.46546382
712916,0.014874629
712917,0.104992926
712918,0.16842729
712919,0.036163855
712920,0.02542017
712921,0.012574328
712922,0.0057664597
712923,0.15516663
712924,0.002551233
712925,0.9966962
712926,0.033664547
712927,0.6041205
712928,0.9973535
712929,0.30020002
712930,0.0028513598
712931,0.01743998
712932,0.60582876
712933,0.038156155
712934,0.22575396
712935,0.017153392
712936,0.90437275
712937,0.032897424
712938,0.006211517
712939,0.035230186
712940,0.010844706
712941,0.15524545
712942,0.05299408
712943,0.004371856
712944,0.957725
712945,0.99831146
712946,0.035687543
712947,0.00657232
712948,0.015866652
712949,0.044485472
712950,0.008786535
712951,0.022701139
712952,0.49009794
712953,0.07297995
712954,0.96943086
712955,0.89633864
712956,0.007986314
712957,0.03498183
712958,0.054583855
712959,0.34174663
712960,0.03613256
712961,0.120108336
712962,0.07178796
712963,0.865058
712964,0.19650067
712965,0.5565535
712966,0.05582532
712967,0.025502834
712968,0.8382707
712969,0.066901624
712970,0.04238817
712971,0.47345814
712972,0.030466389
712973,0.07946174
712974,0.039469704
712975,0.9836172
712976,0.87865865
712977,0.047814947
712978,0.108813584
712979,0.07319851
712980,0.9703692
712981,0.05785226
712982,0.028181149
712983,0.06006541
712984,0.009742608
712985,0.31397587
712986,0.0017132568
712987,0.038251404
712988,0.052776292
712989,0.70610017
712990,0.9755968
712991,0.9577082
712992,0.9924318
712993,0.029047448
712994,0.9873952
712995,0.21347508
712996,0.6433695
712997,0.9457805
712998,0.9710398
712999,0.013018585
713000,0.9924742
713001,0.0840764
713002,0.87681353
713003,0.54580283
713004,0.034229703
713005,0.6917452
713006,0.6484431
713007,0.7746795
713008,0.89193726
713009,0.99436086
713010,0.021825647
713011,0.07537838
713012,0.7390861
713013,0.13739584
713014,0.0033108406
713015,0.03546502
713016,0.9674214
713017,0.1210708
713018,0.023018451
713019,0.0039264252
713020,0.944607
713021,0.008482065
713022,0.64412314
713023,0.031538885
713024,0.0055643553
713025,0.94483024
713026,0.9693238
713027,0.018120581
713028,0.020401005
713029,0.99020875
713030,0.046342082
713031,0.2060176
713032,0.9769408
713033,0.9557596
713034,0.019375717
713035,0.30690792
713036,0.9606998
713037,0.02672333
713038,0.7518404
713039,0.9872762
713040,0.17049453
713041,0.9549017
713042,0.39975873
713043,0.49786723
713044,0.02181022
713045,0.03233515
713046,0.6115002
713047,0.95817834
713048,0.0027102735
713049,0.993814
713050,0.066660605
713051,0.35004848
713052,0.019313294
713053,0.45279858
713054,0.0018410994
713055,0.06631084
713056,0.034266524
713057,0.966308
713058,0.9776678
713059,0.9037043
713060,0.12483477
713061,0.047744088
713062,0.012090133
713063,0.612711
713064,0.9710444
713065,0.60003984
713066,0.97093886
713067,0.14914516
713068,0.9907105
713069,0.98749346
713070,0.025850855
713071,0.97796714
713072,0.9960024
713073,0.093871884
713074,0.69808316
713075,0.7665485
713076,0.9808457
713077,0.9972861
713078,0.15618445
713079,0.015207995
713080,0.8834034
713081,0.9907163
713082,0.0065216576
713083,0.9546534
713084,0.027047822
713085,0.95318455
713086,0.99464107
713087,0.9317469
713088,0.09247598
713089,0.98683697
713090,0.008883851
713091,0.11080839
713092,0.5204756
713093,0.8220501
713094,0.12879276
713095,0.028280815
713096,0.022176076
713097,0.03433239
713098,0.14111382
713099,0.01131903
713100,0.02335242
713101,0.73005134
713102,0.98575413
713103,0.6563171
713104,0.1030087
713105,0.801083
713106,0.014671222
713107,0.35981378
713108,0.34531575
713109,0.9790206
713110,0.9888541
713111,0.031539213
713112,0.8435611
713113,0.32069257
713114,0.0054176217
713115,0.9810645
713116,0.016045347
713117,0.65500695
713118,0.18369578
713119,0.4441985
713120,0.021722667
713121,0.9261975
713122,0.22986147
713123,0.92080784
713124,0.015144345
713125,0.059599973
713126,0.97933006
713127,0.2381397
713128,0.07210171
713129,0.060820278
713130,0.79539037
713131,0.70177156
713132,0.9923482
713133,0.0074384706
713134,0.9983603
713135,0.9958688
713136,0.9815674
713137,0.04666312
713138,0.031527974
713139,0.90357184
713140,0.64173275
713141,0.9931612
713142,0.35732704
713143,0.9949071
713144,0.5422509
713145,0.72703207
713146,0.0023754854
713147,0.1287667
713148,0.25192636
713149,0.0036539836
713150,0.21774867
713151,0.9398764
713152,0.56937784
713153,0.98897636
713154,0.011925781
713155,0.8050866
713156,0.005445804
713157,0.09308308
713158,0.9905323
713159,0.021424547
713160,0.07668346
713161,0.9733717
713162,0.020624679
713163,0.87609303
713164,0.9595149
713165,0.9950071
713166,0.9958963
713167,0.51031005
713168,0.64833486
713169,0.0073789703
713170,0.6858976
713171,0.009145759
713172,0.3942695
713173,0.03268274
713174,0.10134209
713175,0.10251925
713176,0.4803357
713177,0.012178422
713178,0.08627097
713179,0.9943657
713180,0.02723785
713181,0.03729432
713182,0.059352428
713183,0.63866556
713184,0.96608
713185,0.0070087863
713186,0.18622716
713187,0.8256786
713188,0.0439063
713189,0.9864341
713190,0.52260685
713191,0.87137353
713192,0.78219175
713193,0.8268298
713194,0.034867093
713195,0.9865167
713196,0.016594391
713197,0.91423684
713198,0.19331776
713199,0.011066006
713200,0.004944861
713201,0.9161813
713202,0.9908967
713203,0.01976031
713204,0.01612214
713205,0.99182665
713206,0.6195734
713207,0.9297664
713208,0.92592597
713209,0.10356523
713210,0.027297763
713211,0.99719006
713212,0.18705215
713213,0.4684558
713214,0.3448963
713215,0.22567053
713216,0.6653977
713217,0.8132875
713218,0.002204779
713219,0.103591725
713220,0.015250319
713221,0.012711849
713222,0.058256797
713223,0.0035221148
713224,0.013762983
713225,0.9230222
713226,0.6744757
713227,0.9619278
713228,0.019974198
713229,0.53725684
713230,0.70649683
713231,0.9117072
713232,0.022245783
713233,0.025540194
713234,0.91244376
713235,0.9782421
713236,0.99557114
713237,0.026871108
713238,0.014677515
713239,0.65718424
713240,0.9583081
713241,0.03156931
713242,0.35600284
713243,0.0025192269
713244,0.98290044
713245,0.9769174
713246,0.009944679
713247,0.84312993
713248,0.1662537
713249,0.99911237
713250,0.029836297
713251,0.9783925
713252,0.43877214
713253,0.002067335
713254,0.99736744
713255,0.15616107
713256,0.46147436
713257,0.89538056
713258,0.53492856
713259,0.3859946
713260,0.9903369
713261,0.008228003
713262,0.10738711
713263,0.008963316
713264,0.041812945
713265,0.9615735
713266,0.019734781
713267,0.041310072
713268,0.8223306
713269,0.85578275
713270,0.018086564
713271,0.1556071
713272,0.3110255
713273,0.054447435
713274,0.9960927
713275,0.44101867
713276,0.5609876
713277,0.1575
713278,0.009769946
713279,0.0016253083
713280,0.94091564
713281,0.015131449
713282,0.014243995
713283,0.03816079
713284,0.013846747
713285,0.99929583
713286,0.12651384
713287,0.26602405
713288,0.022955948
713289,0.05113574
713290,0.07864795
713291,0.884514
713292,0.008504964
713293,0.16333607
713294,0.00316311
713295,0.0005575257
713296,0.99299943
713297,0.4285158
713298,0.8484681
713299,0.8755193
713300,0.010131102
713301,0.0035184645
713302,0.9572252
713303,0.30786955
713304,0.01032679
713305,0.003935639
713306,0.95026326
713307,0.01974046
713308,0.045281667
713309,0.40929016
713310,0.84822136
713311,0.0059426306
713312,0.5778707
713313,0.9835715
713314,0.051141825
713315,0.14281675
713316,0.96755964
713317,0.004617746
713318,0.9307406
713319,0.99043673
713320,0.0063088546
713321,0.045517586
713322,0.08397882
713323,0.4149779
713324,0.9185094
713325,0.0140255615
713326,0.175122
713327,0.08370782
713328,0.27790824
713329,0.9814721
713330,0.6609503
713331,0.012630964
713332,0.025012162
713333,0.7013614
713334,0.3828539
713335,0.08092376
713336,0.9884415
713337,0.84490055
713338,0.98784834
713339,0.00802291
713340,0.009495118
713341,0.012299407
713342,0.16077991
713343,0.9974368
713344,0.9873617
713345,0.6694721
713346,0.36363673
713347,0.018927118
713348,0.2866934
713349,0.82040757
713350,0.058386173
713351,0.9658537
713352,0.12182039
713353,0.9784348
713354,0.43662205
713355,0.020809613
713356,0.0067623463
713357,0.07669628
713358,0.008858548
713359,0.035892867
713360,0.69617736
713361,0.9983716
713362,0.04425347
713363,0.6370168
713364,0.7121501
713365,0.9906896
713366,0.9940226
713367,0.83010805
713368,0.0016535778
713369,0.028509334
713370,0.054426465
713371,0.008047932
713372,0.044780068
713373,0.5534382
713374,0.94107366
713375,0.97894275
713376,0.060559213
713377,0.097797476
713378,0.978156
713379,0.9480985
713380,0.26885813
713381,0.9226807
713382,0.4759506
713383,0.015220473
713384,0.6788035
713385,0.058378994
713386,0.024087436
713387,0.91585994
713388,0.28717408
713389,0.044441227
713390,0.0855832
713391,0.020651087
713392,0.026885496
713393,0.83194584
713394,0.41013736
713395,0.9576118
713396,0.002445277
713397,0.065704435
713398,0.98848116
713399,0.8704089
713400,0.9983685
713401,0.100592986
713402,0.9864982
713403,0.080515444
713404,0.046951458
713405,0.43176445
713406,0.03188943
713407,0.014366634
713408,0.8424921
713409,0.9902464
713410,0.17100024
713411,0.11855396
713412,0.16515458
713413,0.9990401
713414,0.99688476
713415,0.0076467795
713416,0.92210317
713417,0.93400514
713418,0.9965787
713419,0.9974352
713420,0.094048984
713421,0.18782184
713422,0.038392752
713423,0.99499834
713424,0.1507205
713425,0.01239305
713426,0.8177622
713427,0.06260159
713428,0.027502107
713429,0.3139369
713430,0.9595361
713431,0.0341953
713432,0.073404014
713433,0.0045175487
713434,0.0038170344
713435,0.9946941
713436,0.9916355
713437,0.2646945
713438,0.40891472
713439,0.13826191
713440,0.010755811
713441,0.80203855
713442,0.14691773
713443,0.007011557
713444,0.5074024
713445,0.01422298
713446,0.1449359
713447,0.63138676
713448,0.8476152
713449,0.30467483
713450,0.07054129
713451,0.98896086
713452,0.9973075
713453,0.7593574
713454,0.005293154
713455,0.5744959
713456,0.32460028
713457,0.9877811
713458,0.022906132
713459,0.024536531
713460,0.061015967
713461,0.9984261
713462,0.05148259
713463,0.052162904
713464,0.90661645
713465,0.95402485
713466,0.9475845
713467,0.9942494
713468,0.96566534
713469,0.004535358
713470,0.030401003
713471,0.04049249
713472,0.8960999
713473,0.8156031
713474,0.0565838
713475,0.6808253
713476,0.0059106606
713477,0.0061506415
713478,0.040371012
713479,0.7391423
713480,0.017390031
713481,0.9990266
713482,0.0026927148
713483,0.98847824
713484,0.7815441
713485,0.9951677
713486,0.011956412
713487,0.90740085
713488,0.99814755
713489,0.017467076
713490,0.9823071
713491,0.9629265
713492,0.8711456
713493,0.8803572
713494,0.9992828
713495,0.008047661
713496,0.9905023
713497,0.014650732
713498,0.7147474
713499,0.020832013
713500,0.9962387
713501,0.9767932
713502,0.012240536
713503,0.8736533
713504,0.7413338
713505,0.008247253
713506,0.9788894
713507,0.029966518
713508,0.05895306
713509,0.79435766
713510,0.11654511
713511,0.7715822
713512,0.2534256
713513,0.020157538
713514,0.019725565
713515,0.008479431
713516,0.010613478
713517,0.0344781
713518,0.1330419
713519,0.08704585
713520,0.48424083
713521,0.9415292
713522,0.014252372
713523,0.04576178
713524,0.99223167
713525,0.99263924
713526,0.9995462
713527,0.0040095593
713528,0.062061857
713529,0.8948225
713530,0.6144287
713531,0.023281798
713532,0.88095546
713533,0.9951731
713534,0.6286849
713535,0.04517091
713536,0.97104216
713537,0.9567699
713538,0.9856705
713539,0.5389358
713540,0.01090068
713541,0.009444049
713542,0.0026530172
713543,0.6521906
713544,0.014142078
713545,0.6866184
713546,0.908687
713547,0.121257134
713548,0.98522186
713549,0.81767905
713550,0.97604585
713551,0.123926476
713552,0.9955209
713553,0.9645898
713554,0.012626987
713555,0.0024340968
713556,0.13603635
713557,0.0021094778
713558,0.004530693
713559,0.0053942124
713560,0.22812194
713561,0.99890196
713562,0.57014096
713563,0.9177536
713564,0.82060945
713565,0.43178424
713566,0.6298052
713567,0.027440108
713568,0.27298862
713569,0.98825544
713570,0.039736368
713571,0.5139527
713572,0.21887939
713573,0.30190548
713574,0.30552715
713575,0.8652594
713576,0.008014746
713577,0.010027401
713578,0.031334877
713579,0.06681635
713580,0.20222925
713581,0.876861
713582,0.9838706
713583,0.005860183
713584,0.012854626
713585,0.009066698
713586,0.023466183
713587,0.6755072
713588,0.07260669
713589,0.018039264
713590,0.02718058
713591,0.028341003
713592,0.99816686
713593,0.08259843
713594,0.3416096
713595,0.9952739
713596,0.0071964506
713597,0.92397666
713598,0.032787137
713599,0.68245226
713600,0.023982357
713601,0.69554496
713602,0.8701726
713603,0.019323813
713604,0.999174
713605,0.9983922
713606,0.04309761
713607,0.00081742334
713608,0.07556835
713609,0.869343
713610,0.78538275
713611,0.00850939
713612,0.22119297
713613,0.8987975
713614,0.05152872
713615,0.032978497
713616,0.6339479
713617,0.03326921
713618,0.85685885
713619,0.10730997
713620,0.0031171762
713621,0.005374076
713622,0.1038719
713623,0.80874646
713624,0.82676214
713625,0.18201238
713626,0.05522209
713627,0.5378658
713628,0.008246954
713629,0.8423891
713630,0.075445384
713631,0.06824492
713632,0.9726957
713633,0.0016100367
713634,0.04888122
713635,0.89929
713636,0.97420895
713637,0.022420887
713638,0.92932105
713639,0.9543078
713640,0.10709804
713641,0.0024660525
713642,0.95627886
713643,0.40502393
713644,0.08959498
713645,0.9806632
713646,0.0142739285
713647,0.14023042
713648,0.98044765
713649,0.022086918
713650,0.034686048
713651,0.16029087
713652,0.11124983
713653,0.9960116
713654,0.06303268
713655,0.20877668
713656,0.01757778
713657,0.7217718
713658,0.32114393
713659,0.2782971
713660,0.91013867
713661,0.0039992547
713662,0.07315165
713663,0.0012041908
713664,0.008531524
713665,0.962471
713666,0.0066611324
713667,0.9897622
713668,0.04333724
713669,0.042271048
713670,0.9576104
713671,0.9849948
713672,0.017170941
713673,0.9956632
713674,0.9970576
713675,0.0607915
713676,0.012823358
713677,0.93289185
713678,0.008516965
713679,0.025461152
713680,0.9436476
713681,0.97011566
713682,0.35827267
713683,0.9983431
713684,0.010798383
713685,0.071991034
713686,0.9907148
713687,0.026172392
713688,0.9324069
713689,0.995144
713690,0.018709451
713691,0.8424025
713692,0.29024667
713693,0.59958446
713694,0.012165674
713695,0.03642647
713696,0.3199532
713697,0.33738214
713698,0.16519031
713699,0.6948712
713700,0.8735227
713701,0.050425187
713702,0.027666576
713703,0.0802806
713704,0.9007922
713705,0.23152095
713706,0.11802721
713707,0.0117355455
713708,0.117868885
713709,0.009126499
713710,0.020953508
713711,0.058213554
713712,0.9147089
713713,0.023314413
713714,0.057483193
713715,0.99482065
713716,0.99398386
713717,0.048353
713718,0.90016687
713719,0.46489987
713720,0.6840518
713721,0.08790763
713722,0.31553477
713723,0.08565373
713724,0.9926606
713725,0.97791374
713726,0.99956137
713727,0.18425652
713728,0.9990653
713729,0.98606735
713730,0.95338476
713731,0.0040288023
713732,0.13676079
713733,0.27784997
713734,0.9915039
713735,0.35049403
713736,0.9342742
713737,0.9939618
713738,0.001166766
713739,0.028055312
713740,0.97105753
713741,0.05533944
713742,0.263691
713743,0.7236189
713744,0.99947715
713745,0.051984362
713746,0.008879055
713747,0.04630886
713748,0.0058710855
713749,0.056060374
713750,0.99393183
713751,0.87640625
713752,0.8644986
713753,0.009378614
713754,0.98440063
713755,0.18328743
713756,0.81395936
713757,0.9812172
713758,0.057021387
713759,0.5864903
713760,0.5079199
713761,0.99350715
713762,0.995275
713763,0.49509442
713764,0.19716133
713765,0.28725907
713766,0.03377443
713767,0.031460695
713768,0.5063669
713769,0.050044157
713770,0.14318918
713771,0.52654195
713772,0.9323683
713773,0.99620754
713774,0.010914082
713775,0.017418463
713776,0.87626725
713777,0.0014439126
713778,0.7859329
713779,0.022246456
713780,0.10242876
713781,0.8639664
713782,0.0030295337
713783,0.61560726
713784,0.88626134
713785,0.5141399
713786,0.9838504
713787,0.018497711
713788,0.037194837
713789,0.4637121
713790,0.111822814
713791,0.18015899
713792,0.9812996
713793,0.9906993
713794,0.99642336
713795,0.011140092
713796,0.07763803
713797,0.94139034
713798,0.7865508
713799,0.16522995
713800,0.58033204
713801,0.9449315
713802,0.773363
713803,0.023514872
713804,0.16222677
713805,0.94027716
713806,0.030042656
713807,0.979827
713808,0.024666507
713809,0.012115596
713810,0.9014896
713811,0.74553716
713812,0.52826804
713813,0.04131731
713814,0.10778265
713815,0.15142967
713816,0.9965996
713817,0.06583868
713818,0.0101028625
713819,0.0071600266
713820,0.9377878
713821,0.029510982
713822,0.6849328
713823,0.32209626
713824,0.9704027
713825,0.92989856
713826,0.5795171
713827,0.06984812
713828,0.03824818
713829,0.036679126
713830,0.0043154764
713831,0.051311452
713832,0.03349372
713833,0.61812615
713834,0.054365203
713835,0.9946747
713836,0.009878532
713837,0.93264705
713838,0.06553159
713839,0.026616473
713840,0.9857786
713841,0.9943967
713842,0.8819159
713843,0.8862534
713844,0.0023192647
713845,0.008406988
713846,0.018556416
713847,0.99397945
713848,0.80748075
713849,0.8628577
713850,0.80468345
713851,0.9507778
713852,0.997691
713853,0.99488515
713854,0.96223986
713855,0.013592942
713856,0.25106144
713857,0.097604915
713858,0.94686216
713859,0.006857451
713860,0.9195514
713861,0.9951433
713862,0.96702427
713863,0.03338548
713864,0.9383421
713865,0.99907994
713866,0.9803565
713867,0.9263494
713868,0.058536597
713869,0.9524905
713870,0.33471933
713871,0.059097525
713872,0.2884513
713873,0.0661672
713874,0.044726565
713875,0.9163099
713876,0.030809125
713877,0.2547082
713878,0.62798434
713879,0.8000627
713880,0.10485232
713881,0.9858178
713882,0.6673913
713883,0.93917763
713884,0.26072192
713885,0.18875672
713886,0.64656293
713887,0.030856648
713888,0.122988656
713889,0.848757
713890,0.014578862
713891,0.0052023707
713892,0.82615286
713893,0.55604875
713894,0.035230216
713895,0.9845164
713896,0.87235904
713897,0.40068156
713898,0.20090684
713899,0.8381165
713900,0.9847355
713901,0.023953922
713902,0.22106707
713903,0.98667496
713904,0.0072144037
713905,0.017752789
713906,0.019277073
713907,0.5506266
713908,0.17831245
713909,0.99883026
713910,0.0036818837
713911,0.9964891
713912,0.29836154
713913,0.9784546
713914,0.51691514
713915,0.037690498
713916,0.0045406367
713917,0.078745484
713918,0.008481931
713919,0.8996025
713920,0.6626155
713921,0.86355525
713922,0.17953347
713923,0.9939485
713924,0.98241585
713925,0.6499474
713926,0.9936947
713927,0.009740379
713928,0.78342336
713929,0.96133846
713930,0.008738171
713931,0.016285475
713932,0.9929466
713933,0.037439175
713934,0.82996815
713935,0.59029526
713936,0.011791499
713937,0.7728839
713938,0.023004306
713939,0.021514162
713940,0.9912848
713941,0.99707264
713942,0.9734489
713943,0.023265865
713944,0.95310104
713945,0.9904582
713946,0.015763545
713947,0.008878393
713948,0.01109581
713949,0.42312855
713950,0.29200345
713951,0.0052043283
713952,0.9920732
713953,0.010557242
713954,0.06976381
713955,0.47227708
713956,0.0011739252
713957,0.030215941
713958,0.9901437
713959,0.34969842
713960,0.13074033
713961,0.013928878
713962,0.02567476
713963,0.79416317
713964,0.023855165
713965,0.0017730512
713966,0.01759497
713967,0.9616614
713968,0.53060913
713969,0.9955903
713970,0.26055494
713971,0.0070780455
713972,0.012651121
713973,0.28875065
713974,0.15457614
713975,0.016096864
713976,0.6982689
713977,0.97052956
713978,0.044716693
713979,0.20912737
713980,0.042460885
713981,0.004968532
713982,0.97251683
713983,0.8638637
713984,0.99384236
713985,0.677199
713986,0.28983122
713987,0.044933442
713988,0.0051737623
713989,0.0029111342
713990,0.97899014
713991,0.032964867
713992,0.7874577
713993,0.011734467
713994,0.059931427
713995,0.6356163
713996,0.0813131
713997,0.94610447
713998,0.36583945
713999,0.12869462
714000,0.10824852
714001,0.86178696
714002,0.011475597
714003,0.6779217
714004,0.9830379
714005,0.0077556428
714006,0.87177426
714007,0.35265255
714008,0.19822693
714009,0.9876834
714010,0.951254
714011,0.8821372
714012,0.65112585
714013,0.025217168
714014,0.003304073
714015,0.0023661586
714016,0.8543674
714017,0.6584499
714018,0.9917244
714019,0.027152931
714020,0.997511
714021,0.5849688
714022,0.91934764
714023,0.008536709
714024,0.11958965
714025,0.021327468
714026,0.5673563
714027,0.6878936
714028,0.9950168
714029,0.2439201
714030,0.01254974
714031,0.014942189
714032,0.88422424
714033,0.0076985825
714034,0.015790297
714035,0.038484316
714036,0.87098986
714037,0.0074248686
714038,0.0078034634
714039,0.12240514
714040,0.007248832
714041,0.53127813
714042,0.017464833
714043,0.3028358
714044,0.3125377
714045,0.011045377
714046,0.8727275
714047,0.9948753
714048,0.98662114
714049,0.6418269
714050,0.0058214935
714051,0.9343534
714052,0.829993
714053,0.9754139
714054,0.7530389
714055,0.61963975
714056,0.0118179945
714057,0.9899132
714058,0.95828545
714059,0.04913225
714060,0.6154523
714061,0.039027803
714062,0.27324322
714063,0.98821443
714064,0.0068788994
714065,0.17919749
714066,0.7989358
714067,0.08121297
714068,0.87170553
714069,0.055687726
714070,0.7313457
714071,0.024170682
714072,0.99447864
714073,0.98603
714074,0.018528285
714075,0.07380408
714076,0.005000147
714077,0.4422053
714078,0.9701647
714079,0.89693105
714080,0.005688657
714081,0.27508348
714082,0.04527656
714083,0.82904124
714084,0.08885155
714085,0.9700142
714086,0.9601718
714087,0.81739604
714088,0.8868894
714089,0.009693668
714090,0.98817456
714091,0.43321878
714092,0.03608233
714093,0.6936007
714094,0.2224216
714095,0.087318644
714096,0.9967494
714097,0.944526
714098,0.8568734
714099,0.11200458
714100,0.0025606062
714101,0.4164571
714102,0.015384512
714103,0.9670907
714104,0.090016425
714105,0.18828234
714106,0.0031592157
714107,0.7849737
714108,0.016934007
714109,0.78705716
714110,0.02099457
714111,0.005021422
714112,0.97855306
714113,0.04470943
714114,0.0030977405
714115,0.013622062
714116,0.7266546
714117,0.010497625
714118,0.99225247
714119,0.45300496
714120,0.9907383
714121,0.9979501
714122,0.2616024
714123,0.81746876
714124,0.90742123
714125,0.1386535
714126,0.32550454
714127,0.14677918
714128,0.97220016
714129,0.73402125
714130,0.5128848
714131,0.0071950215
714132,0.077566385
714133,0.46757936
714134,0.11085968
714135,0.6208037
714136,0.7720276
714137,0.67694294
714138,0.9250653
714139,0.9921757
714140,0.29608065
714141,0.057984076
714142,0.017300706
714143,0.23216768
714144,0.46136376
714145,0.03736389
714146,0.12881133
714147,0.016633496
714148,0.000326838
714149,0.019786328
714150,0.13529827
714151,0.03262157
714152,0.15280624
714153,0.9889909
714154,0.027445834
714155,0.15329328
714156,0.68130404
714157,0.81457406
714158,0.97359717
714159,0.006855298
714160,0.011093436
714161,0.99761075
714162,0.025445733
714163,0.013427337
714164,0.11045037
714165,0.34829646
714166,0.5099915
714167,0.04148291
714168,0.9816097
714169,0.019292604
714170,0.46165186
714171,0.9345606
714172,0.30912772
714173,0.95971406
714174,0.28656867
714175,0.98624545
714176,0.38797396
714177,0.9905744
714178,0.9936685
714179,0.03423561
714180,0.02624288
714181,0.98617715
714182,0.9248713
714183,0.4079487
714184,0.14607517
714185,0.7435799
714186,0.20806345
714187,0.39952397
714188,0.07827535
714189,0.9914714
714190,0.9350298
714191,0.4122094
714192,0.98041403
714193,0.93774873
714194,0.029184245
714195,0.9554321
714196,0.061606325
714197,0.060325027
714198,0.997999
714199,0.009471921
714200,0.06625936
714201,0.99530107
714202,0.04373201
714203,0.24439296
714204,0.89420253
714205,0.0040326766
714206,0.015380703
714207,0.9606752
714208,0.9749557
714209,0.96460354
714210,0.005106711
714211,0.3678978
714212,0.915059
714213,0.011606651
714214,0.4864385
714215,0.96063507
714216,0.008369923
714217,0.015116245
714218,0.994848
714219,0.97906375
714220,0.854537
714221,0.006445659
714222,0.8653797
714223,0.26155165
714224,0.99278414
714225,0.5337495
714226,0.2810414
714227,0.005022877
714228,0.9579223
714229,0.97978765
714230,0.99241567
714231,0.96366656
714232,0.44578433
714233,0.024061311
714234,0.9950309
714235,0.00836928
714236,0.23038316
714237,0.25428286
714238,0.952765
714239,0.029301222
714240,0.002441066
714241,0.08769639
714242,0.41725636
714243,0.014043794
714244,0.14462091
714245,0.42241973
714246,0.00973133
714247,0.0098169865
714248,0.026496215
714249,0.04917563
714250,0.99594915
714251,0.06685484
714252,0.83257365
714253,0.009013532
714254,0.0077858963
714255,0.047423232
714256,0.8775263
714257,0.99930763
714258,0.1837656
714259,0.1366463
714260,0.02151962
714261,0.009013468
714262,0.18951243
714263,0.92096066
714264,0.07757664
714265,0.86067235
714266,0.087567165
714267,0.008991806
714268,0.31286615
714269,0.0052804938
714270,0.01687698
714271,0.004143522
714272,0.8121518
714273,0.994593
714274,0.026622305
714275,0.5383625
714276,0.7117444
714277,0.0072825076
714278,0.98971343
714279,0.023208106
714280,0.49471396
714281,0.9309715
714282,0.7361076
714283,0.967524
714284,0.006039092
714285,0.0044737244
714286,0.17674476
714287,0.36993745
714288,0.9897406
714289,0.97086084
714290,0.010535795
714291,0.8784341
714292,0.0072751204
714293,0.9894936
714294,0.0043108477
714295,0.10338846
714296,0.97706616
714297,0.90530163
714298,0.996647
714299,0.05255512
714300,0.013249709
714301,0.29321682
714302,0.053972535
714303,0.5861022
714304,0.24496965
714305,0.050142176
714306,0.38216776
714307,0.23811406
714308,0.023815753
714309,0.007688581
714310,0.21184677
714311,0.99743044
714312,0.68071467
714313,0.972875
714314,0.11015119
714315,0.061337084
714316,0.3861374
714317,0.005832607
714318,0.436105
714319,0.98367774
714320,0.00724939
714321,0.2709862
714322,0.16153541
714323,0.05928936
714324,0.8818173
714325,0.0066488776
714326,0.92257226
714327,0.6663425
714328,0.371232
714329,0.3782869
714330,0.8418076
714331,0.55176246
714332,0.9878037
714333,0.0034098937
714334,0.9658004
714335,0.042189762
714336,0.13944395
714337,0.11949254
714338,0.42258275
714339,0.060324233
714340,0.93676573
714341,0.9737494
714342,0.74367535
714343,0.027655732
714344,0.118461415
714345,0.9878499
714346,0.005562193
714347,0.9936651
714348,0.40507844
714349,0.13922232
714350,0.016466822
714351,0.9935242
714352,0.006174008
714353,0.006373865
714354,0.07707014
714355,0.82387424
714356,0.08625884
714357,0.0060626594
714358,0.029964365
714359,0.009642113
714360,0.33560255
714361,0.011821972
714362,0.99023736
714363,0.009628504
714364,0.98578614
714365,0.96283364
714366,0.005072864
714367,0.61641306
714368,0.017475827
714369,0.77074784
714370,0.7765254
714371,0.16451065
714372,0.022006009
714373,0.1849358
714374,0.067676425
714375,0.067983426
714376,0.33734894
714377,0.08870203
714378,0.99371797
714379,0.99037635
714380,0.6053941
714381,0.058483433
714382,0.13436376
714383,0.9551379
714384,0.03334482
714385,0.008535935
714386,0.9500026
714387,0.09721275
714388,0.721412
714389,0.9983474
714390,0.6756625
714391,0.014827301
714392,0.03346
714393,0.043476306
714394,0.004723195
714395,0.026114661
714396,0.5543007
714397,0.8733808
714398,0.9785669
714399,0.3833471
714400,0.8877428
714401,0.0115563115
714402,0.80022967
714403,0.9792931
714404,0.092752054
714405,0.003211227
714406,0.9982353
714407,0.7811368
714408,0.82903653
714409,0.028430786
714410,0.0746962
714411,0.9908044
714412,0.48069668
714413,0.031958297
714414,0.3134461
714415,0.0056871045
714416,0.006785809
714417,0.9953772
714418,0.04809416
714419,0.94622743
714420,0.009760541
714421,0.33742905
714422,0.58632016
714423,0.99961114
714424,0.01631325
714425,0.5642651
714426,0.9934161
714427,0.043469302
714428,0.4920918
714429,0.6337298
714430,0.9966202
714431,0.5165594
714432,0.06536123
714433,0.5623527
714434,0.9907861
714435,0.008160396
714436,0.49007195
714437,0.31963575
714438,0.9971986
714439,0.7266896
714440,0.03884517
714441,0.97885776
714442,0.03701764
714443,0.98405755
714444,0.3327723
714445,0.99487257
714446,0.20469046
714447,0.03686638
714448,0.004868761
714449,0.9645891
714450,0.008323708
714451,0.22039583
714452,0.13389686
714453,0.9768841
714454,0.0094896
714455,0.09909979
714456,0.039385635
714457,0.009328836
714458,0.010503782
714459,0.2124849
714460,0.9094497
714461,0.099738725
714462,0.3165468
714463,0.019782942
714464,0.9938902
714465,0.017792668
714466,0.5411701
714467,0.9630647
714468,0.9177878
714469,0.60057354
714470,0.94929564
714471,0.062688574
714472,0.8680534
714473,0.9787053
714474,0.9543792
714475,0.96459645
714476,0.011139016
714477,0.010492042
714478,0.25686038
714479,0.98790455
714480,0.7501549
714481,0.9909616
714482,0.015368118
714483,0.12460491
714484,0.37091747
714485,0.71479696
714486,0.9946259
714487,0.9412145
714488,0.08466369
714489,0.02345531
714490,0.42787322
714491,0.99876803
714492,0.9917242
714493,0.9646932
714494,0.005800547
714495,0.13253997
714496,0.9969029
714497,0.62683403
714498,0.004639037
714499,0.31872794
714500,0.013444159
714501,0.9967027
714502,0.06915673
714503,0.26379263
714504,0.020676179
714505,0.019392367
714506,0.049739
714507,0.4311274
714508,0.99298364
714509,0.9985218
714510,0.007923487
714511,0.1250687
714512,0.14675762
714513,0.027962487
714514,0.02190836
714515,0.49922007
714516,0.015302265
714517,0.42277306
714518,0.9694216
714519,0.98260146
714520,0.9679707
714521,0.24288741
714522,0.05232799
714523,0.4441493
714524,0.01972203
714525,0.9941673
714526,0.9347231
714527,0.18843615
714528,0.074730694
714529,0.91734195
714530,0.018049536
714531,0.13857372
714532,0.26936835
714533,0.81413233
714534,0.18904753
714535,0.7876825
714536,0.09225301
714537,0.99266064
714538,0.97255147
714539,0.04397211
714540,0.010365401
714541,0.08052838
714542,0.9918987
714543,0.8678619
714544,0.30758384
714545,0.012760476
714546,0.021712186
714547,0.9755355
714548,0.022402825
714549,0.98838234
714550,0.0010549711
714551,0.8470217
714552,0.9708335
714553,0.0031663778
714554,0.6185841
714555,0.22413678
714556,0.82959867
714557,0.85516065
714558,0.98854005
714559,0.1794531
714560,0.018270615
714561,0.03908077
714562,0.58418286
714563,0.9622303
714564,0.9846123
714565,0.27030498
714566,0.9970201
714567,0.017845295
714568,0.46824044
714569,0.24884155
714570,0.88671637
714571,0.9665397
714572,0.46622217
714573,0.18365029
714574,0.21224925
714575,0.10718459
714576,0.9925531
714577,0.01695122
714578,0.5900815
714579,0.051137425
714580,0.26509398
714581,0.9858906
714582,0.8731593
714583,0.77132326
714584,0.94676393
714585,0.6531159
714586,0.83331376
714587,0.0072232713
714588,0.012397616
714589,0.5865975
714590,0.065565765
714591,0.92308664
714592,0.9860924
714593,0.78313047
714594,0.6648661
714595,0.06337958
714596,0.0032865452
714597,0.026183382
714598,0.0019888128
714599,0.7082265
714600,0.9867143
714601,0.6762796
714602,0.86948097
714603,0.9431195
714604,0.9882375
714605,0.24165891
714606,0.5254479
714607,0.9742142
714608,0.0072875926
714609,0.6110511
714610,0.9794191
714611,0.013601837
714612,0.96699786
714613,0.894391
714614,0.81554914
714615,0.19835442
714616,0.026066717
714617,0.9797563
714618,0.0037863222
714619,0.41239116
714620,0.84280515
714621,0.21446076
714622,0.00871083
714623,0.90884805
714624,0.23401225
714625,0.99306184
714626,0.97771347
714627,0.01603945
714628,0.013568764
714629,0.83263534
714630,0.31639773
714631,0.5932827
714632,0.7167078
714633,0.037205376
714634,0.98077667
714635,0.9873496
714636,0.6671033
714637,0.9356191
714638,0.9822316
714639,0.042043157
714640,0.802493
714641,0.97014225
714642,0.119642
714643,0.68824244
714644,0.95671165
714645,0.7914882
714646,0.96675944
714647,0.99331105
714648,0.013891472
714649,0.024233691
714650,0.9878587
714651,0.22249848
714652,0.66976774
714653,0.7798045
714654,0.40824515
714655,0.030901754
714656,0.88425887
714657,0.17711651
714658,0.015471669
714659,0.9067874
714660,0.9798471
714661,0.006007795
714662,0.69197166
714663,0.012747838
714664,0.047207247
714665,0.011684532
714666,0.04133016
714667,0.9216768
714668,0.97094727
714669,0.9991773
714670,0.584814
714671,0.065472186
714672,0.85551834
714673,0.025753604
714674,0.082547486
714675,0.11269544
714676,0.14473888
714677,0.19509184
714678,0.25733066
714679,0.0067049074
714680,0.9776244
714681,0.9964855
714682,0.007869709
714683,0.9431671
714684,0.010218658
714685,0.022772484
714686,0.08957073
714687,0.02609324
714688,0.008523414
714689,0.024249548
714690,0.917733
714691,0.097138084
714692,0.96387345
714693,0.98303795
714694,0.094131134
714695,0.09211849
714696,0.809285
714697,0.07362915
714698,0.024728261
714699,0.006541753
714700,0.0722498
714701,0.9966291
714702,0.0072993566
714703,0.05681518
714704,0.9979367
714705,0.032768264
714706,0.97051644
714707,0.929791
714708,0.99826753
714709,0.9363694
714710,0.04757314
714711,0.035769027
714712,0.8015543
714713,0.88654536
714714,0.016038567
714715,0.05742371
714716,0.039148774
714717,0.99633193
714718,0.97815835
714719,0.02522795
714720,0.650914
714721,0.015793912
714722,0.877804
714723,0.90278983
714724,0.023131799
714725,0.16018559
714726,0.82112074
714727,0.10828469
714728,0.0069385357
714729,0.03575372
714730,0.42159164
714731,0.11132341
714732,0.58117944
714733,0.59686875
714734,0.26672292
714735,0.9456569
714736,0.024089808
714737,0.018960198
714738,0.017440084
714739,0.96722174
714740,0.052759662
714741,0.02059116
714742,0.97417706
714743,0.9887769
714744,0.97797984
714745,0.91576165
714746,0.0036277187
714747,0.006487523
714748,0.09434239
714749,0.13292503
714750,0.9158054
714751,0.99894375
714752,0.07257856
714753,0.09561592
714754,0.22403218
714755,0.59986305
714756,0.024306338
714757,0.03510111
714758,0.44415894
714759,0.021558555
714760,0.057910785
714761,0.03472207
714762,0.28273118
714763,0.8423443
714764,0.0033947895
714765,0.93215394
714766,0.9912785
714767,0.22847918
714768,0.9922103
714769,0.71552134
714770,0.7884409
714771,0.24739583
714772,0.72912955
714773,0.018090185
714774,0.016799212
714775,0.006747603
714776,0.06677522
714777,0.9233993
714778,0.8004229
714779,0.011233032
714780,0.01916235
714781,0.5159448
714782,0.9411611
714783,0.3950954
714784,0.9921373
714785,0.8678471
714786,0.5943919
714787,0.6687499
714788,0.78436285
714789,0.96210355
714790,0.4213124
714791,0.0027442747
714792,0.9686589
714793,0.052434362
714794,0.49889982
714795,0.62592256
714796,0.6648853
714797,0.6513086
714798,0.8990444
714799,0.9592614
714800,0.9477371
714801,0.7183621
714802,0.6829442
714803,0.9493834
714804,0.055662137
714805,0.00662755
714806,0.2139134
714807,0.9890854
714808,0.018556934
714809,0.49257916
714810,0.9648073
714811,0.024586197
714812,0.014263004
714813,0.8696281
714814,0.3183148
714815,0.16033462
714816,0.010102503
714817,0.07183516
714818,0.009498676
714819,0.97264385
714820,0.1055248
714821,0.5216702
714822,0.1615056
714823,0.044515643
714824,0.930349
714825,0.8666484
714826,0.8117435
714827,0.09123429
714828,0.43275902
714829,0.9956307
714830,0.97457135
714831,0.92440295
714832,0.025790457
714833,0.9827559
714834,0.05066129
714835,0.852241
714836,0.98110855
714837,0.004899022
714838,0.02538581
714839,0.012787243
714840,0.6118572
714841,0.040980887
714842,0.007520518
714843,0.03404816
714844,0.9666029
714845,0.9502203
714846,0.25392184
714847,0.007940084
714848,0.3083431
714849,0.64563966
714850,0.13439757
714851,0.38944703
714852,0.013890883
714853,0.3595024
714854,0.050524496
714855,0.004797397
714856,0.09236246
714857,0.737053
714858,0.12203305
714859,0.6182548
714860,0.93422806
714861,0.09059614
714862,0.01979047
714863,0.99036384
714864,0.10373099
714865,0.41679096
714866,0.53839856
714867,0.060694586
714868,0.0048848935
714869,0.08745284
714870,0.5154554
714871,0.04457765
714872,0.09379786
714873,0.24684294
714874,0.026518937
714875,0.98987424
714876,0.55388165
714877,0.76586044
714878,0.738436
714879,0.26201364
714880,0.003864128
714881,0.99458516
714882,0.38040397
714883,0.5246273
714884,0.95846826
714885,0.4179927
714886,0.012869814
714887,0.97380406
714888,0.016675515
714889,0.1084329
714890,0.0810294
714891,0.18748073
714892,0.018571317
714893,0.16373095
714894,0.0030868528
714895,0.99643844
714896,0.91336495
714897,0.81678957
714898,0.5040864
714899,0.33050194
714900,0.16546017
714901,0.900251
714902,0.02392755
714903,0.7669122
714904,0.0066598747
714905,0.019045664
714906,0.17523867
714907,0.9868922
714908,0.024358891
714909,0.98536056
714910,0.30574137
714911,0.014784634
714912,0.029787827
714913,0.031096427
714914,0.9918263
714915,0.98762584
714916,0.9854764
714917,0.040786296
714918,0.99527514
714919,0.04601201
714920,0.03315322
714921,0.014197673
714922,0.10239667
714923,0.111162394
714924,0.20054935
714925,0.41166115
714926,0.31519023
714927,0.9941232
714928,0.033126146
714929,0.088056274
714930,0.237593
714931,0.87599516
714932,0.90982294
714933,0.027884677
714934,0.03013483
714935,0.93351877
714936,0.99303186
714937,0.9913642
714938,0.014451791
714939,0.93270826
714940,0.097678035
714941,0.002850724
714942,0.08457881
714943,0.9887233
714944,0.05845568
714945,0.9780844
714946,0.34836945
714947,0.0062494753
714948,0.25388837
714949,0.702165
714950,0.9978262
714951,0.04791137
714952,0.010815374
714953,0.0435642
714954,0.018253777
714955,0.022116173
714956,0.9665898
714957,0.9825958
714958,0.9405087
714959,0.08423031
714960,0.2580508
714961,0.040324725
714962,0.9333391
714963,0.99245906
714964,0.97951025
714965,0.9977135
714966,0.013355587
714967,0.9545903
714968,0.0033464348
714969,0.89450073
714970,0.02004396
714971,0.7851988
714972,0.1409283
714973,0.016273938
714974,0.021495182
714975,0.54140335
714976,0.034462616
714977,0.071088426
714978,0.6814031
714979,0.039302863
714980,0.022873987
714981,0.30404317
714982,0.8386334
714983,0.036145892
714984,0.9580311
714985,0.0281353
714986,0.08903097
714987,0.9977786
714988,0.9854208
714989,0.044217218
714990,0.9938363
714991,0.34279636
714992,0.069508016
714993,0.969164
714994,0.0035184203
714995,0.9846042
714996,0.016286
714997,0.999564
714998,0.9888177
714999,0.45804113
715000,0.5977417
715001,0.016759425
715002,0.50791425
715003,0.0072503635
715004,0.6481458
715005,0.025655407
715006,0.9642362
715007,0.0021337918
715008,0.121443555
715009,0.78116596
715010,0.83810705
715011,0.95519626
715012,0.91746926
715013,0.4862483
715014,0.12904109
715015,0.7570385
715016,0.79712
715017,0.9379446
715018,0.015807958
715019,0.8319312
715020,0.44875625
715021,0.013279264
715022,0.98154247
715023,0.45076817
715024,0.99545515
715025,0.14063747
715026,0.009770272
715027,0.03242111
715028,0.79034287
715029,0.9992843
715030,0.009925076
715031,0.9608613
715032,0.32719225
715033,0.003922461
715034,0.0051538763
715035,0.9157238
715036,0.0035822554
715037,0.987189
715038,0.14511979
715039,0.99913514
715040,0.0018055716
715041,0.9967487
715042,0.124958724
715043,0.1620641
715044,0.089683205
715045,0.83514005
715046,0.18481517
715047,0.017946621
715048,0.043198213
715049,0.89090323
715050,0.16067599
715051,0.9931444
715052,0.009982772
715053,0.97128505
715054,0.105628595
715055,0.51711744
715056,0.009464314
715057,0.006468095
715058,0.75034547
715059,0.022675041
715060,0.097230695
715061,0.3844789
715062,0.016851291
715063,0.007808822
715064,0.06270349
715065,0.98837566
715066,0.99829566
715067,0.09580626
715068,0.07073018
715069,0.009047344
715070,0.99926585
715071,0.38749483
715072,0.03440478
715073,0.9748035
715074,0.20928538
715075,0.6103513
715076,0.005936465
715077,0.033599094
715078,0.83655727
715079,0.99049586
715080,0.9708447
715081,0.8000843
715082,0.9623778
715083,0.9970311
715084,0.9028724
715085,0.9667784
715086,0.013594886
715087,0.0044963052
715088,0.3965113
715089,0.002751598
715090,0.018396359
715091,0.0042958995
715092,0.65993565
715093,0.39462817
715094,0.6265156
715095,0.36103046
715096,0.04404432
715097,0.013619881
715098,0.0040073316
715099,0.97134423
715100,0.10590066
715101,0.9898584
715102,0.17504354
715103,0.9435893
715104,0.92870164
715105,0.0331799
715106,0.01131464
715107,0.37849316
715108,0.9873826
715109,0.6235268
715110,0.9926853
715111,0.9634159
715112,0.21560436
715113,0.9707086
715114,0.981705
715115,0.96592015
715116,0.68675745
715117,0.9938267
715118,0.98150563
715119,0.06507714
715120,0.16395839
715121,0.17339647
715122,0.97740185
715123,0.6793416
715124,0.30400258
715125,0.049597073
715126,0.48998514
715127,0.14522605
715128,0.037487313
715129,0.0040729856
715130,0.39685214
715131,0.026734132
715132,0.9851775
715133,0.90346885
715134,0.9375302
715135,0.23520254
715136,0.999184
715137,0.669243
715138,0.8575467
715139,0.1110246
715140,0.99855924
715141,0.026860807
715142,0.00259216
715143,0.9293406
715144,0.34831822
715145,0.02630141
715146,0.02800494
715147,0.03151907
715148,0.9953026
715149,0.018700864
715150,0.32018024
715151,0.9267656
715152,0.034524694
715153,0.023343815
715154,0.015011632
715155,0.8895204
715156,0.993335
715157,0.8300276
715158,0.010213567
715159,0.050525673
715160,0.9703827
715161,0.17795719
715162,0.09488909
715163,0.1770262
715164,0.018678727
715165,0.2208617
715166,0.04660071
715167,0.0053924527
715168,0.0060815453
715169,0.8258758
715170,0.98074585
715171,0.54473305
715172,0.74269986
715173,0.8978499
715174,0.036865715
715175,0.15341546
715176,0.9809356
715177,0.99640214
715178,0.0071538556
715179,0.90450716
715180,0.0661992
715181,0.017310917
715182,0.86135566
715183,0.07290572
715184,0.096013896
715185,0.7530019
715186,0.10352555
715187,0.036773305
715188,0.005256785
715189,0.0009291916
715190,0.8981304
715191,0.0037351702
715192,0.08564443
715193,0.90124655
715194,0.62072086
715195,0.9628448
715196,0.020744467
715197,0.014914162
715198,0.023790553
715199,0.011898824
715200,0.030327722
715201,0.044152964
715202,0.6194867
715203,0.9944805
715204,0.99910843
715205,0.9738887
715206,0.9863158
715207,0.0052458397
715208,0.115635626
715209,0.97365606
715210,0.73091626
715211,0.9588493
715212,0.17540811
715213,0.016465118
715214,0.9889855
715215,0.21124761
715216,0.96586764
715217,0.99846244
715218,0.019059176
715219,0.14045817
715220,0.6595323
715221,0.904939
715222,0.008137975
715223,0.0074265683
715224,0.8851232
715225,0.9665432
715226,0.884489
715227,0.24069928
715228,0.19979997
715229,0.009443106
715230,0.8485576
715231,0.11316129
715232,0.0063044867
715233,0.104427315
715234,0.0037382378
715235,0.39718348
715236,0.9364537
715237,0.9771619
715238,0.010390315
715239,0.7962842
715240,0.03283728
715241,0.9720231
715242,0.6728097
715243,0.99464166
715244,0.20918381
715245,0.005765399
715246,0.5832864
715247,0.36023155
715248,0.0054958505
715249,0.13773084
715250,0.07837496
715251,0.96283495
715252,0.99571157
715253,0.8822491
715254,0.60346514
715255,0.4405625
715256,0.04961327
715257,0.04149177
715258,0.21191785
715259,0.7920574
715260,0.007823689
715261,0.04775421
715262,0.9101593
715263,0.0045840004
715264,0.2286519
715265,0.9790471
715266,0.9217328
715267,0.034712825
715268,0.9761617
715269,0.099901915
715270,0.028848734
715271,0.6737715
715272,0.206905
715273,0.056680605
715274,0.89719105
715275,0.7764132
715276,0.11260285
715277,0.27201104
715278,0.026451446
715279,0.99254394
715280,0.09800013
715281,0.023140514
715282,0.8972979
715283,0.13644302
715284,0.03277352
715285,0.01162952
715286,0.69982904
715287,0.011427011
715288,0.07975376
715289,0.037157353
715290,0.84663886
715291,0.13943125
715292,0.2147904
715293,0.47210014
715294,0.9939023
715295,0.6650842
715296,0.99075717
715297,0.04004201
715298,0.036635377
715299,0.0068303565
715300,0.03918279
715301,0.99565625
715302,0.072820984
715303,0.85689765
715304,0.90703666
715305,0.0071097463
715306,0.97172594
715307,0.021754403
715308,0.95738816
715309,0.008977115
715310,0.01685157
715311,0.0015887711
715312,0.99936867
715313,0.9547839
715314,0.12312879
715315,0.010261314
715316,0.60218734
715317,0.99660087
715318,0.98765624
715319,0.9784242
715320,0.11630589
715321,0.9892046
715322,0.9865014
715323,0.99494267
715324,0.77653515
715325,0.02947311
715326,0.0871798
715327,0.18751381
715328,0.07079651
715329,0.98029155
715330,0.9295138
715331,0.004263849
715332,0.39277804
715333,0.997601
715334,0.32206059
715335,0.18535735
715336,0.963826
715337,0.05410999
715338,0.0043722065
715339,0.15360507
715340,0.7765691
715341,0.4290506
715342,0.0028911603
715343,0.97040313
715344,0.20144798
715345,0.91697586
715346,0.6612742
715347,0.8504362
715348,0.96720695
715349,0.013999909
715350,0.09420743
715351,0.8308771
715352,0.014413235
715353,0.029733073
715354,0.7248323
715355,0.08632788
715356,0.004745064
715357,0.9290878
715358,0.012029727
715359,0.039407253
715360,0.9717232
715361,0.059714478
715362,0.33710754
715363,0.9777646
715364,0.90673685
715365,0.3487845
715366,0.01263088
715367,0.79244304
715368,0.83233756
715369,0.012111658
715370,0.99529463
715371,0.9271336
715372,0.045162253
715373,0.9961527
715374,0.51749295
715375,0.022164166
715376,0.9853493
715377,0.980337
715378,0.9645173
715379,0.99119365
715380,0.0176913
715381,0.97387433
715382,0.0031057466
715383,0.9173544
715384,0.18033141
715385,0.44804844
715386,0.7712382
715387,0.638596
715388,0.047085956
715389,0.98964864
715390,0.43102634
715391,0.34408516
715392,0.013463885
715393,0.8519049
715394,0.7705442
715395,0.94321173
715396,0.12330529
715397,0.026163757
715398,0.9977683
715399,0.66210574
715400,0.964745
715401,0.9763567
715402,0.9245698
715403,0.00035730793
715404,0.007774317
715405,0.008144326
715406,0.04946058
715407,0.9024946
715408,0.07035974
715409,0.04542938
715410,0.012441844
715411,0.031845205
715412,0.020570967
715413,0.71393
715414,0.9938124
715415,0.9963235
715416,0.96830773
715417,0.07935433
715418,0.2856224
715419,0.95049465
715420,0.9753705
715421,0.86110866
715422,0.75226104
715423,0.99092996
715424,0.98208696
715425,0.03032574
715426,0.8627517
715427,0.34354588
715428,0.012596538
715429,0.006872543
715430,0.84714746
715431,0.27908954
715432,0.8947189
715433,0.93869364
715434,0.89778256
715435,0.013162839
715436,0.1692346
715437,0.009941311
715438,0.29568592
715439,0.66793907
715440,0.80136347
715441,0.41386846
715442,0.9197379
715443,0.9631163
715444,0.6092548
715445,0.9662635
715446,0.07355994
715447,0.99002004
715448,0.49355978
715449,0.97380304
715450,0.9859839
715451,0.0027207606
715452,0.035923608
715453,0.16126749
715454,0.983131
715455,0.43657434
715456,0.60368663
715457,0.79913306
715458,0.901298
715459,0.9275675
715460,0.85885805
715461,0.029719941
715462,0.051653586
715463,0.012889372
715464,0.2129157
715465,0.74648106
715466,0.8109838
715467,0.061705455
715468,0.0075444486
715469,0.8185648
715470,0.09020858
715471,0.78269196
715472,0.7591266
715473,0.56550217
715474,0.4651195
715475,0.99782836
715476,0.89377356
715477,0.80674183
715478,0.18501818
715479,0.9320619
715480,0.44283593
715481,0.0036664587
715482,0.5683349
715483,0.87852705
715484,0.004821977
715485,0.9181087
715486,0.07838244
715487,0.99881846
715488,0.16386345
715489,0.9951852
715490,0.3037713
715491,0.7226708
715492,0.31242648
715493,0.005543423
715494,0.9434637
715495,0.05506952
715496,0.98569787
715497,0.50657225
715498,0.017416846
715499,0.032908157
715500,0.007788073
715501,0.95782477
715502,0.0068962793
715503,0.98232174
715504,0.50630003
715505,0.024482653
715506,0.026474204
715507,0.6525067
715508,0.9111346
715509,0.99477303
715510,0.92788583
715511,0.060145203
715512,0.38668185
715513,0.2901458
715514,0.13527565
715515,0.9794195
715516,0.6333348
715517,0.053707644
715518,0.5054658
715519,0.0030396741
715520,0.40089345
715521,0.9913846
715522,0.010549487
715523,0.99690616
715524,0.9986012
715525,0.0071196137
715526,0.98258173
715527,0.9457537
715528,0.20965368
715529,0.9809545
715530,0.66785604
715531,0.6002253
715532,0.41006112
715533,0.7404253
715534,0.18978623
715535,0.60640746
715536,0.87967837
715537,0.9955541
715538,0.7787227
715539,0.93497264
715540,0.9152843
715541,0.98854774
715542,0.009210286
715543,0.020727608
715544,0.0037966266
715545,0.9018882
715546,0.9835701
715547,0.99684286
715548,0.9700607
715549,0.8267625
715550,0.9428865
715551,0.1944685
715552,0.9310176
715553,0.9885169
715554,0.026089981
715555,0.0012900761
715556,0.01599282
715557,0.03093354
715558,0.9769261
715559,0.00086256914
715560,0.8614417
715561,0.024533411
715562,0.8344644
715563,0.026269564
715564,0.0876536
715565,0.025185663
715566,0.5474997
715567,0.01629775
715568,0.004924147
715569,0.007430745
715570,0.9995396
715571,0.9351101
715572,0.31124082
715573,0.015420878
715574,0.13178945
715575,0.43480673
715576,0.028845623
715577,0.6139525
715578,0.05247106
715579,0.9981247
715580,0.023364028
715581,0.9977416
715582,0.064069904
715583,0.3941623
715584,0.8459039
715585,0.14747337
715586,0.18016323
715587,0.6367783
715588,0.032031562
715589,0.3045888
715590,0.65601003
715591,0.011541572
715592,0.012462172
715593,0.10234628
715594,0.080998935
715595,0.9549614
715596,0.027437342
715597,0.995929
715598,0.06432276
715599,0.050002605
715600,0.9923646
715601,0.98027825
715602,0.9376122
715603,0.060130846
715604,0.9947393
715605,0.0048575727
715606,0.8194839
715607,0.9742974
715608,0.3189308
715609,0.95840275
715610,0.95814216
715611,0.13499497
715612,0.06864162
715613,0.09961432
715614,0.32218084
715615,0.9200552
715616,0.99629974
715617,0.05247717
715618,0.005386418
715619,0.8918712
715620,0.32260904
715621,0.019443002
715622,0.6320534
715623,0.050695665
715624,0.3783383
715625,0.009100487
715626,0.07959868
715627,0.0087919105
715628,0.06737733
715629,0.9641748
715630,0.900905
715631,0.07536857
715632,0.97956187
715633,0.30365336
715634,0.85493696
715635,0.97527516
715636,0.94988275
715637,0.59693056
715638,0.37323856
715639,0.97588843
715640,0.41429153
715641,0.027057141
715642,0.9949825
715643,0.0109322965
715644,0.79845303
715645,0.7383562
715646,0.54271173
715647,0.9398374
715648,0.80559397
715649,0.95046985
715650,0.58585006
715651,0.062415995
715652,0.30379713
715653,0.98384327
715654,0.99741375
715655,0.00981687
715656,0.8990923
715657,0.9784676
715658,0.68093514
715659,0.9995099
715660,0.016421491
715661,0.05723461
715662,0.8857691
715663,0.015089663
715664,0.8222651
715665,0.011758829
715666,0.015888793
715667,0.007709658
715668,0.1053832
715669,0.017659994
715670,0.7093776
715671,0.8706191
715672,0.009821904
715673,0.055411894
715674,0.010139209
715675,0.9940587
715676,0.0038373312
715677,0.90708333
715678,0.8597459
715679,0.049626533
715680,0.058809675
715681,0.005750035
715682,0.99578935
715683,0.010129767
715684,0.9566732
715685,0.6155464
715686,0.011165349
715687,0.1138717
715688,0.9979618
715689,0.4161917
715690,0.89976096
715691,0.0021346826
715692,0.041583996
715693,0.98859775
715694,0.83755106
715695,0.92861974
715696,0.007578186
715697,0.016261581
715698,0.53835845
715699,0.05381908
715700,0.5515485
715701,0.06367347
715702,0.0075432784
715703,0.9902215
715704,0.99218434
715705,0.050928295
715706,0.056378324
715707,0.4854123
715708,0.0042786477
715709,0.9204751
715710,0.0036402796
715711,0.0020750097
715712,0.9723343
715713,0.003588593
715714,0.74832284
715715,0.0055518216
715716,0.026601229
715717,0.92059016
715718,0.16391179
715719,0.040688455
715720,0.98733664
715721,0.02685049
715722,0.08475737
715723,0.029839152
715724,0.07627195
715725,0.7122183
715726,0.0030073586
715727,0.0034034224
715728,0.079812646
715729,0.28362772
715730,0.029519806
715731,0.027374137
715732,0.87142783
715733,0.012683693
715734,0.34180948
715735,0.741895
715736,0.947112
715737,0.82420665
715738,0.36189693
715739,0.0059131524
715740,0.7154314
715741,0.90891397
715742,0.020564936
715743,0.99860525
715744,0.03213385
715745,0.8511246
715746,0.013027789
715747,0.02160424
715748,0.114919275
715749,0.6892925
715750,0.92898095
715751,0.95435244
715752,0.019027907
715753,0.014210262
715754,0.4875853
715755,0.9815773
715756,0.52997804
715757,0.54816234
715758,0.022367757
715759,0.7750372
715760,0.0044353823
715761,0.82880163
715762,0.2893051
715763,0.036866568
715764,0.9707963
715765,0.014675653
715766,0.9146063
715767,0.015602
715768,0.96836543
715769,0.9110538
715770,0.92168874
715771,0.9003315
715772,0.012576837
715773,0.5170413
715774,0.02836604
715775,0.3189227
715776,0.97852814
715777,0.19040734
715778,0.9951578
715779,0.3111275
715780,0.008307568
715781,0.7844588
715782,0.9679729
715783,0.9677967
715784,0.98835254
715785,0.99635994
715786,0.99505097
715787,0.644287
715788,0.985804
715789,0.9648943
715790,0.03583185
715791,0.04250825
715792,0.08944614
715793,0.040051933
715794,0.41877222
715795,0.9502592
715796,0.66517615
715797,0.8946344
715798,0.11324546
715799,0.99808097
715800,0.03459647
715801,0.009186657
715802,0.009659724
715803,0.011667603
715804,0.42739025
715805,0.05252936
715806,0.27400053
715807,0.59012246
715808,0.5203327
715809,0.56456906
715810,0.20207468
715811,0.6095535
715812,0.012605175
715813,0.5744513
715814,0.028903412
715815,0.5500506
715816,0.95407
715817,0.1626892
715818,0.23210582
715819,0.4110374
715820,0.36425382
715821,0.04164399
715822,0.511114
715823,0.19876197
715824,0.23668565
715825,0.800319
715826,0.056010365
715827,0.9555106
715828,0.9978359
715829,0.008173811
715830,0.986392
715831,0.012410734
715832,0.8000844
715833,0.21898204
715834,0.9985362
715835,0.027174287
715836,0.055025302
715837,0.5261861
715838,0.99458075
715839,0.024574144
715840,0.02321506
715841,0.9740658
715842,0.51902914
715843,0.20700352
715844,0.9941323
715845,0.23061945
715846,0.9524252
715847,0.35998306
715848,0.25069886
715849,0.8815237
715850,0.003943256
715851,0.016067458
715852,0.010149603
715853,0.9853513
715854,0.34088945
715855,0.024431769
715856,0.995971
715857,0.9864473
715858,0.06365595
715859,0.47471967
715860,0.99280125
715861,0.9675347
715862,0.97874796
715863,0.001355734
715864,0.0057270746
715865,0.95431316
715866,0.97551185
715867,0.98822236
715868,0.92518026
715869,0.11618353
715870,0.014501998
715871,0.9218305
715872,0.9786218
715873,0.14441451
715874,0.006151587
715875,0.8917434
715876,0.08558875
715877,0.27830014
715878,0.95578223
715879,0.9798897
715880,0.084066376
715881,0.025019059
715882,0.1320806
715883,0.16631448
715884,0.9428042
715885,0.03361438
715886,0.9958257
715887,0.048362795
715888,0.028636936
715889,0.94964796
715890,0.017878857
715891,0.0019744074
715892,0.3866509
715893,0.1578323
715894,0.9644364
715895,0.24789613
715896,0.6324006
715897,0.98383385
715898,0.7791409
715899,0.95649874
715900,0.89723253
715901,0.025948027
715902,0.0409142
715903,0.9976562
715904,0.030358471
715905,0.99693143
715906,0.93588686
715907,0.02305249
715908,0.005396914
715909,0.9329054
715910,0.18373528
715911,0.010542808
715912,0.8125171
715913,0.018210586
715914,0.84008455
715915,0.008742269
715916,0.739715
715917,0.002960089
715918,0.16651471
715919,0.03228823
715920,0.015411198
715921,0.014545628
715922,0.48125082
715923,0.9896827
715924,0.018861566
715925,0.10034901
715926,0.9042814
715927,0.9883752
715928,0.027401224
715929,0.8700627
715930,0.9837632
715931,0.002737787
715932,0.8625215
715933,0.022674967
715934,0.0534278
715935,0.8313365
715936,0.9988221
715937,0.3118961
715938,0.91923654
715939,0.092038415
715940,0.90087134
715941,0.08758553
715942,0.97162044
715943,0.7536244
715944,0.09689611
715945,0.95260644
715946,0.5859274
715947,0.48555452
715948,0.9975116
715949,0.13973597
715950,0.98831856
715951,0.29185417
715952,0.77008766
715953,0.00039127737
715954,0.002412742
715955,0.9960571
715956,0.03341505
715957,0.013403166
715958,0.9457332
715959,0.73547715
715960,0.7036017
715961,0.8582436
715962,0.05390987
715963,0.89564526
715964,0.9810625
715965,0.7053486
715966,0.72613496
715967,0.02212092
715968,0.96471024
715969,0.0047942325
715970,0.95269144
715971,0.9294146
715972,0.5622949
715973,0.007414811
715974,0.5416557
715975,0.6523023
715976,0.9949973
715977,0.14055103
715978,0.9836906
715979,0.753735
715980,0.014298606
715981,0.108322844
715982,0.817793
715983,0.9280748
715984,0.08686112
715985,0.6268598
715986,0.7599234
715987,0.5720195
715988,0.7176045
715989,0.093256585
715990,0.025755178
715991,0.5017911
715992,0.85364056
715993,0.7100852
715994,0.99143183
715995,0.9912193
715996,0.7310276
715997,0.011824515
715998,0.042632557
715999,0.017619632
716000,0.57946205
716001,0.65628934
716002,0.21758512
716003,0.025846627
716004,0.98090273
716005,0.9957572
716006,0.44352594
716007,0.016431766
716008,0.05331047
716009,0.59648913
716010,0.0036064382
716011,0.0014109022
716012,0.92138684
716013,0.027812561
716014,0.68853366
716015,0.014192512
716016,0.07163333
716017,0.8187251
716018,0.98387027
716019,0.92641413
716020,0.025856797
716021,0.0046572457
716022,0.066026725
716023,0.021714339
716024,0.0020028632
716025,0.040358625
716026,0.90523297
716027,0.014615804
716028,0.047286637
716029,0.0056180255
716030,0.070348136
716031,0.78679025
716032,0.06980149
716033,0.045218088
716034,0.91009986
716035,0.93537486
716036,0.938501
716037,0.9808015
716038,0.94037914
716039,0.28084886
716040,0.0935152
716041,0.7770722
716042,0.93392813
716043,0.80198175
716044,0.47945213
716045,0.8996577
716046,0.99967223
716047,0.2692777
716048,0.14888439
716049,0.051724724
716050,0.4766317
716051,0.0029527654
716052,0.027500562
716053,0.6703168
716054,0.99262744
716055,0.9252681
716056,0.9909289
716057,0.83187497
716058,0.054833528
716059,0.010546947
716060,0.8014728
716061,0.6984935
716062,0.6677979
716063,0.97136223
716064,0.009508882
716065,0.91464454
716066,0.009697659
716067,0.0027138235
716068,0.016141778
716069,0.2019836
716070,0.076030366
716071,0.39461136
716072,0.3532437
716073,0.8660578
716074,0.9183587
716075,0.0047795395
716076,0.38932967
716077,0.06898116
716078,0.06381926
716079,0.8224791
716080,0.01648671
716081,0.13030913
716082,0.007785647
716083,0.96697783
716084,0.7834358
716085,0.10438811
716086,0.07112675
716087,0.9168794
716088,0.024499174
716089,0.09133558
716090,0.5351129
716091,0.22211584
716092,0.009773997
716093,0.10502722
716094,0.9847503
716095,0.016507622
716096,0.055309217
716097,0.42121702
716098,0.008537123
716099,0.17336868
716100,0.010628921
716101,0.010958911
716102,0.3320981
716103,0.011598712
716104,0.00701549
716105,0.48528588
716106,0.11265111
716107,0.030422146
716108,0.9890121
716109,0.5923908
716110,0.9860998
716111,0.39616194
716112,0.00468913
716113,0.21209255
716114,0.007356301
716115,0.98995
716116,0.61285114
716117,0.87876046
716118,0.22774844
716119,0.7537836
716120,0.26705748
716121,0.020130385
716122,0.0038595516
716123,0.95924115
716124,0.022070996
716125,0.8484854
716126,0.94832987
716127,0.9980157
716128,0.9577075
716129,0.0076034265
716130,0.6258137
716131,0.9240898
716132,0.102666676
716133,0.0032500506
716134,0.20298034
716135,0.005649957
716136,0.19090393
716137,0.010851564
716138,0.049835905
716139,0.0022414238
716140,0.08930202
716141,0.018449798
716142,0.95162266
716143,0.042049944
716144,0.006967939
716145,0.14565113
716146,0.05991653
716147,0.9937488
716148,0.025128627
716149,0.007488106
716150,0.026307464
716151,0.030963022
716152,0.09360934
716153,0.97835004
716154,0.9872807
716155,0.057720058
716156,0.01782574
716157,0.9926018
716158,0.93974286
716159,0.95836574
716160,0.016928263
716161,0.3064526
716162,0.7592364
716163,0.058526896
716164,0.9916419
716165,0.09385236
716166,0.020883791
716167,0.97570795
716168,0.030089494
716169,0.99776405
716170,0.93518144
716171,0.09322733
716172,0.11751074
716173,0.012199319
716174,0.047296856
716175,0.1210424
716176,0.99662095
716177,0.6864357
716178,0.2673909
716179,0.38322067
716180,0.048976783
716181,0.46843764
716182,0.016828096
716183,0.008696024
716184,0.3112896
716185,0.98977256
716186,0.0138778165
716187,0.40464455
716188,0.107095115
716189,0.056448862
716190,0.67757946
716191,0.75668097
716192,0.8049345
716193,0.852516
716194,0.011766385
716195,0.05479885
716196,0.9986214
716197,0.65286887
716198,0.5185386
716199,0.85910267
716200,0.060708262
716201,0.012353335
716202,0.941473
716203,0.029399864
716204,0.019384054
716205,0.99754715
716206,0.07798425
716207,0.0057429033
716208,0.55885
716209,0.015553851
716210,0.9945783
716211,0.78351927
716212,0.8963777
716213,0.07719143
716214,0.95298016
716215,0.16172522
716216,0.96520495
716217,0.7686718
716218,0.5294564
716219,0.17777988
716220,0.7548983
716221,0.14546227
716222,0.988662
716223,0.16357602
716224,0.7745167
716225,0.8708732
716226,0.023976712
716227,0.9975136
716228,0.9305339
716229,0.9636078
716230,0.19760135
716231,0.79232746
716232,0.30048907
716233,0.04048037
716234,0.029883148
716235,0.4726036
716236,0.14186005
716237,0.05013776
716238,0.03311597
716239,0.9920235
716240,0.12240146
716241,0.077708505
716242,0.9883732
716243,0.059579514
716244,0.9599283
716245,0.11413264
716246,0.08583625
716247,0.07117464
716248,0.8370919
716249,0.97384006
716250,0.19947687
716251,0.09819538
716252,0.005924007
716253,0.98552465
716254,0.7784274
716255,0.99764603
716256,0.99554205
716257,0.51250136
716258,0.24782823
716259,0.5619029
716260,0.014069414
716261,0.7295602
716262,0.2789052
716263,0.25275552
716264,0.53495586
716265,0.9145224
716266,0.05282265
716267,0.99494904
716268,0.026352473
716269,0.9962064
716270,0.0017086018
716271,0.19757074
716272,0.003957418
716273,0.9895002
716274,0.69698584
716275,0.00675893
716276,0.039926004
716277,0.99469566
716278,0.9951255
716279,0.26010337
716280,0.00666707
716281,0.03080346
716282,0.99503124
716283,0.012449161
716284,0.85241085
716285,0.99861443
716286,0.4753376
716287,0.1994695
716288,0.97433704
716289,0.9194826
716290,0.0042328387
716291,0.062888876
716292,0.5187775
716293,0.8672347
716294,0.017850691
716295,0.26201147
716296,0.0046647177
716297,0.0156965
716298,0.78868985
716299,0.18924887
716300,0.052024655
716301,0.98253596
716302,0.6413939
716303,0.9775358
716304,0.32269797
716305,0.09677702
716306,0.99002135
716307,0.016939927
716308,0.43874496
716309,0.014817481
716310,0.66418505
716311,0.0037801727
716312,0.92577136
716313,0.033336885
716314,0.781774
716315,0.15053725
716316,0.75767624
716317,0.015185215
716318,0.9741648
716319,0.029515028
716320,0.4328997
716321,0.050078645
716322,0.5659507
716323,0.2797582
716324,0.05700017
716325,0.99699044
716326,0.26045898
716327,0.9818019
716328,0.8778102
716329,0.30406246
716330,0.06926845
716331,0.16766493
716332,0.09105386
716333,0.021377793
716334,0.028456803
716335,0.9199771
716336,0.97981846
716337,0.9403653
716338,0.010596549
716339,0.351756
716340,0.4832925
716341,0.005619818
716342,0.42828342
716343,0.28791752
716344,0.020988248
716345,0.9646464
716346,0.026188156
716347,0.07055884
716348,0.060710452
716349,0.09031752
716350,0.86395216
716351,0.9352448
716352,0.05627861
716353,0.032926492
716354,0.09057626
716355,0.8456341
716356,0.456394
716357,0.08822031
716358,0.5729966
716359,0.056629747
716360,0.011070557
716361,0.5467471
716362,0.0011151272
716363,0.19235274
716364,0.039834432
716365,0.25601774
716366,0.88824993
716367,0.0070627946
716368,0.011497781
716369,0.98758006
716370,0.9773371
716371,0.039165176
716372,0.10286921
716373,0.6600373
716374,0.99624467
716375,0.9838009
716376,0.07296703
716377,0.031944357
716378,0.099168375
716379,0.97297066
716380,0.9892614
716381,0.9294097
716382,0.118991934
716383,0.042177793
716384,0.065552376
716385,0.9247822
716386,0.18289518
716387,0.9526759
716388,0.98764867
716389,0.12677617
716390,0.82375205
716391,0.095643
716392,0.83390677
716393,0.030982465
716394,0.95227444
716395,0.606102
716396,0.8302921
716397,0.017993549
716398,0.9902805
716399,0.93203574
716400,0.0028742321
716401,0.09224634
716402,0.012486773
716403,0.06917431
716404,0.9676009
716405,0.98664093
716406,0.019926501
716407,0.98476595
716408,0.025207926
716409,0.3262822
716410,0.98970383
716411,0.23966487
716412,0.972257
716413,0.99710715
716414,0.8420264
716415,0.8187488
716416,0.7802696
716417,0.62996006
716418,0.423192
716419,0.9762945
716420,0.98548925
716421,0.99850446
716422,0.12046726
716423,0.03107646
716424,0.78501236
716425,0.9892138
716426,0.011320674
716427,0.73135716
716428,0.7029353
716429,0.77022564
716430,0.11388071
716431,0.029219389
716432,0.9777391
716433,0.6482831
716434,0.99485695
716435,0.009149685
716436,0.16095111
716437,0.290653
716438,0.016795347
716439,0.88007057
716440,0.17507827
716441,0.9759625
716442,0.88285303
716443,0.024996419
716444,0.815025
716445,0.96629876
716446,0.7131803
716447,0.1624997
716448,0.43715566
716449,0.8832721
716450,0.9347894
716451,0.018320225
716452,0.13676766
716453,0.79267377
716454,0.9256754
716455,0.7313535
716456,0.9815587
716457,0.6632332
716458,0.011115969
716459,0.009183722
716460,0.9132483
716461,0.4495659
716462,0.94259083
716463,0.02433624
716464,0.75932586
716465,0.037950534
716466,0.9803845
716467,0.79283667
716468,0.9956404
716469,0.014237592
716470,0.18225402
716471,0.064910874
716472,0.9858281
716473,0.08699371
716474,0.9306825
716475,0.007206356
716476,0.02991651
716477,0.0029963115
716478,0.9950981
716479,0.01756789
716480,0.08692191
716481,0.99086
716482,0.9672511
716483,0.15355346
716484,0.030455787
716485,0.044866107
716486,0.98721206
716487,0.0080011785
716488,0.45286274
716489,0.97722703
716490,0.049857296
716491,0.045737427
716492,0.010249775
716493,0.99621105
716494,0.11835539
716495,0.3292729
716496,0.017879749
716497,0.026325015
716498,0.10186026
716499,0.9996023
716500,0.77919054
716501,0.025119554
716502,0.8241745
716503,0.99920857
716504,0.06730915
716505,0.97405577
716506,0.0011512323
716507,0.5841218
716508,0.017838536
716509,0.102902584
716510,0.91188747
716511,0.109192856
716512,0.009134004
716513,0.9866987
716514,0.056773946
716515,0.4592036
716516,0.19327994
716517,0.026799703
716518,0.032260504
716519,0.94580305
716520,0.95647764
716521,0.048458528
716522,0.30139518
716523,0.9946246
716524,0.27795893
716525,0.26973808
716526,0.15572523
716527,0.65744317
716528,0.961072
716529,0.9375607
716530,0.07529114
716531,0.03889598
716532,0.006173946
716533,0.98209435
716534,0.09392262
716535,0.16371118
716536,0.73910904
716537,0.17097856
716538,0.8621917
716539,0.45654204
716540,0.08222008
716541,0.50335467
716542,0.0119629055
716543,0.4702836
716544,0.98807144
716545,0.018395303
716546,0.99839044
716547,0.9989828
716548,0.44942933
716549,0.9446913
716550,0.029631168
716551,0.45437118
716552,0.038205504
716553,0.99004453
716554,0.047353964
716555,0.018983686
716556,0.99588555
716557,0.011408418
716558,0.99853694
716559,0.99411535
716560,0.93548226
716561,0.41115808
716562,0.9411734
716563,0.91645586
716564,0.06660412
716565,0.80369836
716566,0.96341634
716567,0.035198677
716568,0.95062447
716569,0.99262965
716570,0.7744764
716571,0.9893863
716572,0.03431073
716573,0.1086837
716574,0.023006177
716575,0.019650862
716576,0.99592805
716577,0.9895353
716578,0.33432302
716579,0.35578668
716580,0.96845305
716581,0.7785384
716582,0.033880185
716583,0.124938175
716584,0.010125466
716585,0.009313827
716586,0.9581654
716587,0.09349118
716588,0.16203168
716589,0.99325424
716590,0.044405147
716591,0.037270922
716592,0.75001585
716593,0.95543104
716594,0.14422505
716595,0.27873775
716596,0.104403384
716597,0.003893023
716598,0.4413407
716599,0.99404466
716600,0.029913526
716601,0.022692928
716602,0.96110654
716603,0.998418
716604,0.1080494
716605,0.99447787
716606,0.022107933
716607,0.06833747
716608,0.025865786
716609,0.61089844
716610,0.29073268
716611,0.4711784
716612,0.8538204
716613,0.9650931
716614,0.44048312
716615,0.014783601
716616,0.99524087
716617,0.70734596
716618,0.027789712
716619,0.7500797
716620,0.9421901
716621,0.013629997
716622,0.9918864
716623,0.009458243
716624,0.8192638
716625,0.02524953
716626,0.03682673
716627,0.043486707
716628,0.13018441
716629,0.9947516
716630,0.0155870095
716631,0.18017921
716632,0.00128066
716633,0.915494
716634,0.07849413
716635,0.007469145
716636,0.19708303
716637,0.5320669
716638,0.86608267
716639,0.94702846
716640,0.045398064
716641,0.9838755
716642,0.0055833333
716643,0.97385025
716644,0.10066558
716645,0.0135418
716646,0.033522934
716647,0.15027039
716648,0.99867177
716649,0.91231495
716650,0.9950578
716651,0.9548487
716652,0.026429066
716653,0.002192555
716654,0.98929083
716655,0.0393333
716656,0.9814337
716657,0.9357323
716658,0.99963796
716659,0.03093058
716660,0.72081524
716661,0.87540686
716662,0.39912644
716663,0.71310395
716664,0.015922256
716665,0.061391573
716666,0.97147
716667,0.05452878
716668,0.09741163
716669,0.006098693
716670,0.33208042
716671,0.7465534
716672,0.031588055
716673,0.6195153
716674,0.06438239
716675,0.414612
716676,0.0034508633
716677,0.058698893
716678,0.9917228
716679,0.81420475
716680,0.93865716
716681,0.99811673
716682,0.970261
716683,0.09096153
716684,0.14154539
716685,0.010586087
716686,0.07960144
716687,0.8993492
716688,0.03080486
716689,0.14119181
716690,0.6099045
716691,0.27501342
716692,0.6261728
716693,0.97750616
716694,0.9945351
716695,0.9920699
716696,0.9560728
716697,0.009730941
716698,0.18358706
716699,0.99091303
716700,0.019660413
716701,0.9117278
716702,0.23824903
716703,0.07567006
716704,0.9709145
716705,0.08394264
716706,0.57155323
716707,0.02453359
716708,0.60647964
716709,0.12293037
716710,0.9575331
716711,0.81961507
716712,0.009102513
716713,0.05956211
716714,0.013171666
716715,0.05714746
716716,0.9800264
716717,0.18406732
716718,0.010633004
716719,0.044269484
716720,0.46182185
716721,0.92224914
716722,0.9654987
716723,0.09920423
716724,0.98603374
716725,0.9333992
716726,0.009988067
716727,0.110506654
716728,0.014886841
716729,0.99437994
716730,0.10473836
716731,0.98050755
716732,0.06659667
716733,0.0037749894
716734,0.047493514
716735,0.9917397
716736,0.07346891
716737,0.01899574
716738,0.4626362
716739,0.16350701
716740,0.99084353
716741,0.04992221
716742,0.25728023
716743,0.999499
716744,0.012932083
716745,0.6276431
716746,0.871618
716747,0.12635699
716748,0.040587902
716749,0.019283623
716750,0.2593117
716751,0.78066593
716752,0.023448247
716753,0.17817506
716754,0.2128843
716755,0.96480256
716756,0.27245843
716757,0.023135329
716758,0.12596679
716759,0.1553516
716760,0.850788
716761,0.8394646
716762,0.03051521
716763,0.95116556
716764,0.2996865
716765,0.03939427
716766,0.29038712
716767,0.99736893
716768,0.9751727
716769,0.7662241
716770,0.14986846
716771,0.007544413
716772,0.033555057
716773,0.02213601
716774,0.053382933
716775,0.14128508
716776,0.025036301
716777,0.64326876
716778,0.894132
716779,0.53375804
716780,0.9845737
716781,0.9906269
716782,0.96004665
716783,0.048870582
716784,0.98018444
716785,0.9505425
716786,0.99940646
716787,0.26657104
716788,0.24396218
716789,0.76970476
716790,0.9947493
716791,0.9655537
716792,0.9467262
716793,0.8868904
716794,0.013617926
716795,0.9267926
716796,0.7820391
716797,0.57395345
716798,0.015253898
716799,0.44715804
716800,0.37617835
716801,0.010050289
716802,0.015346391
716803,0.98541147
716804,0.048213016
716805,0.38849223
716806,0.02602248
716807,0.96696085
716808,0.9851775
716809,0.028704869
716810,0.95918137
716811,0.96507996
716812,0.0731539
716813,0.99576104
716814,0.9902537
716815,0.9823825
716816,0.0028524913
716817,0.62678415
716818,0.81486815
716819,0.99866295
716820,0.99910897
716821,0.97591174
716822,0.99194825
716823,0.98306626
716824,0.08241168
716825,0.17728718
716826,0.15044063
716827,0.7750451
716828,0.09926441
716829,0.11692716
716830,0.97268456
716831,0.876938
716832,0.7117877
716833,0.011252808
716834,0.9549672
716835,0.041254796
716836,0.05137274
716837,0.97846776
716838,0.98430365
716839,0.9872038
716840,0.01696128
716841,0.036927175
716842,0.018915089
716843,0.7996539
716844,0.0036241629
716845,0.98695356
716846,0.9986551
716847,0.91934365
716848,0.7509259
716849,0.035937995
716850,0.021510758
716851,0.02069034
716852,0.8898526
716853,0.6428
716854,0.6067078
716855,0.98603845
716856,0.7809229
716857,0.9964867
716858,0.52589095
716859,0.14024098
716860,0.13003379
716861,0.1324727
716862,0.9513863
716863,0.11021567
716864,0.958513
716865,0.86274815
716866,0.023408826
716867,0.5108885
716868,0.9354849
716869,0.07593978
716870,0.9821954
716871,0.12871484
716872,0.12137532
716873,0.5724847
716874,0.8063931
716875,0.306073
716876,0.01642271
716877,0.9863138
716878,0.16115454
716879,0.9997798
716880,0.07126944
716881,0.79291505
716882,0.83617747
716883,0.17121628
716884,0.9612179
716885,0.12693784
716886,0.993976
716887,0.0054845456
716888,0.0025680321
716889,0.08947727
716890,0.9422876
716891,0.433558
716892,0.08200897
716893,0.1920645
716894,0.3593532
716895,0.9552437
716896,0.00824781
716897,0.7240648
716898,0.1089451
716899,0.030116765
716900,0.46169695
716901,0.02388333
716902,0.91517967
716903,0.07386036
716904,0.9939914
716905,0.13342261
716906,0.1849011
716907,0.9828901
716908,0.91238606
716909,0.035301108
716910,0.01063423
716911,0.10326666
716912,0.9697245
716913,0.8060435
716914,0.08442981
716915,0.015148932
716916,0.03884516
716917,0.036183
716918,0.19549152
716919,0.00821705
716920,0.9295778
716921,0.008046178
716922,0.00974468
716923,0.0049280766
716924,0.89554626
716925,0.08176408
716926,0.03308829
716927,0.26343215
716928,0.06380901
716929,0.056805138
716930,0.021076338
716931,0.8689775
716932,0.017403152
716933,0.9878259
716934,0.08077676
716935,0.9520478
716936,0.19610947
716937,0.6565675
716938,0.21001989
716939,0.10643954
716940,0.025372423
716941,0.86347735
716942,0.7717879
716943,0.63277996
716944,0.68835866
716945,0.51993597
716946,0.23716393
716947,0.13482086
716948,0.1343521
716949,0.7316394
716950,0.6822475
716951,0.022086646
716952,0.21665615
716953,0.9863833
716954,0.03172053
716955,0.008793397
716956,0.50919306
716957,0.33327633
716958,0.12203531
716959,0.009872276
716960,0.98162544
716961,0.0075339824
716962,0.93163466
716963,0.99831975
716964,0.07685871
716965,0.033381402
716966,0.88871676
716967,0.97954786
716968,0.0416746
716969,0.019101512
716970,0.49801475
716971,0.9941819
716972,0.0055200406
716973,0.0061251293
716974,0.019581515
716975,0.110195324
716976,0.0061428957
716977,0.83880585
716978,0.0100842565
716979,0.1508185
716980,0.016160587
716981,0.1434497
716982,0.916189
716983,0.85155857
716984,0.9892622
716985,0.1337518
716986,0.92484903
716987,0.018984264
716988,0.02636389
716989,0.95407134
716990,0.32989115
716991,0.99656045
716992,0.9507988
716993,0.63413674
716994,0.8542483
716995,0.006155892
716996,0.029295284
716997,0.009468314
716998,0.1337589
716999,0.5766319
717000,0.99293643
717001,0.6586121
717002,0.13188392
717003,0.9599701
717004,0.68396795
717005,0.25771064
717006,0.4039399
717007,0.9267797
717008,0.79266787
717009,0.01080356
717010,0.579769
717011,0.04880716
717012,0.045479354
717013,0.030482668
717014,0.9987462
717015,0.9584221
717016,0.93822443
717017,0.8312364
717018,0.42750934
717019,0.5083362
717020,0.0033397684
717021,0.43140465
717022,0.0017731499
717023,0.75571156
717024,0.982611
717025,0.767025
717026,0.043632343
717027,0.9973841
717028,0.7414382
717029,0.008165523
717030,0.009424223
717031,0.029268628
717032,0.00896998
717033,0.82823694
717034,0.052240226
717035,0.919968
717036,0.03182253
717037,0.41447964
717038,0.09784441
717039,0.009905819
717040,0.5455203
717041,0.9895197
717042,0.9654851
717043,0.08450622
717044,0.4218452
717045,0.012791453
717046,0.055876702
717047,0.017510721
717048,0.009533124
717049,0.15195835
717050,0.99397784
717051,0.7030919
717052,0.07277731
717053,0.15409909
717054,0.96982646
717055,0.8335481
717056,0.5763439
717057,0.9084903
717058,0.6676067
717059,0.05340613
717060,0.42911634
717061,0.013332613
717062,0.052552696
717063,0.7504575
717064,0.04334665
717065,0.310834
717066,0.9942566
717067,0.0053327144
717068,0.0067765824
717069,0.031960696
717070,0.92435795
717071,0.43932694
717072,0.0020806654
717073,0.0032028109
717074,0.026425084
717075,0.9394313
717076,0.06637615
717077,0.9355656
717078,0.9963085
717079,0.98985475
717080,0.003933206
717081,0.8853146
717082,0.1798751
717083,0.023807943
717084,0.99665654
717085,0.95888793
717086,0.069869235
717087,0.013872132
717088,0.010323661
717089,0.12884738
717090,0.01818205
717091,0.97430456
717092,0.003595468
717093,0.8367631
717094,0.50766206
717095,0.7287221
717096,0.58104897
717097,0.031870622
717098,0.97903436
717099,0.9909741
717100,0.98792565
717101,0.01019032
717102,0.009638879
717103,0.011909204
717104,0.45639598
717105,0.77596873
717106,0.065094545
717107,0.99528384
717108,0.99665815
717109,0.038360097
717110,0.91006577
717111,0.025169812
717112,0.9902481
717113,0.98772156
717114,0.004178793
717115,0.93712795
717116,0.97235787
717117,0.028993394
717118,0.013971297
717119,0.19384381
717120,0.23266548
717121,0.89170414
717122,0.3701238
717123,0.062959544
717124,0.97885
717125,0.38499448
717126,0.63942325
717127,0.02018262
717128,0.005879386
717129,0.2009372
717130,0.9925788
717131,0.028590921
717132,0.2696227
717133,0.87383103
717134,0.9957855
717135,0.28589678
717136,0.1629698
717137,0.99844325
717138,0.15035231
717139,0.026576478
717140,0.22085479
717141,0.070935115
717142,0.9843199
717143,0.0028715273
717144,0.8512653
717145,0.09459492
717146,0.9319229
717147,0.89586747
717148,0.1572753
717149,0.03904234
717150,0.02237698
717151,0.015976992
717152,0.20186824
717153,0.99579316
717154,0.6713315
717155,0.4431204
717156,0.19384044
717157,0.5076072
717158,0.0233172
717159,0.03224515
717160,0.08809091
717161,0.47211626
717162,0.10345924
717163,0.46533877
717164,0.022910029
717165,0.15012038
717166,0.829233
717167,0.107111044
717168,0.1645957
717169,0.4609033
717170,0.69874954
717171,0.996772
717172,0.1385101
717173,0.38590008
717174,0.011222311
717175,0.7182436
717176,0.6692058
717177,0.02085175
717178,0.8088515
717179,0.8152159
717180,0.13671604
717181,0.011636582
717182,0.05246457
717183,0.9458419
717184,0.096915305
717185,0.010466573
717186,0.034238745
717187,0.013330945
717188,0.020872973
717189,0.0006404885
717190,0.035000656
717191,0.043495137
717192,0.23790549
717193,0.50263274
717194,0.31046113
717195,0.021753507
717196,0.06533481
717197,0.081439406
717198,0.18459013
717199,0.86213976
717200,0.045800544
717201,0.059607536
717202,0.005228982
717203,0.15232512
717204,0.07672859
717205,0.27003875
717206,0.025941517
717207,0.98394597
717208,0.9911111
717209,0.8769767
717210,0.07050048
717211,0.9908534
717212,0.19615757
717213,0.58522844
717214,0.29996854
717215,0.0048266463
717216,0.9853015
717217,0.64239764
717218,0.0028901375
717219,0.24618553
717220,0.3989566
717221,0.60400414
717222,0.80147743
717223,0.0033914614
717224,0.4961657
717225,0.9011798
717226,0.9408706
717227,0.06630914
717228,0.67554116
717229,0.9497454
717230,0.36516058
717231,0.080773115
717232,0.013170256
717233,0.5386209
717234,0.90826845
717235,0.0016879786
717236,0.99907625
717237,0.87824506
717238,0.17245314
717239,0.28596398
717240,0.081456214
717241,0.77914107
717242,0.014289035
717243,0.010355863
717244,0.009970982
717245,0.0023962725
717246,0.989965
717247,0.0047914535
717248,0.029601362
717249,0.9905654
717250,0.1325088
717251,0.46740726
717252,0.6673267
717253,0.9644837
717254,0.8866852
717255,0.84688306
717256,0.03731202
717257,0.8451533
717258,0.027242467
717259,0.01056612
717260,0.03336313
717261,0.028973639
717262,0.92131996
717263,0.83471215
717264,0.06773386
717265,0.99751467
717266,0.044892687
717267,0.01069773
717268,0.8879075
717269,0.013693675
717270,0.69225407
717271,0.010853786
717272,0.2970944
717273,0.11315246
717274,0.08588648
717275,0.09034057
717276,0.09513014
717277,0.0535166
717278,0.9800066
717279,0.89027905
717280,0.94819844
717281,0.9975359
717282,0.013062855
717283,0.7883755
717284,0.5960345
717285,0.28897098
717286,0.033638343
717287,0.068791
717288,0.09365334
717289,0.017346717
717290,0.9981184
717291,0.98555034
717292,0.03829541
717293,0.9504793
717294,0.002930582
717295,0.055952307
717296,0.008673449
717297,0.4624659
717298,0.0120313335
717299,0.07395899
717300,0.3867487
717301,0.97957754
717302,0.029328194
717303,0.10546859
717304,0.91216534
717305,0.9892332
717306,0.9690417
717307,0.14960396
717308,0.5165711
717309,0.71717924
717310,0.04005848
717311,0.022814719
717312,0.98984873
717313,0.9744766
717314,0.96555907
717315,0.23589668
717316,0.99724853
717317,0.005438542
717318,0.9956501
717319,0.9583834
717320,0.042249694
717321,0.075091116
717322,0.99764943
717323,0.047635987
717324,0.0036132033
717325,0.018070586
717326,0.007945045
717327,0.07861749
717328,0.7661111
717329,0.003079962
717330,0.9715153
717331,0.008772587
717332,0.98269486
717333,0.44999805
717334,0.19212124
717335,0.99843943
717336,0.96181697
717337,0.9720574
717338,0.055951476
717339,0.024996724
717340,0.95677406
717341,0.13829258
717342,0.023690533
717343,0.4177801
717344,0.79467326
717345,0.07506025
717346,0.33040726
717347,0.4179101
717348,0.007336677
717349,0.98815465
717350,0.010389256
717351,0.014007486
717352,0.98095953
717353,0.037753236
717354,0.15613556
717355,0.19725375
717356,0.4401462
717357,0.6295022
717358,0.9404528
717359,0.9068556
717360,0.17939878
717361,0.964333
717362,0.83519644
717363,0.99551654
717364,0.9735686
717365,0.03733522
717366,0.06545873
717367,0.36244214
717368,0.0044202227
717369,0.08234428
717370,0.9825783
717371,0.008728932
717372,0.99692273
717373,0.011794205
717374,0.04114789
717375,0.012853383
717376,0.01291151
717377,0.40976444
717378,0.90466857
717379,0.010381115
717380,0.7431158
717381,0.004819255
717382,0.9980951
717383,0.03255256
717384,0.47846082
717385,0.20828903
717386,0.8583842
717387,0.12652323
717388,0.9387873
717389,0.9194223
717390,0.0065619648
717391,0.066071175
717392,0.10188503
717393,0.016155079
717394,0.9845685
717395,0.8763335
717396,0.064676195
717397,0.9831708
717398,0.0536259
717399,0.0029977725
717400,0.025799084
717401,0.9962343
717402,0.93592286
717403,0.84819114
717404,0.0039032807
717405,0.16128269
717406,0.97128195
717407,0.2769069
717408,0.10046159
717409,0.8002547
717410,0.24847318
717411,0.3004091
717412,0.01213018
717413,0.07093705
717414,0.9681628
717415,0.029280592
717416,0.3329682
717417,0.968139
717418,0.009089551
717419,0.8609686
717420,0.5343386
717421,0.98557127
717422,0.9094652
717423,0.0044986205
717424,0.554533
717425,0.9829461
717426,0.9667613
717427,0.8225247
717428,0.59793854
717429,0.040164206
717430,0.9143766
717431,0.04742157
717432,0.003305898
717433,0.043650113
717434,0.008283483
717435,0.04700154
717436,0.8405153
717437,0.05717387
717438,0.96122617
717439,0.9879981
717440,0.8960963
717441,0.012695851
717442,0.020510042
717443,0.9939233
717444,0.8821899
717445,0.040947873
717446,0.04020632
717447,0.5826967
717448,0.94337547
717449,0.98842764
717450,0.10017638
717451,0.916466
717452,0.9346487
717453,0.05091223
717454,0.013233266
717455,0.13128074
717456,0.06345992
717457,0.20410016
717458,0.7957412
717459,0.081762545
717460,0.0052814884
717461,0.9961526
717462,0.19142571
717463,0.003330669
717464,0.009371485
717465,0.47877735
717466,0.006097458
717467,0.9750216
717468,0.24629335
717469,0.97718084
717470,0.6750659
717471,0.061411172
717472,0.9984065
717473,0.35977474
717474,0.22814381
717475,0.21114533
717476,0.8924929
717477,0.0017268786
717478,0.07062796
717479,0.9942695
717480,0.04507702
717481,0.038684502
717482,0.19438297
717483,0.7628659
717484,0.8832089
717485,0.6063193
717486,0.25699386
717487,0.031409983
717488,0.0093269
717489,0.54508126
717490,0.972144
717491,0.25275627
717492,0.02024874
717493,0.56424797
717494,0.0046788948
717495,0.0034702765
717496,0.0050640358
717497,0.0046335366
717498,0.99687773
717499,0.026479425
717500,0.0048842197
717501,0.7808006
717502,0.87403893
717503,0.0049955454
717504,0.9983659
717505,0.31386453
717506,0.8890062
717507,0.9459371
717508,0.113875866
717509,0.80800205
717510,0.24540687
717511,0.88079953
717512,0.912805
717513,0.6804382
717514,0.16969998
717515,0.78226084
717516,0.048392963
717517,0.02490053
717518,0.0132879885
717519,0.0034178705
717520,0.024009714
717521,0.9719864
717522,0.6003925
717523,0.74197483
717524,0.47668374
717525,0.941088
717526,0.009659772
717527,0.8242572
717528,0.9940329
717529,0.9765065
717530,0.3713472
717531,0.99918795
717532,0.94250935
717533,0.9931631
717534,0.95804596
717535,0.003950433
717536,0.16270873
717537,0.23649707
717538,0.03781563
717539,0.030819241
717540,0.8643076
717541,0.531771
717542,0.048376545
717543,0.90269995
717544,0.8702572
717545,0.99363637
717546,0.1585604
717547,0.9516262
717548,0.40291962
717549,0.010590932
717550,0.38543436
717551,0.89790213
717552,0.91925526
717553,0.8966804
717554,0.97779953
717555,0.9936482
717556,0.9848362
717557,0.017250432
717558,0.41872695
717559,0.028794164
717560,0.9989806
717561,0.9898175
717562,0.869634
717563,0.98634523
717564,0.0057000895
717565,0.9061339
717566,0.062342778
717567,0.29905668
717568,0.035688315
717569,0.2619742
717570,0.96607286
717571,0.020051645
717572,0.9900799
717573,0.040475897
717574,0.030622235
717575,0.0155313555
717576,0.87401456
717577,0.013176615
717578,0.05055493
717579,0.0028600919
717580,0.9997152
717581,0.014399386
717582,0.4883646
717583,0.098187566
717584,0.8802209
717585,0.8252526
717586,0.09387643
717587,0.28458598
717588,0.02116552
717589,0.07108692
717590,0.027815394
717591,0.9947299
717592,0.98817104
717593,0.07041569
717594,0.0060174307
717595,0.70905817
717596,0.9928795
717597,0.00858446
717598,0.9760782
717599,0.2282387
717600,0.22077654
717601,0.015071296
717602,0.10170847
717603,0.20575233
717604,0.96304274
717605,0.69960475
717606,0.84403753
717607,0.94103277
717608,0.9788437
717609,0.014002584
717610,0.033190813
717611,0.52460843
717612,0.002945378
717613,0.0073308987
717614,0.008981184
717615,0.6749002
717616,0.97984755
717617,0.84233195
717618,0.6950842
717619,0.031358644
717620,0.9890117
717621,0.99231
717622,0.9608638
717623,0.11643213
717624,0.9820402
717625,0.96910965
717626,0.012151533
717627,0.032808308
717628,0.043381345
717629,0.021819722
717630,0.9302448
717631,0.029103115
717632,0.003086732
717633,0.033732206
717634,0.018147426
717635,0.4844616
717636,0.9774597
717637,0.09294082
717638,0.032416213
717639,0.026569324
717640,0.016766444
717641,0.012472529
717642,0.1868495
717643,0.02370251
717644,0.0057871
717645,0.016835159
717646,0.91457796
717647,0.020458993
717648,0.98401755
717649,0.01603609
717650,0.7722647
717651,0.86307293
717652,0.13709186
717653,0.039137453
717654,0.8329706
717655,0.70625466
717656,0.0019191538
717657,0.36698478
717658,0.077995524
717659,0.03262709
717660,0.9555793
717661,0.008038326
717662,0.9135948
717663,0.1956056
717664,0.034143858
717665,0.9814445
717666,0.15208545
717667,0.84494984
717668,0.028435161
717669,0.9966158
717670,0.9894119
717671,0.9748442
717672,0.6905018
717673,0.88177925
717674,0.2056652
717675,0.017657682
717676,0.890966
717677,0.90728045
717678,0.63712215
717679,0.014508716
717680,0.0064699855
717681,0.9779293
717682,0.05549989
717683,0.9651412
717684,0.06411718
717685,0.06171574
717686,0.008547637
717687,0.9806155
717688,0.9449375
717689,0.0954481
717690,0.61352175
717691,0.02268807
717692,0.48883235
717693,0.046950795
717694,0.8631216
717695,0.10580579
717696,0.0050554066
717697,0.016756171
717698,0.9528009
717699,0.8996833
717700,0.92989516
717701,0.9938129
717702,0.56445646
717703,0.68888843
717704,0.13974638
717705,0.048699036
717706,0.95176566
717707,0.5048151
717708,0.013154298
717709,0.05163613
717710,0.08537525
717711,0.6683811
717712,0.99615765
717713,0.03758462
717714,0.9891734
717715,0.32244676
717716,0.35342538
717717,0.9597659
717718,0.21260527
717719,0.9797497
717720,0.6605479
717721,0.04162892
717722,0.20771989
717723,0.19270714
717724,0.060410164
717725,0.8602933
717726,0.99849886
717727,0.9990108
717728,0.025179878
717729,0.023697771
717730,0.9990418
717731,0.322218
717732,0.016380684
717733,0.9893204
717734,0.021234782
717735,0.9834435
717736,0.96405864
717737,0.93264663
717738,0.0064302734
717739,0.9881613
717740,0.7986587
717741,0.9991453
717742,0.09448111
717743,0.5571158
717744,0.99806666
717745,0.99837464
717746,0.011171423
717747,0.037110914
717748,0.24238269
717749,0.90798587
717750,0.07479416
717751,0.11619848
717752,0.10935741
717753,0.6563504
717754,0.9494278
717755,0.23067524
717756,0.99235046
717757,0.0058411676
717758,0.73260534
717759,0.990346
717760,0.99917454
717761,0.9600551
717762,0.89663064
717763,0.97265935
717764,0.095823795
717765,0.04927525
717766,0.017190907
717767,0.009163785
717768,0.07015577
717769,0.12562853
717770,0.9744985
717771,0.99518824
717772,0.009019755
717773,0.005606485
717774,0.42856115
717775,0.7882551
717776,0.0681114
717777,0.93402016
717778,0.20872687
717779,0.013178466
717780,0.9286628
717781,0.9960271
717782,0.904363
717783,0.00892988
717784,0.70642173
717785,0.89493674
717786,0.93240595
717787,0.33301598
717788,0.9969374
717789,0.0006872472
717790,0.036695495
717791,0.92856944
717792,0.17195526
717793,0.027299115
717794,0.56439924
717795,0.0062076524
717796,0.08129023
717797,0.90534633
717798,0.9318255
717799,0.010936577
717800,0.9210186
717801,0.15180922
717802,0.9981244
717803,0.0042725885
717804,0.83814234
717805,0.9859352
717806,0.15968648
717807,0.045594938
717808,0.0052500097
717809,0.0830724
717810,0.08480046
717811,0.048805907
717812,0.012856463
717813,0.005417144
717814,0.9605463
717815,0.00237509
717816,0.9814017
717817,0.15706441
717818,0.98543084
717819,0.04388391
717820,0.025663113
717821,0.001065964
717822,0.91938657
717823,0.02239702
717824,0.61093855
717825,0.83053076
717826,0.21405774
717827,0.8023255
717828,0.99949265
717829,0.030235907
717830,0.4212751
717831,0.07635421
717832,0.11817099
717833,0.014365166
717834,0.03481243
717835,0.111518584
717836,0.47030473
717837,0.03479516
717838,0.89794147
717839,0.1404936
717840,0.1993948
717841,0.010160133
717842,0.11286883
717843,0.11182305
717844,0.024312127
717845,0.39259747
717846,0.0033677751
717847,0.0026421803
717848,0.41469932
717849,0.44065946
717850,0.043509826
717851,0.98350596
717852,0.8094001
717853,0.016561944
717854,0.01833161
717855,0.0038154158
717856,0.9906999
717857,0.0964916
717858,0.80878705
717859,0.11544342
717860,0.026378836
717861,0.8314084
717862,0.9954674
717863,0.006066155
717864,0.08210977
717865,0.0952629
717866,0.04198779
717867,0.0057394467
717868,0.99958664
717869,0.03039907
717870,0.0210898
717871,0.9929581
717872,0.0069931964
717873,0.94886655
717874,0.04581866
717875,0.14520858
717876,0.939127
717877,0.11979315
717878,0.34723625
717879,0.6673887
717880,0.64780223
717881,0.60737455
717882,0.99638665
717883,0.78532463
717884,0.7003491
717885,0.97291833
717886,0.253666
717887,0.013512686
717888,0.99257624
717889,0.95196956
717890,0.204724
717891,0.99921423
717892,0.02677722
717893,0.66785336
717894,0.08120398
717895,0.8149537
717896,0.3703224
717897,0.078049704
717898,0.7743958
717899,0.039676674
717900,0.010810163
717901,0.0127699105
717902,0.052800592
717903,0.024561964
717904,0.001486135
717905,0.9790033
717906,0.99171525
717907,0.3260587
717908,0.8419412
717909,0.2216874
717910,0.08510547
717911,0.030397335
717912,0.11704036
717913,0.23819436
717914,0.9902065
717915,0.29927492
717916,0.993824
717917,0.92349464
717918,0.8970144
717919,0.92459655
717920,0.9881114
717921,0.10520433
717922,0.021043168
717923,0.97724235
717924,0.17147848
717925,0.10516346
717926,0.17724812
717927,0.42455533
717928,0.036935892
717929,0.99404883
717930,0.03484
717931,0.21587253
717932,0.02108443
717933,0.2097585
717934,0.04235723
717935,0.095305696
717936,0.03222814
717937,0.07812552
717938,0.030926794
717939,0.056711383
717940,0.9868734
717941,0.99654454
717942,0.017598577
717943,0.02721684
717944,0.20456669
717945,0.11008124
717946,0.0049335416
717947,0.7752845
717948,0.021972517
717949,0.92599976
717950,0.0013005508
717951,0.05163686
717952,0.7855743
717953,0.23519787
717954,0.5744209
717955,0.101643264
717956,0.98754436
717957,0.9599776
717958,0.9887469
717959,0.967307
717960,0.03385386
717961,0.023035642
717962,0.20717405
717963,0.7773518
717964,0.12039905
717965,0.02082292
717966,0.7062695
717967,0.022490477
717968,0.2876283
717969,0.09715706
717970,0.9867098
717971,0.0015446816
717972,0.7855549
717973,0.9935099
717974,0.15887766
717975,0.01243467
717976,0.1512198
717977,0.105181426
717978,0.022307988
717979,0.23126227
717980,0.028927663
717981,0.061989
717982,0.11523495
717983,0.08110393
717984,0.9901711
717985,0.0094499495
717986,0.7659427
717987,0.015936725
717988,0.21347037
717989,0.028766338
717990,0.08951769
717991,0.1290058
717992,0.9782307
717993,0.88346744
717994,0.57455665
717995,0.82196796
717996,0.035054512
717997,0.7811345
717998,0.048061486
717999,0.98674774
718000,0.15463646
718001,0.9795454
718002,0.0030052545
718003,0.9566642
718004,0.8531682
718005,0.0022099921
718006,0.04283518
718007,0.0013000837
718008,0.9478265
718009,0.9832369
718010,0.97323865
718011,0.35988247
718012,0.51183623
718013,0.9780606
718014,0.05222105
718015,0.7387192
718016,0.8145492
718017,0.007588049
718018,0.0031009298
718019,0.95038176
718020,0.3727979
718021,0.14444986
718022,0.98934007
718023,0.99216086
718024,0.08232705
718025,0.97364986
718026,0.28281608
718027,0.014512435
718028,0.004077212
718029,0.6916485
718030,0.41020304
718031,0.013820364
718032,0.018609755
718033,0.062653355
718034,0.9727878
718035,0.997318
718036,0.9743546
718037,0.071750395
718038,0.85927
718039,0.9738369
718040,0.9070656
718041,0.8005731
718042,0.19033438
718043,0.3125126
718044,0.95849925
718045,0.6483861
718046,0.00932458
718047,0.9954231
718048,0.007809328
718049,0.13936554
718050,0.27430665
718051,0.027578402
718052,0.017635569
718053,0.4650545
718054,0.97862446
718055,0.81656533
718056,0.22854453
718057,0.6777843
718058,0.06753608
718059,0.8464912
718060,0.023720423
718061,0.021740101
718062,0.9951857
718063,0.15836844
718064,0.93175226
718065,0.9959691
718066,0.97240484
718067,0.98810595
718068,0.7836502
718069,0.9873262
718070,0.74099094
718071,0.99908537
718072,0.99790466
718073,0.99714404
718074,0.9908562
718075,0.09396959
718076,0.9899169
718077,0.9922123
718078,0.09256551
718079,0.99749327
718080,0.87100387
718081,0.47866532
718082,0.084384985
718083,0.9641708
718084,0.89858097
718085,0.087699234
718086,0.033441123
718087,0.111814275
718088,0.95785713
718089,0.0032684535
718090,0.0035835847
718091,0.8955631
718092,0.26763418
718093,0.1810738
718094,0.015833037
718095,0.6740786
718096,0.2632896
718097,0.9570894
718098,0.032300934
718099,0.9990037
718100,0.0029832372
718101,0.03548167
718102,0.20565441
718103,0.9545727
718104,0.050061464
718105,0.0079801595
718106,0.034956805
718107,0.112392664
718108,0.9985182
718109,0.055595275
718110,0.03252737
718111,0.9170164
718112,0.966187
718113,0.6723855
718114,0.02538194
718115,0.0046033915
718116,0.012907196
718117,0.10485241
718118,0.9717976
718119,0.99214435
718120,0.04956396
718121,0.08620909
718122,0.98543125
718123,0.33201006
718124,0.96203804
718125,0.064125866
718126,0.99724877
718127,0.99809307
718128,0.9966499
718129,0.021135945
718130,0.101407066
718131,0.007761769
718132,0.94189876
718133,0.9896459
718134,0.08883775
718135,0.072271585
718136,0.99396807
718137,0.9824883
718138,0.76617324
718139,0.9842435
718140,0.97481495
718141,0.5558216
718142,0.008252041
718143,0.993926
718144,0.95989174
718145,0.9961542
718146,0.83697957
718147,0.34587908
718148,0.95669305
718149,0.023814226
718150,0.9997937
718151,0.76589185
718152,0.23071672
718153,0.99751484
718154,0.02005817
718155,0.01939348
718156,0.27499446
718157,0.037391435
718158,0.8071948
718159,0.17479973
718160,0.94071585
718161,0.9329499
718162,0.13193682
718163,0.01672268
718164,0.1558922
718165,0.8663409
718166,0.058186214
718167,0.5277642
718168,0.964451
718169,0.6032285
718170,0.2958151
718171,0.009219875
718172,0.0280789
718173,0.029726133
718174,0.042789213
718175,0.19801691
718176,0.009776033
718177,0.995595
718178,0.41041666
718179,0.955645
718180,0.5318466
718181,0.84297943
718182,0.9965763
718183,0.1378955
718184,0.72993875
718185,0.002931538
718186,0.9954444
718187,0.9101164
718188,0.98899436
718189,0.93630123
718190,0.053535014
718191,0.99939096
718192,0.98154664
718193,0.97826725
718194,0.042589482
718195,0.9651071
718196,0.5266602
718197,0.96364784
718198,0.41908905
718199,0.78633296
718200,0.004939268
718201,0.36905134
718202,0.45204633
718203,0.96416616
718204,0.016381428
718205,0.059998333
718206,0.025233073
718207,0.4734327
718208,0.37712812
718209,0.0013834971
718210,0.99402386
718211,0.05432018
718212,0.40488085
718213,0.9640665
718214,0.07703228
718215,0.03927341
718216,0.8701762
718217,0.9320794
718218,0.081152424
718219,0.99495226
718220,0.009449527
718221,0.063182876
718222,0.706139
718223,0.9947176
718224,0.13430047
718225,0.644897
718226,0.0071001193
718227,0.1573862
718228,0.94103765
718229,0.9940365
718230,0.97337663
718231,0.020541675
718232,0.1707687
718233,0.004530581
718234,0.111646265
718235,0.17917213
718236,0.047209345
718237,0.011285363
718238,0.8387802
718239,0.7277123
718240,0.97009563
718241,0.89800423
718242,0.048232514
718243,0.25718918
718244,0.6109178
718245,0.94894034
718246,0.93931353
718247,0.9961402
718248,0.47845
718249,0.05144716
718250,0.98282
718251,0.9610935
718252,0.96679527
718253,0.036844656
718254,0.4890158
718255,0.015438819
718256,0.15594375
718257,0.9823459
718258,0.18642005
718259,0.9973448
718260,0.13440154
718261,0.010902755
718262,0.06969795
718263,0.16375998
718264,0.968087
718265,0.002859525
718266,0.0013713375
718267,0.054276377
718268,0.5430642
718269,0.9745272
718270,0.85146177
718271,0.004609432
718272,0.015907438
718273,0.08610666
718274,0.94021153
718275,0.97057635
718276,0.83367026
718277,0.3769976
718278,0.8119612
718279,0.008027871
718280,0.9962783
718281,0.9810233
718282,0.9852763
718283,0.9481392
718284,0.9737062
718285,0.5814632
718286,0.7789984
718287,0.96836704
718288,0.9880824
718289,0.02183618
718290,0.15226759
718291,0.025766749
718292,0.014710716
718293,0.087593816
718294,0.9978422
718295,0.8614582
718296,0.9823666
718297,0.07519856
718298,0.47773072
718299,0.2928036
718300,0.9137447
718301,0.9775505
718302,0.8306535
718303,0.67133415
718304,0.5882038
718305,0.1130808
718306,0.01791893
718307,0.25176284
718308,0.011563466
718309,0.9814033
718310,0.7713025
718311,0.14751838
718312,0.09799707
718313,0.011046684
718314,0.99880624
718315,0.0061118286
718316,0.01778314
718317,0.18925843
718318,0.9295724
718319,0.9914241
718320,0.9928944
718321,0.051327925
718322,0.99345946
718323,0.00312027
718324,0.9875965
718325,0.94616723
718326,0.78697443
718327,0.93640035
718328,0.031823553
718329,0.96943617
718330,0.9285975
718331,0.2202536
718332,0.026285421
718333,0.0027340234
718334,0.38795936
718335,0.86052996
718336,0.98757255
718337,0.58774805
718338,0.51412624
718339,0.9750649
718340,0.9369608
718341,0.9908675
718342,0.118754745
718343,0.020453494
718344,0.8195536
718345,0.5877898
718346,0.084650114
718347,0.20279443
718348,0.020400021
718349,0.2560279
718350,0.036586504
718351,0.8828491
718352,0.7574043
718353,0.99977976
718354,0.21536404
718355,0.98913693
718356,0.99196136
718357,0.0070277886
718358,0.7692125
718359,0.9353574
718360,0.9337171
718361,0.0237691
718362,0.13508669
718363,0.12836581
718364,0.98375
718365,0.0652378
718366,0.89587116
718367,0.4338196
718368,0.92024446
718369,0.9921961
718370,0.0012127921
718371,0.9740967
718372,0.023659065
718373,0.8607855
718374,0.45283413
718375,0.031378116
718376,0.015210004
718377,0.75792104
718378,0.03370452
718379,0.2128199
718380,0.1400412
718381,0.018669935
718382,0.015163878
718383,0.9821342
718384,0.7955818
718385,0.030911194
718386,0.8534555
718387,0.019043222
718388,0.030977719
718389,0.042637117
718390,0.11278552
718391,0.2600363
718392,0.01008089
718393,0.4155211
718394,0.95708597
718395,0.093422115
718396,0.8689902
718397,0.9976082
718398,0.61181784
718399,0.8016244
718400,0.018481445
718401,0.06869982
718402,0.038673315
718403,0.02752132
718404,0.4008419
718405,0.7857365
718406,0.055336595
718407,0.110715315
718408,0.029631983
718409,0.02936856
718410,0.0048239785
718411,0.79910487
718412,0.8598757
718413,0.0049362076
718414,0.3125975
718415,0.9618441
718416,0.9340169
718417,0.9939263
718418,0.81646866
718419,0.028181598
718420,0.015873931
718421,0.08014993
718422,0.023733862
718423,0.6847795
718424,0.044336155
718425,0.3360133
718426,0.89468795
718427,0.99681145
718428,0.09348169
718429,0.01135304
718430,0.9642366
718431,0.8254063
718432,0.84072053
718433,0.98057246
718434,0.8787755
718435,0.016100207
718436,0.8385669
718437,0.025683766
718438,0.63152856
718439,0.35195506
718440,0.055162396
718441,0.9769034
718442,0.12686637
718443,0.9429279
718444,0.005135099
718445,0.07137708
718446,0.13821064
718447,0.21935448
718448,0.06352399
718449,0.0972756
718450,0.013265021
718451,0.2881325
718452,0.89111906
718453,0.5148083
718454,0.027909447
718455,0.69584906
718456,0.99844146
718457,0.9936148
718458,0.020434089
718459,0.5994984
718460,0.9680052
718461,0.96715474
718462,0.017209135
718463,0.007097584
718464,0.39368367
718465,0.05145145
718466,0.15984078
718467,0.9409245
718468,0.9739256
718469,0.066561386
718470,0.5802523
718471,0.3092929
718472,0.8969154
718473,0.3495632
718474,0.044536676
718475,0.32880667
718476,0.8850776
718477,0.8565284
718478,0.008120383
718479,0.042103343
718480,0.9657618
718481,0.9550903
718482,0.0207664
718483,0.0033872805
718484,0.87353647
718485,0.082668185
718486,0.24838223
718487,0.9213203
718488,0.949272
718489,0.9860051
718490,0.4857673
718491,0.024077464
718492,0.2859128
718493,0.9851134
718494,0.97816986
718495,0.7120379
718496,0.21277644
718497,0.93024635
718498,0.7627619
718499,0.6041227
718500,0.79911184
718501,0.10290175
718502,0.07060397
718503,0.30875522
718504,0.7569227
718505,0.02018023
718506,0.36994046
718507,0.99564046
718508,0.0015800797
718509,0.0071451846
718510,0.2050874
718511,0.0069486885
718512,0.99187326
718513,0.5441239
718514,0.019684028
718515,0.008766866
718516,0.060415983
718517,0.9985261
718518,0.9579187
718519,0.21341035
718520,0.029797615
718521,0.006773119
718522,0.26032636
718523,0.9831149
718524,0.0043473337
718525,0.012724448
718526,0.9789164
718527,0.72061443
718528,0.98415214
718529,0.72085667
718530,0.01747018
718531,0.10034629
718532,0.028943926
718533,0.60367054
718534,0.96198404
718535,0.98119986
718536,0.03030486
718537,0.90626454
718538,0.017186837
718539,0.0042149057
718540,0.7986336
718541,0.995177
718542,0.03397137
718543,0.03937578
718544,0.00818029
718545,0.0076192184
718546,0.87527144
718547,0.56463206
718548,0.032943927
718549,0.031966776
718550,0.28603968
718551,0.95246994
718552,0.0436553
718553,0.0043218452
718554,0.6159137
718555,0.14383072
718556,0.66197807
718557,0.9098129
718558,0.21115711
718559,0.35528684
718560,0.5845785
718561,0.92571306
718562,0.97422785
718563,0.8905494
718564,0.7405279
718565,0.87805974
718566,0.068357915
718567,0.019721596
718568,0.99589753
718569,0.0031654083
718570,0.99114764
718571,0.99084914
718572,0.030236714
718573,0.0063638287
718574,0.8390336
718575,0.018248938
718576,0.6917274
718577,0.94718796
718578,0.006952328
718579,0.94839096
718580,0.5800061
718581,0.0069988454
718582,0.12897585
718583,0.9981201
718584,0.94133747
718585,0.7949496
718586,0.26852414
718587,0.3305599
718588,0.010304536
718589,0.024482511
718590,0.0064002317
718591,0.9519205
718592,0.9600275
718593,0.0045238473
718594,0.0054322393
718595,0.97691905
718596,0.025673993
718597,0.99471664
718598,0.22398773
718599,0.98355144
718600,0.95776707
718601,0.6839173
718602,0.02410005
718603,0.15769498
718604,0.9588648
718605,0.050841928
718606,0.01623603
718607,0.035247512
718608,0.95247996
718609,0.9921291
718610,0.8656194
718611,0.058230247
718612,0.002882863
718613,0.0028878038
718614,0.4537202
718615,0.12279217
718616,0.98300207
718617,0.9985935
718618,0.04059445
718619,0.9759077
718620,0.7431978
718621,0.27265707
718622,0.9942366
718623,0.9952394
718624,0.04531815
718625,0.023811352
718626,0.018744566
718627,0.6392753
718628,0.39726418
718629,0.085604176
718630,0.23068193
718631,0.7194376
718632,0.3178633
718633,0.04473994
718634,0.3438176
718635,0.01148781
718636,0.4054489
718637,0.1482754
718638,0.96606785
718639,0.007049076
718640,0.14062262
718641,0.009926738
718642,0.018280352
718643,0.98632073
718644,0.014960016
718645,0.34245014
718646,0.9585249
718647,0.031045297
718648,0.27772462
718649,0.4238391
718650,0.8523501
718651,0.0046423534
718652,0.005367086
718653,0.9996999
718654,0.035648104
718655,0.008877398
718656,0.984504
718657,0.9892751
718658,0.020825762
718659,0.084742054
718660,0.9603732
718661,0.089451596
718662,0.12163494
718663,0.0031377962
718664,0.01736
718665,0.6112642
718666,0.39197886
718667,0.009350682
718668,0.9990924
718669,0.07849909
718670,0.70041096
718671,0.7889918
718672,0.058779277
718673,0.1865161
718674,0.9833901
718675,0.2353304
718676,0.012238197
718677,0.012793151
718678,0.28247115
718679,0.024038337
718680,0.9924735
718681,0.9639332
718682,0.99509215
718683,0.8522245
718684,0.053342063
718685,0.99914193
718686,0.8548142
718687,0.011622514
718688,0.9569122
718689,0.012932791
718690,0.6882978
718691,0.9814019
718692,0.0985114
718693,0.025665766
718694,0.8592362
718695,0.068949156
718696,0.04174853
718697,0.030510664
718698,0.96827257
718699,0.9916734
718700,0.027975103
718701,0.21538329
718702,0.9081857
718703,0.038027145
718704,0.6308098
718705,0.9872314
718706,0.26005602
718707,0.9984374
718708,0.68267787
718709,0.31503108
718710,0.8413632
718711,0.9601569
718712,0.035868693
718713,0.12986188
718714,0.015175615
718715,0.6000457
718716,0.9892099
718717,0.010663921
718718,0.9313571
718719,0.9857622
718720,0.0029205966
718721,0.021923708
718722,0.010678837
718723,0.05877563
718724,0.6622567
718725,0.69136655
718726,0.9392586
718727,0.3208372
718728,0.28302252
718729,0.611943
718730,0.9920612
718731,0.031716235
718732,0.9056668
718733,0.23464169
718734,0.104836136
718735,0.07397138
718736,0.0504758
718737,0.02217833
718738,0.016776633
718739,0.5521345
718740,0.9555662
718741,0.36299804
718742,0.8019545
718743,0.43936485
718744,0.4322788
718745,0.8061402
718746,0.008950736
718747,0.9591
718748,0.9975925
718749,0.36929342
718750,0.97992784
718751,0.9099036
718752,0.69845325
718753,0.03355095
718754,0.012795067
718755,0.021045286
718756,0.96959394
718757,0.25318965
718758,0.7611087
718759,0.26411423
718760,0.5967365
718761,0.8281343
718762,0.9763582
718763,0.31055763
718764,0.94389737
718765,0.49575204
718766,0.74973804
718767,0.15931629
718768,0.77103245
718769,0.0028472529
718770,0.22868718
718771,0.013234457
718772,0.16731086
718773,0.98934835
718774,0.5348137
718775,0.9697379
718776,0.018383391
718777,0.004461108
718778,0.35043406
718779,0.014476962
718780,0.07781548
718781,0.0035785786
718782,0.6480681
718783,0.9829272
718784,0.09578291
718785,0.6873021
718786,0.016667478
718787,0.1704837
718788,0.7629029
718789,0.97489417
718790,0.07089808
718791,0.011153156
718792,0.8245868
718793,0.76608145
718794,0.36827528
718795,0.9974436
718796,0.99877584
718797,0.87990445
718798,0.028837793
718799,0.01201487
718800,0.379471
718801,0.496857
718802,0.059282336
718803,0.17521977
718804,0.98943675
718805,0.2571918
718806,0.78332955
718807,0.013958349
718808,0.9183833
718809,0.008970696
718810,0.8293343
718811,0.051745705
718812,0.012286103
718813,0.0791154
718814,0.4475121
718815,0.44014385
718816,0.94443744
718817,0.753533
718818,0.017608438
718819,0.92790824
718820,0.109362565
718821,0.9242226
718822,0.02705089
718823,0.0064939735
718824,0.8547265
718825,0.034535095
718826,0.9877435
718827,0.9746754
718828,0.22160847
718829,0.019289974
718830,0.018681537
718831,0.04383923
718832,0.054963693
718833,0.3457696
718834,0.013599998
718835,0.00598828
718836,0.0168311
718837,0.86464626
718838,0.026612144
718839,0.97587156
718840,0.049182206
718841,0.9957713
718842,0.25819272
718843,0.009863938
718844,0.54935753
718845,0.02575742
718846,0.99601406
718847,0.83191705
718848,0.9893395
718849,0.085340485
718850,0.77568614
718851,0.030573077
718852,0.68203175
718853,0.01828407
718854,0.0018704288
718855,0.01260391
718856,0.031236669
718857,0.11431951
718858,0.10578475
718859,0.025907986
718860,0.9997351
718861,0.051112074
718862,0.45092463
718863,0.98266983
718864,0.0107822195
718865,0.009989566
718866,0.03864276
718867,0.9734226
718868,0.23807365
718869,0.60151756
718870,0.51158255
718871,0.033651486
718872,0.9479965
718873,0.9582879
718874,0.9889492
718875,0.24684538
718876,0.9696863
718877,0.8762089
718878,0.993422
718879,0.18939273
718880,0.0118498765
718881,0.997489
718882,0.36409664
718883,0.9797023
718884,0.018426187
718885,0.011058651
718886,0.29977158
718887,0.9695076
718888,0.006766686
718889,0.0026745885
718890,0.4453282
718891,0.99601775
718892,0.70566595
718893,0.014409089
718894,0.95275146
718895,0.9646121
718896,0.9790326
718897,0.9991173
718898,0.9924641
718899,0.9853394
718900,0.95985425
718901,0.04204596
718902,0.9772563
718903,0.005668184
718904,0.987108
718905,0.073381945
718906,0.03821209
718907,0.9887596
718908,0.0066259587
718909,0.021046054
718910,0.02766066
718911,0.03736369
718912,0.20474067
718913,0.005982864
718914,0.9992767
718915,0.7721177
718916,0.7432879
718917,0.009021801
718918,0.95917463
718919,0.18367839
718920,0.306291
718921,0.24563937
718922,0.005727542
718923,0.93132305
718924,0.011536374
718925,0.90445983
718926,0.7283452
718927,0.013393615
718928,0.98791635
718929,0.19970036
718930,0.9178922
718931,0.18843967
718932,0.9978819
718933,0.73252773
718934,0.0695518
718935,0.9958656
718936,0.022615321
718937,0.20997733
718938,0.9602749
718939,0.94507873
718940,0.37264556
718941,0.96252996
718942,0.013232853
718943,0.10521385
718944,0.019682897
718945,0.30385023
718946,0.9921249
718947,0.015490487
718948,0.96795243
718949,0.38728455
718950,0.03399865
718951,0.027671302
718952,0.016610662
718953,0.27578393
718954,0.26225963
718955,0.95097387
718956,0.13369414
718957,0.62832457
718958,0.021453977
718959,0.9450558
718960,0.042456012
718961,0.9048926
718962,0.018822232
718963,0.08415809
718964,0.039812915
718965,0.009457168
718966,0.16321623
718967,0.005443834
718968,0.038441956
718969,0.8115982
718970,0.021284822
718971,0.3707529
718972,0.7040036
718973,0.42481846
718974,0.106842846
718975,0.004371154
718976,0.10280075
718977,0.12587477
718978,0.0975787
718979,0.9533744
718980,0.15696482
718981,0.011757694
718982,0.9827984
718983,0.01746168
718984,0.18303023
718985,0.34821916
718986,0.5398286
718987,0.011171526
718988,0.5815137
718989,0.10640639
718990,0.35630426
718991,0.00993709
718992,0.7616707
718993,0.9825423
718994,0.7624867
718995,0.023190415
718996,0.66582686
718997,0.9838879
718998,0.19152808
718999,0.08120864
719000,0.002846092
719001,0.24210753
719002,0.14199038
719003,0.9774592
719004,0.3806932
719005,0.78880805
719006,0.018010871
719007,0.96025693
719008,0.99618757
719009,0.16689155
719010,0.010685778
719011,0.061923157
719012,0.5574784
719013,0.26094145
719014,0.045734182
719015,0.087870434
719016,0.990916
719017,0.11916192
719018,0.8627569
719019,0.97678757
719020,0.009170064
719021,0.77555674
719022,0.14731905
719023,0.29058105
719024,0.7945094
719025,0.99411535
719026,0.0021621063
719027,0.2315782
719028,0.004574337
719029,0.9771905
719030,0.14837877
719031,0.07059078
719032,0.73856163
719033,0.9426309
719034,0.41435227
719035,0.8392807
719036,0.96191746
719037,0.040703416
719038,0.9927633
719039,0.24703017
719040,0.81032044
719041,0.9298849
719042,0.011694237
719043,0.009760001
719044,0.9986962
719045,0.006025883
719046,0.03877832
719047,0.030472387
719048,0.060173634
719049,0.99466056
719050,0.12643044
719051,0.9966857
719052,0.054762702
719053,0.35417902
719054,0.8373541
719055,0.5426218
719056,0.16974276
719057,0.6801405
719058,0.99937797
719059,0.14027487
719060,0.031219555
719061,0.9877073
719062,0.02509239
719063,0.8280648
719064,0.94537455
719065,0.65821767
719066,0.9740087
719067,0.9949551
719068,0.95447433
719069,0.62601364
719070,0.9283203
719071,0.9657386
719072,0.0040471787
719073,0.101946734
719074,0.7736697
719075,0.91785616
719076,0.012011556
719077,0.6587168
719078,0.0036183333
719079,0.022613306
719080,0.046788134
719081,0.0063510854
719082,0.9897027
719083,0.2228904
719084,0.92151314
719085,0.8766516
719086,0.22357228
719087,0.060402494
719088,0.99552906
719089,0.0034265162
719090,0.9754783
719091,0.7649712
719092,0.45713595
719093,0.97832316
719094,0.029545851
719095,0.011443853
719096,0.10523655
719097,0.21234043
719098,0.95561606
719099,0.021063665
719100,0.97589946
719101,0.14392936
719102,0.97986853
719103,0.055302266
719104,0.36085802
719105,0.28295067
719106,0.031642053
719107,0.5853514
719108,0.9964086
719109,0.043041326
719110,0.13064446
719111,0.014018694
719112,0.070319995
719113,0.8874229
719114,0.004384636
719115,0.12786075
719116,0.020382898
719117,0.16251096
719118,0.0070101973
719119,0.3139469
719120,0.93190837
719121,0.99612635
719122,0.23939963
719123,0.31513304
719124,0.12991346
719125,0.9946163
719126,0.36837134
719127,0.0114815
719128,0.082573734
719129,0.9709798
719130,0.99460614
719131,0.9544903
719132,0.076545194
719133,0.9318473
719134,0.0020825372
719135,0.009129089
719136,0.5255195
719137,0.1198049
719138,0.006396371
719139,0.091305
719140,0.24128915
719141,0.9946638
719142,0.00731342
719143,0.995332
719144,0.032519896
719145,0.025439883
719146,0.10760199
719147,0.005828106
719148,0.97747755
719149,0.8981859
719150,0.016334899
719151,0.95924675
719152,0.0023663184
719153,0.99668014
719154,0.9912379
719155,0.17985919
719156,0.01975959
719157,0.96173364
719158,0.99340403
719159,0.028692346
719160,0.008595155
719161,0.10728356
719162,0.9890004
719163,0.41906267
719164,0.02170303
719165,0.48743224
719166,0.9784435
719167,0.007987957
719168,0.0060430625
719169,0.9390313
719170,0.9429085
719171,0.9982947
719172,0.41258028
719173,0.080288924
719174,0.97065353
719175,0.67745686
719176,0.0075406786
719177,0.20470421
719178,0.7777597
719179,0.47698683
719180,0.3626889
719181,0.013427127
719182,0.20086071
719183,0.019584522
719184,0.9763288
719185,0.94055855
719186,0.9794316
719187,0.6011292
719188,0.02050544
719189,0.0445155
719190,0.20705992
719191,0.83688754
719192,0.94953114
719193,0.9026515
719194,0.90551674
719195,0.9812579
719196,0.98196816
719197,0.032608606
719198,0.03396654
719199,0.114921525
719200,0.96466964
719201,0.00611571
719202,0.40750393
719203,0.005452089
719204,0.40615213
719205,0.9890857
719206,0.15618876
719207,0.43064097
719208,0.008145845
719209,0.38221017
719210,0.9826952
719211,0.88529646
719212,0.17139381
719213,0.32515228
719214,0.8768589
719215,0.039032243
719216,0.0017170724
719217,0.9637199
719218,0.0025810702
719219,0.012471072
719220,0.96962446
719221,0.14619054
719222,0.050414853
719223,0.18779498
719224,0.9853553
719225,0.23611987
719226,0.9750012
719227,0.021959983
719228,0.11378206
719229,0.065125756
719230,0.9947797
719231,0.9942934
719232,0.02692285
719233,0.051764358
719234,0.8492117
719235,0.96399176
719236,0.03837738
719237,0.9777255
719238,0.9723623
719239,0.95795584
719240,0.91206044
719241,0.004767423
719242,0.04466158
719243,0.3931758
719244,0.9993824
719245,0.78266054
719246,0.8377652
719247,0.9970939
719248,0.99700963
719249,0.6563431
719250,0.9788871
719251,0.048454147
719252,0.88934857
719253,0.81183857
719254,0.7809661
719255,0.028607912
719256,0.0046572876
719257,0.05396886
719258,0.026093625
719259,0.0054435823
719260,0.5602461
719261,0.8071
719262,0.036237326
719263,0.15819502
719264,0.7144588
719265,0.07646068
719266,0.00735756
719267,0.018191837
719268,0.027261082
719269,0.9967316
719270,0.05427675
719271,0.8756423
719272,0.059071988
719273,0.025018452
719274,0.9763865
719275,0.74356246
719276,0.010000496
719277,0.98186576
719278,0.27223167
719279,0.1381005
719280,0.32819328
719281,0.5369767
719282,0.034828126
719283,0.17743874
719284,0.7074605
719285,0.6151117
719286,0.02708051
719287,0.9480767
719288,0.98999727
719289,0.7170894
719290,0.07119036
719291,0.042677253
719292,0.9109038
719293,0.014881643
719294,0.017397285
719295,0.7914074
719296,0.115605645
719297,0.006721438
719298,0.19392338
719299,0.91413695
719300,0.0651878
719301,0.9466878
719302,0.07326862
719303,0.89118075
719304,0.07701419
719305,0.76602745
719306,0.10169627
719307,0.022386713
719308,0.88386625
719309,0.24679804
719310,0.98679847
719311,0.3749576
719312,0.021779161
719313,0.9703127
719314,0.007932752
719315,0.11161266
719316,0.82054365
719317,0.9788519
719318,0.99140984
719319,0.19019952
719320,0.97791994
719321,0.5233597
719322,0.93272376
719323,0.7246609
719324,0.613013
719325,0.06319542
719326,0.2567787
719327,0.028721625
719328,0.075412825
719329,0.009266663
719330,0.023113966
719331,0.74699473
719332,0.008783355
719333,0.9866432
719334,0.59123594
719335,0.012883834
719336,0.52834404
719337,0.9237038
719338,0.028405497
719339,0.008091766
719340,0.99689645
719341,0.4060064
719342,0.9760447
719343,0.9317539
719344,0.014411852
719345,0.039221603
719346,0.014562138
719347,0.9190661
719348,0.85074365
719349,0.056060243
719350,0.019252999
719351,0.9783545
719352,0.024262367
719353,0.015436155
719354,0.038502943
719355,0.19273427
719356,0.057064947
719357,0.13595113
719358,0.99547565
719359,0.04156167
719360,0.031410128
719361,0.80821645
719362,0.37375665
719363,0.7437993
719364,0.8021454
719365,0.09882995
719366,0.58638966
719367,0.016842224
719368,0.9347997
719369,0.23290983
719370,0.27457547
719371,0.015393944
719372,0.067882076
719373,0.09738951
719374,0.98454225
719375,0.9776085
719376,0.17837182
719377,0.96202135
719378,0.0155021865
719379,0.9455414
719380,0.0027107664
719381,0.7532658
719382,0.02711908
719383,0.05306261
719384,0.002410549
719385,0.007052157
719386,0.004317337
719387,0.021204598
719388,0.20168805
719389,0.11688908
719390,0.85102886
719391,0.8773022
719392,0.31032994
719393,0.15753476
719394,0.8414115
719395,0.041548174
719396,0.9683118
719397,0.0047066663
719398,0.5110947
719399,0.0027069317
719400,0.8804042
719401,0.006279993
719402,0.9473227
719403,0.9847485
719404,0.068473235
719405,0.045052964
719406,0.9394826
719407,0.12054422
719408,0.96962565
719409,0.08357286
719410,0.00028098506
719411,0.92727345
719412,0.33788168
719413,0.97038686
719414,0.5472091
719415,0.99132043
719416,0.9112342
719417,0.86293256
719418,0.012606576
719419,0.03128466
719420,0.9945347
719421,0.5908873
719422,0.06876183
719423,0.011259302
719424,0.9963904
719425,0.9733381
719426,0.023714263
719427,0.9393542
719428,0.37569863
719429,0.009628821
719430,0.027734598
719431,0.9922867
719432,0.7394097
719433,0.9919888
719434,0.3279925
719435,0.0038286024
719436,0.01339175
719437,0.1347431
719438,0.035925344
719439,0.090961725
719440,0.10816283
719441,0.038074866
719442,0.0050690984
719443,0.9978335
719444,0.051568985
719445,0.009703025
719446,0.9557532
719447,0.056304373
719448,0.004850003
719449,0.030859753
719450,0.8488917
719451,0.23454043
719452,0.022973932
719453,0.964115
719454,0.09905046
719455,0.047333736
719456,0.061935127
719457,0.15366967
719458,0.012074503
719459,0.99901
719460,0.05146704
719461,0.00956463
719462,0.0658707
719463,0.0324038
719464,0.09983924
719465,0.920619
719466,0.99057174
719467,0.277435
719468,0.514309
719469,0.99875844
719470,0.016324032
719471,0.10641744
719472,0.9928061
719473,0.5998501
719474,0.33137652
719475,0.57209873
719476,0.06216443
719477,0.95388937
719478,0.20915106
719479,0.01624485
719480,0.89510363
719481,0.6917613
719482,0.048320808
719483,0.033161458
719484,0.96512115
719485,0.99360967
719486,0.9881042
719487,0.95982975
719488,0.9505211
719489,0.67622864
719490,0.04631145
719491,0.010137579
719492,0.9948745
719493,0.8974744
719494,0.022895217
719495,0.94388056
719496,0.9845405
719497,0.9943252
719498,0.009378755
719499,0.9758227
719500,0.9961148
719501,0.0056157582
719502,0.6039214
719503,0.08207548
719504,0.9778729
719505,0.9335302
719506,0.031174464
719507,0.8330852
719508,0.7526711
719509,0.99889475
719510,0.9984027
719511,0.9880833
719512,0.1502494
719513,0.097736165
719514,0.0068071033
719515,0.9942002
719516,0.01909247
719517,0.1676043
719518,0.09436466
719519,0.99347144
719520,0.12646931
719521,0.99729115
719522,0.06937032
719523,0.024143927
719524,0.013910867
719525,0.82025784
719526,0.14453326
719527,0.9714004
719528,0.99114275
719529,0.010115163
719530,0.8663962
719531,0.04586471
719532,0.97222346
719533,0.03676488
719534,0.005769148
719535,0.39861104
719536,0.9299773
719537,0.96348375
719538,0.047275044
719539,0.023613969
719540,0.9569709
719541,0.9914106
719542,0.00094979594
719543,0.106890224
719544,0.0029132906
719545,0.027915439
719546,0.0029799405
719547,0.9575116
719548,0.042562068
719549,0.98867935
719550,0.87772936
719551,0.9845797
719552,0.9986908
719553,0.8342796
719554,0.9595582
719555,0.048357323
719556,0.9976039
719557,0.0047006565
719558,0.9760666
719559,0.963812
719560,0.011784072
719561,0.016628986
719562,0.3298414
719563,0.32405967
719564,0.8678842
719565,0.017809177
719566,0.892871
719567,0.9413492
719568,0.0055991616
719569,0.10815933
719570,0.9795668
719571,0.031780448
719572,0.3699658
719573,0.9296257
719574,0.97376525
719575,0.2148647
719576,0.9110664
719577,0.009755217
719578,0.11139159
719579,0.5126559
719580,0.014225295
719581,0.019228023
719582,0.5196855
719583,0.99621797
719584,0.7541838
719585,0.77362734
719586,0.9173186
719587,0.9934785
719588,0.010629448
719589,0.97412825
719590,0.6601042
719591,0.57707727
719592,0.91967016
719593,0.21780819
719594,0.0067038005
719595,0.42879117
719596,0.0062242425
719597,0.12593423
719598,0.05081193
719599,0.021981612
719600,0.9195713
719601,0.90179586
719602,0.035716902
719603,0.0037286626
719604,0.044904687
719605,0.90377164
719606,0.8369167
719607,0.9769949
719608,0.010685862
719609,0.9841281
719610,0.980732
719611,0.041675497
719612,0.9054088
719613,0.23044533
719614,0.95241034
719615,0.9584849
719616,0.89936703
719617,0.09447635
719618,0.9263706
719619,0.0060510514
719620,0.016098198
719621,0.026982432
719622,0.88792217
719623,0.9981436
719624,0.1329996
719625,0.047295313
719626,0.018370114
719627,0.9657031
719628,0.9583436
719629,0.14470176
719630,0.06953909
719631,0.7372911
719632,0.1839827
719633,0.010922516
719634,0.3446778
719635,0.0059992857
719636,0.96167374
719637,0.07444824
719638,0.6486395
719639,0.10956308
719640,0.54747957
719641,0.7214667
719642,0.010580784
719643,0.04162933
719644,0.9707247
719645,0.9618517
719646,0.00064117525
719647,0.0135522615
719648,0.4138133
719649,0.012356597
719650,0.16375105
719651,0.98312706
719652,0.97072804
719653,0.77980685
719654,0.63215816
719655,0.97835505
719656,0.020778093
719657,0.9967964
719658,0.6330179
719659,0.2517621
719660,0.9934313
719661,0.73084056
719662,0.46772906
719663,0.034276128
719664,0.68088037
719665,0.20779452
719666,0.9467306
719667,0.8708398
719668,0.96859443
719669,0.01901408
719670,0.008071738
719671,0.9957655
719672,0.9946453
719673,0.005767854
719674,0.9840063
719675,0.04422705
719676,0.029523287
719677,0.08075754
719678,0.031767752
719679,0.022701707
719680,0.66549456
719681,0.96063024
719682,0.6836943
719683,0.006215068
719684,0.006728612
719685,0.7089397
719686,0.99868274
719687,0.8229488
719688,0.06301762
719689,0.7738731
719690,0.17313752
719691,0.051919583
719692,0.05092609
719693,0.44762653
719694,0.10291697
719695,0.9977025
719696,0.5621804
719697,0.9901468
719698,0.48733604
719699,0.99361926
719700,0.010346275
719701,0.9901185
719702,0.99784136
719703,0.13135181
719704,0.07454818
719705,0.9947343
719706,0.8203909
719707,0.81419885
719708,0.010189099
719709,0.09897786
719710,0.9087366
719711,0.9925636
719712,0.054679472
719713,0.5789442
719714,0.028468655
719715,0.58744437
719716,0.9930309
719717,0.29801694
719718,0.12104094
719719,0.01658915
719720,0.04383992
719721,0.7825981
719722,0.03271936
719723,0.89063084
719724,0.09866007
719725,0.014709868
719726,0.9700715
719727,0.9316748
719728,0.5754553
719729,0.34539312
719730,0.9898473
719731,0.0072765336
719732,0.9981409
719733,0.006646453
719734,0.038221456
719735,0.74214554
719736,0.02539865
719737,0.0028152168
719738,0.00395658
719739,0.461318
719740,0.6040546
719741,0.36554727
719742,0.01262506
719743,0.96378124
719744,0.027406324
719745,0.9844259
719746,0.31375298
719747,0.0132717565
719748,0.9386097
719749,0.0016391531
719750,0.92412406
719751,0.35200194
719752,0.3015626
719753,0.09618363
719754,0.99114865
719755,0.9976679
719756,0.023205265
719757,0.97538894
719758,0.013651953
719759,0.6350799
719760,0.9877544
719761,0.046617307
719762,0.0044904994
719763,0.98762524
719764,0.013231529
719765,0.43063796
719766,0.72396183
719767,0.80660427
719768,0.0994235
719769,0.9714936
719770,0.85280234
719771,0.6183619
719772,0.17534867
719773,0.9275265
719774,0.23285314
719775,0.16873762
719776,0.02626908
719777,0.9953135
719778,0.95886964
719779,0.68935305
719780,0.43691245
719781,0.004952919
719782,0.9891162
719783,0.0091104135
719784,0.05503649
719785,0.025355011
719786,0.026246827
719787,0.036528487
719788,0.041080907
719789,0.077010706
719790,0.15367898
719791,0.031920664
719792,0.5808466
719793,0.9566431
719794,0.09989203
719795,0.011293892
719796,0.011582446
719797,0.90932536
719798,0.9871186
719799,0.3185432
719800,0.9991033
719801,0.4898756
719802,0.99819016
719803,0.0033092268
719804,0.12201814
719805,0.03655924
719806,0.062056262
719807,0.034099266
719808,0.72486776
719809,0.024991583
719810,0.95784485
719811,0.0039680502
719812,0.88373643
719813,0.9747654
719814,0.547343
719815,0.0046780915
719816,0.01513809
719817,0.99523574
719818,0.058823317
719819,0.21291937
719820,0.01119808
719821,0.04893425
719822,0.9805831
719823,0.13468315
719824,0.16535878
719825,0.833773
719826,0.25359917
719827,0.75582963
719828,0.15008089
719829,0.012057809
719830,0.89618963
719831,0.008430009
719832,0.18892187
719833,0.039828707
719834,0.99601007
719835,0.6209367
719836,0.6345844
719837,0.9617519
719838,0.0053842347
719839,0.9599967
719840,0.9659951
719841,0.008098896
719842,0.03165862
719843,0.020192213
719844,0.5559407
719845,0.85962
719846,0.94611835
719847,0.0053884303
719848,0.98347473
719849,0.098832175
719850,0.093981236
719851,0.99636686
719852,0.020373538
719853,0.17761081
719854,0.2305942
719855,0.0825918
719856,0.38330463
719857,0.777596
719858,0.8764906
719859,0.9098958
719860,0.9994102
719861,0.990525
719862,0.48847955
719863,0.13209972
719864,0.1366692
719865,0.91215366
719866,0.018254604
719867,0.058600463
719868,0.796928
719869,0.66135705
719870,0.8417886
719871,0.17277873
719872,0.06576319
719873,0.14307746
719874,0.99311614
719875,0.2537524
719876,0.98622006
719877,0.9875365
719878,0.95251095
719879,0.064029574
719880,0.99043554
719881,0.03866133
719882,0.0020962046
719883,0.46231756
719884,0.33328944
719885,0.6970968
719886,0.9338429
719887,0.9991993
719888,0.09241424
719889,0.87891006
719890,0.009036003
719891,0.94339573
719892,0.0054935804
719893,0.1915769
719894,0.22069593
719895,0.9913188
719896,0.21365388
719897,0.30061492
719898,0.7098236
719899,0.009298476
719900,0.009126499
719901,0.9573227
719902,0.010679023
719903,0.83012885
719904,0.0017942772
719905,0.12676002
719906,0.3515495
719907,0.9270112
719908,0.9720843
719909,0.009022706
719910,0.9941814
719911,0.20961775
719912,0.009069834
719913,0.7229584
719914,0.085086554
719915,0.12994358
719916,0.9755564
719917,0.8628068
719918,0.012906941
719919,0.990582
719920,0.06963785
719921,0.03642814
719922,0.0028561829
719923,0.9892528
719924,0.48662436
719925,0.87291855
719926,0.930359
719927,0.993974
719928,0.13081199
719929,0.9854979
719930,0.9850501
719931,0.45765695
719932,0.9383891
719933,0.23518951
719934,0.1348745
719935,0.9857245
719936,0.8710371
719937,0.6785235
719938,0.9192118
719939,0.9753746
719940,0.015093827
719941,0.20396188
719942,0.002816503
719943,0.05757403
719944,0.6501785
719945,0.9736482
719946,0.04143475
719947,0.64174354
719948,0.9957441
719949,0.9179739
719950,0.479896
719951,0.018817794
719952,0.9979583
719953,0.005472385
719954,0.1163588
719955,0.01012186
719956,0.037315864
719957,0.889358
719958,0.99105215
719959,0.99459594
719960,0.010639515
719961,0.03605318
719962,0.8772541
719963,0.008301035
719964,0.99717015
719965,0.96723884
719966,0.9983049
719967,0.013133761
719968,0.968085
719969,0.3400209
719970,0.84849966
719971,0.70178914
719972,0.054853283
719973,0.008016117
719974,0.7880729
719975,0.9960622
719976,0.88504493
719977,0.9958366
719978,0.90560186
719979,0.03237418
719980,0.25149518
719981,0.020745493
719982,0.9986061
719983,0.8840889
719984,0.6278337
719985,0.119235665
719986,0.9683668
719987,0.5922956
719988,0.45852166
719989,0.91772133
719990,0.3128677
719991,0.9946225
719992,0.058057692
719993,0.9214635
719994,0.16460313
719995,0.8241109
719996,0.07676117
719997,0.9790536
719998,0.6057515
719999,0.18205008
720000,0.15820636
720001,0.026488665
720002,0.6133922
720003,0.98039806
720004,0.2354328
720005,0.8782086
720006,0.24241242
720007,0.028120283
720008,0.54769164
720009,0.025348434
720010,0.039018866
720011,0.8683114
720012,0.0392219
720013,0.9227131
720014,0.093431525
720015,0.9916771
720016,0.9919934
720017,0.94017243
720018,0.95545423
720019,0.104865365
720020,0.18519597
720021,0.02166345
720022,0.098499104
720023,0.012741175
720024,0.061262324
720025,0.0074883597
720026,0.023886418
720027,0.2626602
720028,0.978847
720029,0.36586958
720030,0.26988578
720031,0.013561682
720032,0.00468421
720033,0.012787064
720034,0.0070512025
720035,0.98274803
720036,0.001970437
720037,0.12562457
720038,0.32713723
720039,0.26346952
720040,0.09899368
720041,0.966186
720042,0.0041930513
720043,0.06291068
720044,0.068110004
720045,0.96993804
720046,0.005613031
720047,0.99321836
720048,0.01118245
720049,0.9276577
720050,0.7447681
720051,0.48460436
720052,0.34742123
720053,0.044333886
720054,0.038707264
720055,0.9867037
720056,0.007032181
720057,0.7267846
720058,0.9661386
720059,0.19717023
720060,0.018607227
720061,0.37005132
720062,0.99739224
720063,0.0963549
720064,0.36187726
720065,0.9987565
720066,0.096063286
720067,0.18560588
720068,0.9723667
720069,0.9597419
720070,0.9636924
720071,0.018010221
720072,0.8708212
720073,0.0037130094
720074,0.45173335
720075,0.6197541
720076,0.28576034
720077,0.01050522
720078,0.0025783665
720079,0.9802414
720080,0.9944422
720081,0.04845669
720082,0.039540403
720083,0.47269875
720084,0.18054496
720085,0.585851
720086,0.95511925
720087,0.04037249
720088,0.12568158
720089,0.9919978
720090,0.098137915
720091,0.9657804
720092,0.98682237
720093,0.003974217
720094,0.96564305
720095,0.0040148753
720096,0.9131108
720097,0.11578135
720098,0.21800876
720099,0.8718933
720100,0.9468018
720101,0.025444614
720102,0.9894416
720103,0.21806788
720104,0.046674445
720105,0.011039856
720106,0.6150439
720107,0.9811108
720108,0.8815358
720109,0.009958377
720110,0.99607694
720111,0.96482944
720112,0.9955174
720113,0.794152
720114,0.4221731
720115,0.02678946
720116,0.15722653
720117,0.7643232
720118,0.029439865
720119,0.019832289
720120,0.13122362
720121,0.88956225
720122,0.8976825
720123,0.99155754
720124,0.995346
720125,0.23269297
720126,0.6280325
720127,0.77034664
720128,0.9875685
720129,0.99101657
720130,0.17636321
720131,0.31929252
720132,0.02787333
720133,0.010515176
720134,0.058473654
720135,0.47322726
720136,0.98458374
720137,0.018222827
720138,0.16486377
720139,0.7435357
720140,0.99230665
720141,0.9839126
720142,0.008465137
720143,0.1275737
720144,0.15108842
720145,0.036666855
720146,0.989121
720147,0.08673051
720148,0.0046808897
720149,0.26009312
720150,0.81512237
720151,0.029444888
720152,0.013516585
720153,0.96260077
720154,0.76874053
720155,0.15720008
720156,0.7416339
720157,0.9898517
720158,0.78581774
720159,0.9919524
720160,0.04845792
720161,0.030764623
720162,0.008602852
720163,0.0063978047
720164,0.85173965
720165,0.63168424
720166,0.40368584
720167,0.031188847
720168,0.38958305
720169,0.011900625
720170,0.39923146
720171,0.9896665
720172,0.026816078
720173,0.024489695
720174,0.5356288
720175,0.87374187
720176,0.027293079
720177,0.18018702
720178,0.011550524
720179,0.6163445
720180,0.38677776
720181,0.99724203
720182,0.081496365
720183,0.7319776
720184,0.95354325
720185,0.32821462
720186,0.7045483
720187,0.014878699
720188,0.9886035
720189,0.93549776
720190,0.8376257
720191,0.01814228
720192,0.7223259
720193,0.008535387
720194,0.00965859
720195,0.99687606
720196,0.9919498
720197,0.12219718
720198,0.92506945
720199,0.86227787
720200,0.92787266
720201,0.9651028
720202,0.99630934
720203,0.012505675
720204,0.070836425
720205,0.11952827
720206,0.7564252
720207,0.97724533
720208,0.93399036
720209,0.04349506
720210,0.045964636
720211,0.12080729
720212,0.04513441
720213,0.023076195
720214,0.10300834
720215,0.7246503
720216,0.13040446
720217,0.68945944
720218,0.11840309
720219,0.013186795
720220,0.09011267
720221,0.09697919
720222,0.007067501
720223,0.002294801
720224,0.9109341
720225,0.43450236
720226,0.008332035
720227,0.41792437
720228,0.17835897
720229,0.0403666
720230,0.02461105
720231,0.010951888
720232,0.91963184
720233,0.6374398
720234,0.07305537
720235,0.990875
720236,0.50663817
720237,0.0034597926
720238,0.8883313
720239,0.5376655
720240,0.008099043
720241,0.14231265
720242,0.008157709
720243,0.98511815
720244,0.009150056
720245,0.98470044
720246,0.04862877
720247,0.99362874
720248,0.40077132
720249,0.96600664
720250,0.021316243
720251,0.97384894
720252,0.934983
720253,0.11785536
720254,0.9819364
720255,0.8917126
720256,0.98561615
720257,0.9527773
720258,0.6779143
720259,0.0061269067
720260,0.9213595
720261,0.14673157
720262,0.14040709
720263,0.95298684
720264,0.9753845
720265,0.6241161
720266,0.012277287
720267,0.003852336
720268,0.10491499
720269,0.7289642
720270,0.5934491
720271,0.9497161
720272,0.9241035
720273,0.023525763
720274,0.012918738
720275,0.03898035
720276,0.048288006
720277,0.06792475
720278,0.25434303
720279,0.0043524913
720280,0.05631156
720281,0.9920818
720282,0.0034361703
720283,0.0052539906
720284,0.90611047
720285,0.011019918
720286,0.20053202
720287,0.99700665
720288,0.9729295
720289,0.8469165
720290,0.20857109
720291,0.9866743
720292,0.96860325
720293,0.98657584
720294,0.98375833
720295,0.9464408
720296,0.98969495
720297,0.002981952
720298,0.06360373
720299,0.9189006
720300,0.8609867
720301,0.024965141
720302,0.10580141
720303,0.008232167
720304,0.8174554
720305,0.6488085
720306,0.11515362
720307,0.98645973
720308,0.99092484
720309,0.06831002
720310,0.045565255
720311,0.0103278505
720312,0.9628835
720313,0.6865599
720314,0.9053187
720315,0.0092159305
720316,0.01202383
720317,0.038852885
720318,0.005073466
720319,0.004384796
720320,0.04630637
720321,0.31148848
720322,0.047725838
720323,0.013309436
720324,0.081453204
720325,0.004527387
720326,0.9163975
720327,0.4588928
720328,0.3201712
720329,0.986176
720330,0.014219603
720331,0.9383402
720332,0.0022662405
720333,0.14616215
720334,0.9355689
720335,0.36564153
720336,0.12461237
720337,0.2797506
720338,0.97274274
720339,0.00805969
720340,0.056046348
720341,0.87853044
720342,0.39219603
720343,0.74281085
720344,0.9950952
720345,0.99494636
720346,0.020220164
720347,0.14388053
720348,0.997849
720349,0.95188236
720350,0.058466304
720351,0.1060646
720352,0.34586787
720353,0.9567187
720354,0.010631913
720355,0.85364926
720356,0.117304236
720357,0.9648861
720358,0.0033779107
720359,0.9953611
720360,0.9262377
720361,0.7878235
720362,0.97458416
720363,0.0024869759
720364,0.010575976
720365,0.013318742
720366,0.0118868295
720367,0.980263
720368,0.067113675
720369,0.07278452
720370,0.0054622595
720371,0.5717423
720372,0.8979777
720373,0.17508644
720374,0.05099753
720375,0.9129143
720376,0.109862566
720377,0.24009134
720378,0.98397523
720379,0.0941992
720380,0.98764354
720381,0.026153464
720382,0.92228574
720383,0.054522753
720384,0.11702428
720385,0.98476875
720386,0.99366796
720387,0.082921654
720388,0.7756016
720389,0.3030505
720390,0.01460119
720391,0.029664118
720392,0.94641817
720393,0.9502387
720394,0.02466902
720395,0.0133171305
720396,0.027270887
720397,0.110809445
720398,0.08146122
720399,0.9455726
720400,0.08580655
720401,0.99358237
720402,0.74824
720403,0.99555695
720404,0.06973706
720405,0.43485618
720406,0.7301525
720407,0.97617835
720408,0.019557182
720409,0.07641363
720410,0.4472798
720411,0.07832398
720412,0.23749892
720413,0.0049893246
720414,0.014364817
720415,0.064369276
720416,0.2093927
720417,0.098376825
720418,0.01630231
720419,0.021921186
720420,0.6917969
720421,0.86249155
720422,0.98241645
720423,0.96387243
720424,0.0040700887
720425,0.01662136
720426,0.97335434
720427,0.91903555
720428,0.98725826
720429,0.3175567
720430,0.9968984
720431,0.98682415
720432,0.98779434
720433,0.51437867
720434,0.9354728
720435,0.07802467
720436,0.9715575
720437,0.490218
720438,0.96919113
720439,0.011594739
720440,0.5899362
720441,0.00932737
720442,0.50443125
720443,0.084678814
720444,0.109666325
720445,0.93104124
720446,0.98153144
720447,0.9910423
720448,0.83245397
720449,0.23779373
720450,0.97964233
720451,0.0818789
720452,0.75644374
720453,0.57458884
720454,0.17168936
720455,0.002671249
720456,0.035408624
720457,0.22303307
720458,0.044646353
720459,0.06684606
720460,0.16340543
720461,0.6798424
720462,0.9945008
720463,0.7762828
720464,0.07946697
720465,0.005873154
720466,0.13995634
720467,0.91762245
720468,0.8969479
720469,0.83408636
720470,0.98823655
720471,0.23555256
720472,0.99726206
720473,0.9646938
720474,0.9593094
720475,0.8926813
720476,0.0042917654
720477,0.22123984
720478,0.9915511
720479,0.9985269
720480,0.08492769
720481,0.99879104
720482,0.03733369
720483,0.9958984
720484,0.998096
720485,0.42186356
720486,0.9869904
720487,0.012428734
720488,0.0076251607
720489,0.08046465
720490,0.069711514
720491,0.006135257
720492,0.03207894
720493,0.8991185
720494,0.92320067
720495,0.012244115
720496,0.14634202
720497,0.992547
720498,0.09889522
720499,0.99063647
720500,0.7691564
720501,0.052141212
720502,0.3429526
720503,0.013396272
720504,0.81066346
720505,0.5282594
720506,0.012957943
720507,0.91063046
720508,0.009353554
720509,0.0053358153
720510,0.93774205
720511,0.99709487
720512,0.32780284
720513,0.013000091
720514,0.17245911
720515,0.015743488
720516,0.9962007
720517,0.82685775
720518,0.3144635
720519,0.9870312
720520,0.033446003
720521,0.5836735
720522,0.9969298
720523,0.9611683
720524,0.9973693
720525,0.029376684
720526,0.041997097
720527,0.20976035
720528,0.054689106
720529,0.68729645
720530,0.8098712
720531,0.021687359
720532,0.95578706
720533,0.054831102
720534,0.07064016
720535,0.011220856
720536,0.9461402
720537,0.025529603
720538,0.8767737
720539,0.31199783
720540,0.96985686
720541,0.8368049
720542,0.9534353
720543,0.044801638
720544,0.965569
720545,0.70709217
720546,0.029325128
720547,0.013000791
720548,0.02067368
720549,0.99004483
720550,0.9878991
720551,0.032614127
720552,0.8762913
720553,0.9014166
720554,0.992846
720555,0.8168659
720556,0.72975814
720557,0.97771275
720558,0.11048191
720559,0.9868395
720560,0.5758723
720561,0.91449106
720562,0.96172076
720563,0.33532447
720564,0.7573595
720565,0.98888755
720566,0.12959576
720567,0.9949855
720568,0.95248044
720569,0.061568134
720570,0.23596375
720571,0.4433192
720572,0.039371837
720573,0.20511001
720574,0.98865104
720575,0.4469451
720576,0.75832766
720577,0.8014598
720578,0.8648213
720579,0.094993316
720580,0.1162298
720581,0.8836225
720582,0.008063599
720583,0.97431076
720584,0.022318449
720585,0.0035184764
720586,0.2019203
720587,0.8673573
720588,0.03754506
720589,0.78302574
720590,0.08380251
720591,0.15502737
720592,0.445744
720593,0.15294994
720594,0.55459225
720595,0.026407806
720596,0.27577376
720597,0.019021062
720598,0.008061272
720599,0.983099
720600,0.20292352
720601,0.017814873
720602,0.06292184
720603,0.14286582
720604,0.0060736127
720605,0.4077335
720606,0.014633286
720607,0.059494685
720608,0.9707274
720609,0.31556138
720610,0.8958563
720611,0.024142772
720612,0.01986331
720613,0.019899245
720614,0.016256232
720615,0.9916935
720616,0.8925359
720617,0.0712126
720618,0.9908345
720619,0.06122545
720620,0.04877558
720621,0.7163363
720622,0.025382068
720623,0.041538257
720624,0.99935967
720625,0.05357506
720626,0.018257366
720627,0.081135884
720628,0.009444398
720629,0.9767263
720630,0.054899614
720631,0.99008495
720632,0.021526344
720633,0.22690323
720634,0.029411245
720635,0.7800252
720636,0.992723
720637,0.0052756215
720638,0.08445262
720639,0.9343962
720640,0.39796314
720641,0.019278837
720642,0.407806
720643,0.17978315
720644,0.06876879
720645,0.8885321
720646,0.6586938
720647,0.5143322
720648,0.9782474
720649,0.971882
720650,0.42164215
720651,0.006629327
720652,0.8970343
720653,0.97904176
720654,0.94228154
720655,0.98194855
720656,0.09243208
720657,0.7383906
720658,0.08185885
720659,0.41626385
720660,0.0038103824
720661,0.9931514
720662,0.0073096585
720663,0.9938889
720664,0.13369144
720665,0.9752137
720666,0.017244836
720667,0.10516289
720668,0.0019730171
720669,0.019756136
720670,0.008943812
720671,0.99513
720672,0.97970754
720673,0.9411125
720674,0.0719413
720675,0.01390476
720676,0.9916392
720677,0.012264248
720678,0.09535985
720679,0.7165477
720680,0.6969435
720681,0.5048529
720682,0.50119513
720683,0.028374251
720684,0.02300717
720685,0.20790155
720686,0.9956733
720687,0.48106158
720688,0.16234347
720689,0.9958683
720690,0.098258294
720691,0.5258534
720692,0.99063075
720693,0.9965489
720694,0.6465901
720695,0.0399074
720696,0.9931295
720697,0.72667235
720698,0.09271793
720699,0.015360642
720700,0.99009204
720701,0.031309586
720702,0.14882892
720703,0.05457011
720704,0.41762125
720705,0.19378144
720706,0.29246682
720707,0.68938446
720708,0.83960724
720709,0.013204249
720710,0.9842506
720711,0.029170413
720712,0.002421751
720713,0.0038986309
720714,0.9815884
720715,0.4368408
720716,0.109284304
720717,0.0023241485
720718,0.9802878
720719,0.03086845
720720,0.08171385
720721,0.0064974427
720722,0.02876554
720723,0.99096894
720724,0.8827432
720725,0.96840656
720726,0.086011186
720727,0.97411025
720728,0.49449304
720729,0.12775004
720730,0.21670842
720731,0.061014008
720732,0.96236295
720733,0.002935829
720734,0.018098945
720735,0.9823059
720736,0.9781863
720737,0.09587073
720738,0.86516917
720739,0.023677124
720740,0.024828114
720741,0.021105349
720742,0.9939525
720743,0.9401405
720744,0.9975888
720745,0.96386003
720746,0.9920866
720747,0.09771286
720748,0.9199971
720749,0.024703752
720750,0.96850526
720751,0.0031250222
720752,0.3831126
720753,0.0029598603
720754,0.008907957
720755,0.9297616
720756,0.96908486
720757,0.041621268
720758,0.034441423
720759,0.0057691084
720760,0.94781864
720761,0.9990912
720762,0.12431796
720763,0.5219522
720764,0.028469762
720765,0.45185608
720766,0.7956612
720767,0.36481845
720768,0.7556831
720769,0.035784997
720770,0.85951465
720771,0.04999969
720772,0.9941327
720773,0.025016714
720774,0.0041382005
720775,0.9566748
720776,0.9874601
720777,0.17479622
720778,0.21568999
720779,0.96973884
720780,0.028379314
720781,0.99553084
720782,0.78511643
720783,0.99616694
720784,0.34542724
720785,0.010817198
720786,0.9983795
720787,0.025475908
720788,0.090707324
720789,0.2746327
720790,0.039746072
720791,0.9169879
720792,0.33470333
720793,0.9975332
720794,0.28266537
720795,0.99181813
720796,0.1433823
720797,0.028067661
720798,0.46174154
720799,0.049629625
720800,0.54261184
720801,0.96288204
720802,0.01078468
720803,0.54110307
720804,0.0070997863
720805,0.07419552
720806,0.9352564
720807,0.89813566
720808,0.99591506
720809,0.6637268
720810,0.27780938
720811,0.061595153
720812,0.0734406
720813,0.70690084
720814,0.7011832
720815,0.019305615
720816,0.0032479614
720817,0.93842363
720818,0.026744135
720819,0.032313872
720820,0.020109477
720821,0.9855237
720822,0.13341314
720823,0.62032336
720824,0.81509376
720825,0.962288
720826,0.9432713
720827,0.012190338
720828,0.012496403
720829,0.13071123
720830,0.33686584
720831,0.7845202
720832,0.04040219
720833,0.98693085
720834,0.018459111
720835,0.9928247
720836,0.0027232831
720837,0.14811842
720838,0.53746533
720839,0.022672573
720840,0.32112482
720841,0.32743618
720842,0.9912664
720843,0.99456286
720844,0.9652618
720845,0.79803413
720846,0.9038847
720847,0.977119
720848,0.047611907
720849,0.9336185
720850,0.098182194
720851,0.9278908
720852,0.51910806
720853,0.08767281
720854,0.27001286
720855,0.0005393165
720856,0.5579288
720857,0.9928518
720858,0.05914832
720859,0.9489547
720860,0.03691007
720861,0.987627
720862,0.9951201
720863,0.05773118
720864,0.68173754
720865,0.95790946
720866,0.005938874
720867,0.011537701
720868,0.9870085
720869,0.03266854
720870,0.60693264
720871,0.02709337
720872,0.013664905
720873,0.0069543007
720874,0.067682385
720875,0.01414066
720876,0.04496716
720877,0.9645119
720878,0.96319664
720879,0.010484188
720880,0.72360957
720881,0.41443443
720882,0.12690093
720883,0.34071267
720884,0.24497823
720885,0.19988139
720886,0.1395471
720887,0.50889677
720888,0.9892432
720889,0.3705695
720890,0.8401372
720891,0.5161282
720892,0.0063517173
720893,0.8504572
720894,0.10378453
720895,0.9927001
720896,0.018912254
720897,0.0047070747
720898,0.9888808
720899,0.06273548
720900,0.015694737
720901,0.009192726
720902,0.084321655
720903,0.9238726
720904,0.020760918
720905,0.9954699
720906,0.99487007
720907,0.9893713
720908,0.052653655
720909,0.029621888
720910,0.9988996
720911,0.9820732
720912,0.30789602
720913,0.99205005
720914,0.99157846
720915,0.019395206
720916,0.025223697
720917,0.015311791
720918,0.0034768893
720919,0.7985265
720920,0.99284816
720921,0.10606673
720922,0.010191808
720923,0.991544
720924,0.9983083
720925,0.6284188
720926,0.8772849
720927,0.03976909
720928,0.011757594
720929,0.029969383
720930,0.9996078
720931,0.7164382
720932,0.9256654
720933,0.058965985
720934,0.8827934
720935,0.9833254
720936,0.031693794
720937,0.41932657
720938,0.9866944
720939,0.46464634
720940,0.0103204
720941,0.106525086
720942,0.64115214
720943,0.447177
720944,0.0062705586
720945,0.03370564
720946,0.9886044
720947,0.0890434
720948,0.5829781
720949,0.91544384
720950,0.74549115
720951,0.99461746
720952,0.02404027
720953,0.09345841
720954,0.986186
720955,0.80261135
720956,0.9607165
720957,0.13183308
720958,0.029740244
720959,0.003498961
720960,0.08664005
720961,0.9080298
720962,0.9650077
720963,0.2500444
720964,0.028896857
720965,0.9022998
720966,0.0038283064
720967,0.028304067
720968,0.5793692
720969,0.0045783566
720970,0.99204004
720971,0.02167256
720972,0.012525603
720973,0.8634754
720974,0.87770015
720975,0.9235742
720976,0.89738464
720977,0.7887242
720978,0.045425948
720979,0.9653243
720980,0.00979067
720981,0.94116914
720982,0.068103924
720983,0.19188926
720984,0.9783823
720985,0.018018914
720986,0.8623141
720987,0.05817501
720988,0.23177361
720989,0.98660964
720990,0.10942884
720991,0.017521951
720992,0.9125527
720993,0.07348753
720994,0.12793714
720995,0.9887078
720996,0.9662782
720997,0.08558309
720998,0.07948897
720999,0.2633751
721000,0.26190808
721001,0.97093683
721002,0.9125462
721003,0.9200449
721004,0.70455104
721005,0.13810205
721006,0.25876582
721007,0.7545412
721008,0.038063537
721009,0.0029030861
721010,0.081318155
721011,0.066835694
721012,0.029560324
721013,0.5225446
721014,0.016666187
721015,0.33666617
721016,0.9821302
721017,0.022696752
721018,0.022345668
721019,0.9959095
721020,0.8519393
721021,0.9180972
721022,0.031342275
721023,0.3845308
721024,0.85059017
721025,0.007639341
721026,0.96644074
721027,0.07104247
721028,0.7587316
721029,0.74970937
721030,0.788071
721031,0.7620119
721032,0.05179737
721033,0.08693316
721034,0.3301261
721035,0.24626043
721036,0.9987253
721037,0.27110133
721038,0.9514984
721039,0.014282189
721040,0.9638691
721041,0.31523925
721042,0.7451952
721043,0.16110851
721044,0.95791996
721045,0.033371188
721046,0.012887623
721047,0.97402334
721048,0.037749223
721049,0.01471303
721050,0.0070546493
721051,0.021558285
721052,0.040480036
721053,0.061650902
721054,0.02094245
721055,0.034679305
721056,0.45097876
721057,0.2106382
721058,0.5771634
721059,0.97378194
721060,0.7741215
721061,0.6924585
721062,0.9150355
721063,0.009599323
721064,0.6216589
721065,0.98728204
721066,0.9874702
721067,0.08622607
721068,0.96374047
721069,0.9882978
721070,0.0070162504
721071,0.02703152
721072,0.37869513
721073,0.041519634
721074,0.02058843
721075,0.030863086
721076,0.2904623
721077,0.9940847
721078,0.7502945
721079,0.0071136323
721080,0.034092385
721081,0.44942373
721082,0.03832966
721083,0.0033606591
721084,0.6404369
721085,0.011108901
721086,0.9742496
721087,0.055594295
721088,0.097512566
721089,0.53778
721090,0.03395936
721091,0.9110793
721092,0.60032827
721093,0.011394883
721094,0.0006101502
721095,0.98586917
721096,0.28426296
721097,0.101945795
721098,0.07061233
721099,0.049782332
721100,0.7736035
721101,0.29018268
721102,0.12156527
721103,0.023630362
721104,0.99435353
721105,0.88310444
721106,0.6020099
721107,0.023112077
721108,0.99888957
721109,0.002367427
721110,0.0067597376
721111,0.093792416
721112,0.9990742
721113,0.023448568
721114,0.473015
721115,0.0039014402
721116,0.020975051
721117,0.9800571
721118,0.9573981
721119,0.43545207
721120,0.012593005
721121,0.14669098
721122,0.068785995
721123,0.15109617
721124,0.008969003
721125,0.008815982
721126,0.9757094
721127,0.9915865
721128,0.034993958
721129,0.016420687
721130,0.032279167
721131,0.2187553
721132,0.007206018
721133,0.12656912
721134,0.9356497
721135,0.99619985
721136,0.013698093
721137,0.092065305
721138,0.9950359
721139,0.13657919
721140,0.21121031
721141,0.9027153
721142,0.9793446
721143,0.054169945
721144,0.032111894
721145,0.14607394
721146,0.05716048
721147,0.9856128
721148,0.15794611
721149,0.8256532
721150,0.09184359
721151,0.907856
721152,0.30934483
721153,0.09554084
721154,0.98558515
721155,0.16101128
721156,0.99591345
721157,0.5760813
721158,0.03987092
721159,0.99152374
721160,0.69906473
721161,0.005113891
721162,0.918408
721163,0.9940963
721164,0.13170648
721165,0.99925137
721166,0.040687688
721167,0.1687321
721168,0.8904044
721169,0.004979736
721170,0.2585126
721171,0.14376163
721172,0.94603
721173,0.13641357
721174,0.039002016
721175,0.013015428
721176,0.59895927
721177,0.22498588
721178,0.053356692
721179,0.0369414
721180,0.03145623
721181,0.3421066
721182,0.022085063
721183,0.0075384034
721184,0.89458156
721185,0.021368196
721186,0.97954077
721187,0.1328274
721188,0.8899599
721189,0.010472389
721190,0.99403137
721191,0.061236095
721192,0.11403115
721193,0.08503571
721194,0.745623
721195,0.020199765
721196,0.95114297
721197,0.988816
721198,0.054277964
721199,0.22911355
721200,0.67553043
721201,0.34452572
721202,0.77285814
721203,0.03799177
721204,0.9880216
721205,0.026221136
721206,0.23198521
721207,0.0062555578
721208,0.08264543
721209,0.24425541
721210,0.00912479
721211,0.93193954
721212,0.9988121
721213,0.9637922
721214,0.439175
721215,0.3259641
721216,0.23886356
721217,0.8588979
721218,0.03242386
721219,0.5082279
721220,0.019829454
721221,0.10118073
721222,0.57075715
721223,0.030047748
721224,0.9878162
721225,0.9795909
721226,0.060049146
721227,0.021578157
721228,0.031989336
721229,0.2059296
721230,0.054013763
721231,0.42489126
721232,0.101103656
721233,0.87880015
721234,0.7730651
721235,0.73942876
721236,0.0037831143
721237,0.005834544
721238,0.0069622067
721239,0.9908199
721240,0.0018474938
721241,0.009750542
721242,0.97753274
721243,0.9349842
721244,0.04423364
721245,0.3529377
721246,0.31758922
721247,0.5072335
721248,0.19707033
721249,0.005331736
721250,0.006595014
721251,0.87497747
721252,0.016004398
721253,0.18343174
721254,0.96107936
721255,0.413081
721256,0.84780836
721257,0.5702393
721258,0.073237404
721259,0.8721148
721260,0.42066124
721261,0.0055339932
721262,0.9986119
721263,0.0054670433
721264,0.9946599
721265,0.31858796
721266,0.99597216
721267,0.9157704
721268,0.044400536
721269,0.23627734
721270,0.12844205
721271,0.062515244
721272,0.06362428
721273,0.4199229
721274,0.722726
721275,0.31953126
721276,0.4164066
721277,0.8787706
721278,0.8764035
721279,0.010551719
721280,0.02612763
721281,0.94780064
721282,0.9775709
721283,0.983829
721284,0.0063482886
721285,0.014754204
721286,0.030550485
721287,0.1931252
721288,0.26425752
721289,0.9116189
721290,0.025102263
721291,0.3178779
721292,0.99857473
721293,0.021148028
721294,0.41340357
721295,0.10355188
721296,0.72852176
721297,0.98201656
721298,0.19092932
721299,0.009645926
721300,0.34199157
721301,0.005394479
721302,0.7496385
721303,0.009042285
721304,0.09661728
721305,0.03201529
721306,0.9917759
721307,0.0052518942
721308,0.005281177
721309,0.339563
721310,0.0117271235
721311,0.99752104
721312,0.99300915
721313,0.9686676
721314,0.686021
721315,0.05543746
721316,0.035646457
721317,0.912959
721318,0.99359727
721319,0.9621774
721320,0.060419366
721321,0.98779416
721322,0.7386546
721323,0.033168156
721324,0.020992022
721325,0.04622833
721326,0.9946219
721327,0.2829727
721328,0.04095674
721329,0.02980008
721330,0.66505915
721331,0.034589566
721332,0.049983226
721333,0.23186111
721334,0.90651625
721335,0.88772327
721336,0.43303132
721337,0.5371686
721338,0.048206404
721339,0.96635187
721340,0.99938023
721341,0.013058707
721342,0.130945
721343,0.828305
721344,0.0030376427
721345,0.009237134
721346,0.053341217
721347,0.440781
721348,0.041896943
721349,0.9816396
721350,0.9950104
721351,0.31929123
721352,0.16206177
721353,0.004315953
721354,0.85161376
721355,0.009006973
721356,0.0091531165
721357,0.9685773
721358,0.029368406
721359,0.9945179
721360,0.022099445
721361,0.99647915
721362,0.99674004
721363,0.2985752
721364,0.28934133
721365,0.0027145394
721366,0.94012415
721367,0.01726399
721368,0.0038917118
721369,0.23674358
721370,0.9688709
721371,0.9937063
721372,0.4584398
721373,0.060241554
721374,0.6385702
721375,0.02424773
721376,0.6670831
721377,0.74358827
721378,0.11891272
721379,0.9833674
721380,0.9345976
721381,0.060834873
721382,0.0029624188
721383,0.0055478127
721384,0.98330504
721385,0.7909077
721386,0.291319
721387,0.9977023
721388,0.6537279
721389,0.098157786
721390,0.09475153
721391,0.06375034
721392,0.10703365
721393,0.0735224
721394,0.016778152
721395,0.89274293
721396,0.94374996
721397,0.81942594
721398,0.4168519
721399,0.994532
721400,0.8066839
721401,0.08219472
721402,0.9133062
721403,0.055816907
721404,0.52336234
721405,0.97393507
721406,0.3942129
721407,0.99150646
721408,0.025156789
721409,0.2578491
721410,0.020888805
721411,0.00803365
721412,0.66252637
721413,0.01779732
721414,0.004121812
721415,0.98535967
721416,0.9838329
721417,0.017957494
721418,0.03409308
721419,0.06310959
721420,0.09037013
721421,0.9918231
721422,0.011025349
721423,0.013607832
721424,0.30488685
721425,0.43886837
721426,0.99963677
721427,0.541185
721428,0.01707696
721429,0.15509851
721430,0.010404187
721431,0.013839863
721432,0.054725792
721433,0.7733522
721434,0.36619812
721435,0.05076953
721436,0.8319056
721437,0.852555
721438,0.0266778
721439,0.37071523
721440,0.08070636
721441,0.2877411
721442,0.10798269
721443,0.011675391
721444,0.9920388
721445,0.95831305
721446,0.43887353
721447,0.054548234
721448,0.9930924
721449,0.00863049
721450,0.2141954
721451,0.009496415
721452,0.989468
721453,0.3841732
721454,0.06104043
721455,0.95433235
721456,0.018751375
721457,0.98753965
721458,0.048530165
721459,0.007903365
721460,0.018542461
721461,0.05246097
721462,0.78407085
721463,0.12236051
721464,0.12601016
721465,0.018438714
721466,0.9955114
721467,0.81490433
721468,0.98020476
721469,0.0067867036
721470,0.047971226
721471,0.61105305
721472,0.041347433
721473,0.18411186
721474,0.024161587
721475,0.08943103
721476,0.030619921
721477,0.15827881
721478,0.3578835
721479,0.034489647
721480,0.81185323
721481,0.087392
721482,0.015484035
721483,0.7964318
721484,0.560972
721485,0.1489253
721486,0.010254462
721487,0.9665081
721488,0.0036884956
721489,0.94534487
721490,0.96485734
721491,0.17673978
721492,0.4791173
721493,0.39074993
721494,0.008269654
721495,0.99143606
721496,0.60550153
721497,0.004857734
721498,0.30121896
721499,0.018047942
721500,0.6362858
721501,0.72425014
721502,0.98471504
721503,0.03975106
721504,0.0065120556
721505,0.012839236
721506,0.042166196
721507,0.00737486
721508,0.35838193
721509,0.99452347
721510,0.3456966
721511,0.9914817
721512,0.59198284
721513,0.07585153
721514,0.042041227
721515,0.121105194
721516,0.34980723
721517,0.023571387
721518,0.9640697
721519,0.01327982
721520,0.36385292
721521,0.0079460535
721522,0.9708818
721523,0.9916496
721524,0.008513429
721525,0.8519805
721526,0.52403986
721527,0.9314202
721528,0.40791592
721529,0.9984889
721530,0.013732015
721531,0.03137281
721532,0.0641056
721533,0.8894471
721534,0.949035
721535,0.8471441
721536,0.11896605
721537,0.005923978
721538,0.10261623
721539,0.01435289
721540,0.078012645
721541,0.9966143
721542,0.9961461
721543,0.93455255
721544,0.6293886
721545,0.54703933
721546,0.9438206
721547,0.02107575
721548,0.043680705
721549,0.2692172
721550,0.6098393
721551,0.023189064
721552,0.009390166
721553,0.013075824
721554,0.0061117583
721555,0.97946084
721556,0.88407314
721557,0.8778378
721558,0.09858948
721559,0.012668494
721560,0.13261323
721561,0.20033193
721562,0.6481442
721563,0.06491677
721564,0.9277322
721565,0.009057065
721566,0.46317786
721567,0.020268273
721568,0.55632454
721569,0.18409514
721570,0.47995102
721571,0.09753011
721572,0.007452399
721573,0.027620181
721574,0.103985295
721575,0.043063033
721576,0.79326785
721577,0.9199276
721578,0.5306825
721579,0.8450227
721580,0.049953308
721581,0.9978101
721582,0.9562267
721583,0.017220076
721584,0.9868311
721585,0.99791926
721586,0.70711017
721587,0.035753354
721588,0.024203414
721589,0.0051313792
721590,0.022348281
721591,0.9893782
721592,0.12110578
721593,0.98292804
721594,0.9951874
721595,0.17526719
721596,0.9035338
721597,0.042156994
721598,0.65984905
721599,0.7955348
721600,0.35854667
721601,0.8659407
721602,0.020087844
721603,0.007648913
721604,0.8999504
721605,0.11537111
721606,0.01692192
721607,0.026862979
721608,0.55931145
721609,0.9791355
721610,0.55628633
721611,0.33239734
721612,0.038870756
721613,0.71977603
721614,0.058866497
721615,0.7908166
721616,0.96951175
721617,0.08801939
721618,0.008846012
721619,0.96275365
721620,0.027250152
721621,0.10510642
721622,0.9368181
721623,0.024460126
721624,0.0056009106
721625,0.90491515
721626,0.069160916
721627,0.025544308
721628,0.88923633
721629,0.97796535
721630,0.027602341
721631,0.9806292
721632,0.4232985
721633,0.028143516
721634,0.012581728
721635,0.009154536
721636,0.92523134
721637,0.1811767
721638,0.01008236
721639,0.28421474
721640,0.5928607
721641,0.4913191
721642,0.0011963052
721643,0.009352967
721644,0.99098736
721645,0.9778229
721646,0.988917
721647,0.046070598
721648,0.43025285
721649,0.050663777
721650,0.04391096
721651,0.87732685
721652,0.013866679
721653,0.94928885
721654,0.9951583
721655,0.30968243
721656,0.7314416
721657,0.9139932
721658,0.003921704
721659,0.22865477
721660,0.9973719
721661,0.96104926
721662,0.21220696
721663,0.26619807
721664,0.09466308
721665,0.17497024
721666,0.015585018
721667,0.25248292
721668,0.008881278
721669,0.083826974
721670,0.8949921
721671,0.0019573492
721672,0.10572168
721673,0.8834356
721674,0.32509685
721675,0.33946082
721676,0.018223532
721677,0.9886621
721678,0.022414709
721679,0.99626017
721680,0.82158476
721681,0.44956857
721682,0.99397635
721683,0.08916289
721684,0.0072382083
721685,0.74788725
721686,0.8487752
721687,0.976627
721688,0.9067801
721689,0.80889654
721690,0.015635615
721691,0.031705305
721692,0.9866203
721693,0.03401184
721694,0.084053814
721695,0.06846439
721696,0.13445258
721697,0.006191524
721698,0.017915517
721699,0.44711635
721700,0.20223416
721701,0.301135
721702,0.015717845
721703,0.9940301
721704,0.14142805
721705,0.9977647
721706,0.006801979
721707,0.83285224
721708,0.5651856
721709,0.031114511
721710,0.011116985
721711,0.9673668
721712,0.00876303
721713,0.007701443
721714,0.11956311
721715,0.010188012
721716,0.07227625
721717,0.9865234
721718,0.9913398
721719,0.27298468
721720,0.04397653
721721,0.9089479
721722,0.9886352
721723,0.016963243
721724,0.027312797
721725,0.8920659
721726,0.047387403
721727,0.41097406
721728,0.14464095
721729,0.49077794
721730,0.010881584
721731,0.05381375
721732,0.96402144
721733,0.0031380693
721734,0.78778464
721735,0.97974646
721736,0.0874153
721737,0.89573383
721738,0.70664006
721739,0.8031703
721740,0.58448386
721741,0.0039903233
721742,0.81079096
721743,0.08567994
721744,0.006810722
721745,0.917438
721746,0.90944386
721747,0.8756869
721748,0.98842496
721749,0.99859846
721750,0.008340448
721751,0.8679172
721752,0.24565226
721753,0.9943953
721754,0.3573891
721755,0.6774266
721756,0.06435602
721757,0.06532532
721758,0.40289187
721759,0.32793513
721760,0.6414734
721761,0.12089351
721762,0.22313872
721763,0.0841587
721764,0.72332746
721765,0.97735655
721766,0.05011977
721767,0.023853322
721768,0.09195868
721769,0.13991752
721770,0.02582302
721771,0.15739584
721772,0.19666287
721773,0.28642353
721774,0.02657969
721775,0.9719295
721776,0.22573689
721777,0.8062018
721778,0.99904466
721779,0.010764992
721780,0.0010252116
721781,0.49357563
721782,0.945026
721783,0.011289996
721784,0.037965003
721785,0.9619478
721786,0.9089134
721787,0.99127597
721788,0.12325774
721789,0.25739324
721790,0.01373367
721791,0.13551217
721792,0.12683515
721793,0.9504352
721794,0.05013941
721795,0.35417825
721796,0.6159956
721797,0.009546841
721798,0.11855746
721799,0.98000777
721800,0.5016025
721801,0.020626506
721802,0.9665137
721803,0.87746036
721804,0.36217222
721805,0.009087938
721806,0.93478733
721807,0.047521308
721808,0.0149232885
721809,0.022503752
721810,0.515324
721811,0.9970925
721812,0.019380797
721813,0.13169923
721814,0.9507089
721815,0.16423449
721816,0.5369026
721817,0.83556324
721818,0.013443219
721819,0.015881281
721820,0.99841166
721821,0.2550932
721822,0.99221927
721823,0.023007132
721824,0.97212744
721825,0.843055
721826,0.75962675
721827,0.09464525
721828,0.0072329086
721829,0.90193486
721830,0.6850718
721831,0.94165725
721832,0.98617643
721833,0.1421041
721834,0.86663103
721835,0.051200032
721836,0.082138084
721837,0.97345287
721838,0.3720529
721839,0.014347602
721840,0.96348965
721841,0.12691857
721842,0.017423438
721843,0.6167828
721844,0.99709964
721845,0.0072443327
721846,0.04358236
721847,0.9967082
721848,0.024162533
721849,0.97655404
721850,0.109355666
721851,0.100323275
721852,0.1557625
721853,0.018623468
721854,0.5988181
721855,0.72914416
721856,0.20028022
721857,0.5327991
721858,0.017947994
721859,0.0051903813
721860,0.048391905
721861,0.9805352
721862,0.01614755
721863,0.30380595
721864,0.05983118
721865,0.031092007
721866,0.9909198
721867,0.22824904
721868,0.8306482
721869,0.0054629818
721870,0.002385321
721871,0.0052939034
721872,0.007616069
721873,0.07481853
721874,0.009773529
721875,0.018507931
721876,0.09380126
721877,0.99419785
721878,0.04204952
721879,0.09619179
721880,0.9308662
721881,0.063235745
721882,0.18765748
721883,0.023129016
721884,0.0030437692
721885,0.45027003
721886,0.9777217
721887,0.054370243
721888,0.8036094
721889,0.8337523
721890,0.96211946
721891,0.65761364
721892,0.99605924
721893,0.972683
721894,0.10057412
721895,0.88942784
721896,0.17550167
721897,0.29987317
721898,0.055296905
721899,0.60884213
721900,0.9915547
721901,0.988629
721902,0.99324906
721903,0.914256
721904,0.08581976
721905,0.07157959
721906,0.90164924
721907,0.14230148
721908,0.07502006
721909,0.0043211128
721910,0.99580735
721911,0.87169003
721912,0.5423773
721913,0.0022077495
721914,0.00087215763
721915,0.031219445
721916,0.998994
721917,0.036148265
721918,0.8937012
721919,0.006730401
721920,0.0037369612
721921,0.9917949
721922,0.93893963
721923,0.7402448
721924,0.9921979
721925,0.9604133
721926,0.015960827
721927,0.6347889
721928,0.00406306
721929,0.93194836
721930,0.04185362
721931,0.41167486
721932,0.041896243
721933,0.00715495
721934,0.016209943
721935,0.9883163
721936,0.94428325
721937,0.09323906
721938,0.02168897
721939,0.32377064
721940,0.88641423
721941,0.0032474543
721942,0.01654249
721943,0.70543844
721944,0.009131156
721945,0.12245682
721946,0.50805736
721947,0.01880081
721948,0.8782131
721949,0.24548714
721950,0.96167153
721951,0.99008864
721952,0.51066005
721953,0.16125914
721954,0.03540632
721955,0.0004896157
721956,0.99819887
721957,0.029940404
721958,0.031023888
721959,0.9765489
721960,0.25978124
721961,0.08703211
721962,0.012595312
721963,0.037218995
721964,0.9997158
721965,0.43304208
721966,0.009064794
721967,0.005766912
721968,0.007951307
721969,0.9940728
721970,0.66235375
721971,0.012067089
721972,0.9286045
721973,0.009289296
721974,0.9208047
721975,0.8985451
721976,0.23129082
721977,0.013340415
721978,0.054518886
721979,0.96907663
721980,0.018011848
721981,0.043879285
721982,0.9793607
721983,0.9966811
721984,0.03337168
721985,0.31968558
721986,0.017296309
721987,0.93479085
721988,0.97051257
721989,0.40237933
721990,0.94857216
721991,0.037241824
721992,0.03402997
721993,0.9895405
721994,0.84157467
721995,0.7638012
721996,0.018962663
721997,0.038424842
721998,0.8279785
721999,0.80798054
722000,0.039731227
722001,0.4875445
722002,0.9934789
722003,0.7482575
722004,0.9607847
722005,0.9955796
722006,0.10987653
722007,0.0403695
722008,0.3128899
722009,0.120558396
722010,0.09570628
722011,0.0045626373
722012,0.9164623
722013,0.019916406
722014,0.1145702
722015,0.083758995
722016,0.5612212
722017,0.9997169
722018,0.6489018
722019,0.39691484
722020,0.6837785
722021,0.013248675
722022,0.9947356
722023,0.08002946
722024,0.9617317
722025,0.54586524
722026,0.994876
722027,0.020285275
722028,0.99573797
722029,0.013023486
722030,0.022717293
722031,0.8393768
722032,0.3652609
722033,0.58295983
722034,0.011095978
722035,0.005052248
722036,0.8573179
722037,0.87905693
722038,0.034566287
722039,0.0031844422
722040,0.24120641
722041,0.9871893
722042,0.021377884
722043,0.8507743
722044,0.9840458
722045,0.9421725
722046,0.022077179
722047,0.00060449034
722048,0.44400758
722049,0.025369935
722050,0.014672469
722051,0.006551628
722052,0.99529815
722053,0.85188234
722054,0.6915877
722055,0.026565887
722056,0.99648654
722057,0.10575708
722058,0.4393195
722059,0.97136295
722060,0.82482904
722061,0.99372566
722062,0.016813535
722063,0.9305419
722064,0.76214254
722065,0.92542446
722066,0.074750096
722067,0.011548101
722068,0.36657846
722069,0.21014464
722070,0.7786656
722071,0.9984557
722072,0.30644956
722073,0.02480515
722074,0.998667
722075,0.35260835
722076,0.9701766
722077,0.7498463
722078,0.48827195
722079,0.91334754
722080,0.95091665
722081,0.08482044
722082,0.94388497
722083,0.5806142
722084,0.99399287
722085,0.9775932
722086,0.99737537
722087,0.983127
722088,0.043837313
722089,0.06648632
722090,0.03267086
722091,0.039224215
722092,0.64617854
722093,0.8937305
722094,0.32681268
722095,0.020573154
722096,0.9142339
722097,0.046413258
722098,0.099749655
722099,0.2858854
722100,0.9092856
722101,0.25829393
722102,0.9871319
722103,0.067998625
722104,0.67431337
722105,0.011128832
722106,0.99041116
722107,0.9524832
722108,0.98811877
722109,0.03991604
722110,0.689159
722111,0.9949858
722112,0.11304272
722113,0.04845148
722114,0.25302982
722115,0.16666383
722116,0.9803617
722117,0.88667935
722118,0.4975091
722119,0.9929457
722120,0.11057347
722121,0.039265756
722122,0.9873903
722123,0.17324445
722124,0.3357466
722125,0.9911878
722126,0.13765018
722127,0.8029225
722128,0.004639389
722129,0.02183769
722130,0.01803651
722131,0.7142235
722132,0.5318743
722133,0.87547636
722134,0.6460422
722135,0.20102233
722136,0.11441139
722137,0.30949983
722138,0.37081456
722139,0.9920201
722140,0.23324996
722141,0.7359759
722142,0.9762882
722143,0.9886178
722144,0.99752426
722145,0.5963639
722146,0.0056540687
722147,0.05107648
722148,0.2525267
722149,0.86368626
722150,0.0815326
722151,0.21098246
722152,0.041906536
722153,0.06703372
722154,0.008063384
722155,0.052820325
722156,0.6636772
722157,0.99533415
722158,0.83103967
722159,0.69039315
722160,0.043815076
722161,0.87230134
722162,0.9849582
722163,0.649026
722164,0.98815066
722165,0.013858039
722166,0.9740846
722167,0.866613
722168,0.012479721
722169,0.95348394
722170,0.00748494
722171,0.0074666454
722172,0.07707666
722173,0.775805
722174,0.93373907
722175,0.32463092
722176,0.8338528
722177,0.984434
722178,0.011042525
722179,0.8895194
722180,0.5669201
722181,0.017028082
722182,0.06489493
722183,0.39673024
722184,0.012462073
722185,0.89165866
722186,0.96010834
722187,0.6680276
722188,0.19958146
722189,0.10945682
722190,0.95447946
722191,0.99113536
722192,0.42951995
722193,0.51478195
722194,0.45589
722195,0.9956113
722196,0.98673695
722197,0.017899282
722198,0.022338044
722199,0.81022966
722200,0.08298699
722201,0.07001203
722202,0.01360354
722203,0.03213567
722204,0.0058017005
722205,0.046559498
722206,0.95761806
722207,0.49023843
722208,0.042663336
722209,0.02749414
722210,0.25124955
722211,0.030674785
722212,0.46028724
722213,0.997171
722214,0.008983189
722215,0.8735806
722216,0.9954434
722217,0.9865575
722218,0.9964192
722219,0.8394613
722220,0.18645151
722221,0.9991489
722222,0.9826907
722223,0.17563525
722224,0.9773785
722225,0.3262787
722226,0.774648
722227,0.98326993
722228,0.018819094
722229,0.34332615
722230,0.6056776
722231,0.9246314
722232,0.28369513
722233,0.39355284
722234,0.008025074
722235,0.016471712
722236,0.51348513
722237,0.98794585
722238,0.08159988
722239,0.0061472245
722240,0.9844581
722241,0.9966146
722242,0.9977794
722243,0.99635154
722244,0.019331696
722245,0.9969963
722246,0.0186077
722247,0.021492861
722248,0.97233206
722249,0.16526292
722250,0.56541073
722251,0.021254258
722252,0.010426255
722253,0.023916338
722254,0.73848337
722255,0.9905926
722256,0.9955059
722257,0.9925684
722258,0.023924908
722259,0.05189563
722260,0.995855
722261,0.058395784
722262,0.0038518766
722263,0.99886143
722264,0.9741516
722265,0.9913525
722266,0.007406456
722267,0.19142589
722268,0.98597676
722269,0.016980689
722270,0.0054707993
722271,0.018863717
722272,0.00864459
722273,0.83736914
722274,0.94371164
722275,0.53498316
722276,0.09325366
722277,0.7855705
722278,0.7349916
722279,0.05890736
722280,0.767147
722281,0.043185312
722282,0.80949074
722283,0.16390559
722284,0.1858872
722285,0.5361384
722286,0.9553552
722287,0.99671566
722288,0.14485162
722289,0.004829654
722290,0.1333925
722291,0.2391021
722292,0.117942974
722293,0.853292
722294,0.8855268
722295,0.99568015
722296,0.03257066
722297,0.9753294
722298,0.34079656
722299,0.985345
722300,0.003250401
722301,0.09162541
722302,0.98088187
722303,0.57573646
722304,0.005294863
722305,0.39718544
722306,0.005442263
722307,0.22299482
722308,0.9966137
722309,0.0041341623
722310,0.9989275
722311,0.027536206
722312,0.018644297
722313,0.5364392
722314,0.1930192
722315,0.9653131
722316,0.0057315635
722317,0.16164319
722318,0.99249196
722319,0.010124444
722320,0.017561445
722321,0.07036943
722322,0.17936939
722323,0.006547733
722324,0.0028149758
722325,0.048322387
722326,0.6474057
722327,0.647565
722328,0.7214613
722329,0.43643507
722330,0.6758588
722331,0.051006597
722332,0.6364449
722333,0.1838958
722334,0.0226218
722335,0.019939313
722336,0.6187905
722337,0.9882202
722338,0.013381927
722339,0.5956007
722340,0.018087532
722341,0.16014199
722342,0.96860945
722343,0.7741319
722344,0.99091935
722345,0.029936112
722346,0.9960247
722347,0.788536
722348,0.0034435105
722349,0.014920986
722350,0.015556537
722351,0.95613045
722352,0.047133625
722353,0.95000505
722354,0.017815202
722355,0.9760297
722356,0.36715624
722357,0.8917469
722358,0.061818644
722359,0.91146785
722360,0.15303582
722361,0.056577418
722362,0.017097319
722363,0.10847907
722364,0.98919785
722365,0.9969839
722366,0.75241035
722367,0.98862094
722368,0.6428482
722369,0.04442519
722370,0.9965026
722371,0.6206769
722372,0.65888023
722373,0.97457737
722374,0.06481403
722375,0.9907332
722376,0.0057072127
722377,0.94622713
722378,0.2766958
722379,0.8848814
722380,0.27457264
722381,0.8828322
722382,0.20284343
722383,0.09033058
722384,0.0666044
722385,0.80571246
722386,0.016047202
722387,0.17340203
722388,0.97783685
722389,0.97376883
722390,0.1507093
722391,0.0076319748
722392,0.8462419
722393,0.008856548
722394,0.95576835
722395,0.2219209
722396,0.029388858
722397,0.26886418
722398,0.61444736
722399,0.011928959
722400,0.34330297
722401,0.99812394
722402,0.59248394
722403,0.15033
722404,0.93679935
722405,0.9793132
722406,0.42990294
722407,0.67580616
722408,0.0032144496
722409,0.767728
722410,0.010691524
722411,0.0043579554
722412,0.00049508456
722413,0.40256166
722414,0.9082353
722415,0.013496833
722416,0.0722765
722417,0.9734904
722418,0.004022075
722419,0.05669916
722420,0.75094813
722421,0.9498725
722422,0.8840329
722423,0.24479263
722424,0.68685853
722425,0.013772807
722426,0.9701963
722427,0.010547003
722428,0.8739352
722429,0.29717907
722430,0.03239674
722431,0.14301142
722432,0.98110265
722433,0.11489791
722434,0.9508873
722435,0.3101873
722436,0.059546214
722437,0.911865
722438,0.10704729
722439,0.08837876
722440,0.9921739
722441,0.9330201
722442,0.064948216
722443,0.9862894
722444,0.5896133
722445,0.005311888
722446,0.040926985
722447,0.015418138
722448,0.63226616
722449,0.94064605
722450,0.007900899
722451,0.90497285
722452,0.017932316
722453,0.02998951
722454,0.058959205
722455,0.044526592
722456,0.42057317
722457,0.005107294
722458,0.002064473
722459,0.0028964034
722460,0.059875354
722461,0.08987931
722462,0.22333369
722463,0.9249266
722464,0.2215796
722465,0.017949015
722466,0.05060995
722467,0.9895202
722468,0.32604027
722469,0.9316975
722470,0.07684106
722471,0.99530447
722472,0.104658976
722473,0.99173826
722474,0.20025823
722475,0.015381497
722476,0.014546134
722477,0.004065196
722478,0.8793512
722479,0.9300902
722480,0.019973269
722481,0.97836316
722482,0.5969546
722483,0.2039904
722484,0.24108745
722485,0.0013354309
722486,0.015409669
722487,0.33220977
722488,0.86862487
722489,0.027136771
722490,0.0145493485
722491,0.23071021
722492,0.035175785
722493,0.98856235
722494,0.49767876
722495,0.66116613
722496,0.9799918
722497,0.85983646
722498,0.7049477
722499,0.0022313874
722500,0.31593454
722501,0.33791083
722502,0.0077506183
722503,0.08871141
722504,0.62100834
722505,0.99279207
722506,0.21698873
722507,0.13315064
722508,0.9069491
722509,0.9767577
722510,0.06244228
722511,0.9304135
722512,0.044528276
722513,0.01327051
722514,0.5668457
722515,0.69921654
722516,0.9273457
722517,0.97903275
722518,0.42074353
722519,0.014061289
722520,0.95476824
722521,0.94035
722522,0.9067111
722523,0.02055695
722524,0.992524
722525,0.9601396
722526,0.35392177
722527,0.010728955
722528,0.99927044
722529,0.9372291
722530,0.5080432
722531,0.07358658
722532,0.056184083
722533,0.97965705
722534,0.855518
722535,0.12838054
722536,0.9677021
722537,0.016509723
722538,0.042492364
722539,0.782256
722540,0.10561673
722541,0.98023576
722542,0.022153907
722543,0.011741102
722544,0.4862614
722545,0.964203
722546,0.8379183
722547,0.09231028
722548,0.9261443
722549,0.7196899
722550,0.021001086
722551,0.019599918
722552,0.093046725
722553,0.80710894
722554,0.1230818
722555,0.072290584
722556,0.9871384
722557,0.9645945
722558,0.9817788
722559,0.21464656
722560,0.36804897
722561,0.98554134
722562,0.9293621
722563,0.98411834
722564,0.46503544
722565,0.5732838
722566,0.986589
722567,0.055613272
722568,0.010729311
722569,0.97628796
722570,0.4146989
722571,0.9832488
722572,0.14724416
722573,0.9899045
722574,0.07617088
722575,0.67592335
722576,0.26352808
722577,0.9682871
722578,0.89242285
722579,0.9798987
722580,0.27258974
722581,0.9613359
722582,0.9994899
722583,0.5301292
722584,0.9138985
722585,0.95394546
722586,0.9003644
722587,0.02091211
722588,0.03828384
722589,0.98571205
722590,0.63161147
722591,0.9746784
722592,0.9899936
722593,0.03812408
722594,0.21725824
722595,0.11072023
722596,0.99904823
722597,0.9989563
722598,0.016487937
722599,0.94640833
722600,0.011481734
722601,0.08840918
722602,0.18280675
722603,0.6237534
722604,0.990553
722605,0.9561504
722606,0.049580976
722607,0.31828976
722608,0.8139845
722609,0.061529845
722610,0.00694141
722611,0.031953108
722612,0.044173557
722613,0.13399044
722614,0.02487583
722615,0.24088897
722616,0.7267868
722617,0.017720763
722618,0.98786104
722619,0.027166976
722620,0.034680992
722621,0.14952092
722622,0.006796754
722623,0.97286963
722624,0.9935696
722625,0.013940103
722626,0.012283073
722627,0.27394316
722628,0.008796478
722629,0.005620776
722630,0.46794513
722631,0.010931602
722632,0.69634485
722633,0.965248
722634,0.37821725
722635,0.20843075
722636,0.6144849
722637,0.10405973
722638,0.8609936
722639,0.0065581603
722640,0.026075026
722641,0.9924973
722642,0.06520954
722643,0.0170296
722644,0.3107817
722645,0.99443007
722646,0.9288369
722647,0.22052859
722648,0.014969099
722649,0.915984
722650,0.98028284
722651,0.0068375715
722652,0.02196357
722653,0.027389262
722654,0.34620118
722655,0.75076246
722656,0.0385177
722657,0.021124218
722658,0.04885603
722659,0.97888434
722660,0.99877715
722661,0.9416307
722662,0.9768127
722663,0.47853756
722664,0.7430885
722665,0.98095965
722666,0.18312977
722667,0.97106683
722668,0.8385007
722669,0.98938644
722670,0.95209086
722671,0.9356766
722672,0.061135627
722673,0.98645425
722674,0.12450194
722675,0.9895232
722676,0.0084875375
722677,0.40285724
722678,0.026330868
722679,0.82714975
722680,0.73729473
722681,0.15547615
722682,0.12108871
722683,0.012522668
722684,0.013225399
722685,0.22649777
722686,0.27787274
722687,0.023193553
722688,0.45902908
722689,0.8696635
722690,0.31662977
722691,0.007104527
722692,0.9763183
722693,0.020520326
722694,0.99229413
722695,0.043852843
722696,0.9179953
722697,0.05224918
722698,0.0071277316
722699,0.009915222
722700,0.9590194
722701,0.010487257
722702,0.9924176
722703,0.20507188
722704,0.002992932
722705,0.0076080337
722706,0.9832955
722707,0.011484213
722708,0.9877027
722709,0.1325931
722710,0.004941958
722711,0.014740618
722712,0.026080893
722713,0.20269254
722714,0.06957297
722715,0.15157983
722716,0.5363705
722717,0.046981633
722718,0.037303027
722719,0.026958464
722720,0.35607654
722721,0.06998559
722722,0.04658058
722723,0.09008552
722724,0.54270375
722725,0.19448487
722726,0.7480993
722727,0.9943092
722728,0.8945844
722729,0.04614842
722730,0.07527956
722731,0.0037519052
722732,0.47646198
722733,0.03281874
722734,0.7417503
722735,0.0831637
722736,0.7036819
722737,0.99804103
722738,0.99416167
722739,0.0022104802
722740,0.9410776
722741,0.036161672
722742,0.038458325
722743,0.30391145
722744,0.417589
722745,0.99460566
722746,0.10297465
722747,0.018018626
722748,0.9994032
722749,0.0021169893
722750,0.29865623
722751,0.4523625
722752,0.19971839
722753,0.30661732
722754,0.88844323
722755,0.0071667926
722756,0.98478854
722757,0.074594945
722758,0.9896368
722759,0.9730345
722760,0.019392788
722761,0.98023856
722762,0.9988644
722763,0.5053316
722764,0.003013088
722765,0.5818278
722766,0.9988408
722767,0.9811125
722768,0.96452296
722769,0.99462336
722770,0.9513915
722771,0.9976359
722772,0.02935833
722773,0.8299913
722774,0.07983581
722775,0.9813304
722776,0.13816983
722777,0.036597468
722778,0.042419042
722779,0.5265826
722780,0.013905229
722781,0.85115993
722782,0.104432
722783,0.03501276
722784,0.0035911147
722785,0.007118785
722786,0.99297535
722787,0.5833849
722788,0.726045
722789,0.04136343
722790,0.9973335
722791,0.04956281
722792,0.008756416
722793,0.026072629
722794,0.054766722
722795,0.008198855
722796,0.028571906
722797,0.017316457
722798,0.022214297
722799,0.011986265
722800,0.97197735
722801,0.030189052
722802,0.8549851
722803,0.63416713
722804,0.97783303
722805,0.9973896
722806,0.10300667
722807,0.2895078
722808,0.92145824
722809,0.59433997
722810,0.97602963
722811,0.04043746
722812,0.04015717
722813,0.9921856
722814,0.8834319
722815,0.3780172
722816,0.8297545
722817,0.8122649
722818,0.68615806
722819,0.069566816
722820,0.97204167
722821,0.7446325
722822,0.97809345
722823,0.29942447
722824,0.9953996
722825,0.9175865
722826,0.15528114
722827,0.9912437
722828,0.016542766
722829,0.5499717
722830,0.84258085
722831,0.010862837
722832,0.9801055
722833,0.22705871
722834,0.97626334
722835,0.0673431
722836,0.11326591
722837,0.95703125
722838,0.9385641
722839,0.014693574
722840,0.47534806
722841,0.005918799
722842,0.0046701855
722843,0.023718808
722844,0.053181738
722845,0.025873128
722846,0.009868839
722847,0.011661737
722848,0.017853603
722849,0.0048629083
722850,0.009636372
722851,0.9255108
722852,0.4663962
722853,0.7706037
722854,0.3998103
722855,0.74658173
722856,0.05171505
722857,0.0029034698
722858,0.67447215
722859,0.0519623
722860,0.994561
722861,0.041357514
722862,0.9768491
722863,0.68944794
722864,0.9887974
722865,0.40948844
722866,0.18950415
722867,0.9342735
722868,0.31519532
722869,0.011627159
722870,0.073096976
722871,0.9204388
722872,0.965535
722873,0.56029534
722874,0.9972967
722875,0.93916214
722876,0.99440634
722877,0.02284022
722878,0.99940693
722879,0.0087062325
722880,0.83003634
722881,0.057741635
722882,0.9913195
722883,0.997518
722884,0.9447129
722885,0.021298306
722886,0.09333296
722887,0.9904374
722888,0.27546608
722889,0.90088123
722890,0.009937248
722891,0.04219151
722892,0.0539392
722893,0.034544047
722894,0.12113165
722895,0.2405974
722896,0.11244458
722897,0.7856733
722898,0.09170972
722899,0.002602422
722900,0.8778721
722901,0.98404676
722902,0.16501442
722903,0.9547006
722904,0.9486646
722905,0.970806
722906,0.02693533
722907,0.8963367
722908,0.024268683
722909,0.90727514
722910,0.3168972
722911,0.2536455
722912,0.024901144
722913,0.08168198
722914,0.035778437
722915,0.014484091
722916,0.9389455
722917,0.016963672
722918,0.68010956
722919,0.0008257732
722920,0.015254052
722921,0.21857172
722922,0.099550985
722923,0.15277153
722924,0.7290212
722925,0.041218534
722926,0.01920952
722927,0.9457153
722928,0.027610049
722929,0.9740114
722930,0.15780333
722931,0.5795569
722932,0.9884245
722933,0.80996215
722934,0.7660824
722935,0.016695892
722936,0.9991471
722937,0.21881646
722938,0.0008641471
722939,0.9636749
722940,0.8911251
722941,0.090772085
722942,0.9509798
722943,0.9974531
722944,0.86055887
722945,0.041196227
722946,0.028368354
722947,0.011474742
722948,0.014867578
722949,0.996783
722950,0.4485677
722951,0.6835835
722952,0.051783934
722953,0.9991185
722954,0.99757427
722955,0.0087617505
722956,0.8410621
722957,0.9758036
722958,0.5887745
722959,0.68192244
722960,0.75990945
722961,0.01775746
722962,0.9670636
722963,0.25673273
722964,0.32974347
722965,0.98193526
722966,0.008915551
722967,0.012279553
722968,0.012561018
722969,0.030949837
722970,0.12482415
722971,0.16846791
722972,0.9766915
722973,0.016682964
722974,0.3366173
722975,0.964641
722976,0.0056291064
722977,0.99526775
722978,0.67698514
722979,0.1415624
722980,0.9105657
722981,0.13477334
722982,0.05100135
722983,0.39494693
722984,0.07948191
722985,0.511739
722986,0.005270319
722987,0.01578794
722988,0.01824792
722989,0.0050849495
722990,0.22609393
722991,0.032207873
722992,0.106078304
722993,0.9884265
722994,0.038882606
722995,0.9654269
722996,0.35350186
722997,0.015711173
722998,0.07076982
722999,0.0043926938
723000,0.0073211645
723001,0.61449516
723002,0.13605413
723003,0.5898294
723004,0.23072425
723005,0.95720863
723006,0.006896491
723007,0.99271333
723008,0.0017987124
723009,0.02864304
723010,0.98789275
723011,0.58551216
723012,0.648636
723013,0.0058715665
723014,0.9829769
723015,0.86615163
723016,0.0052733906
723017,0.9172456
723018,0.86444247
723019,0.054282047
723020,0.034676798
723021,0.99143124
723022,0.96147263
723023,0.8666434
723024,0.014444368
723025,0.024877466
723026,0.48463547
723027,0.9956649
723028,0.10233595
723029,0.7386026
723030,0.022097843
723031,0.0333641
723032,0.3733919
723033,0.17447358
723034,0.08340719
723035,0.042660367
723036,0.47773203
723037,0.46986723
723038,0.13399255
723039,0.052118152
723040,0.11685921
723041,0.45772195
723042,0.122395836
723043,0.9783289
723044,0.022117784
723045,0.96162254
723046,0.062555894
723047,0.023308385
723048,0.023534384
723049,0.9446245
723050,0.08700697
723051,0.02496685
723052,0.6969516
723053,0.46875688
723054,0.99130267
723055,0.005207373
723056,0.94994104
723057,0.9776885
723058,0.20567568
723059,0.9950373
723060,0.51422036
723061,0.9442728
723062,0.36956143
723063,0.96069944
723064,0.99928844
723065,0.99554074
723066,0.9738537
723067,0.96765697
723068,0.0045944555
723069,0.994261
723070,0.015151331
723071,0.09564873
723072,0.8964418
723073,0.9138355
723074,0.40612864
723075,0.9690461
723076,0.083296865
723077,0.52517366
723078,0.28021824
723079,0.7990186
723080,0.0036164708
723081,0.9983317
723082,0.96939355
723083,0.6658174
723084,0.23687191
723085,0.5793638
723086,0.91485375
723087,0.03317738
723088,0.032260835
723089,0.36278307
723090,0.03245339
723091,0.9925711
723092,0.028042443
723093,0.92814326
723094,0.9986807
723095,0.07999794
723096,0.17362249
723097,0.11033082
723098,0.044826925
723099,0.053479753
723100,0.019269312
723101,0.1205472
723102,0.028104944
723103,0.26288512
723104,0.20753075
723105,0.8447248
723106,0.99646544
723107,0.02303954
723108,0.9530184
723109,0.9146529
723110,0.045455463
723111,0.9104982
723112,0.8604426
723113,0.99316365
723114,0.9649767
723115,0.26596814
723116,0.01650266
723117,0.13367808
723118,0.86296844
723119,0.81799734
723120,0.09850128
723121,0.9962101
723122,0.9485831
723123,0.9058491
723124,0.006958067
723125,0.21882744
723126,0.044742327
723127,0.95447236
723128,0.9859274
723129,0.029831147
723130,0.37597924
723131,0.037011966
723132,0.26799715
723133,0.594867
723134,0.94772017
723135,0.8006575
723136,0.8305509
723137,0.09247189
723138,0.49901506
723139,0.024148379
723140,0.045174696
723141,0.07166173
723142,0.011409531
723143,0.8999406
723144,0.43778923
723145,0.99731904
723146,0.99741006
723147,0.9827353
723148,0.85945743
723149,0.011667246
723150,0.66600084
723151,0.5849025
723152,0.028331142
723153,0.81361306
723154,0.11304882
723155,0.9923227
723156,0.32425976
723157,0.81145215
723158,0.12661895
723159,0.99309045
723160,0.05238626
723161,0.0064659487
723162,0.83084416
723163,0.0020817476
723164,0.030245617
723165,0.82174206
723166,0.04055896
723167,0.009184781
723168,0.21065089
723169,0.9831978
723170,0.01284824
723171,0.009081686
723172,0.05227364
723173,0.9567311
723174,0.3309957
723175,0.9823607
723176,0.7235569
723177,0.014635655
723178,0.008821435
723179,0.025117494
723180,0.99844277
723181,0.0057172007
723182,0.010851889
723183,0.48306352
723184,0.34298205
723185,0.101130515
723186,0.02245498
723187,0.99727225
723188,0.76060766
723189,0.008369784
723190,0.8817526
723191,0.7896636
723192,0.55013824
723193,0.17532504
723194,0.8986312
723195,0.021894038
723196,0.7269645
723197,0.008073885
723198,0.9589323
723199,0.9968346
723200,0.410703
723201,0.98510903
723202,0.9891879
723203,0.07883461
723204,0.026026836
723205,0.99006647
723206,0.006295352
723207,0.9878535
723208,0.021932486
723209,0.0043786
723210,0.7796501
723211,0.014491109
723212,0.989319
723213,0.9751705
723214,0.981329
723215,0.7845926
723216,0.89877474
723217,0.024697246
723218,0.027500434
723219,0.028962063
723220,0.05293299
723221,0.97983193
723222,0.022102062
723223,0.949584
723224,0.068661176
723225,0.9652028
723226,0.08576849
723227,0.908183
723228,0.037535176
723229,0.025361437
723230,0.97215575
723231,0.8908225
723232,0.8447886
723233,0.08556521
723234,0.95834535
723235,0.9933199
723236,0.4413682
723237,0.1031989
723238,0.99836254
723239,0.09708329
723240,0.99937564
723241,0.7218185
723242,0.0056885923
723243,0.0122594405
723244,0.987422
723245,0.7471534
723246,0.9819814
723247,0.89185166
723248,0.9839268
723249,0.42407227
723250,0.0021047455
723251,0.034274407
723252,0.03647452
723253,0.6982298
723254,0.9900169
723255,0.010879479
723256,0.8664782
723257,0.013270368
723258,0.029157598
723259,0.008801356
723260,0.21836284
723261,0.9714078
723262,0.88927966
723263,0.06733937
723264,0.9816849
723265,0.036827296
723266,0.015401016
723267,0.00775447
723268,0.10963336
723269,0.34222594
723270,0.022206962
723271,0.18519254
723272,0.50605303
723273,0.9596308
723274,0.27021086
723275,0.26182747
723276,0.9976441
723277,0.0051322673
723278,0.047288008
723279,0.9823067
723280,0.8265071
723281,0.075797655
723282,0.25591436
723283,0.99223804
723284,0.13059434
723285,0.91151834
723286,0.20465007
723287,0.99882823
723288,0.8811118
723289,0.48122504
723290,0.99681455
723291,0.07240634
723292,0.99391925
723293,0.074534036
723294,0.050105628
723295,0.42839947
723296,0.105143696
723297,0.5659603
723298,0.04320605
723299,0.7421205
723300,0.016498752
723301,0.6756571
723302,0.9851843
723303,0.65531164
723304,0.8399263
723305,0.9996658
723306,0.98552406
723307,0.039051145
723308,0.85107243
723309,0.9909483
723310,0.9949043
723311,0.056565844
723312,0.10265225
723313,0.6762359
723314,0.965001
723315,0.49798715
723316,0.5205623
723317,0.97362417
723318,0.045798503
723319,0.99614674
723320,0.7873758
723321,0.0062209177
723322,0.989835
723323,0.6377114
723324,0.13529159
723325,0.9637565
723326,0.6144089
723327,0.97498834
723328,0.011494273
723329,0.07930128
723330,0.02625138
723331,0.7780985
723332,0.053896774
723333,0.9034433
723334,0.95510024
723335,0.9956734
723336,0.027729006
723337,0.027508687
723338,0.004981029
723339,0.9910214
723340,0.876655
723341,0.021225203
723342,0.6861051
723343,0.886289
723344,0.008265777
723345,0.67975134
723346,0.06723656
723347,0.6362136
723348,0.99266183
723349,0.14562112
723350,0.22882172
723351,0.06505678
723352,0.83808345
723353,0.80884945
723354,0.25857973
723355,0.96454954
723356,0.55872595
723357,0.20534915
723358,0.021899937
723359,0.93459517
723360,0.8678062
723361,0.006882222
723362,0.05386267
723363,0.9503057
723364,0.017093524
723365,0.9966774
723366,0.07969638
723367,0.39127117
723368,0.008107204
723369,0.98688734
723370,0.986144
723371,0.8280665
723372,0.9800587
723373,0.9853085
723374,0.9988073
723375,0.06953325
723376,0.001016881
723377,0.009628728
723378,0.96475697
723379,0.99291676
723380,0.33460552
723381,0.0058531463
723382,0.99681103
723383,0.9915309
723384,0.23161794
723385,0.6314839
723386,0.99481183
723387,0.12135945
723388,0.9902795
723389,0.108999014
723390,0.99106985
723391,0.97406656
723392,0.79629135
723393,0.98040414
723394,0.017700858
723395,0.042460784
723396,0.86853355
723397,0.967593
723398,0.99844813
723399,0.995771
723400,0.9992332
723401,0.12401757
723402,0.061042663
723403,0.9862608
723404,0.9965
723405,0.08998199
723406,0.2230425
723407,0.94138175
723408,0.40163472
723409,0.109157324
723410,0.99146056
723411,0.017923702
723412,0.01667412
723413,0.9678493
723414,0.67837095
723415,0.14933792
723416,0.16577402
723417,0.0017590234
723418,0.8916004
723419,0.005125296
723420,0.7697203
723421,0.9933481
723422,0.9959248
723423,0.0072602993
723424,0.00031776578
723425,0.9965154
723426,0.47431847
723427,0.10517683
723428,0.13676934
723429,0.7689861
723430,0.9870892
723431,0.12680987
723432,0.99582946
723433,0.9625491
723434,0.9948871
723435,0.027016286
723436,0.029437281
723437,0.98394334
723438,0.85284054
723439,0.03173989
723440,0.02565882
723441,0.047089227
723442,0.03307247
723443,0.045622095
723444,0.005192982
723445,0.04546252
723446,0.8092934
723447,0.005310714
723448,0.73759556
723449,0.006036152
723450,0.16479559
723451,0.041559976
723452,0.08294383
723453,0.9803322
723454,0.9884369
723455,0.85531807
723456,0.48111948
723457,0.9871419
723458,0.9748663
723459,0.8119104
723460,0.0051979544
723461,0.28449583
723462,0.023823708
723463,0.8260924
723464,0.98997533
723465,0.97481436
723466,0.995495
723467,0.0099854795
723468,0.82028955
723469,0.98631763
723470,0.43675095
723471,0.97479963
723472,0.04238051
723473,0.9748179
723474,0.009572442
723475,0.9708226
723476,0.006326218
723477,0.96174645
723478,0.018584806
723479,0.006539996
723480,0.09998972
723481,0.25720966
723482,0.854668
723483,0.9943058
723484,0.19791341
723485,0.46720994
723486,0.99141157
723487,0.34037784
723488,0.98847675
723489,0.061166048
723490,0.22386697
723491,0.95442146
723492,0.9650194
723493,0.06449236
723494,0.053438846
723495,0.22172624
723496,0.91836125
723497,0.9946096
723498,0.60709643
723499,0.45943028
723500,0.9994367
723501,0.97453415
723502,0.113057524
723503,0.029273681
723504,0.97253513
723505,0.47456786
723506,0.9955127
723507,0.8187686
723508,0.614113
723509,0.9589101
723510,0.36568165
723511,0.6192467
723512,0.18099709
723513,0.03717823
723514,0.62549764
723515,0.026276767
723516,0.7434874
723517,0.94654083
723518,0.66352475
723519,0.21569186
723520,0.0049404
723521,0.060195427
723522,0.46078032
723523,0.9883135
723524,0.026757406
723525,0.9842086
723526,0.8761285
723527,0.07083432
723528,0.052063312
723529,0.03476081
723530,0.94726217
723531,0.04645548
723532,0.6463412
723533,0.9385435
723534,0.9932208
723535,0.96193796
723536,0.27033892
723537,0.980772
723538,0.14793666
723539,0.98073494
723540,0.99419445
723541,0.98670316
723542,0.048705563
723543,0.9908119
723544,0.93197775
723545,0.23732144
723546,0.87197876
723547,0.036111675
723548,0.7808061
723549,0.98664933
723550,0.35431278
723551,0.06549601
723552,0.23990078
723553,0.03672036
723554,0.7970593
723555,0.65331805
723556,0.0114787035
723557,0.5972736
723558,0.94278073
723559,0.036311287
723560,0.15155405
723561,0.83920246
723562,0.98524046
723563,0.26915437
723564,0.85848516
723565,0.7994314
723566,0.043770187
723567,0.020881947
723568,0.9915966
723569,0.99753225
723570,0.9145887
723571,0.010350354
723572,0.49855608
723573,0.9675609
723574,0.164681
723575,0.11451257
723576,0.18813659
723577,0.04978674
723578,0.059613973
723579,0.022393797
723580,0.99702
723581,0.6796753
723582,0.21105978
723583,0.0096353935
723584,0.19846931
723585,0.95432997
723586,0.74080384
723587,0.032327365
723588,0.0038019288
723589,0.10390508
723590,0.015143916
723591,0.99160624
723592,0.12248496
723593,0.010770904
723594,0.008595297
723595,0.94340616
723596,0.028292973
723597,0.004192374
723598,0.9829322
723599,0.048105985
723600,0.33344454
723601,0.04561313
723602,0.26596865
723603,0.012917541
723604,0.01079745
723605,0.8703393
723606,0.0048407926
723607,0.0061263745
723608,0.9128591
723609,0.041220065
723610,0.35431305
723611,0.9913535
723612,0.03789647
723613,0.29558733
723614,0.010341465
723615,0.96295494
723616,0.7619393
723617,0.014579585
723618,0.787513
723619,0.96981096
723620,0.010622345
723621,0.97923297
723622,0.012178774
723623,0.025675371
723624,0.060648784
723625,0.99782985
723626,0.8330716
723627,0.0047506094
723628,0.99826694
723629,0.020568227
723630,0.72357506
723631,0.9079227
723632,0.01953708
723633,0.9653442
723634,0.99337083
723635,0.4657225
723636,0.004405991
723637,0.004740074
723638,0.0047079436
723639,0.99699026
723640,0.040502466
723641,0.008680782
723642,0.97402954
723643,0.021692835
723644,0.99091625
723645,0.73657763
723646,0.55528903
723647,0.28525373
723648,0.19643354
723649,0.9946725
723650,0.8707068
723651,0.9972685
723652,0.03822101
723653,0.9983226
723654,0.09290375
723655,0.43546522
723656,0.9850958
723657,0.99628115
723658,0.097783685
723659,0.011715185
723660,0.025857564
723661,0.004538945
723662,0.077338934
723663,0.0046637426
723664,0.9359543
723665,0.991319
723666,0.9915851
723667,0.016067343
723668,0.004798604
723669,0.9172058
723670,0.6380648
723671,0.009673087
723672,0.015798036
723673,0.33621582
723674,0.04685178
723675,0.9857104
723676,0.019929893
723677,0.27714115
723678,0.12995929
723679,0.06609721
723680,0.9409802
723681,0.0024458745
723682,0.011505295
723683,0.750749
723684,0.06891863
723685,0.75031006
723686,0.16727063
723687,0.06434776
723688,0.014358184
723689,0.14303073
723690,0.97302586
723691,0.039184637
723692,0.92601323
723693,0.9819686
723694,0.1432468
723695,0.04729239
723696,0.82815003
723697,0.9221225
723698,0.18323816
723699,0.0027330709
723700,0.25773382
723701,0.9973999
723702,0.0049392283
723703,0.9965169
723704,0.9924623
723705,0.012659808
723706,0.74306405
723707,0.0018305453
723708,0.9716043
723709,0.048762377
723710,0.3341618
723711,0.10936665
723712,0.9641012
723713,0.70857495
723714,0.88710797
723715,0.98448294
723716,0.021261469
723717,0.79698336
723718,0.99134874
723719,0.02442244
723720,0.09844911
723721,0.90248317
723722,0.99775326
723723,0.60469145
723724,0.91720605
723725,0.007981162
723726,0.9918264
723727,0.6053351
723728,0.10280407
723729,0.023632806
723730,0.4916315
723731,0.99579614
723732,0.93571687
723733,0.9502713
723734,0.2078684
723735,0.011342657
723736,0.39403236
723737,0.31133384
723738,0.48365614
723739,0.91872275
723740,0.93416834
723741,0.042908594
723742,0.016530849
723743,0.94148815
723744,0.07607524
723745,0.008594323
723746,0.9424034
723747,0.98404413
723748,0.9775243
723749,0.9519958
723750,0.0063869767
723751,0.9969496
723752,0.98029363
723753,0.05041703
723754,0.025318608
723755,0.012659278
723756,0.082472414
723757,0.8400362
723758,0.06345042
723759,0.8910955
723760,0.94670284
723761,0.043913893
723762,0.011626673
723763,0.9884759
723764,0.033018477
723765,0.9334241
723766,0.9808985
723767,0.005414325
723768,0.99437773
723769,0.0044380976
723770,0.28206122
723771,0.05563104
723772,0.037042532
723773,0.013087789
723774,0.021917688
723775,0.7869978
723776,0.9992802
723777,0.9719333
723778,0.3242091
723779,0.99791735
723780,0.025648095
723781,0.05228686
723782,0.032058097
723783,0.043020137
723784,0.04943022
723785,0.05431418
723786,0.019962704
723787,0.9210223
723788,0.015003336
723789,0.009184294
723790,0.9878215
723791,0.058957346
723792,0.004670079
723793,0.13925502
723794,0.0923146
723795,0.17970902
723796,0.0050032865
723797,0.19038743
723798,0.30777952
723799,0.71063364
723800,0.05661264
723801,0.96730053
723802,0.68156123
723803,0.011728656
723804,0.016211579
723805,0.052190144
723806,0.029349644
723807,0.96247524
723808,0.6686711
723809,0.9018215
723810,0.9991832
723811,0.02010648
723812,0.037791375
723813,0.010393627
723814,0.038028486
723815,0.0099878125
723816,0.77681506
723817,0.010728163
723818,0.08125721
723819,0.18797213
723820,0.68231344
723821,0.96239924
723822,0.09897374
723823,0.99866
723824,0.2519424
723825,0.97507733
723826,0.12426828
723827,0.82281744
723828,0.0015945232
723829,0.019085139
723830,0.96439415
723831,0.17618585
723832,0.0040644943
723833,0.037744626
723834,0.4193984
723835,0.23660257
723836,0.78358734
723837,0.0030536458
723838,0.089138314
723839,0.9781453
723840,0.010744153
723841,0.025090475
723842,0.1771673
723843,0.23160571
723844,0.34733045
723845,0.17772448
723846,0.009654079
723847,0.88771886
723848,0.6832668
723849,0.99255586
723850,0.97515225
723851,0.08875113
723852,0.014018195
723853,0.05238046
723854,0.016072063
723855,0.9961099
723856,0.8671349
723857,0.018052103
723858,0.015324061
723859,0.94838583
723860,0.10369604
723861,0.0015535573
723862,0.9741273
723863,0.244248
723864,0.014735226
723865,0.031955082
723866,0.98840684
723867,0.00864683
723868,0.47795898
723869,0.87300396
723870,0.9966489
723871,0.9961072
723872,0.8981508
723873,0.017354762
723874,0.9993083
723875,0.09963199
723876,0.12309016
723877,0.039228804
723878,0.92475325
723879,0.027968079
723880,0.011011221
723881,0.85350716
723882,0.068396784
723883,0.9500329
723884,0.8301304
723885,0.7669271
723886,0.9963628
723887,0.36523408
723888,0.009269838
723889,0.9218847
723890,0.7321344
723891,0.072713435
723892,0.79755664
723893,0.17219679
723894,0.5465692
723895,0.9498638
723896,0.0109284
723897,0.008601226
723898,0.5823666
723899,0.90873194
723900,0.019469151
723901,0.8806478
723902,0.2043876
723903,0.148671
723904,0.97011876
723905,0.9844523
723906,0.6140132
723907,0.88562375
723908,0.0063871653
723909,0.35314095
723910,0.057888594
723911,0.06188435
723912,0.86061144
723913,0.98802024
723914,0.9936074
723915,0.999781
723916,0.93734366
723917,0.04335566
723918,0.79656565
723919,0.77766496
723920,0.4355929
723921,0.008697372
723922,0.15843508
723923,0.041566826
723924,0.013890915
723925,0.9003874
723926,0.22070228
723927,0.43801123
723928,0.9697734
723929,0.003405075
723930,0.011242096
723931,0.037815895
723932,0.99557877
723933,0.07912536
723934,0.019335864
723935,0.96250105
723936,0.8703087
723937,0.0053267465
723938,0.020345837
723939,0.66878176
723940,0.032435395
723941,0.44285628
723942,0.042931605
723943,0.05857712
723944,0.021282943
723945,0.04542847
723946,0.5871095
723947,0.0097455345
723948,0.9892614
723949,0.8344231
723950,0.05509516
723951,0.0026860875
723952,0.042640455
723953,0.7832897
723954,0.99567914
723955,0.051391684
723956,0.036591902
723957,0.9905101
723958,0.97929156
723959,0.8152068
723960,0.14650106
723961,0.4913194
723962,0.957088
723963,0.783873
723964,0.013675038
723965,0.011853637
723966,0.006694362
723967,0.7363079
723968,0.105627894
723969,0.050686225
723970,0.040048588
723971,0.12413344
723972,0.51376504
723973,0.015104657
723974,0.7562478
723975,0.98631096
723976,0.15103674
723977,0.004680923
723978,0.0317572
723979,0.321904
723980,0.68708915
723981,0.008949356
723982,0.53200793
723983,0.0014982321
723984,0.12777048
723985,0.26696235
723986,0.9442349
723987,0.26695985
723988,0.64979315
723989,0.82197565
723990,0.008744051
723991,0.42069745
723992,0.19551708
723993,0.11424214
723994,0.9861964
723995,0.034947097
723996,0.99528277
723997,0.05612267
723998,0.58079106
723999,0.033221457
724000,0.9168739
724001,0.0077177607
724002,0.99902
724003,0.013884656
724004,0.10545934
724005,0.58612007
724006,0.016996121
724007,0.30672514
724008,0.9721588
724009,0.9942215
724010,0.5403011
724011,0.1287705
724012,0.3724217
724013,0.02273632
724014,0.93887794
724015,0.2529328
724016,0.15600416
724017,0.046952005
724018,0.051664807
724019,0.6575355
724020,0.042473864
724021,0.99841094
724022,0.9593992
724023,0.99693227
724024,0.27698234
724025,0.77412134
724026,0.18791518
724027,0.1012326
724028,0.17566334
724029,0.7955768
724030,0.054046422
724031,0.81778026
724032,0.4604169
724033,0.010764614
724034,0.01929884
724035,0.0036712096
724036,0.31166306
724037,0.21203032
724038,0.98684776
724039,0.09699544
724040,0.73594004
724041,0.9932411
724042,0.98509955
724043,0.953557
724044,0.7957539
724045,0.03789468
724046,0.7365738
724047,0.011189885
724048,0.06528653
724049,0.0441758
724050,0.009132333
724051,0.9251458
724052,0.043761376
724053,0.0031856038
724054,0.9462803
724055,0.9598849
724056,0.65276086
724057,0.93758726
724058,0.023438495
724059,0.024514703
724060,0.95513976
724061,0.380516
724062,0.45537826
724063,0.9100531
724064,0.22628616
724065,0.22827019
724066,0.94296694
724067,0.8913566
724068,0.38154358
724069,0.012559638
724070,0.24208847
724071,0.039417766
724072,0.9951727
724073,0.01896677
724074,0.91031265
724075,0.012048712
724076,0.038295254
724077,0.9590985
724078,0.9518924
724079,0.9574846
724080,0.0075509856
724081,0.009018116
724082,0.2530613
724083,0.97766364
724084,0.006231027
724085,0.90560114
724086,0.043826673
724087,0.048317514
724088,0.39699596
724089,0.035485893
724090,0.009427217
724091,0.15176745
724092,0.98230016
724093,0.9991227
724094,0.8902433
724095,0.40439212
724096,0.07625048
724097,0.96929985
724098,0.5835037
724099,0.4139948
724100,0.98192894
724101,0.22527255
724102,0.010078186
724103,0.9773639
724104,0.0044277003
724105,0.004093065
724106,0.25598532
724107,0.008879971
724108,0.004777115
724109,0.16756761
724110,0.66358984
724111,0.88955015
724112,0.15994611
724113,0.76734
724114,0.2219586
724115,0.9815801
724116,0.10941425
724117,0.015632354
724118,0.008287658
724119,0.019251501
724120,0.08148201
724121,0.029736552
724122,0.82764816
724123,0.04179038
724124,0.9967822
724125,0.18367682
724126,0.07106658
724127,0.9912221
724128,0.028137285
724129,0.06805106
724130,0.98946786
724131,0.0035259537
724132,0.51077265
724133,0.063161455
724134,0.13887268
724135,0.27492905
724136,0.015530922
724137,0.092208065
724138,0.69481665
724139,0.8347032
724140,0.94448054
724141,0.63235873
724142,0.0048033902
724143,0.016914058
724144,0.13237584
724145,0.98777854
724146,0.5803221
724147,0.015285223
724148,0.8399386
724149,0.0021726228
724150,0.988021
724151,0.9966295
724152,0.8119569
724153,0.23323277
724154,0.018464793
724155,0.48677325
724156,0.99869454
724157,0.7452997
724158,0.08838191
724159,0.17309166
724160,0.9318802
724161,0.94380605
724162,0.96533763
724163,0.9926852
724164,0.5883223
724165,0.31837243
724166,0.21975109
724167,0.13846877
724168,0.8992168
724169,0.7298188
724170,0.01972306
724171,0.9967905
724172,0.55761033
724173,0.4106007
724174,0.061495103
724175,0.04643954
724176,0.62094057
724177,0.006243322
724178,0.019677538
724179,0.028619638
724180,0.016451957
724181,0.19612847
724182,0.14864945
724183,0.018222738
724184,0.7902916
724185,0.31000987
724186,0.9930079
724187,0.01028301
724188,0.01729003
724189,0.08323892
724190,0.39002788
724191,0.017977651
724192,0.51214594
724193,0.993786
724194,0.69020325
724195,0.80866605
724196,0.042539336
724197,0.023260284
724198,0.010434609
724199,0.015012957
724200,0.030950414
724201,0.66558266
724202,0.0056915293
724203,0.9917314
724204,0.9275868
724205,0.9994392
724206,0.94354963
724207,0.9033824
724208,0.122352675
724209,0.011058083
724210,0.967584
724211,0.18143837
724212,0.9939196
724213,0.031054897
724214,0.019777806
724215,0.030829582
724216,0.4799872
724217,0.37579066
724218,0.15053731
724219,0.23155004
724220,0.05581292
724221,0.7807504
724222,0.23756354
724223,0.027865022
724224,0.0062799393
724225,0.99091405
724226,0.99648637
724227,0.014910659
724228,0.008297821
724229,0.96071684
724230,0.12544194
724231,0.2700711
724232,0.9924512
724233,0.010321103
724234,0.07372971
724235,0.11251798
724236,0.98762316
724237,0.1939541
724238,0.48864302
724239,0.009305419
724240,0.25928313
724241,0.050996553
724242,0.71008754
724243,0.50536466
724244,0.34362024
724245,0.28501603
724246,0.007913585
724247,0.9172553
724248,0.05071503
724249,0.831655
724250,0.07545623
724251,0.86453354
724252,0.20342225
724253,0.030747913
724254,0.009989295
724255,0.057006605
724256,0.96262133
724257,0.033800326
724258,0.028853102
724259,0.9976786
724260,0.023397064
724261,0.06339693
724262,0.9192479
724263,0.069156215
724264,0.7825718
724265,0.9906169
724266,0.0058798483
724267,0.8274549
724268,0.84031874
724269,0.83438075
724270,0.34699214
724271,0.033863917
724272,0.050333258
724273,0.12941927
724274,0.01563815
724275,0.0060978513
724276,0.0072741583
724277,0.016355835
724278,0.9636431
724279,0.080856875
724280,0.98123693
724281,0.01812987
724282,0.012713616
724283,0.014488823
724284,0.020885265
724285,0.09170683
724286,0.057175864
724287,0.46026158
724288,0.15650311
724289,0.99663246
724290,0.9928881
724291,0.01299379
724292,0.26608115
724293,0.9887956
724294,0.99689347
724295,0.008619638
724296,0.4512872
724297,0.015236509
724298,0.99429435
724299,0.95621765
724300,0.9623818
724301,0.890078
724302,0.010356774
724303,0.9732899
724304,0.17303339
724305,0.98585206
724306,0.30391994
724307,0.7500063
724308,0.018353093
724309,0.6119325
724310,0.9911606
724311,0.8210003
724312,0.023227297
724313,0.9452303
724314,0.00097302615
724315,0.902738
724316,0.21069488
724317,0.94118714
724318,0.6076752
724319,0.121916294
724320,0.066385865
724321,0.98803604
724322,0.9809879
724323,0.20786276
724324,0.016520072
724325,0.99618375
724326,0.967155
724327,0.016185518
724328,0.5663758
724329,0.9983135
724330,0.985407
724331,0.61947477
724332,0.95855635
724333,0.031843305
724334,0.34871253
724335,0.6797185
724336,0.9935407
724337,0.006484897
724338,0.3469897
724339,0.50291276
724340,0.63575965
724341,0.12650132
724342,0.0044445354
724343,0.8228154
724344,0.93387866
724345,0.0111139035
724346,0.0665687
724347,0.013087524
724348,0.009717104
724349,0.12302905
724350,0.4166012
724351,0.5087809
724352,0.022890655
724353,0.25919652
724354,0.23942745
724355,0.06752063
724356,0.98388
724357,0.030719345
724358,0.1205318
724359,0.53256494
724360,0.996909
724361,0.06408472
724362,0.043949068
724363,0.912578
724364,0.0027501895
724365,0.65831053
724366,0.8849391
724367,0.97119296
724368,0.8587325
724369,0.13417363
724370,0.899696
724371,0.08053819
724372,0.2590993
724373,0.06397498
724374,0.09799552
724375,0.034117997
724376,0.07823065
724377,0.10452236
724378,0.030834071
724379,0.03771584
724380,0.998569
724381,0.99752975
724382,0.42002946
724383,0.98366725
724384,0.9872088
724385,0.07105619
724386,0.47424343
724387,0.008681729
724388,0.02559252
724389,0.995038
724390,0.0060050646
724391,0.36289147
724392,0.99220896
724393,0.9563707
724394,0.98093355
724395,0.033435047
724396,0.90828663
724397,0.0045459336
724398,0.99782616
724399,0.97929984
724400,0.0031392493
724401,0.018804198
724402,0.9987719
724403,0.9925152
724404,0.96801615
724405,0.5738802
724406,0.99876577
724407,0.9803407
724408,0.92266554
724409,0.23024026
724410,0.7393188
724411,0.80903566
724412,0.28272393
724413,0.22927952
724414,0.9214264
724415,0.8506498
724416,0.011368295
724417,0.99272984
724418,0.04301788
724419,0.03724815
724420,0.99223185
724421,0.9088032
724422,0.012217582
724423,0.0018888017
724424,0.051261228
724425,0.06937762
724426,0.9856976
724427,0.5846686
724428,0.015856117
724429,0.9985241
724430,0.014897847
724431,0.9872752
724432,0.0852566
724433,0.9708493
724434,0.91903883
724435,0.9958286
724436,0.005852578
724437,0.6814865
724438,0.09404045
724439,0.649228
724440,0.6826833
724441,0.9948784
724442,0.024713166
724443,0.4173926
724444,0.9908853
724445,0.014991066
724446,0.035270073
724447,0.9809694
724448,0.9812791
724449,0.89448375
724450,0.99750876
724451,0.023225743
724452,0.9739796
724453,0.08426489
724454,0.027440691
724455,0.9551188
724456,0.073127866
724457,0.9984121
724458,0.29207078
724459,0.53566474
724460,0.0071338504
724461,0.0038069077
724462,0.8071159
724463,0.026622139
724464,0.3193499
724465,0.011676761
724466,0.38387695
724467,0.023652175
724468,0.033217523
724469,0.5286303
724470,0.06473935
724471,0.94685066
724472,0.9642296
724473,0.96636397
724474,0.009892376
724475,0.9790275
724476,0.011371185
724477,0.9150338
724478,0.01718884
724479,0.009951839
724480,0.9623022
724481,0.7762419
724482,0.9939821
724483,0.005650678
724484,0.99733657
724485,0.006408717
724486,0.015308535
724487,0.9985181
724488,0.3479382
724489,0.26747772
724490,0.861092
724491,0.8545629
724492,0.80668336
724493,0.99298275
724494,0.9920075
724495,0.022835154
724496,0.9643537
724497,0.12517858
724498,0.95461875
724499,0.98481834
724500,0.058664843
724501,0.10108632
724502,0.78331304
724503,0.016470283
724504,0.9832851
724505,0.027330521
724506,0.00848743
724507,0.8204361
724508,0.016179964
724509,0.06788039
724510,0.7999489
724511,0.9553795
724512,0.23593396
724513,0.010319669
724514,0.71023417
724515,0.9231359
724516,0.03567677
724517,0.0077490658
724518,0.96562314
724519,0.9960523
724520,0.85406244
724521,0.78379637
724522,0.01533861
724523,0.82768035
724524,0.01666671
724525,0.017838217
724526,0.18132544
724527,0.9112233
724528,0.9629702
724529,0.8322615
724530,0.88666046
724531,0.7992562
724532,0.09148691
724533,0.033516154
724534,0.01670013
724535,0.2011872
724536,0.065783784
724537,0.054034907
724538,0.15179428
724539,0.5333988
724540,0.5261217
724541,0.020441866
724542,0.9957733
724543,0.01788424
724544,0.99343455
724545,0.8396642
724546,0.7300326
724547,0.021025967
724548,0.16313341
724549,0.98562413
724550,0.17990376
724551,0.9963551
724552,0.8974078
724553,0.008249361
724554,0.37061876
724555,0.015756015
724556,0.026201203
724557,0.9851494
724558,0.8108119
724559,0.017746273
724560,0.9392855
724561,0.90322196
724562,0.04076843
724563,0.99928606
724564,0.997041
724565,0.839553
724566,0.970439
724567,0.0077419262
724568,0.59882164
724569,0.017616969
724570,0.42548895
724571,0.011002781
724572,0.99698377
724573,0.067117766
724574,0.99875593
724575,0.25015867
724576,0.047744203
724577,0.8361037
724578,0.97103816
724579,0.23147708
724580,0.075020894
724581,0.8956316
724582,0.01873441
724583,0.98242885
724584,0.9852436
724585,0.9731982
724586,0.20402525
724587,0.0040505123
724588,0.2906131
724589,0.9223633
724590,0.15176195
724591,0.1319177
724592,0.73319775
724593,0.86450726
724594,0.029877454
724595,0.957072
724596,0.05324415
724597,0.82662064
724598,0.011943362
724599,0.9688333
724600,0.0061157933
724601,0.3839119
724602,0.3055924
724603,0.38479862
724604,0.9968232
724605,0.035802837
724606,0.0071639083
724607,0.04529003
724608,0.9982189
724609,0.037089307
724610,0.34037018
724611,0.124618776
724612,0.7577202
724613,0.017800156
724614,0.96911585
724615,0.035714366
724616,0.071670525
724617,0.8951503
724618,0.07207636
724619,0.038061127
724620,0.03945018
724621,0.945995
724622,0.020227894
724623,0.07490723
724624,0.027666783
724625,0.058307745
724626,0.91839194
724627,0.19869658
724628,0.9987105
724629,0.4611664
724630,0.027731856
724631,0.6843122
724632,0.034476086
724633,0.8068186
724634,0.9648604
724635,0.046172224
724636,0.9688115
724637,0.988447
724638,0.93935305
724639,0.21402054
724640,0.83693564
724641,0.04860689
724642,0.022064175
724643,0.88793004
724644,0.008174127
724645,0.10193425
724646,0.9953288
724647,0.045337856
724648,0.20820034
724649,0.84438396
724650,0.37777328
724651,0.08022198
724652,0.9873619
724653,0.63761604
724654,0.3112193
724655,0.06390748
724656,0.94991165
724657,0.005044858
724658,0.5454893
724659,0.8965037
724660,0.97993064
724661,0.3649897
724662,0.43420005
724663,0.0043125977
724664,0.4303837
724665,0.9464765
724666,0.8957525
724667,0.105557084
724668,0.029142143
724669,0.9991497
724670,0.93433106
724671,0.059437875
724672,0.064743355
724673,0.022855222
724674,0.061680563
724675,0.99103373
724676,0.9964983
724677,0.98781484
724678,0.97588956
724679,0.81278056
724680,0.018354135
724681,0.63010514
724682,0.004128247
724683,0.017346315
724684,0.6641226
724685,0.993438
724686,0.00923117
724687,0.1987755
724688,0.04375983
724689,0.109450534
724690,0.79163355
724691,0.6396488
724692,0.28597754
724693,0.029276857
724694,0.011564887
724695,0.053935137
724696,0.0035044493
724697,0.033187784
724698,0.3591234
724699,0.9148351
724700,0.025466116
724701,0.013004206
724702,0.027386341
724703,0.023511259
724704,0.98811054
724705,0.2395053
724706,0.10022533
724707,0.9453059
724708,0.00915956
724709,0.7933297
724710,0.02457637
724711,0.9306925
724712,0.7536516
724713,0.20943813
724714,0.54840624
724715,0.08120663
724716,0.6823893
724717,0.018810594
724718,0.9941989
724719,0.99184227
724720,0.14516938
724721,0.09550836
724722,0.759053
724723,0.26088423
724724,0.2003753
724725,0.9495597
724726,0.96825016
724727,0.996874
724728,0.44066393
724729,0.056536566
724730,0.57760316
724731,0.93090785
724732,0.084554315
724733,0.26054817
724734,0.9991425
724735,0.010826122
724736,0.55238026
724737,0.3888825
724738,0.016721535
724739,0.99324024
724740,0.0059589464
724741,0.98615074
724742,0.0013020663
724743,0.15284157
724744,0.9619086
724745,0.99556047
724746,0.022209603
724747,0.9970898
724748,0.033034943
724749,0.023993563
724750,0.9006411
724751,0.13497818
724752,0.981444
724753,0.065935016
724754,0.6318252
724755,0.5498043
724756,0.28138822
724757,0.9515085
724758,0.02009929
724759,0.008295943
724760,0.120226234
724761,0.6983342
724762,0.3887775
724763,0.7304888
724764,0.97474843
724765,0.99648356
724766,0.051449977
724767,0.99770856
724768,0.007847137
724769,0.51664466
724770,0.04718915
724771,0.1571593
724772,0.7583212
724773,0.89913946
724774,0.08704268
724775,0.3511118
724776,0.95627534
724777,0.008073279
724778,0.043071285
724779,0.9783777
724780,0.008358672
724781,0.75587195
724782,0.64794874
724783,0.3132236
724784,0.905139
724785,0.8976079
724786,0.1165684
724787,0.97776985
724788,0.030942667
724789,0.59915686
724790,0.062158383
724791,0.27544594
724792,0.18381308
724793,0.09071302
724794,0.012932365
724795,0.044843584
724796,0.040867284
724797,0.987103
724798,0.0083074
724799,0.2601234
724800,0.98168206
724801,0.9977613
724802,0.2564724
724803,0.9164201
724804,0.025498493
724805,0.014525904
724806,0.0668171
724807,0.7548447
724808,0.23526171
724809,0.88933337
724810,0.17309114
724811,0.9767694
724812,0.1740445
724813,0.9701244
724814,0.92945606
724815,0.7666822
724816,0.045508347
724817,0.014238609
724818,0.8336071
724819,0.16584261
724820,0.0030266696
724821,0.9151185
724822,0.4605419
724823,0.072367065
724824,0.77334064
724825,0.94685745
724826,0.9912087
724827,0.7779648
724828,0.9512935
724829,0.07006538
724830,0.078200236
724831,0.7848204
724832,0.19912758
724833,0.9969158
724834,0.09191805
724835,0.9919003
724836,0.9600996
724837,0.22425106
724838,0.08260322
724839,0.6341375
724840,0.160795
724841,0.0039072228
724842,0.12865953
724843,0.0126104085
724844,0.0075062085
724845,0.005894945
724846,0.8160442
724847,0.02250686
724848,0.88472766
724849,0.8285269
724850,0.045815296
724851,0.028438438
724852,0.15428577
724853,0.8376209
724854,0.016635202
724855,0.9247477
724856,0.62329775
724857,0.11423923
724858,0.2928428
724859,0.23159884
724860,0.30750406
724861,0.8118913
724862,0.956949
724863,0.49717808
724864,0.13440236
724865,0.9803771
724866,0.94701815
724867,0.034385737
724868,0.9394214
724869,0.92170376
724870,0.84836364
724871,0.12501341
724872,0.9871242
724873,0.123423725
724874,0.98797184
724875,0.02500595
724876,0.9910546
724877,0.99246734
724878,0.59986824
724879,0.04246799
724880,0.04998756
724881,0.02767088
724882,0.047846235
724883,0.7796407
724884,0.00490891
724885,0.972411
724886,0.8940365
724887,0.8828243
724888,0.79318917
724889,0.06263825
724890,0.9581755
724891,0.9602392
724892,0.06481264
724893,0.16335458
724894,0.90179545
724895,0.9001149
724896,0.015002753
724897,0.032376055
724898,0.9118024
724899,0.028803598
724900,0.99651057
724901,0.010302949
724902,0.15618286
724903,0.10576974
724904,0.9940537
724905,0.25713703
724906,0.059131894
724907,0.9882476
724908,0.1280943
724909,0.03896586
724910,0.03864424
724911,0.9923749
724912,0.010460822
724913,0.009777979
724914,0.09103207
724915,0.196041
724916,0.650372
724917,0.12786739
724918,0.94749373
724919,0.8949355
724920,0.0020522128
724921,0.48574135
724922,0.90690154
724923,0.011166375
724924,0.94582963
724925,0.05549665
724926,0.6510745
724927,0.5651653
724928,0.21874642
724929,0.0062612044
724930,0.904417
724931,0.12473295
724932,0.02664461
724933,0.0914627
724934,0.9707297
724935,0.94387066
724936,0.081403755
724937,0.1711162
724938,0.028841738
724939,0.037376545
724940,0.05306115
724941,0.9826438
724942,0.76933205
724943,0.093533516
724944,0.04245607
724945,0.88090104
724946,0.5050352
724947,0.79105026
724948,0.3579517
724949,0.003305571
724950,0.03100853
724951,0.89891416
724952,0.15608726
724953,0.9960625
724954,0.13148564
724955,0.20091847
724956,0.88293016
724957,0.008746518
724958,0.07297062
724959,0.20805311
724960,0.997454
724961,0.9725758
724962,0.44351035
724963,0.5264441
724964,0.26094806
724965,0.028944472
724966,0.11259731
724967,0.8948459
724968,0.08512967
724969,0.9614882
724970,0.86996233
724971,0.041814283
724972,0.86263114
724973,0.44233626
724974,0.08355476
724975,0.025128063
724976,0.11473721
724977,0.121252365
724978,0.051265374
724979,0.10208831
724980,0.897851
724981,0.962625
724982,0.3343846
724983,0.042913806
724984,0.004576923
724985,0.08762565
724986,0.99864334
724987,0.26113445
724988,0.32932803
724989,0.05887427
724990,0.9772714
724991,0.073761016
724992,0.89588726
724993,0.9138997
724994,0.030028436
724995,0.013925593
724996,0.979116
724997,0.0022235278
724998,0.69206226
724999,0.88347816
725000,0.8225777
725001,0.75741076
725002,0.98611367
725003,0.019486815
725004,0.9785003
725005,0.016229214
725006,0.975137
725007,0.37439418
725008,0.93695563
725009,0.45031738
725010,0.024775488
725011,0.8214107
725012,0.95190084
725013,0.93330413
725014,0.0018069901
725015,0.0045290375
725016,0.07329322
725017,0.032146182
725018,0.66221184
725019,0.0066124895
725020,0.0031048786
725021,0.987231
725022,0.051752515
725023,0.027465187
725024,0.7355851
725025,0.6793089
725026,0.99938774
725027,0.98165536
725028,0.06997925
725029,0.8170146
725030,0.9959477
725031,0.3505661
725032,0.05076161
725033,0.03316282
725034,0.9501369
725035,0.18958966
725036,0.97351784
725037,0.33684
725038,0.99039924
725039,0.9827827
725040,0.99724424
725041,0.666541
725042,0.88456583
725043,0.92142373
725044,0.69160026
725045,0.007838511
725046,0.026391776
725047,0.48769426
725048,0.93563026
725049,0.37374955
725050,0.009071202
725051,0.9781467
725052,0.82246137
725053,0.45260435
725054,0.006802421
725055,0.88041025
725056,0.06767678
725057,0.52029085
725058,0.7473255
725059,0.9321707
725060,0.35942352
725061,0.9769485
725062,0.011705883
725063,0.6406692
725064,0.15039974
725065,0.0075328443
725066,0.024829548
725067,0.14786011
725068,0.9329687
725069,0.99838084
725070,0.89752316
725071,0.02550572
725072,0.9390609
725073,0.93946767
725074,0.1357669
725075,0.8028568
725076,0.40864682
725077,0.013834968
725078,0.94774723
725079,0.996281
725080,0.012636427
725081,0.0714868
725082,0.7096671
725083,0.9995765
725084,0.9689927
725085,0.015953925
725086,0.8535583
725087,0.66070783
725088,0.065716125
725089,0.9882044
725090,0.022254994
725091,0.7318452
725092,0.035650693
725093,0.9957948
725094,0.63975394
725095,0.020285651
725096,0.98475975
725097,0.44928685
725098,0.98970187
725099,0.46838906
725100,0.011476999
725101,0.598346
725102,0.9991926
725103,0.80357206
725104,0.85153365
725105,0.004114591
725106,0.014872701
725107,0.011848109
725108,0.9915476
725109,0.004161356
725110,0.0012900794
725111,0.986316
725112,0.09845023
725113,0.9834128
725114,0.99391145
725115,0.98189795
725116,0.029844088
725117,0.44309595
725118,0.63985777
725119,0.76644945
725120,0.40328553
725121,0.21802732
725122,0.0031992265
725123,0.5504878
725124,0.01371354
725125,0.4126022
725126,0.91413015
725127,0.9727691
725128,0.5250584
725129,0.05833941
725130,0.13671395
725131,0.9717382
725132,0.07641438
725133,0.14534253
725134,0.100857325
725135,0.011540626
725136,0.981474
725137,0.011881452
725138,0.008302983
725139,0.119782954
725140,0.7231489
725141,0.9887181
725142,0.37777355
725143,0.01492814
725144,0.19895206
725145,0.2807917
725146,0.038314257
725147,0.017291943
725148,0.9942763
725149,0.34863108
725150,0.1752182
725151,0.98783386
725152,0.67135143
725153,0.04269468
725154,0.91985446
725155,0.41581532
725156,0.01497413
725157,0.03603798
725158,0.14788169
725159,0.7842664
725160,0.75143623
725161,0.9965661
725162,0.2016723
725163,0.32974464
725164,0.934379
725165,0.018381374
725166,0.9951762
725167,0.8974291
725168,0.017368846
725169,0.92955595
725170,0.21864545
725171,0.007794762
725172,0.9418464
725173,0.047700796
725174,0.021271858
725175,0.99101675
725176,0.9990811
725177,0.090828374
725178,0.33439606
725179,0.01504485
725180,0.025933906
725181,0.10951729
725182,0.7615069
725183,0.87977993
725184,0.7449503
725185,0.013776042
725186,0.30194464
725187,0.080658354
725188,0.056591902
725189,0.057985313
725190,0.8890128
725191,0.9452916
725192,0.93492126
725193,0.86201763
725194,0.15914443
725195,0.2752957
725196,0.99774206
725197,0.27995974
725198,0.09701228
725199,0.10910247
725200,0.0017186059
725201,0.17803146
725202,0.020260807
725203,0.3431711
725204,0.7119334
725205,0.4149822
725206,0.7056733
725207,0.030374229
725208,0.79646856
725209,0.9789683
725210,0.9983487
725211,0.011909861
725212,0.10742863
725213,0.21887827
725214,0.6517339
725215,0.008586027
725216,0.030079456
725217,0.047299393
725218,0.15887521
725219,0.11841779
725220,0.032680407
725221,0.2909724
725222,0.8448959
725223,0.18759803
725224,0.045227513
725225,0.023322161
725226,0.99280214
725227,0.07190957
725228,0.93687487
725229,0.16880918
725230,0.95691574
725231,0.10283114
725232,0.9995874
725233,0.06653067
725234,0.0030146022
725235,0.24284728
725236,0.0077169877
725237,0.96086997
725238,0.060782686
725239,0.27496
725240,0.92593706
725241,0.61388123
725242,0.94746375
725243,0.03210752
725244,0.997124
725245,0.23101032
725246,0.25486732
725247,0.14049673
725248,0.98068506
725249,0.0077511114
725250,0.56865823
725251,0.039452087
725252,0.81389225
725253,0.9542831
725254,0.018413894
725255,0.6089556
725256,0.058958143
725257,0.6045444
725258,0.9992364
725259,0.9525896
725260,0.9979368
725261,0.034178928
725262,0.99754876
725263,0.9347065
725264,0.53875315
725265,0.25895116
725266,0.9295752
725267,0.6839168
725268,0.057665505
725269,0.043021083
725270,0.86162496
725271,0.043651186
725272,0.090519756
725273,0.21250142
725274,0.16007125
725275,0.99515283
725276,0.0052202567
725277,0.8628584
725278,0.01457167
725279,0.010457669
725280,0.97968686
725281,0.008887644
725282,0.001754649
725283,0.8325622
725284,0.27944192
725285,0.98371047
725286,0.930689
725287,0.93170786
725288,0.026925659
725289,0.040471148
725290,0.4302623
725291,0.054029692
725292,0.98422337
725293,0.82190573
725294,0.96085405
725295,0.053816844
725296,0.5530619
725297,0.93681484
725298,0.237904
725299,0.04621305
725300,0.6574193
725301,0.023690611
725302,0.87886477
725303,0.07874757
725304,0.8021585
725305,0.92858636
725306,0.98484266
725307,0.92121553
725308,0.083160214
725309,0.9995913
725310,0.9866804
725311,0.011930969
725312,0.2246341
725313,0.95159256
725314,0.2795794
725315,0.09509798
725316,0.94723344
725317,0.96764517
725318,0.31762058
725319,0.97580683
725320,0.004227359
725321,0.019704577
725322,0.07954463
725323,0.09216648
725324,0.030836578
725325,0.98138034
725326,0.059564013
725327,0.04682295
725328,0.9852549
725329,0.9939721
725330,0.9919329
725331,0.20325932
725332,0.6744911
725333,0.85784
725334,0.017411424
725335,0.9786761
725336,0.99067724
725337,0.006155301
725338,0.010373065
725339,0.006630583
725340,0.012663664
725341,0.12412804
725342,0.033726797
725343,0.019018654
725344,0.9750213
725345,0.98053545
725346,0.01431802
725347,0.024769977
725348,0.29073685
725349,0.16677704
725350,0.00575718
725351,0.77001476
725352,0.0010743677
725353,0.017667187
725354,0.048084736
725355,0.0053471443
725356,0.88214016
725357,0.97145814
725358,0.9371878
725359,0.40333754
725360,0.99110925
725361,0.9644631
725362,0.11323237
725363,0.026736924
725364,0.09698627
725365,0.95592797
725366,0.06256919
725367,0.7673521
725368,0.13141103
725369,0.32334882
725370,0.2703762
725371,0.9935762
725372,0.0074237413
725373,0.08270065
725374,0.98932976
725375,0.010170978
725376,0.072214305
725377,0.0033010563
725378,0.021556374
725379,0.3989253
725380,0.036062486
725381,0.30767006
725382,0.019278131
725383,0.0036881773
725384,0.010297063
725385,0.04746156
725386,0.9673774
725387,0.37520027
725388,0.99631965
725389,0.007912456
725390,0.11871728
725391,0.8414137
725392,0.04858187
725393,0.0060597244
725394,0.95857054
725395,0.8407569
725396,0.12845686
725397,0.37315378
725398,0.2725004
725399,0.9797101
725400,0.97880113
725401,0.008147191
725402,0.88083726
725403,0.98476964
725404,0.11549614
725405,0.31249362
725406,0.702012
725407,0.08209975
725408,0.7126752
725409,0.8333603
725410,0.98985064
725411,0.090778604
725412,0.906883
725413,0.0022234714
725414,0.9878058
725415,0.9776363
725416,0.98923486
725417,0.9129218
725418,0.9969305
725419,0.6509146
725420,0.043664277
725421,0.9608361
725422,0.011768551
725423,0.2691688
725424,0.3779976
725425,0.0055466527
725426,0.94950366
725427,0.8207059
725428,0.031294737
725429,0.33994767
725430,0.057854183
725431,0.003544727
725432,0.98345315
725433,0.9964082
725434,0.007903799
725435,0.021315798
725436,0.02630965
725437,0.115572006
725438,0.57528657
725439,0.018187936
725440,0.95749795
725441,0.048937824
725442,0.035578877
725443,0.016460918
725444,0.17297815
725445,0.053196393
725446,0.802793
725447,0.9972421
725448,0.62510425
725449,0.98259187
725450,0.07844433
725451,0.92421633
725452,0.12317196
725453,0.102047935
725454,0.8936107
725455,0.0027458207
725456,0.14603293
725457,0.4422477
725458,0.010483971
725459,0.03192039
725460,0.9692977
725461,0.92521745
725462,0.017371157
725463,0.0037738478
725464,0.8969367
725465,0.9882063
725466,0.96631235
725467,0.9430398
725468,0.060939454
725469,0.9754926
725470,0.8891809
725471,0.19362226
725472,0.9491267
725473,0.026549116
725474,0.55429095
725475,0.99126166
725476,0.970072
725477,0.3062205
725478,0.5925897
725479,0.042397175
725480,0.805338
725481,0.98847693
725482,0.16710779
725483,0.3370898
725484,0.06065911
725485,0.98903596
725486,0.92786753
725487,0.9044322
725488,0.9367681
725489,0.0941153
725490,0.034302246
725491,0.028599191
725492,0.8727826
725493,0.06649089
725494,0.25273904
725495,0.0102082165
725496,0.14934355
725497,0.9846461
725498,0.46951243
725499,0.9947363
725500,0.0059154397
725501,0.9751973
725502,0.5021467
725503,0.95662403
725504,0.47946823
725505,0.9426389
725506,0.2077965
725507,0.105188854
725508,0.022842843
725509,0.9981904
725510,0.9972656
725511,0.6663078
725512,0.100992665
725513,0.026445441
725514,0.9817901
725515,0.017339412
725516,0.025099907
725517,0.9684647
725518,0.09890258
725519,0.9874847
725520,0.99626106
725521,0.057492428
725522,0.0092515815
725523,0.027432565
725524,0.9990112
725525,0.030445345
725526,0.0029744806
725527,0.026048832
725528,0.008952071
725529,0.9066946
725530,0.2662812
725531,0.0066160588
725532,0.93396646
725533,0.028203674
725534,0.70005083
725535,0.9217765
725536,0.0023136884
725537,0.017851124
725538,0.9947926
725539,0.7939968
725540,0.027694251
725541,0.99410325
725542,0.23372245
725543,0.003430787
725544,0.86131954
725545,0.020794012
725546,0.9867557
725547,0.24780288
725548,0.3386764
725549,0.06923914
725550,0.01292163
725551,0.58094174
725552,0.12419556
725553,0.70178837
725554,0.0108976755
725555,0.13114281
725556,0.091387466
725557,0.032942005
725558,0.042429548
725559,0.99582636
725560,0.08419072
725561,0.057030234
725562,0.9483563
725563,0.31480446
725564,0.9940542
725565,0.95781064
725566,0.011570255
725567,0.09880994
725568,0.13910338
725569,0.7988103
725570,0.9726321
725571,0.9902735
725572,0.02288762
725573,0.009369331
725574,0.07890625
725575,0.7051823
725576,0.95833
725577,0.12426726
725578,0.011626544
725579,0.8075521
725580,0.98167634
725581,0.13645738
725582,0.34849373
725583,0.5531385
725584,0.6813344
725585,0.9016739
725586,0.12765044
725587,0.11145817
725588,0.012217528
725589,0.99755406
725590,0.8282931
725591,0.032735653
725592,0.009602329
725593,0.69339
725594,0.98353887
725595,0.45332077
725596,0.06179422
725597,0.2664166
725598,0.09712207
725599,0.7836235
725600,0.011997577
725601,0.84495986
725602,0.013130175
725603,0.97764444
725604,0.3715104
725605,0.0008083084
725606,0.90062743
725607,0.6097131
725608,0.082735375
725609,0.038637288
725610,0.9991467
725611,0.051542792
725612,0.79888177
725613,0.6647072
725614,0.9783363
725615,0.28396693
725616,0.10860422
725617,0.09960149
725618,0.012750035
725619,0.006172055
725620,0.13883278
725621,0.40073097
725622,0.73943305
725623,0.58642346
725624,0.0048958473
725625,0.02842328
725626,0.77334934
725627,0.2679829
725628,0.025666833
725629,0.01122947
725630,0.47538012
725631,0.99919146
725632,0.046649955
725633,0.95327705
725634,0.091689825
725635,0.1364358
725636,0.029993568
725637,0.026217578
725638,0.9810964
725639,0.023574341
725640,0.98766786
725641,0.99148613
725642,0.9892157
725643,0.6730412
725644,0.070880994
725645,0.9084079
725646,0.99781334
725647,0.87512517
725648,0.65971863
725649,0.9458565
725650,0.10490734
725651,0.7970997
725652,0.053263716
725653,0.9833375
725654,0.2893451
725655,0.14184958
725656,0.12759584
725657,0.035245407
725658,0.0066920593
725659,0.915326
725660,0.5268473
725661,0.03913316
725662,0.016536845
725663,0.029133188
725664,0.7080599
725665,0.021471724
725666,0.0016716493
725667,0.9925381
725668,0.8440648
725669,0.9960612
725670,0.86325645
725671,0.052785225
725672,0.020033754
725673,0.15395059
725674,0.06582114
725675,0.096582904
725676,0.035841983
725677,0.022821244
725678,0.9614404
725679,0.13702422
725680,0.034758594
725681,0.8462126
725682,0.79605275
725683,0.9742937
725684,0.9532091
725685,0.08572629
725686,0.9770396
725687,0.020417772
725688,0.008737191
725689,0.9993401
725690,0.39080477
725691,0.9957916
725692,0.050444584
725693,0.9877564
725694,0.9310023
725695,0.7214024
725696,0.97501993
725697,0.038148016
725698,0.22175132
725699,0.98102236
725700,0.0261554
725701,0.029640384
725702,0.9635173
725703,0.5906082
725704,0.79374635
725705,0.18196367
725706,0.9269685
725707,0.011767909
725708,0.8690781
725709,0.116128474
725710,0.15757263
725711,0.47708178
725712,0.0035050535
725713,0.84676
725714,0.037883542
725715,0.6300935
725716,0.027604032
725717,0.21500398
725718,0.89529896
725719,0.93356436
725720,0.02448078
725721,0.95717114
725722,0.9978817
725723,0.011458397
725724,0.040187445
725725,0.032447692
725726,0.29344714
725727,0.11455756
725728,0.9886172
725729,0.0178423
725730,0.96244264
725731,0.03924402
725732,0.32198307
725733,0.72931457
725734,0.12041639
725735,0.6462693
725736,0.08319132
725737,0.99684286
725738,0.01689587
725739,0.96137536
725740,0.9997
725741,0.0134594925
725742,0.9163047
725743,0.99567163
725744,0.28785405
725745,0.09886164
725746,0.053162143
725747,0.0026743126
725748,0.0023769904
725749,0.019906603
725750,0.92945206
725751,0.77948594
725752,0.99753743
725753,0.28458393
725754,0.053832386
725755,0.99535334
725756,0.03892853
725757,0.98494905
725758,0.04387289
725759,0.9703005
725760,0.9669354
725761,0.033381026
725762,0.09748383
725763,0.0081159985
725764,0.010057256
725765,0.09669935
725766,0.8957097
725767,0.035584845
725768,0.0019336139
725769,0.82925606
725770,0.7779832
725771,0.37593627
725772,0.9904679
725773,0.003145713
725774,0.023680402
725775,0.94547117
725776,0.03977433
725777,0.021347223
725778,0.046155408
725779,0.6561229
725780,0.9936878
725781,0.06568179
725782,0.21040273
725783,0.042468134
725784,0.08604179
725785,0.019751813
725786,0.0007531423
725787,0.043975886
725788,0.013339934
725789,0.78033763
725790,0.75409925
725791,0.016422633
725792,0.44500113
725793,0.4177792
725794,0.047473665
725795,0.10252569
725796,0.9779861
725797,0.031127188
725798,0.9757117
725799,0.48585558
725800,0.0014359815
725801,0.6726465
725802,0.009757014
725803,0.030842636
725804,0.40240777
725805,0.9216206
725806,0.9956922
725807,0.02786231
725808,0.048425056
725809,0.0076126093
725810,0.437058
725811,0.2736427
725812,0.024390154
725813,0.036254764
725814,0.96714723
725815,0.92656106
725816,0.008478142
725817,0.1253712
725818,0.01615037
725819,0.947204
725820,0.020250633
725821,0.050522245
725822,0.14861816
725823,0.13953732
725824,0.0071376204
725825,0.99485075
725826,0.2624123
725827,0.006885282
725828,0.0012244235
725829,0.5742865
725830,0.98429453
725831,0.8411055
725832,0.0014192618
725833,0.2109621
725834,0.8148773
725835,0.009986706
725836,0.73528206
725837,0.9559924
725838,0.95090914
725839,0.01807402
725840,0.029077247
725841,0.98369026
725842,0.10764159
725843,0.10578869
725844,0.96968377
725845,0.9589259
725846,0.010288111
725847,0.98933923
725848,0.099393465
725849,0.834615
725850,0.8368179
725851,0.0076778196
725852,0.9889792
725853,0.16638087
725854,0.77195174
725855,0.9559532
725856,0.015988521
725857,0.9976179
725858,0.18433447
725859,0.9184159
725860,0.6948887
725861,0.0033098217
725862,0.29268384
725863,0.33340818
725864,0.97412187
725865,0.013289135
725866,0.19540942
725867,0.86559266
725868,0.96319604
725869,0.9694413
725870,0.9556015
725871,0.039987423
725872,0.96883166
725873,0.43931347
725874,0.98482233
725875,0.03061856
725876,0.0060275095
725877,0.99719006
725878,0.003922583
725879,0.9989551
725880,0.7644743
725881,0.85953766
725882,0.0131823355
725883,0.9233405
725884,0.09993781
725885,0.89698434
725886,0.0060253427
725887,0.6858225
725888,0.039976228
725889,0.020142281
725890,0.28738263
725891,0.003078431
725892,0.1892147
725893,0.79533243
725894,0.9853043
725895,0.0033867657
725896,0.021821432
725897,0.08023892
725898,0.0032873303
725899,0.9697427
725900,0.026981834
725901,0.54606116
725902,0.33756432
725903,0.017944653
725904,0.97569525
725905,0.9027723
725906,0.9377321
725907,0.14509112
725908,0.99486744
725909,0.05095171
725910,0.960601
725911,0.058580592
725912,0.9520377
725913,0.047057945
725914,0.11554642
725915,0.4259727
725916,0.028023059
725917,0.09881451
725918,0.8079554
725919,0.0051055956
725920,0.717084
725921,0.97665954
725922,0.03191357
725923,0.029499356
725924,0.03912272
725925,0.02494059
725926,0.9271802
725927,0.18311831
725928,0.17622824
725929,0.9989037
725930,0.9834582
725931,0.40527934
725932,0.99214125
725933,0.026650785
725934,0.12819381
725935,0.07694177
725936,0.25150084
725937,0.031065622
725938,0.43233877
725939,0.8202259
725940,0.9982055
725941,0.035460763
725942,0.17613663
725943,0.7816695
725944,0.045288607
725945,0.46073934
725946,0.18377714
725947,0.0038078092
725948,0.16686043
725949,0.9950534
725950,0.32334372
725951,0.0036305687
725952,0.6148854
725953,0.99594486
725954,0.004756051
725955,0.98193604
725956,0.06752482
725957,0.0855677
725958,0.9992152
725959,0.9870148
725960,0.48602426
725961,0.00479446
725962,0.04937797
725963,0.8123633
725964,0.15306938
725965,0.33151162
725966,0.97074
725967,0.9725735
725968,0.9951487
725969,0.17151664
725970,0.05489038
725971,0.8038723
725972,0.08692187
725973,0.033757564
725974,0.018316511
725975,0.34286994
725976,0.022523738
725977,0.80825424
725978,0.9987946
725979,0.712271
725980,0.04814732
725981,0.96166015
725982,0.93445694
725983,0.46297568
725984,0.023890913
725985,0.012062479
725986,0.87106365
725987,0.9850178
725988,0.49391693
725989,0.7561749
725990,0.9777052
725991,0.99844223
725992,0.010210055
725993,0.011283425
725994,0.90094
725995,0.03936135
725996,0.99250996
725997,0.88712907
725998,0.23788328
725999,0.6719138
726000,0.007522024
726001,0.2186348
726002,0.8851386
726003,0.012043133
726004,0.018488683
726005,0.8625161
726006,0.9788439
726007,0.014828366
726008,0.27380812
726009,0.011651861
726010,0.9732709
726011,0.34904063
726012,0.22859839
726013,0.8474747
726014,0.35348302
726015,0.021118652
726016,0.12368314
726017,0.7675596
726018,0.98884624
726019,0.6095587
726020,0.90618163
726021,0.022370722
726022,0.9903381
726023,0.0819308
726024,0.23378722
726025,0.022620471
726026,0.02510614
726027,0.4340501
726028,0.41971165
726029,0.019755196
726030,0.11453908
726031,0.38202548
726032,0.009352801
726033,0.9318516
726034,0.52603996
726035,0.99393606
726036,0.803732
726037,0.011887569
726038,0.0109565025
726039,0.09313633
726040,0.9973409
726041,0.5519042
726042,0.9732452
726043,0.9956845
726044,0.94032073
726045,0.034785703
726046,0.56117475
726047,0.10587711
726048,0.24105133
726049,0.002834229
726050,0.36947307
726051,0.020484203
726052,0.8579942
726053,0.009155514
726054,0.8828798
726055,0.048450552
726056,0.9951495
726057,0.22123912
726058,0.86804175
726059,0.97131014
726060,0.15389098
726061,0.858731
726062,0.9669413
726063,0.99911267
726064,0.9828305
726065,0.040823888
726066,0.0063415924
726067,0.52904695
726068,0.06116055
726069,0.07078659
726070,0.008419018
726071,0.9515289
726072,0.014540918
726073,0.99442184
726074,0.9928613
726075,0.008126316
726076,0.0071583455
726077,0.48649877
726078,0.2137557
726079,0.018701136
726080,0.040650472
726081,0.9833698
726082,0.0024156903
726083,0.33760133
726084,0.6446084
726085,0.9521638
726086,0.9197571
726087,0.86655605
726088,0.029213563
726089,0.14386049
726090,0.76740307
726091,0.73547935
726092,0.9942094
726093,0.013789622
726094,0.03384476
726095,0.10551642
726096,0.009160631
726097,0.23756
726098,0.8828293
726099,0.7335211
726100,0.85066783
726101,0.95320123
726102,0.9778404
726103,0.9960369
726104,0.9326105
726105,0.21494667
726106,0.85324544
726107,0.8870862
726108,0.009685778
726109,0.01067665
726110,0.025618907
726111,0.035368662
726112,0.9061642
726113,0.9904738
726114,0.031326562
726115,0.9597195
726116,0.0074714194
726117,0.21051025
726118,0.36987162
726119,0.5914408
726120,0.0048644515
726121,0.04592736
726122,0.0126406755
726123,0.02981975
726124,0.8852681
726125,0.07079445
726126,0.99541837
726127,0.002565409
726128,0.665035
726129,0.027538583
726130,0.0035177323
726131,0.9932585
726132,0.92361355
726133,0.0791045
726134,0.03579018
726135,0.012520367
726136,0.08985077
726137,0.32853997
726138,0.69673
726139,0.03890617
726140,0.20831844
726141,0.004179797
726142,0.48465097
726143,0.12590238
726144,0.975677
726145,0.039723914
726146,0.44844055
726147,0.4849374
726148,0.018663717
726149,0.001968279
726150,0.9691436
726151,0.46615103
726152,0.33328974
726153,0.391194
726154,0.34097016
726155,0.020886278
726156,0.4361469
726157,0.9083732
726158,0.021088647
726159,0.8218014
726160,0.9910136
726161,0.45198554
726162,0.03770241
726163,0.9570267
726164,0.98647016
726165,0.9790775
726166,0.887799
726167,0.97459334
726168,0.04910337
726169,0.9646934
726170,0.12675953
726171,0.046367653
726172,0.21692815
726173,0.044031907
726174,0.02239811
726175,0.010910788
726176,0.3499229
726177,0.55459523
726178,0.10975569
726179,0.09415687
726180,0.61867297
726181,0.71958435
726182,0.81872725
726183,0.8858136
726184,0.0083292145
726185,0.9967476
726186,0.9875938
726187,0.7245152
726188,0.66025454
726189,0.18799204
726190,0.100162745
726191,0.84713393
726192,0.00043634913
726193,0.1515354
726194,0.9489974
726195,0.31852937
726196,0.036551252
726197,0.9568382
726198,0.19391194
726199,0.93872845
726200,0.83019066
726201,0.9835635
726202,0.031866297
726203,0.010513766
726204,0.028042188
726205,0.12811871
726206,0.32429892
726207,0.013503305
726208,0.6229664
726209,0.014106585
726210,0.013583141
726211,0.99249166
726212,0.004143769
726213,0.9878399
726214,0.8899611
726215,0.9917911
726216,0.087528676
726217,0.9935353
726218,0.73285705
726219,0.6649486
726220,0.5355431
726221,0.9783336
726222,0.53119576
726223,0.99117017
726224,0.6661713
726225,0.8446293
726226,0.16883124
726227,0.009024057
726228,0.011382623
726229,0.16083314
726230,0.03500745
726231,0.9959084
726232,0.029943572
726233,0.916679
726234,0.8858898
726235,0.9609769
726236,0.36200204
726237,0.90611905
726238,0.9733454
726239,0.034943312
726240,0.9267632
726241,0.8898713
726242,0.944393
726243,0.9994658
726244,0.6028819
726245,0.045839556
726246,0.07589358
726247,0.07103646
726248,0.43656397
726249,0.3333118
726250,0.0044865943
726251,0.96726465
726252,0.027761985
726253,0.43960258
726254,0.6392364
726255,0.028577473
726256,0.0130310375
726257,0.05824899
726258,0.075316876
726259,0.31324053
726260,0.35531944
726261,0.15777291
726262,0.9200763
726263,0.10076473
726264,0.049134873
726265,0.026919141
726266,0.73897713
726267,0.40381172
726268,0.30301222
726269,0.15284924
726270,0.38277605
726271,0.75971633
726272,0.005028632
726273,0.07129171
726274,0.08815956
726275,0.06925175
726276,0.021744631
726277,0.08835185
726278,0.044216044
726279,0.023527723
726280,0.9027008
726281,0.9814438
726282,0.13886718
726283,0.020682557
726284,0.018431725
726285,0.41736645
726286,0.9652505
726287,0.017794529
726288,0.01909982
726289,0.99278784
726290,0.04914537
726291,0.00959473
726292,0.012918773
726293,0.68821675
726294,0.98260117
726295,0.3056946
726296,0.15828489
726297,0.95644784
726298,0.012393656
726299,0.89382374
726300,0.017400531
726301,0.86162066
726302,0.6621963
726303,0.97448117
726304,0.9575216
726305,0.14112267
726306,0.7158012
726307,0.009283936
726308,0.08079242
726309,0.019166103
726310,0.9959886
726311,0.929649
726312,0.14248292
726313,0.035046183
726314,0.5293653
726315,0.9499943
726316,0.025369035
726317,0.9994341
726318,0.012741798
726319,0.9845341
726320,0.10236444
726321,0.42654067
726322,0.074388206
726323,0.5152367
726324,0.9745064
726325,0.049861312
726326,0.2419233
726327,0.35587388
726328,0.012646351
726329,0.979767
726330,0.79570186
726331,0.030606693
726332,0.78866804
726333,0.0050330064
726334,0.01621316
726335,0.9634724
726336,0.4451477
726337,0.99709684
726338,0.008021634
726339,0.13595234
726340,0.98813546
726341,0.27234316
726342,0.98895156
726343,0.017054904
726344,0.9512451
726345,0.38293606
726346,0.45280123
726347,0.014687115
726348,0.0095504895
726349,0.71087086
726350,0.9974406
726351,0.6940778
726352,0.030626414
726353,0.9084911
726354,0.8808684
726355,0.22986522
726356,0.20867911
726357,0.9818482
726358,0.027370868
726359,0.3621912
726360,0.012195415
726361,0.6806736
726362,0.84295166
726363,0.0722899
726364,0.94275475
726365,0.9357193
726366,0.98888016
726367,0.10517808
726368,0.82688284
726369,0.9655985
726370,0.009433402
726371,0.18865743
726372,0.035351317
726373,0.021981262
726374,0.96580875
726375,0.9895994
726376,0.21107832
726377,0.91828793
726378,0.9956193
726379,0.038223095
726380,0.4324996
726381,0.9653319
726382,0.034697615
726383,0.0891718
726384,0.042063758
726385,0.84471464
726386,0.88378334
726387,0.03744372
726388,0.7240149
726389,0.11819923
726390,0.94728637
726391,0.035466447
726392,0.41073883
726393,0.79145014
726394,0.98664546
726395,0.94772285
726396,0.00973033
726397,0.5139943
726398,0.9105628
726399,0.981303
726400,0.3700807
726401,0.9050044
726402,0.6432748
726403,0.90353876
726404,0.020602573
726405,0.9866195
726406,0.061370242
726407,0.89291704
726408,0.003906676
726409,0.9341502
726410,0.98779786
726411,0.002639512
726412,0.9722395
726413,0.99527335
726414,0.85380876
726415,0.6071715
726416,0.12813039
726417,0.0735482
726418,0.84166914
726419,0.060290672
726420,0.017190654
726421,0.1925003
726422,0.012949358
726423,0.99815094
726424,0.9688476
726425,0.04455808
726426,0.98309076
726427,0.99199855
726428,0.011392886
726429,0.0054706456
726430,0.9804095
726431,0.6257254
726432,0.9912678
726433,0.8920719
726434,0.48374575
726435,0.013121732
726436,0.980731
726437,0.98283285
726438,0.022875134
726439,0.09207311
726440,0.020080978
726441,0.89281833
726442,0.92202497
726443,0.58197564
726444,0.9961909
726445,0.33042908
726446,0.99749106
726447,0.11862822
726448,0.9240081
726449,0.9532993
726450,0.6383325
726451,0.23853947
726452,0.0651636
726453,0.85511446
726454,0.98481774
726455,0.030876245
726456,0.006367793
726457,0.03894454
726458,0.009045369
726459,0.015666453
726460,0.0052451636
726461,0.9647777
726462,0.6285624
726463,0.015325334
726464,0.9990804
726465,0.012661552
726466,0.9542052
726467,0.97322595
726468,0.05440532
726469,0.02777487
726470,0.9860502
726471,0.9949975
726472,0.92682666
726473,0.9772289
726474,0.10177229
726475,0.56866604
726476,0.032422114
726477,0.14532582
726478,0.5973141
726479,0.028247328
726480,0.13224408
726481,0.413625
726482,0.0013619199
726483,0.053454973
726484,0.92126703
726485,0.8665832
726486,0.48140728
726487,0.9544017
726488,0.011359149
726489,0.835378
726490,0.894573
726491,0.99917173
726492,0.99954236
726493,0.698845
726494,0.7547231
726495,0.050680533
726496,0.011785074
726497,0.751773
726498,0.037445474
726499,0.99243176
726500,0.02699983
726501,0.02555543
726502,0.3408838
726503,0.9896952
726504,0.38068336
726505,0.8486859
726506,0.9146385
726507,0.9905348
726508,0.020933831
726509,0.97681195
726510,0.004182828
726511,0.021065593
726512,0.00467358
726513,0.012713891
726514,0.98040855
726515,0.020662235
726516,0.005255849
726517,0.67049026
726518,0.69820446
726519,0.98057246
726520,0.010399137
726521,0.08967899
726522,0.2004404
726523,0.013705351
726524,0.54975
726525,0.008103436
726526,0.99502504
726527,0.12533459
726528,0.0036854157
726529,0.0059536304
726530,0.004566721
726531,0.0441452
726532,0.33307093
726533,0.12688665
726534,0.9628498
726535,0.97846097
726536,0.028249472
726537,0.1964191
726538,0.17582181
726539,0.41311514
726540,0.03720916
726541,0.054233935
726542,0.0016550173
726543,0.09280384
726544,0.26996356
726545,0.009358101
726546,0.085895956
726547,0.9968261
726548,0.027064703
726549,0.02773375
726550,0.9838119
726551,0.011244634
726552,0.16274689
726553,0.023638174
726554,0.9942934
726555,0.08712485
726556,0.003942661
726557,0.039132427
726558,0.9265157
726559,0.4847456
726560,0.7068392
726561,0.9980813
726562,0.018980304
726563,0.8652887
726564,0.42368126
726565,0.86289924
726566,0.17011046
726567,0.18059081
726568,0.99011046
726569,0.8096188
726570,0.083185926
726571,0.99751925
726572,0.07939114
726573,0.045562383
726574,0.5644831
726575,0.74901944
726576,0.14426441
726577,0.9168999
726578,0.99605376
726579,0.35405797
726580,0.030873338
726581,0.0105817225
726582,0.0072840955
726583,0.032091178
726584,0.111538984
726585,0.95827615
726586,0.9839368
726587,0.45227063
726588,0.17333248
726589,0.017656181
726590,0.051465813
726591,0.22347063
726592,0.901519
726593,0.003950236
726594,0.9830277
726595,0.16153905
726596,0.06193941
726597,0.019757807
726598,0.98392034
726599,0.511377
726600,0.8730514
726601,0.013652072
726602,0.76150143
726603,0.010934415
726604,0.98614407
726605,0.53762335
726606,0.86720085
726607,0.9982462
726608,0.23352417
726609,0.22575468
726610,0.011769655
726611,0.7893651
726612,0.983004
726613,0.5002663
726614,0.025641479
726615,0.2938877
726616,0.7246092
726617,0.21159437
726618,0.89595735
726619,0.0323324
726620,0.89993405
726621,0.058982752
726622,0.5807885
726623,0.99581397
726624,0.104874566
726625,0.04163176
726626,0.9743868
726627,0.84091544
726628,0.0573972
726629,0.016110808
726630,0.9842213
726631,0.9982903
726632,0.10021843
726633,0.23511997
726634,0.9898004
726635,0.98133624
726636,0.82221997
726637,0.95843095
726638,0.9919145
726639,0.9988753
726640,0.005881221
726641,0.9876883
726642,0.77452636
726643,0.22604048
726644,0.08610923
726645,0.017399903
726646,0.39858508
726647,0.97648084
726648,0.050310954
726649,0.07247482
726650,0.8279401
726651,0.39451784
726652,0.97374153
726653,0.9960524
726654,0.00065685366
726655,0.19289887
726656,0.040526353
726657,0.20822978
726658,0.75654864
726659,0.572018
726660,0.94282657
726661,0.7293131
726662,0.9959726
726663,0.116641276
726664,0.08537473
726665,0.05147787
726666,0.24293216
726667,0.031422358
726668,0.98995256
726669,0.15628731
726670,0.021552693
726671,0.88986486
726672,0.999338
726673,0.0026561967
726674,0.87651575
726675,0.044051424
726676,0.0047388487
726677,0.35171854
726678,0.09802189
726679,0.97030896
726680,0.012961364
726681,0.010199575
726682,0.5861891
726683,0.47410792
726684,0.91953844
726685,0.95230913
726686,0.004293571
726687,0.017861463
726688,0.83669853
726689,0.85466963
726690,0.7220736
726691,0.9925304
726692,0.011390174
726693,0.86846685
726694,0.21458764
726695,0.33267164
726696,0.71953017
726697,0.85160434
726698,0.05313912
726699,0.9951584
726700,0.013563593
726701,0.009547674
726702,0.87435293
726703,0.859772
726704,0.18327937
726705,0.011796305
726706,0.039024077
726707,0.11032361
726708,0.031068485
726709,0.95835453
726710,0.15928155
726711,0.9946958
726712,0.23743917
726713,0.9943423
726714,0.98360986
726715,0.015126363
726716,0.3071153
726717,0.0031488775
726718,0.0075386874
726719,0.8210283
726720,0.024391197
726721,0.03691621
726722,0.98169684
726723,0.9512005
726724,0.30007362
726725,0.12470269
726726,0.80678225
726727,0.8410923
726728,0.6715322
726729,0.9780302
726730,0.53964955
726731,0.0038658185
726732,0.046723675
726733,0.673083
726734,0.022207495
726735,0.7852222
726736,0.1692428
726737,0.12649366
726738,0.10140846
726739,0.83956265
726740,0.003503648
726741,0.004298771
726742,0.02722892
726743,0.96623003
726744,0.9866202
726745,0.010406641
726746,0.9956795
726747,0.9420618
726748,0.007468936
726749,0.9826452
726750,0.8142512
726751,0.19676647
726752,0.18637265
726753,0.70452297
726754,0.9420474
726755,0.98376596
726756,0.14186855
726757,0.6786799
726758,0.09151062
726759,0.032432415
726760,0.52760446
726761,0.8451987
726762,0.39120102
726763,0.8752109
726764,0.17261504
726765,0.012816183
726766,0.02795043
726767,0.9947476
726768,0.0054291817
726769,0.9698876
726770,0.36334604
726771,0.110158265
726772,0.9078292
726773,0.048658025
726774,0.9536921
726775,0.9990131
726776,0.0010188499
726777,0.9482225
726778,0.99959826
726779,0.7650964
726780,0.040609054
726781,0.87923515
726782,0.61338276
726783,0.8735842
726784,0.0583112
726785,0.040105786
726786,0.97035754
726787,0.030824758
726788,0.5768639
726789,0.98556155
726790,0.4731028
726791,0.07398689
726792,0.07613866
726793,0.9680947
726794,0.22654124
726795,0.003496952
726796,0.9987504
726797,0.62178415
726798,0.10420314
726799,0.027858347
726800,0.9879648
726801,0.74058855
726802,0.95814663
726803,0.9973525
726804,0.008421279
726805,0.008257863
726806,0.32700172
726807,0.015860485
726808,0.07267557
726809,0.24121079
726810,0.016978404
726811,0.86296463
726812,0.006766318
726813,0.0030001933
726814,0.011177629
726815,0.54566205
726816,0.018973717
726817,0.91484034
726818,0.28550395
726819,0.99879813
726820,0.09268354
726821,0.06934557
726822,0.14944707
726823,0.0019225006
726824,0.95842206
726825,0.3933882
726826,0.9394289
726827,0.080337256
726828,0.9738917
726829,0.9682301
726830,0.05445494
726831,0.0085551515
726832,0.03661311
726833,0.2652676
726834,0.06468973
726835,0.8403902
726836,0.002421874
726837,0.04745775
726838,0.47610962
726839,0.98814714
726840,0.26683012
726841,0.0067307614
726842,0.11385617
726843,0.4252813
726844,0.9529847
726845,0.9168581
726846,0.17691237
726847,0.98492527
726848,0.031456985
726849,0.049517415
726850,0.028155815
726851,0.038088035
726852,0.009390493
726853,0.00784304
726854,0.91617846
726855,0.64917296
726856,0.8454799
726857,0.95135885
726858,0.11230406
726859,0.00807063
726860,0.018546414
726861,0.007424277
726862,0.011319333
726863,0.5052906
726864,0.22811484
726865,0.6759191
726866,0.041124627
726867,0.66898465
726868,0.9972069
726869,0.99865264
726870,0.03066568
726871,0.9923991
726872,0.030922487
726873,0.5160408
726874,0.9946807
726875,0.8320552
726876,0.100246266
726877,0.929797
726878,0.95086896
726879,0.004349195
726880,0.0033200975
726881,0.9944511
726882,0.7336171
726883,0.9952226
726884,0.03507684
726885,0.9954394
726886,0.99828464
726887,0.9946444
726888,0.60372734
726889,0.020376828
726890,0.853868
726891,0.3881589
726892,0.09027513
726893,0.8692196
726894,0.116453774
726895,0.22964352
726896,0.87843466
726897,0.30914447
726898,0.7703187
726899,0.93437535
726900,0.32199404
726901,0.8823854
726902,0.643996
726903,0.005274289
726904,0.016051281
726905,0.046046026
726906,0.008150501
726907,0.61896217
726908,0.6808798
726909,0.004065256
726910,0.13355967
726911,0.0037788
726912,0.06683239
726913,0.31004778
726914,0.943088
726915,0.9994998
726916,0.8706442
726917,0.21777016
726918,0.37287655
726919,0.13138439
726920,0.3641413
726921,0.02544206
726922,0.86112815
726923,0.022687688
726924,0.0076278886
726925,0.2087318
726926,0.9760196
726927,0.020020727
726928,0.3666718
726929,0.96972704
726930,0.11696561
726931,0.056534663
726932,0.34957784
726933,0.0030955328
726934,0.9993207
726935,0.9716936
726936,0.007897081
726937,0.9693016
726938,0.21311353
726939,0.14857173
726940,0.9872205
726941,0.015451928
726942,0.014514765
726943,0.8561957
726944,0.13775183
726945,0.06579799
726946,0.00533094
726947,0.79851305
726948,0.2386675
726949,0.47584873
726950,0.029005723
726951,0.017442644
726952,0.08409989
726953,0.11687282
726954,0.998266
726955,0.02084595
726956,0.8561025
726957,0.8418484
726958,0.16873744
726959,0.7895429
726960,0.020440307
726961,0.012272064
726962,0.028426126
726963,0.62999797
726964,0.9143363
726965,0.031843863
726966,0.007822601
726967,0.84027064
726968,0.0070794434
726969,0.04443522
726970,0.9916353
726971,0.04215972
726972,0.015136795
726973,0.030216847
726974,0.9726783
726975,0.9981016
726976,0.96862876
726977,0.71500045
726978,0.09258544
726979,0.99293286
726980,0.84392875
726981,0.996051
726982,0.001149322
726983,0.989095
726984,0.10440564
726985,0.010467723
726986,0.081725985
726987,0.9960164
726988,0.026209202
726989,0.14877227
726990,0.008959942
726991,0.024084248
726992,0.6794916
726993,0.9724207
726994,0.06380638
726995,0.03335427
726996,0.19723918
726997,0.9582253
726998,0.9930799
726999,0.012926847
727000,0.3905352
727001,0.9828932
727002,0.95989794
727003,0.017405994
727004,0.022954624
727005,0.48764667
727006,0.9958854
727007,0.046143845
727008,0.02379547
727009,0.014064989
727010,0.046600007
727011,0.022031654
727012,0.09460272
727013,0.5149961
727014,0.06266181
727015,0.014665941
727016,0.015873475
727017,0.05749415
727018,0.04703092
727019,0.121789016
727020,0.9903091
727021,0.0091327615
727022,0.24889818
727023,0.7005263
727024,0.99889517
727025,0.2706863
727026,0.9224754
727027,0.019984327
727028,0.012918122
727029,0.99414253
727030,0.0902597
727031,0.0206852
727032,0.98758125
727033,0.03601141
727034,0.3960169
727035,0.094762266
727036,0.9755333
727037,0.30397737
727038,0.24334699
727039,0.65676254
727040,0.023615198
727041,0.098136656
727042,0.98849785
727043,0.99331707
727044,0.772962
727045,0.010640035
727046,0.95194936
727047,0.6993079
727048,0.034906533
727049,0.07345058
727050,0.9577023
727051,0.707361
727052,0.4521369
727053,0.7928324
727054,0.13008621
727055,0.32537895
727056,0.011708414
727057,0.9479281
727058,0.9746007
727059,0.020605613
727060,0.30025283
727061,0.99573064
727062,0.018387165
727063,0.064338654
727064,0.25009015
727065,0.012443845
727066,0.56638455
727067,0.003922967
727068,0.9842759
727069,0.9956118
727070,0.12981081
727071,0.95358634
727072,0.21792263
727073,0.08931525
727074,0.9144538
727075,0.9558625
727076,0.9814517
727077,0.96238893
727078,0.011327809
727079,0.96131074
727080,0.98364824
727081,0.6122281
727082,0.03549966
727083,0.30449992
727084,0.989874
727085,0.939189
727086,0.9605574
727087,0.9909967
727088,0.054759987
727089,0.30440164
727090,0.97910357
727091,0.96230906
727092,0.99928355
727093,0.9991584
727094,0.09595082
727095,0.9758249
727096,0.014141865
727097,0.9908388
727098,0.12678334
727099,0.9603037
727100,0.3905939
727101,0.65150154
727102,0.014226757
727103,0.10505023
727104,0.9872792
727105,0.99169445
727106,0.45403868
727107,0.15283109
727108,0.042058174
727109,0.015198177
727110,0.28766134
727111,0.024821991
727112,0.9495983
727113,0.860695
727114,0.6337089
727115,0.011669839
727116,0.06944633
727117,0.35564986
727118,0.9584906
727119,0.9934863
727120,0.06790845
727121,0.01825475
727122,0.6301679
727123,0.78205204
727124,0.03981901
727125,0.7071459
727126,0.14744675
727127,0.7693197
727128,0.9948535
727129,0.36509246
727130,0.0038117452
727131,0.8713709
727132,0.058106814
727133,0.051799674
727134,0.17036784
727135,0.009842243
727136,0.7163364
727137,0.14840963
727138,0.07394518
727139,0.8697101
727140,0.050195895
727141,0.38878644
727142,0.011131132
727143,0.09054409
727144,0.0359838
727145,0.20900658
727146,0.6979981
727147,0.0155115705
727148,0.99638367
727149,0.9758393
727150,0.0035475984
727151,0.6278991
727152,0.72273993
727153,0.030881446
727154,0.026161034
727155,0.78933954
727156,0.44364524
727157,0.018095259
727158,0.059916783
727159,0.51559424
727160,0.0041798856
727161,0.99324876
727162,0.98398316
727163,0.93241906
727164,0.69034356
727165,0.77930015
727166,0.9827974
727167,0.037963375
727168,0.021079555
727169,0.13337187
727170,0.9751682
727171,0.016650423
727172,0.7338962
727173,0.94795525
727174,0.060908712
727175,0.0035833821
727176,0.85825646
727177,0.6375669
727178,0.004716683
727179,0.12806195
727180,0.89624006
727181,0.024872199
727182,0.010197348
727183,0.05919291
727184,0.9776654
727185,0.10155942
727186,0.9958904
727187,0.9887636
727188,0.96839184
727189,0.9507766
727190,0.89446115
727191,0.09257587
727192,0.9739471
727193,0.96908873
727194,0.7914635
727195,0.017509626
727196,0.07290013
727197,0.14318527
727198,0.98371375
727199,0.08146992
727200,0.9752979
727201,0.0033437074
727202,0.8950408
727203,0.004852261
727204,0.99956566
727205,0.0063388036
727206,0.9493995
727207,0.0023404732
727208,0.114039466
727209,0.9837365
727210,0.5893193
727211,0.79259115
727212,0.6139269
727213,0.010410167
727214,0.8756666
727215,0.82833886
727216,0.8661065
727217,0.09712179
727218,0.9163475
727219,0.1714091
727220,0.85087335
727221,0.08308481
727222,0.066479035
727223,0.022272926
727224,0.1222955
727225,0.90529865
727226,0.040860817
727227,0.98869336
727228,0.6722641
727229,0.03901834
727230,0.65811944
727231,0.8750787
727232,0.5625746
727233,0.9702634
727234,0.051006887
727235,0.9902638
727236,0.15079689
727237,0.69332135
727238,0.9809055
727239,0.013666715
727240,0.9536317
727241,0.74395084
727242,0.49062362
727243,0.017133938
727244,0.013797182
727245,0.40899357
727246,0.83256584
727247,0.98062193
727248,0.058776572
727249,0.9799309
727250,0.18336655
727251,0.9600765
727252,0.24001682
727253,0.95244426
727254,0.43052876
727255,0.92675847
727256,0.09603236
727257,0.25739828
727258,0.6357372
727259,0.9513869
727260,0.06496611
727261,0.9981726
727262,0.05117416
727263,0.9683023
727264,0.9102691
727265,0.28927964
727266,0.038585935
727267,0.8351996
727268,0.07285616
727269,0.06591096
727270,0.18176909
727271,0.0027271016
727272,0.037830897
727273,0.6311459
727274,0.21397391
727275,0.9852776
727276,0.022782523
727277,0.028533429
727278,0.017745849
727279,0.026645
727280,0.23914863
727281,0.0058222082
727282,0.05159884
727283,0.982847
727284,0.010850542
727285,0.0035163157
727286,0.026145324
727287,0.058381334
727288,0.012236379
727289,0.9474406
727290,0.09432394
727291,0.9658464
727292,0.05459532
727293,0.96246684
727294,0.009684805
727295,0.6297612
727296,0.13254142
727297,0.9736991
727298,0.010768257
727299,0.0038482156
727300,0.97633064
727301,0.9884727
727302,0.8987336
727303,0.81075084
727304,0.9621124
727305,0.3544042
727306,0.9379347
727307,0.01987498
727308,0.06895011
727309,0.9985164
727310,0.9992231
727311,0.99334204
727312,0.9066185
727313,0.82464576
727314,0.11921791
727315,0.98505515
727316,0.04670545
727317,0.94861686
727318,0.02905262
727319,0.038863383
727320,0.95095634
727321,0.03450853
727322,0.58173454
727323,0.018220408
727324,0.39555728
727325,0.88953364
727326,0.9856541
727327,0.8908982
727328,0.4616576
727329,0.057955552
727330,0.8896638
727331,0.9946468
727332,0.012815138
727333,0.98075473
727334,0.08697757
727335,0.6910366
727336,0.023444459
727337,0.9647346
727338,0.03747561
727339,0.32496828
727340,0.7056969
727341,0.031488404
727342,0.074881144
727343,0.7339128
727344,0.88897353
727345,0.9807322
727346,0.97978455
727347,0.14116807
727348,0.0034571625
727349,0.003791313
727350,0.009412619
727351,0.046996802
727352,0.007805108
727353,0.9980223
727354,0.43025503
727355,0.091316104
727356,0.021027131
727357,0.86741346
727358,0.97584707
727359,0.9989047
727360,0.02847472
727361,0.8714708
727362,0.13422574
727363,0.0039668977
727364,0.99685013
727365,0.7674712
727366,0.04101971
727367,0.031365357
727368,0.5858073
727369,0.12739861
727370,0.1511758
727371,0.9761662
727372,0.64262545
727373,0.9195831
727374,0.9959853
727375,0.07706395
727376,0.0071497792
727377,0.04357919
727378,0.19619453
727379,0.002971686
727380,0.5283489
727381,0.124489725
727382,0.22380018
727383,0.4879805
727384,0.8904456
727385,0.01744442
727386,0.54272056
727387,0.06552489
727388,0.873345
727389,0.979915
727390,0.018957142
727391,0.67338467
727392,0.8553601
727393,0.9853566
727394,0.25880837
727395,0.0014388815
727396,0.011640721
727397,0.0601544
727398,0.46383652
727399,0.009313205
727400,0.9630049
727401,0.03791634
727402,0.23331141
727403,0.058001537
727404,0.9845167
727405,0.3066243
727406,0.9978163
727407,0.078047246
727408,0.71631217
727409,0.038339756
727410,0.3563283
727411,0.9439814
727412,0.98678607
727413,0.024994047
727414,0.07518502
727415,0.005232468
727416,0.06885327
727417,0.17166698
727418,0.95712334
727419,0.55796164
727420,0.0038429468
727421,0.06121219
727422,0.94345206
727423,0.99911034
727424,0.17966682
727425,0.98216856
727426,0.18609282
727427,0.13561586
727428,0.007918885
727429,0.994254
727430,0.9920521
727431,0.93337965
727432,0.9259619
727433,0.99558175
727434,0.123765275
727435,0.053315263
727436,0.97224426
727437,0.05542378
727438,0.07977954
727439,0.99694735
727440,0.91886437
727441,0.00675344
727442,0.9937957
727443,0.059524573
727444,0.95118535
727445,0.9949354
727446,0.0039738845
727447,0.99910176
727448,0.010997658
727449,0.019061899
727450,0.8995751
727451,0.5866646
727452,0.6520784
727453,0.99093246
727454,0.9131117
727455,0.152822
727456,0.997147
727457,0.01256622
727458,0.21268603
727459,0.86723286
727460,0.03806429
727461,0.14255622
727462,0.029066589
727463,0.99077857
727464,0.09810135
727465,0.062680185
727466,0.9878342
727467,0.9795549
727468,0.016517859
727469,0.65275514
727470,0.23289642
727471,0.05408133
727472,0.9636553
727473,0.9683735
727474,0.01459807
727475,0.056010947
727476,0.01570563
727477,0.10081897
727478,0.09305556
727479,0.8520521
727480,0.99491173
727481,0.99520624
727482,0.012105456
727483,0.020249628
727484,0.011370689
727485,0.9727434
727486,0.99266505
727487,0.023692004
727488,0.77837455
727489,0.35957295
727490,0.7242484
727491,0.33343765
727492,0.0035567065
727493,0.9792928
727494,0.29198197
727495,0.47213298
727496,0.8145444
727497,0.990492
727498,0.6555138
727499,0.4946702
727500,0.82281184
727501,0.83127534
727502,0.018559258
727503,0.6315978
727504,0.95195067
727505,0.9861182
727506,0.017602675
727507,0.07705346
727508,0.94686127
727509,0.05878604
727510,0.6262952
727511,0.15317392
727512,0.10550559
727513,0.971035
727514,0.95425224
727515,0.01135859
727516,0.7357898
727517,0.70116013
727518,0.005394659
727519,0.9950241
727520,0.013245253
727521,0.007618844
727522,0.99931055
727523,0.024865808
727524,0.9867046
727525,0.85748684
727526,0.9958049
727527,0.13038884
727528,0.032923352
727529,0.978794
727530,0.0061409245
727531,0.22287557
727532,0.010359204
727533,0.324024
727534,0.99657804
727535,0.04694446
727536,0.25135225
727537,0.25818926
727538,0.012694631
727539,0.0068512387
727540,0.93773556
727541,0.7609498
727542,0.61085516
727543,0.9525869
727544,0.059325326
727545,0.079769075
727546,0.6196244
727547,0.01236728
727548,0.03242833
727549,0.017855342
727550,0.84955525
727551,0.79240024
727552,0.94404787
727553,0.008945249
727554,0.77949166
727555,0.7652019
727556,0.059452347
727557,0.899171
727558,0.99509215
727559,0.99790746
727560,0.07444219
727561,0.04445096
727562,0.021980958
727563,0.02034019
727564,0.9669501
727565,0.027615365
727566,0.24516119
727567,0.12512428
727568,0.009772196
727569,0.24510542
727570,0.032559853
727571,0.021364797
727572,0.6992091
727573,0.01328383
727574,0.40362763
727575,0.9973365
727576,0.041121967
727577,0.10794607
727578,0.95027804
727579,0.01238901
727580,0.9983243
727581,0.9283185
727582,0.89187545
727583,0.014897559
727584,0.5888883
727585,0.10651739
727586,0.19263868
727587,0.88260853
727588,0.22214326
727589,0.9975003
727590,0.119514406
727591,0.9829377
727592,0.8838935
727593,0.010845737
727594,0.028477836
727595,0.9706166
727596,0.9011582
727597,0.01597363
727598,0.014773201
727599,0.8564603
727600,0.9303167
727601,0.0063231876
727602,0.9152113
727603,0.44923183
727604,0.9399597
727605,0.07420893
727606,0.9658611
727607,0.06740238
727608,0.2828371
727609,0.16211987
727610,0.024542324
727611,0.9913673
727612,0.43738356
727613,0.012644588
727614,0.98250496
727615,0.88844115
727616,0.9702001
727617,0.9833517
727618,0.96953094
727619,0.030161038
727620,0.19569427
727621,0.019050758
727622,0.14522853
727623,0.9690017
727624,0.24183227
727625,0.01742322
727626,0.5519794
727627,0.08654837
727628,0.96848
727629,0.9970439
727630,0.49042648
727631,0.99658215
727632,0.60465395
727633,0.074524485
727634,0.9857487
727635,0.5331938
727636,0.9893941
727637,0.032106683
727638,0.9141645
727639,0.96825886
727640,0.52286327
727641,0.012143625
727642,0.0033775084
727643,0.11364279
727644,0.023289818
727645,0.07058154
727646,0.83012414
727647,0.4157827
727648,0.016266722
727649,0.012359796
727650,0.0023431217
727651,0.9054872
727652,0.6858918
727653,0.38724077
727654,0.9856373
727655,0.73229396
727656,0.020793382
727657,0.14891478
727658,0.004571878
727659,0.3475106
727660,0.70543045
727661,0.0006902227
727662,0.9137887
727663,0.99387884
727664,0.4958249
727665,0.0056324173
727666,0.9698696
727667,0.6859176
727668,0.713719
727669,0.82553923
727670,0.0310819
727671,0.3407383
727672,0.9659308
727673,0.02670275
727674,0.43641722
727675,0.030378973
727676,0.05425243
727677,0.026121808
727678,0.5112549
727679,0.9601407
727680,0.02883962
727681,0.06715077
727682,0.9558202
727683,0.03276377
727684,0.07646349
727685,0.20225792
727686,0.14846529
727687,0.06478863
727688,0.9969502
727689,0.010722764
727690,0.9833317
727691,0.24342334
727692,0.026896149
727693,0.015703714
727694,0.9945003
727695,0.0064057987
727696,0.023031443
727697,0.6761135
727698,0.8393459
727699,0.765843
727700,0.95425624
727701,0.05385556
727702,0.3871292
727703,0.8300457
727704,0.9953146
727705,0.06757346
727706,0.78150266
727707,0.009187264
727708,0.90466136
727709,0.013065495
727710,0.599311
727711,0.91429543
727712,0.82069814
727713,0.95657647
727714,0.9907283
727715,0.008145734
727716,0.0044349595
727717,0.5217605
727718,0.0020867363
727719,0.0042961882
727720,0.0051618535
727721,0.6205994
727722,0.026474275
727723,0.39413568
727724,0.001805478
727725,0.14887294
727726,0.99619436
727727,0.022342931
727728,0.10839987
727729,0.17024153
727730,0.9981559
727731,0.31772807
727732,0.3841039
727733,0.012387262
727734,0.8787762
727735,0.940876
727736,0.014375667
727737,0.021928698
727738,0.054663725
727739,0.03653986
727740,0.99707735
727741,0.011283416
727742,0.8897706
727743,0.10173528
727744,0.107538216
727745,0.006678056
727746,0.0024509116
727747,0.990665
727748,0.011588663
727749,0.12542664
727750,0.0070674936
727751,0.97057235
727752,0.97661215
727753,0.13227694
727754,0.14140683
727755,0.7907211
727756,0.013389633
727757,0.94995296
727758,0.014627482
727759,0.009424798
727760,0.57155883
727761,0.8991022
727762,0.23057291
727763,0.9676917
727764,0.11726647
727765,0.38430876
727766,0.20539445
727767,0.058593415
727768,0.6554616
727769,0.026747445
727770,0.0789001
727771,0.67780435
727772,0.76098514
727773,0.2092666
727774,0.99843067
727775,0.6564796
727776,0.04943547
727777,0.99515706
727778,0.052713264
727779,0.9071348
727780,0.029228315
727781,0.12500915
727782,0.591496
727783,0.018661644
727784,0.6048
727785,0.5818715
727786,0.097381495
727787,0.04903216
727788,0.9532385
727789,0.27307507
727790,0.994211
727791,0.98525167
727792,0.09297231
727793,0.035622925
727794,0.062305618
727795,0.90036845
727796,0.05937965
727797,0.12660559
727798,0.9909259
727799,0.04238992
727800,0.92681557
727801,0.9758616
727802,0.06311596
727803,0.80036664
727804,0.011912204
727805,0.71719176
727806,0.83868134
727807,0.021266436
727808,0.009130384
727809,0.99784005
727810,0.024048407
727811,0.0030078434
727812,0.2727338
727813,0.052513853
727814,0.15065761
727815,0.06440273
727816,0.88516885
727817,0.7267592
727818,0.6961857
727819,0.9142723
727820,0.9684634
727821,0.09460363
727822,0.86288404
727823,0.5479214
727824,0.95581245
727825,0.7149439
727826,0.16420263
727827,0.45645466
727828,0.9846631
727829,0.68990594
727830,0.95869654
727831,0.59937763
727832,0.11124089
727833,0.006358173
727834,0.08044298
727835,0.9659264
727836,0.99333775
727837,0.98342824
727838,0.07002585
727839,0.3201447
727840,0.9759495
727841,0.9951071
727842,0.9981441
727843,0.7869053
727844,0.109741464
727845,0.9983752
727846,0.13254406
727847,0.023305595
727848,0.00845869
727849,0.4089838
727850,0.9719036
727851,0.9979666
727852,0.99862176
727853,0.017651428
727854,0.8773238
727855,0.010332763
727856,0.9871317
727857,0.0054645627
727858,0.95123434
727859,0.956997
727860,0.9754115
727861,0.91772413
727862,0.018220015
727863,0.039137796
727864,0.96981525
727865,0.99369687
727866,0.06303073
727867,0.97100925
727868,0.49269077
727869,0.79555917
727870,0.31230778
727871,0.97702
727872,0.022315243
727873,0.6647103
727874,0.9672227
727875,0.98593843
727876,0.3310406
727877,0.024077665
727878,0.11982647
727879,0.037716836
727880,0.02256475
727881,0.006280433
727882,0.9929755
727883,0.6615517
727884,0.99659216
727885,0.017099265
727886,0.018346913
727887,0.90280926
727888,0.02183996
727889,0.96995026
727890,0.9517711
727891,0.014792816
727892,0.002558418
727893,0.522335
727894,0.99549574
727895,0.8218149
727896,0.93097156
727897,0.014801439
727898,0.9889656
727899,0.18335481
727900,0.15590408
727901,0.76679695
727902,0.503153
727903,0.021638567
727904,0.42798716
727905,0.59035695
727906,0.25076884
727907,0.18342172
727908,0.011400109
727909,0.103650674
727910,0.012277407
727911,0.026253974
727912,0.55722606
727913,0.9981377
727914,0.7924278
727915,0.995913
727916,0.9953171
727917,0.020657772
727918,0.3883141
727919,0.008970503
727920,0.9951812
727921,0.96590745
727922,0.015017165
727923,0.01357061
727924,0.85908496
727925,0.8351883
727926,0.92789906
727927,0.17374554
727928,0.9822564
727929,0.2864006
727930,0.089282505
727931,0.9588832
727932,0.044292253
727933,0.6392402
727934,0.8858496
727935,0.3916255
727936,0.93861634
727937,0.6041743
727938,0.99617434
727939,0.9955931
727940,0.5854569
727941,0.65358603
727942,0.117484555
727943,0.27457833
727944,0.9362859
727945,0.36103246
727946,0.09375464
727947,0.8204594
727948,0.7594609
727949,0.99929035
727950,0.67336404
727951,0.9601928
727952,0.99256766
727953,0.994105
727954,0.97497594
727955,0.82180154
727956,0.60675174
727957,0.98806566
727958,0.7137909
727959,0.8818796
727960,0.01571035
727961,0.0010114504
727962,0.9958547
727963,0.16535938
727964,0.0382798
727965,0.94362223
727966,0.94561696
727967,0.06484233
727968,0.013179285
727969,0.94462895
727970,0.9948503
727971,0.0041199774
727972,0.99752545
727973,0.0029332174
727974,0.55624557
727975,0.1782563
727976,0.9888637
727977,0.9901183
727978,0.9757682
727979,0.006936198
727980,0.0006009852
727981,0.0166812
727982,0.87513804
727983,0.9992432
727984,0.028765287
727985,0.9536171
727986,0.00858034
727987,0.019797891
727988,0.83884376
727989,0.9883324
727990,0.37236214
727991,0.9163735
727992,0.17507777
727993,0.10411717
727994,0.66101027
727995,0.0033902528
727996,0.6425166
727997,0.0015347892
727998,0.9920285
727999,0.053656995
728000,0.08264495
728001,0.0074636173
728002,0.8375387
728003,0.0873012
728004,0.045285065
728005,0.88516283
728006,0.019673381
728007,0.62516475
728008,0.95898294
728009,0.97663975
728010,0.9987455
728011,0.4597845
728012,0.94569004
728013,0.27061483
728014,0.04693865
728015,0.3454249
728016,0.9955528
728017,0.040912732
728018,0.006851093
728019,0.014604857
728020,0.07107425
728021,0.05118768
728022,0.07804953
728023,0.049737684
728024,0.021511465
728025,0.9790987
728026,0.008285415
728027,0.052880727
728028,0.049459875
728029,0.107995644
728030,0.8155833
728031,0.24644458
728032,0.95802534
728033,0.013384297
728034,0.012671798
728035,0.95345235
728036,0.026198635
728037,0.87743413
728038,0.030180182
728039,0.09207107
728040,0.1114912
728041,0.21327493
728042,0.8356494
728043,0.022005918
728044,0.56719637
728045,0.27771056
728046,0.96249163
728047,0.2247996
728048,0.44002932
728049,0.08213807
728050,0.17757665
728051,0.8494525
728052,0.9741891
728053,0.018402103
728054,0.75570226
728055,0.9848978
728056,0.17588796
728057,0.9379014
728058,0.55893886
728059,0.0108238
728060,0.053509943
728061,0.9938322
728062,0.9977369
728063,0.8295486
728064,0.994524
728065,0.05970325
728066,0.030051148
728067,0.7333386
728068,0.062374778
728069,0.93618405
728070,0.8592109
728071,0.9701073
728072,0.9672625
728073,0.052964814
728074,0.9191061
728075,0.06966214
728076,0.9536071
728077,0.062443484
728078,0.0095921885
728079,0.09604122
728080,0.6461723
728081,0.9984885
728082,0.08999335
728083,0.08252713
728084,0.047574364
728085,0.3397674
728086,0.5744736
728087,0.20999055
728088,0.5240275
728089,0.9083062
728090,0.21935159
728091,0.18269756
728092,0.120469436
728093,0.014801407
728094,0.9780927
728095,0.23859063
728096,0.13478743
728097,0.94486344
728098,0.07172498
728099,0.0061556115
728100,0.57329017
728101,0.247383
728102,0.007668095
728103,0.98821
728104,0.34650153
728105,0.9642353
728106,0.96183
728107,0.25128514
728108,0.98648536
728109,0.64841366
728110,0.9917446
728111,0.050875127
728112,0.6405561
728113,0.100794084
728114,0.0050586406
728115,0.45579815
728116,0.7836841
728117,0.9885952
728118,0.9538629
728119,0.11791977
728120,0.98747146
728121,0.18799497
728122,0.9988632
728123,0.110948175
728124,0.13061073
728125,0.95688117
728126,0.009852104
728127,0.033469476
728128,0.0028538208
728129,0.9971467
728130,0.0069604395
728131,0.6049842
728132,0.03282984
728133,0.96603316
728134,0.003764709
728135,0.015203592
728136,0.8876771
728137,0.045240562
728138,0.9255173
728139,0.9530549
728140,0.13226661
728141,0.019085534
728142,0.008948471
728143,0.99128205
728144,0.9425984
728145,0.0653375
728146,0.97947943
728147,0.24947861
728148,0.005085787
728149,0.12977827
728150,0.12057717
728151,0.072285
728152,0.99871236
728153,0.015472271
728154,0.015980236
728155,0.087726235
728156,0.8894012
728157,0.25903937
728158,0.23622087
728159,0.951115
728160,0.6229155
728161,0.018650876
728162,0.9962538
728163,0.007658108
728164,0.043795444
728165,0.05387524
728166,0.25905707
728167,0.9627008
728168,0.0039470885
728169,0.061454996
728170,0.11997713
728171,0.14922722
728172,0.6645358
728173,0.98160565
728174,0.98518795
728175,0.7884052
728176,0.12234788
728177,0.9851434
728178,0.15859973
728179,0.8917699
728180,0.36113626
728181,0.030209308
728182,0.062236294
728183,0.08447186
728184,0.928421
728185,0.9255501
728186,0.012173971
728187,0.026237369
728188,0.10732604
728189,0.6583357
728190,0.067641824
728191,0.6969193
728192,0.8691293
728193,0.40821433
728194,0.04515893
728195,0.004386333
728196,0.050759807
728197,0.0051176734
728198,0.9995235
728199,0.04659097
728200,0.9939145
728201,0.9368754
728202,0.9980207
728203,0.902334
728204,0.52304333
728205,0.089745164
728206,0.018296055
728207,0.25630304
728208,0.008198519
728209,0.037868585
728210,0.9387541
728211,0.01315088
728212,0.048056602
728213,0.9989455
728214,0.03331508
728215,0.009608183
728216,0.22724846
728217,0.008975869
728218,0.222573
728219,0.012992518
728220,0.6578136
728221,0.23103637
728222,0.014627699
728223,0.9993686
728224,0.72951055
728225,0.8851582
728226,0.020621099
728227,0.18776235
728228,0.9108782
728229,0.12206809
728230,0.26901984
728231,0.52766526
728232,0.009788676
728233,0.89573735
728234,0.8369602
728235,0.5956211
728236,0.025813488
728237,0.07308399
728238,0.014940266
728239,0.0060039507
728240,0.09900015
728241,0.93118644
728242,0.96712047
728243,0.9976001
728244,0.915221
728245,0.8998835
728246,0.07393764
728247,0.024451904
728248,0.013618439
728249,0.02164887
728250,0.991803
728251,0.3911554
728252,0.7941257
728253,0.07591807
728254,0.9218108
728255,0.962194
728256,0.8816534
728257,0.97996795
728258,0.026710005
728259,0.99621665
728260,0.008338578
728261,0.004992017
728262,0.42904288
728263,0.00852634
728264,0.013414057
728265,0.73009866
728266,0.95836985
728267,0.96453637
728268,0.99240166
728269,0.6928228
728270,0.02047905
728271,0.8269639
728272,0.9788894
728273,0.3245337
728274,0.9728958
728275,0.9059425
728276,0.18083167
728277,0.0056487992
728278,0.03157214
728279,0.96493536
728280,0.21996017
728281,0.043810792
728282,0.19285929
728283,0.1396381
728284,0.6584997
728285,0.22246176
728286,0.048006788
728287,0.9649782
728288,0.48141882
728289,0.16871598
728290,0.98089445
728291,0.86002296
728292,0.90013915
728293,0.9620974
728294,0.22576192
728295,0.0133653805
728296,0.9596491
728297,0.12136093
728298,0.12038274
728299,0.26319838
728300,0.076010466
728301,0.9976037
728302,0.15481158
728303,0.009941481
728304,0.65426373
728305,0.27224198
728306,0.78690493
728307,0.2119165
728308,0.9900925
728309,0.9608263
728310,0.92314684
728311,0.6622945
728312,0.0596419
728313,0.65363145
728314,0.0110426145
728315,0.005051179
728316,0.9963383
728317,0.914498
728318,0.04694151
728319,0.99513537
728320,0.018556623
728321,0.9965554
728322,0.35047263
728323,0.95018345
728324,0.4938067
728325,0.11033656
728326,0.46236113
728327,0.8862565
728328,0.031002738
728329,0.27927908
728330,0.9698154
728331,0.8122047
728332,0.14434905
728333,0.12563837
728334,0.061605483
728335,0.11332066
728336,0.9792873
728337,0.5599046
728338,0.6622546
728339,0.029291913
728340,0.97815776
728341,0.20192593
728342,0.9364852
728343,0.80113745
728344,0.7922605
728345,0.59169126
728346,0.9809402
728347,0.9961152
728348,0.95741385
728349,0.90224487
728350,0.9993521
728351,0.23831463
728352,0.95238745
728353,0.0031155762
728354,0.96229506
728355,0.94318604
728356,0.9446712
728357,0.85313153
728358,0.98714274
728359,0.007344154
728360,0.8686445
728361,0.25687438
728362,0.08568497
728363,0.012100982
728364,0.967893
728365,0.15197028
728366,0.3449054
728367,0.72366565
728368,0.99247694
728369,0.24715573
728370,0.099898316
728371,0.03698455
728372,0.03499566
728373,0.54334116
728374,0.95300627
728375,0.84824044
728376,0.802806
728377,0.50772923
728378,0.2429621
728379,0.9706762
728380,0.055001307
728381,0.9441379
728382,0.07287021
728383,0.55408907
728384,0.94367635
728385,0.01680924
728386,0.9709669
728387,0.051987886
728388,0.0009328616
728389,0.046864487
728390,0.9652931
728391,0.048537206
728392,0.8339001
728393,0.99194205
728394,0.008240337
728395,0.0043772794
728396,0.018133778
728397,0.4493299
728398,0.98684156
728399,0.8542397
728400,0.9919656
728401,0.6864226
728402,0.058151573
728403,0.21857163
728404,0.9956992
728405,0.87553805
728406,0.0113604935
728407,0.3307795
728408,0.9333232
728409,0.9580465
728410,0.9980523
728411,0.16899812
728412,0.953197
728413,0.01237815
728414,0.09169549
728415,0.05662529
728416,0.016120944
728417,0.06419031
728418,0.072269686
728419,0.99435425
728420,0.99453735
728421,0.43064767
728422,0.010469553
728423,0.9981637
728424,0.9969886
728425,0.99073696
728426,0.9841293
728427,0.17097418
728428,0.34764254
728429,0.00296064
728430,0.07729396
728431,0.0077625248
728432,0.92672265
728433,0.04000085
728434,0.538949
728435,0.9679262
728436,0.87918466
728437,0.016572524
728438,0.02529848
728439,0.0045173746
728440,0.70179856
728441,0.006901477
728442,0.61454993
728443,0.9980123
728444,0.7177088
728445,0.010754615
728446,0.08188602
728447,0.10760655
728448,0.96147674
728449,0.0044310354
728450,0.0218786
728451,0.033950817
728452,0.34954476
728453,0.006674647
728454,0.42300072
728455,0.89985526
728456,0.014906603
728457,0.0126897935
728458,0.002152421
728459,0.8161051
728460,0.9978554
728461,0.96882236
728462,0.0050166007
728463,0.15483594
728464,0.9533552
728465,0.8547509
728466,0.008685802
728467,0.9599694
728468,0.044360753
728469,0.031794976
728470,0.015823497
728471,0.45944118
728472,0.97241646
728473,0.01679574
728474,0.8659373
728475,0.13923496
728476,0.9946213
728477,0.015608177
728478,0.043386772
728479,0.0089078825
728480,0.9964877
728481,0.1628905
728482,0.82744336
728483,0.8066455
728484,0.050477643
728485,0.9963223
728486,0.18044402
728487,0.7596135
728488,0.03181716
728489,0.03841327
728490,0.99836946
728491,0.7874865
728492,0.29902485
728493,0.7289949
728494,0.9908886
728495,0.009791591
728496,0.044609055
728497,0.6067147
728498,0.06279589
728499,0.035312932
728500,0.9408977
728501,0.00911197
728502,0.5118979
728503,0.1532142
728504,0.9061132
728505,0.27211022
728506,0.019510424
728507,0.026680209
728508,0.009385814
728509,0.733282
728510,0.845664
728511,0.07253203
728512,0.038162686
728513,0.010505157
728514,0.15279993
728515,0.93649006
728516,0.6495701
728517,0.9091475
728518,0.51515496
728519,0.009978389
728520,0.99632305
728521,0.22772513
728522,0.09351616
728523,0.02893
728524,0.68343675
728525,0.014983447
728526,0.74916255
728527,0.84247833
728528,0.08425459
728529,0.29436696
728530,0.99449235
728531,0.023971068
728532,0.94119185
728533,0.9944336
728534,0.95248985
728535,0.853109
728536,0.73966044
728537,0.85935426
728538,0.01241214
728539,0.024147581
728540,0.96606493
728541,0.994706
728542,0.5142291
728543,0.054872803
728544,0.095654696
728545,0.23264693
728546,0.0102629615
728547,0.00423399
728548,0.9619468
728549,0.78136384
728550,0.07073118
728551,0.077115744
728552,0.9072465
728553,0.9474216
728554,0.9891342
728555,0.016430875
728556,0.63787514
728557,0.70736235
728558,0.012827062
728559,0.03898686
728560,0.9987015
728561,0.7140524
728562,0.96874523
728563,0.028468534
728564,0.99484533
728565,0.0041347537
728566,0.03234357
728567,0.061320923
728568,0.9052192
728569,0.85636914
728570,0.6743608
728571,0.9745853
728572,0.874465
728573,0.006341745
728574,0.035922732
728575,0.09905332
728576,0.08423663
728577,0.019579265
728578,0.29312837
728579,0.010544877
728580,0.045044348
728581,0.9399637
728582,0.07358532
728583,0.005605859
728584,0.041096184
728585,0.5485004
728586,0.9098929
728587,0.0037762888
728588,0.9993837
728589,0.08654774
728590,0.8257264
728591,0.04969945
728592,0.0025157668
728593,0.8007701
728594,0.13974698
728595,0.9973787
728596,0.18758233
728597,0.12527025
728598,0.1767689
728599,0.8532775
728600,0.024961883
728601,0.91864395
728602,0.005859669
728603,0.041729487
728604,0.045932434
728605,0.078570284
728606,0.24916695
728607,0.05478824
728608,0.986293
728609,0.840288
728610,0.85046566
728611,0.96656847
728612,0.27933174
728613,0.9946738
728614,0.015917808
728615,0.15631942
728616,0.8041612
728617,0.33622307
728618,0.09026055
728619,0.99580956
728620,0.012700199
728621,0.23387697
728622,0.01821398
728623,0.98885775
728624,0.7763336
728625,0.08351484
728626,0.19146664
728627,0.9891194
728628,0.9529493
728629,0.91561294
728630,0.061712142
728631,0.0624894
728632,0.08553335
728633,0.0036889305
728634,0.0155104855
728635,0.0073039127
728636,0.34259975
728637,0.10963135
728638,0.35664195
728639,0.020480448
728640,0.8253056
728641,0.45350546
728642,0.033787698
728643,0.13151124
728644,0.9542777
728645,0.94957197
728646,0.092796594
728647,0.9987135
728648,0.068780795
728649,0.23991057
728650,0.99752563
728651,0.016795471
728652,0.25569913
728653,0.04075855
728654,0.9914129
728655,0.9237115
728656,0.23849306
728657,0.99472654
728658,0.95367783
728659,0.0048385295
728660,0.9965409
728661,0.18048891
728662,0.0127239
728663,0.8406458
728664,0.98806924
728665,0.5482274
728666,0.06951505
728667,0.15667991
728668,0.98201597
728669,0.029654127
728670,0.9248959
728671,0.9513693
728672,0.010608503
728673,0.556191
728674,0.111181594
728675,0.9965516
728676,0.9981609
728677,0.909696
728678,0.9923356
728679,0.010470223
728680,0.011870917
728681,0.15765156
728682,0.7681489
728683,0.016774915
728684,0.027486535
728685,0.018974733
728686,0.97908956
728687,0.6158661
728688,0.93489087
728689,0.9745208
728690,0.170206
728691,0.083745696
728692,0.11438468
728693,0.6508641
728694,0.017206546
728695,0.079424456
728696,0.99077505
728697,0.011078214
728698,0.008818883
728699,0.006231866
728700,0.66366154
728701,0.9582563
728702,0.89875424
728703,0.5338523
728704,0.7919096
728705,0.6194511
728706,0.003104628
728707,0.99347025
728708,0.9738924
728709,0.48619196
728710,0.9989418
728711,0.0069965846
728712,0.9372587
728713,0.011189574
728714,0.36705327
728715,0.06808035
728716,0.006745108
728717,0.018751882
728718,0.8903243
728719,0.794533
728720,0.0036851466
728721,0.010460088
728722,0.9743235
728723,0.20260254
728724,0.03537038
728725,0.1968549
728726,0.504342
728727,0.04684603
728728,0.10587844
728729,0.0031430577
728730,0.012160676
728731,0.8942162
728732,0.49179393
728733,0.33030647
728734,0.43090805
728735,0.9810914
728736,0.040469453
728737,0.059821807
728738,0.016100878
728739,0.01303785
728740,0.116682954
728741,0.013726614
728742,0.8938658
728743,0.8504563
728744,0.84705555
728745,0.9830078
728746,0.95561504
728747,0.008522941
728748,0.7865525
728749,0.35962945
728750,0.9906075
728751,0.27304837
728752,0.99760354
728753,0.014364359
728754,0.012919251
728755,0.08049483
728756,0.9606214
728757,0.0054665175
728758,0.026716819
728759,0.40458167
728760,0.96219033
728761,0.74174756
728762,0.012205822
728763,0.027324688
728764,0.24065211
728765,0.050818413
728766,0.19675872
728767,0.89540064
728768,0.014532958
728769,0.9354687
728770,0.014692975
728771,0.15826099
728772,0.9967091
728773,0.82473785
728774,0.47619274
728775,0.01622018
728776,0.018889118
728777,0.004241066
728778,0.031259295
728779,0.31421578
728780,0.7891798
728781,0.098940626
728782,0.27693224
728783,0.9796915
728784,0.05056185
728785,0.99323434
728786,0.187837
728787,0.99903464
728788,0.010239523
728789,0.15763393
728790,0.012508867
728791,0.8850721
728792,0.8288654
728793,0.47738528
728794,0.9719658
728795,0.008309806
728796,0.87645817
728797,0.019121924
728798,0.010907592
728799,0.9840284
728800,0.9930539
728801,0.008636551
728802,0.9515271
728803,0.0072664027
728804,0.106806844
728805,0.72202426
728806,0.07897447
728807,0.9922667
728808,0.115011185
728809,0.12202173
728810,0.036586165
728811,0.8855516
728812,0.9269476
728813,0.11515543
728814,0.40141663
728815,0.5194713
728816,0.0140943555
728817,0.99588203
728818,0.7770944
728819,0.071720764
728820,0.7804393
728821,0.926136
728822,0.99521244
728823,0.30843288
728824,0.960742
728825,0.12930316
728826,0.005768168
728827,0.0072240103
728828,0.013013031
728829,0.31085277
728830,0.8933247
728831,0.03510868
728832,0.31226626
728833,0.029087648
728834,0.004174988
728835,0.21209271
728836,0.0891874
728837,0.002101127
728838,0.4080066
728839,0.9811832
728840,0.7008176
728841,0.8077381
728842,0.13303104
728843,0.17921579
728844,0.97066414
728845,0.95630276
728846,0.010050515
728847,0.31784552
728848,0.09253491
728849,0.22522289
728850,0.0136335585
728851,0.029241962
728852,0.9925024
728853,0.042204045
728854,0.010276414
728855,0.93375665
728856,0.04989714
728857,0.937339
728858,0.020411875
728859,0.3037097
728860,0.102589175
728861,0.019582663
728862,0.015509619
728863,0.11752223
728864,0.050430566
728865,0.97685045
728866,0.00628592
728867,0.44844234
728868,0.9661566
728869,0.017691819
728870,0.9031942
728871,0.548193
728872,0.10452734
728873,0.0034149569
728874,0.03660889
728875,0.051478636
728876,0.47396594
728877,0.050687924
728878,0.00090759736
728879,0.057196993
728880,0.98780364
728881,0.986272
728882,0.013595518
728883,0.022559386
728884,0.32307875
728885,0.82293755
728886,0.03340917
728887,0.6038582
728888,0.0036846544
728889,0.17117208
728890,0.6793259
728891,0.9954242
728892,0.014903489
728893,0.3475079
728894,0.98132575
728895,0.002843252
728896,0.02037932
728897,0.99639225
728898,0.96821856
728899,0.16606177
728900,0.6680802
728901,0.009442954
728902,0.010221431
728903,0.92759705
728904,0.123272896
728905,0.96462595
728906,0.9610201
728907,0.03076506
728908,0.0021622912
728909,0.023139812
728910,0.9839255
728911,0.011288907
728912,0.021410545
728913,0.23927677
728914,0.033399723
728915,0.98843503
728916,0.0070450576
728917,0.7914581
728918,0.040106937
728919,0.035343602
728920,0.870183
728921,0.06368769
728922,0.6834153
728923,0.012072701
728924,0.4322923
728925,0.8299847
728926,0.98583305
728927,0.93931913
728928,0.97099495
728929,0.020620054
728930,0.07270552
728931,0.9956977
728932,0.2964783
728933,0.27523535
728934,0.19035971
728935,0.0026236149
728936,0.99618316
728937,0.0145070795
728938,0.009324502
728939,0.0027744903
728940,0.024766063
728941,0.978762
728942,0.95796263
728943,0.9889615
728944,0.97020924
728945,0.99201393
728946,0.09558581
728947,0.9686966
728948,0.00817234
728949,0.05688957
728950,0.0746976
728951,0.9131704
728952,0.014456933
728953,0.040027935
728954,0.04851408
728955,0.7439749
728956,0.0014849068
728957,0.0048327697
728958,0.90094495
728959,0.1994209
728960,0.9902355
728961,0.0065623694
728962,0.04857024
728963,0.24145082
728964,0.08255939
728965,0.019266805
728966,0.059952147
728967,0.23342834
728968,0.26036334
728969,0.7634422
728970,0.9581777
728971,0.06696707
728972,0.013083642
728973,0.995749
728974,0.5688198
728975,0.9971331
728976,0.9817691
728977,0.012578085
728978,0.010209957
728979,0.053513985
728980,0.8405633
728981,0.10254787
728982,0.98066276
728983,0.59539485
728984,0.017593173
728985,0.7320684
728986,0.9949682
728987,0.8711627
728988,0.9330491
728989,0.97887444
728990,0.98565817
728991,0.0170745
728992,0.008358595
728993,0.0070795314
728994,0.9884869
728995,0.009445864
728996,0.99505407
728997,0.0037715025
728998,0.3842623
728999,0.011612043
729000,0.05826371
729001,0.067831144
729002,0.01985943
729003,0.89733166
729004,0.371932
729005,0.88905513
729006,0.036247216
729007,0.9757284
729008,0.040751494
729009,0.011847848
729010,0.11958923
729011,0.01863775
729012,0.98524904
729013,0.041713875
729014,0.79316247
729015,0.8471068
729016,0.11104875
729017,0.27020353
729018,0.405083
729019,0.94821024
729020,0.9939368
729021,0.009279366
729022,0.9709411
729023,0.973673
729024,0.010292332
729025,0.04026536
729026,0.989384
729027,0.11558936
729028,0.95295703
729029,0.084458634
729030,0.068267256
729031,0.014629305
729032,0.02282512
729033,0.16580912
729034,0.5566748
729035,0.8446321
729036,0.9650736
729037,0.02929797
729038,0.008953919
729039,0.97089547
729040,0.9518984
729041,0.47752586
729042,0.19571856
729043,0.9723803
729044,0.95378244
729045,0.9613781
729046,0.020066636
729047,0.012045979
729048,0.15325326
729049,0.8583621
729050,0.7389036
729051,0.90455097
729052,0.2023652
729053,0.0041467804
729054,0.37665176
729055,0.20142604
729056,0.8395675
729057,0.009459397
729058,0.051193375
729059,0.03222021
729060,0.049685095
729061,0.5430183
729062,0.012161266
729063,0.122330934
729064,0.79455876
729065,0.97745657
729066,0.013803614
729067,0.9284129
729068,0.027468229
729069,0.07152608
729070,0.9311886
729071,0.9822558
729072,0.055202458
729073,0.9948978
729074,0.511456
729075,0.14851919
729076,0.9610413
729077,0.99028254
729078,0.018393181
729079,0.027654566
729080,0.44762537
729081,0.983566
729082,0.95261276
729083,0.90001255
729084,0.02695729
729085,0.9969748
729086,0.8197356
729087,0.9764986
729088,0.010319341
729089,0.07065708
729090,0.9254534
729091,0.9556631
729092,0.007418456
729093,0.009678256
729094,0.045546167
729095,0.051576357
729096,0.052976515
729097,0.3904915
729098,0.08334942
729099,0.00947286
729100,0.8619267
729101,0.006116933
729102,0.9725029
729103,0.9606574
729104,0.02233493
729105,0.99216056
729106,0.0043851975
729107,0.30277318
729108,0.011635469
729109,0.6130608
729110,0.6511377
729111,0.7143717
729112,0.11645612
729113,0.051640708
729114,0.04184201
729115,0.39012718
729116,0.29086474
729117,0.9947756
729118,0.9916124
729119,0.048083816
729120,0.9028652
729121,0.9939866
729122,0.8845058
729123,0.99934316
729124,0.9360157
729125,0.9341397
729126,0.23280774
729127,0.053200133
729128,0.012665207
729129,0.80892587
729130,0.25387427
729131,0.06414976
729132,0.1883235
729133,0.977311
729134,0.34439954
729135,0.9988921
729136,0.020149209
729137,0.9944637
729138,0.06907621
729139,0.43946636
729140,0.016645877
729141,0.85565764
729142,0.027409965
729143,0.9422844
729144,0.18835723
729145,0.96317035
729146,0.671873
729147,0.05110596
729148,0.010972523
729149,0.7119907
729150,0.99693584
729151,0.82831466
729152,0.012866575
729153,0.37676954
729154,0.42112663
729155,0.8595724
729156,0.9711148
729157,0.57252866
729158,0.0051870816
729159,0.9370678
729160,0.0316502
729161,0.6906047
729162,0.023746394
729163,0.9412549
729164,0.9886912
729165,0.97956985
729166,0.0040587494
729167,0.21673323
729168,0.0034777408
729169,0.6529065
729170,0.8932202
729171,0.42204452
729172,0.071294755
729173,0.7137816
729174,0.054209083
729175,0.89977324
729176,0.9705384
729177,0.80990523
729178,0.008578523
729179,0.95790005
729180,0.41994748
729181,0.11570476
729182,0.7571583
729183,0.1304851
729184,0.01393951
729185,0.97990626
729186,0.9111803
729187,0.11446595
729188,0.9802475
729189,0.6047714
729190,0.015844785
729191,0.41511792
729192,0.0031774403
729193,0.86806864
729194,0.97741723
729195,0.97981167
729196,0.011739824
729197,0.9941343
729198,0.9190718
729199,0.9298397
729200,0.99008334
729201,0.95173454
729202,0.02723388
729203,0.90468323
729204,0.009290602
729205,0.15497744
729206,0.92278683
729207,0.014218062
729208,0.0077154534
729209,0.87845457
729210,0.9940821
729211,0.03477428
729212,0.020422768
729213,0.7163947
729214,0.9192069
729215,0.9992615
729216,0.9878205
729217,0.34078085
729218,0.1283361
729219,0.0900848
729220,0.28267598
729221,0.025822002
729222,0.84472334
729223,0.0069298474
729224,0.63692784
729225,0.030594967
729226,0.99621415
729227,0.98419905
729228,0.0031182296
729229,0.04627446
729230,0.011316935
729231,0.007180827
729232,0.96976453
729233,0.06765503
729234,0.026387153
729235,0.72719073
729236,0.034692015
729237,0.21346584
729238,0.13183491
729239,0.92342526
729240,0.008781805
729241,0.077077255
729242,0.9796362
729243,0.9587269
729244,0.9979432
729245,0.99642944
729246,0.013661965
729247,0.07365857
729248,0.028563343
729249,0.039225757
729250,0.9958724
729251,0.987753
729252,0.04489076
729253,0.9938866
729254,0.97820264
729255,0.21174407
729256,0.0074111917
729257,0.31534675
729258,0.06933355
729259,0.9960069
729260,0.015543237
729261,0.98527074
729262,0.9807972
729263,0.9117789
729264,0.1273557
729265,0.004899214
729266,0.012271229
729267,0.0035526094
729268,0.0047138957
729269,0.9818515
729270,0.23726866
729271,0.05322288
729272,0.044815224
729273,0.8673229
729274,0.009301423
729275,0.930137
729276,0.100580595
729277,0.0098152375
729278,0.019110134
729279,0.98310184
729280,0.9932182
729281,0.018594459
729282,0.98359525
729283,0.9949705
729284,0.71710193
729285,0.9583348
729286,0.96533966
729287,0.43188804
729288,0.011943346
729289,0.66247904
729290,0.000687372
729291,0.008484715
729292,0.99800175
729293,0.9959995
729294,0.45783597
729295,0.20818973
729296,0.77515835
729297,0.9416099
729298,0.008276481
729299,0.9856529
729300,0.98147595
729301,0.23738079
729302,0.65935963
729303,0.055888698
729304,0.8016472
729305,0.018577546
729306,0.011592757
729307,0.98896646
729308,0.9531301
729309,0.765927
729310,0.96752334
729311,0.1488693
729312,0.007447432
729313,0.928176
729314,0.8585752
729315,0.18399382
729316,0.93259513
729317,0.99447024
729318,0.83163744
729319,0.9900636
729320,0.6284588
729321,0.00621791
729322,0.25358835
729323,0.028692927
729324,0.96943074
729325,0.050959
729326,0.010042421
729327,0.004040443
729328,0.99071515
729329,0.97385263
729330,0.9931532
729331,0.0077026244
729332,0.02666037
729333,0.028443987
729334,0.75945264
729335,0.23974705
729336,0.9198963
729337,0.8875209
729338,0.63306093
729339,0.013114696
729340,0.0020848354
729341,0.007164097
729342,0.24647829
729343,0.9915348
729344,0.014939137
729345,0.01320393
729346,0.97211844
729347,0.03656084
729348,0.64684546
729349,0.99573725
729350,0.049822606
729351,0.9915232
729352,0.568082
729353,0.0037619555
729354,0.13496421
729355,0.861812
729356,0.03180723
729357,0.97924054
729358,0.45202658
729359,0.12938018
729360,0.0465666
729361,0.9741641
729362,0.8557006
729363,0.7328296
729364,0.14449602
729365,0.18891528
729366,0.2854368
729367,0.97107154
729368,0.03275185
729369,0.89800006
729370,0.02662332
729371,0.053142205
729372,0.96088964
729373,0.97452927
729374,0.9917704
729375,0.0052743712
729376,0.9892627
729377,0.98668855
729378,0.022699177
729379,0.03194227
729380,0.8645265
729381,0.005421793
729382,0.14375496
729383,0.9548731
729384,0.021351349
729385,0.010318905
729386,0.0065074055
729387,0.037324905
729388,0.94084245
729389,0.8753108
729390,0.97693974
729391,0.007940194
729392,0.007050665
729393,0.0895517
729394,0.021909947
729395,0.5425071
729396,0.02193203
729397,0.988667
729398,0.17865507
729399,0.2721261
729400,0.30177602
729401,0.96301055
729402,0.026888458
729403,0.9872577
729404,0.26538205
729405,0.016632177
729406,0.09943657
729407,0.19824082
729408,0.5374186
729409,0.99439764
729410,0.028357144
729411,0.99234277
729412,0.99823666
729413,0.018615946
729414,0.53005975
729415,0.6980096
729416,0.14480427
729417,0.87921184
729418,0.38478288
729419,0.006040821
729420,0.95335037
729421,0.23312852
729422,0.16040319
729423,0.97920686
729424,0.09622359
729425,0.25803155
729426,0.99293345
729427,0.738292
729428,0.0154470755
729429,0.95216143
729430,0.12718783
729431,0.9855939
729432,0.98282367
729433,0.5253579
729434,0.94745404
729435,0.052541155
729436,0.95863557
729437,0.06900686
729438,0.27094805
729439,0.016816312
729440,0.8680998
729441,0.96132565
729442,0.16463941
729443,0.13575917
729444,0.030594256
729445,0.60428774
729446,0.09203989
729447,0.035586797
729448,0.00066369615
729449,0.0175616
729450,0.8189459
729451,0.9286294
729452,0.25100338
729453,0.006025162
729454,0.6157421
729455,0.068725966
729456,0.10798874
729457,0.59740233
729458,0.43364656
729459,0.0016590983
729460,0.009576506
729461,0.0044904267
729462,0.9670407
729463,0.20737644
729464,0.013309369
729465,0.950011
729466,0.97019297
729467,0.025004081
729468,0.88668483
729469,0.99559945
729470,0.45417884
729471,0.02516129
729472,0.31526846
729473,0.05179542
729474,0.0053039575
729475,0.98663604
729476,0.07533425
729477,0.8488822
729478,0.9659686
729479,0.7764149
729480,0.07621338
729481,0.010432903
729482,0.17706811
729483,0.5740762
729484,0.7276007
729485,0.95465285
729486,0.910861
729487,0.97468334
729488,0.96735203
729489,0.9736001
729490,0.009950077
729491,0.88724864
729492,0.7601909
729493,0.060930237
729494,0.07805964
729495,0.7573036
729496,0.04391048
729497,0.11386303
729498,0.9210559
729499,0.9479753
729500,0.08507695
729501,0.20541911
729502,0.4986812
729503,0.39832824
729504,0.5467469
729505,0.0047839996
729506,0.032619834
729507,0.9815805
729508,0.08022226
729509,0.88031554
729510,0.005473302
729511,0.32450837
729512,0.11753153
729513,0.5119005
729514,0.005491214
729515,0.63733715
729516,0.9958226
729517,0.010730246
729518,0.0076162084
729519,0.074737445
729520,0.036525045
729521,0.12936611
729522,0.9913617
729523,0.004951832
729524,0.0312785
729525,0.33321667
729526,0.9881116
729527,0.10823583
729528,0.9806603
729529,0.019532325
729530,0.36564982
729531,0.5142006
729532,0.78533417
729533,0.82156706
729534,0.97195727
729535,0.20603149
729536,0.99430615
729537,0.017575037
729538,0.7007314
729539,0.36734554
729540,0.031179454
729541,0.03936159
729542,0.72480977
729543,0.038466226
729544,0.9146599
729545,0.015160421
729546,0.21030387
729547,0.05953165
729548,0.8181459
729549,0.34773725
729550,0.064858325
729551,0.31071138
729552,0.018961202
729553,0.016119521
729554,0.02180998
729555,0.99612874
729556,0.9879093
729557,0.058006905
729558,0.70218307
729559,0.042482823
729560,0.024867766
729561,0.9981083
729562,0.40308154
729563,0.08589296
729564,0.017373305
729565,0.99909425
729566,0.35252208
729567,0.081862114
729568,0.3424899
729569,0.010403062
729570,0.39067072
729571,0.8928567
729572,0.45198804
729573,0.022294503
729574,0.008471827
729575,0.024165526
729576,0.0086884
729577,0.9792178
729578,0.009397978
729579,0.021435965
729580,0.96140563
729581,0.9996321
729582,0.014603779
729583,0.9923687
729584,0.9457247
729585,0.014001967
729586,0.032911323
729587,0.7445358
729588,0.894248
729589,0.68714494
729590,0.055647835
729591,0.028211188
729592,0.035406724
729593,0.17413674
729594,0.019940373
729595,0.037188377
729596,0.48792708
729597,0.009505412
729598,0.83971786
729599,0.92140186
729600,0.015914679
729601,0.96421266
729602,0.9960022
729603,0.0050258087
729604,0.68304133
729605,0.12439136
729606,0.8483792
729607,0.38554376
729608,0.021825608
729609,0.23194653
729610,0.0034567188
729611,0.018224338
729612,0.6211837
729613,0.0995746
729614,0.047446292
729615,0.9478159
729616,0.013450155
729617,0.45208463
729618,0.99790287
729619,0.020378709
729620,0.050054096
729621,0.042756405
729622,0.0041113775
729623,0.33375084
729624,0.28859484
729625,0.019054016
729626,0.8442478
729627,0.56807584
729628,0.024029642
729629,0.0038449888
729630,0.67878854
729631,0.003922661
729632,0.9106555
729633,0.38753638
729634,0.8646184
729635,0.46578717
729636,0.02287156
729637,0.0021361504
729638,0.77739894
729639,0.9979608
729640,0.023510698
729641,0.06156479
729642,0.123276845
729643,0.00963073
729644,0.9924892
729645,0.9398692
729646,0.5914691
729647,0.020531233
729648,0.8842956
729649,0.31733578
729650,0.95158625
729651,0.15246636
729652,0.007013381
729653,0.99840647
729654,0.010414777
729655,0.98986995
729656,0.8748702
729657,0.9958847
729658,0.053647827
729659,0.0077087325
729660,0.01039863
729661,0.98921233
729662,0.0033834365
729663,0.97968537
729664,0.94900435
729665,0.13775486
729666,0.83402145
729667,0.056972623
729668,0.99686
729669,0.99712574
729670,0.0036304467
729671,0.015770946
729672,0.001011068
729673,0.40700617
729674,0.13954385
729675,0.0556274
729676,0.13397855
729677,0.57722044
729678,0.7050362
729679,0.97167635
729680,0.9552555
729681,0.017627234
729682,0.024278099
729683,0.933217
729684,0.97463495
729685,0.019780414
729686,0.018074106
729687,0.32384458
729688,0.9980594
729689,0.045320034
729690,0.9859363
729691,0.0020848343
729692,0.11025348
729693,0.004269177
729694,0.28525054
729695,0.9925771
729696,0.6404047
729697,0.97784114
729698,0.43842173
729699,0.97578984
729700,0.05630807
729701,0.69246626
729702,0.93502444
729703,0.39894262
729704,0.003917044
729705,0.15452716
729706,0.8066633
729707,0.66149867
729708,0.015241173
729709,0.037521135
729710,0.066937216
729711,0.9914359
729712,0.9778416
729713,0.9949918
729714,0.9583727
729715,0.9519515
729716,0.0018484641
729717,0.13383472
729718,0.026224378
729719,0.9594761
729720,0.9931549
729721,0.9968982
729722,0.28604242
729723,0.01949944
729724,0.9912126
729725,0.08583806
729726,0.027782824
729727,0.79008204
729728,0.9419705
729729,0.99650383
729730,0.6432195
729731,0.033653673
729732,0.99103487
729733,0.19524735
729734,0.03306309
729735,0.76056314
729736,0.9954643
729737,0.47846267
729738,0.99681973
729739,0.97197187
729740,0.9433268
729741,0.008583761
729742,0.010413571
729743,0.0055906815
729744,0.06491648
729745,0.82563174
729746,0.87318426
729747,0.030694116
729748,0.8851304
729749,0.8562224
729750,0.99277514
729751,0.15324202
729752,0.020379348
729753,0.8529586
729754,0.12698449
729755,0.050875638
729756,0.9043386
729757,0.14550297
729758,0.16730389
729759,0.9456819
729760,0.030358998
729761,0.945282
729762,0.9379189
729763,0.014727949
729764,0.99966335
729765,0.03802957
729766,0.99914354
729767,0.20074996
729768,0.019275632
729769,0.5848721
729770,0.1273635
729771,0.02246164
729772,0.3044329
729773,0.01583602
729774,0.10860907
729775,0.04549934
729776,0.89827204
729777,0.9429425
729778,0.046207577
729779,0.9948759
729780,0.047683887
729781,0.33639538
729782,0.06345652
729783,0.7620972
729784,0.0114256395
729785,0.10358579
729786,0.44586807
729787,0.076108456
729788,0.790009
729789,0.008329958
729790,0.09134519
729791,0.21426596
729792,0.8499105
729793,0.017721608
729794,0.99282587
729795,0.5304968
729796,0.19468674
729797,0.52026945
729798,0.16266048
729799,0.6434119
729800,0.09183845
729801,0.90953314
729802,0.96082824
729803,0.012528399
729804,0.9195659
729805,0.02264956
729806,0.06519848
729807,0.11018514
729808,0.41061643
729809,0.14402266
729810,0.021327823
729811,0.093832664
729812,0.016786572
729813,0.0056487923
729814,0.0036894868
729815,0.45840907
729816,0.08266148
729817,0.004740685
729818,0.01368059
729819,0.2506055
729820,0.27984658
729821,0.0007917241
729822,0.009854712
729823,0.16160923
729824,0.95118713
729825,0.98379564
729826,0.9948149
729827,0.02336708
729828,0.9749745
729829,0.6075309
729830,0.016313767
729831,0.7819915
729832,0.45189083
729833,0.003528713
729834,0.019624587
729835,0.014618915
729836,0.038796805
729837,0.9976649
729838,0.090458855
729839,0.112749964
729840,0.015367016
729841,0.011581217
729842,0.05204208
729843,0.004464999
729844,0.28801185
729845,0.36858284
729846,0.016148912
729847,0.08074635
729848,0.006829247
729849,0.96082586
729850,0.99413556
729851,0.3989532
729852,0.0016161455
729853,0.68597466
729854,0.0075617363
729855,0.9911743
729856,0.0056837434
729857,0.7844008
729858,0.988328
729859,0.16427745
729860,0.44501615
729861,0.7754551
729862,0.004009763
729863,0.19398463
729864,0.013893566
729865,0.9631239
729866,0.32061204
729867,0.46611536
729868,0.96755946
729869,0.08708454
729870,0.015696257
729871,0.85366166
729872,0.17699799
729873,0.007343152
729874,0.110984415
729875,0.1321965
729876,0.92888427
729877,0.080154955
729878,0.020783214
729879,0.147991
729880,0.07249664
729881,0.972653
729882,0.065568075
729883,0.050190166
729884,0.98626596
729885,0.15254614
729886,0.79133093
729887,0.710285
729888,0.035702877
729889,0.02581548
729890,0.92107576
729891,0.011056563
729892,0.03737381
729893,0.1321699
729894,0.31926343
729895,0.9929225
729896,0.77677405
729897,0.021677788
729898,0.016115543
729899,0.37791756
729900,0.14328662
729901,0.023396313
729902,0.9860952
729903,0.08891222
729904,0.9941169
729905,0.005632506
729906,0.9500829
729907,0.87235934
729908,0.091261014
729909,0.99788177
729910,0.9478229
729911,0.9350963
729912,0.9790938
729913,0.889829
729914,0.14775188
729915,0.984451
729916,0.06646761
729917,0.9366162
729918,0.9738526
729919,0.1065689
729920,0.982405
729921,0.68127114
729922,0.49345487
729923,0.016211586
729924,0.031063206
729925,0.0011963235
729926,0.70126176
729927,0.010038702
729928,0.012332085
729929,0.4755475
729930,0.9559099
729931,0.9467654
729932,0.12998071
729933,0.99414754
729934,0.90105325
729935,0.07306616
729936,0.8007995
729937,0.009660096
729938,0.8751047
729939,0.8682765
729940,0.06844196
729941,0.92024565
729942,0.0023589905
729943,0.019606166
729944,0.13862036
729945,0.57127666
729946,0.15233023
729947,0.0052526905
729948,0.14433526
729949,0.04598674
729950,0.7729498
729951,0.5899758
729952,0.96158373
729953,0.996945
729954,0.93011063
729955,0.1373206
729956,0.9966564
729957,0.0177563
729958,0.043846864
729959,0.9914881
729960,0.25575417
729961,0.98214567
729962,0.045149133
729963,0.5426875
729964,0.0068266965
729965,0.040965974
729966,0.20034991
729967,0.003910851
729968,0.051765636
729969,0.9955086
729970,0.014927285
729971,0.015671365
729972,0.8958111
729973,0.6035714
729974,0.5513173
729975,0.8742092
729976,0.031111024
729977,0.05338116
729978,0.11315517
729979,0.858773
729980,0.25849062
729981,0.02420637
729982,0.025066651
729983,0.99481666
729984,0.04058949
729985,0.0061936323
729986,0.918584
729987,0.9438047
729988,0.8016122
729989,0.064844
729990,0.4226263
729991,0.0397399
729992,0.2634832
729993,0.3813033
729994,0.9881358
729995,0.24169704
729996,0.8964524
729997,0.027725236
729998,0.91517043
729999,0.993691
730000,0.19071528
730001,0.11257316
730002,0.020273257
730003,0.6367315
730004,0.984927
730005,0.9878152
730006,0.9961351
730007,0.0065669375
730008,0.11171882
730009,0.43618
730010,0.014990011
730011,0.7138179
730012,0.030304179
730013,0.9888706
730014,0.058518045
730015,0.98403233
730016,0.9565437
730017,0.9724948
730018,0.9912937
730019,0.60146284
730020,0.05553948
730021,0.99889433
730022,0.99683475
730023,0.9979534
730024,0.8273188
730025,0.30450764
730026,0.59180814
730027,0.55655515
730028,0.040101297
730029,0.13500461
730030,0.5066518
730031,0.80166805
730032,0.0046151234
730033,0.0031647694
730034,0.023835002
730035,0.9483442
730036,0.97264284
730037,0.19378243
730038,0.0862326
730039,0.6880531
730040,0.99125063
730041,0.09782161
730042,0.97698885
730043,0.9976341
730044,0.8091736
730045,0.18414488
730046,0.388942
730047,0.019711424
730048,0.07195063
730049,0.088968754
730050,0.7689031
730051,0.28329772
730052,0.9951443
730053,0.0059422967
730054,0.066365264
730055,0.50174224
730056,0.6692163
730057,0.0077543342
730058,0.63810706
730059,0.027039617
730060,0.035731852
730061,0.9801265
730062,0.047432985
730063,0.998585
730064,0.04763924
730065,0.009122662
730066,0.9973551
730067,0.0059787864
730068,0.94204485
730069,0.06651594
730070,0.009929295
730071,0.88886756
730072,0.90803057
730073,0.25237665
730074,0.09487091
730075,0.72149646
730076,0.068402395
730077,0.8854442
730078,0.9803092
730079,0.73687786
730080,0.059312884
730081,0.24808937
730082,0.38326317
730083,0.028800271
730084,0.074660905
730085,0.03964562
730086,0.96096915
730087,0.016465027
730088,0.026849184
730089,0.86750644
730090,0.015946794
730091,0.0076601715
730092,0.6330728
730093,0.025268734
730094,0.0656699
730095,0.010721067
730096,0.9131247
730097,0.61130434
730098,0.012569121
730099,0.9810629
730100,0.033633627
730101,0.0070684785
730102,0.07888139
730103,0.47432685
730104,0.008631346
730105,0.70125514
730106,0.041419804
730107,0.12958957
730108,0.11479123
730109,0.025676044
730110,0.99360514
730111,0.28624973
730112,0.027203158
730113,0.18107022
730114,0.026256766
730115,0.98892295
730116,0.08439124
730117,0.033576887
730118,0.1738081
730119,0.8419801
730120,0.05995419
730121,0.99446243
730122,0.14620975
730123,0.9830546
730124,0.9831347
730125,0.997754
730126,0.79176295
730127,0.009112269
730128,0.074043445
730129,0.99838394
730130,0.9693451
730131,0.9458561
730132,0.097729705
730133,0.19889438
730134,0.953901
730135,0.9212406
730136,0.8203967
730137,0.030871851
730138,0.03694588
730139,0.98028576
730140,0.060394425
730141,0.11305923
730142,0.3823903
730143,0.09068282
730144,0.014052001
730145,0.025878392
730146,0.9403039
730147,0.7976455
730148,0.41157407
730149,0.98054874
730150,0.014906844
730151,0.9982399
730152,0.66298884
730153,0.006092089
730154,0.061384976
730155,0.7368846
730156,0.010245522
730157,0.98429835
730158,0.8598336
730159,0.9715272
730160,0.37356645
730161,0.01331549
730162,0.5564273
730163,0.87297404
730164,0.015455712
730165,0.005913033
730166,0.04953276
730167,0.9921727
730168,0.3871273
730169,0.037741087
730170,0.13133909
730171,0.014803443
730172,0.011428382
730173,0.4558138
730174,0.085942164
730175,0.006252963
730176,0.9943974
730177,0.25011078
730178,0.15336159
730179,0.9199352
730180,0.9871347
730181,0.71468556
730182,0.1966861
730183,0.038011968
730184,0.24411234
730185,0.96933234
730186,0.9914314
730187,0.017286722
730188,0.12887625
730189,0.12074423
730190,0.014882492
730191,0.014905677
730192,0.9985636
730193,0.99655354
730194,0.01357827
730195,0.011998553
730196,0.9965386
730197,0.15664138
730198,0.27057752
730199,0.051324826
730200,0.08179048
730201,0.40803516
730202,0.042188533
730203,0.04301195
730204,0.18158267
730205,0.5418569
730206,0.6810569
730207,0.9759545
730208,0.8437887
730209,0.18517397
730210,0.07863894
730211,0.4535892
730212,0.972866
730213,0.90911937
730214,0.038636684
730215,0.23528168
730216,0.88757193
730217,0.9968785
730218,0.5810404
730219,0.038355444
730220,0.14510839
730221,0.05426862
730222,0.0051222797
730223,0.6648541
730224,0.0059070154
730225,0.07867742
730226,0.20793965
730227,0.95331836
730228,0.17529675
730229,0.18495661
730230,0.0043160175
730231,0.8271121
730232,0.98267144
730233,0.91933244
730234,0.90500265
730235,0.053269617
730236,0.0005085125
730237,0.96440554
730238,0.014473679
730239,0.38350567
730240,0.8381294
730241,0.8032862
730242,0.8509637
730243,0.99823916
730244,0.5274237
730245,0.99407893
730246,0.013456012
730247,0.7699012
730248,0.060911432
730249,0.9888225
730250,0.99150425
730251,0.04586041
730252,0.41795933
730253,0.63436
730254,0.9432523
730255,0.23433456
730256,0.10649492
730257,0.046809345
730258,0.01190131
730259,0.2588417
730260,0.98627794
730261,0.9410292
730262,0.9843724
730263,0.52416205
730264,0.0070347292
730265,0.9211362
730266,0.025797414
730267,0.99516064
730268,0.27832007
730269,0.943952
730270,0.024869272
730271,0.015569242
730272,0.037801906
730273,0.995183
730274,0.0337836
730275,0.99601585
730276,0.006888408
730277,0.94398844
730278,0.92703366
730279,0.0040486157
730280,0.17520413
730281,0.9781404
730282,0.67042065
730283,0.0044483705
730284,0.052769408
730285,0.04504142
730286,0.021601608
730287,0.5043197
730288,0.92032754
730289,0.9855229
730290,0.112917006
730291,0.9989232
730292,0.94811493
730293,0.9866492
730294,0.9956274
730295,0.28787982
730296,0.99131405
730297,0.97855633
730298,0.19081981
730299,0.9970186
730300,0.9098767
730301,0.0005945195
730302,0.08205341
730303,0.9200766
730304,0.13948846
730305,0.946964
730306,0.018271377
730307,0.0005587882
730308,0.68197626
730309,0.003804603
730310,0.24631794
730311,0.001054483
730312,0.013790274
730313,0.98902625
730314,0.07146026
730315,0.08012228
730316,0.98559535
730317,0.98805505
730318,0.9264914
730319,0.9725377
730320,0.19089209
730321,0.053284932
730322,0.08221429
730323,0.5087161
730324,0.2935388
730325,0.03169655
730326,0.04292763
730327,0.5783074
730328,0.97666764
730329,0.8525919
730330,0.027462488
730331,0.01682781
730332,0.41569293
730333,0.010184101
730334,0.5980312
730335,0.96155715
730336,0.086344264
730337,0.041463252
730338,0.051886804
730339,0.9540702
730340,0.5364058
730341,0.011319513
730342,0.9967483
730343,0.99784434
730344,0.13033225
730345,0.010290168
730346,0.98248446
730347,0.005404055
730348,0.7484956
730349,0.0059439535
730350,0.016045937
730351,0.13332841
730352,0.67289543
730353,0.02010826
730354,0.99257874
730355,0.9819896
730356,0.022491757
730357,0.95554733
730358,0.04275384
730359,0.035350338
730360,0.91346717
730361,0.2705778
730362,0.040829346
730363,0.008208351
730364,0.97427654
730365,0.025514543
730366,0.13533515
730367,0.94791985
730368,0.84768355
730369,0.45804355
730370,0.1903977
730371,0.007033471
730372,0.68459654
730373,0.7748953
730374,0.9867896
730375,0.34507123
730376,0.54843074
730377,0.3761521
730378,0.8805406
730379,0.95853436
730380,0.2248161
730381,0.99073815
730382,0.96251655
730383,0.009181489
730384,0.65364146
730385,0.08217803
730386,0.92233187
730387,0.7387522
730388,0.027170883
730389,0.94041634
730390,0.9638731
730391,0.9576327
730392,0.74533856
730393,0.11282601
730394,0.06765829
730395,0.9831423
730396,0.011470029
730397,0.99753374
730398,0.08872853
730399,0.16789714
730400,0.7376765
730401,0.035654433
730402,0.99000794
730403,0.83079284
730404,0.73072225
730405,0.90070486
730406,0.06317325
730407,0.65524745
730408,0.12270407
730409,0.2519103
730410,0.8212662
730411,0.8836286
730412,0.17206389
730413,0.008362103
730414,0.02522359
730415,0.9597372
730416,0.98695934
730417,0.03475018
730418,0.3649192
730419,0.97609836
730420,0.99195135
730421,0.48191777
730422,0.117402606
730423,0.005397491
730424,0.033138692
730425,0.87774324
730426,0.022523511
730427,0.0126149375
730428,0.11305157
730429,0.2757941
730430,0.9941697
730431,0.7254851
730432,0.003644715
730433,0.033992805
730434,0.97714347
730435,0.027688572
730436,0.010661954
730437,0.012427722
730438,0.9737582
730439,0.0120482445
730440,0.030647585
730441,0.99640894
730442,0.034789592
730443,0.96912646
730444,0.9752129
730445,0.25681216
730446,0.893478
730447,0.016261596
730448,0.042748976
730449,0.03214225
730450,0.23037049
730451,0.9805273
730452,0.97764444
730453,0.98290336
730454,0.0068283356
730455,0.006017996
730456,0.017637435
730457,0.96411306
730458,0.99454224
730459,0.078642264
730460,0.102116786
730461,0.03340292
730462,0.020673528
730463,0.036014553
730464,0.48195243
730465,0.057635847
730466,0.0028010847
730467,0.49917668
730468,0.3317147
730469,0.96560955
730470,0.018219484
730471,0.008998648
730472,0.029435072
730473,0.004587109
730474,0.72497183
730475,0.87923616
730476,0.0062936493
730477,0.0057329354
730478,0.48065078
730479,0.078530066
730480,0.07351938
730481,0.86291385
730482,0.016778458
730483,0.04527069
730484,0.14473538
730485,0.067393266
730486,0.94186354
730487,0.96921164
730488,0.9875237
730489,0.949734
730490,0.9856678
730491,0.037876185
730492,0.85561043
730493,0.975052
730494,0.075170875
730495,0.9814374
730496,0.7449725
730497,0.16599497
730498,0.9091305
730499,0.9427352
730500,0.99353075
730501,0.10418068
730502,0.10227071
730503,0.87629384
730504,0.9787238
730505,0.99128866
730506,0.074652135
730507,0.009436403
730508,0.12967294
730509,0.013748548
730510,0.06985576
730511,0.048723467
730512,0.03707675
730513,0.9492003
730514,0.96797734
730515,0.016034726
730516,0.5746139
730517,0.0026705002
730518,0.08117844
730519,0.84631735
730520,0.015342949
730521,0.50693953
730522,0.009820854
730523,0.9984969
730524,0.8873207
730525,0.9728593
730526,0.37960762
730527,0.97423637
730528,0.027075782
730529,0.7665335
730530,0.12102637
730531,0.023636026
730532,0.7078025
730533,0.11242972
730534,0.057714917
730535,0.6300434
730536,0.26877105
730537,0.7686597
730538,0.13620752
730539,0.02925066
730540,0.062202744
730541,0.22776604
730542,0.10703173
730543,0.22845468
730544,0.09170674
730545,0.2517522
730546,0.0061025685
730547,0.7327051
730548,0.8595989
730549,0.024659198
730550,0.15444797
730551,0.007675005
730552,0.0075262273
730553,0.018993357
730554,0.79596555
730555,0.124285504
730556,0.9205133
730557,0.99834913
730558,0.3328818
730559,0.15212148
730560,0.99686575
730561,0.006645488
730562,0.0710581
730563,0.021054886
730564,0.2608067
730565,0.69676244
730566,0.9433233
730567,0.13616495
730568,0.040326793
730569,0.06387631
730570,0.7062181
730571,0.05174786
730572,0.98067415
730573,0.03961158
730574,0.018872
730575,0.4412343
730576,0.8582802
730577,0.75777704
730578,0.11937396
730579,0.055384707
730580,0.4347998
730581,0.053465903
730582,0.9096124
730583,0.033771463
730584,0.9955902
730585,0.99395
730586,0.6021071
730587,0.06595613
730588,0.86553395
730589,0.37754437
730590,0.1655255
730591,0.97821
730592,0.9935875
730593,0.22134565
730594,0.12214708
730595,0.697478
730596,0.016455978
730597,0.12705207
730598,0.07347419
730599,0.9503882
730600,0.8904609
730601,0.031675912
730602,0.0029253878
730603,0.023361288
730604,0.9948506
730605,0.893337
730606,0.31190503
730607,0.971905
730608,0.98996913
730609,0.021201083
730610,0.9804524
730611,0.01492504
730612,0.99345636
730613,0.007583728
730614,0.9501436
730615,0.014540418
730616,0.98786384
730617,0.8998242
730618,0.03914828
730619,0.22527918
730620,0.381627
730621,0.018750232
730622,0.95130795
730623,0.90729964
730624,0.7249018
730625,0.24468127
730626,0.0044126525
730627,0.17112723
730628,0.19970724
730629,0.0056880563
730630,0.5366503
730631,0.004563163
730632,0.004236118
730633,0.7031095
730634,0.097164705
730635,0.997942
730636,0.30210352
730637,0.1887248
730638,0.24253535
730639,0.016995031
730640,0.22507143
730641,0.97979945
730642,0.1799843
730643,0.022514753
730644,0.007466934
730645,0.040222615
730646,0.98921597
730647,0.99244624
730648,0.9951403
730649,0.8926973
730650,0.67934394
730651,0.048442617
730652,0.9480653
730653,0.9920189
730654,0.03420573
730655,0.024555562
730656,0.49953616
730657,0.8017632
730658,0.7231733
730659,0.015375001
730660,0.7181483
730661,0.9760378
730662,0.9640359
730663,0.99327683
730664,0.024826728
730665,0.061787724
730666,0.78407294
730667,0.030053927
730668,0.025614122
730669,0.027080266
730670,0.032375604
730671,0.9689441
730672,0.99941003
730673,0.9453085
730674,0.022623139
730675,0.9873401
730676,0.93584335
730677,0.054669462
730678,0.5024514
730679,0.91419375
730680,0.9922159
730681,0.02300563
730682,0.08129637
730683,0.08792941
730684,0.9961157
730685,0.70979685
730686,0.0036746925
730687,0.29828966
730688,0.98261744
730689,0.25354874
730690,0.05298259
730691,0.2923716
730692,0.016711919
730693,0.9881849
730694,0.25420886
730695,0.05128664
730696,0.808999
730697,0.010545682
730698,0.008101782
730699,0.21472026
730700,0.14556403
730701,0.41262984
730702,0.3166709
730703,0.013480785
730704,0.9875158
730705,0.02846298
730706,0.8559694
730707,0.9817799
730708,0.013290075
730709,0.99273705
730710,0.016401261
730711,0.038263097
730712,0.050166823
730713,0.047012668
730714,0.9802619
730715,0.009097233
730716,0.9962325
730717,0.03128471
730718,0.008849561
730719,0.7007424
730720,0.25864124
730721,0.41050094
730722,0.061630443
730723,0.9838785
730724,0.24941485
730725,0.09467162
730726,0.15440376
730727,0.9831903
730728,0.9986403
730729,0.9955735
730730,0.97695845
730731,0.001259389
730732,0.741897
730733,0.1242852
730734,0.01152811
730735,0.0076606064
730736,0.018943254
730737,0.19158784
730738,0.13198794
730739,0.10100418
730740,0.036379516
730741,0.70083356
730742,0.020405807
730743,0.52333033
730744,0.9997315
730745,0.04857724
730746,0.11784906
730747,0.97286147
730748,0.014911806
730749,0.004620085
730750,0.023335332
730751,0.9463766
730752,0.93390757
730753,0.4091128
730754,0.5560544
730755,0.8651516
730756,0.38173807
730757,0.09179556
730758,0.39784145
730759,0.11105795
730760,0.009571639
730761,0.05710997
730762,0.95976144
730763,0.08765955
730764,0.18369022
730765,0.3997396
730766,0.018708145
730767,0.007182408
730768,0.02626231
730769,0.5957062
730770,0.13927226
730771,0.43501124
730772,0.75002444
730773,0.19013804
730774,0.9843706
730775,0.5572604
730776,0.014878619
730777,0.020090265
730778,0.2063776
730779,0.555863
730780,0.774994
730781,0.9276296
730782,0.98234606
730783,0.3363356
730784,0.021325499
730785,0.08571191
730786,0.39000914
730787,0.8502288
730788,0.25994825
730789,0.008856734
730790,0.041096415
730791,0.025989365
730792,0.004002286
730793,0.12374987
730794,0.9971788
730795,0.05762828
730796,0.9941
730797,0.73036057
730798,0.03916678
730799,0.92284095
730800,0.41464302
730801,0.015367995
730802,0.021622933
730803,0.0036676181
730804,0.8768628
730805,0.19678226
730806,0.025930896
730807,0.9810759
730808,0.9710824
730809,0.005110594
730810,0.96921885
730811,0.25739965
730812,0.8251374
730813,0.11144198
730814,0.0453269
730815,0.99617296
730816,0.079718456
730817,0.027080167
730818,0.99705076
730819,0.94716096
730820,0.71428686
730821,0.05458472
730822,0.07614912
730823,0.08116326
730824,0.7197982
730825,0.99783885
730826,0.011742685
730827,0.9990887
730828,0.93177754
730829,0.65180176
730830,0.19010219
730831,0.98632
730832,0.08524373
730833,0.3529582
730834,0.98400193
730835,0.63532835
730836,0.024500746
730837,0.031917445
730838,0.23921895
730839,0.15542455
730840,0.08261459
730841,0.29543567
730842,0.009181865
730843,0.020256653
730844,0.56471807
730845,0.9740364
730846,0.9796566
730847,0.00688213
730848,0.6587539
730849,0.114026934
730850,0.03942763
730851,0.006399013
730852,0.01996414
730853,0.9953777
730854,0.7749637
730855,0.44681957
730856,0.91533965
730857,0.99437594
730858,0.69265795
730859,0.761979
730860,0.80620486
730861,0.0129615255
730862,0.14737643
730863,0.4054045
730864,0.0053652246
730865,0.0033435132
730866,0.027085679
730867,0.03191579
730868,0.047948543
730869,0.9956759
730870,0.9616407
730871,0.6036752
730872,0.002573479
730873,0.9849743
730874,0.83749115
730875,0.8181349
730876,0.007615281
730877,0.03550422
730878,0.014159703
730879,0.9923432
730880,0.023043985
730881,0.9733124
730882,0.0027460805
730883,0.09996031
730884,0.92739534
730885,0.013990927
730886,0.13083395
730887,0.85241616
730888,0.021212056
730889,0.97886384
730890,0.43680897
730891,0.011912312
730892,0.9931563
730893,0.8477606
730894,0.92766654
730895,0.9101887
730896,0.9796337
730897,0.13023165
730898,0.04406601
730899,0.16470473
730900,0.9826168
730901,0.023539646
730902,0.9256849
730903,0.9235954
730904,0.8974248
730905,0.25047347
730906,0.9164578
730907,0.88323456
730908,0.013436601
730909,0.016803864
730910,0.13142428
730911,0.8023397
730912,0.76560134
730913,0.023338601
730914,0.05668969
730915,0.02272625
730916,0.8116892
730917,0.3055759
730918,0.025504297
730919,0.20084678
730920,0.007047817
730921,0.933131
730922,0.16711955
730923,0.24322775
730924,0.7010195
730925,0.92376196
730926,0.056679532
730927,0.08124741
730928,0.07709791
730929,0.016152322
730930,0.045563847
730931,0.6823196
730932,0.8074235
730933,0.9396256
730934,0.9983198
730935,0.42585418
730936,0.81674236
730937,0.9963386
730938,0.98336065
730939,0.47154585
730940,0.9953313
730941,0.019482382
730942,0.0020837411
730943,0.038092636
730944,0.9821923
730945,0.9805401
730946,0.4975862
730947,0.009639731
730948,0.48792952
730949,0.9838798
730950,0.37908703
730951,0.3423003
730952,0.09287439
730953,0.030126804
730954,0.023843644
730955,0.006548631
730956,0.02244939
730957,0.20891126
730958,0.40911207
730959,0.9982505
730960,0.9890572
730961,0.96872425
730962,0.6222184
730963,0.89490867
730964,0.9754838
730965,0.0018059572
730966,0.822917
730967,0.01603817
730968,0.98815465
730969,0.9890816
730970,0.0015632301
730971,0.07777933
730972,0.002223501
730973,0.8026831
730974,0.5587581
730975,0.0054545784
730976,0.9825271
730977,0.9633773
730978,0.20719391
730979,0.027494866
730980,0.050704196
730981,0.06440671
730982,0.73254836
730983,0.99009734
730984,0.35229784
730985,0.99121755
730986,0.9431062
730987,0.71596533
730988,0.9692975
730989,0.019595608
730990,0.093384825
730991,0.4124141
730992,0.9959493
730993,0.657083
730994,0.9900058
730995,0.050049532
730996,0.0075715166
730997,0.19738841
730998,0.14664467
730999,0.011235426
731000,0.0995044
731001,0.8319171
731002,0.08450858
731003,0.068808645
731004,0.8646713
731005,0.86398745
731006,0.6250737
731007,0.9284681
731008,0.2507674
731009,0.023451455
731010,0.9860254
731011,0.5402996
731012,0.06935747
731013,0.8991728
731014,0.574759
731015,0.019894037
731016,0.01851213
731017,0.9473574
731018,0.86814916
731019,0.9948455
731020,0.79169685
731021,0.9897816
731022,0.029218134
731023,0.9981854
731024,0.85449076
731025,0.0071867425
731026,0.5898424
731027,0.009112047
731028,0.2882979
731029,0.0022334051
731030,0.96271855
731031,0.006602672
731032,0.02091997
731033,0.006418559
731034,0.021853732
731035,0.05824137
731036,0.98679805
731037,0.76226854
731038,0.53271663
731039,0.06433764
731040,0.9991817
731041,0.018308505
731042,0.011287801
731043,0.99875987
731044,0.94467866
731045,0.9583906
731046,0.027322888
731047,0.9889758
731048,0.9764883
731049,0.36351237
731050,0.014838993
731051,0.88992363
731052,0.010189603
731053,0.5230579
731054,0.40782708
731055,0.075888105
731056,0.9757109
731057,0.14801219
731058,0.8649201
731059,0.9881452
731060,0.99342096
731061,0.02443377
731062,0.2904049
731063,0.7567656
731064,0.29665968
731065,0.012887375
731066,0.014330554
731067,0.9158126
731068,0.116313234
731069,0.3678467
731070,0.022606399
731071,0.071017615
731072,0.9534543
731073,0.03796304
731074,0.050112434
731075,0.017757703
731076,0.28873047
731077,0.16843931
731078,0.8815392
731079,0.007865761
731080,0.7126459
731081,0.109972335
731082,0.014846753
731083,0.97620803
731084,0.16827999
731085,0.99914086
731086,0.6828899
731087,0.014102735
731088,0.011039142
731089,0.9144013
731090,0.08553542
731091,0.9318066
731092,0.33726054
731093,0.87076753
731094,0.99034595
731095,0.0043368842
731096,0.011802772
731097,0.014354141
731098,0.72198963
731099,0.99528164
731100,0.017037027
731101,0.273377
731102,0.99630725
731103,0.015107638
731104,0.43083128
731105,0.96798396
731106,0.008840013
731107,0.35651344
731108,0.040257934
731109,0.9201333
731110,0.014122825
731111,0.26222232
731112,0.97017014
731113,0.94804364
731114,0.025524978
731115,0.017327499
731116,0.003273482
731117,0.0039452296
731118,0.27657622
731119,0.92872745
731120,0.96118563
731121,0.03330888
731122,0.050295085
731123,0.0065634553
731124,0.99636954
731125,0.30497944
731126,0.93621355
731127,0.99193084
731128,0.4408088
731129,0.96948695
731130,0.6810974
731131,0.024818279
731132,0.2867794
731133,0.0023003642
731134,0.573951
731135,0.43919492
731136,0.078968965
731137,0.04162274
731138,0.4429991
731139,0.99460053
731140,0.047016073
731141,0.72391784
731142,0.98754114
731143,0.429743
731144,0.99050176
731145,0.05438567
731146,0.4066111
731147,0.57124704
731148,0.7160613
731149,0.537153
731150,0.927192
731151,0.00973228
731152,0.9877574
731153,0.024583422
731154,0.9160367
731155,0.025959413
731156,0.23875022
731157,0.032055337
731158,0.14940046
731159,0.017852547
731160,0.085530505
731161,0.9814036
731162,0.010665903
731163,0.99699545
731164,0.95348144
731165,0.008454676
731166,0.32348323
731167,0.9175979
731168,0.6049838
731169,0.025606425
731170,0.5093595
731171,0.05400723
731172,0.93638533
731173,0.9658256
731174,0.0040468033
731175,0.8424667
731176,0.017738424
731177,0.13232237
731178,0.6743546
731179,0.75069624
731180,0.022429435
731181,0.07489969
731182,0.26756
731183,0.04743963
731184,0.8570294
731185,0.9928932
731186,0.066318035
731187,0.09835595
731188,0.92445505
731189,0.98677707
731190,0.020072049
731191,0.99956834
731192,0.5682337
731193,0.056226525
731194,0.9760803
731195,0.22325096
731196,0.9982023
731197,0.8387811
731198,0.10970586
731199,0.030683383
731200,0.242549
731201,0.0002820448
731202,0.9924909
731203,0.12240125
731204,0.009602083
731205,0.083259314
731206,0.8624082
731207,0.014493293
731208,0.3500179
731209,0.08923918
731210,0.5673143
731211,0.33220795
731212,0.006685239
731213,0.17583062
731214,0.0414401
731215,0.006737001
731216,0.9974015
731217,0.011289654
731218,0.27633083
731219,0.0067555103
731220,0.09601801
731221,0.041168295
731222,0.055076182
731223,0.0006367543
731224,0.29578555
731225,0.6379984
731226,0.7773412
731227,0.018571572
731228,0.035417326
731229,0.9528806
731230,0.99812186
731231,0.4563407
731232,0.26970106
731233,0.99191344
731234,0.62880135
731235,0.088599265
731236,0.42371517
731237,0.9094698
731238,0.7546787
731239,0.6622783
731240,0.009391319
731241,0.24525033
731242,0.9238991
731243,0.72520953
731244,0.0418628
731245,0.06349605
731246,0.08213367
731247,0.9923477
731248,0.35393816
731249,0.11845949
731250,0.9767872
731251,0.014775084
731252,0.9871411
731253,0.076981224
731254,0.011650519
731255,0.10794346
731256,0.0658478
731257,0.96795017
731258,0.50598276
731259,0.07403007
731260,0.24713193
731261,0.7804816
731262,0.13496932
731263,0.9931642
731264,0.2972311
731265,0.94839793
731266,0.85696656
731267,0.3572886
731268,0.99775136
731269,0.17612107
731270,0.01711594
731271,0.9808126
731272,0.006702832
731273,0.99742484
731274,0.1738227
731275,0.03299533
731276,0.994052
731277,0.65911037
731278,0.31120852
731279,0.7720877
731280,0.95519286
731281,0.15181041
731282,0.013807564
731283,0.013898231
731284,0.00702097
731285,0.9866009
731286,0.008385299
731287,0.062181503
731288,0.04057593
731289,0.01481558
731290,0.84462273
731291,0.4302613
731292,0.9789819
731293,0.049752824
731294,0.23978674
731295,0.013924766
731296,0.25098607
731297,0.036319483
731298,0.053734552
731299,0.88357806
731300,0.046270072
731301,0.4683163
731302,0.009153962
731303,0.58561534
731304,0.10380525
731305,0.04126585
731306,0.19508909
731307,0.6225008
731308,0.99593663
731309,0.9925494
731310,0.8601359
731311,0.9795642
731312,0.004999516
731313,0.737242
731314,0.12189585
731315,0.020301254
731316,0.9895267
731317,0.90977985
731318,0.06390527
731319,0.15052208
731320,0.6179158
731321,0.947466
731322,0.1445679
731323,0.9066117
731324,0.7247744
731325,0.5478142
731326,0.011906976
731327,0.97746754
731328,0.96742374
731329,0.9639872
731330,0.42123374
731331,0.4837958
731332,0.028066646
731333,0.13606173
731334,0.97223455
731335,0.9920334
731336,0.018006457
731337,0.9741972
731338,0.1027457
731339,0.027244642
731340,0.018600168
731341,0.40937912
731342,0.1305203
731343,0.91774076
731344,0.020507649
731345,0.3839227
731346,0.5154447
731347,0.88699526
731348,0.03817032
731349,0.98407567
731350,0.0027678024
731351,0.019291513
731352,0.9832003
731353,0.007808782
731354,0.9984791
731355,0.9948245
731356,0.10148788
731357,0.03622002
731358,0.99364036
731359,0.022665065
731360,0.85035384
731361,0.15925862
731362,0.42551014
731363,0.017832253
731364,0.56169105
731365,0.9932578
731366,0.26790154
731367,0.020589419
731368,0.0034612925
731369,0.9855628
731370,0.6152745
731371,0.97953933
731372,0.0037424753
731373,0.95512605
731374,0.21664652
731375,0.009026652
731376,0.1718508
731377,0.973744
731378,0.022968113
731379,0.50133014
731380,0.107183084
731381,0.10202435
731382,0.98891115
731383,0.0134578645
731384,0.0068290774
731385,0.99625045
731386,0.699342
731387,0.7354094
731388,0.28129828
731389,0.019745575
731390,0.2280289
731391,0.98593783
731392,0.011687412
731393,0.007996507
731394,0.064775415
731395,0.99859023
731396,0.055703428
731397,0.95450157
731398,0.5172562
731399,0.987401
731400,0.8492532
731401,0.8988192
731402,0.12930712
731403,0.3359445
731404,0.966639
731405,0.9861129
731406,0.18866993
731407,0.04553989
731408,0.69284713
731409,0.09347158
731410,0.5144876
731411,0.07466963
731412,0.9971693
731413,0.053366326
731414,0.0055453386
731415,0.99296653
731416,0.92304367
731417,0.99705565
731418,0.62986434
731419,0.39500096
731420,0.1771864
731421,0.85561085
731422,0.043483265
731423,0.006158867
731424,0.9923424
731425,0.99305785
731426,0.71446246
731427,0.014264101
731428,0.9519603
731429,0.009742928
731430,0.34978336
731431,0.32992813
731432,0.018873809
731433,0.38332778
731434,0.0076320064
731435,0.32666916
731436,0.2107284
731437,0.25604752
731438,0.005324069
731439,0.007167258
731440,0.52556634
731441,0.08165098
731442,0.5464947
731443,0.13182203
731444,0.17625394
731445,0.73336595
731446,0.005410547
731447,0.71583855
731448,0.1925123
731449,0.7313238
731450,0.6755619
731451,0.9509028
731452,0.10242966
731453,0.45823812
731454,0.045142613
731455,0.01671189
731456,0.7166636
731457,0.0026389891
731458,0.7169906
731459,0.8792582
731460,0.29262018
731461,0.15241972
731462,0.04868859
731463,0.64420044
731464,0.80222476
731465,0.89229006
731466,0.009141834
731467,0.20929132
731468,0.2319019
731469,0.04229158
731470,0.36383557
731471,0.34904173
731472,0.97382957
731473,0.27023196
731474,0.019105978
731475,0.9966743
731476,0.06238783
731477,0.9869107
731478,0.98260444
731479,0.98658395
731480,0.20164655
731481,0.032024823
731482,0.005988482
731483,0.99751556
731484,0.31381938
731485,0.0156184975
731486,0.008835025
731487,0.85479844
731488,0.18222377
731489,0.9801737
731490,0.3281151
731491,0.04393948
731492,0.00342433
731493,0.97195774
731494,0.9503717
731495,0.2893512
731496,0.99524057
731497,0.008039887
731498,0.43659964
731499,0.03160528
731500,0.15679412
731501,0.99921614
731502,0.99565244
731503,0.007080172
731504,0.07655065
731505,0.69983035
731506,0.6408356
731507,0.7510527
731508,0.029273009
731509,0.39483404
731510,0.97729814
731511,0.9891138
731512,0.032308336
731513,0.5919557
731514,0.2558305
731515,0.98905635
731516,0.06759434
731517,0.99102545
731518,0.6811085
731519,0.9859171
731520,0.8853259
731521,0.15832976
731522,0.85083246
731523,0.8931285
731524,0.9848622
731525,0.020859532
731526,0.072196424
731527,0.0830363
731528,0.6496081
731529,0.9672545
731530,0.06856227
731531,0.0010646323
731532,0.0025940398
731533,0.13933617
731534,0.0132432785
731535,0.04921796
731536,0.069164656
731537,0.4235806
731538,0.03257869
731539,0.30082804
731540,0.07075757
731541,0.96020365
731542,0.99610245
731543,0.017743357
731544,0.003018882
731545,0.97931296
731546,0.9599207
731547,0.9955057
731548,0.90624315
731549,0.980165
731550,0.122384205
731551,0.010771278
731552,0.9947298
731553,0.14349687
731554,0.025669679
731555,0.9549592
731556,0.92631996
731557,0.048790894
731558,0.022658946
731559,0.9717338
731560,0.9841333
731561,0.7306855
731562,0.009767657
731563,0.013644805
731564,0.2810628
731565,0.8985016
731566,0.009612194
731567,0.38975263
731568,0.34449863
731569,0.0030801205
731570,0.93921626
731571,0.055065118
731572,0.3557431
731573,0.97288454
731574,0.9882445
731575,0.66693383
731576,0.0272545
731577,0.9978893
731578,0.39947984
731579,0.99020046
731580,0.82804555
731581,0.6249361
731582,0.058587555
731583,0.9660495
731584,0.9549709
731585,0.9143169
731586,0.014759017
731587,0.1410363
731588,0.0646753
731589,0.8498682
731590,0.7772957
731591,0.96829516
731592,0.018510703
731593,0.61018956
731594,0.3529312
731595,0.036753964
731596,0.9342806
731597,0.9600408
731598,0.9421168
731599,0.9152322
731600,0.9738191
731601,0.020853832
731602,0.10435878
731603,0.32498685
731604,0.7781178
731605,0.8570684
731606,0.91845804
731607,0.9880193
731608,0.96291244
731609,0.946615
731610,0.74716747
731611,0.14760844
731612,0.07513185
731613,0.5218283
731614,0.90880674
731615,0.01448573
731616,0.5181495
731617,0.9964592
731618,0.8556635
731619,0.65952784
731620,0.503082
731621,0.9348852
731622,0.19670779
731623,0.39404714
731624,0.9959372
731625,0.023111014
731626,0.9792743
731627,0.03444427
731628,0.8054854
731629,0.87680155
731630,0.5518678
731631,0.9920308
731632,0.040223006
731633,0.17126042
731634,0.6205835
731635,0.020115297
731636,0.21145992
731637,0.8693406
731638,0.03606318
731639,0.6468623
731640,0.01919032
731641,0.9943898
731642,0.97240424
731643,0.9683976
731644,0.98020136
731645,0.97233343
731646,0.07227695
731647,0.18414122
731648,0.3923691
731649,0.8117106
731650,0.9740735
731651,0.104454376
731652,0.038902264
731653,0.5449401
731654,0.1259879
731655,0.008270829
731656,0.034951136
731657,0.03845215
731658,0.028425366
731659,0.7079608
731660,0.16252331
731661,0.15101334
731662,0.62878335
731663,0.0816786
731664,0.814981
731665,0.017345699
731666,0.9764956
731667,0.008352903
731668,0.12175272
731669,0.0671307
731670,0.20895804
731671,0.719612
731672,0.33401546
731673,0.09115742
731674,0.23949634
731675,0.12540564
731676,0.19414735
731677,0.48122144
731678,0.1818868
731679,0.36091202
731680,0.04541389
731681,0.045040146
731682,0.0009359793
731683,0.69074845
731684,0.9955682
731685,0.1748972
731686,0.058598526
731687,0.96485984
731688,0.008710167
731689,0.76875407
731690,0.106955655
731691,0.37200344
731692,0.1901967
731693,0.04748902
731694,0.46745905
731695,0.9897015
731696,0.9572618
731697,0.93452466
731698,0.72865057
731699,0.86821544
731700,0.058786906
731701,0.8140373
731702,0.011789823
731703,0.9481931
731704,0.7989966
731705,0.90365416
731706,0.9895143
731707,0.96619505
731708,0.28258598
731709,0.6574444
731710,0.7370928
731711,0.03750937
731712,0.046200864
731713,0.91098905
731714,0.99607056
731715,0.97079253
731716,0.9717735
731717,0.0069131902
731718,0.06909685
731719,0.7606054
731720,0.9980829
731721,0.8823875
731722,0.12930048
731723,0.0455629
731724,0.009075304
731725,0.9833424
731726,0.0163096
731727,0.93071544
731728,0.57523835
731729,0.12570551
731730,0.4029328
731731,0.022370243
731732,0.0367827
731733,0.5719838
731734,0.025310006
731735,0.05896406
731736,0.048649512
731737,0.9749013
731738,0.54978585
731739,0.94248223
731740,0.83878475
731741,0.09199482
731742,0.006539182
731743,0.671061
731744,0.035519216
731745,0.024652038
731746,0.118020356
731747,0.011016359
731748,0.30728984
731749,0.98030174
731750,0.8754564
731751,0.997919
731752,0.34247637
731753,0.08079932
731754,0.024671294
731755,0.013224301
731756,0.08444522
731757,0.36910403
731758,0.04209395
731759,0.91093564
731760,0.99825495
731761,0.22983041
731762,0.031829312
731763,0.6473061
731764,0.99415404
731765,0.1177957
731766,0.049543113
731767,0.97235376
731768,0.006590048
731769,0.06823732
731770,0.018004451
731771,0.6385311
731772,0.04306353
731773,0.063239306
731774,0.50079066
731775,0.9972806
731776,0.0115470365
731777,0.08370302
731778,0.013200792
731779,0.0044000433
731780,0.9302082
731781,0.08985982
731782,0.045287546
731783,0.15431552
731784,0.93629754
731785,0.036245067
731786,0.97776747
731787,0.987926
731788,0.005263253
731789,0.10435366
731790,0.021820243
731791,0.011942357
731792,0.03684611
731793,0.037682407
731794,0.99396324
731795,0.85283184
731796,0.2578866
731797,0.657482
731798,0.9978146
731799,0.0043674335
731800,0.0039500915
731801,0.71402997
731802,0.99946904
731803,0.009086098
731804,0.016163284
731805,0.9749807
731806,0.01710519
731807,0.6306993
731808,0.0017911599
731809,0.58393055
731810,0.025874872
731811,0.99432826
731812,0.11025803
731813,0.4484468
731814,0.99053454
731815,0.03947699
731816,0.999217
731817,0.30849695
731818,0.50243837
731819,0.0046209698
731820,0.031972684
731821,0.9873411
731822,0.04301613
731823,0.028587814
731824,0.025425313
731825,0.06913392
731826,0.9926632
731827,0.08743316
731828,0.034678843
731829,0.37643945
731830,0.35774535
731831,0.0038669892
731832,0.15843856
731833,0.08815658
731834,0.9874212
731835,0.0152201895
731836,0.07545087
731837,0.05775351
731838,0.018779192
731839,0.9685128
731840,0.98940426
731841,0.9902406
731842,0.47998166
731843,0.9873444
731844,0.9451231
731845,0.6284157
731846,0.5104127
731847,0.9961163
731848,0.2821949
731849,0.95256656
731850,0.030278377
731851,0.009733206
731852,0.005126998
731853,0.056748673
731854,0.0668663
731855,0.019719888
731856,0.012911002
731857,0.014522451
731858,0.0831971
731859,0.0012680787
731860,0.853914
731861,0.0031480233
731862,0.017363407
731863,0.15474837
731864,0.8155433
731865,0.0062583215
731866,0.9207361
731867,0.88425857
731868,0.95416856
731869,0.94605184
731870,0.018458132
731871,0.052578874
731872,0.044790402
731873,0.9972399
731874,0.017001731
731875,0.07198633
731876,0.76526934
731877,0.1062779
731878,0.99127364
731879,0.9499589
731880,0.9383014
731881,0.7892702
731882,0.07759541
731883,0.021550888
731884,0.49030438
731885,0.018046604
731886,0.025862275
731887,0.005795163
731888,0.02421332
731889,0.010748969
731890,0.98379123
731891,0.012166153
731892,0.019213429
731893,0.73506886
731894,0.9806545
731895,0.32244843
731896,0.97195965
731897,0.43745515
731898,0.8901421
731899,0.14202616
731900,0.042525094
731901,0.26435697
731902,0.80668217
731903,0.9908738
731904,0.97171867
731905,0.9711961
731906,0.015640227
731907,0.83470213
731908,0.012697794
731909,0.084146395
731910,0.29946345
731911,0.9709254
731912,0.99241984
731913,0.27298352
731914,0.0091704745
731915,0.99843675
731916,0.97318375
731917,0.3528955
731918,0.99737936
731919,0.006185744
731920,0.98963475
731921,0.995505
731922,0.9033513
731923,0.0033534672
731924,0.009554302
731925,0.96608853
731926,0.98749065
731927,0.96110165
731928,0.007489659
731929,0.18343204
731930,0.747863
731931,0.740207
731932,0.031069757
731933,0.28676242
731934,0.005100506
731935,0.11770172
731936,0.98391366
731937,0.99868053
731938,0.99541956
731939,0.100170165
731940,0.052602965
731941,0.015601631
731942,0.95910347
731943,0.08736577
731944,0.96303403
731945,0.01339633
731946,0.035739522
731947,0.99391454
731948,0.41760138
731949,0.99720883
731950,0.81763685
731951,0.013886859
731952,0.9865358
731953,0.6660087
731954,0.0042870566
731955,0.01045683
731956,0.020341482
731957,0.026639339
731958,0.841781
731959,0.99841374
731960,0.068694636
731961,0.99556816
731962,0.9388
731963,0.6147163
731964,0.091912694
731965,0.9835693
731966,0.20290372
731967,0.06400735
731968,0.9633123
731969,0.085234664
731970,0.07350536
731971,0.9841782
731972,0.87916225
731973,0.99271655
731974,0.00681376
731975,0.9969027
731976,0.014369175
731977,0.6117016
731978,0.3164659
731979,0.005547324
731980,0.01555648
731981,0.010563443
731982,0.93025035
731983,0.014446496
731984,0.0104159005
731985,0.006117548
731986,0.104332134
731987,0.27819657
731988,0.666745
731989,0.14535144
731990,0.010340802
731991,0.006510464
731992,0.93511534
731993,0.7533668
731994,0.9968597
731995,0.16674818
731996,0.013109689
731997,0.8471077
731998,0.3276167
731999,0.04355483
732000,0.053214453
732001,0.08385259
732002,0.006054825
732003,0.92800367
732004,0.6625506
732005,0.055055507
732006,0.98255897
732007,0.009839672
732008,0.32497635
732009,0.9733451
732010,0.9576231
732011,0.28891215
732012,0.34432128
732013,0.015409644
732014,0.07143414
732015,0.028726768
732016,0.7145902
732017,0.9838365
732018,0.9768445
732019,0.98445654
732020,0.028470129
732021,0.014394198
732022,0.07818858
732023,0.9973254
732024,0.84653556
732025,0.10494324
732026,0.014957922
732027,0.94546974
732028,0.9969398
732029,0.21132202
732030,0.67839783
732031,0.0060500526
732032,0.5006565
732033,0.80864036
732034,0.16278097
732035,0.6198358
732036,0.984195
732037,0.89998984
732038,0.2264359
732039,0.98124003
732040,0.68052965
732041,0.010801102
732042,0.8814894
732043,0.5874699
732044,0.71033406
732045,0.9548519
732046,0.9839209
732047,0.19696733
732048,0.9934597
732049,0.016790505
732050,0.4641443
732051,0.90846175
732052,0.26667827
732053,0.82768226
732054,0.11348039
732055,0.7612821
732056,0.9780821
732057,0.009445529
732058,0.40486634
732059,0.117539786
732060,0.961628
732061,0.01839985
732062,0.33126786
732063,0.04674096
732064,0.025858633
732065,0.027529716
732066,0.15816095
732067,0.9944179
732068,0.9966212
732069,0.14436615
732070,0.72006094
732071,0.03304056
732072,0.94698745
732073,0.9873551
732074,0.3209215
732075,0.9782117
732076,0.9769784
732077,0.9446304
732078,0.44165605
732079,0.0033658885
732080,0.05891942
732081,0.13665825
732082,0.9977062
732083,0.1685718
732084,0.3440934
732085,0.6565736
732086,0.19522122
732087,0.856253
732088,0.020058207
732089,0.9828105
732090,0.021624986
732091,0.017112019
732092,0.0056189434
732093,0.99665225
732094,0.8487896
732095,0.0061113574
732096,0.03245565
732097,0.021465953
732098,0.1798437
732099,0.13854432
732100,0.007858537
732101,0.012111575
732102,0.0055169235
732103,0.35201192
732104,0.3718726
732105,0.9851404
732106,0.02718582
732107,0.4710133
732108,0.016112333
732109,0.45672268
732110,0.9908091
732111,0.059486784
732112,0.29527926
732113,0.87475157
732114,0.003951017
732115,0.08223815
732116,0.9722321
732117,0.21126164
732118,0.7897264
732119,0.9523194
732120,0.0064952304
732121,0.3767289
732122,0.0051298905
732123,0.88429797
732124,0.6444043
732125,0.99556756
732126,0.8421904
732127,0.045996703
732128,0.005740793
732129,0.055794094
732130,0.0056456923
732131,0.02037231
732132,0.29545188
732133,0.95503175
732134,0.9654817
732135,0.8071488
732136,0.99392045
732137,0.044735774
732138,0.7362693
732139,0.0047927764
732140,0.021660319
732141,0.34257302
732142,0.88704646
732143,0.011575414
732144,0.020542845
732145,0.9978113
732146,0.050932273
732147,0.92780495
732148,0.095876575
732149,0.45700124
732150,0.3276101
732151,0.43349907
732152,0.07571137
732153,0.9898827
732154,0.6176035
732155,0.41465986
732156,0.11608766
732157,0.9644376
732158,0.59240735
732159,0.9224756
732160,0.7207436
732161,0.050273433
732162,0.01603064
732163,0.83457506
732164,0.075595155
732165,0.23752803
732166,0.07269655
732167,0.015355755
732168,0.01294876
732169,0.09025271
732170,0.016111849
732171,0.9873908
732172,0.9956156
732173,0.13038102
732174,0.19547173
732175,0.40950787
732176,0.8550203
732177,0.91767275
732178,0.52150655
732179,0.5213386
732180,0.94161177
732181,0.98275405
732182,0.01457255
732183,0.8099358
732184,0.03469901
732185,0.8371561
732186,0.019981774
732187,0.04344797
732188,0.4829278
732189,0.052130654
732190,0.53719723
732191,0.9963394
732192,0.87159604
732193,0.110632405
732194,0.0022305748
732195,0.014629579
732196,0.1265167
732197,0.08562158
732198,0.3721434
732199,0.9798974
732200,0.9739312
732201,0.9983832
732202,0.038307276
732203,0.8614264
732204,0.9931114
732205,0.998079
732206,0.9472666
732207,0.061081853
732208,0.011617579
732209,0.047453225
732210,0.09516987
732211,0.9579648
732212,0.033018854
732213,0.0020724505
732214,0.11730789
732215,0.9875096
732216,0.00478559
732217,0.0032982705
732218,0.07225553
732219,0.9915885
732220,0.95370597
732221,0.046243846
732222,0.01841726
732223,0.007347892
732224,0.3540092
732225,0.9335947
732226,0.9179958
732227,0.072110295
732228,0.9553499
732229,0.044891782
732230,0.00796934
732231,0.9986049
732232,0.055603206
732233,0.024029419
732234,0.0067910384
732235,0.903953
732236,0.03430625
732237,0.008141709
732238,0.007980685
732239,0.045120306
732240,0.98602116
732241,0.01307063
732242,0.008055287
732243,0.25880444
732244,0.19974485
732245,0.016819306
732246,0.014086008
732247,0.052374423
732248,0.7125777
732249,0.8028684
732250,0.009689335
732251,0.0054382216
732252,0.45912093
732253,0.20721132
732254,0.0042152703
732255,0.1306758
732256,0.032491706
732257,0.3937736
732258,0.002220246
732259,0.020124951
732260,0.0044799247
732261,0.6711742
732262,0.6069618
732263,0.031157639
732264,0.960827
732265,0.21545453
732266,0.049004234
732267,0.0823991
732268,0.2586816
732269,0.9871002
732270,0.96425796
732271,0.9061923
732272,0.047514
732273,0.2457439
732274,0.029114323
732275,0.44481722
732276,0.009673562
732277,0.91322994
732278,0.0041522738
732279,0.049378417
732280,0.011474225
732281,0.0053467667
732282,0.2718235
732283,0.9966077
732284,0.013349036
732285,0.012265243
732286,0.9963626
732287,0.9236887
732288,0.9068819
732289,0.011123276
732290,0.038544293
732291,0.9760565
732292,0.14225136
732293,0.596395
732294,0.036427736
732295,0.97857255
732296,0.9749259
732297,0.990245
732298,0.69980776
732299,0.79517215
732300,0.03743969
732301,0.065890916
732302,0.9906632
732303,0.2572316
732304,0.016024867
732305,0.9881161
732306,0.01313749
732307,0.8791039
732308,0.9379895
732309,0.11823458
732310,0.21280488
732311,0.030074107
732312,0.0085839
732313,0.014051154
732314,0.021976655
732315,0.024132928
732316,0.0076122535
732317,0.34594843
732318,0.014518542
732319,0.99420285
732320,0.83377934
732321,0.02578461
732322,0.07035898
732323,0.01089506
732324,0.7848182
732325,0.6660267
732326,0.022857174
732327,0.008220954
732328,0.99853885
732329,0.07692391
732330,0.028425414
732331,0.21060252
732332,0.2080814
732333,0.99347633
732334,0.99573314
732335,0.98930377
732336,0.923543
732337,0.040405348
732338,0.8268055
732339,0.88887084
732340,0.08807337
732341,0.03394717
732342,0.0034732576
732343,0.9958453
732344,0.032417476
732345,0.0188394
732346,0.8512759
732347,0.8024311
732348,0.8861136
732349,0.84384394
732350,0.030975146
732351,0.05837276
732352,0.6892593
732353,0.955727
732354,0.99795693
732355,0.7864752
732356,0.010947217
732357,0.8924266
732358,0.057141148
732359,0.115236215
732360,0.009933866
732361,0.20436311
732362,0.085362785
732363,0.004436853
732364,0.9763189
732365,0.93551
732366,0.40314844
732367,0.032502078
732368,0.023915477
732369,0.0151864635
732370,0.022746185
732371,0.13461405
732372,0.96095777
732373,0.35200378
732374,0.96537125
732375,0.0053757937
732376,0.93616533
732377,0.6201554
732378,0.16615468
732379,0.031246092
732380,0.9859077
732381,0.1480224
732382,0.810598
732383,0.3423068
732384,0.05743407
732385,0.96052116
732386,0.7110837
732387,0.7004742
732388,0.9705825
732389,0.054838367
732390,0.9551835
732391,0.07671082
732392,0.49600777
732393,0.97407556
732394,0.8793559
732395,0.8036577
732396,0.08858351
732397,0.9918343
732398,0.11728597
732399,0.39664093
732400,0.0045550647
732401,0.9977205
732402,0.3351332
732403,0.99930316
732404,0.9657867
732405,0.13306971
732406,0.9852931
732407,0.015185049
732408,0.92315584
732409,0.3043589
732410,0.008602064
732411,0.99457765
732412,0.04884314
732413,0.05296065
732414,0.011232324
732415,0.05602098
732416,0.032519363
732417,0.022574566
732418,0.026679283
732419,0.6690868
732420,0.023880053
732421,0.98544973
732422,0.007188169
732423,0.98064286
732424,0.0020058025
732425,0.8168289
732426,0.004100732
732427,0.70466435
732428,0.04290905
732429,0.0325402
732430,0.029549424
732431,0.70621413
732432,0.9210549
732433,0.9203952
732434,0.9845973
732435,0.0077764746
732436,0.0051142043
732437,0.26844278
732438,0.0057291677
732439,0.9901297
732440,0.0069860173
732441,0.02684229
732442,0.045265704
732443,0.29509658
732444,0.023552597
732445,0.004917262
732446,0.99933034
732447,0.9961144
732448,0.042136542
732449,0.017345248
732450,0.012427418
732451,0.5761106
732452,0.028983124
732453,0.58653384
732454,0.028098524
732455,0.77003896
732456,0.2999165
732457,0.8487735
732458,0.8313363
732459,0.85225034
732460,0.031762443
732461,0.9955345
732462,0.07785709
732463,0.057138316
732464,0.9821907
732465,0.059713084
732466,0.046830434
732467,0.9963679
732468,0.6490492
732469,0.0070157493
732470,0.097326174
732471,0.10108267
732472,0.9475509
732473,0.9871785
732474,0.2814625
732475,0.9657133
732476,0.23943432
732477,0.98377675
732478,0.0023236373
732479,0.89721704
732480,0.8643789
732481,0.7182503
732482,0.9545026
732483,0.96582186
732484,0.98623323
732485,0.11534847
732486,0.020985797
732487,0.041659854
732488,0.9960641
732489,0.1638594
732490,0.18330896
732491,0.87918305
732492,0.39680868
732493,0.403515
732494,0.8635529
732495,0.8087548
732496,0.85448086
732497,0.03052853
732498,0.7853765
732499,0.9907963
732500,0.72784054
732501,0.22065209
732502,0.99938405
732503,0.9959936
732504,0.56498635
732505,0.00065060216
732506,0.29107118
732507,0.019411065
732508,0.8298551
732509,0.021501444
732510,0.97797096
732511,0.09617342
732512,0.82217884
732513,0.026392851
732514,0.010766835
732515,0.8835054
732516,0.05392332
732517,0.97100395
732518,0.024343874
732519,0.024382735
732520,0.8839804
732521,0.03757455
732522,0.17774583
732523,0.0036263731
732524,0.4140367
732525,0.022527931
732526,0.07380241
732527,0.101209834
732528,0.016826943
732529,0.021644477
732530,0.79004526
732531,0.32394826
732532,0.02080061
732533,0.028972272
732534,0.006065868
732535,0.1996998
732536,0.037430726
732537,0.4329753
732538,0.22923385
732539,0.7202909
732540,0.22179836
732541,0.007927034
732542,0.98342764
732543,0.98809564
732544,0.0391644
732545,0.8528891
732546,0.009502287
732547,0.7968056
732548,0.0062910505
732549,0.8870585
732550,0.9502554
732551,0.034990907
732552,0.04558744
732553,0.9969899
732554,0.050457664
732555,0.17736356
732556,0.93988025
732557,0.98777616
732558,0.021403888
732559,0.01729163
732560,0.04880262
732561,0.011219462
732562,0.027703084
732563,0.4055242
732564,0.99330366
732565,0.9809313
732566,0.10312859
732567,0.972809
732568,0.20832574
732569,0.042467922
732570,0.99637634
732571,0.99521476
732572,0.48570737
732573,0.05255532
732574,0.9936134
732575,0.98207915
732576,0.89656156
732577,0.029376926
732578,0.92195237
732579,0.9237092
732580,0.003507723
732581,0.96409804
732582,0.4629459
732583,0.010571482
732584,0.40820068
732585,0.11163654
732586,0.03382849
732587,0.039180145
732588,0.064369634
732589,0.9595208
732590,0.046362244
732591,0.062255763
732592,0.17437494
732593,0.97219425
732594,0.06529441
732595,0.56496775
732596,0.013658486
732597,0.012906737
732598,0.0037298196
732599,0.7116565
732600,0.017998869
732601,0.955845
732602,0.06727087
732603,0.9887074
732604,0.97542447
732605,0.96476096
732606,0.94205785
732607,0.011464222
732608,0.96842146
732609,0.48438075
732610,0.05542867
732611,0.94528073
732612,0.23449534
732613,0.89739984
732614,0.009713553
732615,0.99091125
732616,0.0044112606
732617,0.2278084
732618,0.52730954
732619,0.56019723
732620,0.0067928233
732621,0.07941784
732622,0.9902838
732623,0.3607228
732624,0.015012922
732625,0.9390531
732626,0.1002048
732627,0.76719326
732628,0.77264994
732629,0.9940723
732630,0.027170658
732631,0.472073
732632,0.92054254
732633,0.9529768
732634,0.15666617
732635,0.3718152
732636,0.6054903
732637,0.98698455
732638,0.011167261
732639,0.01150029
732640,0.53785187
732641,0.015183286
732642,0.94754106
732643,0.0872222
732644,0.015124858
732645,0.065478146
732646,0.95667833
732647,0.010327957
732648,0.0101305125
732649,0.08541304
732650,0.99525166
732651,0.02516649
732652,0.0067786304
732653,0.18079631
732654,0.18363617
732655,0.13410524
732656,0.010850937
732657,0.9977943
732658,0.045744836
732659,0.020085905
732660,0.053141486
732661,0.95510167
732662,0.80749273
732663,0.020927472
732664,0.026125953
732665,0.03606559
732666,0.09863511
732667,0.9977094
732668,0.9430089
732669,0.9947694
732670,0.03802391
732671,0.0062044207
732672,0.10315809
732673,0.715271
732674,0.8172823
732675,0.7946086
732676,0.06677605
732677,0.12145823
732678,0.9719963
732679,0.10600907
732680,0.4119081
732681,0.9876211
732682,0.09751754
732683,0.19665383
732684,0.9915621
732685,0.9849164
732686,0.28963622
732687,0.7109701
732688,0.29766142
732689,0.08160124
732690,0.052410003
732691,0.9806573
732692,0.2763803
732693,0.9173856
732694,0.35177323
732695,0.98425555
732696,0.9806209
732697,0.4840852
732698,0.057235457
732699,0.013714437
732700,0.061780095
732701,0.9951925
732702,0.013888207
732703,0.93236935
732704,0.9590562
732705,0.31191167
732706,0.39076224
732707,0.030023498
732708,0.47607583
732709,0.14661562
732710,0.006856715
732711,0.014997484
732712,0.98569626
732713,0.0442785
732714,0.9891574
732715,0.011421723
732716,0.99043226
732717,0.47064513
732718,0.009134119
732719,0.8279094
732720,0.9459397
732721,0.9878325
732722,0.020097673
732723,0.9943011
732724,0.9913754
732725,0.9744436
732726,0.2698558
732727,0.08101402
732728,0.05480235
732729,0.97458804
732730,0.95910233
732731,0.9628862
732732,0.16593935
732733,0.99842745
732734,0.9831832
732735,0.050324634
732736,0.1418541
732737,0.95875597
732738,0.006846992
732739,0.9925548
732740,0.99087846
732741,0.37203568
732742,0.04032398
732743,0.013831653
732744,0.8789376
732745,0.023291534
732746,0.052169032
732747,0.007615882
732748,0.98031807
732749,0.588429
732750,0.08646281
732751,0.7828417
732752,0.8282552
732753,0.9987258
732754,0.014218941
732755,0.790969
732756,0.9988004
732757,0.74658394
732758,0.075436324
732759,0.01100284
732760,0.26274484
732761,0.029716372
732762,0.9891029
732763,0.6602267
732764,0.0159476
732765,0.997502
732766,0.88097155
732767,0.09004276
732768,0.04828792
732769,0.98240024
732770,0.009355087
732771,0.8429827
732772,0.24366593
732773,0.033911627
732774,0.01414133
732775,0.5092069
732776,0.04311786
732777,0.16388395
732778,0.6213438
732779,0.010274969
732780,0.014263118
732781,0.11288836
732782,0.9804736
732783,0.5630225
732784,0.99204296
732785,0.256548
732786,0.0548532
732787,0.93390787
732788,0.03617187
732789,0.9825845
732790,0.9992397
732791,0.9784249
732792,0.018877588
732793,0.04437139
732794,0.9387665
732795,0.15593259
732796,0.9890084
732797,0.47570533
732798,0.9924867
732799,0.9805087
732800,0.68695664
732801,0.9186394
732802,0.98476523
732803,0.96670234
732804,0.7905304
732805,0.06894109
732806,0.40708828
732807,0.02145008
732808,0.011351315
732809,0.020443559
732810,0.18370038
732811,0.9951873
732812,0.05545519
732813,0.94069743
732814,0.9129192
732815,0.047243882
732816,0.52335286
732817,0.12629811
732818,0.7058789
732819,0.015263035
732820,0.6913675
732821,0.99368227
732822,0.98037016
732823,0.41766238
732824,0.9922738
732825,0.99925286
732826,0.9917831
732827,0.02467534
732828,0.9564747
732829,0.7726424
732830,0.4229738
732831,0.013538511
732832,0.5157232
732833,0.0056679067
732834,0.021340622
732835,0.6414226
732836,0.024574548
732837,0.013106504
732838,0.07557501
732839,0.9755655
732840,0.2944767
732841,0.9984041
732842,0.20461959
732843,0.06817397
732844,0.5266572
732845,0.055067345
732846,0.2560898
732847,0.0367074
732848,0.006722337
732849,0.65811586
732850,0.06545054
732851,0.01603712
732852,0.6584379
732853,0.74358517
732854,0.31486785
732855,0.024187986
732856,0.6692641
732857,0.97890186
732858,0.97535247
732859,0.791154
732860,0.9833653
732861,0.9943117
732862,0.018968971
732863,0.6468421
732864,0.14553869
732865,0.08060527
732866,0.9850066
732867,0.91804844
732868,0.95864296
732869,0.040715132
732870,0.82450664
732871,0.0097823255
732872,0.89154047
732873,0.093311206
732874,0.02130469
732875,0.99835604
732876,0.015213218
732877,0.008787839
732878,0.46627215
732879,0.08195655
732880,0.03175169
732881,0.7963076
732882,0.8480202
732883,0.0066896062
732884,0.5298212
732885,0.18992576
732886,0.9961321
732887,0.047010567
732888,0.9975192
732889,0.2261955
732890,0.013582237
732891,0.3575251
732892,0.03378147
732893,0.88622975
732894,0.09812614
732895,0.24508414
732896,0.053456843
732897,0.9821891
732898,0.015342773
732899,0.6312158
732900,0.9317381
732901,0.08103831
732902,0.036042966
732903,0.14051859
732904,0.20326057
732905,0.0046492675
732906,0.03748301
732907,0.118980065
732908,0.020780291
732909,0.06563087
732910,0.0989044
732911,0.8629732
732912,0.038845327
732913,0.77641284
732914,0.0045019016
732915,0.92302793
732916,0.002195029
732917,0.06652564
732918,0.9683994
732919,0.025833754
732920,0.83343357
732921,0.5705231
732922,0.9932796
732923,0.23969662
732924,0.13467571
732925,0.9987175
732926,0.032697067
732927,0.029809274
732928,0.010735997
732929,0.1741702
732930,0.04291693
732931,0.07327026
732932,0.99886763
732933,0.030045213
732934,0.46660572
732935,0.997565
732936,0.023142414
732937,0.09906574
732938,0.9950875
732939,0.0099842455
732940,0.9711754
732941,0.9964815
732942,0.9876795
732943,0.961068
732944,0.6629407
732945,0.027531628
732946,0.5218721
732947,0.97253054
732948,0.81808144
732949,0.9953103
732950,0.35049278
732951,0.010524698
732952,0.2684291
732953,0.011413463
732954,0.0097248405
732955,0.95766354
732956,0.028608685
732957,0.9218842
732958,0.120996445
732959,0.050613873
732960,0.8093176
732961,0.9927644
732962,0.049705528
732963,0.10605385
732964,0.03266962
732965,0.4451297
732966,0.8437834
732967,0.43496868
732968,0.97316235
732969,0.15448152
732970,0.9726817
732971,0.033412684
732972,0.94680303
732973,0.039990064
732974,0.9821259
732975,0.22269176
732976,0.029778423
732977,0.19294178
732978,0.093332805
732979,0.06074602
732980,0.150309
732981,0.99597186
732982,0.28251302
732983,0.020107897
732984,0.25473446
732985,0.02484388
732986,0.2481399
732987,0.04659787
732988,0.9953077
732989,0.029592993
732990,0.033284925
732991,0.011403202
732992,0.054934084
732993,0.80609834
732994,0.1430949
732995,0.8801585
732996,0.9861126
732997,0.03200277
732998,0.34574386
732999,0.7669288
733000,0.055968687
733001,0.6566472
733002,0.9714589
733003,0.33578607
733004,0.11310589
733005,0.015636662
733006,0.20963302
733007,0.101974964
733008,0.9673827
733009,0.0023235977
733010,0.0294374
733011,0.09831698
733012,0.008127087
733013,0.9930094
733014,0.022684343
733015,0.613934
733016,0.6194061
733017,0.054424163
733018,0.9836519
733019,0.4969095
733020,0.04652254
733021,0.8373456
733022,0.9787873
733023,0.043925717
733024,0.36404383
733025,0.75454664
733026,0.010520251
733027,0.02975295
733028,0.008708986
733029,0.94286895
733030,0.103686646
733031,0.99368876
733032,0.011029653
733033,0.0028819223
733034,0.9598806
733035,0.99175763
733036,0.6341362
733037,0.020321969
733038,0.06641004
733039,0.047842436
733040,0.99826616
733041,0.98523676
733042,0.13844335
733043,0.27963892
733044,0.49150324
733045,0.99466586
733046,0.8030212
733047,0.01278632
733048,0.13295804
733049,0.95618075
733050,0.14391272
733051,0.6845289
733052,0.02561226
733053,0.665709
733054,0.7257526
733055,0.9906737
733056,0.9987894
733057,0.16693881
733058,0.050270982
733059,0.050238673
733060,0.071092516
733061,0.08353202
733062,0.017170172
733063,0.9877739
733064,0.9029453
733065,0.5406809
733066,0.993162
733067,0.8455235
733068,0.032201514
733069,0.9950054
733070,0.04895735
733071,0.008944671
733072,0.531116
733073,0.63788193
733074,0.37283283
733075,0.9790927
733076,0.99901545
733077,0.027599514
733078,0.006243569
733079,0.6099003
733080,0.9842501
733081,0.9879561
733082,0.22480643
733083,0.013786141
733084,0.013173424
733085,0.18255112
733086,0.08135187
733087,0.2048493
733088,0.7654666
733089,0.0051105744
733090,0.8516774
733091,0.76523983
733092,0.047430422
733093,0.22484699
733094,0.9688883
733095,0.0010641988
733096,0.031210836
733097,0.0081301555
733098,0.8762458
733099,0.47059387
733100,0.015809184
733101,0.48621893
733102,0.009272845
733103,0.7098632
733104,0.9988979
733105,0.008060944
733106,0.9249053
733107,0.5618381
733108,0.019190703
733109,0.5875092
733110,0.29671285
733111,0.9716238
733112,0.044363596
733113,0.05465502
733114,0.78586894
733115,0.8242588
733116,0.9982581
733117,0.1535489
733118,0.9674449
733119,0.9289029
733120,0.005057951
733121,0.91822314
733122,0.038193107
733123,0.12746787
733124,0.96373105
733125,0.9845146
733126,0.9800837
733127,0.2367389
733128,0.233288
733129,0.13331054
733130,0.92385036
733131,0.35509124
733132,0.0057355403
733133,0.9263902
733134,0.14910945
733135,0.07004173
733136,0.32986408
733137,0.95303696
733138,0.97453725
733139,0.057216
733140,0.042902566
733141,0.017595623
733142,0.51102245
733143,0.97107196
733144,0.9809222
733145,0.99273396
733146,0.34965128
733147,0.009677031
733148,0.24352029
733149,0.97722054
733150,0.0051248516
733151,0.27665272
733152,0.86585194
733153,0.98271245
733154,0.93768376
733155,0.05123406
733156,0.019638617
733157,0.01876718
733158,0.49316177
733159,0.038358275
733160,0.034820862
733161,0.54527324
733162,0.026794374
733163,0.93809175
733164,0.13123012
733165,0.9922011
733166,0.16909295
733167,0.011003421
733168,0.90983915
733169,0.5619149
733170,0.99843025
733171,0.99167347
733172,0.9885393
733173,0.996801
733174,0.59757656
733175,0.99572814
733176,0.33451885
733177,0.2135294
733178,0.8011311
733179,0.032816432
733180,0.0054231538
733181,0.015074394
733182,0.004715358
733183,0.009260485
733184,0.9701856
733185,0.94653594
733186,0.30158433
733187,0.049438715
733188,0.00781511
733189,0.27613252
733190,0.034346357
733191,0.30890784
733192,0.056198478
733193,0.47858214
733194,0.9850967
733195,0.014415822
733196,0.8335824
733197,0.99529624
733198,0.9132546
733199,0.9589168
733200,0.25819233
733201,0.052375633
733202,0.14692143
733203,0.455999
733204,0.9750656
733205,0.25857902
733206,0.9581105
733207,0.93461215
733208,0.016398093
733209,0.6903674
733210,0.6541388
733211,0.006972192
733212,0.0111767445
733213,0.43931982
733214,0.32917276
733215,0.9993026
733216,0.9084486
733217,0.08550199
733218,0.06794238
733219,0.025545616
733220,0.071296796
733221,0.8477516
733222,0.05467455
733223,0.014202564
733224,0.9943788
733225,0.67818624
733226,0.9385563
733227,0.81599957
733228,0.04958378
733229,0.17931283
733230,0.9981429
733231,0.3180339
733232,0.112379946
733233,0.800863
733234,0.021446079
733235,0.06518124
733236,0.9997804
733237,0.1013675
733238,0.96205795
733239,0.0046813507
733240,0.9918099
733241,0.01795537
733242,0.0028098752
733243,0.663451
733244,0.36615768
733245,0.82430005
733246,0.1190905
733247,0.9220872
733248,0.17815056
733249,0.79098296
733250,0.06218941
733251,0.971991
733252,0.066260606
733253,0.31543842
733254,0.97982055
733255,0.032080427
733256,0.021835735
733257,0.90071476
733258,0.019660868
733259,0.4166186
733260,0.35593724
733261,0.98157084
733262,0.649137
733263,0.13843785
733264,0.13545194
733265,0.99626404
733266,0.57627416
733267,0.04762648
733268,0.018487297
733269,0.9320439
733270,0.10140678
733271,0.050558448
733272,0.70705175
733273,0.0052255434
733274,0.006303585
733275,0.7310574
733276,0.9216559
733277,0.25533354
733278,0.30579686
733279,0.01239198
733280,0.9668632
733281,0.024829278
733282,0.4320507
733283,0.18443742
733284,0.008483176
733285,0.026922232
733286,0.0081244325
733287,0.66235656
733288,0.0392925
733289,0.040259026
733290,0.0026717437
733291,0.9812227
733292,0.20561233
733293,0.9881448
733294,0.83195084
733295,0.99699676
733296,0.011618075
733297,0.07098201
733298,0.11899568
733299,0.007960442
733300,0.39782023
733301,0.019722734
733302,0.11498524
733303,0.99432945
733304,0.88546795
733305,0.9610139
733306,0.26021516
733307,0.9841584
733308,0.16281687
733309,0.025135936
733310,0.002569551
733311,0.029828861
733312,0.9103316
733313,0.0037057104
733314,0.33461213
733315,0.12847663
733316,0.94328976
733317,0.076543964
733318,0.25411308
733319,0.039621543
733320,0.7303863
733321,0.3642788
733322,0.78197336
733323,0.9922932
733324,0.14160566
733325,0.043632217
733326,0.0090392325
733327,0.0067058573
733328,0.98824763
733329,0.98458076
733330,0.027939579
733331,0.13310778
733332,0.018089438
733333,0.0017357217
733334,0.9710679
733335,0.9425235
733336,0.0041027945
733337,0.9808891
733338,0.021134587
733339,0.0061311065
733340,0.04465687
733341,0.9510513
733342,0.9660731
733343,0.07995479
733344,0.6241473
733345,0.06811633
733346,0.1781792
733347,0.9957131
733348,0.024571639
733349,0.28597727
733350,0.27005026
733351,0.9939827
733352,0.80600065
733353,0.18890959
733354,0.06990456
733355,0.89508665
733356,0.031307235
733357,0.15976825
733358,0.0016371617
733359,0.012110328
733360,0.9826317
733361,0.0051804623
733362,0.14509666
733363,0.003295633
733364,0.3356079
733365,0.9821137
733366,0.98758906
733367,0.90656376
733368,0.26989603
733369,0.1645964
733370,0.9894381
733371,0.9415568
733372,0.20539804
733373,0.99604344
733374,0.08976666
733375,0.9986044
733376,0.110586055
733377,0.9864143
733378,0.015853766
733379,0.4888891
733380,0.9628989
733381,0.98139924
733382,0.29828072
733383,0.0070125554
733384,0.062193528
733385,0.85397756
733386,0.70487285
733387,0.8328518
733388,0.9787623
733389,0.18944766
733390,0.12700036
733391,0.95043087
733392,0.03658991
733393,0.009193046
733394,0.12053065
733395,0.095562264
733396,0.9372399
733397,0.99657804
733398,0.5331786
733399,0.002206091
733400,0.48544496
733401,0.71660054
733402,0.036186002
733403,0.6284835
733404,0.0136903655
733405,0.13193515
733406,0.6535118
733407,0.008171237
733408,0.008089789
733409,0.003548838
733410,0.08782719
733411,0.9509308
733412,0.9471725
733413,0.69579995
733414,0.17370124
733415,0.9605973
733416,0.04539436
733417,0.7551345
733418,0.92987555
733419,0.959548
733420,0.21658242
733421,0.98475957
733422,0.060970344
733423,0.98501545
733424,0.3483229
733425,0.5450175
733426,0.123554036
733427,0.845181
733428,0.99543375
733429,0.98719925
733430,0.17339495
733431,0.02392245
733432,0.027529769
733433,0.023415053
733434,0.12022398
733435,0.0014861342
733436,0.98109883
733437,0.35845953
733438,0.433016
733439,0.023844324
733440,0.98794264
733441,0.013442599
733442,0.07198991
733443,0.115008876
733444,0.03115565
733445,0.047694683
733446,0.81891084
733447,0.9201929
733448,0.99696577
733449,0.80329263
733450,0.029313516
733451,0.6600145
733452,0.9606184
733453,0.80965894
733454,0.11153533
733455,0.042271793
733456,0.7859353
733457,0.01601969
733458,0.044298187
733459,0.9693111
733460,0.5599651
733461,0.052157015
733462,0.6920512
733463,0.0072827246
733464,0.11669965
733465,0.7879547
733466,0.9713583
733467,0.89880466
733468,0.007239232
733469,0.94824696
733470,0.8952798
733471,0.025603794
733472,0.92940336
733473,0.010755475
733474,0.99855316
733475,0.29971167
733476,0.33325955
733477,0.025494983
733478,0.99645245
733479,0.008824742
733480,0.06863335
733481,0.09522684
733482,0.9915165
733483,0.134729
733484,0.98128825
733485,0.24539497
733486,0.99553835
733487,0.539694
733488,0.0241685
733489,0.040078297
733490,0.32377052
733491,0.64213395
733492,0.7544042
733493,0.9315797
733494,0.018195638
733495,0.06354255
733496,0.55131185
733497,0.28685448
733498,0.09308845
733499,0.44040406
733500,0.10359809
733501,0.28040493
733502,0.87858176
733503,0.99803966
733504,0.98078316
733505,0.9936296
733506,0.66524214
733507,0.9512423
733508,0.15648964
733509,0.0038370327
733510,0.5334813
733511,0.9867607
733512,0.88968086
733513,0.18126188
733514,0.3892133
733515,0.9857724
733516,0.015152902
733517,0.9834218
733518,0.033047974
733519,0.029509053
733520,0.0021518308
733521,0.016216476
733522,0.27126163
733523,0.14200991
733524,0.021874145
733525,0.3253671
733526,0.08141388
733527,0.9840251
733528,0.009966426
733529,0.7530177
733530,0.9095551
733531,0.014588554
733532,0.9817681
733533,0.313626
733534,0.43650314
733535,0.85988235
733536,0.5554247
733537,0.8216729
733538,0.9888818
733539,0.11579722
733540,0.020741343
733541,0.98260856
733542,0.2514969
733543,0.19451874
733544,0.5332773
733545,0.9738795
733546,0.974403
733547,0.9674335
733548,0.29314622
733549,0.9940747
733550,0.24537104
733551,0.9771559
733552,0.084503375
733553,0.5727947
733554,0.62850255
733555,0.9899347
733556,0.011163729
733557,0.02921046
733558,0.038986154
733559,0.9987649
733560,0.97042024
733561,0.982449
733562,0.9845303
733563,0.016869906
733564,0.0025665527
733565,0.051550515
733566,0.09046416
733567,0.0052727396
733568,0.0087131085
733569,0.02684898
733570,0.08432459
733571,0.3090508
733572,0.29655048
733573,0.027334712
733574,0.7389402
733575,0.04982825
733576,0.79151857
733577,0.011369299
733578,0.99388134
733579,0.28147003
733580,0.9638639
733581,0.9371964
733582,0.9933655
733583,0.9764696
733584,0.98970836
733585,0.7814655
733586,0.2054861
733587,0.020729005
733588,0.019999955
733589,0.063421324
733590,0.98154616
733591,0.007313778
733592,0.03289885
733593,0.7525862
733594,0.0061749616
733595,0.8480693
733596,0.008938166
733597,0.5253575
733598,0.7577524
733599,0.027140282
733600,0.98512375
733601,0.14349361
733602,0.5746634
733603,0.101226926
733604,0.95872915
733605,0.048457187
733606,0.32281357
733607,0.053728
733608,0.014900082
733609,0.09364094
733610,0.0064842184
733611,0.012989848
733612,0.08127114
733613,0.11420347
733614,0.11346462
733615,0.008933679
733616,0.9520381
733617,0.015363304
733618,0.9949461
733619,0.9962115
733620,0.41913188
733621,0.9980891
733622,0.9833148
733623,0.42512032
733624,0.0033714257
733625,0.99616843
733626,0.29366928
733627,0.005525368
733628,0.19300173
733629,0.7490461
733630,0.25797564
733631,0.02539615
733632,0.1923852
733633,0.0044380277
733634,0.4775259
733635,0.26280206
733636,0.010170557
733637,0.19939685
733638,0.63860905
733639,0.67776483
733640,0.3058402
733641,0.03559771
733642,0.9830374
733643,0.010295582
733644,0.018871304
733645,0.9935977
733646,0.97817206
733647,0.8283401
733648,0.49550447
733649,0.99896955
733650,0.19019519
733651,0.9279107
733652,0.011969421
733653,0.4732414
733654,0.98945725
733655,0.03990713
733656,0.005711254
733657,0.9938848
733658,0.5837012
733659,0.52625555
733660,0.9138591
733661,0.02286859
733662,0.0045989775
733663,0.99706095
733664,0.99124277
733665,0.98140836
733666,0.4150406
733667,0.9701871
733668,0.96218234
733669,0.061436873
733670,0.97911954
733671,0.012148215
733672,0.21584296
733673,0.8262517
733674,0.039563462
733675,0.13403772
733676,0.46837446
733677,0.9876235
733678,0.6235887
733679,0.14247996
733680,0.08023812
733681,0.85702753
733682,0.007842927
733683,0.9926951
733684,0.63181096
733685,0.0026343428
733686,0.018326985
733687,0.3033625
733688,0.18728349
733689,0.03857644
733690,0.98603946
733691,0.12178678
733692,0.035376564
733693,0.023008104
733694,0.01480804
733695,0.20276019
733696,0.9520463
733697,0.9964548
733698,0.022988213
733699,0.011239555
733700,0.96629304
733701,0.8697639
733702,0.07958628
733703,0.9712269
733704,0.0098864315
733705,0.012730539
733706,0.049039878
733707,0.9142703
733708,0.03217897
733709,0.023544515
733710,0.9970497
733711,0.02651656
733712,0.03385331
733713,0.085631296
733714,0.12688205
733715,0.089018725
733716,0.14233856
733717,0.30996805
733718,0.9684945
733719,0.99517107
733720,0.06198045
733721,0.3906902
733722,0.8503648
733723,0.0053058304
733724,0.9417417
733725,0.043726865
733726,0.99967456
733727,0.9968079
733728,0.023415793
733729,0.0031814706
733730,0.24116458
733731,0.97348255
733732,0.40931082
733733,0.014301769
733734,0.9956909
733735,0.2613355
733736,0.6570596
733737,0.07340487
733738,0.8852248
733739,0.23757818
733740,0.22165143
733741,0.6402914
733742,0.02393357
733743,0.017899435
733744,0.0041098753
733745,0.9614896
733746,0.02836893
733747,0.9964409
733748,0.10683159
733749,0.92997944
733750,0.08168242
733751,0.92496246
733752,0.38007677
733753,0.005638714
733754,0.080008246
733755,0.9288249
733756,0.78417325
733757,0.03675203
733758,0.7345247
733759,0.99506253
733760,0.009439164
733761,0.0077538425
733762,0.99580556
733763,0.6705975
733764,0.72736436
733765,0.44105586
733766,0.1642885
733767,0.23032308
733768,0.038597357
733769,0.9054373
733770,0.88700736
733771,0.5581226
733772,0.4642611
733773,0.96663666
733774,0.9925697
733775,0.019986466
733776,0.008157569
733777,0.013444353
733778,0.13226634
733779,0.5208815
733780,0.30803978
733781,0.9981728
733782,0.6818183
733783,0.99393433
733784,0.10614206
733785,0.9974965
733786,0.9893887
733787,0.0025237869
733788,0.021764124
733789,0.09330081
733790,0.005010577
733791,0.005337936
733792,0.9613341
733793,0.8381714
733794,0.28873944
733795,0.19501644
733796,0.9017327
733797,0.97796375
733798,0.985864
733799,0.99800116
733800,0.051660996
733801,0.00075153075
733802,0.087665446
733803,0.98424006
733804,0.11473323
733805,0.2128854
733806,0.97812116
733807,0.9781947
733808,0.24425419
733809,0.073641375
733810,0.96165985
733811,0.9694771
733812,0.07662837
733813,0.025407698
733814,0.036695234
733815,0.86631185
733816,0.86145717
733817,0.19151205
733818,0.99652874
733819,0.8120762
733820,0.0063172104
733821,0.013173464
733822,0.98937815
733823,0.22416756
733824,0.026188843
733825,0.99731743
733826,0.012718209
733827,0.9817076
733828,0.93247205
733829,0.087528594
733830,0.008649307
733831,0.99590963
733832,0.009683333
733833,0.9708582
733834,0.72612137
733835,0.014815811
733836,0.94513845
733837,0.8358377
733838,0.17390898
733839,0.32543334
733840,0.23454526
733841,0.29189524
733842,0.07363873
733843,0.019435652
733844,0.9835542
733845,0.09438141
733846,0.99835306
733847,0.9753067
733848,0.47499752
733849,0.7756282
733850,0.02456741
733851,0.010327064
733852,0.91039586
733853,0.7998668
733854,0.025757506
733855,0.99590576
733856,0.79101366
733857,0.8881637
733858,0.047437407
733859,0.8772834
733860,0.03426408
733861,0.025083423
733862,0.97571826
733863,0.930092
733864,0.011698869
733865,0.01497383
733866,0.48295748
733867,0.0018735654
733868,0.32675907
733869,0.8596447
733870,0.8953907
733871,0.00803536
733872,0.98818165
733873,0.995708
733874,0.99327594
733875,0.2983099
733876,0.9661744
733877,0.11263691
733878,0.9811882
733879,0.9802824
733880,0.9083645
733881,0.038325183
733882,0.010021803
733883,0.93341017
733884,0.3879677
733885,0.54071033
733886,0.55425304
733887,0.36173534
733888,0.96980786
733889,0.07202592
733890,0.5984117
733891,0.0057214326
733892,0.2456008
733893,0.5852198
733894,0.082886025
733895,0.011987751
733896,0.023071054
733897,0.8769748
733898,0.9978909
733899,0.004228524
733900,0.43816015
733901,0.2971474
733902,0.33149713
733903,0.24186149
733904,0.8072587
733905,0.004988126
733906,0.4082997
733907,0.0033766865
733908,0.78583896
733909,0.0069788136
733910,0.4812508
733911,0.6099208
733912,0.00811783
733913,0.046771336
733914,0.9939209
733915,0.0489548
733916,0.7726644
733917,0.86141014
733918,0.7555636
733919,0.065341815
733920,0.12919284
733921,0.8563552
733922,0.02692824
733923,0.005186293
733924,0.004195578
733925,0.107573524
733926,0.12543488
733927,0.99360967
733928,0.9975516
733929,0.8185083
733930,0.15061988
733931,0.077484064
733932,0.9925945
733933,0.9160539
733934,0.14576843
733935,0.9140853
733936,0.19401926
733937,0.01465202
733938,0.9957868
733939,0.007010414
733940,0.9348974
733941,0.9891035
733942,0.9932582
733943,0.9800275
733944,0.03603033
733945,0.10175125
733946,0.6653936
733947,0.99258596
733948,0.03873916
733949,0.20119858
733950,0.0056443545
733951,0.003975258
733952,0.73696864
733953,0.73788345
733954,0.013968638
733955,0.06326841
733956,0.31877637
733957,0.006813548
733958,0.80991596
733959,0.96813565
733960,0.5767494
733961,0.019201532
733962,0.0044174204
733963,0.9935882
733964,0.99723184
733965,0.026219482
733966,0.0907479
733967,0.78308195
733968,0.011358722
733969,0.21799558
733970,0.98894244
733971,0.83204806
733972,0.1546561
733973,0.015381608
733974,0.77791226
733975,0.9876156
733976,0.93340653
733977,0.050496966
733978,0.11951887
733979,0.5858084
733980,0.23432495
733981,0.21703418
733982,0.26755673
733983,0.8426423
733984,0.9894978
733985,0.8423048
733986,0.97070515
733987,0.79778045
733988,0.01813335
733989,0.38569126
733990,0.72441953
733991,0.0032517614
733992,0.98327225
733993,0.20518787
733994,0.27442315
733995,0.9594273
733996,0.9457462
733997,0.42829022
733998,0.0021390049
733999,0.43504652
734000,0.19089872
734001,0.005652981
734002,0.6761529
734003,0.9722816
734004,0.010372236
734005,0.9194624
734006,0.46433592
734007,0.036569618
734008,0.13635397
734009,0.060657162
734010,0.93524754
734011,0.00901819
734012,0.66796523
734013,0.60445714
734014,0.061855868
734015,0.9664953
734016,0.438088
734017,0.1975555
734018,0.30212903
734019,0.21044844
734020,0.014325412
734021,0.6788306
734022,0.7103625
734023,0.24315883
734024,0.079378396
734025,0.07104163
734026,0.6108699
734027,0.9978082
734028,0.078510754
734029,0.9569543
734030,0.59638846
734031,0.9787917
734032,0.5736546
734033,0.058520474
734034,0.0064237993
734035,0.9340571
734036,0.74397624
734037,0.99059755
734038,0.9709199
734039,0.14034708
734040,0.99382
734041,0.8265708
734042,0.4735238
734043,0.069219075
734044,0.9087032
734045,0.95961654
734046,0.06421906
734047,0.018961234
734048,0.019981854
734049,0.18687807
734050,0.0063441684
734051,0.6627673
734052,0.016910503
734053,0.8227519
734054,0.9661312
734055,0.042213093
734056,0.09307566
734057,0.0047232397
734058,0.44455212
734059,0.5017455
734060,0.038055606
734061,0.021427732
734062,0.058666725
734063,0.994745
734064,0.91359264
734065,0.0064620823
734066,0.7997165
734067,0.9794803
734068,0.99211866
734069,0.031383142
734070,0.04115498
734071,0.97607476
734072,0.9198729
734073,0.0138389105
734074,0.2654912
734075,0.90242445
734076,0.046602573
734077,0.9765357
734078,0.9079296
734079,0.0046525327
734080,0.06454478
734081,0.04363465
734082,0.9972277
734083,0.14623089
734084,0.018773377
734085,0.9965788
734086,0.9708801
734087,0.8399862
734088,0.8439257
734089,0.21463266
734090,0.07728881
734091,0.0131429015
734092,0.80374074
734093,0.8634253
734094,0.030065438
734095,0.0135566965
734096,0.98480844
734097,0.9949469
734098,0.2403365
734099,0.9863554
734100,0.98114663
734101,0.0024954984
734102,0.9960155
734103,0.83346444
734104,0.19607773
734105,0.016368732
734106,0.081917845
734107,0.01941255
734108,0.21131451
734109,0.97233146
734110,0.18653518
734111,0.96212757
734112,0.08137823
734113,0.02074017
734114,0.518645
734115,0.9757725
734116,0.9288774
734117,0.18983763
734118,0.02147704
734119,0.9974009
734120,0.99014884
734121,0.9886856
734122,0.6022698
734123,0.8479481
734124,0.22615398
734125,0.31895745
734126,0.5537469
734127,0.08584618
734128,0.47629923
734129,0.020371364
734130,0.9108131
734131,0.8603865
734132,0.0037715854
734133,0.18440965
734134,0.13537419
734135,0.66958135
734136,0.0029903292
734137,0.15750581
734138,0.6825242
734139,0.89478064
734140,0.9816728
734141,0.02806985
734142,0.042612765
734143,0.623345
734144,0.8946025
734145,0.42371798
734146,0.05774077
734147,0.8700919
734148,0.03819763
734149,0.96852106
734150,0.83033067
734151,0.9741773
734152,0.052069083
734153,0.5947521
734154,0.8424257
734155,0.10448208
734156,0.04033978
734157,0.9782982
734158,0.09165125
734159,0.97914326
734160,0.631628
734161,0.99859846
734162,0.966465
734163,0.7343931
734164,0.9910689
734165,0.0101404395
734166,0.0038495115
734167,0.9993323
734168,0.074908644
734169,0.24303102
734170,0.90861094
734171,0.0127110155
734172,0.77960205
734173,0.9570354
734174,0.8752308
734175,0.08341747
734176,0.6885223
734177,0.01531733
734178,0.07596892
734179,0.057583094
734180,0.03539227
734181,0.4632778
734182,0.70895106
734183,0.18141632
734184,0.10123432
734185,0.9375234
734186,0.8828533
734187,0.9865638
734188,0.21611871
734189,0.414693
734190,0.17725922
734191,0.99779826
734192,0.99588144
734193,0.021401118
734194,0.062084064
734195,0.9981493
734196,0.04660656
734197,0.015373572
734198,0.91374904
734199,0.025694728
734200,0.29669282
734201,0.7714692
734202,0.021370579
734203,0.99736583
734204,0.054406345
734205,0.8894918
734206,0.013573316
734207,0.059257917
734208,0.08508661
734209,0.0017558456
734210,0.3499089
734211,0.91338754
734212,0.5868544
734213,0.06389491
734214,0.03393518
734215,0.9315785
734216,0.9910831
734217,0.97589636
734218,0.9747851
734219,0.025624825
734220,0.036853068
734221,0.018243914
734222,0.99261504
734223,0.9612999
734224,0.56361634
734225,0.015215623
734226,0.09149449
734227,0.23941675
734228,0.082399815
734229,0.5747586
734230,0.99667203
734231,0.67517734
734232,0.0044418685
734233,0.0022907841
734234,0.9132589
734235,0.004807393
734236,0.09444703
734237,0.025148518
734238,0.031750247
734239,0.99357283
734240,0.4856935
734241,0.0033445857
734242,0.42923513
734243,0.17113657
734244,0.9127674
734245,0.940938
734246,0.012538716
734247,0.64443487
734248,0.14630157
734249,0.4178281
734250,0.011623854
734251,0.0072709117
734252,0.012473306
734253,0.9986454
734254,0.9677682
734255,0.03138195
734256,0.9633642
734257,0.013354935
734258,0.98649824
734259,0.99310935
734260,0.98691714
734261,0.95851696
734262,0.08874565
734263,0.99025047
734264,0.57404214
734265,0.99766403
734266,0.058596063
734267,0.75883335
734268,0.010578347
734269,0.99663645
734270,0.8784603
734271,0.98755884
734272,0.034084316
734273,0.07096208
734274,0.16251254
734275,0.9317414
734276,0.98299587
734277,0.98866457
734278,0.015485175
734279,0.9579437
734280,0.9396667
734281,0.021891713
734282,0.9958644
734283,0.10400382
734284,0.31113473
734285,0.015641367
734286,0.38599044
734287,0.008330703
734288,0.024118306
734289,0.976568
734290,0.19446981
734291,0.95909613
734292,0.9968156
734293,0.024945667
734294,0.017039573
734295,0.03692308
734296,0.9825357
734297,0.008977149
734298,0.9074239
734299,0.033882733
734300,0.071467265
734301,0.13127354
734302,0.0643401
734303,0.97235036
734304,0.6443025
734305,0.39912117
734306,0.0348627
734307,0.16220737
734308,0.04377288
734309,0.49980086
734310,0.4203035
734311,0.9773824
734312,0.94791585
734313,0.0020997217
734314,0.12659961
734315,0.014726973
734316,0.004337129
734317,0.16017684
734318,0.032135706
734319,0.009502863
734320,0.25737894
734321,0.5889201
734322,0.0157068
734323,0.9916158
734324,0.6173057
734325,0.99931324
734326,0.012595796
734327,0.8577387
734328,0.012704152
734329,0.9922696
734330,0.9894361
734331,0.13180329
734332,0.05070572
734333,0.72297764
734334,0.929388
734335,0.9226531
734336,0.9977604
734337,0.007354943
734338,0.02397317
734339,0.050965916
734340,0.952566
734341,0.210393
734342,0.011920267
734343,0.9861287
734344,0.11936374
734345,0.86728805
734346,0.048181776
734347,0.9855634
734348,0.22283562
734349,0.032782175
734350,0.99575615
734351,0.17685716
734352,0.94923145
734353,0.7119361
734354,0.0021799237
734355,0.021100799
734356,0.98909026
734357,0.9866195
734358,0.30664456
734359,0.020508928
734360,0.868963
734361,0.010080747
734362,0.0137832705
734363,0.99113697
734364,0.020011794
734365,0.031098422
734366,0.874632
734367,0.30159497
734368,0.95081735
734369,0.99397784
734370,0.33851123
734371,0.7519499
734372,0.856347
734373,0.009821072
734374,0.86566985
734375,0.88382584
734376,0.07429682
734377,0.9777015
734378,0.03077001
734379,0.8999866
734380,0.9991656
734381,0.9984492
734382,0.81695807
734383,0.14898326
734384,0.97620165
734385,0.86243546
734386,0.3073311
734387,0.026716577
734388,0.30457872
734389,0.8638803
734390,0.76755697
734391,0.73164344
734392,0.78209627
734393,0.35706514
734394,0.11360714
734395,0.023093302
734396,0.1749579
734397,0.9613804
734398,0.52844995
734399,0.7799988
734400,0.998662
734401,0.027291331
734402,0.8621856
734403,0.16678333
734404,0.0038250848
734405,0.03563027
734406,0.20628777
734407,0.25178546
734408,0.93740094
734409,0.97371745
734410,0.5814957
734411,0.09462264
734412,0.059072513
734413,0.02815527
734414,0.9066666
734415,0.8045947
734416,0.9498838
734417,0.002384276
734418,0.036958
734419,0.9378987
734420,0.9410392
734421,0.34871835
734422,0.9643668
734423,0.993681
734424,0.7797305
734425,0.876274
734426,0.18808776
734427,0.009725798
734428,0.20086038
734429,0.025247943
734430,0.7004904
734431,0.9401313
734432,0.03296692
734433,0.081068926
734434,0.04108184
734435,0.4229331
734436,0.043495454
734437,0.97754985
734438,0.4675104
734439,0.16835898
734440,0.96455
734441,0.030465992
734442,0.768124
734443,0.116326
734444,0.89151734
734445,0.13490628
734446,0.12072863
734447,0.9987693
734448,0.0661673
734449,0.23508579
734450,0.1607337
734451,0.017724594
734452,0.98166275
734453,0.7713526
734454,0.0327136
734455,0.79652894
734456,0.99768996
734457,0.01008136
734458,0.99105495
734459,0.97329295
734460,0.90675116
734461,0.029722616
734462,0.06903969
734463,0.94967824
734464,0.96188885
734465,0.005132472
734466,0.24448651
734467,0.10539426
734468,0.068509795
734469,0.0104316175
734470,0.034076314
734471,0.010227824
734472,0.0805523
734473,0.059252232
734474,0.03307793
734475,0.86610854
734476,0.89636564
734477,0.18493582
734478,0.46228856
734479,0.37583458
734480,0.52170295
734481,0.20094585
734482,0.037219457
734483,0.0053223297
734484,0.7224443
734485,0.0096572805
734486,0.7432927
734487,0.9771664
734488,0.96207774
734489,0.75755
734490,0.96404946
734491,0.17685854
734492,0.012904113
734493,0.003630498
734494,0.011803533
734495,0.21022877
734496,0.0031677668
734497,0.8612211
734498,0.07842186
734499,0.008560143
734500,0.47165525
734501,0.9679543
734502,0.9931046
734503,0.2438481
734504,0.9996167
734505,0.96041524
734506,0.036621615
734507,0.92657274
734508,0.99176073
734509,0.03138392
734510,0.8138963
734511,0.9968356
734512,0.99103045
734513,0.85799885
734514,0.9143027
734515,0.017347466
734516,0.0032704577
734517,0.019913696
734518,0.43310684
734519,0.011070353
734520,0.77039343
734521,0.425214
734522,0.4953271
734523,0.69542
734524,0.15981485
734525,0.037522726
734526,0.6836511
734527,0.9867927
734528,0.35047477
734529,0.7590562
734530,0.86385345
734531,0.002076483
734532,0.9952384
734533,0.94730407
734534,0.021981407
734535,0.5403648
734536,0.80519664
734537,0.7116837
734538,0.97573316
734539,0.36812425
734540,0.023356587
734541,0.9597446
734542,0.05171829
734543,0.0030813192
734544,0.9496561
734545,0.017591342
734546,0.87802315
734547,0.7451104
734548,0.9301921
734549,0.9883241
734550,0.8064694
734551,0.9720178
734552,0.0057133003
734553,0.97948045
734554,0.028889049
734555,0.046436235
734556,0.9655577
734557,0.0054252166
734558,0.9698278
734559,0.0286481
734560,0.11607758
734561,0.6208314
734562,0.99809146
734563,0.024045674
734564,0.014115984
734565,0.055016436
734566,0.7730951
734567,0.10549007
734568,0.13056299
734569,0.0025392107
734570,0.9480395
734571,0.14680117
734572,0.046569563
734573,0.03180236
734574,0.19405225
734575,0.019118337
734576,0.9688863
734577,0.7077177
734578,0.9856995
734579,0.038739756
734580,0.1346118
734581,0.04163943
734582,0.93079895
734583,0.9894619
734584,0.31085515
734585,0.6567432
734586,0.030407578
734587,0.010612123
734588,0.1613734
734589,0.017614294
734590,0.015391414
734591,0.6791719
734592,0.7751106
734593,0.84244955
734594,0.79979473
734595,0.01678578
734596,0.63159037
734597,0.15486442
734598,0.017213702
734599,0.19373812
734600,0.9845784
734601,0.99784887
734602,0.09384565
734603,0.65422374
734604,0.9990065
734605,0.0073963166
734606,0.989103
734607,0.49611527
734608,0.9956142
734609,0.8881468
734610,0.06513083
734611,0.9651006
734612,0.4934736
734613,0.82969147
734614,0.039818164
734615,0.9417241
734616,0.4300434
734617,0.12383254
734618,0.98909616
734619,0.9941431
734620,0.17220667
734621,0.016191885
734622,0.016089614
734623,0.1432729
734624,0.057318594
734625,0.60640293
734626,0.022584416
734627,0.19713487
734628,0.54470307
734629,0.07620169
734630,0.03630202
734631,0.00439474
734632,0.032787472
734633,0.9060559
734634,0.070772454
734635,0.04675387
734636,0.6239996
734637,0.84545726
734638,0.075268365
734639,0.86750245
734640,0.06875993
734641,0.13773032
734642,0.985996
734643,0.84491736
734644,0.9979863
734645,0.018697696
734646,0.07661782
734647,0.022796115
734648,0.008699218
734649,0.1038508
734650,0.9436035
734651,0.29378316
734652,0.9725509
734653,0.63357776
734654,0.02975507
734655,0.100710765
734656,0.07020574
734657,0.028039712
734658,0.91449976
734659,0.13435456
734660,0.0064974925
734661,0.027645197
734662,0.049842093
734663,0.33764997
734664,0.0655463
734665,0.880209
734666,0.18738408
734667,0.07986584
734668,0.44417176
734669,0.06434153
734670,0.9673509
734671,0.12490249
734672,0.007984595
734673,0.031801686
734674,0.76419306
734675,0.6591561
734676,0.0066819014
734677,0.00078451587
734678,0.9444251
734679,0.9928384
734680,0.034048922
734681,0.5833681
734682,0.9990589
734683,0.062438272
734684,0.017789453
734685,0.08265534
734686,0.9733968
734687,0.99782264
734688,0.018600166
734689,0.005541059
734690,0.99507046
734691,0.9864818
734692,0.9468264
734693,0.006270622
734694,0.99547124
734695,0.15314923
734696,0.7099016
734697,0.6514547
734698,0.041180406
734699,0.9889419
734700,0.2442418
734701,0.88791317
734702,0.010018059
734703,0.094663456
734704,0.1663151
734705,0.98266447
734706,0.015092243
734707,0.012003555
734708,0.9691161
734709,0.98218787
734710,0.9602562
734711,0.84329104
734712,0.42846286
734713,0.02014044
734714,0.9825801
734715,0.95857203
734716,0.79275405
734717,0.9950609
734718,0.039505925
734719,0.8985637
734720,0.7101265
734721,0.003917545
734722,0.067875154
734723,0.9908055
734724,0.9006988
734725,0.019081792
734726,0.006951074
734727,0.009982669
734728,0.9409388
734729,0.08545394
734730,0.99445546
734731,0.9525666
734732,0.94215244
734733,0.9634888
734734,0.9812652
734735,0.0067053707
734736,0.64073473
734737,0.9742499
734738,0.43440366
734739,0.0029593476
734740,0.62913764
734741,0.99898005
734742,0.06785482
734743,0.99336916
734744,0.98566455
734745,0.23914939
734746,0.9343257
734747,0.012177119
734748,0.048537485
734749,0.91608304
734750,0.98473233
734751,0.261591
734752,0.93617654
734753,0.9973703
734754,0.9540687
734755,0.93866456
734756,0.7918768
734757,0.25661892
734758,0.9697535
734759,0.98875374
734760,0.051030856
734761,0.49967062
734762,0.025332704
734763,0.0832339
734764,0.9938808
734765,0.50002784
734766,0.9971383
734767,0.016881727
734768,0.046636064
734769,0.017933339
734770,0.010191906
734771,0.99935955
734772,0.023453992
734773,0.010205219
734774,0.013796913
734775,0.99462974
734776,0.08284052
734777,0.80186313
734778,0.9592489
734779,0.005132592
734780,0.89196503
734781,0.94716275
734782,0.91873825
734783,0.4886621
734784,0.007272292
734785,0.14994422
734786,0.24268314
734787,0.598551
734788,0.9868951
734789,0.23363617
734790,0.4621291
734791,0.1867743
734792,0.99867594
734793,0.024494141
734794,0.9183483
734795,0.016664794
734796,0.953846
734797,0.31220782
734798,0.7208878
734799,0.020964345
734800,0.53023714
734801,0.09293935
734802,0.95975757
734803,0.05643082
734804,0.45222303
734805,0.98937273
734806,0.008497068
734807,0.96811897
734808,0.99753666
734809,0.4935842
734810,0.6563413
734811,0.6087072
734812,0.5871096
734813,0.016024366
734814,0.988719
734815,0.054011483
734816,0.9854528
734817,0.43061358
734818,0.39641806
734819,0.011175303
734820,0.9779604
734821,0.7512427
734822,0.005425464
734823,0.9723995
734824,0.9888634
734825,0.25178212
734826,0.13300899
734827,0.014701901
734828,0.056642305
734829,0.82568556
734830,0.99902534
734831,0.0643335
734832,0.016178617
734833,0.019234352
734834,0.016226893
734835,0.008365031
734836,0.98716354
734837,0.97431993
734838,0.18992695
734839,0.9942711
734840,0.06051322
734841,0.017838852
734842,0.059486553
734843,0.140897
734844,0.99655473
734845,0.009102549
734846,0.45579708
734847,0.011264287
734848,0.86639595
734849,0.006276185
734850,0.7545546
734851,0.05461569
734852,0.412495
734853,0.911369
734854,0.9894735
734855,0.7423848
734856,0.014807843
734857,0.014893774
734858,0.96327096
734859,0.98478055
734860,0.009649154
734861,0.92587155
734862,0.9845282
734863,0.9718877
734864,0.015201251
734865,0.22950524
734866,0.9470736
734867,0.09193247
734868,0.024129853
734869,0.009031327
734870,0.99750984
734871,0.05944541
734872,0.019903578
734873,0.091579385
734874,0.020029055
734875,0.0036140026
734876,0.89066577
734877,0.01002535
734878,0.031051248
734879,0.9978463
734880,0.7695645
734881,0.11776057
734882,0.009397576
734883,0.8541783
734884,0.010664221
734885,0.015279928
734886,0.02866479
734887,0.95933026
734888,0.1306345
734889,0.004156999
734890,0.053843968
734891,0.99070156
734892,0.7738423
734893,0.78781813
734894,0.6115093
734895,0.6935862
734896,0.79712516
734897,0.3227719
734898,0.97464806
734899,0.99171495
734900,0.9933157
734901,0.9823022
734902,0.021267682
734903,0.0199644
734904,0.99866796
734905,0.042783458
734906,0.02526198
734907,0.020381195
734908,0.02168408
734909,0.9992946
734910,0.13754897
734911,0.96668863
734912,0.9995225
734913,0.03295963
734914,0.98974043
734915,0.9660434
734916,0.99799323
734917,0.117633484
734918,0.984409
734919,0.9975322
734920,0.0076203966
734921,0.9702724
734922,0.95539665
734923,0.50333726
734924,0.24004106
734925,0.9962175
734926,0.021204999
734927,0.082267925
734928,0.004658901
734929,0.7898039
734930,0.99887645
734931,0.31718674
734932,0.01612497
734933,0.99365425
734934,0.88874197
734935,0.95495653
734936,0.049406793
734937,0.94927037
734938,0.9896065
734939,0.99730664
734940,0.039359886
734941,0.099787556
734942,0.97899854
734943,0.7052547
734944,0.010841007
734945,0.83984596
734946,0.990474
734947,0.9860617
734948,0.109598644
734949,0.6183062
734950,0.9927561
734951,0.08706704
734952,0.8975407
734953,0.8421805
734954,0.023655195
734955,0.9529509
734956,0.8987674
734957,0.9897792
734958,0.9611576
734959,0.47419274
734960,0.9514437
734961,0.5930946
734962,0.98197633
734963,0.17477855
734964,0.9800425
734965,0.99498063
734966,0.9897506
734967,0.014362259
734968,0.009371259
734969,0.123412356
734970,0.05119814
734971,0.9714501
734972,0.0134211555
734973,0.014880845
734974,0.19386753
734975,0.9242598
734976,0.01980761
734977,0.91480124
734978,0.98974526
734979,0.80016965
734980,0.67052937
734981,0.91354823
734982,0.0058800066
734983,0.89903533
734984,0.98622364
734985,0.10107586
734986,0.13902158
734987,0.928748
734988,0.98559797
734989,0.13586038
734990,0.0026688878
734991,0.036167905
734992,0.97289664
734993,0.7045258
734994,0.06702566
734995,0.04998566
734996,0.23706877
734997,0.017409055
734998,0.38411212
734999,0.20930809
735000,0.9811704
735001,0.34111193
735002,0.97431093
735003,0.026152363
735004,0.65828717
735005,0.7860101
735006,0.6008268
735007,0.88752055
735008,0.92423683
735009,0.9913569
735010,0.99913335
735011,0.91029394
735012,0.6380046
735013,0.9627088
735014,0.8449669
735015,0.006922025
735016,0.30606604
735017,0.9779289
735018,0.010857591
735019,0.01762945
735020,0.006244818
735021,0.82348776
735022,0.114092514
735023,0.011928924
735024,0.031651832
735025,0.11043774
735026,0.98539627
735027,0.030851599
735028,0.6405229
735029,0.010204632
735030,0.045061897
735031,0.7841181
735032,0.33750147
735033,0.88892174
735034,0.106367
735035,0.9984063
735036,0.871992
735037,0.027819876
735038,0.99635094
735039,0.17229028
735040,0.8224807
735041,0.17500749
735042,0.10488163
735043,0.5680828
735044,0.5011242
735045,0.026173625
735046,0.9792208
735047,0.883834
735048,0.98857284
735049,0.9623326
735050,0.9558639
735051,0.9435178
735052,0.9781151
735053,0.70832384
735054,0.9959242
735055,0.8466725
735056,0.0044770734
735057,0.9965244
735058,0.87598145
735059,0.17580551
735060,0.24814342
735061,0.15146506
735062,0.049838576
735063,0.23943196
735064,0.03599949
735065,0.022337928
735066,0.9946099
735067,0.97708726
735068,0.525591
735069,0.7120218
735070,0.9461943
735071,0.33776036
735072,0.9781231
735073,0.8756909
735074,0.4992787
735075,0.32352024
735076,0.032497473
735077,0.093634635
735078,0.00795081
735079,0.7438143
735080,0.010806796
735081,0.33504814
735082,0.8360751
735083,0.011852481
735084,0.023174351
735085,0.43852454
735086,0.9941082
735087,0.9495491
735088,0.63114214
735089,0.12965
735090,0.63229424
735091,0.10610899
735092,0.50787735
735093,0.94428766
735094,0.99420357
735095,0.96635187
735096,0.0015629224
735097,0.013573544
735098,0.044196293
735099,0.0031171236
735100,0.012034966
735101,0.84956026
735102,0.02883308
735103,0.5821839
735104,0.01156834
735105,0.9467328
735106,0.042691834
735107,0.00085795653
735108,0.017650247
735109,0.14616415
735110,0.01162536
735111,0.9868855
735112,0.14420271
735113,0.9668933
735114,0.9713853
735115,0.7269675
735116,0.010763815
735117,0.0018742168
735118,0.0031444193
735119,0.0033513508
735120,0.05405307
735121,0.84012115
735122,0.52708566
735123,0.17288539
735124,0.9939582
735125,0.011564731
735126,0.99472
735127,0.99193937
735128,0.99453086
735129,0.020730458
735130,0.28338587
735131,0.10022689
735132,0.018448848
735133,0.0014060836
735134,0.6116076
735135,0.0076404284
735136,0.0028771874
735137,0.9905477
735138,0.7815652
735139,0.004200876
735140,0.99190235
735141,0.9294215
735142,0.9976597
735143,0.990906
735144,0.04651351
735145,0.00886533
735146,0.994009
735147,0.08453698
735148,0.9690565
735149,0.051113755
735150,0.9938704
735151,0.13208169
735152,0.45142737
735153,0.9851824
735154,0.9929984
735155,0.91198087
735156,0.15623744
735157,0.012777635
735158,0.5948217
735159,0.9901395
735160,0.9708321
735161,0.028150637
735162,0.023548156
735163,0.01517847
735164,0.00606322
735165,0.36751112
735166,0.9905822
735167,0.06507896
735168,0.48103952
735169,0.11737033
735170,0.48542276
735171,0.015739078
735172,0.99700063
735173,0.9981471
735174,0.7349401
735175,0.79324204
735176,0.13644142
735177,0.009330691
735178,0.008423957
735179,0.10142386
735180,0.97525394
735181,0.70637894
735182,0.13212395
735183,0.840354
735184,0.9587921
735185,0.17134556
735186,0.59944093
735187,0.024118967
735188,0.7775619
735189,0.6576883
735190,0.23158123
735191,0.9306909
735192,0.9966486
735193,0.0080753565
735194,0.99447536
735195,0.032258138
735196,0.9774741
735197,0.8267728
735198,0.009670896
735199,0.014235176
735200,0.030015485
735201,0.9756819
735202,0.6429341
735203,0.05120527
735204,0.3165091
735205,0.90957963
735206,0.018633733
735207,0.1352582
735208,0.010896288
735209,0.9888266
735210,0.0052335365
735211,0.94063103
735212,0.9978446
735213,0.002403279
735214,0.8760278
735215,0.009206421
735216,0.07729718
735217,0.9639092
735218,0.038972307
735219,0.9393239
735220,0.30531985
735221,0.50836515
735222,0.20092179
735223,0.14937666
735224,0.9839658
735225,0.0061388975
735226,0.01997281
735227,0.38806927
735228,0.11540706
735229,0.94861305
735230,0.9834061
735231,0.14353089
735232,0.7995574
735233,0.97403866
735234,0.96212053
735235,0.9987319
735236,0.5616288
735237,0.20726407
735238,0.0089972075
735239,0.4387086
735240,0.23114625
735241,0.6469084
735242,0.032632902
735243,0.49601853
735244,0.40963694
735245,0.024697013
735246,0.05704923
735247,0.009152807
735248,0.99724925
735249,0.023587452
735250,0.6195444
735251,0.63743
735252,0.9375774
735253,0.74346256
735254,0.8481839
735255,0.9031814
735256,0.9852358
735257,0.04616444
735258,0.9861089
735259,0.8189048
735260,0.0044905283
735261,0.54340774
735262,0.03501465
735263,0.8326353
735264,0.99155784
735265,0.03242282
735266,0.611182
735267,0.016662767
735268,0.027275423
735269,0.006304716
735270,0.990735
735271,0.9836346
735272,0.0127134025
735273,0.06577052
735274,0.9278685
735275,0.006388346
735276,0.03915002
735277,0.024902608
735278,0.5727131
735279,0.098297544
735280,0.0069803796
735281,0.9044565
735282,0.80647933
735283,0.72699124
735284,0.29220378
735285,0.013803233
735286,0.2288592
735287,0.3075543
735288,0.970362
735289,0.012150643
735290,0.0037247306
735291,0.9412682
735292,0.05752994
735293,0.97035414
735294,0.016321912
735295,0.009308157
735296,0.97764033
735297,0.9981797
735298,0.9683015
735299,0.089414164
735300,0.007873403
735301,0.9353241
735302,0.08037585
735303,0.41196713
735304,0.17731196
735305,0.010941907
735306,0.012252311
735307,0.019270882
735308,0.9919758
735309,0.9912517
735310,0.030339926
735311,0.6366254
735312,0.81677586
735313,0.92135596
735314,0.25590777
735315,0.65791476
735316,0.97130173
735317,0.055092502
735318,0.6290194
735319,0.9837939
735320,0.3027716
735321,0.052397996
735322,0.99783933
735323,0.9920654
735324,0.09067647
735325,0.02409354
735326,0.19565244
735327,0.008342003
735328,0.13282928
735329,0.022334067
735330,0.9658932
735331,0.05211377
735332,0.94250375
735333,0.99678296
735334,0.99305356
735335,0.95145154
735336,0.99862236
735337,0.21536611
735338,0.045994055
735339,0.99576277
735340,0.102757856
735341,0.6105895
735342,0.9988569
735343,0.018423416
735344,0.040867314
735345,0.24590449
735346,0.97753084
735347,0.9102513
735348,0.0047241542
735349,0.85583013
735350,0.21549353
735351,0.014213393
735352,0.9252441
735353,0.9892518
735354,0.9970576
735355,0.0023176002
735356,0.058950655
735357,0.99816763
735358,0.01810559
735359,0.22428693
735360,0.49407986
735361,0.07465468
735362,0.5479244
735363,0.98843825
735364,0.9320755
735365,0.34707555
735366,0.09586656
735367,0.9983711
735368,0.039895978
735369,0.8555932
735370,0.9840156
735371,0.438802
735372,0.91783535
735373,0.96189314
735374,0.010889871
735375,0.5151125
735376,0.94389117
735377,0.014039813
735378,0.041610204
735379,0.32438987
735380,0.096571736
735381,0.9961652
735382,0.835884
735383,0.9841341
735384,0.47399348
735385,0.84676373
735386,0.021157485
735387,0.9334159
735388,0.017046291
735389,0.44980475
735390,0.69253117
735391,0.98457336
735392,0.023833552
735393,0.9794596
735394,0.9612562
735395,0.966239
735396,0.042243876
735397,0.018441873
735398,0.03198576
735399,0.08283127
735400,0.9982339
735401,0.027674615
735402,0.50472826
735403,0.08273895
735404,0.0036859703
735405,0.051169578
735406,0.78397614
735407,0.9750575
735408,0.008895987
735409,0.08490521
735410,0.005517085
735411,0.091116704
735412,0.13770616
735413,0.03715156
735414,0.049791142
735415,0.9749209
735416,0.002408549
735417,0.4725527
735418,0.9928343
735419,0.98814106
735420,0.89656866
735421,0.037427332
735422,0.095260486
735423,0.017015934
735424,0.11525779
735425,0.0067244885
735426,0.91397494
735427,0.15271841
735428,0.69721675
735429,0.011376012
735430,0.21134362
735431,0.017781135
735432,0.8661272
735433,0.99863225
735434,0.029866824
735435,0.2166002
735436,0.0048547173
735437,0.7429062
735438,0.90867853
735439,0.009754352
735440,0.9821898
735441,0.9635892
735442,0.97704554
735443,0.36057264
735444,0.3491886
735445,0.8869097
735446,0.05013725
735447,0.043942414
735448,0.12853812
735449,0.0014921117
735450,0.97146
735451,0.510486
735452,0.98470044
735453,0.995144
735454,0.018818399
735455,0.21661893
735456,0.054939423
735457,0.99755144
735458,0.91935396
735459,0.10159524
735460,0.8189734
735461,0.9696868
735462,0.89400685
735463,0.0058785123
735464,0.15900303
735465,0.023995433
735466,0.014791422
735467,0.0023102346
735468,0.5769962
735469,0.12463419
735470,0.8490036
735471,0.15740404
735472,0.7706684
735473,0.021004943
735474,0.1130601
735475,0.951161
735476,0.1474221
735477,0.014158685
735478,0.07776587
735479,0.90971875
735480,0.99534684
735481,0.90157545
735482,0.36853617
735483,0.8026425
735484,0.007794123
735485,0.032355715
735486,0.028216766
735487,0.0024560622
735488,0.28521305
735489,0.963137
735490,0.00765259
735491,0.84653467
735492,0.39157274
735493,0.9205974
735494,0.017335786
735495,0.01762104
735496,0.098916546
735497,0.9434965
735498,0.0453491
735499,0.98288727
735500,0.73100847
735501,0.3735928
735502,0.40837884
735503,0.20515639
735504,0.99650174
735505,0.013273654
735506,0.0320124
735507,0.016332056
735508,0.6326239
735509,0.14475091
735510,0.0052205967
735511,0.3947406
735512,0.99349743
735513,0.91789746
735514,0.974304
735515,0.5498976
735516,0.2802031
735517,0.9898061
735518,0.44742852
735519,0.92645156
735520,0.016596884
735521,0.0030429065
735522,0.87560046
735523,0.56129587
735524,0.07005907
735525,0.02062004
735526,0.98061365
735527,0.7346491
735528,0.030119643
735529,0.024588741
735530,0.24047482
735531,0.5841325
735532,0.11744396
735533,0.78954744
735534,0.006030344
735535,0.95485187
735536,0.012515583
735537,0.015920348
735538,0.100147516
735539,0.95169276
735540,0.009770157
735541,0.20751956
735542,0.040258203
735543,0.97709394
735544,0.4502774
735545,0.50861156
735546,0.004381701
735547,0.023029616
735548,0.9480254
735549,0.13675417
735550,0.13717575
735551,0.9392371
735552,0.99659604
735553,0.051862765
735554,0.02479781
735555,0.021345282
735556,0.954365
735557,0.99544656
735558,0.19361454
735559,0.99734396
735560,0.8129516
735561,0.97774696
735562,0.9870787
735563,0.9876489
735564,0.9960959
735565,0.01641912
735566,0.48055482
735567,0.7543189
735568,0.32552892
735569,0.059641838
735570,0.0060744514
735571,0.9145814
735572,0.9989465
735573,0.0039501972
735574,0.06830627
735575,0.22602335
735576,0.98952127
735577,0.9986458
735578,0.29884472
735579,0.06580584
735580,0.122478135
735581,0.006291743
735582,0.90251267
735583,0.97660494
735584,0.039183363
735585,0.9807038
735586,0.0798772
735587,0.85127926
735588,0.9637266
735589,0.01894652
735590,0.00069244066
735591,0.01126691
735592,0.029557632
735593,0.0893323
735594,0.057623055
735595,0.025140265
735596,0.17483936
735597,0.9874456
735598,0.9424255
735599,0.27475882
735600,0.67731446
735601,0.99270934
735602,0.85835564
735603,0.17939335
735604,0.14157473
735605,0.70057106
735606,0.08448897
735607,0.9851853
735608,0.58461845
735609,0.2599553
735610,0.09856079
735611,0.86194533
735612,0.095476165
735613,0.80736816
735614,0.034747444
735615,0.3403821
735616,0.9613234
735617,0.06405749
735618,0.99215144
735619,0.1833567
735620,0.02611981
735621,0.38416034
735622,0.12594256
735623,0.024061082
735624,0.00683964
735625,0.47986525
735626,0.36119264
735627,0.20360321
735628,0.9793851
735629,0.05652247
735630,0.98142725
735631,0.009193271
735632,0.5849866
735633,0.07828148
735634,0.06671375
735635,0.9119415
735636,0.16302812
735637,0.54344547
735638,0.024808303
735639,0.93404436
735640,0.99377525
735641,0.9704367
735642,0.9977962
735643,0.9730237
735644,0.0061399573
735645,0.7964393
735646,0.9825746
735647,0.77039313
735648,0.0081899725
735649,0.97859573
735650,0.89917874
735651,0.7420639
735652,0.9267661
735653,0.9776824
735654,0.9867476
735655,0.9771095
735656,0.7110524
735657,0.005370329
735658,0.005454926
735659,0.006738901
735660,0.92048943
735661,0.22710204
735662,0.9928668
735663,0.011227849
735664,0.009313318
735665,0.00670164
735666,0.959545
735667,0.9979757
735668,0.017262824
735669,0.8357939
735670,0.016674353
735671,0.8529676
735672,0.38504153
735673,0.9823043
735674,0.072983414
735675,0.020846128
735676,0.9892719
735677,0.25497913
735678,0.32633486
735679,0.9286665
735680,0.027409788
735681,0.7195222
735682,0.9893423
735683,0.078929454
735684,0.9753584
735685,0.94575167
735686,0.017534042
735687,0.6497539
735688,0.35553235
735689,0.2802514
735690,0.99048525
735691,0.07632395
735692,0.060803458
735693,0.002582258
735694,0.96689194
735695,0.10012716
735696,0.9011285
735697,0.048124585
735698,0.108602874
735699,0.027455017
735700,0.037070934
735701,0.98055726
735702,0.892582
735703,0.05491267
735704,0.084258005
735705,0.51250905
735706,0.023776436
735707,0.870513
735708,0.007589603
735709,0.14955638
735710,0.052211307
735711,0.80221117
735712,0.9038631
735713,0.9634981
735714,0.057713494
735715,0.0030771377
735716,0.005522513
735717,0.19134384
735718,0.08522076
735719,0.01855462
735720,0.06345054
735721,0.98482126
735722,0.07281601
735723,0.96904755
735724,0.86037546
735725,0.0055422974
735726,0.044835575
735727,0.9981843
735728,0.017178237
735729,0.12774971
735730,0.011635323
735731,0.03529866
735732,0.35740328
735733,0.58735085
735734,0.9442752
735735,0.48387137
735736,0.030836325
735737,0.03447742
735738,0.00931921
735739,0.34990636
735740,0.13779017
735741,0.04322276
735742,0.03601786
735743,0.0016648492
735744,0.9859772
735745,0.4320781
735746,0.027550818
735747,0.2305599
735748,0.9950067
735749,0.003978773
735750,0.23211712
735751,0.22857888
735752,0.052471884
735753,0.9610681
735754,0.05009388
735755,0.1622811
735756,0.018570084
735757,0.9735363
735758,0.008796543
735759,0.1877804
735760,0.9591703
735761,0.4384044
735762,0.1444018
735763,0.9559504
735764,0.07838046
735765,0.014165665
735766,0.007622905
735767,0.7454134
735768,0.03097328
735769,0.0015768304
735770,0.9148481
735771,0.0111354925
735772,0.9933717
735773,0.014133462
735774,0.19548398
735775,0.9492376
735776,0.87074554
735777,0.016805224
735778,0.93849134
735779,0.07366805
735780,0.0038496836
735781,0.020794937
735782,0.9691185
735783,0.981713
735784,0.06744587
735785,0.010168063
735786,0.0027016005
735787,0.1124814
735788,0.9557583
735789,0.037360415
735790,0.9566951
735791,0.58713055
735792,0.99643874
735793,0.7276113
735794,0.011834102
735795,0.028403427
735796,0.99519306
735797,0.01927987
735798,0.018363412
735799,0.03137152
735800,0.064654715
735801,0.03813731
735802,0.33154556
735803,0.00904965
735804,0.11837759
735805,0.51690495
735806,0.8149951
735807,0.02310976
735808,0.97290087
735809,0.9996987
735810,0.019219987
735811,0.9619831
735812,0.002401404
735813,0.046051316
735814,0.697487
735815,0.29663038
735816,0.003969164
735817,0.007440132
735818,0.5804012
735819,0.23611775
735820,0.015141664
735821,0.99212027
735822,0.98399913
735823,0.36684144
735824,0.90783775
735825,0.011123883
735826,0.010596321
735827,0.009683741
735828,0.4222942
735829,0.012417712
735830,0.45324022
735831,0.8032836
735832,0.9128288
735833,0.019277113
735834,0.1365259
735835,0.012495965
735836,0.9984485
735837,0.7574714
735838,0.1815729
735839,0.15935746
735840,0.9935744
735841,0.8171454
735842,0.7105817
735843,0.8694054
735844,0.44405156
735845,0.99283564
735846,0.84758687
735847,0.04283268
735848,0.08692925
735849,0.26099873
735850,0.010724618
735851,0.03193213
735852,0.016211594
735853,0.008634091
735854,0.053557057
735855,0.25880778
735856,0.27228636
735857,0.9980758
735858,0.8948196
735859,0.88971674
735860,0.212692
735861,0.99105287
735862,0.6584959
735863,0.00073822035
735864,0.9800259
735865,0.009990436
735866,0.9087013
735867,0.2455031
735868,0.83905655
735869,0.72961
735870,0.9948107
735871,0.9755573
735872,0.24541923
735873,0.09384726
735874,0.98842573
735875,0.26698682
735876,0.93821514
735877,0.99846286
735878,0.96823883
735879,0.0047122724
735880,0.9316356
735881,0.878067
735882,0.526492
735883,0.13059193
735884,0.07447745
735885,0.0389258
735886,0.9848163
735887,0.005314571
735888,0.037656073
735889,0.988051
735890,0.99709153
735891,0.96719325
735892,0.0972244
735893,0.0058862697
735894,0.012372696
735895,0.018463887
735896,0.047632918
735897,0.9195476
735898,0.6623659
735899,0.7321959
735900,0.9288006
735901,0.09837397
735902,0.03684573
735903,0.7702687
735904,0.94642705
735905,0.88065493
735906,0.98980236
735907,0.8912085
735908,0.8843483
735909,0.22643664
735910,0.30757633
735911,0.080024354
735912,0.1369231
735913,0.98771495
735914,0.8416329
735915,0.010710214
735916,0.96381783
735917,0.9662058
735918,0.032422055
735919,0.068377286
735920,0.007933569
735921,0.9758526
735922,0.94289774
735923,0.9643806
735924,0.015119832
735925,0.9988246
735926,0.024300158
735927,0.999781
735928,0.495194
735929,0.0180009
735930,0.12182057
735931,0.5470435
735932,0.9969432
735933,0.8259988
735934,0.008469319
735935,0.84630847
735936,0.7790436
735937,0.99546146
735938,0.95842505
735939,0.803457
735940,0.060143746
735941,0.1799884
735942,0.15302463
735943,0.9227752
735944,0.03783045
735945,0.30485976
735946,0.9802891
735947,0.23717049
735948,0.9979141
735949,0.56365657
735950,0.5885208
735951,0.042577166
735952,0.0164526
735953,0.7993508
735954,0.8736429
735955,0.6365004
735956,0.043768477
735957,0.014665289
735958,0.84259784
735959,0.041682974
735960,0.2774041
735961,0.012674572
735962,0.3391526
735963,0.92952675
735964,0.9865761
735965,0.9834748
735966,0.8940103
735967,0.10636201
735968,0.933941
735969,0.43981743
735970,0.27636495
735971,0.20192993
735972,0.20170632
735973,0.17055985
735974,0.04337685
735975,0.005467726
735976,0.027011815
735977,0.9293645
735978,0.9721932
735979,0.17996904
735980,0.025866607
735981,0.99861056
735982,0.0834212
735983,0.045695424
735984,0.949551
735985,0.98857856
735986,0.42031023
735987,0.79722697
735988,0.86934555
735989,0.03869571
735990,0.15286607
735991,0.005794711
735992,0.010121623
735993,0.008042778
735994,0.010093354
735995,0.63534385
735996,0.96414953
735997,0.8215556
735998,0.996402
735999,0.02284532
736000,0.059196144
736001,0.20793116
736002,0.78456247
736003,0.04933536
736004,0.226134
736005,0.0051674503
736006,0.26278374
736007,0.16716371
736008,0.3315835
736009,0.41593933
736010,0.39513883
736011,0.029531593
736012,0.008974952
736013,0.18872978
736014,0.98358965
736015,0.004137571
736016,0.2482614
736017,0.9186857
736018,0.33102033
736019,0.98734975
736020,0.9342068
736021,0.5792362
736022,0.07584689
736023,0.4420972
736024,0.032731403
736025,0.46154115
736026,0.10881101
736027,0.09802303
736028,0.91618913
736029,0.96932757
736030,0.9963512
736031,0.8142376
736032,0.96877605
736033,0.012602495
736034,0.33485758
736035,0.9912683
736036,0.66937834
736037,0.983847
736038,0.94455546
736039,0.99831855
736040,0.013153806
736041,0.9815306
736042,0.93669283
736043,0.94675446
736044,0.9773525
736045,0.76681316
736046,0.024633862
736047,0.9278089
736048,0.58471715
736049,0.061946057
736050,0.010296025
736051,0.92748487
736052,0.9455445
736053,0.7732426
736054,0.9844802
736055,0.95155394
736056,0.15775968
736057,0.16786847
736058,0.91406274
736059,0.014329626
736060,0.027055515
736061,0.98765755
736062,0.90925366
736063,0.34976715
736064,0.99242914
736065,0.9874327
736066,0.19724841
736067,0.9508792
736068,0.008087618
736069,0.9690523
736070,0.20962317
736071,0.99841213
736072,0.43401906
736073,0.90948033
736074,0.19826986
736075,0.9964839
736076,0.81622475
736077,0.99795103
736078,0.11070328
736079,0.8400226
736080,0.015528001
736081,0.07195993
736082,0.32257298
736083,0.6870047
736084,0.9913941
736085,0.88039255
736086,0.01637379
736087,0.4418106
736088,0.98943037
736089,0.8617027
736090,0.025901377
736091,0.9575227
736092,0.06733161
736093,0.6376459
736094,0.9560358
736095,0.030935228
736096,0.95955676
736097,0.7335757
736098,0.98823243
736099,0.008676985
736100,0.95007604
736101,0.9563246
736102,0.02775555
736103,0.050848037
736104,0.8218713
736105,0.3046761
736106,0.85835284
736107,0.94305605
736108,0.09116545
736109,0.41115808
736110,0.97382367
736111,0.01014482
736112,0.011773698
736113,0.18534435
736114,0.15632732
736115,0.17932221
736116,0.09943625
736117,0.85248965
736118,0.015364753
736119,0.56586367
736120,0.18992701
736121,0.98847073
736122,0.012628483
736123,0.025930554
736124,0.9496768
736125,0.8670954
736126,0.023237802
736127,0.20798394
736128,0.024446737
736129,0.007391361
736130,0.027215235
736131,0.48599148
736132,0.90695506
736133,0.9460987
736134,0.67346466
736135,0.013724639
736136,0.056384835
736137,0.09471463
736138,0.24278176
736139,0.98776907
736140,0.6093827
736141,0.97033954
736142,0.9784888
736143,0.94942856
736144,0.034477033
736145,0.06981678
736146,0.8713976
736147,0.6937833
736148,0.65274936
736149,0.059599504
736150,0.42928892
736151,0.052177005
736152,0.97656524
736153,0.23108338
736154,0.017813843
736155,0.022786409
736156,0.012998218
736157,0.0321188
736158,0.24281132
736159,0.8232702
736160,0.39492637
736161,0.031059075
736162,0.58960944
736163,0.018125128
736164,0.7222875
736165,0.024974218
736166,0.12605333
736167,0.029806472
736168,0.37215787
736169,0.8713905
736170,0.3242386
736171,0.004169789
736172,0.9645393
736173,0.9382383
736174,0.03642126
736175,0.46683547
736176,0.2283662
736177,0.60866445
736178,0.005657775
736179,0.9598338
736180,0.7166183
736181,0.16170801
736182,0.01891782
736183,0.96612316
736184,0.9988625
736185,0.65392566
736186,0.8631796
736187,0.011743115
736188,0.022308428
736189,0.99508876
736190,0.17563732
736191,0.767287
736192,0.002407386
736193,0.013862927
736194,0.36367413
736195,0.46526054
736196,0.98609257
736197,0.5907278
736198,0.14590786
736199,0.9843325
736200,0.15244886
736201,0.008269046
736202,0.9187852
736203,0.017217822
736204,0.41517067
736205,0.81097186
736206,0.02725529
736207,0.0064356555
736208,0.835709
736209,0.07003256
736210,0.048639696
736211,0.9863596
736212,0.03348302
736213,0.9070096
736214,0.013335255
736215,0.11357035
736216,0.9889909
736217,0.13573554
736218,0.008335676
736219,0.00590582
736220,0.3893058
736221,0.07449507
736222,0.15358935
736223,0.015195308
736224,0.9941313
736225,0.9966468
736226,0.04194952
736227,0.5455922
736228,0.028417043
736229,0.97742605
736230,0.035611458
736231,0.99710155
736232,0.0089909965
736233,0.058082283
736234,0.99684745
736235,0.0065078493
736236,0.040656045
736237,0.34695858
736238,0.8339694
736239,0.04588962
736240,0.69645476
736241,0.99449956
736242,0.99432826
736243,0.5432078
736244,0.016021246
736245,0.28306603
736246,0.41820532
736247,0.9713622
736248,0.14574641
736249,0.25216493
736250,0.96855146
736251,0.14710878
736252,0.6025154
736253,0.027484838
736254,0.049251296
736255,0.60024804
736256,0.757514
736257,0.025604215
736258,0.013137987
736259,0.99042505
736260,0.9923869
736261,0.9852503
736262,0.9378191
736263,0.10449404
736264,0.99376535
736265,0.97203195
736266,0.7344867
736267,0.87938714
736268,0.23383285
736269,0.99328375
736270,0.76232207
736271,0.2135869
736272,0.010567169
736273,0.00954099
736274,0.102901824
736275,0.22701831
736276,0.5104291
736277,0.7060753
736278,0.041576393
736279,0.9742938
736280,0.5305342
736281,0.16341355
736282,0.9928417
736283,0.7817768
736284,0.9969572
736285,0.8699931
736286,0.7114067
736287,0.011716727
736288,0.95060486
736289,0.8089851
736290,0.9823438
736291,0.0057457173
736292,0.9143257
736293,0.9306265
736294,0.040181108
736295,0.009115705
736296,0.8055937
736297,0.002248278
736298,0.9893658
736299,0.049340554
736300,0.93301296
736301,0.15713999
736302,0.9993969
736303,0.9486661
736304,0.14697886
736305,0.97325194
736306,0.17949206
736307,0.017378498
736308,0.06646645
736309,0.95448256
736310,0.80903625
736311,0.25516427
736312,0.00838142
736313,0.9983918
736314,0.30025482
736315,0.1581931
736316,0.021268835
736317,0.06239308
736318,0.79062253
736319,0.41869405
736320,0.0657565
736321,0.26942864
736322,0.12427378
736323,0.0023860447
736324,0.05427037
736325,0.11703709
736326,0.18187724
736327,0.097551346
736328,0.0071262303
736329,0.087439395
736330,0.93314964
736331,0.07474942
736332,0.59178776
736333,0.022366622
736334,0.33626747
736335,0.99670523
736336,0.073724255
736337,0.14741221
736338,0.9803398
736339,0.24233292
736340,0.1499688
736341,0.7294624
736342,0.9995498
736343,0.02999654
736344,0.06047922
736345,0.42232227
736346,0.9479182
736347,0.039289366
736348,0.050270073
736349,0.009654896
736350,0.94894314
736351,0.42493972
736352,0.7059047
736353,0.081583574
736354,0.0030836707
736355,0.13824213
736356,0.020179672
736357,0.5037444
736358,0.6453652
736359,0.17955318
736360,0.8718005
736361,0.9880892
736362,0.01320889
736363,0.049718343
736364,0.041377444
736365,0.110303536
736366,0.99809897
736367,0.004416068
736368,0.10459534
736369,0.78875375
736370,0.11441769
736371,0.016552877
736372,0.96457934
736373,0.018639384
736374,0.034030173
736375,0.015850786
736376,0.02298333
736377,0.058241278
736378,0.952482
736379,0.5103475
736380,0.98828906
736381,0.50905997
736382,0.05976884
736383,0.2980606
736384,0.9232796
736385,0.58699524
736386,0.17831568
736387,0.66146404
736388,0.98923516
736389,0.008248451
736390,0.18361798
736391,0.39413762
736392,0.9844013
736393,0.9959444
736394,0.38760814
736395,0.008730551
736396,0.101509094
736397,0.020172432
736398,0.020388246
736399,0.9332011
736400,0.8890306
736401,0.99257785
736402,0.007856016
736403,0.75257593
736404,0.024490675
736405,0.008500147
736406,0.6990689
736407,0.004849037
736408,0.33903718
736409,0.006077973
736410,0.7599361
736411,0.97257304
736412,0.20936057
736413,0.998085
736414,0.036238253
736415,0.5015114
736416,0.8919622
736417,0.98827946
736418,0.9922917
736419,0.8974821
736420,0.916135
736421,0.9815819
736422,0.5492591
736423,0.9923517
736424,0.6641365
736425,0.8897638
736426,0.98845744
736427,0.04586154
736428,0.02734147
736429,0.9851303
736430,0.0032168196
736431,0.021032406
736432,0.008193041
736433,0.9971845
736434,0.783931
736435,0.57617253
736436,0.6763131
736437,0.16054672
736438,0.9263496
736439,0.91216636
736440,0.9871567
736441,0.9860539
736442,0.014050548
736443,0.99172556
736444,0.30088595
736445,0.0042523374
736446,0.9474055
736447,0.014719576
736448,0.29333574
736449,0.067018405
736450,0.0875157
736451,0.29211637
736452,0.99394697
736453,0.08659724
736454,0.011243928
736455,0.62717754
736456,0.06091444
736457,0.095979884
736458,0.02465137
736459,0.07787451
736460,0.24644981
736461,0.28091553
736462,0.010234236
736463,0.7998139
736464,0.6864167
736465,0.9935984
736466,0.0049993563
736467,0.98788226
736468,0.9997257
736469,0.013403868
736470,0.9694473
736471,0.7097622
736472,0.8435763
736473,0.9641113
736474,0.93689656
736475,0.08392398
736476,0.8304459
736477,0.07663137
736478,0.76587
736479,0.91557926
736480,0.11276265
736481,0.06455736
736482,0.13621804
736483,0.8612026
736484,0.99773383
736485,0.46574748
736486,0.43648124
736487,0.11560827
736488,0.02082039
736489,0.732964
736490,0.29324177
736491,0.009872314
736492,0.3991752
736493,0.5066361
736494,0.027832026
736495,0.9954144
736496,0.99318266
736497,0.011191323
736498,0.529201
736499,0.1700531
736500,0.02935721
736501,0.023044784
736502,0.007885002
736503,0.948239
736504,0.33795685
736505,0.3919037
736506,0.7975151
736507,0.11583326
736508,0.011856783
736509,0.028176006
736510,0.9911906
736511,0.748683
736512,0.9985669
736513,0.14126174
736514,0.0081789065
736515,0.9934793
736516,0.007131211
736517,0.99840283
736518,0.43817636
736519,0.9811165
736520,0.014094566
736521,0.7991667
736522,0.86981004
736523,0.0013561745
736524,0.025866302
736525,0.7421085
736526,0.992911
736527,0.012305988
736528,0.16119304
736529,0.0048402883
736530,0.008614169
736531,0.009822191
736532,0.9782029
736533,0.080809556
736534,0.0005822324
736535,0.028381122
736536,0.95305717
736537,0.88704187
736538,0.006547504
736539,0.9913248
736540,0.032782577
736541,0.011586258
736542,0.038542643
736543,0.8246019
736544,0.9214868
736545,0.2489582
736546,0.027440036
736547,0.011985029
736548,0.015281009
736549,0.015505452
736550,0.0370285
736551,0.9937587
736552,0.16231208
736553,0.45482373
736554,0.99007404
736555,0.007889719
736556,0.28390422
736557,0.96296656
736558,0.017375324
736559,0.017636526
736560,0.052848965
736561,0.31624055
736562,0.012967
736563,0.07880576
736564,0.6648326
736565,0.5046276
736566,0.6573703
736567,0.9942833
736568,0.07884399
736569,0.15810326
736570,0.621225
736571,0.48749828
736572,0.22229542
736573,0.94895333
736574,0.36198235
736575,0.79598564
736576,0.9978989
736577,0.84376454
736578,0.98070234
736579,0.021654999
736580,0.0031252452
736581,0.00561853
736582,0.6244841
736583,0.9677293
736584,0.98794925
736585,0.027863031
736586,0.060569644
736587,0.86255103
736588,0.0074555236
736589,0.040193114
736590,0.7858047
736591,0.0526315
736592,0.0047061387
736593,0.9643229
736594,0.54529285
736595,0.9369068
736596,0.16971257
736597,0.013998618
736598,0.7768348
736599,0.81076443
736600,0.08890696
736601,0.99295175
736602,0.05477373
736603,0.9965687
736604,0.80267584
736605,0.01085693
736606,0.97669727
736607,0.05774258
736608,0.14900059
736609,0.8977842
736610,0.9910207
736611,0.855695
736612,0.67825246
736613,0.9961423
736614,0.39090562
736615,0.9748379
736616,0.03451727
736617,0.0054033687
736618,0.9912533
736619,0.04732157
736620,0.013913566
736621,0.055759043
736622,0.973027
736623,0.11781604
736624,0.29548272
736625,0.02338986
736626,0.45070797
736627,0.99755555
736628,0.90167195
736629,0.07331687
736630,0.015004137
736631,0.051326986
736632,0.80661035
736633,0.99258864
736634,0.19917631
736635,0.1407091
736636,0.104277045
736637,0.5674127
736638,0.25922406
736639,0.031404838
736640,0.9888447
736641,0.96039075
736642,0.025947446
736643,0.28469378
736644,0.9972188
736645,0.97656935
736646,0.008913745
736647,0.57966787
736648,0.9667754
736649,0.16792102
736650,0.007914273
736651,0.9948666
736652,0.9545951
736653,0.4151584
736654,0.43468112
736655,0.90127546
736656,0.3854962
736657,0.008860197
736658,0.021310553
736659,0.66256636
736660,0.028515078
736661,0.76425934
736662,0.66270953
736663,0.8646372
736664,0.06769809
736665,0.07761574
736666,0.55973727
736667,0.97627723
736668,0.013225358
736669,0.034773327
736670,0.012480535
736671,0.00066767936
736672,0.029220898
736673,0.9871308
736674,0.2791016
736675,0.71553946
736676,0.0021321964
736677,0.09935608
736678,0.99970764
736679,0.022973802
736680,0.7854825
736681,0.8463462
736682,0.9980899
736683,0.0010513456
736684,0.011140756
736685,0.037099537
736686,0.040762976
736687,0.0050867656
736688,0.90750587
736689,0.025024846
736690,0.027454086
736691,0.53674614
736692,0.18023291
736693,0.07419318
736694,0.07936467
736695,0.97521096
736696,0.9784875
736697,0.9946939
736698,0.98288095
736699,0.99282676
736700,0.7546888
736701,0.030555828
736702,0.0064712483
736703,0.021574723
736704,0.99551535
736705,0.020489352
736706,0.026155744
736707,0.96976554
736708,0.98465025
736709,0.9666056
736710,0.8713604
736711,0.8973487
736712,0.9216433
736713,0.010968659
736714,0.06304214
736715,0.015221647
736716,0.9747441
736717,0.05111658
736718,0.45570776
736719,0.02844721
736720,0.9934533
736721,0.92350817
736722,0.06797368
736723,0.02679342
736724,0.9935068
736725,0.30321538
736726,0.9718635
736727,0.870224
736728,0.052493803
736729,0.9307512
736730,0.96439534
736731,0.9497949
736732,0.18778872
736733,0.014324141
736734,0.021498144
736735,0.014205482
736736,0.02930751
736737,0.952221
736738,0.019097375
736739,0.09803074
736740,0.9881763
736741,0.9239498
736742,0.92293763
736743,0.9307218
736744,0.9864992
736745,0.9937766
736746,0.013836138
736747,0.017161872
736748,0.7262944
736749,0.04282063
736750,0.009499023
736751,0.9972938
736752,0.85047925
736753,0.109730065
736754,0.9953052
736755,0.69449264
736756,0.76711607
736757,0.9971509
736758,0.9879743
736759,0.057570674
736760,0.99939597
736761,0.0028560078
736762,0.86083025
736763,0.9954218
736764,0.6252306
736765,0.015452599
736766,0.652918
736767,0.015916988
736768,0.18237866
736769,0.81405044
736770,0.799184
736771,0.9833317
736772,0.995578
736773,0.933468
736774,0.047748484
736775,0.15484338
736776,0.090568125
736777,0.45536077
736778,0.98366416
736779,0.01357338
736780,0.005071416
736781,0.23786141
736782,0.98436815
736783,0.74534416
736784,0.9954849
736785,0.0037763165
736786,0.908187
736787,0.6302399
736788,0.08106361
736789,0.9795203
736790,0.034152742
736791,0.006875598
736792,0.018054754
736793,0.9974514
736794,0.99934924
736795,0.47123575
736796,0.96040046
736797,0.1216029
736798,0.15010417
736799,0.95036024
736800,0.97711015
736801,0.04864183
736802,0.003395223
736803,0.13891222
736804,0.08688539
736805,0.70806575
736806,0.06679465
736807,0.06591238
736808,0.049731396
736809,0.9695678
736810,0.016699411
736811,0.7933479
736812,0.6041176
736813,0.0079319505
736814,0.019343741
736815,0.0147118075
736816,0.9459611
736817,0.953732
736818,0.94114435
736819,0.044035926
736820,0.10582732
736821,0.98811823
736822,0.95871305
736823,0.28825507
736824,0.9990896
736825,0.01913651
736826,0.5297772
736827,0.11056293
736828,0.99511665
736829,0.97291553
736830,0.9748584
736831,0.95275176
736832,0.059955843
736833,0.9901439
736834,0.21948704
736835,0.52201724
736836,0.90826905
736837,0.050408747
736838,0.18637443
736839,0.5373617
736840,0.010471167
736841,0.28879339
736842,0.0022559722
736843,0.92929095
736844,0.6133569
736845,0.99477506
736846,0.24454072
736847,0.94667536
736848,0.13618809
736849,0.15939683
736850,0.8227082
736851,0.9065101
736852,0.0140588945
736853,0.9690729
736854,0.028815843
736855,0.007973298
736856,0.7035345
736857,0.15139872
736858,0.018250745
736859,0.2874147
736860,0.03889279
736861,0.70791584
736862,0.030790042
736863,0.81411785
736864,0.99482167
736865,0.32334697
736866,0.99608934
736867,0.5827377
736868,0.09735978
736869,0.070727095
736870,0.9445538
736871,0.0810802
736872,0.012162211
736873,0.039628588
736874,0.86344266
736875,0.29687148
736876,0.03608735
736877,0.0098575745
736878,0.17248884
736879,0.025403267
736880,0.038277965
736881,0.9694653
736882,0.12983868
736883,0.3510615
736884,0.48922014
736885,0.66020685
736886,0.5972382
736887,0.99242604
736888,0.012188438
736889,0.9530034
736890,0.18116552
736891,0.9866743
736892,0.12921938
736893,0.032912754
736894,0.004485457
736895,0.8719886
736896,0.6487117
736897,0.048124056
736898,0.7935583
736899,0.104395576
736900,0.10752905
736901,0.66177744
736902,0.23286197
736903,0.0031890778
736904,0.12665932
736905,0.7414459
736906,0.99106
736907,0.88428044
736908,0.014433461
736909,0.99546695
736910,0.0076621035
736911,0.70337594
736912,0.9847667
736913,0.9701432
736914,0.0216453
736915,0.2137451
736916,0.16700947
736917,0.8566162
736918,0.29979283
736919,0.01709719
736920,0.017791394
736921,0.9973934
736922,0.007701071
736923,0.09841409
736924,0.63100463
736925,0.039808903
736926,0.008853858
736927,0.9152125
736928,0.99742496
736929,0.8652189
736930,0.897681
736931,0.99348056
736932,0.045127653
736933,0.8774828
736934,0.8673827
736935,0.9940091
736936,0.6232466
736937,0.06535345
736938,0.09184396
736939,0.43101326
736940,0.9498061
736941,0.0048866733
736942,0.013260547
736943,0.38259095
736944,0.79008085
736945,0.028228726
736946,0.0032373685
736947,0.9904223
736948,0.0032893212
736949,0.017702105
736950,0.7367953
736951,0.9953605
736952,0.14432403
736953,0.00323946
736954,0.9669106
736955,0.87905
736956,0.0031777625
736957,0.01641914
736958,0.7659471
736959,0.0067122476
736960,0.86639655
736961,0.0083086975
736962,0.9077319
736963,0.9868092
736964,0.004755549
736965,0.97924954
736966,0.05273969
736967,0.032660384
736968,0.14176004
736969,0.33818504
736970,0.014678185
736971,0.002277341
736972,0.9882047
736973,0.94469386
736974,0.74526495
736975,0.04027999
736976,0.009217437
736977,0.041084565
736978,0.012362676
736979,0.988413
736980,0.09841295
736981,0.99725574
736982,0.27998024
736983,0.5698276
736984,0.59067315
736985,0.30639422
736986,0.015188435
736987,0.97871214
736988,0.7230519
736989,0.9373912
736990,0.56845176
736991,0.019206075
736992,0.43951893
736993,0.9389426
736994,0.03418398
736995,0.10204907
736996,0.0210103
736997,0.014555991
736998,0.8198626
736999,0.9091954
737000,0.65515935
737001,0.27709854
737002,0.9990543
737003,0.08036421
737004,0.78815126
737005,0.016492771
737006,0.26858774
737007,0.0051032794
737008,0.9991375
737009,0.9080963
737010,0.30525374
737011,0.13473848
737012,0.9777509
737013,0.010353188
737014,0.24595314
737015,0.018345073
737016,0.42218265
737017,0.7694385
737018,0.034900006
737019,0.021683723
737020,0.99602354
737021,0.23240465
737022,0.06480271
737023,0.0034369736
737024,0.9737794
737025,0.0064226193
737026,0.03954283
737027,0.72266406
737028,0.8716729
737029,0.17111728
737030,0.034680862
737031,0.007883948
737032,0.17145434
737033,0.90010935
737034,0.9989834
737035,0.35632968
737036,0.053945478
737037,0.9899822
737038,0.0061139483
737039,0.8618319
737040,0.25714082
737041,0.9711342
737042,0.06007369
737043,0.022713693
737044,0.026510568
737045,0.81606734
737046,0.99637806
737047,0.9914714
737048,0.06834827
737049,0.9876532
737050,0.025217999
737051,0.062859364
737052,0.19982262
737053,0.97786504
737054,0.04102841
737055,0.15606543
737056,0.11602516
737057,0.0583107
737058,0.9823017
737059,0.025596974
737060,0.29405415
737061,0.026922086
737062,0.00282304
737063,0.0445859
737064,0.15577962
737065,0.9970607
737066,0.9756551
737067,0.35992885
737068,0.96938705
737069,0.91798544
737070,0.008472701
737071,0.07012496
737072,0.96401554
737073,0.9989844
737074,0.87569445
737075,0.07121609
737076,0.8403326
737077,0.21755974
737078,0.04358853
737079,0.1590624
737080,0.042090543
737081,0.6041384
737082,0.98809826
737083,0.005587315
737084,0.002311845
737085,0.03344444
737086,0.018996984
737087,0.9783558
737088,0.0026885564
737089,0.0808963
737090,0.018479645
737091,0.010211862
737092,0.008030793
737093,0.017210325
737094,0.947937
737095,0.6228368
737096,0.9898367
737097,0.04190962
737098,0.9360311
737099,0.0056691803
737100,0.0296341
737101,0.68030405
737102,0.99398756
737103,0.02768682
737104,0.2040911
737105,0.18861756
737106,0.009472578
737107,0.99082774
737108,0.030065283
737109,0.04325808
737110,0.17320384
737111,0.975468
737112,0.010564065
737113,0.9422091
737114,0.27861765
737115,0.9683452
737116,0.92782426
737117,0.06295528
737118,0.8593261
737119,0.037950058
737120,0.89937115
737121,0.20484796
737122,0.36550334
737123,0.9572129
737124,0.9376823
737125,0.99651575
737126,0.5192865
737127,0.047539454
737128,0.03426951
737129,0.005948823
737130,0.883389
737131,0.8206671
737132,0.90046495
737133,0.050727002
737134,0.9943687
737135,0.9253285
737136,0.18426363
737137,0.046339482
737138,0.95303744
737139,0.12465785
737140,0.0023148935
737141,0.16744173
737142,0.008179088
737143,0.09038846
737144,0.042530578
737145,0.005546722
737146,0.025596593
737147,0.070252836
737148,0.9823028
737149,0.028177898
737150,0.67300814
737151,0.011529634
737152,0.49039885
737153,0.1699515
737154,0.9214138
737155,0.99288917
737156,0.05298851
737157,0.8822206
737158,0.083478056
737159,0.9876714
737160,0.655304
737161,0.1020815
737162,0.049810234
737163,0.9163338
737164,0.967756
737165,0.9122318
737166,0.026302785
737167,0.065987304
737168,0.7967735
737169,0.74160683
737170,0.045828886
737171,0.0058053746
737172,0.9070989
737173,0.9774721
737174,0.96409965
737175,0.018215595
737176,0.6786625
737177,0.009309408
737178,0.7124078
737179,0.9961403
737180,0.9275328
737181,0.004962547
737182,0.007815098
737183,0.9843981
737184,0.64247394
737185,0.04458748
737186,0.040142626
737187,0.33795854
737188,0.0027527015
737189,0.56786776
737190,0.8911219
737191,0.19995604
737192,0.040363804
737193,0.016809985
737194,0.19421579
737195,0.99956423
737196,0.5979517
737197,0.8717848
737198,0.03163328
737199,0.9952565
737200,0.75602335
737201,0.98717296
737202,0.97810805
737203,0.027527241
737204,0.8273686
737205,0.98788387
737206,0.004928566
737207,0.73833233
737208,0.9979224
737209,0.8556987
737210,0.13228446
737211,0.025882479
737212,0.019792886
737213,0.85647
737214,0.002705231
737215,0.14996648
737216,0.9385627
737217,0.64157224
737218,0.62793326
737219,0.0208278
737220,0.025093427
737221,0.66497356
737222,0.971285
737223,0.4366984
737224,0.07350713
737225,0.159847
737226,0.48861745
737227,0.85747385
737228,0.0017416868
737229,0.054311868
737230,0.98441523
737231,0.17246401
737232,0.01859321
737233,0.9068104
737234,0.016975507
737235,0.005086715
737236,0.0043119304
737237,0.222806
737238,0.048606902
737239,0.07832089
737240,0.034084685
737241,0.050162237
737242,0.47509825
737243,0.103836365
737244,0.2266039
737245,0.99975944
737246,0.06619248
737247,0.009209206
737248,0.5254475
737249,0.038586725
737250,0.7375984
737251,0.9403246
737252,0.9551414
737253,0.98552835
737254,0.19047517
737255,0.19755262
737256,0.07274854
737257,0.93922985
737258,0.9744176
737259,0.23063
737260,0.6796149
737261,0.24864657
737262,0.013250442
737263,0.18733597
737264,0.004993208
737265,0.96915895
737266,0.30758393
737267,0.060206003
737268,0.9207134
737269,0.14210732
737270,0.11992431
737271,0.9914548
737272,0.96704775
737273,0.99070424
737274,0.012065157
737275,0.5540509
737276,0.032993764
737277,0.9080989
737278,0.79369175
737279,0.37913036
737280,0.9955018
737281,0.9934672
737282,0.058474977
737283,0.9721902
737284,0.07026142
737285,0.33815935
737286,0.0651405
737287,0.66357744
737288,0.10259646
737289,0.99659085
737290,0.9795038
737291,0.11376431
737292,0.034443386
737293,0.20693585
737294,0.39778572
737295,0.17888477
737296,0.024291612
737297,0.9385332
737298,0.15830228
737299,0.36468637
737300,0.55213493
737301,0.9958132
737302,0.09140059
737303,0.22706161
737304,0.097353734
737305,0.5925348
737306,0.031222725
737307,0.30559677
737308,0.017465955
737309,0.8962908
737310,0.023118954
737311,0.94649774
737312,0.6361766
737313,0.995306
737314,0.9985808
737315,0.08461262
737316,0.02972366
737317,0.9795709
737318,0.9912889
737319,0.9911787
737320,0.71550304
737321,0.17708486
737322,0.5935888
737323,0.9980813
737324,0.39661598
737325,0.8612818
737326,0.98719305
737327,0.083363526
737328,0.005029278
737329,0.8198656
737330,0.01171762
737331,0.2226015
737332,0.9929509
737333,0.12138371
737334,0.021367848
737335,0.11314018
737336,0.91288394
737337,0.044724025
737338,0.9985508
737339,0.529763
737340,0.01216072
737341,0.12089152
737342,0.029775804
737343,0.9934332
737344,0.0057038465
737345,0.025115522
737346,0.9698892
737347,0.5983884
737348,0.9995998
737349,0.015380148
737350,0.02136402
737351,0.9459833
737352,0.27541855
737353,0.94660705
737354,0.39414904
737355,0.92933065
737356,0.026404617
737357,0.23471099
737358,0.09558228
737359,0.9984901
737360,0.034138147
737361,0.38457075
737362,0.92490476
737363,0.9727711
737364,0.9535744
737365,0.091184035
737366,0.8443448
737367,0.9948964
737368,0.93524194
737369,0.9885271
737370,0.0062781954
737371,0.07426562
737372,0.9978012
737373,0.026862886
737374,0.57852685
737375,0.021672005
737376,0.024168616
737377,0.7535014
737378,0.03212107
737379,0.78482616
737380,0.08440343
737381,0.9535409
737382,0.015037135
737383,0.080681264
737384,0.033789966
737385,0.3636434
737386,0.95848185
737387,0.024444398
737388,0.9978571
737389,0.0042660907
737390,0.613453
737391,0.076085374
737392,0.9753456
737393,0.6428473
737394,0.9791323
737395,0.052650824
737396,0.04316084
737397,0.11227911
737398,0.5368515
737399,0.87209165
737400,0.026934901
737401,0.98174715
737402,0.06331468
737403,0.33964628
737404,0.11013168
737405,0.9186377
737406,0.53974676
737407,0.7123638
737408,0.9948044
737409,0.3029916
737410,0.8690083
737411,0.08740389
737412,0.97098124
737413,0.9996837
737414,0.093103476
737415,0.9963734
737416,0.9615254
737417,0.0043005226
737418,0.87634337
737419,0.47422618
737420,0.032253817
737421,0.9469956
737422,0.99369556
737423,0.99510974
737424,0.8706384
737425,0.024145305
737426,0.5832866
737427,0.7011857
737428,0.03366243
737429,0.08059879
737430,0.8584312
737431,0.966851
737432,0.04154546
737433,0.9473138
737434,0.13010469
737435,0.3294501
737436,0.9304428
737437,0.63318944
737438,0.040759493
737439,0.598928
737440,0.018778158
737441,0.009674092
737442,0.035389725
737443,0.9925777
737444,0.9672726
737445,0.06143882
737446,0.98943216
737447,0.6174828
737448,0.5805431
737449,0.013363717
737450,0.73155874
737451,0.07107731
737452,0.403369
737453,0.054856803
737454,0.025661394
737455,0.6314612
737456,0.009295422
737457,0.7765634
737458,0.9942961
737459,0.14319304
737460,0.9582764
737461,0.07505326
737462,0.16924298
737463,0.30861056
737464,0.024659744
737465,0.97495955
737466,0.004287976
737467,0.051886406
737468,0.24267828
737469,0.9070724
737470,0.9584658
737471,0.004545379
737472,0.49062228
737473,0.9533237
737474,0.95984864
737475,0.9754499
737476,0.9652444
737477,0.1807362
737478,0.00886544
737479,0.89378077
737480,0.11102526
737481,0.99168557
737482,0.98813504
737483,0.51711035
737484,0.9029108
737485,0.095060706
737486,0.015090534
737487,0.0123714935
737488,0.016304709
737489,0.008820158
737490,0.9543551
737491,0.8883681
737492,0.656357
737493,0.9913269
737494,0.9715992
737495,0.008706218
737496,0.51393723
737497,0.00925625
737498,0.98180735
737499,0.04024729
737500,0.086448446
737501,0.009153282
737502,0.7225339
737503,0.9192761
737504,0.03203876
737505,0.00602214
737506,0.64026856
737507,0.015575333
737508,0.99171066
737509,0.05413893
737510,0.864009
737511,0.16380118
737512,0.9993944
737513,0.3937756
737514,0.0061744344
737515,0.034144495
737516,0.022997186
737517,0.4570225
737518,0.99793977
737519,0.08322711
737520,0.02620427
737521,0.09050966
737522,0.10136417
737523,0.08069672
737524,0.0353077
737525,0.009554897
737526,0.050045647
737527,0.021972565
737528,0.9332017
737529,0.025997698
737530,0.0071123675
737531,0.8518206
737532,0.5663296
737533,0.13024801
737534,0.003185321
737535,0.9192424
737536,0.010662662
737537,0.99117595
737538,0.42689347
737539,0.015966717
737540,0.82556134
737541,0.96803933
737542,0.9040618
737543,0.056128055
737544,0.69280916
737545,0.09844116
737546,0.2661542
737547,0.105317384
737548,0.81888705
737549,0.13217819
737550,0.1757914
737551,0.4389386
737552,0.9811489
737553,0.81226194
737554,0.52027994
737555,0.03875215
737556,0.9346845
737557,0.09363727
737558,0.019246625
737559,0.57285976
737560,0.15479735
737561,0.97191477
737562,0.99898785
737563,0.024340706
737564,0.062322885
737565,0.08810596
737566,0.9308595
737567,0.2817226
737568,0.0055364855
737569,0.2047672
737570,0.8552906
737571,0.082712226
737572,0.0035461348
737573,0.37133947
737574,0.0040307436
737575,0.0055060615
737576,0.093353644
737577,0.99228346
737578,0.043886624
737579,0.6879722
737580,0.95993745
737581,0.016456889
737582,0.98751074
737583,0.76826745
737584,0.99403864
737585,0.0042379033
737586,0.73805445
737587,0.7767935
737588,0.5676619
737589,0.02628572
737590,0.99193454
737591,0.38381228
737592,0.004488929
737593,0.6008532
737594,0.7833211
737595,0.42205364
737596,0.004406758
737597,0.97494227
737598,0.7663863
737599,0.10509508
737600,0.022599967
737601,0.9912988
737602,0.94281393
737603,0.8307793
737604,0.061731182
737605,0.8004355
737606,0.728608
737607,0.013286272
737608,0.4218517
737609,0.69070274
737610,0.93030393
737611,0.993516
737612,0.0075578457
737613,0.05183965
737614,0.023745518
737615,0.06803265
737616,0.9322313
737617,0.99785054
737618,0.39058363
737619,0.005635379
737620,0.5176076
737621,0.056562006
737622,0.99396676
737623,0.03021339
737624,0.014248525
737625,0.5062708
737626,0.15377797
737627,0.008657716
737628,0.95735353
737629,0.66029185
737630,0.0005231891
737631,0.97809976
737632,0.974593
737633,0.075889
737634,0.0050599617
737635,0.08674445
737636,0.04067443
737637,0.97358716
737638,0.0114067625
737639,0.96821725
737640,0.89827275
737641,0.67717934
737642,0.20889279
737643,0.21617272
737644,0.044867214
737645,0.057597812
737646,0.9055588
737647,0.9404136
737648,0.48759285
737649,0.06129762
737650,0.6619362
737651,0.96038824
737652,0.97649765
737653,0.65807843
737654,0.88144934
737655,0.030821709
737656,0.99610245
737657,0.9334692
737658,0.8887391
737659,0.9822582
737660,0.18346104
737661,0.01835224
737662,0.12584905
737663,0.027214453
737664,0.010909576
737665,0.8579374
737666,0.016641822
737667,0.5294467
737668,0.1993216
737669,0.9772079
737670,0.28542688
737671,0.004249982
737672,0.9558258
737673,0.0052869422
737674,0.011921281
737675,0.07844587
737676,0.024998419
737677,0.05984673
737678,0.7558023
737679,0.00931417
737680,0.032506444
737681,0.96265656
737682,0.15836528
737683,0.9482129
737684,0.008782608
737685,0.9905113
737686,0.065317385
737687,0.95585126
737688,0.12221984
737689,0.9975148
737690,0.04544365
737691,0.4006982
737692,0.0070567937
737693,0.95557463
737694,0.10434533
737695,0.18693572
737696,0.90606964
737697,0.06658982
737698,0.18877229
737699,0.28680408
737700,0.94568014
737701,0.032316193
737702,0.028130144
737703,0.018989133
737704,0.034435414
737705,0.017677171
737706,0.97062635
737707,0.063277334
737708,0.047383808
737709,0.033745863
737710,0.36551064
737711,0.9575546
737712,0.28075975
737713,0.02112313
737714,0.5541991
737715,0.004766682
737716,0.98828477
737717,0.3758238
737718,0.52572536
737719,0.5918212
737720,0.9522029
737721,0.013240475
737722,0.988624
737723,0.017108735
737724,0.04506982
737725,0.015203615
737726,0.26628855
737727,0.002555136
737728,0.99803376
737729,0.54191434
737730,0.80770457
737731,0.74693435
737732,0.25289494
737733,0.031010373
737734,0.01522173
737735,0.49642444
737736,0.99046177
737737,0.0114924675
737738,0.8522007
737739,0.67414004
737740,0.9540918
737741,0.00921605
737742,0.9823966
737743,0.21583982
737744,0.7912413
737745,0.06434513
737746,0.99157166
737747,0.88467884
737748,0.28805503
737749,0.9294488
737750,0.010718195
737751,0.0050663897
737752,0.05855906
737753,0.03792207
737754,0.4287126
737755,0.9860913
737756,0.54789805
737757,0.99607915
737758,0.90745497
737759,0.437843
737760,0.83053315
737761,0.0086239055
737762,0.9928975
737763,0.9668108
737764,0.0126421675
737765,0.9723475
737766,0.2276833
737767,0.011335956
737768,0.9872061
737769,0.88701457
737770,0.9766374
737771,0.53757685
737772,0.99170846
737773,0.848097
737774,0.5850164
737775,0.5684173
737776,0.6680724
737777,0.052148882
737778,0.017782785
737779,0.97681683
737780,0.3871796
737781,0.94078934
737782,0.7449256
737783,0.8806485
737784,0.9576049
737785,0.9766134
737786,0.0078072282
737787,0.2724343
737788,0.99701154
737789,0.8504082
737790,0.9326425
737791,0.97613466
737792,0.8539837
737793,0.94231826
737794,0.6827458
737795,0.03253943
737796,0.34877166
737797,0.003517345
737798,0.044623718
737799,0.09083688
737800,0.9272282
737801,0.056507505
737802,0.49258554
737803,0.028466014
737804,0.017524429
737805,0.9985238
737806,0.056391492
737807,0.023153417
737808,0.020117272
737809,0.99508744
737810,0.9404307
737811,0.9157448
737812,0.9943936
737813,0.9930433
737814,0.20376521
737815,0.94169235
737816,0.20414294
737817,0.9612634
737818,0.38394433
737819,0.20487893
737820,0.47192025
737821,0.013368822
737822,0.28318086
737823,0.15299158
737824,0.0036464755
737825,0.97465694
737826,0.091225155
737827,0.16381495
737828,0.06964801
737829,0.063075125
737830,0.6271107
737831,0.9793422
737832,0.010382348
737833,0.9628622
737834,0.9718709
737835,0.06993899
737836,0.017714381
737837,0.69614935
737838,0.043041833
737839,0.052753273
737840,0.048878923
737841,0.9948894
737842,0.018456465
737843,0.27854723
737844,0.03379199
737845,0.95870614
737846,0.72368574
737847,0.94774544
737848,0.99694014
737849,0.99808115
737850,0.9672736
737851,0.22063689
737852,0.994418
737853,0.0014483555
737854,0.013327329
737855,0.93890417
737856,0.9976349
737857,0.5084916
737858,0.9789201
737859,0.009747806
737860,0.99575585
737861,0.106076576
737862,0.0555278
737863,0.03757333
737864,0.9829607
737865,0.20483477
737866,0.9563987
737867,0.8369766
737868,0.6461607
737869,0.04116748
737870,0.8969135
737871,0.075556785
737872,0.84314084
737873,0.009644561
737874,0.9777228
737875,0.018964726
737876,0.48294157
737877,0.04504555
737878,0.84299093
737879,0.012514761
737880,0.2087833
737881,0.9469782
737882,0.012279809
737883,0.9141878
737884,0.011507429
737885,0.99595976
737886,0.9374141
737887,0.004392826
737888,0.059655026
737889,0.30895305
737890,0.9832344
737891,0.997898
737892,0.09729047
737893,0.8450315
737894,0.31076545
737895,0.009178763
737896,0.99000126
737897,0.922146
737898,0.051574934
737899,0.936032
737900,0.9964478
737901,0.012221282
737902,0.9868902
737903,0.0362237
737904,0.17324017
737905,0.99315816
737906,0.13540733
737907,0.82712185
737908,0.9855402
737909,0.8068762
737910,0.99875
737911,0.44512844
737912,0.06530325
737913,0.016684733
737914,0.0021675043
737915,0.010362664
737916,0.024187673
737917,0.09585278
737918,0.9930192
737919,0.01836726
737920,0.97522885
737921,0.00303123
737922,0.035137486
737923,0.08131943
737924,0.04812493
737925,0.18965136
737926,0.025211902
737927,0.9966909
737928,0.025582608
737929,0.006511412
737930,0.035969853
737931,0.82231903
737932,0.15367416
737933,0.105818376
737934,0.95841974
737935,0.99917287
737936,0.993234
737937,0.21995845
737938,0.033385746
737939,0.05195302
737940,0.5325637
737941,0.903176
737942,0.04791214
737943,0.67418
737944,0.9871539
737945,0.0064411373
737946,0.33356643
737947,0.5924758
737948,0.017374862
737949,0.7506403
737950,0.90850335
737951,0.009154059
737952,0.8915559
737953,0.046433717
737954,0.054802127
737955,0.96515393
737956,0.008675661
737957,0.9683973
737958,0.013769673
737959,0.0022821834
737960,0.9504816
737961,0.98925483
737962,0.9629723
737963,0.3350319
737964,0.91128755
737965,0.033739954
737966,0.12108439
737967,0.114792824
737968,0.049324892
737969,0.990488
737970,0.9976177
737971,0.025186427
737972,0.009024423
737973,0.9626579
737974,0.96494263
737975,0.96289015
737976,0.8178496
737977,0.002800469
737978,0.99314237
737979,0.9839258
737980,0.014699685
737981,0.9949064
737982,0.014962617
737983,0.96121925
737984,0.94296527
737985,0.010475356
737986,0.09557295
737987,0.89108413
737988,0.09714088
737989,0.37795657
737990,0.39962178
737991,0.012691228
737992,0.034214076
737993,0.7875371
737994,0.007642337
737995,0.9019063
737996,0.9797196
737997,0.02723936
737998,0.99009967
737999,0.039636515
738000,0.023425609
738001,0.9998386
738002,0.28615558
738003,0.0652432
738004,0.0044405716
738005,0.121502265
738006,0.9990182
738007,0.19345388
738008,0.9153984
738009,0.9979639
738010,0.001447317
738011,0.96040845
738012,0.027799988
738013,0.42265913
738014,0.9983576
738015,0.052841887
738016,0.017026052
738017,0.9802811
738018,0.97118074
738019,0.73325527
738020,0.08231789
738021,0.013001213
738022,0.011469062
738023,0.7339501
738024,0.9446589
738025,0.014571852
738026,0.06793721
738027,0.44238323
738028,0.9317564
738029,0.008950425
738030,0.024203695
738031,0.15302609
738032,0.14118657
738033,0.9873779
738034,0.9524144
738035,0.14100143
738036,0.72602576
738037,0.051224012
738038,0.9537113
738039,0.0200269
738040,0.02340287
738041,0.03245499
738042,0.3841911
738043,0.036109753
738044,0.9903198
738045,0.014912262
738046,0.90629834
738047,0.9600437
738048,0.97491467
738049,0.68164873
738050,0.5321757
738051,0.8580747
738052,0.9842188
738053,0.90582997
738054,0.28095108
738055,0.95671654
738056,0.13960668
738057,0.011148256
738058,0.088495694
738059,0.015820723
738060,0.963585
738061,0.028784405
738062,0.9830056
738063,0.068179704
738064,0.9811789
738065,0.026683234
738066,0.03356265
738067,0.6004433
738068,0.998948
738069,0.98653024
738070,0.8472739
738071,0.02283188
738072,0.04048481
738073,0.6543401
738074,0.1085525
738075,0.0831215
738076,0.013741435
738077,0.92577606
738078,0.9596968
738079,0.99921966
738080,0.8626945
738081,0.6271436
738082,0.024286823
738083,0.005520873
738084,0.9722541
738085,0.08058178
738086,0.98903745
738087,0.84647995
738088,0.96713555
738089,0.90861607
738090,0.045039948
738091,0.13216764
738092,0.11870099
738093,0.9993439
738094,0.0031486393
738095,0.9981248
738096,0.9771084
738097,0.2798313
738098,0.018161321
738099,0.013109316
738100,0.8579769
738101,0.0056243106
738102,0.009020719
738103,0.10147947
738104,0.030186698
738105,0.07402256
738106,0.43632674
738107,0.93447113
738108,0.18362314
738109,0.751256
738110,0.015339716
738111,0.0028814313
738112,0.022310123
738113,0.14682767
738114,0.001544977
738115,0.32224983
738116,0.95867056
738117,0.81422615
738118,0.97667664
738119,0.008268359
738120,0.8825204
738121,0.6094494
738122,0.040617384
738123,0.04708507
738124,0.98037887
738125,0.04455743
738126,0.9969765
738127,0.007594389
738128,0.018351136
738129,0.017706845
738130,0.67664444
738131,0.91577965
738132,0.92434454
738133,0.015671056
738134,0.0060719466
738135,0.03326366
738136,0.92021364
738137,0.032699768
738138,0.99836385
738139,0.042510696
738140,0.022480514
738141,0.037434347
738142,0.99086726
738143,0.056214094
738144,0.05737148
738145,0.0056995563
738146,0.013538651
738147,0.07798808
738148,0.25797677
738149,0.87395465
738150,0.9977027
738151,0.17155789
738152,0.7185037
738153,0.5721253
738154,0.4315998
738155,0.21772356
738156,0.035938084
738157,0.651973
738158,0.8190919
738159,0.3249552
738160,0.99228346
738161,0.34929323
738162,0.053961094
738163,0.041837238
738164,0.988606
738165,0.12081851
738166,0.48894638
738167,0.0144855995
738168,0.40092427
738169,0.012957752
738170,0.015279929
738171,0.71829784
738172,0.25008032
738173,0.46351612
738174,0.018517952
738175,0.053601615
738176,0.030533776
738177,0.0087258015
738178,0.088954754
738179,0.032097366
738180,0.20117566
738181,0.021368595
738182,0.9714704
738183,0.7793933
738184,0.07916659
738185,0.03308855
738186,0.9953369
738187,0.99762857
738188,0.004224564
738189,0.09503117
738190,0.5272668
738191,0.94146526
738192,0.14350796
738193,0.99900675
738194,0.021687087
738195,0.50674444
738196,0.9916884
738197,0.05919012
738198,0.97534776
738199,0.54801536
738200,0.15309924
738201,0.04335332
738202,0.00094443926
738203,0.104054175
738204,0.8789679
738205,0.6547593
738206,0.9506191
738207,0.020931184
738208,0.14637443
738209,0.004548843
738210,0.70639193
738211,0.8010614
738212,0.96139455
738213,0.014503563
738214,0.61213493
738215,0.979374
738216,0.027554007
738217,0.14878699
738218,0.13096993
738219,0.008892459
738220,0.9897759
738221,0.07025533
738222,0.25395685
738223,0.9763996
738224,0.0039407783
738225,0.1314064
738226,0.027207524
738227,0.9020187
738228,0.01130988
738229,0.028686114
738230,0.9489359
738231,0.03838895
738232,0.9961503
738233,0.014132854
738234,0.035318173
738235,0.020374997
738236,0.48946726
738237,0.3426986
738238,0.15022667
738239,0.19099763
738240,0.9859026
738241,0.8416431
738242,0.6762066
738243,0.03249152
738244,0.06263845
738245,0.3123159
738246,0.9986008
738247,0.013089909
738248,0.9848316
738249,0.04239266
738250,0.47088432
738251,0.014507281
738252,0.008857189
738253,0.94135416
738254,0.92670107
738255,0.9874676
738256,0.107646346
738257,0.67143476
738258,0.9634939
738259,0.038359277
738260,0.01802176
738261,0.08415056
738262,0.019685782
738263,0.0884813
738264,0.07894446
738265,0.0022060643
738266,0.010982215
738267,0.024768136
738268,0.84033585
738269,0.901615
738270,0.19021367
738271,0.04094755
738272,0.053981416
738273,0.18773054
738274,0.0026355395
738275,0.99588007
738276,0.9934953
738277,0.010992822
738278,0.9945068
738279,0.22534826
738280,0.402394
738281,0.7266789
738282,0.9909717
738283,0.054358434
738284,0.92914283
738285,0.024640264
738286,0.045932863
738287,0.91080505
738288,0.014938817
738289,0.8314755
738290,0.040196616
738291,0.9977096
738292,0.6655356
738293,0.9787178
738294,0.3412954
738295,0.14011063
738296,0.3007366
738297,0.08509201
738298,0.4006048
738299,0.0652637
738300,0.45831397
738301,0.9848943
738302,0.14732254
738303,0.31194463
738304,0.079994604
738305,0.04322665
738306,0.99359584
738307,0.9459506
738308,0.9859615
738309,0.14100519
738310,0.8724292
738311,0.9635845
738312,0.012751219
738313,0.17603867
738314,0.2697682
738315,0.41099626
738316,0.05097589
738317,0.029268807
738318,0.2733671
738319,0.1311835
738320,0.025616553
738321,0.06519924
738322,0.0061606783
738323,0.8372313
738324,0.00956615
738325,0.7087112
738326,0.5219067
738327,0.054195955
738328,0.03502717
738329,0.79787695
738330,0.7083732
738331,0.42141607
738332,0.9480783
738333,0.9661031
738334,0.021191152
738335,0.9976944
738336,0.045794886
738337,0.03962025
738338,0.8758607
738339,0.7085162
738340,0.08974531
738341,0.82570994
738342,0.9832525
738343,0.530528
738344,0.45935053
738345,0.08584967
738346,0.036990218
738347,0.011542758
738348,0.9004525
738349,0.9782996
738350,0.99517494
738351,0.011732949
738352,0.9924623
738353,0.90965414
738354,0.9761133
738355,0.9869827
738356,0.09998985
738357,0.8802422
738358,0.94718885
738359,0.9380076
738360,0.14027858
738361,0.004186671
738362,0.9916609
738363,0.14946833
738364,0.013842603
738365,0.09927337
738366,0.54954684
738367,0.06312705
738368,0.071383126
738369,0.031875268
738370,0.7771105
738371,0.005316426
738372,0.050661996
738373,0.20123748
738374,0.8977428
738375,0.42960942
738376,0.88022625
738377,0.9499463
738378,0.9717256
738379,0.22696471
738380,0.97521055
738381,0.026229825
738382,0.810946
738383,0.91749674
738384,0.058774434
738385,0.9906092
738386,0.04162191
738387,0.98482114
738388,0.96852314
738389,0.14424351
738390,0.013865998
738391,0.024229983
738392,0.86481535
738393,0.95446527
738394,0.94013643
738395,0.022350354
738396,0.5753969
738397,0.023305561
738398,0.013309797
738399,0.137689
738400,0.010370754
738401,0.008328784
738402,0.9927715
738403,0.007960503
738404,0.028472316
738405,0.011615619
738406,0.97949064
738407,0.0690676
738408,0.79959446
738409,0.030217564
738410,0.0050378805
738411,0.98795396
738412,0.19751753
738413,0.9591402
738414,0.98082983
738415,0.0655049
738416,0.9316782
738417,0.31141937
738418,0.23572063
738419,0.95519775
738420,0.008003501
738421,0.99642825
738422,0.9653418
738423,0.97055036
738424,0.24545534
738425,0.7640922
738426,0.9860769
738427,0.062411733
738428,0.10419811
738429,0.9958226
738430,0.5167109
738431,0.9917324
738432,0.7104425
738433,0.8932938
738434,0.003243291
738435,0.064008325
738436,0.9938931
738437,0.9831238
738438,0.9373968
738439,0.61880684
738440,0.33368608
738441,0.041098796
738442,0.4602087
738443,0.89575404
738444,0.94940996
738445,0.92891794
738446,0.9857074
738447,0.9943832
738448,0.52238196
738449,0.41186306
738450,0.07417377
738451,0.03502046
738452,0.9573239
738453,0.010759108
738454,0.8060196
738455,0.8624027
738456,0.4308634
738457,0.9916316
738458,0.76977044
738459,0.0008075356
738460,0.05658119
738461,0.066519514
738462,0.15415981
738463,0.75182456
738464,0.92738235
738465,0.08379689
738466,0.24767539
738467,0.9937643
738468,0.5451786
738469,0.009782568
738470,0.7318667
738471,0.9895172
738472,0.15659666
738473,0.021304712
738474,0.86335385
738475,0.88761675
738476,0.9669801
738477,0.14750585
738478,0.06281501
738479,0.9311931
738480,0.86607164
738481,0.97459275
738482,0.99501604
738483,0.99705285
738484,0.5980614
738485,0.99447954
738486,0.12828559
738487,0.0101945875
738488,0.81975055
738489,0.07584463
738490,0.55508846
738491,0.08380404
738492,0.022356309
738493,0.665691
738494,0.9959198
738495,0.9973707
738496,0.7069516
738497,0.50683403
738498,0.21620423
738499,0.06996091
738500,0.41116878
738501,0.6434056
738502,0.3072758
738503,0.9792754
738504,0.012351191
738505,0.94448805
738506,0.0043196576
738507,0.06860979
738508,0.05139308
738509,0.07763642
738510,0.0009951603
738511,0.98506075
738512,0.016485631
738513,0.0061767194
738514,0.02114553
738515,0.021049162
738516,0.0053224033
738517,0.118754566
738518,0.96800303
738519,0.9834056
738520,0.9920752
738521,0.9603689
738522,0.033428077
738523,0.46369755
738524,0.042976726
738525,0.6545914
738526,0.52919966
738527,0.08860119
738528,0.7822855
738529,0.014383483
738530,0.007055968
738531,0.50831056
738532,0.8158097
738533,0.40706006
738534,0.053280603
738535,0.035370193
738536,0.021572046
738537,0.37761748
738538,0.611438
738539,0.93881655
738540,0.4631713
738541,0.015385715
738542,0.9755124
738543,0.991614
738544,0.9468006
738545,0.041334324
738546,0.743988
738547,0.99914587
738548,0.50749445
738549,0.9870909
738550,0.022083417
738551,0.01665024
738552,0.08294867
738553,0.29355353
738554,0.69199276
738555,0.9161144
738556,0.08696867
738557,0.998262
738558,0.9555081
738559,0.0025210762
738560,0.60042214
738561,0.0014411677
738562,0.49740666
738563,0.33264887
738564,0.0062276116
738565,0.9915667
738566,0.9929274
738567,0.34774798
738568,0.17101137
738569,0.017541034
738570,0.07639107
738571,0.9689102
738572,0.07140249
738573,0.9838582
738574,0.0054284595
738575,0.92793965
738576,0.9755717
738577,0.030211912
738578,0.013798133
738579,0.9886909
738580,0.9940132
738581,0.97034204
738582,0.0068665524
738583,0.12941448
738584,0.98277444
738585,0.022665853
738586,0.06356655
738587,0.2126068
738588,0.17826985
738589,0.033881575
738590,0.30250427
738591,0.9687871
738592,0.0060220202
738593,0.93573594
738594,0.13591819
738595,0.057053983
738596,0.95016235
738597,0.7378762
738598,0.06451552
738599,0.994018
738600,0.93717945
738601,0.05219727
738602,0.96678007
738603,0.99098337
738604,0.070619136
738605,0.9951533
738606,0.46153852
738607,0.995487
738608,0.99441963
738609,0.9901697
738610,0.13635573
738611,0.008269744
738612,0.9414923
738613,0.03182258
738614,0.8440258
738615,0.13579632
738616,0.9982074
738617,0.9970946
738618,0.0014520545
738619,0.84559107
738620,0.009848777
738621,0.6789091
738622,0.58172125
738623,0.36427152
738624,0.01618573
738625,0.0033360012
738626,0.26529837
738627,0.031527147
738628,0.0063396255
738629,0.98689187
738630,0.014032316
738631,0.039300315
738632,0.962698
738633,0.0010552668
738634,0.972557
738635,0.9599553
738636,0.9697448
738637,0.02542626
738638,0.006108621
738639,0.2942496
738640,0.013091995
738641,0.023921702
738642,0.9579392
738643,0.99416614
738644,0.7544737
738645,0.9935682
738646,0.011494952
738647,0.0030622105
738648,0.026310476
738649,0.013371034
738650,0.29217234
738651,0.060248464
738652,0.052169077
738653,0.8586556
738654,0.9942998
738655,0.0009913801
738656,0.97495043
738657,0.12294473
738658,0.9973706
738659,0.6183437
738660,0.013287834
738661,0.021818805
738662,0.56847364
738663,0.99561703
738664,0.023595892
738665,0.90457416
738666,0.9982246
738667,0.4383962
738668,0.15090042
738669,0.681009
738670,0.59408194
738671,0.027634982
738672,0.017960507
738673,0.11066179
738674,0.53957
738675,0.00501023
738676,0.06814509
738677,0.52646935
738678,0.016356222
738679,0.9906692
738680,0.03606604
738681,0.0070543727
738682,0.04640988
738683,0.03709819
738684,0.9980055
738685,0.100819975
738686,0.42848483
738687,0.03859443
738688,0.15222551
738689,0.10445765
738690,0.04124154
738691,0.99487317
738692,0.0046062684
738693,0.9481425
738694,0.6982147
738695,0.2540361
738696,0.85832524
738697,0.28499204
738698,0.96862745
738699,0.2811359
738700,0.98802054
738701,0.041474156
738702,0.019991836
738703,0.016631944
738704,0.54323775
738705,0.01822245
738706,0.8559853
738707,0.9913382
738708,0.022036178
738709,0.9970835
738710,0.0032869522
738711,0.016455721
738712,0.6009748
738713,0.9962176
738714,0.105562404
738715,0.13441765
738716,0.027187284
738717,0.016542682
738718,0.97565055
738719,0.9683203
738720,0.99062425
738721,0.97363275
738722,0.9154939
738723,0.017611487
738724,0.009801124
738725,0.84026974
738726,0.18170087
738727,0.8695351
738728,0.8689598
738729,0.94590294
738730,0.89405954
738731,0.91443056
738732,0.08756806
738733,0.055613484
738734,0.21927075
738735,0.6776848
738736,0.23170066
738737,0.49795225
738738,0.120101385
738739,0.011758508
738740,0.99670404
738741,0.06817062
738742,0.96361655
738743,0.9937111
738744,0.02567437
738745,0.93995285
738746,0.99602306
738747,0.9228893
738748,0.20832774
738749,0.0030821692
738750,0.023460224
738751,0.42272145
738752,0.27812368
738753,0.600225
738754,0.9503688
738755,0.9124695
738756,0.16780579
738757,0.6444552
738758,0.1527704
738759,0.0031271642
738760,0.1109865
738761,0.99567926
738762,0.060202084
738763,0.9970169
738764,0.32050595
738765,0.0085650645
738766,0.16549784
738767,0.004215589
738768,0.9970816
738769,0.9991335
738770,0.10298954
738771,0.9767539
738772,0.9203346
738773,0.94366723
738774,0.17011946
738775,0.9811422
738776,0.05809535
738777,0.99307406
738778,0.5191206
738779,0.5428521
738780,0.025564209
738781,0.8845812
738782,0.009096768
738783,0.3374419
738784,0.043632034
738785,0.30008242
738786,0.01040896
738787,0.56327593
738788,0.1378766
738789,0.75558364
738790,0.059529744
738791,0.7001237
738792,0.9916503
738793,0.991433
738794,0.9719775
738795,0.017555386
738796,0.59220564
738797,0.95490783
738798,0.152973
738799,0.032061704
738800,0.1439108
738801,0.80238193
738802,0.01795062
738803,0.7730631
738804,0.99384475
738805,0.9890222
738806,0.5779715
738807,0.96697414
738808,0.0048214328
738809,0.40766615
738810,0.11584526
738811,0.021008821
738812,0.96695936
738813,0.0053192745
738814,0.99656355
738815,0.054797325
738816,0.041170567
738817,0.3075956
738818,0.0035764528
738819,0.86277765
738820,0.0006959676
738821,0.0011280661
738822,0.06755186
738823,0.36377448
738824,0.075688615
738825,0.78486824
738826,0.61468023
738827,0.9673777
738828,0.015526904
738829,0.94013584
738830,0.084149174
738831,0.046285935
738832,0.08023617
738833,0.111511424
738834,0.9760859
738835,0.9354132
738836,0.99727404
738837,0.010917624
738838,0.9985715
738839,0.7995152
738840,0.33132622
738841,0.93527615
738842,0.14392862
738843,0.97815853
738844,0.98903114
738845,0.041937016
738846,0.950817
738847,0.9630102
738848,0.5941473
738849,0.04226034
738850,0.046045095
738851,0.47464582
738852,0.22622818
738853,0.8735476
738854,0.041599914
738855,0.0608026
738856,0.060222015
738857,0.9336122
738858,0.9287188
738859,0.038456388
738860,0.98611444
738861,0.950295
738862,0.017112257
738863,0.15245703
738864,0.9927678
738865,0.06886317
738866,0.98582405
738867,0.65302634
738868,0.4095379
738869,0.6197244
738870,0.44363022
738871,0.92897385
738872,0.29850337
738873,0.004091681
738874,0.024295835
738875,0.4326461
738876,0.01150119
738877,0.13963738
738878,0.9982029
738879,0.10180761
738880,0.85408413
738881,0.11807233
738882,0.7360094
738883,0.020450316
738884,0.114402704
738885,0.96925247
738886,0.011170995
738887,0.9501542
738888,0.038500406
738889,0.8626716
738890,0.013893573
738891,0.3295091
738892,0.5187621
738893,0.94453716
738894,0.73521614
738895,0.4873464
738896,0.043507304
738897,0.005059686
738898,0.9962028
738899,0.024305262
738900,0.009576805
738901,0.102107644
738902,0.027066503
738903,0.94989645
738904,0.9378737
738905,0.030186027
738906,0.05553583
738907,0.02286178
738908,0.98670447
738909,0.9823402
738910,0.8010702
738911,0.0094663305
738912,0.009289147
738913,0.34738135
738914,0.9570132
738915,0.9981425
738916,0.039004013
738917,0.0248266
738918,0.08164719
738919,0.17622285
738920,0.98027885
738921,0.0061004753
738922,0.0724158
738923,0.0034160723
738924,0.9858693
738925,0.9482508
738926,0.99096483
738927,0.024714606
738928,0.10096202
738929,0.530465
738930,0.22715415
738931,0.20466378
738932,0.02197046
738933,0.008168047
738934,0.37505445
738935,0.0067723934
738936,0.12932296
738937,0.043280885
738938,0.066625476
738939,0.8792163
738940,0.057802357
738941,0.011525976
738942,0.9460914
738943,0.04726096
738944,0.9310712
738945,0.34327555
738946,0.082940415
738947,0.99531066
738948,0.15852982
738949,0.82232285
738950,0.44310567
738951,0.012530841
738952,0.4572192
738953,0.9945247
738954,0.010159727
738955,0.3527846
738956,0.9062245
738957,0.09610413
738958,0.5489506
738959,0.08277655
738960,0.5612662
738961,0.28565478
738962,0.78252876
738963,0.11889218
738964,0.0043505775
738965,0.94919366
738966,0.498708
738967,0.026846327
738968,0.7831447
738969,0.25306228
738970,0.009607932
738971,0.015247669
738972,0.22034094
738973,0.15702944
738974,0.992003
738975,0.03205087
738976,0.023671346
738977,0.12464014
738978,0.11063637
738979,0.5221237
738980,0.024090888
738981,0.8605931
738982,0.9186207
738983,0.7169796
738984,0.16569221
738985,0.9440334
738986,0.02857734
738987,0.02866314
738988,0.97444415
738989,0.0041196267
738990,0.63439345
738991,0.7128591
738992,0.97935295
738993,0.6192882
738994,0.2044843
738995,0.007131788
738996,0.045131765
738997,0.95457757
738998,0.060080994
738999,0.5301286
739000,0.13008147
739001,0.011100313
739002,0.14011334
739003,0.694186
739004,0.14364922
739005,0.9953719
739006,0.03839546
739007,0.1374039
739008,0.05618159
739009,0.0031453033
739010,0.0028301626
739011,0.10013093
739012,0.12869117
739013,0.05241725
739014,0.1103221
739015,0.5854602
739016,0.9864977
739017,0.40458602
739018,0.016151557
739019,0.01869988
739020,0.83998
739021,0.037994225
739022,0.44021827
739023,0.044074543
739024,0.9820953
739025,0.062583864
739026,0.055542864
739027,0.87617755
739028,0.010056579
739029,0.009386881
739030,0.0047519114
739031,0.98900276
739032,0.013632545
739033,0.19941023
739034,0.06493313
739035,0.9821541
739036,0.1665886
739037,0.0077366303
739038,0.17465496
739039,0.9007242
739040,0.99716824
739041,0.22533962
739042,0.81234473
739043,0.010198558
739044,0.005094632
739045,0.09000454
739046,0.044153273
739047,0.95785725
739048,0.8849002
739049,0.96594375
739050,0.4735106
739051,0.024921747
739052,0.9275347
739053,0.9951227
739054,0.025473677
739055,0.5815038
739056,0.08379356
739057,0.06880361
739058,0.09537423
739059,0.05754836
739060,0.36589348
739061,0.94544864
739062,0.020228378
739063,0.043947633
739064,0.01977366
739065,0.37204462
739066,0.5622335
739067,0.020525623
739068,0.9477689
739069,0.85858023
739070,0.9712579
739071,0.91564405
739072,0.9989808
739073,0.0036837568
739074,0.29310292
739075,0.025738975
739076,0.025345642
739077,0.9786626
739078,0.8760912
739079,0.028914634
739080,0.6347839
739081,0.9690215
739082,0.7128717
739083,0.97484946
739084,0.07525413
739085,0.08074579
739086,0.9762753
739087,0.0068450044
739088,0.24442661
739089,0.088898964
739090,0.98025346
739091,0.96970844
739092,0.0054406947
739093,0.8987775
739094,0.02795715
739095,0.020488972
739096,0.0031594636
739097,0.28431404
739098,0.006285974
739099,0.20512925
739100,0.0031395105
739101,0.066688396
739102,0.95464146
739103,0.37963706
739104,0.9946925
739105,0.027378732
739106,0.36677846
739107,0.005271887
739108,0.012937296
739109,0.095128074
739110,0.20753844
739111,0.97942233
739112,0.29649836
739113,0.079690605
739114,0.0015980338
739115,0.2128769
739116,0.18654142
739117,0.68016547
739118,0.01840636
739119,0.004732348
739120,0.010007794
739121,0.2686782
739122,0.08128992
739123,0.019570587
739124,0.03605284
739125,0.6911305
739126,0.011873345
739127,0.20065491
739128,0.99607515
739129,0.014900967
739130,0.8977401
739131,0.86717814
739132,0.93153006
739133,0.03475616
739134,0.37500906
739135,0.015221394
739136,0.12434024
739137,0.86502135
739138,0.29626736
739139,0.034108773
739140,0.49541086
739141,0.04290519
739142,0.016145613
739143,0.21800917
739144,0.012319643
739145,0.0069905757
739146,0.0117808385
739147,0.98967266
739148,0.76247144
739149,0.023807343
739150,0.98933613
739151,0.043607846
739152,0.9835009
739153,0.99969405
739154,0.010170073
739155,0.96218604
739156,0.016027564
739157,0.9950501
739158,0.9347578
739159,0.030174928
739160,0.9955547
739161,0.96999073
739162,0.8862309
739163,0.14048615
739164,0.98719823
739165,0.109929755
739166,0.0858842
739167,0.50279737
739168,0.2668798
739169,0.06953521
739170,0.018980235
739171,0.33759493
739172,0.9938421
739173,0.9781965
739174,0.25117496
739175,0.1780129
739176,0.1265212
739177,0.01543448
739178,0.008297188
739179,0.046406902
739180,0.0126349
739181,0.70214444
739182,0.02903094
739183,0.99835706
739184,0.99126667
739185,0.5100937
739186,0.98248297
739187,0.75433385
739188,0.012447018
739189,0.9995604
739190,0.008246008
739191,0.018886331
739192,0.56495655
739193,0.9323603
739194,0.038496524
739195,0.1883516
739196,0.6347201
739197,0.9444673
739198,0.9994575
739199,0.3639628
739200,0.26629934
739201,0.14296177
739202,0.011742904
739203,0.009894323
739204,0.102128014
739205,0.01683312
739206,0.973365
739207,0.020515427
739208,0.05645117
739209,0.020099968
739210,0.042496998
739211,0.91750574
739212,0.008963486
739213,0.94165343
739214,0.9863495
739215,0.036882255
739216,0.7489399
739217,0.013465692
739218,0.53306425
739219,0.025478352
739220,0.85109293
739221,0.30504873
739222,0.1682944
739223,0.7617745
739224,0.018236455
739225,0.095623955
739226,0.15434027
739227,0.90017104
739228,0.64446
739229,0.09704463
739230,0.017473407
739231,0.018748913
739232,0.9191215
739233,0.015651148
739234,0.008061029
739235,0.01662263
739236,0.02941826
739237,0.0037096594
739238,0.8765645
739239,0.9323819
739240,0.8049419
739241,0.041221216
739242,0.9803408
739243,0.7568819
739244,0.19773307
739245,0.5272706
739246,0.009146303
739247,0.74508977
739248,0.009918459
739249,0.017528662
739250,0.15380523
739251,0.04362593
739252,0.1707486
739253,0.027313558
739254,0.8915798
739255,0.005129139
739256,0.02928519
739257,0.048622817
739258,0.9704328
739259,0.9276331
739260,0.89515316
739261,0.0066708615
739262,0.012348395
739263,0.9897226
739264,0.064928174
739265,0.023664294
739266,0.9317686
739267,0.13291414
739268,0.29709756
739269,0.99647415
739270,0.9731544
739271,0.102460176
739272,0.26119503
739273,0.09987544
739274,0.1035853
739275,0.8444478
739276,0.3773749
739277,0.06124895
739278,0.1014638
739279,0.052925993
739280,0.9924069
739281,0.2990521
739282,0.035345558
739283,0.48210925
739284,0.990399
739285,0.022154652
739286,0.8883806
739287,0.96869373
739288,0.99743855
739289,0.12941334
739290,0.13400345
739291,0.013763756
739292,0.11649481
739293,0.69452626
739294,0.9489865
739295,0.7509756
739296,0.03313297
739297,0.13041183
739298,0.07636384
739299,0.92492133
739300,0.7061589
739301,0.88561785
739302,0.010375011
739303,0.9427227
739304,0.022319172
739305,0.14948341
739306,0.67567503
739307,0.89991534
739308,0.95758426
739309,0.73074645
739310,0.90626705
739311,0.21515009
739312,0.9983115
739313,0.83799464
739314,0.060073934
739315,0.0046623703
739316,0.021401128
739317,0.12880768
739318,0.0096414415
739319,0.010483483
739320,0.07673604
739321,0.942571
739322,0.15224423
739323,0.014210449
739324,0.94657683
739325,0.05298096
739326,0.020740738
739327,0.020982582
739328,0.9867943
739329,0.037404053
739330,0.061052207
739331,0.052820012
739332,0.9959804
739333,0.6106441
739334,0.058445968
739335,0.02925206
739336,0.0094192885
739337,0.006549265
739338,0.98659664
739339,0.7505398
739340,0.90995765
739341,0.9541049
739342,0.41723868
739343,0.9677305
739344,0.9722846
739345,0.9959031
739346,0.037765607
739347,0.9898419
739348,0.002620268
739349,0.43738616
739350,0.06323134
739351,0.009635016
739352,0.9976268
739353,0.02889877
739354,0.68059945
739355,0.6147307
739356,0.04354154
739357,0.33280098
739358,0.17601365
739359,0.058404252
739360,0.9936998
739361,0.97373515
739362,0.2726555
739363,0.038600277
739364,0.9924412
739365,0.006496963
739366,0.94503963
739367,0.99766743
739368,0.0014874546
739369,0.9781417
739370,0.07292859
739371,0.023624303
739372,0.9124701
739373,0.84919155
739374,0.024723819
739375,0.008556869
739376,0.03631887
739377,0.010198824
739378,0.0076658707
739379,0.24177444
739380,0.43619728
739381,0.036860175
739382,0.9628895
739383,0.8433625
739384,0.9340684
739385,0.6032759
739386,0.5482426
739387,0.985775
739388,0.11100119
739389,0.85046756
739390,0.14925036
739391,0.77439165
739392,0.01396928
739393,0.0042614136
739394,0.019777004
739395,0.3998947
739396,0.83599067
739397,0.023859251
739398,0.00532965
739399,0.9868759
739400,0.0042658146
739401,0.031613052
739402,0.005306341
739403,0.75555545
739404,0.87870836
739405,0.01995339
739406,0.68032366
739407,0.46617645
739408,0.90563774
739409,0.9939109
739410,0.01547302
739411,0.046305113
739412,0.6845394
739413,0.25831342
739414,0.016607203
739415,0.97653973
739416,0.14971973
739417,0.87921005
739418,0.93434536
739419,0.26398152
739420,0.4489384
739421,0.45961875
739422,0.08460993
739423,0.9776835
739424,0.45442843
739425,0.4765541
739426,0.04215715
739427,0.6328627
739428,0.029546643
739429,0.0047975723
739430,0.115399465
739431,0.3236649
739432,0.023652693
739433,0.58997726
739434,0.011548134
739435,0.6491056
739436,0.40237266
739437,0.71338737
739438,0.0023427545
739439,0.034537695
739440,0.8881606
739441,0.55119187
739442,0.28796324
739443,0.66938394
739444,0.01435473
739445,0.07290703
739446,0.108549945
739447,0.016992994
739448,0.9986298
739449,0.052551948
739450,0.04618326
739451,0.9881063
739452,0.97875565
739453,0.9819272
739454,0.015971195
739455,0.28059372
739456,0.07245275
739457,0.9401791
739458,0.31133568
739459,0.9831636
739460,0.6553908
739461,0.99320376
739462,0.03759982
739463,0.02754815
739464,0.025715152
739465,0.0039861025
739466,0.9953469
739467,0.9756862
739468,0.0047502113
739469,0.397058
739470,0.025774924
739471,0.9921035
739472,0.99524534
739473,0.99683166
739474,0.961383
739475,0.01742079
739476,0.034561217
739477,0.853348
739478,0.0052303346
739479,0.9776197
739480,0.54260314
739481,0.022825178
739482,0.426621
739483,0.04715578
739484,0.15462933
739485,0.97282225
739486,0.06861032
739487,0.59012866
739488,0.0016329191
739489,0.64621294
739490,0.9310505
739491,0.14952467
739492,0.34406462
739493,0.95651066
739494,0.026581487
739495,0.055060267
739496,0.99579555
739497,0.05191156
739498,0.33074945
739499,0.3217994
739500,0.045452278
739501,0.9092948
739502,0.7553953
739503,0.1572704
739504,0.10053649
739505,0.027696595
739506,0.010995091
739507,0.9959784
739508,0.2021243
739509,0.8724816
739510,0.9090331
739511,0.28250808
739512,0.03584664
739513,0.008604673
739514,0.17451401
739515,0.008646587
739516,0.980394
739517,0.9767273
739518,0.039346296
739519,0.8348031
739520,0.16184232
739521,0.10717943
739522,0.9897896
739523,0.8146508
739524,0.0026242267
739525,0.1471858
739526,0.0040665017
739527,0.9841901
739528,0.020423923
739529,0.73128295
739530,0.94220996
739531,0.030209957
739532,0.7991495
739533,0.017934471
739534,0.6077303
739535,0.9886154
739536,0.1436831
739537,0.29621735
739538,0.25441036
739539,0.95621717
739540,0.9800862
739541,0.9907901
739542,0.420634
739543,0.039950095
739544,0.95327604
739545,0.92184097
739546,0.8693655
739547,0.8103841
739548,0.5190941
739549,0.00668934
739550,0.9847615
739551,0.06680774
739552,0.11610712
739553,0.8023576
739554,0.8336768
739555,0.8875916
739556,0.007377972
739557,0.01707192
739558,0.07680435
739559,0.99066854
739560,0.064738855
739561,0.037323024
739562,0.1271203
739563,0.67215735
739564,0.9976072
739565,0.5356966
739566,0.10054457
739567,0.014645032
739568,0.020207014
739569,0.529871
739570,0.1270718
739571,0.8456856
739572,0.23538546
739573,0.772707
739574,0.49949342
739575,0.98962605
739576,0.9868962
739577,0.0020144514
739578,0.069460824
739579,0.024540316
739580,0.07198293
739581,0.9059123
739582,0.6288363
739583,0.6385563
739584,0.009460231
739585,0.80945283
739586,0.06488524
739587,0.9694812
739588,0.030574502
739589,0.06465476
739590,0.4433309
739591,0.8848287
739592,0.9867456
739593,0.95931435
739594,0.00042548255
739595,0.054727662
739596,0.538036
739597,0.41877103
739598,0.980891
739599,0.6762315
739600,0.77955747
739601,0.084607154
739602,0.9813182
739603,0.023991264
739604,0.041366234
739605,0.016468875
739606,0.46015579
739607,0.35679504
739608,0.868577
739609,0.9760444
739610,0.98103285
739611,0.9707862
739612,0.36020705
739613,0.098393396
739614,0.18189944
739615,0.019369908
739616,0.96816045
739617,0.99829453
739618,0.42562094
739619,0.04059172
739620,0.03621097
739621,0.0032915913
739622,0.07223201
739623,0.008049787
739624,0.5406548
739625,0.99707615
739626,0.019599486
739627,0.02937751
739628,0.039053526
739629,0.13900143
739630,0.039401848
739631,0.32225245
739632,0.9662274
739633,0.89257884
739634,0.40597138
739635,0.55565846
739636,0.018673161
739637,0.9141661
739638,0.0075097475
739639,0.7487384
739640,0.14982413
739641,0.3756073
739642,0.048180684
739643,0.53917086
739644,0.4629346
739645,0.21130995
739646,0.054087795
739647,0.9076873
739648,0.018122114
739649,0.026595652
739650,0.06655969
739651,0.0142446365
739652,0.6273924
739653,0.11321336
739654,0.252689
739655,0.6817683
739656,0.14263692
739657,0.47933084
739658,0.7913648
739659,0.23349845
739660,0.084467486
739661,0.032973222
739662,0.70873094
739663,0.9960406
739664,0.0068877083
739665,0.26259568
739666,0.044352844
739667,0.1357442
739668,0.056067664
739669,0.012200518
739670,0.96765035
739671,0.010614274
739672,0.6330476
739673,0.24233684
739674,0.0031986865
739675,0.44541556
739676,0.9669677
739677,0.079487085
739678,0.03502134
739679,0.9437041
739680,0.43636206
739681,0.5069319
739682,0.2573962
739683,0.09046514
739684,0.02667644
739685,0.006274226
739686,0.117320344
739687,0.98726606
739688,0.95462203
739689,0.79151267
739690,0.029747326
739691,0.015131216
739692,0.022705037
739693,0.029920533
739694,0.99881107
739695,0.013160458
739696,0.35258484
739697,0.99704856
739698,0.852936
739699,0.021030122
739700,0.95946145
739701,0.99409294
739702,0.04788637
739703,0.1767865
739704,0.98933965
739705,0.025935229
739706,0.007699732
739707,0.4473266
739708,0.9874227
739709,0.009034028
739710,0.833398
739711,0.018758334
739712,0.6653691
739713,0.12366912
739714,0.9852066
739715,0.04962911
739716,0.56117415
739717,0.052182853
739718,0.9938173
739719,0.848637
739720,0.9369282
739721,0.9414439
739722,0.21174084
739723,0.9972273
739724,0.6556442
739725,0.9808884
739726,0.008723054
739727,0.034289677
739728,0.0030128835
739729,0.9375609
739730,0.98784304
739731,0.011551956
739732,0.7950335
739733,0.76817334
739734,0.0066827107
739735,0.32328048
739736,0.029110152
739737,0.76381284
739738,0.24122971
739739,0.018069219
739740,0.99667406
739741,0.15677214
739742,0.92003775
739743,0.7512273
739744,0.9936367
739745,0.10395374
739746,0.9978983
739747,0.0363168
739748,0.98424363
739749,0.9971856
739750,0.02091109
739751,0.11413455
739752,0.19339937
739753,0.019938244
739754,0.016455477
739755,0.97928476
739756,0.20372325
739757,0.7129788
739758,0.038034193
739759,0.9251024
739760,0.030270262
739761,0.12235302
739762,0.99471354
739763,0.0027122346
739764,0.015124321
739765,0.9588781
739766,0.93564445
739767,0.36098287
739768,0.031047437
739769,0.30509314
739770,0.94312614
739771,0.58895594
739772,0.36947376
739773,0.07945929
739774,0.62759286
739775,0.053315546
739776,0.9947633
739777,0.97618806
739778,0.9794425
739779,0.97959983
739780,0.6423193
739781,0.32508987
739782,0.6421454
739783,0.097504966
739784,0.08054548
739785,0.0087249875
739786,0.87167454
739787,0.9579952
739788,0.7761181
739789,0.012603608
739790,0.10181074
739791,0.9147974
739792,0.99672204
739793,0.96570283
739794,0.12519614
739795,0.089076206
739796,0.039461475
739797,0.012939019
739798,0.0043418733
739799,0.9911191
739800,0.98364246
739801,0.007570625
739802,0.96333736
739803,0.015169112
739804,0.9008453
739805,0.007208958
739806,0.14688686
739807,0.88608897
739808,0.98814124
739809,0.08672253
739810,0.9973304
739811,0.47646165
739812,0.088929065
739813,0.3271072
739814,0.03815568
739815,0.015261823
739816,0.77360165
739817,0.9689015
739818,0.032989603
739819,0.016402602
739820,0.9961272
739821,0.011548987
739822,0.9303517
739823,0.053227328
739824,0.05427451
739825,0.011249057
739826,0.019957943
739827,0.16952099
739828,0.14152616
739829,0.9049258
739830,0.98702013
739831,0.67342615
739832,0.008047586
739833,0.39221528
739834,0.9454058
739835,0.053927414
739836,0.10642084
739837,0.95036983
739838,0.9122858
739839,0.08545983
739840,0.99824864
739841,0.8049954
739842,0.9995861
739843,0.015586549
739844,0.04920188
739845,0.033488326
739846,0.0075054946
739847,0.9934666
739848,0.16729686
739849,0.090534545
739850,0.69130385
739851,0.0750119
739852,0.03667982
739853,0.016711954
739854,0.982783
739855,0.39818805
739856,0.9875828
739857,0.9184226
739858,0.013711991
739859,0.08897977
739860,0.9584616
739861,0.015895724
739862,0.74987113
739863,0.92448616
739864,0.14686477
739865,0.90513057
739866,0.9902307
739867,0.021792227
739868,0.86132324
739869,0.00929723
739870,0.016134331
739871,0.020998802
739872,0.083985545
739873,0.93136454
739874,0.063135356
739875,0.40351754
739876,0.05875875
739877,0.55048907
739878,0.995281
739879,0.018142346
739880,0.013558749
739881,0.33385488
739882,0.9900841
739883,0.27850056
739884,0.048968606
739885,0.8107963
739886,0.0019046104
739887,0.9843793
739888,0.0042483825
739889,0.9863075
739890,0.90760624
739891,0.20508963
739892,0.0742628
739893,0.99202675
739894,0.023748007
739895,0.96107984
739896,0.99876034
739897,0.94038004
739898,0.97776043
739899,0.96973133
739900,0.9606904
739901,0.9412164
739902,0.95161897
739903,0.9331901
739904,0.020508828
739905,0.050044265
739906,0.0015796862
739907,0.0371554
739908,0.9969162
739909,0.015457502
739910,0.14614971
739911,0.04361353
739912,0.015460627
739913,0.012136899
739914,0.95016605
739915,0.0047095157
739916,0.6129155
739917,0.0026414935
739918,0.714086
739919,0.0104699675
739920,0.91411597
739921,0.50367796
739922,0.9827032
739923,0.8649987
739924,0.77911097
739925,0.97659606
739926,0.022961171
739927,0.043672323
739928,0.9951009
739929,0.02045294
739930,0.9667324
739931,0.25043082
739932,0.9860047
739933,0.0055906842
739934,0.015728887
739935,0.7897931
739936,0.0028312432
739937,0.5413369
739938,0.017951949
739939,0.96566844
739940,0.23725064
739941,0.70041084
739942,0.46336174
739943,0.94365406
739944,0.028289136
739945,0.043081827
739946,0.61367935
739947,0.34177238
739948,0.059796035
739949,0.97861624
739950,0.23919818
739951,0.98580813
739952,0.045523718
739953,0.13174859
739954,0.12937734
739955,0.10438843
739956,0.08224976
739957,0.9599471
739958,0.26671344
739959,0.95014375
739960,0.0065360414
739961,0.01439094
739962,0.98968375
739963,0.36569592
739964,0.07844936
739965,0.009084214
739966,0.86513776
739967,0.024101617
739968,0.26860455
739969,0.1002872
739970,0.9848571
739971,0.006358865
739972,0.07196778
739973,0.01582349
739974,0.0038137229
739975,0.94557536
739976,0.014401796
739977,0.8078128
739978,0.67962354
739979,0.21211731
739980,0.99976027
739981,0.2654089
739982,0.21980342
739983,0.023034943
739984,0.93473035
739985,0.030388415
739986,0.42567897
739987,0.022237673
739988,0.053506274
739989,0.98664755
739990,0.08146176
739991,0.85181254
739992,0.990229
739993,0.010926153
739994,0.806129
739995,0.06353744
739996,0.89593226
739997,0.96018744
739998,0.09169168
739999,0.9189478
740000,0.012911605
740001,0.058450755
740002,0.022720143
740003,0.23284867
740004,0.046246555
740005,0.011536175
740006,0.037937384
740007,0.0095773265
740008,0.82987976
740009,0.9169079
740010,0.9992969
740011,0.6991407
740012,0.0050582625
740013,0.8854861
740014,0.58199584
740015,0.9033496
740016,0.0077823093
740017,0.9399568
740018,0.016170688
740019,0.11314711
740020,0.5896121
740021,0.010916671
740022,0.023423716
740023,0.96216273
740024,0.0057204165
740025,0.82607293
740026,0.3253711
740027,0.8920961
740028,0.09861348
740029,0.9964855
740030,0.1922934
740031,0.033124782
740032,0.035825253
740033,0.035663612
740034,0.9945819
740035,0.98493963
740036,0.9944056
740037,0.99073976
740038,0.9976926
740039,0.33212626
740040,0.99336725
740041,0.31397733
740042,0.8385128
740043,0.035333954
740044,0.9283694
740045,0.031223057
740046,0.9778204
740047,0.0069794124
740048,0.012287435
740049,0.04609771
740050,0.03970275
740051,0.7207339
740052,0.055001065
740053,0.016766492
740054,0.0054387394
740055,0.23978715
740056,0.027852383
740057,0.33145782
740058,0.9945834
740059,0.0381425
740060,0.9847019
740061,0.016371612
740062,0.6397307
740063,0.65725046
740064,0.99109566
740065,0.008246437
740066,0.5795847
740067,0.026539786
740068,0.9400995
740069,0.3318577
740070,0.99033785
740071,0.2631646
740072,0.86720526
740073,0.08693301
740074,0.6313126
740075,0.039015863
740076,0.121355236
740077,0.015335511
740078,0.056184594
740079,0.012093082
740080,0.029822767
740081,0.086463735
740082,0.10447943
740083,0.9462017
740084,0.9268916
740085,0.47572356
740086,0.6115378
740087,0.959527
740088,0.009825267
740089,0.9694587
740090,0.41653636
740091,0.003370859
740092,0.98496515
740093,0.98562574
740094,0.018210711
740095,0.0034555413
740096,0.2717348
740097,0.012569359
740098,0.5663563
740099,0.99769235
740100,0.0036343432
740101,0.716684
740102,0.8913283
740103,0.049742498
740104,0.9011687
740105,0.013215247
740106,0.01007101
740107,0.1226968
740108,0.01120286
740109,0.042644065
740110,0.94425875
740111,0.72033095
740112,0.06246343
740113,0.023206268
740114,0.094128355
740115,0.9806663
740116,0.9996532
740117,0.015055625
740118,0.60339206
740119,0.822291
740120,0.9911717
740121,0.00491413
740122,0.06748623
740123,0.23082875
740124,0.088006094
740125,0.70269907
740126,0.0396535
740127,0.0076064267
740128,0.023388803
740129,0.015345631
740130,0.26634848
740131,0.86273074
740132,0.9347634
740133,0.005387778
740134,0.82043815
740135,0.031027505
740136,0.96017563
740137,0.03362193
740138,0.061938815
740139,0.027125828
740140,0.62234885
740141,0.038649075
740142,0.02767643
740143,0.99733627
740144,0.011552257
740145,0.04302506
740146,0.9698179
740147,0.004683616
740148,0.9888395
740149,0.037060812
740150,0.26796186
740151,0.22220962
740152,0.14626798
740153,0.0026060208
740154,0.053395953
740155,0.9985591
740156,0.024405414
740157,0.8251851
740158,0.005633646
740159,0.004629025
740160,0.99315125
740161,0.019191232
740162,0.9007393
740163,0.94330734
740164,0.9982208
740165,0.019355815
740166,0.38232076
740167,0.01346241
740168,0.025403304
740169,0.9741299
740170,0.21272492
740171,0.11634323
740172,0.99671614
740173,0.2923052
740174,0.065343335
740175,0.026311671
740176,0.0986011
740177,0.016240073
740178,0.031002358
740179,0.51197094
740180,0.9940396
740181,0.008325612
740182,0.0077738417
740183,0.98475707
740184,0.0076910728
740185,0.27189088
740186,0.7969111
740187,0.50011903
740188,0.011465483
740189,0.017202146
740190,0.7785876
740191,0.16097067
740192,0.17514989
740193,0.36718225
740194,0.012516308
740195,0.019172102
740196,0.036507726
740197,0.0012456111
740198,0.9883363
740199,0.10032211
740200,0.049893413
740201,0.99745125
740202,0.1949549
740203,0.0055676973
740204,0.031736635
740205,0.9948422
740206,0.0061832834
740207,0.9966954
740208,0.0339787
740209,0.0006909122
740210,0.11298299
740211,0.025188953
740212,0.75566626
740213,0.3776951
740214,0.96719146
740215,0.9402306
740216,0.10841112
740217,0.99849904
740218,0.974158
740219,0.997324
740220,0.9808574
740221,0.881182
740222,0.0005635956
740223,0.010385081
740224,0.12076719
740225,0.8863343
740226,0.9959865
740227,0.83183706
740228,0.9799483
740229,0.0040551126
740230,0.0063024606
740231,0.9597461
740232,0.44110566
740233,0.9138467
740234,0.45924065
740235,0.06552833
740236,0.08635301
740237,0.6677221
740238,0.2944212
740239,0.8748085
740240,0.028801747
740241,0.08998586
740242,0.4370535
740243,0.008709199
740244,0.011511406
740245,0.9987678
740246,0.01650307
740247,0.10677697
740248,0.14552078
740249,0.011953788
740250,0.48086756
740251,0.97793525
740252,0.0023153774
740253,0.9332035
740254,0.9136386
740255,0.07761675
740256,0.006099201
740257,0.36730006
740258,0.16041258
740259,0.20955259
740260,0.04969509
740261,0.99894446
740262,0.8682203
740263,0.5087967
740264,0.97332
740265,0.06593258
740266,0.598035
740267,0.9645462
740268,0.048278946
740269,0.58635
740270,0.025345257
740271,0.037807412
740272,0.510149
740273,0.20175546
740274,0.9908447
740275,0.92987275
740276,0.9882832
740277,0.97414696
740278,0.006158691
740279,0.0032461993
740280,0.98383033
740281,0.024214303
740282,0.9932309
740283,0.9856888
740284,0.9731033
740285,0.024697242
740286,0.99582326
740287,0.005907827
740288,0.99458045
740289,0.44550508
740290,0.7444416
740291,0.8170256
740292,0.9954485
740293,0.85607135
740294,0.35736084
740295,0.017748136
740296,0.52085465
740297,0.9957567
740298,0.26739588
740299,0.089195766
740300,0.99094456
740301,0.06858541
740302,0.74369687
740303,0.79379827
740304,0.9963481
740305,0.0054678014
740306,0.24087791
740307,0.9847052
740308,0.22736117
740309,0.5370765
740310,0.9796463
740311,0.859944
740312,0.7556163
740313,0.7679684
740314,0.24986866
740315,0.556113
740316,0.043499857
740317,0.119842336
740318,0.027391072
740319,0.6619153
740320,0.20043772
740321,0.98670584
740322,0.9858765
740323,0.9414552
740324,0.9721978
740325,0.95260465
740326,0.32104567
740327,0.99070317
740328,0.98858035
740329,0.06476508
740330,0.6116648
740331,0.007959283
740332,0.91824
740333,0.13935706
740334,0.19610327
740335,0.035552386
740336,0.91507363
740337,0.06543803
740338,0.9442193
740339,0.72593945
740340,0.009882034
740341,0.04264719
740342,0.37898868
740343,0.9868119
740344,0.08849253
740345,0.7898984
740346,0.98864526
740347,0.011822725
740348,0.017616443
740349,0.023452584
740350,0.8804263
740351,0.9855135
740352,0.94314957
740353,0.9840424
740354,0.24152233
740355,0.900849
740356,0.103399
740357,0.041265376
740358,0.7201777
740359,0.99866015
740360,0.013773898
740361,0.115300775
740362,0.8947972
740363,0.9730027
740364,0.11308729
740365,0.9545848
740366,0.010905769
740367,0.992818
740368,0.48312452
740369,0.061334275
740370,0.9888721
740371,0.9632782
740372,0.99816364
740373,0.4472315
740374,0.005792813
740375,0.22174829
740376,0.974635
740377,0.992696
740378,0.0104729235
740379,0.18919426
740380,0.18746081
740381,0.1632294
740382,0.12815554
740383,0.5935112
740384,0.037300084
740385,0.9524977
740386,0.21625276
740387,0.005170614
740388,0.9922813
740389,0.19733317
740390,0.060057104
740391,0.15863547
740392,0.7316921
740393,0.55391
740394,0.43222302
740395,0.005269712
740396,0.029673683
740397,0.81056345
740398,0.98260367
740399,0.20745707
740400,0.8317241
740401,0.86930716
740402,0.028819183
740403,0.92646384
740404,0.72535884
740405,0.23800573
740406,0.09552957
740407,0.011936864
740408,0.013163673
740409,0.4075234
740410,0.008479857
740411,0.13095872
740412,0.22101134
740413,0.9488128
740414,0.1081046
740415,0.0062316903
740416,0.6162801
740417,0.019932928
740418,0.05167241
740419,0.23781478
740420,0.9985218
740421,0.002753702
740422,0.99734116
740423,0.035214618
740424,0.11445909
740425,0.9597577
740426,0.0064153844
740427,0.99643457
740428,0.9930795
740429,0.87291324
740430,0.06280499
740431,0.026303839
740432,0.97177565
740433,0.9268239
740434,0.006913248
740435,0.031400934
740436,0.103679895
740437,0.99485594
740438,0.9909485
740439,0.73152417
740440,0.0024412107
740441,0.5129857
740442,0.9484719
740443,0.5598697
740444,0.79018915
740445,0.992719
740446,0.043524697
740447,0.0036319692
740448,0.09473476
740449,0.9356622
740450,0.0044858586
740451,0.7456852
740452,0.8474914
740453,0.9836904
740454,0.0050238916
740455,0.75296855
740456,0.010660771
740457,0.9963536
740458,0.013622981
740459,0.41244796
740460,0.022915088
740461,0.9736957
740462,0.116579756
740463,0.5886275
740464,0.007895262
740465,0.014363871
740466,0.9714055
740467,0.22531073
740468,0.2587261
740469,0.50829333
740470,0.46642077
740471,0.046768017
740472,0.974004
740473,0.99474114
740474,0.01585836
740475,0.9985115
740476,0.95335513
740477,0.040855307
740478,0.96963614
740479,0.98667055
740480,0.9797884
740481,0.29566276
740482,0.9917448
740483,0.9928731
740484,0.019220464
740485,0.022681626
740486,0.98837495
740487,0.19301161
740488,0.9386643
740489,0.97739154
740490,0.9980275
740491,0.01702081
740492,0.0090566
740493,0.0044530844
740494,0.0024514452
740495,0.9958087
740496,0.9898507
740497,0.44255313
740498,0.18308881
740499,0.0050206743
740500,0.023708308
740501,0.2849111
740502,0.78499603
740503,0.9462329
740504,0.008926425
740505,0.3171839
740506,0.9928784
740507,0.18665636
740508,0.06763737
740509,0.034708686
740510,0.004059774
740511,0.030994747
740512,0.47430706
740513,0.027719138
740514,0.62150776
740515,0.028081192
740516,0.95805943
740517,0.015247445
740518,0.10259957
740519,0.10181798
740520,0.011545308
740521,0.04094542
740522,0.8064183
740523,0.9720603
740524,0.31858468
740525,0.90423
740526,0.9684566
740527,0.0128383525
740528,0.15421839
740529,0.85830104
740530,0.19041726
740531,0.025588743
740532,0.7200875
740533,0.2006925
740534,0.011529927
740535,0.81819844
740536,0.87106264
740537,0.9603949
740538,0.0400987
740539,0.16380863
740540,0.5413027
740541,0.0154447295
740542,0.96805394
740543,0.9823978
740544,0.04666317
740545,0.25260174
740546,0.95210177
740547,0.0012094954
740548,0.90085196
740549,0.86585796
740550,0.020231
740551,0.15092501
740552,0.04599786
740553,0.007305586
740554,0.002594758
740555,0.0611226
740556,0.9886377
740557,0.009764933
740558,0.98362905
740559,0.45566234
740560,0.022357564
740561,0.10324754
740562,0.8113989
740563,0.040370688
740564,0.89231193
740565,0.4485042
740566,0.030905189
740567,0.2127522
740568,0.4109968
740569,0.01325839
740570,0.013723476
740571,0.009168316
740572,0.025575537
740573,0.21070017
740574,0.8500562
740575,0.31574166
740576,0.8289913
740577,0.94211924
740578,0.029278405
740579,0.9631445
740580,0.027553596
740581,0.9024577
740582,0.66288805
740583,0.99818695
740584,0.004334127
740585,0.053218104
740586,0.97106206
740587,0.047334302
740588,0.98351765
740589,0.027792677
740590,0.29681593
740591,0.9965788
740592,0.06971949
740593,0.043913145
740594,0.0042509944
740595,0.9972178
740596,0.9557412
740597,0.021208288
740598,0.27144787
740599,0.13266471
740600,0.8067408
740601,0.7248856
740602,0.06356028
740603,0.99733377
740604,0.04564552
740605,0.117399566
740606,0.017759997
740607,0.43460625
740608,0.99880636
740609,0.06637253
740610,0.9964463
740611,0.2518888
740612,0.9979438
740613,0.2850813
740614,0.18093029
740615,0.1396446
740616,0.9807652
740617,0.805153
740618,0.41627905
740619,0.99756706
740620,0.9944993
740621,0.95482665
740622,0.4002478
740623,0.03535297
740624,0.012389837
740625,0.87652254
740626,0.73848253
740627,0.9784477
740628,0.23221534
740629,0.013850209
740630,0.91407526
740631,0.99876046
740632,0.9580392
740633,0.2942294
740634,0.9732009
740635,0.004110509
740636,0.58538747
740637,0.984242
740638,0.99859977
740639,0.05440131
740640,0.010358276
740641,0.9931422
740642,0.013853914
740643,0.0062023867
740644,0.009389956
740645,0.6614742
740646,0.0021561128
740647,0.33908468
740648,0.9593052
740649,0.0029866132
740650,0.29459208
740651,0.020207308
740652,0.054428972
740653,0.5144229
740654,0.06486188
740655,0.692357
740656,0.008813702
740657,0.970386
740658,0.932081
740659,0.7714761
740660,0.7943008
740661,0.039259817
740662,0.73586947
740663,0.16948092
740664,0.0062854756
740665,0.014263195
740666,0.03532747
740667,0.99508226
740668,0.20899431
740669,0.9761619
740670,0.9860702
740671,0.31141636
740672,0.9513684
740673,0.94147813
740674,0.10560369
740675,0.06972766
740676,0.008962813
740677,0.004253068
740678,0.29756033
740679,0.97213477
740680,0.988579
740681,0.98471177
740682,0.93803877
740683,0.32005894
740684,0.5467797
740685,0.0047979457
740686,0.98329455
740687,0.9893723
740688,0.92999065
740689,0.23118408
740690,0.16588017
740691,0.025758976
740692,0.006462529
740693,0.8943256
740694,0.044260796
740695,0.029434891
740696,0.56270885
740697,0.99037844
740698,0.9909618
740699,0.014880809
740700,0.92574674
740701,0.14756024
740702,0.012342195
740703,0.01649033
740704,0.0145334145
740705,0.8680188
740706,0.44431752
740707,0.02127565
740708,0.9760262
740709,0.9894534
740710,0.093221016
740711,0.99878895
740712,0.42326704
740713,0.77322125
740714,0.17339164
740715,0.009317161
740716,0.16142884
740717,0.056984127
740718,0.9315788
740719,0.021206765
740720,0.902652
740721,0.99572444
740722,0.97285163
740723,0.9080193
740724,0.07704728
740725,0.025872018
740726,0.9764158
740727,0.027724918
740728,0.9818225
740729,0.73162764
740730,0.05068635
740731,0.70907307
740732,0.7559535
740733,0.12820639
740734,0.67930996
740735,0.3052283
740736,0.8146578
740737,0.5691126
740738,0.9958494
740739,0.07723063
740740,0.053156316
740741,0.5647745
740742,0.06081134
740743,0.47412208
740744,0.3143195
740745,0.120470434
740746,0.98237556
740747,0.007871838
740748,0.0067543713
740749,0.9790485
740750,0.016467676
740751,0.27374437
740752,0.99289167
740753,0.010825649
740754,0.15037432
740755,0.04674836
740756,0.9408785
740757,0.010779751
740758,0.9625932
740759,0.23890702
740760,0.02487984
740761,0.861644
740762,0.038843412
740763,0.9705106
740764,0.050937694
740765,0.70476866
740766,0.9703425
740767,0.019574808
740768,0.8955401
740769,0.92722905
740770,0.037371974
740771,0.021059256
740772,0.10766649
740773,0.98292804
740774,0.039467994
740775,0.56413597
740776,0.29311845
740777,0.054318488
740778,0.98963404
740779,0.09140505
740780,0.81151605
740781,0.9644216
740782,0.42298153
740783,0.528092
740784,0.8377489
740785,0.9489037
740786,0.035856884
740787,0.16453016
740788,0.9654179
740789,0.12771858
740790,0.9803983
740791,0.14139056
740792,0.08809676
740793,0.9355705
740794,0.9545697
740795,0.9544382
740796,0.70643616
740797,0.80756974
740798,0.9834343
740799,0.9425645
740800,0.9985248
740801,0.963446
740802,0.027120288
740803,0.98069954
740804,0.80712473
740805,0.022929598
740806,0.9963568
740807,0.009291404
740808,0.04074499
740809,0.31495455
740810,0.95230407
740811,0.022352193
740812,0.006357041
740813,0.98425186
740814,0.9352122
740815,0.7773073
740816,0.110672325
740817,0.9415866
740818,0.09037033
740819,0.6341625
740820,0.1614543
740821,0.9959413
740822,0.97279847
740823,0.57941586
740824,0.005710974
740825,0.01827809
740826,0.8087788
740827,0.58391505
740828,0.9026676
740829,0.96923876
740830,0.007916047
740831,0.011645912
740832,0.98363817
740833,0.989225
740834,0.020170579
740835,0.9714309
740836,0.014576263
740837,0.012419483
740838,0.4151068
740839,0.014519145
740840,0.014402253
740841,0.63111943
740842,0.237246
740843,0.9932313
740844,0.21294177
740845,0.034801695
740846,0.9342931
740847,0.21148342
740848,0.004510754
740849,0.01697858
740850,0.9976591
740851,0.37384337
740852,0.8539335
740853,0.09688003
740854,0.95454997
740855,0.987606
740856,0.202209
740857,0.01817434
740858,0.8757491
740859,0.71674645
740860,0.41372544
740861,0.14295925
740862,0.051397398
740863,0.9887763
740864,0.9042798
740865,0.73212004
740866,0.99761975
740867,0.08301927
740868,0.034167994
740869,0.023275254
740870,0.4071049
740871,0.0075515383
740872,0.7603671
740873,0.8667841
740874,0.3722263
740875,0.14074375
740876,0.9869027
740877,0.025409559
740878,0.2782244
740879,0.43084145
740880,0.87120736
740881,0.9640589
740882,0.5254868
740883,0.10577705
740884,0.41817605
740885,0.8059172
740886,0.101635724
740887,0.055526827
740888,0.08601193
740889,0.14735818
740890,0.8017612
740891,0.21532756
740892,0.92877704
740893,0.4598249
740894,0.09438689
740895,0.009854034
740896,0.99756634
740897,0.9469209
740898,0.4870922
740899,0.9868674
740900,0.11846523
740901,0.24586569
740902,0.9645794
740903,0.9621919
740904,0.2044211
740905,0.15673268
740906,0.84875613
740907,0.3998778
740908,0.4261631
740909,0.9918512
740910,0.19198944
740911,0.95279515
740912,0.009635253
740913,0.16651362
740914,0.025930896
740915,0.28770292
740916,0.040777978
740917,0.023313763
740918,0.949105
740919,0.0044834493
740920,0.11805951
740921,0.12549154
740922,0.016216934
740923,0.019647649
740924,0.18090044
740925,0.69118345
740926,0.92826104
740927,0.009598432
740928,0.994594
740929,0.051836614
740930,0.1113669
740931,0.042530287
740932,0.013323432
740933,0.35954943
740934,0.10369264
740935,0.98478204
740936,0.09348371
740937,0.9547447
740938,0.053963248
740939,0.9652943
740940,0.7712049
740941,0.90336835
740942,0.038390316
740943,0.08591086
740944,0.9542101
740945,0.028403714
740946,0.96509933
740947,0.043668486
740948,0.2569267
740949,0.01673602
740950,0.98183817
740951,0.004287202
740952,0.9691004
740953,0.99832904
740954,0.004492567
740955,0.9617739
740956,0.75044715
740957,0.22390705
740958,0.9840155
740959,0.18773979
740960,0.78394425
740961,0.010656084
740962,0.45542794
740963,0.9659421
740964,0.05164976
740965,0.013147194
740966,0.9941631
740967,0.95595086
740968,0.0029167978
740969,0.969598
740970,0.5589394
740971,0.8667694
740972,0.013023744
740973,0.038727734
740974,0.9970385
740975,0.7810292
740976,0.19932319
740977,0.07788278
740978,0.39565468
740979,0.24708705
740980,0.015448525
740981,0.015277645
740982,0.9867375
740983,0.01086984
740984,0.94386435
740985,0.20974988
740986,0.0058035944
740987,0.83678776
740988,0.004982114
740989,0.035452086
740990,0.053878363
740991,0.19467603
740992,0.13985077
740993,0.04392977
740994,0.31394723
740995,0.14492565
740996,0.97754574
740997,0.38225105
740998,0.0832249
740999,0.037869632
741000,0.047771208
741001,0.014133872
741002,0.16686112
741003,0.079707965
741004,0.0035960982
741005,0.024474096
741006,0.014684828
741007,0.03329261
741008,0.03459101
741009,0.8633609
741010,0.037503697
741011,0.03942516
741012,0.37398118
741013,0.027762685
741014,0.7352363
741015,0.17899477
741016,0.6775512
741017,0.89217633
741018,0.9984618
741019,0.9997288
741020,0.03787614
741021,0.85105115
741022,0.0083474405
741023,0.018957378
741024,0.032300085
741025,0.13856924
741026,0.03239798
741027,0.021487609
741028,0.81072474
741029,0.003907001
741030,0.009885111
741031,0.038242802
741032,0.8961297
741033,0.99806815
741034,0.65343875
741035,0.18572591
741036,0.074711815
741037,0.99871093
741038,0.057658944
741039,0.31043363
741040,0.03418882
741041,0.68046415
741042,0.0060257013
741043,0.4508382
741044,0.34266755
741045,0.35395652
741046,0.9815545
741047,0.8825732
741048,0.3626651
741049,0.97448385
741050,0.9843012
741051,0.28009307
741052,0.7915837
741053,0.03732772
741054,0.027926574
741055,0.90277445
741056,0.0055524586
741057,0.95833486
741058,0.0019780851
741059,0.21273246
741060,0.991766
741061,0.028715044
741062,0.014910488
741063,0.99704987
741064,0.9678673
741065,0.042168334
741066,0.9830253
741067,0.98490685
741068,0.8470587
741069,0.98949504
741070,0.024157187
741071,0.08921062
741072,0.9204295
741073,0.002757669
741074,0.9766211
741075,0.16055182
741076,0.084506385
741077,0.9722314
741078,0.67853063
741079,0.10890814
741080,0.8700342
741081,0.55466306
741082,0.0075461427
741083,0.9646661
741084,0.9867837
741085,0.5140348
741086,0.9762003
741087,0.013068196
741088,0.030058095
741089,0.11457385
741090,0.990509
741091,0.993023
741092,0.4388299
741093,0.15439396
741094,0.018950604
741095,0.017736327
741096,0.63635176
741097,0.3295117
741098,0.12630427
741099,0.63975775
741100,0.9728495
741101,0.922221
741102,0.020557925
741103,0.017101225
741104,0.04321693
741105,0.07489453
741106,0.9659475
741107,0.013720113
741108,0.01208064
741109,0.91417664
741110,0.94344777
741111,0.04569499
741112,0.02844254
741113,0.022506867
741114,0.58352673
741115,0.92161727
741116,0.7411764
741117,0.036252204
741118,0.1887121
741119,0.6566701
741120,0.9946438
741121,0.015573019
741122,0.003418474
741123,0.7143169
741124,0.98123896
741125,0.05235982
741126,0.06897619
741127,0.73557776
741128,0.14317895
741129,0.0058880546
741130,0.006146308
741131,0.02530464
741132,0.094043225
741133,0.026375487
741134,0.10875188
741135,0.026115974
741136,0.60160786
741137,0.8180365
741138,0.98995006
741139,0.02259253
741140,0.9977858
741141,0.0044768844
741142,0.13335639
741143,0.46757376
741144,0.45892513
741145,0.013551416
741146,0.7729774
741147,0.019118205
741148,0.007404923
741149,0.9962717
741150,0.9788861
741151,0.058284212
741152,0.9882257
741153,0.0172836
741154,0.83861256
741155,0.97998106
741156,0.45253748
741157,0.0733579
741158,0.019908357
741159,0.9158213
741160,0.92539084
741161,0.0032698656
741162,0.087994516
741163,0.08611278
741164,0.6023602
741165,0.90426254
741166,0.8199839
741167,0.9721164
741168,0.9578446
741169,0.9952072
741170,0.12689455
741171,0.014411779
741172,0.9935193
741173,0.041698854
741174,0.99385804
741175,0.19234996
741176,0.0035927577
741177,0.029124798
741178,0.10702044
741179,0.006262621
741180,0.82777995
741181,0.03742522
741182,0.6603471
741183,0.42889845
741184,0.40914023
741185,0.093620464
741186,0.84830874
741187,0.039519317
741188,0.023395576
741189,0.0321419
741190,0.023280626
741191,0.105081216
741192,0.42235684
741193,0.9857157
741194,0.99881184
741195,0.21551456
741196,0.011185993
741197,0.0033268968
741198,0.9537438
741199,0.01149792
741200,0.022048747
741201,0.63271123
741202,0.88962734
741203,0.33632573
741204,0.721296
741205,0.022880739
741206,0.0069360444
741207,0.026091304
741208,0.11981691
741209,0.026886988
741210,0.87688303
741211,0.96428984
741212,0.011235542
741213,0.8952982
741214,0.7719362
741215,0.024928784
741216,0.002856662
741217,0.7879361
741218,0.9955875
741219,0.1474408
741220,0.003788028
741221,0.9296903
741222,0.06416913
741223,0.15574135
741224,0.9151781
741225,0.9860827
741226,0.018849216
741227,0.851037
741228,0.98518753
741229,0.009906239
741230,0.7668753
741231,0.013193725
741232,0.958301
741233,0.9545282
741234,0.89912367
741235,0.03077741
741236,0.99472725
741237,0.18929946
741238,0.13026467
741239,0.50826305
741240,0.00968417
741241,0.97243
741242,0.3732869
741243,0.02001348
741244,0.013323463
741245,0.98026633
741246,0.03411536
741247,0.2280715
741248,0.6438064
741249,0.030022472
741250,0.9936273
741251,0.5610036
741252,0.20895411
741253,0.60973305
741254,0.9691499
741255,0.74048233
741256,0.020201772
741257,0.92236876
741258,0.9544966
741259,0.34022117
741260,0.99726284
741261,0.74098986
741262,0.22225724
741263,0.0028368877
741264,0.11301304
741265,0.9117115
741266,0.77371407
741267,0.20627725
741268,0.7442011
741269,0.108372726
741270,0.030585507
741271,0.9238373
741272,0.009146772
741273,0.03323484
741274,0.6041338
741275,0.20460397
741276,0.02690035
741277,0.015949482
741278,0.0026816272
741279,0.23969291
741280,0.9747944
741281,0.9293073
741282,0.033635005
741283,0.9946891
741284,0.024985954
741285,0.9613104
741286,0.94051605
741287,0.99809694
741288,0.011481193
741289,0.541788
741290,0.011376644
741291,0.39302814
741292,0.88734466
741293,0.59184146
741294,0.97395337
741295,0.14521167
741296,0.028306905
741297,0.99414796
741298,0.9617598
741299,0.026128449
741300,0.9890249
741301,0.10025307
741302,0.9840935
741303,0.92525136
741304,0.009289176
741305,0.27460757
741306,0.038524605
741307,0.9945599
741308,0.0058373148
741309,0.6984691
741310,0.014431136
741311,0.9962549
741312,0.026460236
741313,0.004577808
741314,0.044447243
741315,0.79877657
741316,0.013144511
741317,0.0036523433
741318,0.1365483
741319,0.97891104
741320,0.011014569
741321,0.77935696
741322,0.82562596
741323,0.013638424
741324,0.98822814
741325,0.37973535
741326,0.021668766
741327,0.990192
741328,0.013385866
741329,0.95529896
741330,0.04158198
741331,0.023792032
741332,0.99315643
741333,0.32926482
741334,0.038723983
741335,0.99375874
741336,0.5092379
741337,0.30896363
741338,0.9947612
741339,0.56795365
741340,0.03668697
741341,0.013327312
741342,0.1319737
741343,0.01331046
741344,0.069184415
741345,0.9638859
741346,0.26765025
741347,0.0077893427
741348,0.0027655866
741349,0.92218846
741350,0.9955255
741351,0.9346756
741352,0.23752955
741353,0.04207487
741354,0.14439839
741355,0.42382994
741356,0.0304765
741357,0.017633121
741358,0.95664835
741359,0.37656507
741360,0.022202458
741361,0.9773876
741362,0.012932168
741363,0.013279712
741364,0.007499378
741365,0.021416677
741366,0.0972992
741367,0.6096926
741368,0.056371726
741369,0.7888181
741370,0.5034376
741371,0.83365935
741372,0.30857703
741373,0.4706642
741374,0.053466234
741375,0.47714567
741376,0.67384315
741377,0.9913887
741378,0.9956696
741379,0.0054137493
741380,0.18647529
741381,0.99448955
741382,0.35824463
741383,0.005833148
741384,0.0363661
741385,0.4076804
741386,0.12952176
741387,0.7450364
741388,0.996021
741389,0.9972452
741390,0.13059488
741391,0.066339135
741392,0.8144223
741393,0.0047891545
741394,0.7667674
741395,0.0036145127
741396,0.089700684
741397,0.55957776
741398,0.9593484
741399,0.6346451
741400,0.029899385
741401,0.7657162
741402,0.03051516
741403,0.06607036
741404,0.926654
741405,0.010433804
741406,0.4263628
741407,0.98073167
741408,0.5748129
741409,0.9490156
741410,0.32225636
741411,0.36053836
741412,0.008004754
741413,0.012587751
741414,0.61752963
741415,0.0046790047
741416,0.34122133
741417,0.037955835
741418,0.9872892
741419,0.91049933
741420,0.17840748
741421,0.12526861
741422,0.030830203
741423,0.014431044
741424,0.3830602
741425,0.9623425
741426,0.71744335
741427,0.9829809
741428,0.056745734
741429,0.015382516
741430,0.04825647
741431,0.07892497
741432,0.0126983635
741433,0.023828112
741434,0.10737761
741435,0.13579516
741436,0.011339768
741437,0.59950835
741438,0.92883164
741439,0.0048692618
741440,0.010458726
741441,0.9773535
741442,0.39790654
741443,0.17312975
741444,0.92520434
741445,0.9990666
741446,0.24962243
741447,0.0072107553
741448,0.076244384
741449,0.99935704
741450,0.9816527
741451,0.819797
741452,0.010089027
741453,0.47653967
741454,0.036199525
741455,0.008219257
741456,0.03699338
741457,0.98897994
741458,0.9998292
741459,0.03947051
741460,0.7082721
741461,0.952036
741462,0.3043855
741463,0.036861572
741464,0.98792183
741465,0.056346748
741466,0.79261327
741467,0.012354009
741468,0.07357778
741469,0.99824023
741470,0.017076496
741471,0.9009701
741472,0.8468939
741473,0.23740792
741474,0.98004603
741475,0.949828
741476,0.014288305
741477,0.5882468
741478,0.011537408
741479,0.027173858
741480,0.3193644
741481,0.22320227
741482,0.056086954
741483,0.9872287
741484,0.017328657
741485,0.00484383
741486,0.99324024
741487,0.057668287
741488,0.98983467
741489,0.6387687
741490,0.0035589808
741491,0.9533683
741492,0.22792247
741493,0.008550586
741494,0.8977529
741495,0.9945326
741496,0.98378116
741497,0.9827601
741498,0.032530133
741499,0.1656135
741500,0.0056569837
741501,0.9992831
741502,0.006780456
741503,0.124204546
741504,0.030105773
741505,0.120048225
741506,0.005138479
741507,0.517324
741508,0.9669635
741509,0.9628234
741510,0.9893344
741511,0.053422224
741512,0.8299663
741513,0.9818352
741514,0.97805965
741515,0.036339216
741516,0.9321207
741517,0.23950434
741518,0.89197135
741519,0.8647476
741520,0.7661914
741521,0.007677894
741522,0.02991949
741523,0.21613821
741524,0.2647212
741525,0.008309976
741526,0.91173005
741527,0.00095358724
741528,0.14859727
741529,0.008183683
741530,0.018665025
741531,0.88625574
741532,0.009088844
741533,0.9966068
741534,0.0600502
741535,0.016216222
741536,0.945029
741537,0.88214695
741538,0.9233126
741539,0.23776832
741540,0.04490113
741541,0.9785388
741542,0.99852073
741543,0.0028585976
741544,0.007621122
741545,0.9884063
741546,0.0028222855
741547,0.42820382
741548,0.9469643
741549,0.94865584
741550,0.57348657
741551,0.5062512
741552,0.11249394
741553,0.97437584
741554,0.7431333
741555,0.5642736
741556,0.04983864
741557,0.0073492704
741558,0.19930463
741559,0.7863839
741560,0.0114674885
741561,0.022708736
741562,0.9642141
741563,0.97400254
741564,0.7526728
741565,0.9638706
741566,0.95768887
741567,0.11184116
741568,0.7924362
741569,0.019027146
741570,0.07354438
741571,0.9378684
741572,0.8604378
741573,0.035408285
741574,0.07990266
741575,0.14572531
741576,0.9288433
741577,0.07179932
741578,0.023756474
741579,0.076531604
741580,0.36772543
741581,0.5388195
741582,0.19253293
741583,0.990511
741584,0.984798
741585,0.0044366345
741586,0.2558502
741587,0.7117807
741588,0.9852313
741589,0.9909719
741590,0.9304055
741591,0.014609027
741592,0.9840055
741593,0.037784915
741594,0.222895
741595,0.19477287
741596,0.0021084042
741597,0.067943975
741598,0.0029207035
741599,0.010762862
741600,0.99183583
741601,0.039757665
741602,0.11804307
741603,0.6334597
741604,0.009174652
741605,0.9904388
741606,0.21017754
741607,0.033704497
741608,0.3393177
741609,0.010598135
741610,0.3194042
741611,0.024014663
741612,0.86287284
741613,0.2504802
741614,0.9699252
741615,0.011120093
741616,0.97682995
741617,0.9428192
741618,0.94981486
741619,0.009990238
741620,0.05224894
741621,0.0024671894
741622,0.98806274
741623,0.011393348
741624,0.1864947
741625,0.6976485
741626,0.008375333
741627,0.98068637
741628,0.025190558
741629,0.9534154
741630,0.92459446
741631,0.9964472
741632,0.031582616
741633,0.031025417
741634,0.033077512
741635,0.9961049
741636,0.36172643
741637,0.61639106
741638,0.04150812
741639,0.013515806
741640,0.004901597
741641,0.9189601
741642,0.0026593162
741643,0.99219817
741644,0.9949355
741645,0.025920318
741646,0.0058229393
741647,0.066450015
741648,0.7693238
741649,0.30577654
741650,0.9266974
741651,0.10948057
741652,0.017593298
741653,0.11314607
741654,0.9329478
741655,0.989613
741656,0.061648756
741657,0.99543476
741658,0.0217195
741659,0.017381359
741660,0.99489117
741661,0.4777443
741662,0.12489468
741663,0.20835541
741664,0.8921757
741665,0.009596623
741666,0.7623274
741667,0.95436645
741668,0.8767571
741669,0.9398609
741670,0.30245152
741671,0.2130729
741672,0.99410963
741673,0.9192988
741674,0.022091676
741675,0.11991814
741676,0.27047366
741677,0.51063776
741678,0.43350518
741679,0.035361312
741680,0.90238214
741681,0.13062768
741682,0.15384758
741683,0.99175984
741684,0.004893575
741685,0.97355413
741686,0.9910037
741687,0.21713655
741688,0.0062692864
741689,0.9478506
741690,0.07875165
741691,0.11486239
741692,0.030437447
741693,0.0076193144
741694,0.034694124
741695,0.034114376
741696,0.74379325
741697,0.12985185
741698,0.11035763
741699,0.8645602
741700,0.9767005
741701,0.91770744
741702,0.07143405
741703,0.057056554
741704,0.84809864
741705,0.008279195
741706,0.5877499
741707,0.3000656
741708,0.043555737
741709,0.8540304
741710,0.9699793
741711,0.0018295799
741712,0.96654737
741713,0.98596144
741714,0.9584515
741715,0.10374321
741716,0.9481317
741717,0.03440621
741718,0.15285243
741719,0.9184356
741720,0.25666073
741721,0.69449514
741722,0.95887184
741723,0.004149839
741724,0.030918721
741725,0.97850645
741726,0.12767753
741727,0.24992342
741728,0.98150086
741729,0.4716858
741730,0.9406904
741731,0.26060826
741732,0.16759546
741733,0.8799759
741734,0.59799206
741735,0.005968135
741736,0.8540878
741737,0.5003695
741738,0.7911384
741739,0.049152695
741740,0.35613525
741741,0.021440636
741742,0.40635487
741743,0.07754548
741744,0.018393546
741745,0.111968786
741746,0.9828884
741747,0.8055704
741748,0.5221709
741749,0.5579083
741750,0.94315976
741751,0.013155475
741752,0.2966572
741753,0.8534219
741754,0.018827878
741755,0.97477245
741756,0.22262184
741757,0.81377256
741758,0.4584582
741759,0.683228
741760,0.021110855
741761,0.002568566
741762,0.84446716
741763,0.97763574
741764,0.33265078
741765,0.9758094
741766,0.03483347
741767,0.014589177
741768,0.02694593
741769,0.049315788
741770,0.003295145
741771,0.7494874
741772,0.30156484
741773,0.078721136
741774,0.024789609
741775,0.2835167
741776,0.81349945
741777,0.02351626
741778,0.9658359
741779,0.97627664
741780,0.9909561
741781,0.8979733
741782,0.50256765
741783,0.00825657
741784,0.905474
741785,0.053305067
741786,0.0050365343
741787,0.9956312
741788,0.006883335
741789,0.028725589
741790,0.008927718
741791,0.005680271
741792,0.06320528
741793,0.24404815
741794,0.37453142
741795,0.87657124
741796,0.032424126
741797,0.9569367
741798,0.0047205626
741799,0.42142072
741800,0.28965935
741801,0.9762559
741802,0.0059900777
741803,0.01590719
741804,0.99043304
741805,0.35155338
741806,0.9358386
741807,0.98039293
741808,0.99294806
741809,0.017452812
741810,0.05421706
741811,0.038381815
741812,0.9878309
741813,0.95893514
741814,0.3154744
741815,0.719301
741816,0.17055047
741817,0.97707623
741818,0.9656539
741819,0.03732934
741820,0.9686096
741821,0.0074770753
741822,0.004193916
741823,0.984777
741824,0.99164873
741825,0.15229812
741826,0.022544421
741827,0.9947254
741828,0.0772202
741829,0.56439483
741830,0.96825397
741831,0.77168775
741832,0.017170835
741833,0.002213026
741834,0.9962112
741835,0.06496877
741836,0.3974971
741837,0.969746
741838,0.042700913
741839,0.0963735
741840,0.08933302
741841,0.6667814
741842,0.015972342
741843,0.96506834
741844,0.0069740578
741845,0.98194367
741846,0.9914128
741847,0.9625566
741848,0.015540303
741849,0.009934733
741850,0.9915959
741851,0.038275268
741852,0.06663503
741853,0.34910697
741854,0.9625596
741855,0.25969362
741856,0.9747512
741857,0.004269003
741858,0.03988853
741859,0.14227416
741860,0.4666998
741861,0.19123566
741862,0.99215174
741863,0.041836534
741864,0.9622073
741865,0.47204298
741866,0.99459183
741867,0.0051020496
741868,0.9890325
741869,0.98130846
741870,0.022837209
741871,0.9937575
741872,0.012149985
741873,0.46753645
741874,0.009582176
741875,0.079351924
741876,0.9950173
741877,0.41006556
741878,0.7963073
741879,0.39104572
741880,0.029994838
741881,0.020818911
741882,0.44033873
741883,0.01993725
741884,0.024607472
741885,0.9981935
741886,0.16053076
741887,0.08337649
741888,0.17459893
741889,0.97251123
741890,0.024077332
741891,0.050928064
741892,0.1261694
741893,0.11544691
741894,0.055528257
741895,0.0643947
741896,0.13989335
741897,0.011941483
741898,0.022323715
741899,0.82249165
741900,0.1167904
741901,0.059136465
741902,0.74678916
741903,0.019578576
741904,0.9046279
741905,0.9906976
741906,0.72944957
741907,0.99518853
741908,0.99662197
741909,0.096402735
741910,0.0036599562
741911,0.29410753
741912,0.06896007
741913,0.13461049
741914,0.56919116
741915,0.9982182
741916,0.975301
741917,0.8713003
741918,0.22760536
741919,0.41605932
741920,0.98533595
741921,0.5570665
741922,0.008651436
741923,0.74895537
741924,0.6843515
741925,0.49015823
741926,0.9811851
741927,0.0041635376
741928,0.16989112
741929,0.9956994
741930,0.86915994
741931,0.9625342
741932,0.017511599
741933,0.7475828
741934,0.14023958
741935,0.0033214563
741936,0.9959788
741937,0.9001789
741938,0.009913644
741939,0.6474476
741940,0.44569236
741941,0.73916674
741942,0.9963016
741943,0.011863863
741944,0.0037116883
741945,0.73134685
741946,0.026245218
741947,0.5324069
741948,0.9098748
741949,0.9760605
741950,0.8213137
741951,0.61177677
741952,0.43370634
741953,0.060637247
741954,0.55952483
741955,0.97623605
741956,0.32205275
741957,0.0067461776
741958,0.007004729
741959,0.6450752
741960,0.11012468
741961,0.99278766
741962,0.98889256
741963,0.987942
741964,0.21498896
741965,0.86157554
741966,0.008663485
741967,0.042689376
741968,0.010669537
741969,0.009777779
741970,0.98577946
741971,0.03675864
741972,0.23629531
741973,0.8607527
741974,0.053889826
741975,0.9980885
741976,0.020110657
741977,0.3316659
741978,0.9121756
741979,0.88738984
741980,0.7526039
741981,0.44736868
741982,0.0037257443
741983,0.25008145
741984,0.91961515
741985,0.9548376
741986,0.28704143
741987,0.31811333
741988,0.054526363
741989,0.9986872
741990,0.29578033
741991,0.60395074
741992,0.008942144
741993,0.9910611
741994,0.21437252
741995,0.010560067
741996,0.9480672
741997,0.0052829785
741998,0.051707953
741999,0.037252314
742000,0.9860916
742001,0.8807525
742002,0.949493
742003,0.3622934
742004,0.9952608
742005,0.37621248
742006,0.33654946
742007,0.9971025
742008,0.94796836
742009,0.02211522
742010,0.99532074
742011,0.020362826
742012,0.9742021
742013,0.45390218
742014,0.012658977
742015,0.79410064
742016,0.034805108
742017,0.025826918
742018,0.9881999
742019,0.996485
742020,0.03493088
742021,0.9928719
742022,0.15263827
742023,0.54099435
742024,0.055066284
742025,0.599058
742026,0.12715143
742027,0.7319852
742028,0.7313477
742029,0.007858853
742030,0.0036544607
742031,0.7612728
742032,0.0069064377
742033,0.0046277572
742034,0.8968314
742035,0.9407727
742036,0.94072866
742037,0.110536836
742038,0.22831088
742039,0.020487992
742040,0.050252557
742041,0.99294233
742042,0.048802294
742043,0.7767185
742044,0.044723563
742045,0.8186852
742046,0.6000189
742047,0.010114498
742048,0.076896206
742049,0.99675053
742050,0.9649148
742051,0.6699547
742052,0.0030144542
742053,0.36525768
742054,0.04501174
742055,0.069911055
742056,0.0064558424
742057,0.055005863
742058,0.9674856
742059,0.96101123
742060,0.96481097
742061,0.01739815
742062,0.10165172
742063,0.8083328
742064,0.1216747
742065,0.0066268467
742066,0.99137145
742067,0.08177851
742068,0.031080287
742069,0.9826549
742070,0.09316101
742071,0.16179457
742072,0.08058436
742073,0.0060857786
742074,0.014466298
742075,0.9691869
742076,0.027465967
742077,0.008172862
742078,0.21033888
742079,0.8931743
742080,0.0073498734
742081,0.67085814
742082,0.0069889748
742083,0.88606167
742084,0.973431
742085,0.9807108
742086,0.06964186
742087,0.94139767
742088,0.47346008
742089,0.029432349
742090,0.0806749
742091,0.2536961
742092,0.9839022
742093,0.0464794
742094,0.15377209
742095,0.19521074
742096,0.99708176
742097,0.009666015
742098,0.9873693
742099,0.8324245
742100,0.09839544
742101,0.980166
742102,0.75819576
742103,0.9817448
742104,0.03369298
742105,0.008663238
742106,0.99160767
742107,0.8925456
742108,0.90438986
742109,0.0418689
742110,0.99485725
742111,0.25817603
742112,0.06288668
742113,0.99755305
742114,0.022878211
742115,0.09024381
742116,0.9897014
742117,0.040735684
742118,0.29998723
742119,0.47441283
742120,0.08678436
742121,0.30429542
742122,0.97442687
742123,0.65174985
742124,0.5766286
742125,0.9939573
742126,0.93669945
742127,0.019486684
742128,0.08776382
742129,0.0062673585
742130,0.104056224
742131,0.08423667
742132,0.99831593
742133,0.080353126
742134,0.10001229
742135,0.82453847
742136,0.01569853
742137,0.2616564
742138,0.99749553
742139,0.011789957
742140,0.98377
742141,0.016481157
742142,0.10316754
742143,0.50704676
742144,0.1887464
742145,0.5658162
742146,0.95685625
742147,0.04236017
742148,0.10979189
742149,0.0059767454
742150,0.13416071
742151,0.9600694
742152,0.02564516
742153,0.96515083
742154,0.014833254
742155,0.92655385
742156,0.105780564
742157,0.91993994
742158,0.013639165
742159,0.09148246
742160,0.13089164
742161,0.032906555
742162,0.031415522
742163,0.016574439
742164,0.03564643
742165,0.018830089
742166,0.30840597
742167,0.8351463
742168,0.026369583
742169,0.124958664
742170,0.9795356
742171,0.9532311
742172,0.012275791
742173,0.9677076
742174,0.14182718
742175,0.04172073
742176,0.30483922
742177,0.91715705
742178,0.06528456
742179,0.94639474
742180,0.06348573
742181,0.60444075
742182,0.094026454
742183,0.9953426
742184,0.05658687
742185,0.96853197
742186,0.9532448
742187,0.9991566
742188,0.99898237
742189,0.021927271
742190,0.021888867
742191,0.97727746
742192,0.995689
742193,0.056130663
742194,0.94321144
742195,0.053373415
742196,0.006074022
742197,0.5488729
742198,0.032139637
742199,0.0020519835
742200,0.998769
742201,0.010283918
742202,0.9086615
742203,0.027258903
742204,0.99435735
742205,0.14668906
742206,0.0027771867
742207,0.011503564
742208,0.028470004
742209,0.40497765
742210,0.0661985
742211,0.019709762
742212,0.8182044
742213,0.33390206
742214,0.9854998
742215,0.9830269
742216,0.1301693
742217,0.02278473
742218,0.009907386
742219,0.08263304
742220,0.006818953
742221,0.0042036176
742222,0.035499383
742223,0.9847683
742224,0.025215443
742225,0.7581725
742226,0.9854781
742227,0.14416067
742228,0.53272814
742229,0.82916796
742230,0.01924719
742231,0.99107635
742232,0.7562934
742233,0.6811589
742234,0.90679914
742235,0.026117176
742236,0.02669951
742237,0.9947535
742238,0.87557167
742239,0.98400867
742240,0.017297532
742241,0.97991496
742242,0.27168584
742243,0.39787668
742244,0.011312742
742245,0.04992262
742246,0.05000422
742247,0.082788266
742248,0.9124228
742249,0.018336121
742250,0.99565303
742251,0.03644077
742252,0.16990165
742253,0.0173066
742254,0.97785175
742255,0.97098583
742256,0.20425218
742257,0.16843726
742258,0.9557153
742259,0.60007226
742260,0.0045696506
742261,0.0069681713
742262,0.86897177
742263,0.0043186643
742264,0.2549815
742265,0.9375137
742266,0.99658537
742267,0.45698863
742268,0.88936263
742269,0.9505952
742270,0.97713256
742271,0.010335398
742272,0.044318862
742273,0.24520451
742274,0.9983965
742275,0.02222186
742276,0.06299313
742277,0.99965465
742278,0.9813766
742279,0.99451196
742280,0.11574997
742281,0.99420774
742282,0.6206125
742283,0.9413073
742284,0.45437217
742285,0.95427287
742286,0.4524246
742287,0.016105099
742288,0.007759604
742289,0.050296977
742290,0.97421736
742291,0.021241944
742292,0.59478575
742293,0.00661863
742294,0.017257689
742295,0.0032648316
742296,0.4249778
742297,0.03737872
742298,0.91711015
742299,0.9756057
742300,0.96874356
742301,0.89510834
742302,0.06473353
742303,0.9982828
742304,0.9359206
742305,0.05844309
742306,0.24378157
742307,0.65372753
742308,0.8913088
742309,0.5104293
742310,0.89822793
742311,0.8168766
742312,0.996382
742313,0.079191454
742314,0.035794355
742315,0.26421574
742316,0.52253526
742317,0.025711639
742318,0.04548909
742319,0.028458983
742320,0.9776066
742321,0.4396287
742322,0.33296776
742323,0.123001
742324,0.010924646
742325,0.9970348
742326,0.001580328
742327,0.7808439
742328,0.98819953
742329,0.079627216
742330,0.9710797
742331,0.15545005
742332,0.23411576
742333,0.71281713
742334,0.041062236
742335,0.21307254
742336,0.9534709
742337,0.0072652567
742338,0.019808987
742339,0.015756562
742340,0.10122973
742341,0.9263315
742342,0.15789537
742343,0.99812436
742344,0.02038567
742345,0.030084187
742346,0.0118846195
742347,0.010250859
742348,0.98265207
742349,0.80719465
742350,0.94595134
742351,0.006399001
742352,0.31438768
742353,0.32911962
742354,0.10216715
742355,0.97466195
742356,0.87940085
742357,0.5171912
742358,0.9717039
742359,0.011435162
742360,0.82177097
742361,0.028281929
742362,0.4212444
742363,0.6221658
742364,0.17410357
742365,0.19234522
742366,0.0077267676
742367,0.0013942852
742368,0.9277576
742369,0.08219282
742370,0.92750174
742371,0.937494
742372,0.0044097714
742373,0.14428118
742374,0.01939091
742375,0.7671609
742376,0.079792045
742377,0.0432303
742378,0.63168657
742379,0.012557298
742380,0.69555724
742381,0.32119846
742382,0.0048934254
742383,0.15330596
742384,0.034180515
742385,0.6349642
742386,0.46987548
742387,0.8855362
742388,0.014922981
742389,0.6153106
742390,0.75769836
742391,0.9920958
742392,0.16610587
742393,0.008176726
742394,0.029236149
742395,0.0085776625
742396,0.95597845
742397,0.019241294
742398,0.9802063
742399,0.04185287
742400,0.95852256
742401,0.41621697
742402,0.0131859295
742403,0.9825511
742404,0.99886245
742405,0.6202683
742406,0.10468258
742407,0.17189465
742408,0.761459
742409,0.86451805
742410,0.07483028
742411,0.0025459453
742412,0.48210675
742413,0.10176748
742414,0.942925
742415,0.34988904
742416,0.9638028
742417,0.06323594
742418,0.12385037
742419,0.9755007
742420,0.856862
742421,0.025622763
742422,0.820076
742423,0.22288066
742424,0.058034796
742425,0.007463494
742426,0.18135634
742427,0.07291737
742428,0.025180897
742429,0.040416487
742430,0.0033548784
742431,0.9972023
742432,0.99545825
742433,0.07375161
742434,0.98801416
742435,0.0706136
742436,0.5770737
742437,0.13559052
742438,0.058469087
742439,0.96944165
742440,0.99155647
742441,0.24465632
742442,0.98092747
742443,0.29178095
742444,0.98262614
742445,0.9969964
742446,0.054036442
742447,0.99502605
742448,0.0047312095
742449,0.5075238
742450,0.86646444
742451,0.33114287
742452,0.99493515
742453,0.21413743
742454,0.8651848
742455,0.43642542
742456,0.94788504
742457,0.9024282
742458,0.010306236
742459,0.7204731
742460,0.10417734
742461,0.79381275
742462,0.8485253
742463,0.9691819
742464,0.017954849
742465,0.9939742
742466,0.98228407
742467,0.9711221
742468,0.931468
742469,0.005218511
742470,0.7462263
742471,0.71165943
742472,0.61866844
742473,0.20863771
742474,0.003378526
742475,0.99451554
742476,0.96666133
742477,0.051320676
742478,0.0047088563
742479,0.21273057
742480,0.99239904
742481,0.004280794
742482,0.021676224
742483,0.011946013
742484,0.57923913
742485,0.04625883
742486,0.017164987
742487,0.017785816
742488,0.25177652
742489,0.029338475
742490,0.004695094
742491,0.5731962
742492,0.12461726
742493,0.728932
742494,0.023972027
742495,0.8897586
742496,0.9797432
742497,0.0016728824
742498,0.12171259
742499,0.10387094
742500,0.26540726
742501,0.020586995
742502,0.36888587
742503,0.044217914
742504,0.36917102
742505,0.82235664
742506,0.9952054
742507,0.17021902
742508,0.97268796
742509,0.98871446
742510,0.008181854
742511,0.9981514
742512,0.0020974034
742513,0.439365
742514,0.0038239143
742515,0.06769247
742516,0.023527035
742517,0.8843694
742518,0.27991396
742519,0.011733605
742520,0.994639
742521,0.37786084
742522,0.99420404
742523,0.40837586
742524,0.87876487
742525,0.8782817
742526,0.9972639
742527,0.09164905
742528,0.083600454
742529,0.9367774
742530,0.9554188
742531,0.0037265967
742532,0.01687777
742533,0.025691021
742534,0.88682556
742535,0.3052906
742536,0.21425802
742537,0.025577452
742538,0.128104
742539,0.9254877
742540,0.9995499
742541,0.9953804
742542,0.99635774
742543,0.04338493
742544,0.6785382
742545,0.092543244
742546,0.9879806
742547,0.9692065
742548,0.5269877
742549,0.067433886
742550,0.008050194
742551,0.33215812
742552,0.3041257
742553,0.99847484
742554,0.79692924
742555,0.01551403
742556,0.9839932
742557,0.013442196
742558,0.031626955
742559,0.4592336
742560,0.7905629
742561,0.65016615
742562,0.016726604
742563,0.15322317
742564,0.9335216
742565,0.010279991
742566,0.019724429
742567,0.88918674
742568,0.009016518
742569,0.9792124
742570,0.20320562
742571,0.019139431
742572,0.33109516
742573,0.23656446
742574,0.009708995
742575,0.0008237464
742576,0.8986105
742577,0.9453731
742578,0.8310904
742579,0.02888407
742580,0.00804165
742581,0.9830254
742582,0.9765669
742583,0.72284573
742584,0.17112114
742585,0.032502986
742586,0.9948182
742587,0.97220945
742588,0.63566715
742589,0.3879165
742590,0.0153108835
742591,0.94593525
742592,0.28924215
742593,0.98930347
742594,0.6625452
742595,0.4976935
742596,0.04212796
742597,0.98573154
742598,0.9975933
742599,0.12983164
742600,0.9082228
742601,0.03318742
742602,0.0592914
742603,0.8096227
742604,0.93954295
742605,0.99825877
742606,0.63380545
742607,0.9767458
742608,0.0780305
742609,0.40766716
742610,0.91378117
742611,0.992991
742612,0.9698262
742613,0.96280116
742614,0.023656668
742615,0.87725526
742616,0.88380903
742617,0.32696924
742618,0.24537593
742619,0.092865735
742620,0.18810926
742621,0.97867227
742622,0.020248912
742623,0.013308456
742624,0.9235049
742625,0.74001616
742626,0.83436775
742627,0.4047821
742628,0.46013054
742629,0.0106034605
742630,0.7993004
742631,0.0041802945
742632,0.99749213
742633,0.861727
742634,0.98868054
742635,0.084530905
742636,0.5459307
742637,0.11386625
742638,0.76628286
742639,0.14980283
742640,0.34096283
742641,0.9901161
742642,0.8666556
742643,0.008084606
742644,0.09202725
742645,0.9687829
742646,0.0008980844
742647,0.15633802
742648,0.9926601
742649,0.36674777
742650,0.26668465
742651,0.10679801
742652,0.9079996
742653,0.9679452
742654,0.18327636
742655,0.14664946
742656,0.26666957
742657,0.00970204
742658,0.8357232
742659,0.00939487
742660,0.051062446
742661,0.9469061
742662,0.81932294
742663,0.26430845
742664,0.12107826
742665,0.030563595
742666,0.98736316
742667,0.003449624
742668,0.011989577
742669,0.8928113
742670,0.011624314
742671,0.83829945
742672,0.01506393
742673,0.8269908
742674,0.5610131
742675,0.005982333
742676,0.87974757
742677,0.9840483
742678,0.00065462815
742679,0.011157904
742680,0.08483851
742681,0.06749413
742682,0.9589475
742683,0.08170719
742684,0.96081966
742685,0.8866674
742686,0.024550114
742687,0.9175358
742688,0.08282625
742689,0.0058311424
742690,0.981913
742691,0.31240112
742692,0.007748525
742693,0.7034524
742694,0.9262122
742695,0.050337866
742696,0.98861164
742697,0.87085205
742698,0.07861097
742699,0.5101976
742700,0.9227726
742701,0.24681984
742702,0.9489571
742703,0.98242605
742704,0.87076575
742705,0.09373671
742706,0.096053466
742707,0.004711385
742708,0.994996
742709,0.025156146
742710,0.05712656
742711,0.219699
742712,0.01783416
742713,0.74007595
742714,0.22998987
742715,0.5218333
742716,0.04906292
742717,0.99665445
742718,0.9221726
742719,0.9947656
742720,0.87672454
742721,0.6475814
742722,0.9496958
742723,0.015667215
742724,0.14635901
742725,0.10385446
742726,0.062290847
742727,0.005046776
742728,0.18503785
742729,0.36048615
742730,0.08658381
742731,0.9191812
742732,0.2094881
742733,0.11437973
742734,0.15152723
742735,0.9893687
742736,0.99897695
742737,0.99035746
742738,0.062704474
742739,0.8463886
742740,0.008943608
742741,0.113262355
742742,0.99244314
742743,0.88959515
742744,0.031766325
742745,0.029671676
742746,0.32866982
742747,0.9964285
742748,0.2855538
742749,0.056020148
742750,0.7515427
742751,0.022886174
742752,0.9885229
742753,0.283352
742754,0.645789
742755,0.009265722
742756,0.0318076
742757,0.9970104
742758,0.018322311
742759,0.88983995
742760,0.9435947
742761,0.67237496
742762,0.023954537
742763,0.99718153
742764,0.9932649
742765,0.9991993
742766,0.8202557
742767,0.0074033597
742768,0.9116544
742769,0.0047352524
742770,0.01440844
742771,0.2855313
742772,0.9779112
742773,0.39998627
742774,0.121068574
742775,0.9935179
742776,0.97758687
742777,0.9350378
742778,0.9303071
742779,0.00068550766
742780,0.87934095
742781,0.9656142
742782,0.9691515
742783,0.99560463
742784,0.94957334
742785,0.014281902
742786,0.6496998
742787,0.98829454
742788,0.9788876
742789,0.93079174
742790,0.05208417
742791,0.011145863
742792,0.61624545
742793,0.59026957
742794,0.3855742
742795,0.5731404
742796,0.09521113
742797,0.96635187
742798,0.41305047
742799,0.9640272
742800,0.031697046
742801,0.006488909
742802,0.8415271
742803,0.8244926
742804,0.05236933
742805,0.010201421
742806,0.009368269
742807,0.008269459
742808,0.06826859
742809,0.014535156
742810,0.100605056
742811,0.032453533
742812,0.98685306
742813,0.9949648
742814,0.9970461
742815,0.014896759
742816,0.04500425
742817,0.0066535342
742818,0.9760606
742819,0.045699406
742820,0.9957785
742821,0.11357453
742822,0.9943258
742823,0.017331233
742824,0.08136062
742825,0.13677132
742826,0.34246927
742827,0.026841909
742828,0.35427067
742829,0.97688186
742830,0.01566587
742831,0.8891365
742832,0.17870232
742833,0.90853167
742834,0.4094422
742835,0.014117329
742836,0.9551028
742837,0.99718785
742838,0.036625452
742839,0.7373458
742840,0.07745117
742841,0.059676304
742842,0.92705786
742843,0.19334337
742844,0.036996365
742845,0.14819978
742846,0.083231136
742847,0.99476224
742848,0.48082775
742849,0.9582895
742850,0.515292
742851,0.99709815
742852,0.009606456
742853,0.009442961
742854,0.0087378025
742855,0.037599497
742856,0.81625324
742857,0.19596568
742858,0.066975035
742859,0.95638317
742860,0.9943125
742861,0.9670217
742862,0.98927414
742863,0.06960139
742864,0.112616025
742865,0.007668848
742866,0.058972523
742867,0.9411517
742868,0.02070863
742869,0.2429813
742870,0.99855936
742871,0.80771905
742872,0.98866504
742873,0.42318705
742874,0.01282397
742875,0.37920505
742876,0.00333074
742877,0.90227664
742878,0.40433288
742879,0.39013338
742880,0.98436475
742881,0.07383531
742882,0.06686503
742883,0.006363934
742884,0.0067302687
742885,0.2037345
742886,0.97201914
742887,0.72423303
742888,0.11044419
742889,0.021126185
742890,0.0015642953
742891,0.12936708
742892,0.2407292
742893,0.003963641
742894,0.008413278
742895,0.9763992
742896,0.042962797
742897,0.038512368
742898,0.9427334
742899,0.14863747
742900,0.012779433
742901,0.055096645
742902,0.7901969
742903,0.10422711
742904,0.39575672
742905,0.0071659274
742906,0.8463205
742907,0.7130797
742908,0.009686251
742909,0.2547437
742910,0.99119544
742911,0.014891277
742912,0.008032771
742913,0.9850356
742914,0.7733459
742915,0.038125217
742916,0.99059856
742917,0.9879699
742918,0.93042713
742919,0.022847345
742920,0.9362266
742921,0.97032565
742922,0.9942526
742923,0.03247408
742924,0.98184466
742925,0.010377997
742926,0.5987962
742927,0.40249938
742928,0.0008924167
742929,0.023043808
742930,0.98768365
742931,0.05724803
742932,0.97712374
742933,0.96680355
742934,0.78617907
742935,0.9274684
742936,0.77061355
742937,0.82212865
742938,0.9890275
742939,0.019164547
742940,0.9827735
742941,0.8684825
742942,0.98203677
742943,0.24143016
742944,0.84484357
742945,0.09056035
742946,0.0148557965
742947,0.9935174
742948,0.49154717
742949,0.9932334
742950,0.018814959
742951,0.29594147
742952,0.00882018
742953,0.92704856
742954,0.070821434
742955,0.8525444
742956,0.8794439
742957,0.04992649
742958,0.005928049
742959,0.93439376
742960,0.046557337
742961,0.23514976
742962,0.02962315
742963,0.013814585
742964,0.7658362
742965,0.01833888
742966,0.023869248
742967,0.82871026
742968,0.20311372
742969,0.955313
742970,0.92713255
742971,0.9581698
742972,0.81824434
742973,0.004536389
742974,0.0013486941
742975,0.86945677
742976,0.048784934
742977,0.032539528
742978,0.094961405
742979,0.068833716
742980,0.8832416
742981,0.9613511
742982,0.9772012
742983,0.9972199
742984,0.7731638
742985,0.00848091
742986,0.55192477
742987,0.091758884
742988,0.15752879
742989,0.13485992
742990,0.9609777
742991,0.0110596195
742992,0.19217992
742993,0.017401151
742994,0.025462791
742995,0.97025496
742996,0.03140569
742997,0.982447
742998,0.9298759
742999,0.02966566
743000,0.04537843
743001,0.13272946
743002,0.009831253
743003,0.0074462844
743004,0.3844743
743005,0.7803773
743006,0.98005295
743007,0.04320735
743008,0.9820513
743009,0.3936594
743010,0.09645964
743011,0.98397344
743012,0.41576353
743013,0.9874383
743014,0.085217014
743015,0.44530788
743016,0.99399817
743017,0.058547802
743018,0.003605085
743019,0.03332167
743020,0.0069255065
743021,0.9938185
743022,0.01745496
743023,0.0042040115
743024,0.09475259
743025,0.007971384
743026,0.3427892
743027,0.050768137
743028,0.94882995
743029,0.12629654
743030,0.21018212
743031,0.7570913
743032,0.9897318
743033,0.65198004
743034,0.6022312
743035,0.98714256
743036,0.92401356
743037,0.98717207
743038,0.9847485
743039,0.97199523
743040,0.15128317
743041,0.65415895
743042,0.7023115
743043,0.17851195
743044,0.0489327
743045,0.012995116
743046,0.05011228
743047,0.0061543183
743048,0.99765486
743049,0.24917465
743050,0.7589756
743051,0.122863226
743052,0.031806458
743053,0.5419585
743054,0.5890785
743055,0.9612009
743056,0.9218724
743057,0.005872408
743058,0.06228727
743059,0.01128731
743060,0.024972629
743061,0.8885559
743062,0.12005663
743063,0.45273212
743064,0.33103564
743065,0.98145896
743066,0.008255521
743067,0.98907244
743068,0.8848541
743069,0.9974881
743070,0.046614796
743071,0.011924872
743072,0.9994656
743073,0.051216964
743074,0.96949595
743075,0.77874017
743076,0.021211669
743077,0.2624187
743078,0.017621726
743079,0.85036826
743080,0.99218065
743081,0.99842316
743082,0.013992837
743083,0.7419505
743084,0.9478042
743085,0.9956352
743086,0.99557316
743087,0.998064
743088,0.007079824
743089,0.007459567
743090,0.029721444
743091,0.111834176
743092,0.96362907
743093,0.99586827
743094,0.008730102
743095,0.65307504
743096,0.9280308
743097,0.21275528
743098,0.07320153
743099,0.98408103
743100,0.94074106
743101,0.017835984
743102,0.8545008
743103,0.99918616
743104,0.9990948
743105,0.05984728
743106,0.034658026
743107,0.13500051
743108,0.06765349
743109,0.9986126
743110,0.027509913
743111,0.010283349
743112,0.7770827
743113,0.014298404
743114,0.119093634
743115,0.97293276
743116,0.1047495
743117,0.9929555
743118,0.61129886
743119,0.013180639
743120,0.9788599
743121,0.5226589
743122,0.0035792924
743123,0.8742119
743124,0.024983369
743125,0.3845483
743126,0.85760033
743127,0.13408141
743128,0.9911479
743129,0.10019147
743130,0.19754724
743131,0.097162016
743132,0.07993606
743133,0.42066872
743134,0.14834407
743135,0.9810911
743136,0.009164629
743137,0.9965943
743138,0.970407
743139,0.0026357463
743140,0.057753734
743141,0.9791392
743142,0.9981688
743143,0.95278835
743144,0.9306838
743145,0.12319189
743146,0.99878794
743147,0.065723956
743148,0.8094289
743149,0.38944602
743150,0.18746658
743151,0.27888024
743152,0.9704368
743153,0.9785401
743154,0.82049245
743155,0.9968983
743156,0.5355047
743157,0.45091835
743158,0.019427914
743159,0.07531659
743160,0.40265688
743161,0.2888119
743162,0.9975188
743163,0.007880067
743164,0.07517732
743165,0.9657605
743166,0.023308622
743167,0.9564934
743168,0.037106745
743169,0.021658935
743170,0.0053282348
743171,0.044050366
743172,0.022108708
743173,0.95102507
743174,0.77828044
743175,0.03513471
743176,0.90999925
743177,0.9932647
743178,0.47374582
743179,0.09407
743180,0.0073203193
743181,0.0034918603
743182,0.98508805
743183,0.16854519
743184,0.08446785
743185,0.9326155
743186,0.037239112
743187,0.5189139
743188,0.8903596
743189,0.9897448
743190,0.94856
743191,0.87801427
743192,0.05508259
743193,0.9983782
743194,0.13952367
743195,0.6229669
743196,0.058404904
743197,0.009209645
743198,0.0069423085
743199,0.51041704
743200,0.009557484
743201,0.054249827
743202,0.014468645
743203,0.995378
743204,0.9840658
743205,0.18116659
743206,0.21122476
743207,0.33598614
743208,0.0119091645
743209,0.09861865
743210,0.938451
743211,0.8748125
743212,0.10480866
743213,0.024873206
743214,0.99263823
743215,0.0058130156
743216,0.9345491
743217,0.0018699723
743218,0.17326137
743219,0.98564565
743220,0.27228898
743221,0.98266125
743222,0.08511395
743223,0.25897887
743224,0.84668326
743225,0.06191991
743226,0.011919938
743227,0.6071199
743228,0.9915969
743229,0.9802313
743230,0.028550636
743231,0.8765938
743232,0.21030268
743233,0.046723112
743234,0.88045776
743235,0.108396694
743236,0.22948459
743237,0.015456449
743238,0.032743745
743239,0.34076238
743240,0.018241797
743241,0.94484895
743242,0.05678674
743243,0.006194872
743244,0.98054737
743245,0.14672771
743246,0.0082441475
743247,0.009491202
743248,0.9272059
743249,0.9307923
743250,0.44151908
743251,0.14407314
743252,0.075814836
743253,0.7750657
743254,0.24693558
743255,0.3026028
743256,0.96836793
743257,0.08611476
743258,0.9671893
743259,0.1469177
743260,0.019593228
743261,0.024393946
743262,0.16651063
743263,0.15513475
743264,0.018885802
743265,0.96461904
743266,0.092892915
743267,0.044611275
743268,0.036131047
743269,0.9991662
743270,0.94531024
743271,0.03671289
743272,0.99249065
743273,0.77630633
743274,0.6673132
743275,0.7151481
743276,0.2787446
743277,0.04811594
743278,0.9858458
743279,0.9769918
743280,0.8337993
743281,0.8583408
743282,0.9662399
743283,0.28724658
743284,0.010055614
743285,0.29646447
743286,0.50444263
743287,0.0050927275
743288,0.13667695
743289,0.034591697
743290,0.99424684
743291,0.9846465
743292,0.0071888994
743293,0.9934799
743294,0.012287693
743295,0.23146155
743296,0.99895906
743297,0.11572391
743298,0.009478144
743299,0.67609775
743300,0.01809749
743301,0.86475945
743302,0.010625304
743303,0.059101332
743304,0.10930403
743305,0.99182594
743306,0.998902
743307,0.88091016
743308,0.3766415
743309,0.022796985
743310,0.077447176
743311,0.026903044
743312,0.5370107
743313,0.035549175
743314,0.90206206
743315,0.2920183
743316,0.046107206
743317,0.13930947
743318,0.02797666
743319,0.90449125
743320,0.029828796
743321,0.051231697
743322,0.037681438
743323,0.99476933
743324,0.8873915
743325,0.110740066
743326,0.9332926
743327,0.9763322
743328,0.11247422
743329,0.99878633
743330,0.04322541
743331,0.025417082
743332,0.5637758
743333,0.15231103
743334,0.00863702
743335,0.9954072
743336,0.56156266
743337,0.050910905
743338,0.018334143
743339,0.9679438
743340,0.0058338856
743341,0.4320941
743342,0.021558354
743343,0.40356582
743344,0.968136
743345,0.031420697
743346,0.4022016
743347,0.007477491
743348,0.8329556
743349,0.06890189
743350,0.9971038
743351,0.14278074
743352,0.033222448
743353,0.9927042
743354,0.93487006
743355,0.9073311
743356,0.98283184
743357,0.9754431
743358,0.9243187
743359,0.9445226
743360,0.2565808
743361,0.6219325
743362,0.02583596
743363,0.0058294567
743364,0.14297102
743365,0.9528236
743366,0.0694692
743367,0.9978132
743368,0.017288757
743369,0.08012524
743370,0.72341603
743371,0.98778605
743372,0.9950704
743373,0.12448532
743374,0.04452755
743375,0.95713973
743376,0.48699325
743377,0.974385
743378,0.9978111
743379,0.01830357
743380,0.5108777
743381,0.9847362
743382,0.40803576
743383,0.106106624
743384,0.043424103
743385,0.8772803
743386,0.12380305
743387,0.65941036
743388,0.3109118
743389,0.2501348
743390,0.005277712
743391,0.5036224
743392,0.03404877
743393,0.17153107
743394,0.9799306
743395,0.10280435
743396,0.7802298
743397,0.96454644
743398,0.4963435
743399,0.2564388
743400,0.014856399
743401,0.13856748
743402,0.846618
743403,0.07484642
743404,0.12762138
743405,0.3461123
743406,0.05933839
743407,0.7904171
743408,0.003122196
743409,0.9906111
743410,0.99260366
743411,0.01259446
743412,0.3858845
743413,0.96624273
743414,0.04141746
743415,0.05613863
743416,0.03622767
743417,0.99175644
743418,0.09688759
743419,0.2647194
743420,0.081670195
743421,0.3055063
743422,0.011545036
743423,0.9922724
743424,0.9431279
743425,0.18035346
743426,0.010281383
743427,0.66535616
743428,0.9938363
743429,0.0037802774
743430,0.399017
743431,0.9698813
743432,0.9720763
743433,0.2995885
743434,0.014527822
743435,0.9900193
743436,0.14175719
743437,0.9034368
743438,0.9844706
743439,0.8336288
743440,0.9639209
743441,0.06877443
743442,0.005502118
743443,0.044317216
743444,0.9922827
743445,0.014424279
743446,0.020600406
743447,0.043361936
743448,0.9228346
743449,0.96415085
743450,0.17782506
743451,0.79196244
743452,0.98082715
743453,0.79261017
743454,0.09377378
743455,0.9371433
743456,0.99222845
743457,0.44769624
743458,0.9976648
743459,0.39197218
743460,0.8002685
743461,0.42031583
743462,0.007977778
743463,0.055934764
743464,0.0046354374
743465,0.94985336
743466,0.045210224
743467,0.017603988
743468,0.49224216
743469,0.4162174
743470,0.07833675
743471,0.75493896
743472,0.02593999
743473,0.4456864
743474,0.4475447
743475,0.24002099
743476,0.2041039
743477,0.4931218
743478,0.9307979
743479,0.55563354
743480,0.012683453
743481,0.9616069
743482,0.014809626
743483,0.005327061
743484,0.991743
743485,0.022187978
743486,0.04371348
743487,0.9973802
743488,0.009872105
743489,0.9890892
743490,0.031036623
743491,0.9686288
743492,0.043293186
743493,0.98251104
743494,0.02985834
743495,0.40548763
743496,0.81681037
743497,0.9988648
743498,0.12644541
743499,0.018927416
743500,0.99522376
743501,0.066906475
743502,0.07925834
743503,0.009922101
743504,0.9967281
743505,0.71490914
743506,0.99186593
743507,0.53931105
743508,0.006174364
743509,0.3012092
743510,0.99243814
743511,0.0323852
743512,0.041971684
743513,0.44729298
743514,0.7996702
743515,0.91092604
743516,0.02211342
743517,0.1848892
743518,0.31597555
743519,0.018132506
743520,0.020158729
743521,0.92522734
743522,0.9474447
743523,0.035140317
743524,0.27636617
743525,0.038605146
743526,0.9211385
743527,0.15864709
743528,0.6303658
743529,0.9618693
743530,0.017665138
743531,0.745319
743532,0.9976718
743533,0.027219724
743534,0.77941996
743535,0.010837528
743536,0.9994871
743537,0.007948469
743538,0.019241624
743539,0.048296876
743540,0.98686266
743541,0.041093536
743542,0.47278184
743543,0.0050383126
743544,0.16957714
743545,0.7794193
743546,0.986632
743547,0.0006543201
743548,0.62948644
743549,0.0056084488
743550,0.995501
743551,0.74714303
743552,0.98957217
743553,0.088637136
743554,0.124577776
743555,0.99504614
743556,0.28804305
743557,0.9932742
743558,0.9972586
743559,0.77673733
743560,0.9987315
743561,0.96746606
743562,0.09885305
743563,0.21899357
743564,0.9996195
743565,0.3774766
743566,0.9479348
743567,0.9113985
743568,0.15214184
743569,0.9855365
743570,0.22475977
743571,0.9979144
743572,0.1732671
743573,0.009702088
743574,0.08618087
743575,0.26745278
743576,0.8135388
743577,0.307458
743578,0.22003233
743579,0.37935582
743580,0.0042511337
743581,0.99231684
743582,0.009585833
743583,0.017088149
743584,0.48192543
743585,0.091108724
743586,0.08082758
743587,0.99012
743588,0.07674166
743589,0.046992958
743590,0.6000387
743591,0.018665072
743592,0.96442986
743593,0.028849203
743594,0.3825091
743595,0.976624
743596,0.9711457
743597,0.14945082
743598,0.1601498
743599,0.04352687
743600,0.69572663
743601,0.064806715
743602,0.009091796
743603,0.037808258
743604,0.005939909
743605,0.9438255
743606,0.55122894
743607,0.98295194
743608,0.40034762
743609,0.11516144
743610,0.037652694
743611,0.27962902
743612,0.64338326
743613,0.15883356
743614,0.21619132
743615,0.994293
743616,0.7797642
743617,0.70858717
743618,0.005355061
743619,0.746366
743620,0.055952936
743621,0.028837299
743622,0.9989145
743623,0.98395354
743624,0.99686384
743625,0.0034160183
743626,0.007568375
743627,0.04993231
743628,0.6139921
743629,0.9805696
743630,0.9844819
743631,0.6395008
743632,0.0031193867
743633,0.005876257
743634,0.022623932
743635,0.96289575
743636,0.7720707
743637,0.02316603
743638,0.05305767
743639,0.016735028
743640,0.004892707
743641,0.8822911
743642,0.9963987
743643,0.029287066
743644,0.9987941
743645,0.09199297
743646,0.07574646
743647,0.06767001
743648,0.0028168634
743649,0.9931552
743650,0.0067502186
743651,0.7083097
743652,0.6453148
743653,0.14215383
743654,0.9489101
743655,0.071062535
743656,0.9622674
743657,0.016755743
743658,0.95273644
743659,0.49396783
743660,0.13846853
743661,0.035528407
743662,0.06683304
743663,0.976859
743664,0.10814063
743665,0.78139055
743666,0.008768257
743667,0.22237742
743668,0.7715417
743669,0.25039893
743670,0.29423848
743671,0.9788306
743672,0.91868925
743673,0.011446375
743674,0.6165685
743675,0.5128026
743676,0.03724092
743677,0.004895581
743678,0.3241498
743679,0.018386833
743680,0.023551494
743681,0.98596144
743682,0.0034116418
743683,0.021783346
743684,0.9942134
743685,0.5776129
743686,0.91993237
743687,0.7377453
743688,0.21248825
743689,0.3182701
743690,0.10580707
743691,0.010762969
743692,0.18103795
743693,0.7754148
743694,0.010818693
743695,0.9896901
743696,0.005443566
743697,0.95496106
743698,0.98505104
743699,0.017155252
743700,0.008504162
743701,0.77392673
743702,0.59946996
743703,0.957347
743704,0.018121336
743705,0.9852968
743706,0.019128032
743707,0.7058237
743708,0.3254163
743709,0.96083325
743710,0.55540645
743711,0.14341287
743712,0.29492596
743713,0.028543215
743714,0.91332304
743715,0.44074193
743716,0.033591986
743717,0.31574762
743718,0.009677862
743719,0.16446064
743720,0.9680761
743721,0.011139156
743722,0.9980424
743723,0.04454175
743724,0.67667484
743725,0.025965028
743726,0.054356623
743727,0.09400065
743728,0.34352157
743729,0.35225374
743730,0.9259259
743731,0.0558397
743732,0.9962063
743733,0.9660144
743734,0.9880427
743735,0.9931022
743736,0.9985304
743737,0.04582698
743738,0.050569464
743739,0.7905097
743740,0.2112358
743741,0.022408195
743742,0.9991703
743743,0.037752453
743744,0.047226768
743745,0.6800774
743746,0.98829126
743747,0.9829048
743748,0.15481073
743749,0.022984654
743750,0.040038574
743751,0.021624036
743752,0.3479542
743753,0.813447
743754,0.07333668
743755,0.049959745
743756,0.37303966
743757,0.78856385
743758,0.26196182
743759,0.03293906
743760,0.24320579
743761,0.97763014
743762,0.6770493
743763,0.0182709
743764,0.004291956
743765,0.96041346
743766,0.73279214
743767,0.02049001
743768,0.030741915
743769,0.027400056
743770,0.9707394
743771,0.01448152
743772,0.02139093
743773,0.03083058
743774,0.886737
743775,0.63610226
743776,0.031920522
743777,0.9060702
743778,0.15865794
743779,0.77645653
743780,0.9925407
743781,0.99766827
743782,0.015207403
743783,0.6766711
743784,0.9876229
743785,0.0040819794
743786,0.004889912
743787,0.98529494
743788,0.745211
743789,0.9952644
743790,0.057599038
743791,0.00697139
743792,0.97174394
743793,0.34921622
743794,0.009547078
743795,0.07352225
743796,0.16508207
743797,0.11142904
743798,0.87919533
743799,0.06665468
743800,0.98661405
743801,0.9786172
743802,0.9907213
743803,0.060994558
743804,0.54623663
743805,0.04222966
743806,0.99954927
743807,0.07846072
743808,0.016391056
743809,0.03485676
743810,0.9904026
743811,0.060428485
743812,0.8708323
743813,0.9839374
743814,0.0021184678
743815,0.045256652
743816,0.4049246
743817,0.96986866
743818,0.005960135
743819,0.003782802
743820,0.5704898
743821,0.010909064
743822,0.83554804
743823,0.12570344
743824,0.9792679
743825,0.011219907
743826,0.861129
743827,0.9982291
743828,0.31910524
743829,0.838357
743830,0.9398983
743831,0.011709432
743832,0.12277815
743833,0.9967729
743834,0.8535353
743835,0.9993144
743836,0.97053957
743837,0.9301381
743838,0.048969388
743839,0.036136985
743840,0.024357347
743841,0.12502237
743842,0.9875372
743843,0.9938005
743844,0.23399274
743845,0.9875268
743846,0.96875054
743847,0.9819043
743848,0.19475274
743849,0.36411113
743850,0.18112424
743851,0.28228503
743852,0.033115834
743853,0.43433836
743854,0.045696974
743855,0.01319293
743856,0.10313475
743857,0.9711582
743858,0.86222756
743859,0.1866015
743860,0.027136527
743861,0.98422813
743862,0.06524689
743863,0.8933994
743864,0.8063518
743865,0.4294386
743866,0.7593937
743867,0.05825354
743868,0.97012514
743869,0.8603085
743870,0.040498815
743871,0.103835896
743872,0.10721692
743873,0.8290311
743874,0.9692172
743875,0.4785645
743876,0.0049602417
743877,0.0130779
743878,0.92400277
743879,0.0031805264
743880,0.030123167
743881,0.0050052963
743882,0.838099
743883,0.949812
743884,0.038733173
743885,0.016131261
743886,0.8023511
743887,0.9348019
743888,0.028744955
743889,0.017825965
743890,0.071388334
743891,0.85875934
743892,0.9784515
743893,0.04415888
743894,0.98010445
743895,0.9969117
743896,0.19103125
743897,0.97669965
743898,0.06418621
743899,0.07046751
743900,0.6571135
743901,0.048981205
743902,0.0085470285
743903,0.9039265
743904,0.09333422
743905,0.17739058
743906,0.9841645
743907,0.96386755
743908,0.99799633
743909,0.9948383
743910,0.015187134
743911,0.09902134
743912,0.01127154
743913,0.33527318
743914,0.9906391
743915,0.014710345
743916,0.3978917
743917,0.01794922
743918,0.9772047
743919,0.09602222
743920,0.023142269
743921,0.06822559
743922,0.99512297
743923,0.14830634
743924,0.9994243
743925,0.8180269
743926,0.051655542
743927,0.014426287
743928,0.00227984
743929,0.97975695
743930,0.03490858
743931,0.99042827
743932,0.8326595
743933,0.27044553
743934,0.035746183
743935,0.0045079403
743936,0.057871103
743937,0.005377802
743938,0.24474275
743939,0.7305731
743940,0.9265557
743941,0.041451324
743942,0.90024436
743943,0.9918116
743944,0.99545634
743945,0.21374708
743946,0.04851771
743947,0.11538526
743948,0.08579495
743949,0.0025538448
743950,0.002787616
743951,0.51065534
743952,0.36939585
743953,0.32488063
743954,0.4174734
743955,0.028503072
743956,0.9939037
743957,0.9403638
743958,0.872596
743959,0.98765874
743960,0.0048891623
743961,0.008007812
743962,0.9768434
743963,0.944097
743964,0.99073255
743965,0.9868568
743966,0.98749703
743967,0.00813099
743968,0.027332393
743969,0.202651
743970,0.14474183
743971,0.2448082
743972,0.038938656
743973,0.039051637
743974,0.9194646
743975,0.6468776
743976,0.98203063
743977,0.016888894
743978,0.98771256
743979,0.93103814
743980,0.9919045
743981,0.28433138
743982,0.8973396
743983,0.022274211
743984,0.48433858
743985,0.9872637
743986,0.004310772
743987,0.18809867
743988,0.99746096
743989,0.07759794
743990,0.94133663
743991,0.05745193
743992,0.11324299
743993,0.1453935
743994,0.9519951
743995,0.042647425
743996,0.027250059
743997,0.9354387
743998,0.95764065
743999,0.2673716
744000,0.010255793
744001,0.114126354
744002,0.35251728
744003,0.99858934
744004,0.0043667927
744005,0.9994817
744006,0.98427606
744007,0.9839676
744008,0.98620325
744009,0.017280277
744010,0.9870016
744011,0.093071125
744012,0.04415371
744013,0.05851446
744014,0.971577
744015,0.003620651
744016,0.8833551
744017,0.029399952
744018,0.0073538483
744019,0.031930547
744020,0.9203007
744021,0.98831177
744022,0.010636348
744023,0.01716328
744024,0.98630667
744025,0.99908584
744026,0.02733432
744027,0.026813058
744028,0.19342792
744029,0.33210897
744030,0.042551167
744031,0.030729419
744032,0.25895727
744033,0.9164945
744034,0.050736185
744035,0.7614755
744036,0.950552
744037,0.4208883
744038,0.06260335
744039,0.015150413
744040,0.8632097
744041,0.99896306
744042,0.97493577
744043,0.57690513
744044,0.13302131
744045,0.049481794
744046,0.08985649
744047,0.43770298
744048,0.9341337
744049,0.007951728
744050,0.9395247
744051,0.026257468
744052,0.48061174
744053,0.9894836
744054,0.010827193
744055,0.7313534
744056,0.99501914
744057,0.061698936
744058,0.10473024
744059,0.9006376
744060,0.17358376
744061,0.39197966
744062,0.031974256
744063,0.005721421
744064,0.07818377
744065,0.92323315
744066,0.5970492
744067,0.9347828
744068,0.08341168
744069,0.9611897
744070,0.99626327
744071,0.50955606
744072,0.14907196
744073,0.8550922
744074,0.54324114
744075,0.07554189
744076,0.024469655
744077,0.96841043
744078,0.02534445
744079,0.9937531
744080,0.018188689
744081,0.91665316
744082,0.9867689
744083,0.91777116
744084,0.8655839
744085,0.2718591
744086,0.017821562
744087,0.0046864916
744088,0.11486535
744089,0.98731136
744090,0.98830324
744091,0.9697681
744092,0.03822972
744093,0.034393564
744094,0.10404858
744095,0.97280717
744096,0.97228014
744097,0.0030714755
744098,0.7264915
744099,0.0027513248
744100,0.07250051
744101,0.90834683
744102,0.99729055
744103,0.7375512
744104,0.8466573
744105,0.98834443
744106,0.89166963
744107,0.01556685
744108,0.009358873
744109,0.09932455
744110,0.43550313
744111,0.850562
744112,0.60422695
744113,0.5081879
744114,0.9692538
744115,0.07764614
744116,0.031851448
744117,0.07350624
744118,0.5583921
744119,0.004228155
744120,0.013365383
744121,0.15774074
744122,0.06782135
744123,0.010410328
744124,0.98717743
744125,0.05730737
744126,0.013957724
744127,0.70644176
744128,0.9733462
744129,0.43139574
744130,0.9108212
744131,0.46394527
744132,0.97938377
744133,0.99311197
744134,0.016458258
744135,0.93725306
744136,0.050564058
744137,0.010786646
744138,0.06336586
744139,0.9925706
744140,0.048212934
744141,0.24192806
744142,0.9728936
744143,0.38471192
744144,0.9341502
744145,0.98542655
744146,0.90799725
744147,0.5827362
744148,0.2668733
744149,0.789395
744150,0.46754792
744151,0.6148133
744152,0.98616916
744153,0.5766201
744154,0.0053526703
744155,0.5239607
744156,0.01634521
744157,0.8146021
744158,0.40324637
744159,0.9734343
744160,0.8825103
744161,0.1900695
744162,0.42718276
744163,0.6386788
744164,0.98613816
744165,0.083408676
744166,0.07348311
744167,0.9204836
744168,0.99233913
744169,0.005596048
744170,0.9846523
744171,0.11601295
744172,0.9971785
744173,0.9589088
744174,0.7885545
744175,0.98911023
744176,0.004224475
744177,0.8701016
744178,0.15238973
744179,0.9154597
744180,0.42450604
744181,0.18786636
744182,0.022709318
744183,0.90999126
744184,0.032180376
744185,0.0112883095
744186,0.843281
744187,0.46309334
744188,0.17740239
744189,0.014595443
744190,0.959108
744191,0.53340065
744192,0.008070994
744193,0.97811663
744194,0.3946779
744195,0.10337393
744196,0.6238252
744197,0.08358934
744198,0.26481313
744199,0.005359665
744200,0.9700059
744201,0.86033636
744202,0.097343355
744203,0.94532496
744204,0.9296643
744205,0.01292401
744206,0.010265415
744207,0.0054851593
744208,0.3027673
744209,0.022675458
744210,0.07414422
744211,0.5038973
744212,0.4228385
744213,0.9747892
744214,0.38405663
744215,0.98906875
744216,0.048672296
744217,0.033214424
744218,0.8251241
744219,0.15883856
744220,0.11544937
744221,0.2207729
744222,0.15715457
744223,0.29130563
744224,0.010658118
744225,0.29468775
744226,0.97994965
744227,0.03782866
744228,0.0054901177
744229,0.98455775
744230,0.9956181
744231,0.019369649
744232,0.013193062
744233,0.9748237
744234,0.01589021
744235,0.3996696
744236,0.7423496
744237,0.6381761
744238,0.018735422
744239,0.0291113
744240,0.36164498
744241,0.04463652
744242,0.95569956
744243,0.0663194
744244,0.86782503
744245,0.017245688
744246,0.030837521
744247,0.3977995
744248,0.023686416
744249,0.7707591
744250,0.9987705
744251,0.9882419
744252,0.9204241
744253,0.015167509
744254,0.9985647
744255,0.10098888
744256,0.055718355
744257,0.43974704
744258,0.80102086
744259,0.12700546
744260,0.009835675
744261,0.1390773
744262,0.8214942
744263,0.98859453
744264,0.096811146
744265,0.016032305
744266,0.024119413
744267,0.11006015
744268,0.01602821
744269,0.39657897
744270,0.0073916838
744271,0.39856523
744272,0.118262604
744273,0.99828225
744274,0.3729149
744275,0.8176624
744276,0.00889379
744277,0.9850608
744278,0.99810964
744279,0.17111406
744280,0.03429072
744281,0.018867498
744282,0.7308481
744283,0.0072059883
744284,0.9396939
744285,0.7482898
744286,0.028997933
744287,0.9997882
744288,0.28613004
744289,0.96515995
744290,0.11417749
744291,0.89415467
744292,0.88318986
744293,0.97370815
744294,0.71108794
744295,0.27066734
744296,0.90546995
744297,0.9047755
744298,0.008506868
744299,0.9924822
744300,0.9794919
744301,0.020570729
744302,0.0048486413
744303,0.37724406
744304,0.10415862
744305,0.0066642743
744306,0.93846565
744307,0.049242076
744308,0.028762605
744309,0.9762619
744310,0.08576603
744311,0.9917121
744312,0.0014513272
744313,0.014716618
744314,0.053090405
744315,0.73586583
744316,0.72940713
744317,0.9034741
744318,0.9073372
744319,0.77771115
744320,0.008713312
744321,0.8103322
744322,0.011926172
744323,0.9339364
744324,0.98162377
744325,0.98590136
744326,0.22457558
744327,0.9812405
744328,0.9496958
744329,0.812958
744330,0.9926968
744331,0.007817236
744332,0.08343153
744333,0.52415645
744334,0.007973466
744335,0.93395054
744336,0.013447053
744337,0.98608166
744338,0.9287667
744339,0.3342047
744340,0.0024359247
744341,0.06799934
744342,0.106473476
744343,0.9974713
744344,0.9221555
744345,0.1169025
744346,0.6588044
744347,0.94102895
744348,0.020983012
744349,0.40315908
744350,0.2737562
744351,0.0058399
744352,0.0042027244
744353,0.22936393
744354,0.15719898
744355,0.984059
744356,0.9708493
744357,0.11248988
744358,0.34719732
744359,0.9970308
744360,0.95142204
744361,0.014145997
744362,0.9973657
744363,0.08277107
744364,0.04669536
744365,0.6957318
744366,0.03172586
744367,0.027972102
744368,0.18649401
744369,0.7638029
744370,0.006744443
744371,0.9873569
744372,0.565511
744373,0.5067151
744374,0.019543782
744375,0.94173384
744376,0.99900967
744377,0.91857094
744378,0.94595313
744379,0.0020490612
744380,0.019120678
744381,0.98355454
744382,0.031343974
744383,0.5052216
744384,0.13386498
744385,0.9968454
744386,0.97058046
744387,0.1883421
744388,0.3690343
744389,0.26081818
744390,0.9113498
744391,0.29791036
744392,0.9984162
744393,0.9156803
744394,0.97659373
744395,0.9378736
744396,0.99676096
744397,0.9420423
744398,0.026573047
744399,0.9972853
744400,0.019926805
744401,0.020674553
744402,0.0110175945
744403,0.13259357
744404,0.27448356
744405,0.7266078
744406,0.01795809
744407,0.020988582
744408,0.98655385
744409,0.1299881
744410,0.02805282
744411,0.028785225
744412,0.8145913
744413,0.010397869
744414,0.67136836
744415,0.3575119
744416,0.042477142
744417,0.9947685
744418,0.67426026
744419,0.0030960971
744420,0.007595204
744421,0.93335223
744422,0.66821384
744423,0.5590482
744424,0.013277689
744425,0.9102454
744426,0.04273376
744427,0.16421218
744428,0.21340811
744429,0.03839924
744430,0.96572864
744431,0.020719487
744432,0.21644583
744433,0.042750075
744434,0.023859628
744435,0.35969704
744436,0.7857102
744437,0.12539788
744438,0.26243737
744439,0.013182
744440,0.5393761
744441,0.34329325
744442,0.99897885
744443,0.9518717
744444,0.1747697
744445,0.12790373
744446,0.98862
744447,0.057357844
744448,0.049058966
744449,0.98825824
744450,0.06054408
744451,0.027365271
744452,0.6381756
744453,0.0108050145
744454,0.015167985
744455,0.12607664
744456,0.95593625
744457,0.04100147
744458,0.5040717
744459,0.95719045
744460,0.061712958
744461,0.16162275
744462,0.9979024
744463,0.98685795
744464,0.012695414
744465,0.18599135
744466,0.009413567
744467,0.07351978
744468,0.13411185
744469,0.9443922
744470,0.01631924
744471,0.009322619
744472,0.93641275
744473,0.016793063
744474,0.011955397
744475,0.9766033
744476,0.9519942
744477,0.90601814
744478,0.5000795
744479,0.9677539
744480,0.12589318
744481,0.5979217
744482,0.9944205
744483,0.30471918
744484,0.0033856148
744485,0.15728031
744486,0.036107525
744487,0.9739822
744488,0.49187195
744489,0.9956872
744490,0.61683553
744491,0.9551718
744492,0.58734286
744493,0.9922341
744494,0.08360313
744495,0.003940709
744496,0.0889541
744497,0.98605984
744498,0.12466219
744499,0.9327254
744500,0.0032887985
744501,0.0229019
744502,0.9264077
744503,0.0028880443
744504,0.014349438
744505,0.17637683
744506,0.05387769
744507,0.7535064
744508,0.6753572
744509,0.17898399
744510,0.005498097
744511,0.22552468
744512,0.73069793
744513,0.05614937
744514,0.71585536
744515,0.033020396
744516,0.025459247
744517,0.9587983
744518,0.0069656316
744519,0.99202347
744520,0.0119314715
744521,0.008136082
744522,0.25505456
744523,0.63429683
744524,0.92553866
744525,0.017350117
744526,0.028265746
744527,0.37073612
744528,0.015088586
744529,0.0037813408
744530,0.0037824488
744531,0.09768336
744532,0.99960756
744533,0.9981375
744534,0.018503029
744535,0.9595065
744536,0.012665771
744537,0.04967442
744538,0.90601844
744539,0.9882997
744540,0.025492385
744541,0.38751197
744542,0.8772216
744543,0.98915356
744544,0.93941224
744545,0.038137652
744546,0.91606736
744547,0.0763659
744548,0.006197736
744549,0.041484185
744550,0.9707557
744551,0.19437832
744552,0.04618811
744553,0.77175516
744554,0.08738218
744555,0.36574286
744556,0.021151684
744557,0.79887396
744558,0.31887248
744559,0.0046307384
744560,0.9890771
744561,0.9903753
744562,0.041265596
744563,0.9961771
744564,0.2457022
744565,0.03727741
744566,0.6676034
744567,0.95994455
744568,0.0019547236
744569,0.030917587
744570,0.28554323
744571,0.9960338
744572,0.62382406
744573,0.9369017
744574,0.09511365
744575,0.02642699
744576,0.9967917
744577,0.4899161
744578,0.02385765
744579,0.91224384
744580,0.29477575
744581,0.9622259
744582,0.029517643
744583,0.019243384
744584,0.1229485
744585,0.8357581
744586,0.9287983
744587,0.039441045
744588,0.026083706
744589,0.011137214
744590,0.1699005
744591,0.022180483
744592,0.011672792
744593,0.058235798
744594,0.94975066
744595,0.0045183767
744596,0.007989579
744597,0.0068779914
744598,0.021727465
744599,0.94556415
744600,0.9146256
744601,0.99557954
744602,0.017386498
744603,0.07040727
744604,0.99759257
744605,0.96170455
744606,0.4891351
744607,0.6051816
744608,0.1948905
744609,0.3607477
744610,0.11720611
744611,0.016350232
744612,0.78097665
744613,0.006295883
744614,0.8514195
744615,0.997295
744616,0.3856785
744617,0.015718171
744618,0.04460297
744619,0.061907895
744620,0.9738699
744621,0.038513742
744622,0.00074731826
744623,0.035856277
744624,0.54299104
744625,0.031754836
744626,0.97425044
744627,0.40601504
744628,0.99549544
744629,0.013030951
744630,0.2575296
744631,0.9412297
744632,0.9992682
744633,0.9955912
744634,0.6890842
744635,0.007838646
744636,0.39675203
744637,0.026529288
744638,0.6923965
744639,0.0048495783
744640,0.017740652
744641,0.023711415
744642,0.746885
744643,0.018413568
744644,0.62883484
744645,0.83283645
744646,0.86864084
744647,0.45593503
744648,0.008153927
744649,0.9247913
744650,0.011946883
744651,0.980019
744652,0.30884808
744653,0.9929447
744654,0.9252068
744655,0.58354944
744656,0.28775424
744657,0.9895772
744658,0.18107386
744659,0.12274328
744660,0.05034521
744661,0.011395221
744662,0.19509736
744663,0.99553674
744664,0.9989381
744665,0.027416697
744666,0.523721
744667,0.18931201
744668,0.44393623
744669,0.9982988
744670,0.70154124
744671,0.96727496
744672,0.0331683
744673,0.9201842
744674,0.8719961
744675,0.009021534
744676,0.99420345
744677,0.08888593
744678,0.019059561
744679,0.049326085
744680,0.0043991366
744681,0.044105865
744682,0.9537283
744683,0.52905566
744684,0.9810942
744685,0.956964
744686,0.053516246
744687,0.11289145
744688,0.792131
744689,0.014844147
744690,0.7393811
744691,0.9413519
744692,0.96302944
744693,0.99971044
744694,0.9555044
744695,0.015914842
744696,0.021272765
744697,0.95406824
744698,0.010040022
744699,0.9958568
744700,0.5306431
744701,0.5565269
744702,0.008866404
744703,0.012527032
744704,0.75038517
744705,0.027919611
744706,0.013556299
744707,0.9831376
744708,0.22310886
744709,0.03408353
744710,0.60270846
744711,0.64054304
744712,0.0015858191
744713,0.022711204
744714,0.0077397698
744715,0.9758762
744716,0.029473301
744717,0.9886929
744718,0.13596147
744719,0.9851298
744720,0.8067777
744721,0.54686034
744722,0.031862993
744723,0.15318426
744724,0.015651273
744725,0.0039191847
744726,0.2859648
744727,0.058685757
744728,0.20059274
744729,0.014053314
744730,0.69860256
744731,0.9219029
744732,0.0098684775
744733,0.12234302
744734,0.018009415
744735,0.0051543172
744736,0.9950985
744737,0.7657043
744738,0.991367
744739,0.9728004
744740,0.45799518
744741,0.025054913
744742,0.27435124
744743,0.40653294
744744,0.032506872
744745,0.99462056
744746,0.069538176
744747,0.91042644
744748,0.0024155458
744749,0.0418254
744750,0.96331084
744751,0.093887806
744752,0.015619036
744753,0.008657681
744754,0.98303384
744755,0.14394909
744756,0.12517135
744757,0.03135196
744758,0.097384594
744759,0.43562487
744760,0.06828618
744761,0.99657583
744762,0.043577783
744763,0.0064077894
744764,0.0034650767
744765,0.59929794
744766,0.009281907
744767,0.98969615
744768,0.6206975
744769,0.99559605
744770,0.19200753
744771,0.9820241
744772,0.7777081
744773,0.96234363
744774,0.870507
744775,0.50886834
744776,0.98572046
744777,0.9683142
744778,0.040468473
744779,0.16547197
744780,0.36600122
744781,0.0923721
744782,0.017466176
744783,0.012238815
744784,0.9882906
744785,0.0155006405
744786,0.957234
744787,0.13192026
744788,0.95173335
744789,0.81373656
744790,0.07519672
744791,0.018121293
744792,0.012808774
744793,0.01078547
744794,0.035574265
744795,0.31696334
744796,0.12920135
744797,0.0045088427
744798,0.31452352
744799,0.7394223
744800,0.0006649484
744801,0.021892153
744802,0.04424762
744803,0.03555487
744804,0.05365974
744805,0.0052608373
744806,0.0032194003
744807,0.116964184
744808,0.00417238
744809,0.008344872
744810,0.0077010184
744811,0.9773772
744812,0.11059874
744813,0.95876837
744814,0.97802764
744815,0.33318928
744816,0.99911296
744817,0.9980961
744818,0.08074963
744819,0.04840254
744820,0.99536073
744821,0.77484185
744822,0.29225206
744823,0.019743545
744824,0.83198935
744825,0.96884775
744826,0.8194694
744827,0.99262905
744828,0.037930753
744829,0.77564096
744830,0.1285468
744831,0.58342904
744832,0.8052267
744833,0.40694577
744834,0.97985935
744835,0.44988668
744836,0.07007461
744837,0.13315044
744838,0.35631755
744839,0.009432987
744840,0.7929339
744841,0.07735445
744842,0.004269224
744843,0.9818177
744844,0.006113087
744845,0.33056265
744846,0.022456905
744847,0.056670055
744848,0.9992905
744849,0.01702393
744850,0.86227316
744851,0.2119712
744852,0.9945636
744853,0.09073698
744854,0.28276452
744855,0.9667851
744856,0.0065161143
744857,0.92830765
744858,0.012561628
744859,0.024778396
744860,0.0025394347
744861,0.8247448
744862,0.42653325
744863,0.09198481
744864,0.50242037
744865,0.9253439
744866,0.99265414
744867,0.6470592
744868,0.022440562
744869,0.5712453
744870,0.040730808
744871,0.06635044
744872,0.0052569243
744873,0.029695991
744874,0.9391821
744875,0.05955518
744876,0.9808216
744877,0.9844862
744878,0.013585296
744879,0.022790477
744880,0.95321
744881,0.9929037
744882,0.00570951
744883,0.010468567
744884,0.01713204
744885,0.037856534
744886,0.9281549
744887,0.9475989
744888,0.31215072
744889,0.12237603
744890,0.96525335
744891,0.9497999
744892,0.361963
744893,0.9967593
744894,0.9833385
744895,0.009064797
744896,0.6676877
744897,0.9968707
744898,0.4410324
744899,0.0060559423
744900,0.12241939
744901,0.97138476
744902,0.052087978
744903,0.96215135
744904,0.2063177
744905,0.12454745
744906,0.9913377
744907,0.03768441
744908,0.007308229
744909,0.059775315
744910,0.036277622
744911,0.013741113
744912,0.39247915
744913,0.9825281
744914,0.47371635
744915,0.016527152
744916,0.5344809
744917,0.0008161119
744918,0.059530146
744919,0.09539391
744920,0.0042558634
744921,0.99951684
744922,0.15793562
744923,0.004479844
744924,0.98960733
744925,0.034221057
744926,0.13248533
744927,0.1693477
744928,0.033575606
744929,0.5716854
744930,0.004505382
744931,0.9079094
744932,0.99335533
744933,0.7645173
744934,0.025968693
744935,0.9797192
744936,0.07187534
744937,0.016616462
744938,0.08536029
744939,0.96853
744940,0.08125502
744941,0.75800633
744942,0.8575901
744943,0.15362458
744944,0.19849868
744945,0.894496
744946,0.96805483
744947,0.9809433
744948,0.61668426
744949,0.63801056
744950,0.5551665
744951,0.0063263145
744952,0.01106702
744953,0.0046218997
744954,0.99578834
744955,0.12264629
744956,0.048221063
744957,0.76525694
744958,0.64096963
744959,0.44811797
744960,0.5669583
744961,0.23181288
744962,0.7863706
744963,0.004219228
744964,0.8221715
744965,0.9606112
744966,0.30170098
744967,0.978314
744968,0.9834322
744969,0.1652375
744970,0.06932591
744971,0.91390526
744972,0.27107126
744973,0.028092893
744974,0.062150843
744975,0.01043881
744976,0.006774372
744977,0.7634891
744978,0.021995477
744979,0.8961497
744980,0.9385708
744981,0.8961227
744982,0.2200077
744983,0.7740906
744984,0.088580616
744985,0.060125206
744986,0.8588047
744987,0.89866257
744988,0.59905773
744989,0.93381906
744990,0.9711853
744991,0.01743158
744992,0.8058289
744993,0.023612104
744994,0.22597566
744995,0.017135875
744996,0.85080945
744997,0.6708529
744998,0.99698305
744999,0.9928352
745000,0.99332476
745001,0.78730184
745002,0.42647523
745003,0.1092867
745004,0.56994206
745005,0.08245525
745006,0.04566681
745007,0.9032556
745008,0.010476634
745009,0.03961315
745010,0.41384163
745011,0.7537943
745012,0.034208786
745013,0.17505765
745014,0.5113467
745015,0.9119223
745016,0.98583966
745017,0.07184119
745018,0.009816132
745019,0.005874062
745020,0.2667589
745021,0.29838514
745022,0.0071730753
745023,0.31772768
745024,0.38389283
745025,0.065346986
745026,0.056427926
745027,0.7109554
745028,0.7909094
745029,0.028957669
745030,0.95658076
745031,0.5620665
745032,0.010716168
745033,0.97734255
745034,0.9572697
745035,0.00716934
745036,0.9352423
745037,0.029517168
745038,0.0040588346
745039,0.011806549
745040,0.32895774
745041,0.99981225
745042,0.7554251
745043,0.9719804
745044,0.99880934
745045,0.9824932
745046,0.9287145
745047,0.9896358
745048,0.1378564
745049,0.93512416
745050,0.2906904
745051,0.9499655
745052,0.28114477
745053,0.7188746
745054,0.07403362
745055,0.4717346
745056,0.007402788
745057,0.008947484
745058,0.4926951
745059,0.9974426
745060,0.7333331
745061,0.21066156
745062,0.0021941701
745063,0.9772766
745064,0.99494827
745065,0.0469495
745066,0.9331757
745067,0.5281413
745068,0.0051298533
745069,0.28015834
745070,0.24159035
745071,0.29015905
745072,0.33007205
745073,0.00432135
745074,0.08534352
745075,0.15061855
745076,0.020473551
745077,0.023004107
745078,0.015975958
745079,0.013159707
745080,0.87195235
745081,0.32873586
745082,0.6129104
745083,0.14058128
745084,0.99217594
745085,0.0261458
745086,0.02021813
745087,0.99410105
745088,0.010579733
745089,0.61075103
745090,0.9983071
745091,0.5245708
745092,0.4152404
745093,0.98152256
745094,0.016207062
745095,0.65206134
745096,0.985422
745097,0.3052481
745098,0.97494984
745099,0.054157045
745100,0.6797032
745101,0.9983498
745102,0.92059284
745103,0.023444187
745104,0.017041836
745105,0.16804658
745106,0.0050669624
745107,0.99825394
745108,0.9828265
745109,0.9709013
745110,0.2087309
745111,0.036990225
745112,0.020074695
745113,0.031703066
745114,0.906852
745115,0.815951
745116,0.9974728
745117,0.993325
745118,0.045024727
745119,0.5324599
745120,0.96734095
745121,0.053610787
745122,0.99519604
745123,0.0054749995
745124,0.08273716
745125,0.20004357
745126,0.073643334
745127,0.030139703
745128,0.014583058
745129,0.116500586
745130,0.40854514
745131,0.0643345
745132,0.44722497
745133,0.98802185
745134,0.09109611
745135,0.024080362
745136,0.9912663
745137,0.020311352
745138,0.94811445
745139,0.9564463
745140,0.021508422
745141,0.10424267
745142,0.9826221
745143,0.113484696
745144,0.9932755
745145,0.887071
745146,0.9528106
745147,0.5234605
745148,0.7275651
745149,0.02292345
745150,0.0020552375
745151,0.98423725
745152,0.2381347
745153,0.9903689
745154,0.12708251
745155,0.2786028
745156,0.11932851
745157,0.03336636
745158,0.8527076
745159,0.44131556
745160,0.038642984
745161,0.33257708
745162,0.93466806
745163,0.008380862
745164,0.009643575
745165,0.9862857
745166,0.035980217
745167,0.06622879
745168,0.97233903
745169,0.99771804
745170,0.027348056
745171,0.04291054
745172,0.77831787
745173,0.73144084
745174,0.92405236
745175,0.98994863
745176,0.34895286
745177,0.77262926
745178,0.99042046
745179,0.9858755
745180,0.029894065
745181,0.07447049
745182,0.7162143
745183,0.47997224
745184,0.0070598684
745185,0.16532895
745186,0.02109922
745187,0.96867394
745188,0.9461566
745189,0.057212293
745190,0.23298086
745191,0.9693634
745192,0.03048103
745193,0.67794394
745194,0.00547407
745195,0.8037548
745196,0.038041446
745197,0.97073656
745198,0.9469032
745199,0.22279118
745200,0.9820123
745201,0.24211524
745202,0.9856076
745203,0.48997015
745204,0.991043
745205,0.99168384
745206,0.98990643
745207,0.03063387
745208,0.032235138
745209,0.89347476
745210,0.18687387
745211,0.8879545
745212,0.35083902
745213,0.86232096
745214,0.95747995
745215,0.49117234
745216,0.054755054
745217,0.14265537
745218,0.10493146
745219,0.0056853113
745220,0.08330293
745221,0.16520976
745222,0.48616695
745223,0.004302522
745224,0.9763888
745225,0.08178247
745226,0.09891759
745227,0.98441696
745228,0.011568938
745229,0.18149853
745230,0.016810896
745231,0.95868486
745232,0.023912285
745233,0.9484746
745234,0.79768246
745235,0.9335157
745236,0.9981064
745237,0.105763525
745238,0.85242856
745239,0.18575096
745240,0.2626755
745241,0.0067675067
745242,0.9483739
745243,0.032131396
745244,0.03965903
745245,0.12822872
745246,0.071222864
745247,0.026246812
745248,0.20490791
745249,0.97724783
745250,0.2884035
745251,0.9839847
745252,0.011583036
745253,0.021154663
745254,0.8015019
745255,0.13048291
745256,0.5111721
745257,0.23990113
745258,0.04983346
745259,0.009861476
745260,0.9714847
745261,0.8614019
745262,0.99697006
745263,0.32625514
745264,0.9776991
745265,0.027061522
745266,0.88210773
745267,0.014075199
745268,0.015380004
745269,0.99777764
745270,0.055074215
745271,0.99775314
745272,0.22993167
745273,0.010146891
745274,0.9903783
745275,0.99112153
745276,0.86975276
745277,0.9973066
745278,0.95660365
745279,0.96287936
745280,0.10410741
745281,0.9922587
745282,0.41384313
745283,0.14286979
745284,0.38555545
745285,0.01647019
745286,0.98526514
745287,0.16746359
745288,0.0029623732
745289,0.019873278
745290,0.0023716604
745291,0.99898374
745292,0.009048622
745293,0.31724137
745294,0.5754107
745295,0.90883607
745296,0.07032767
745297,0.9875541
745298,0.0023506589
745299,0.97759485
745300,0.049989183
745301,0.012697462
745302,0.28799734
745303,0.003747087
745304,0.35543838
745305,0.97831684
745306,0.033243287
745307,0.05368794
745308,0.009228656
745309,0.020490881
745310,0.016358502
745311,0.9836229
745312,0.036947545
745313,0.02905137
745314,0.80214256
745315,0.998806
745316,0.6648623
745317,0.058000866
745318,0.15079552
745319,0.42725748
745320,0.88394153
745321,0.9792056
745322,0.7939153
745323,0.362674
745324,0.994019
745325,0.9026908
745326,0.7946262
745327,0.49044645
745328,0.062328797
745329,0.89357626
745330,0.9659153
745331,0.008603945
745332,0.8679157
745333,0.5671427
745334,0.035230912
745335,0.025612334
745336,0.5850102
745337,0.95615137
745338,0.03962332
745339,0.002445198
745340,0.98345625
745341,0.015568512
745342,0.122729436
745343,0.99536705
745344,0.0059345593
745345,0.7548411
745346,0.91546696
745347,0.9969909
745348,0.15965265
745349,0.84837157
745350,0.00060808635
745351,0.008029343
745352,0.39092743
745353,0.976287
745354,0.43417034
745355,0.016330563
745356,0.31433618
745357,0.59584814
745358,0.9909954
745359,0.9179627
745360,0.052304722
745361,0.57991576
745362,0.8635344
745363,0.42837912
745364,0.36974716
745365,0.94554794
745366,0.9429239
745367,0.09762673
745368,0.29707527
745369,0.0046394034
745370,0.98770404
745371,0.60160166
745372,0.030412648
745373,0.10606865
745374,0.040424965
745375,0.9228995
745376,0.08378396
745377,0.75329334
745378,0.7055804
745379,0.012830055
745380,0.0036198357
745381,0.9593489
745382,0.68848133
745383,0.52520275
745384,0.47922298
745385,0.8079553
745386,0.8743589
745387,0.99423605
745388,0.98790985
745389,0.012929276
745390,0.32697257
745391,0.73404044
745392,0.8986986
745393,0.0059933616
745394,0.88688254
745395,0.09169788
745396,0.09437176
745397,0.13688701
745398,0.99939626
745399,0.00472619
745400,0.035962462
745401,0.61064494
745402,0.27171063
745403,0.91738355
745404,0.94209045
745405,0.49468124
745406,0.83731216
745407,0.00464938
745408,0.054094903
745409,0.9311459
745410,0.09601111
745411,0.70363176
745412,0.5416326
745413,0.62296414
745414,0.041593082
745415,0.3101804
745416,0.96800196
745417,0.24861848
745418,0.98840326
745419,0.9415433
745420,0.9654111
745421,0.8814649
745422,0.004753543
745423,0.981619
745424,0.9288535
745425,0.015355499
745426,0.008919897
745427,0.9852293
745428,0.00888876
745429,0.9486674
745430,0.9880873
745431,0.5736836
745432,0.98918015
745433,0.104473375
745434,0.06916377
745435,0.9844661
745436,0.9149945
745437,0.15823042
745438,0.7071243
745439,0.047581572
745440,0.99198705
745441,0.0055096773
745442,0.846996
745443,0.023015197
745444,0.055581927
745445,0.17111795
745446,0.009597621
745447,0.058624595
745448,0.7744379
745449,0.76682824
745450,0.01672933
745451,0.050744295
745452,0.9735429
745453,0.99502623
745454,0.36235517
745455,0.016436532
745456,0.03173472
745457,0.013642259
745458,0.14110285
745459,0.96685445
745460,0.7083659
745461,0.940972
745462,0.107373044
745463,0.5903367
745464,0.7427078
745465,0.029345706
745466,0.95631135
745467,0.007230599
745468,0.06736172
745469,0.9720562
745470,0.8512088
745471,0.009675957
745472,0.78964955
745473,0.7567609
745474,0.18476978
745475,0.8756178
745476,0.12419279
745477,0.5196543
745478,0.010482756
745479,0.99806225
745480,0.97892356
745481,0.019911282
745482,0.027322618
745483,0.8726495
745484,0.054681182
745485,0.004633193
745486,0.28940198
745487,0.009543518
745488,0.032302823
745489,0.9777932
745490,0.005544407
745491,0.029558547
745492,0.005701049
745493,0.036225658
745494,0.30432862
745495,0.99861825
745496,0.9466876
745497,0.004606394
745498,0.1005923
745499,0.8967429
745500,0.17715064
745501,0.99436164
745502,0.01629738
745503,0.9662467
745504,0.9811371
745505,0.87620354
745506,0.988666
745507,0.88908225
745508,0.69892335
745509,0.99786437
745510,0.017952517
745511,0.62565756
745512,0.9969274
745513,0.94218487
745514,0.9361054
745515,0.04266361
745516,0.046869308
745517,0.44681734
745518,0.30956838
745519,0.99123317
745520,0.90739596
745521,0.88420045
745522,0.46081153
745523,0.90097946
745524,0.034623288
745525,0.09916131
745526,0.13640022
745527,0.700898
745528,0.9876567
745529,0.9906755
745530,0.26123828
745531,0.99728096
745532,0.016270999
745533,0.8145877
745534,0.8127657
745535,0.019527372
745536,0.9346398
745537,0.98608834
745538,0.06527752
745539,0.87295365
745540,0.9987406
745541,0.025209524
745542,0.0017193251
745543,0.9759056
745544,0.02486222
745545,0.0060264557
745546,0.045815762
745547,0.0950388
745548,0.50790405
745549,0.20392972
745550,0.013500234
745551,0.013937309
745552,0.99071574
745553,0.010445387
745554,0.98270774
745555,0.0071730483
745556,0.74307734
745557,0.6971388
745558,0.9870901
745559,0.7414145
745560,0.6304649
745561,0.081835695
745562,0.027105378
745563,0.84411967
745564,0.012958813
745565,0.9760956
745566,0.86277026
745567,0.0582033
745568,0.98570895
745569,0.012438757
745570,0.5221253
745571,0.539032
745572,0.020011455
745573,0.012372066
745574,0.90246546
745575,0.7962854
745576,0.015173417
745577,0.6857503
745578,0.9840977
745579,0.9219135
745580,0.19509245
745581,0.8597022
745582,0.43627292
745583,0.8536093
745584,0.11238584
745585,0.6698029
745586,0.06273726
745587,0.97174966
745588,0.025609814
745589,0.17471458
745590,0.9774979
745591,0.42265034
745592,0.29113063
745593,0.9572373
745594,0.99504846
745595,0.9240504
745596,0.7058935
745597,0.9245127
745598,0.088430405
745599,0.08502757
745600,0.028832141
745601,0.9373163
745602,0.6763641
745603,0.13658363
745604,0.8279579
745605,0.04632312
745606,0.0032432668
745607,0.8975109
745608,0.90294236
745609,0.03570513
745610,0.13168356
745611,0.22977471
745612,0.9531002
745613,0.97498226
745614,0.05602742
745615,0.9831226
745616,0.96767235
745617,0.99847364
745618,0.45374203
745619,0.029523829
745620,0.99130213
745621,0.007306584
745622,0.02020843
745623,0.9814904
745624,0.006238289
745625,0.98186225
745626,0.07682957
745627,0.9920568
745628,0.9341462
745629,0.72652245
745630,0.99162054
745631,0.9989197
745632,0.97745466
745633,0.4400319
745634,0.51879275
745635,0.019456431
745636,0.99754345
745637,0.7147848
745638,0.86791885
745639,0.9344578
745640,0.0077991057
745641,0.042760175
745642,0.0886204
745643,0.9877505
745644,0.13608596
745645,0.7543582
745646,0.16473994
745647,0.10100532
745648,0.9963786
745649,0.017378423
745650,0.64389306
745651,0.004509616
745652,0.92890406
745653,0.054324664
745654,0.05498336
745655,0.6131438
745656,0.012346577
745657,0.11621549
745658,0.9778469
745659,0.0016754982
745660,0.019685661
745661,0.6812656
745662,0.05302154
745663,0.056230545
745664,0.98006636
745665,0.97688454
745666,0.85419345
745667,0.9237251
745668,0.11586133
745669,0.79115045
745670,0.9940902
745671,0.016624872
745672,0.10096075
745673,0.98575425
745674,0.007473194
745675,0.01566017
745676,0.015222467
745677,0.9979643
745678,0.23822352
745679,0.9644634
745680,0.21843746
745681,0.5164182
745682,0.93850356
745683,0.9912457
745684,0.011174868
745685,0.965894
745686,0.9995642
745687,0.44609347
745688,0.09920726
745689,0.9616432
745690,0.5828103
745691,0.034432333
745692,0.9937532
745693,0.014748931
745694,0.6151629
745695,0.96418405
745696,0.92503905
745697,0.29206383
745698,0.97345585
745699,0.9941951
745700,0.6887759
745701,0.91539013
745702,0.98713756
745703,0.96853817
745704,0.9984064
745705,0.82461405
745706,0.77042115
745707,0.010054317
745708,0.37950677
745709,0.01127947
745710,0.9194504
745711,0.9853959
745712,0.007689594
745713,0.0042430237
745714,0.40171903
745715,0.9581175
745716,0.006875092
745717,0.031002548
745718,0.0029557685
745719,0.0060533676
745720,0.9870332
745721,0.9700818
745722,0.992394
745723,0.04913591
745724,0.9727562
745725,0.46977293
745726,0.9992324
745727,0.041174557
745728,0.0720337
745729,0.011770918
745730,0.006091292
745731,0.2148807
745732,0.9940179
745733,0.15040374
745734,0.19292232
745735,0.9977142
745736,0.005123336
745737,0.0019872123
745738,0.9415875
745739,0.9908868
745740,0.7856006
745741,0.06544427
745742,0.9731688
745743,0.44866076
745744,0.98707306
745745,0.016498892
745746,0.7580584
745747,0.99376595
745748,0.8511794
745749,0.06084843
745750,0.9973247
745751,0.35255444
745752,0.07981473
745753,0.034930233
745754,0.95117617
745755,0.05885576
745756,0.24785067
745757,0.9770019
745758,0.021103272
745759,0.093793586
745760,0.02162895
745761,0.9959423
745762,0.026420485
745763,0.8806392
745764,0.94737166
745765,0.011167057
745766,0.012425256
745767,0.9940864
745768,0.99119204
745769,0.84113646
745770,0.03394538
745771,0.690823
745772,0.64363503
745773,0.15457642
745774,0.97362816
745775,0.7080968
745776,0.004948095
745777,0.57479286
745778,0.023372298
745779,0.952297
745780,0.7247206
745781,0.0028771777
745782,0.054723687
745783,0.0056160702
745784,0.99363244
745785,0.7107639
745786,0.7751868
745787,0.9832744
745788,0.024708968
745789,0.14870533
745790,0.9215472
745791,0.102047324
745792,0.957723
745793,0.021438675
745794,0.04630434
745795,0.9893797
745796,0.98667085
745797,0.2318809
745798,0.9950005
745799,0.08717786
745800,0.07138103
745801,0.0067360923
745802,0.5033089
745803,0.15923758
745804,0.9225987
745805,0.01636739
745806,0.0038081643
745807,0.3505831
745808,0.48988962
745809,0.0075658495
745810,0.07940769
745811,0.008506178
745812,0.11454302
745813,0.07391749
745814,0.0067597628
745815,0.7040595
745816,0.973581
745817,0.9847037
745818,0.30273962
745819,0.7862687
745820,0.75370055
745821,0.9594196
745822,0.042222176
745823,0.01304404
745824,0.9101651
745825,0.8247345
745826,0.6217229
745827,0.053103458
745828,0.041071676
745829,0.005108564
745830,0.034771528
745831,0.9876567
745832,0.060485803
745833,0.3291058
745834,0.9980406
745835,0.0022435568
745836,0.9039961
745837,0.9963807
745838,0.0045921183
745839,0.9302135
745840,0.058901682
745841,0.88889664
745842,0.7659449
745843,0.039234944
745844,0.041884158
745845,0.003516158
745846,0.8784245
745847,0.113656014
745848,0.33156544
745849,0.068715066
745850,0.02226292
745851,0.0113958195
745852,0.8683412
745853,0.24827407
745854,0.949818
745855,0.041524418
745856,0.16962408
745857,0.06997442
745858,0.9929985
745859,0.012863027
745860,0.0498468
745861,0.99224716
745862,0.9190062
745863,0.88204396
745864,0.99046886
745865,0.38814208
745866,0.90318656
745867,0.99793994
745868,0.007186224
745869,0.073050894
745870,0.14793584
745871,0.023378696
745872,0.019833378
745873,0.015805304
745874,0.86745596
745875,0.438747
745876,0.9808298
745877,0.99239904
745878,0.86787295
745879,0.98937356
745880,0.9301175
745881,0.96952856
745882,0.38578624
745883,0.9930169
745884,0.03202883
745885,0.014819992
745886,0.9798666
745887,0.03634747
745888,0.06698607
745889,0.99711454
745890,0.9403361
745891,0.9351897
745892,0.86952513
745893,0.12575153
745894,0.9719641
745895,0.97431904
745896,0.16156745
745897,0.91276383
745898,0.99226797
745899,0.9160119
745900,0.002699708
745901,0.99775016
745902,0.9265064
745903,0.033486534
745904,0.032655742
745905,0.008250959
745906,0.019706612
745907,0.37335867
745908,0.004054715
745909,0.12461208
745910,0.6748838
745911,0.02644406
745912,0.83970875
745913,0.972718
745914,0.9690653
745915,0.9866131
745916,0.07395071
745917,0.039593942
745918,0.0055230437
745919,0.9930933
745920,0.0063196626
745921,0.33589423
745922,0.046228338
745923,0.9212699
745924,0.63280654
745925,0.012150702
745926,0.98867404
745927,0.16439234
745928,0.38663986
745929,0.2431577
745930,0.5053314
745931,0.6074565
745932,0.0037919655
745933,0.8289486
745934,0.69910413
745935,0.0057527144
745936,0.7763894
745937,0.068532705
745938,0.9131715
745939,0.201094
745940,0.47467697
745941,0.03053249
745942,0.9960445
745943,0.9965881
745944,0.9138644
745945,0.02885826
745946,0.05459503
745947,0.10093653
745948,0.9974075
745949,0.044107996
745950,0.023771305
745951,0.9561407
745952,0.02358242
745953,0.046093784
745954,0.51250345
745955,0.0044280263
745956,0.015048331
745957,0.5844842
745958,0.025490442
745959,0.05662865
745960,0.16201906
745961,0.32561296
745962,0.6725101
745963,0.019991228
745964,0.92192835
745965,0.9873632
745966,0.63507915
745967,0.9721142
745968,0.11627798
745969,0.23076598
745970,0.4570229
745971,0.29071903
745972,0.869521
745973,0.021525115
745974,0.043675616
745975,0.010387229
745976,0.9291672
745977,0.038267277
745978,0.9661312
745979,0.13653614
745980,0.021666303
745981,0.8685453
745982,0.039503798
745983,0.08656557
745984,0.021225624
745985,0.29100817
745986,0.8761711
745987,0.85014117
745988,0.18494514
745989,0.86751986
745990,0.3435393
745991,0.019685285
745992,0.49885446
745993,0.008445902
745994,0.95769393
745995,0.0052099903
745996,0.89752626
745997,0.8325322
745998,0.9780429
745999,0.13683122
746000,0.017963277
746001,0.040040217
746002,0.0049676783
746003,0.120367765
746004,0.9973225
746005,0.038840473
746006,0.021704035
746007,0.9583025
746008,0.2264573
746009,0.99093264
746010,0.98236954
746011,0.0585443
746012,0.988388
746013,0.03366188
746014,0.13933098
746015,0.9123473
746016,0.99959874
746017,0.014675639
746018,0.9669628
746019,0.054320004
746020,0.090902045
746021,0.030809402
746022,0.9519853
746023,0.008139107
746024,0.95201015
746025,0.9521687
746026,0.97675115
746027,0.017869186
746028,0.24126527
746029,0.8992122
746030,0.23160048
746031,0.023362132
746032,0.22704361
746033,0.0884564
746034,0.98109835
746035,0.98005956
746036,0.0040997146
746037,0.19647828
746038,0.004455859
746039,0.004937929
746040,0.053903274
746041,0.95843554
746042,0.9796368
746043,0.0845255
746044,0.96648884
746045,0.04611524
746046,0.97604454
746047,0.95392203
746048,0.9768838
746049,0.09830665
746050,0.84357667
746051,0.25633743
746052,0.007570806
746053,0.028703908
746054,0.99650234
746055,0.1959922
746056,0.9941063
746057,0.9949989
746058,0.9938155
746059,0.8007775
746060,0.86569965
746061,0.08983273
746062,0.0452606
746063,0.008533936
746064,0.37145734
746065,0.8673386
746066,0.16003284
746067,0.011072256
746068,0.09545283
746069,0.993644
746070,0.02732658
746071,0.99819475
746072,0.99883044
746073,0.080425486
746074,0.9504354
746075,0.13674933
746076,0.05770468
746077,0.71851414
746078,0.486382
746079,0.014922892
746080,0.98850614
746081,0.0053133504
746082,0.0076524997
746083,0.0108043365
746084,0.14234339
746085,0.0048232917
746086,0.54381895
746087,0.0025677881
746088,0.99628985
746089,0.20538437
746090,0.9776161
746091,0.9650415
746092,0.107015796
746093,0.7520468
746094,0.019972991
746095,0.90820473
746096,0.00636868
746097,0.96656835
746098,0.008931255
746099,0.8173058
746100,0.99676657
746101,0.036316626
746102,0.026201624
746103,0.9214678
746104,0.049450576
746105,0.5005207
746106,0.044996955
746107,0.421522
746108,0.5637065
746109,0.021946048
746110,0.8900323
746111,0.017976068
746112,0.9955964
746113,0.6072497
746114,0.957644
746115,0.17349282
746116,0.93936384
746117,0.9518642
746118,0.9354887
746119,0.91937786
746120,0.68868524
746121,0.83516526
746122,0.0016678555
746123,0.8947917
746124,0.14575407
746125,0.85960525
746126,0.008803101
746127,0.06167171
746128,0.7967355
746129,0.080848955
746130,0.1280346
746131,0.060593717
746132,0.9772043
746133,0.012669097
746134,0.5470381
746135,0.9928311
746136,0.073579066
746137,0.005114867
746138,0.16100384
746139,0.9972507
746140,0.12818235
746141,0.0034856386
746142,0.12485651
746143,0.99501413
746144,0.8460841
746145,0.99897593
746146,0.94480467
746147,0.6597297
746148,0.92092264
746149,0.9970115
746150,0.19419089
746151,0.44218317
746152,0.012876499
746153,0.9936844
746154,0.023086565
746155,0.7706294
746156,0.1040754
746157,0.02737685
746158,0.07416016
746159,0.8140829
746160,0.025138881
746161,0.02423876
746162,0.18602133
746163,0.55502576
746164,0.020955656
746165,0.0061459187
746166,0.610232
746167,0.14468221
746168,0.965374
746169,0.17920136
746170,0.9856101
746171,0.009015691
746172,0.98334885
746173,0.004651041
746174,0.07728581
746175,0.046972178
746176,0.047029633
746177,0.93028235
746178,0.8639222
746179,0.73675585
746180,0.065306
746181,0.98140264
746182,0.99605966
746183,0.9044964
746184,0.27714777
746185,0.11814639
746186,0.014780063
746187,0.77273315
746188,0.055800594
746189,0.9989891
746190,0.98693556
746191,0.9992175
746192,0.98860574
746193,0.07502447
746194,0.99794936
746195,0.038860053
746196,0.16659963
746197,0.016498178
746198,0.9573964
746199,0.9922829
746200,0.007781218
746201,0.596998
746202,0.16579631
746203,0.007273727
746204,0.9640423
746205,0.5085409
746206,0.030012693
746207,0.11564834
746208,0.020770648
746209,0.4981017
746210,0.9014478
746211,0.004765308
746212,0.9932974
746213,0.163636
746214,0.7961777
746215,0.11131594
746216,0.55087656
746217,0.8822281
746218,0.4257617
746219,0.9671012
746220,0.15248117
746221,0.002333481
746222,0.016528768
746223,0.064479515
746224,0.033428594
746225,0.470808
746226,0.06873024
746227,0.91708505
746228,0.9946742
746229,0.0018063859
746230,0.021802064
746231,0.052991092
746232,0.9403877
746233,0.009547043
746234,0.01269941
746235,0.6163602
746236,0.6153453
746237,0.0056980406
746238,0.05103244
746239,0.8470496
746240,0.30582267
746241,0.02650438
746242,0.053474978
746243,0.9929536
746244,0.83547354
746245,0.8880222
746246,0.39354718
746247,0.0036564814
746248,0.1430585
746249,0.11266602
746250,0.06156207
746251,0.03238278
746252,0.013274339
746253,0.13975264
746254,0.025992703
746255,0.41091648
746256,0.3322694
746257,0.6232744
746258,0.16826814
746259,0.69590765
746260,0.028137408
746261,0.9927579
746262,0.15975237
746263,0.8337906
746264,0.03737209
746265,0.010920532
746266,0.9960078
746267,0.96360695
746268,0.04587335
746269,0.027421996
746270,0.32546887
746271,0.789731
746272,0.007716533
746273,0.94078153
746274,0.09786107
746275,0.77824223
746276,0.015684485
746277,0.03791648
746278,0.7493188
746279,0.049354456
746280,0.993648
746281,0.99140567
746282,0.171267
746283,0.9668827
746284,0.15364482
746285,0.9949056
746286,0.04556273
746287,0.98884964
746288,0.18312551
746289,0.03857834
746290,0.004841725
746291,0.124226406
746292,0.007950355
746293,0.85212445
746294,0.013443635
746295,0.72445714
746296,0.93039757
746297,0.9948732
746298,0.9658859
746299,0.10249397
746300,0.9370642
746301,0.16928437
746302,0.9939503
746303,0.0077993018
746304,0.04270284
746305,0.99369377
746306,0.28072703
746307,0.05468605
746308,0.8391196
746309,0.965554
746310,0.0077870004
746311,0.8579135
746312,0.118635185
746313,0.98684955
746314,0.045271233
746315,0.2033431
746316,0.01585162
746317,0.6262175
746318,0.18611547
746319,0.98550254
746320,0.8231338
746321,0.03207113
746322,0.22789402
746323,0.12579261
746324,0.0135619305
746325,0.1973221
746326,0.010370046
746327,0.053277586
746328,0.95622635
746329,0.9844136
746330,0.972044
746331,0.90299976
746332,0.009628657
746333,0.75439334
746334,0.016074456
746335,0.0559062
746336,0.24141508
746337,0.99892503
746338,0.04671967
746339,0.07779586
746340,0.8440669
746341,0.9966474
746342,0.18089558
746343,0.2903778
746344,0.0038253786
746345,0.013891269
746346,0.86935455
746347,0.43292165
746348,0.009747034
746349,0.9547481
746350,0.72590846
746351,0.036104072
746352,0.238249
746353,0.07755971
746354,0.06289718
746355,0.028995808
746356,0.9738365
746357,0.023429498
746358,0.1075911
746359,0.026561461
746360,0.96417266
746361,0.98279476
746362,0.8452685
746363,0.9961814
746364,0.9979952
746365,0.061245464
746366,0.98116386
746367,0.14543986
746368,0.99343145
746369,0.007878941
746370,0.76834357
746371,0.12249769
746372,0.010063132
746373,0.9808216
746374,0.80840206
746375,0.4835447
746376,0.00947303
746377,0.989118
746378,0.12230314
746379,0.03721903
746380,0.016565513
746381,0.9107757
746382,0.93306756
746383,0.019694878
746384,0.31013453
746385,0.7783712
746386,0.278406
746387,0.5441113
746388,0.99124444
746389,0.751829
746390,0.04930476
746391,0.70569843
746392,0.976892
746393,0.99362713
746394,0.2081826
746395,0.0035538916
746396,0.9459646
746397,0.21842746
746398,0.03310483
746399,0.011215106
746400,0.0047503808
746401,0.022791192
746402,0.008834164
746403,0.045275226
746404,0.9877018
746405,0.032858547
746406,0.044097416
746407,0.19221714
746408,0.020757757
746409,0.9273628
746410,0.0021518986
746411,0.0038791297
746412,0.0059914994
746413,0.080515906
746414,0.10947944
746415,0.13077587
746416,0.12028819
746417,0.06496441
746418,0.9647252
746419,0.7005532
746420,0.046798058
746421,0.9303788
746422,0.00426225
746423,0.7088952
746424,0.5317286
746425,0.1278856
746426,0.3277425
746427,0.9278263
746428,0.9780585
746429,0.0078009907
746430,0.7518565
746431,0.03663561
746432,0.9953493
746433,0.9984455
746434,0.77719057
746435,0.0077857217
746436,0.03314959
746437,0.6952901
746438,0.9878519
746439,0.9705645
746440,0.62873244
746441,0.030119888
746442,0.6638013
746443,0.99480367
746444,0.0027279693
746445,0.48312527
746446,0.0016596171
746447,0.0729322
746448,0.9435338
746449,0.005282404
746450,0.004159249
746451,0.97715586
746452,0.02342844
746453,0.9839694
746454,0.99766153
746455,0.97889066
746456,0.0059202933
746457,0.6103015
746458,0.5379925
746459,0.0309657
746460,0.40238965
746461,0.0018789007
746462,0.99820274
746463,0.77736974
746464,0.26007637
746465,0.058705382
746466,0.01580418
746467,0.2245151
746468,0.14158903
746469,0.7397202
746470,0.9635653
746471,0.03245959
746472,0.02983439
746473,0.036556967
746474,0.012494185
746475,0.0036111618
746476,0.057982907
746477,0.041128673
746478,0.069703996
746479,0.99178636
746480,0.0045141284
746481,0.016528351
746482,0.24170226
746483,0.9566574
746484,0.79301083
746485,0.0056431345
746486,0.049162433
746487,0.664434
746488,0.052810322
746489,0.008944515
746490,0.019023998
746491,0.12828715
746492,0.9977463
746493,0.25254267
746494,0.02904567
746495,0.25677592
746496,0.91338205
746497,0.99589217
746498,0.9604222
746499,0.57297415
746500,0.47698253
746501,0.56682044
746502,0.0031326604
746503,0.005423532
746504,0.98626345
746505,0.9978643
746506,0.032785498
746507,0.78074646
746508,0.005621677
746509,0.9148001
746510,0.03306092
746511,0.0054569333
746512,0.9587309
746513,0.009275697
746514,0.9904858
746515,0.9990182
746516,0.30052206
746517,0.038521778
746518,0.977061
746519,0.9367744
746520,0.012376726
746521,0.0059371353
746522,0.36590222
746523,0.006499541
746524,0.4516375
746525,0.913291
746526,0.9647069
746527,0.055852994
746528,0.011559979
746529,0.9824792
746530,0.94686496
746531,0.006816899
746532,0.9992864
746533,0.9899982
746534,0.99547064
746535,0.9410359
746536,0.27339914
746537,0.017557992
746538,0.5273243
746539,0.027331697
746540,0.54487187
746541,0.011850468
746542,0.4234666
746543,0.0079720095
746544,0.9954597
746545,0.076814204
746546,0.99580824
746547,0.0026292284
746548,0.97132534
746549,0.4480914
746550,0.99645466
746551,0.01767189
746552,0.9937721
746553,0.18618591
746554,0.81760067
746555,0.56244254
746556,0.6829229
746557,0.97499335
746558,0.6199691
746559,0.30129814
746560,0.4951555
746561,0.7794477
746562,0.99744934
746563,0.042862177
746564,0.79580134
746565,0.98940283
746566,0.98444575
746567,0.0023376476
746568,0.46472582
746569,0.8447285
746570,0.4963085
746571,0.97754854
746572,0.21693256
746573,0.8410314
746574,0.007229792
746575,0.9538815
746576,0.7843623
746577,0.7178971
746578,0.6945612
746579,0.07980571
746580,0.24198009
746581,0.028350234
746582,0.99283636
746583,0.04482303
746584,0.8197822
746585,0.0060562077
746586,0.12603568
746587,0.90161365
746588,0.5696979
746589,0.16875899
746590,0.0071649402
746591,0.86116564
746592,0.34480593
746593,0.02355775
746594,0.011733562
746595,0.38296357
746596,0.19012736
746597,0.9723357
746598,0.7710684
746599,0.07333047
746600,0.99257624
746601,0.9761157
746602,0.028001687
746603,0.987669
746604,0.9411358
746605,0.27580035
746606,0.43080568
746607,0.9392632
746608,0.008476412
746609,0.53749484
746610,0.81552947
746611,0.95459175
746612,0.36511752
746613,0.019154258
746614,0.008379571
746615,0.22071107
746616,0.120223835
746617,0.11376619
746618,0.00998559
746619,0.02118161
746620,0.027981851
746621,0.324292
746622,0.0023398336
746623,0.9469141
746624,0.01355156
746625,0.0020050704
746626,0.8521553
746627,0.016970804
746628,0.04678545
746629,0.9982053
746630,0.7159562
746631,0.025746685
746632,0.91620255
746633,0.093879074
746634,0.9983164
746635,0.9854556
746636,0.9964558
746637,0.99006987
746638,0.27030617
746639,0.5811039
746640,0.011967905
746641,0.773454
746642,0.98363835
746643,0.23827389
746644,0.065176666
746645,0.07014876
746646,0.0065069543
746647,0.051525496
746648,0.038012538
746649,0.929435
746650,0.34282959
746651,0.015015575
746652,0.009975299
746653,0.018678967
746654,0.023603512
746655,0.22665112
746656,0.99254763
746657,0.91234165
746658,0.23867442
746659,0.9668424
746660,0.16919526
746661,0.99334264
746662,0.15706718
746663,0.9591076
746664,0.688032
746665,0.97844076
746666,0.06638838
746667,0.9572855
746668,0.15342502
746669,0.90383106
746670,0.005353858
746671,0.97123265
746672,0.99166465
746673,0.11008388
746674,0.0044248896
746675,0.9892719
746676,0.60011554
746677,0.5100646
746678,0.016423414
746679,0.12951246
746680,0.99862635
746681,0.93711084
746682,0.46771976
746683,0.12844875
746684,0.0048393416
746685,0.020883009
746686,0.0017103865
746687,0.4219784
746688,0.86628944
746689,0.9302873
746690,0.050537564
746691,0.98643357
746692,0.96890247
746693,0.09589012
746694,0.6750662
746695,0.9921227
746696,0.7467111
746697,0.9159752
746698,0.6821288
746699,0.72122365
746700,0.0043271496
746701,0.03705998
746702,0.0616157
746703,0.9503684
746704,0.12712277
746705,0.99288815
746706,0.9791689
746707,0.20144202
746708,0.79478127
746709,0.014467119
746710,0.99914384
746711,0.25842986
746712,0.99799615
746713,0.2721188
746714,0.17159364
746715,0.010358684
746716,0.6660065
746717,0.91336983
746718,0.9537695
746719,0.06518746
746720,0.017661912
746721,0.0063261744
746722,0.0036429313
746723,0.9873771
746724,0.76100767
746725,0.056166314
746726,0.94959885
746727,0.153709
746728,0.9693169
746729,0.98257244
746730,0.25027508
746731,0.98747593
746732,0.27960464
746733,0.9882897
746734,0.018623307
746735,0.03326159
746736,0.4921445
746737,0.051500525
746738,0.9892784
746739,0.8451482
746740,0.9317409
746741,0.023892742
746742,0.4764409
746743,0.41764137
746744,0.3764925
746745,0.4833064
746746,0.81165147
746747,0.0023991817
746748,0.08979237
746749,0.7356197
746750,0.99460256
746751,0.9966698
746752,0.50586045
746753,0.954997
746754,0.9949209
746755,0.7487711
746756,0.9407058
746757,0.9695364
746758,0.90948427
746759,0.6085405
746760,0.9459591
746761,0.019865986
746762,0.9985517
746763,0.019158695
746764,0.44980443
746765,0.005020562
746766,0.15952574
746767,0.008948783
746768,0.8964282
746769,0.014500296
746770,0.021116003
746771,0.48714933
746772,0.95655036
746773,0.05952647
746774,0.12029965
746775,0.24429041
746776,0.7789322
746777,0.9511135
746778,0.93308413
746779,0.7371244
746780,0.8273128
746781,0.09336675
746782,0.20205888
746783,0.09725294
746784,0.94301194
746785,0.50891423
746786,0.08921425
746787,0.0075442167
746788,0.015665537
746789,0.0034404295
746790,0.7132374
746791,0.55911946
746792,0.8967314
746793,0.71470225
746794,0.99936086
746795,0.17672376
746796,0.03719414
746797,0.039745875
746798,0.99893814
746799,0.025742503
746800,0.96530145
746801,0.027676377
746802,0.06487864
746803,0.36333898
746804,0.0019792174
746805,0.8934016
746806,0.041588556
746807,0.014628004
746808,0.031064011
746809,0.008975288
746810,0.23743114
746811,0.003839021
746812,0.8134406
746813,0.6468576
746814,0.95074195
746815,0.264836
746816,0.3277566
746817,0.12888919
746818,0.37686092
746819,0.6359493
746820,0.83226305
746821,0.89976835
746822,0.6330933
746823,0.4157701
746824,0.96813583
746825,0.9916239
746826,0.09569237
746827,0.64525485
746828,0.00807561
746829,0.7180791
746830,0.04486679
746831,0.9863628
746832,0.040409595
746833,0.68331504
746834,0.023214843
746835,0.69968694
746836,0.10193433
746837,0.80465645
746838,0.02524516
746839,0.022891242
746840,0.9138881
746841,0.09873688
746842,0.98931825
746843,0.0051343236
746844,0.05537746
746845,0.024355266
746846,0.00602872
746847,0.98093146
746848,0.07529181
746849,0.07401654
746850,0.11324125
746851,0.27356046
746852,0.32464963
746853,0.950872
746854,0.5089282
746855,0.005945541
746856,0.0045221415
746857,0.9415015
746858,0.43538734
746859,0.009840594
746860,0.67716587
746861,0.40013188
746862,0.45688367
746863,0.9993167
746864,0.014124731
746865,0.9172852
746866,0.16764258
746867,0.018408777
746868,0.06196685
746869,0.060921583
746870,0.012212064
746871,0.96635735
746872,0.007829012
746873,0.9957161
746874,0.4338254
746875,0.034446783
746876,0.04513997
746877,0.7510127
746878,0.992407
746879,0.988164
746880,0.9372813
746881,0.00801152
746882,0.96781415
746883,0.0042339643
746884,0.013899548
746885,0.9963985
746886,0.99633193
746887,0.94149214
746888,0.016319282
746889,0.7989693
746890,0.77062577
746891,0.06639625
746892,0.9625393
746893,0.9777355
746894,0.672583
746895,0.0046625286
746896,0.29709554
746897,0.1646455
746898,0.9939372
746899,0.01478894
746900,0.18971632
746901,0.046101145
746902,0.0074590743
746903,0.9258951
746904,0.016702415
746905,0.0089876875
746906,0.23320739
746907,0.008188094
746908,0.793645
746909,0.046309546
746910,0.95858914
746911,0.98054075
746912,0.9838203
746913,0.34707975
746914,0.9955203
746915,0.98983335
746916,0.95584536
746917,0.8046773
746918,0.06285745
746919,0.024029605
746920,0.62922657
746921,0.037889265
746922,0.019313488
746923,0.46156812
746924,0.9458465
746925,0.021881323
746926,0.96085805
746927,0.5721621
746928,0.25019526
746929,0.026743192
746930,0.102183454
746931,0.0021980703
746932,0.31285527
746933,0.8798536
746934,0.98023224
746935,0.15258944
746936,0.047058105
746937,0.83034575
746938,0.0214609
746939,0.5540738
746940,0.1656181
746941,0.9852623
746942,0.03842858
746943,0.9741033
746944,0.98829144
746945,0.72143555
746946,0.17485899
746947,0.10220955
746948,0.048451163
746949,0.9967288
746950,0.6340134
746951,0.5259457
746952,0.51310676
746953,0.20138595
746954,0.012493858
746955,0.31385708
746956,0.06440035
746957,0.013731259
746958,0.007832837
746959,0.9956132
746960,0.014137572
746961,0.2419914
746962,0.7026337
746963,0.0025532763
746964,0.21176565
746965,0.21666816
746966,0.96858287
746967,0.42694974
746968,0.9688378
746969,0.1908185
746970,0.99851376
746971,0.009923174
746972,0.5271442
746973,0.9995216
746974,0.015479175
746975,0.90308106
746976,0.85830724
746977,0.015012918
746978,0.48985443
746979,0.018060338
746980,0.1508793
746981,0.066800795
746982,0.595224
746983,0.30530056
746984,0.03637564
746985,0.037363555
746986,0.13486914
746987,0.8573513
746988,0.67088
746989,0.13184838
746990,0.095859274
746991,0.9568416
746992,0.99114233
746993,0.09452276
746994,0.008536719
746995,0.016144492
746996,0.96508986
746997,0.9691132
746998,0.9769198
746999,0.11523538
747000,0.79117274
747001,0.7763042
747002,0.10163112
747003,0.116634704
747004,0.019372253
747005,0.0032638637
747006,0.04650446
747007,0.0035745706
747008,0.07584798
747009,0.011754308
747010,0.9920497
747011,0.9957098
747012,0.9564061
747013,0.959908
747014,0.009888835
747015,0.99912965
747016,0.72540045
747017,0.030746467
747018,0.010017829
747019,0.0029579762
747020,0.12398256
747021,0.9786085
747022,0.9982739
747023,0.048803393
747024,0.97313225
747025,0.9962285
747026,0.0116982935
747027,0.16069555
747028,0.7235626
747029,0.14802076
747030,0.11937179
747031,0.98538023
747032,0.9435462
747033,0.011354259
747034,0.9877443
747035,0.6917989
747036,0.10789555
747037,0.02525917
747038,0.08787691
747039,0.03146079
747040,0.687658
747041,0.97622
747042,0.08339818
747043,0.7876584
747044,0.009443687
747045,0.98366237
747046,0.014210664
747047,0.008710295
747048,0.104880445
747049,0.027245687
747050,0.82641864
747051,0.9693569
747052,0.011029131
747053,0.08293845
747054,0.28954697
747055,0.9812484
747056,0.16398242
747057,0.01904761
747058,0.02813264
747059,0.04162576
747060,0.36552683
747061,0.029429244
747062,0.05196712
747063,0.030339787
747064,0.5119846
747065,0.04520891
747066,0.90261334
747067,0.17665902
747068,0.59782416
747069,0.028380692
747070,0.28213346
747071,0.97975737
747072,0.15691209
747073,0.97489107
747074,0.9985914
747075,0.8776946
747076,0.050628435
747077,0.9087651
747078,0.0147960745
747079,0.957005
747080,0.3379373
747081,0.11356037
747082,0.18392342
747083,0.97487205
747084,0.036146402
747085,0.040479075
747086,0.026227925
747087,0.09644787
747088,0.6030028
747089,0.07576254
747090,0.019125566
747091,0.401132
747092,0.11514944
747093,0.03641799
747094,0.99464375
747095,0.7517013
747096,0.10851592
747097,0.4951661
747098,0.1085109
747099,0.99852306
747100,0.009678232
747101,0.025562357
747102,0.07375259
747103,0.15671909
747104,0.0054270444
747105,0.03783075
747106,0.9240656
747107,0.24368343
747108,0.78851426
747109,0.77343696
747110,0.9754177
747111,0.54412866
747112,0.99965656
747113,0.7801023
747114,0.022535281
747115,0.00819481
747116,0.05393039
747117,0.27271366
747118,0.11714525
747119,0.004833735
747120,0.81566477
747121,0.30641878
747122,0.95743966
747123,0.03905782
747124,0.011950215
747125,0.5420666
747126,0.99271935
747127,0.54821956
747128,0.8547214
747129,0.9891403
747130,0.90665776
747131,0.0013113107
747132,0.8456255
747133,0.38928047
747134,0.11564115
747135,0.26128092
747136,0.23482668
747137,0.979726
747138,0.006197573
747139,0.9969448
747140,0.007912154
747141,0.9893563
747142,0.9811111
747143,0.1216005
747144,0.07653009
747145,0.017960187
747146,0.6329885
747147,0.08158707
747148,0.038309872
747149,0.034056142
747150,0.14913717
747151,0.97249174
747152,0.17084715
747153,0.01509939
747154,0.6199322
747155,0.0730121
747156,0.92591935
747157,0.041901737
747158,0.027956728
747159,0.77191305
747160,0.03659691
747161,0.6077695
747162,0.013896885
747163,0.15357822
747164,0.7033583
747165,0.95849174
747166,0.98811483
747167,0.011459788
747168,0.9964585
747169,0.99660987
747170,0.3224122
747171,0.18850625
747172,0.23739034
747173,0.18787713
747174,0.003995144
747175,0.04504659
747176,0.7512088
747177,0.10722476
747178,0.009819025
747179,0.9106046
747180,0.98620147
747181,0.008147966
747182,0.9437186
747183,0.108514905
747184,0.093973145
747185,0.032743443
747186,0.95227724
747187,0.014297412
747188,0.9970604
747189,0.462224
747190,0.2175812
747191,0.045066506
747192,0.19239938
747193,0.98235595
747194,0.6016916
747195,0.96684873
747196,0.7704125
747197,0.049263094
747198,0.9850927
747199,0.45949352
747200,0.9841115
747201,0.097166985
747202,0.031229097
747203,0.94977456
747204,0.1923253
747205,0.8616836
747206,0.17258218
747207,0.87979734
747208,0.50442666
747209,0.9957379
747210,0.45113412
747211,0.7884907
747212,0.9557676
747213,0.04904918
747214,0.0041154316
747215,0.91484976
747216,0.06753052
747217,0.042986892
747218,0.017266294
747219,0.15408137
747220,0.27374485
747221,0.4889055
747222,0.21178666
747223,0.08796778
747224,0.17740226
747225,0.75502104
747226,0.0115713235
747227,0.011060912
747228,0.9814408
747229,0.0061603566
747230,0.055616852
747231,0.09409808
747232,0.9085849
747233,0.006064565
747234,0.9912742
747235,0.0030526493
747236,0.43262368
747237,0.05725318
747238,0.73046076
747239,0.051997926
747240,0.07167852
747241,0.055167075
747242,0.9827738
747243,0.9907714
747244,0.028094454
747245,0.9058565
747246,0.9834413
747247,0.011559063
747248,0.99320745
747249,0.020283079
747250,0.0018793634
747251,0.604558
747252,0.9874395
747253,0.97148037
747254,0.0052608266
747255,0.90617764
747256,0.005542411
747257,0.11231197
747258,0.2098128
747259,0.3872846
747260,0.8486513
747261,0.07097186
747262,0.0025186539
747263,0.025058318
747264,0.9836674
747265,0.03169139
747266,0.94970316
747267,0.80751127
747268,0.9781427
747269,0.010765313
747270,0.98994595
747271,0.99573404
747272,0.9832099
747273,0.004935959
747274,0.14971906
747275,0.99810445
747276,0.98624945
747277,0.0035311948
747278,0.22564852
747279,0.8966303
747280,0.15745202
747281,0.25277713
747282,0.80243653
747283,0.32538244
747284,0.98447067
747285,0.77889377
747286,0.36529583
747287,0.9806037
747288,0.011044941
747289,0.004316736
747290,0.8384724
747291,0.022907604
747292,0.9977201
747293,0.8065711
747294,0.32882673
747295,0.13512586
747296,0.940688
747297,0.93979657
747298,0.8965426
747299,0.06349799
747300,0.1294315
747301,0.019293716
747302,0.4237873
747303,0.99708664
747304,0.16328993
747305,0.035498407
747306,0.9955058
747307,0.026592273
747308,0.08293898
747309,0.036388386
747310,0.49114454
747311,0.9977224
747312,0.99842894
747313,0.0045052255
747314,0.7165872
747315,0.05701155
747316,0.2013178
747317,0.25973406
747318,0.06655538
747319,0.021060888
747320,0.54797256
747321,0.06693639
747322,0.8687926
747323,0.018306948
747324,0.0027911772
747325,0.5537999
747326,0.9917816
747327,0.03196874
747328,0.9620239
747329,0.09489839
747330,0.035122365
747331,0.35649264
747332,0.6420229
747333,0.036851387
747334,0.9336406
747335,0.7623575
747336,0.035321273
747337,0.9829515
747338,0.5788747
747339,0.9860908
747340,0.054016165
747341,0.9980914
747342,0.03111837
747343,0.0010841674
747344,0.19726984
747345,0.061304737
747346,0.81217796
747347,0.010934996
747348,0.24434152
747349,0.02750286
747350,0.0013410759
747351,0.053164773
747352,0.013038779
747353,0.016172117
747354,0.4949688
747355,0.6790394
747356,0.8771529
747357,0.016175076
747358,0.09370619
747359,0.024323527
747360,0.9931675
747361,0.39236045
747362,0.15324956
747363,0.026286062
747364,0.026829313
747365,0.59068614
747366,0.9965565
747367,0.40631425
747368,0.10488719
747369,0.44861686
747370,0.008998075
747371,0.006295511
747372,0.37271556
747373,0.19489561
747374,0.008740922
747375,0.94959205
747376,0.0052759135
747377,0.19293265
747378,0.056103893
747379,0.9493221
747380,0.0047567044
747381,0.3232745
747382,0.24125206
747383,0.17758419
747384,0.03137283
747385,0.03925606
747386,0.9845393
747387,0.96510935
747388,0.9833851
747389,0.9774462
747390,0.9930537
747391,0.051969588
747392,0.1184462
747393,0.0730454
747394,0.9971492
747395,0.73571354
747396,0.01021212
747397,0.55716336
747398,0.9166074
747399,0.93472403
747400,0.01704802
747401,0.91553634
747402,0.6609496
747403,0.02845221
747404,0.03741979
747405,0.2822055
747406,0.532581
747407,0.24288994
747408,0.9644688
747409,0.9737694
747410,0.5349261
747411,0.03724434
747412,0.9674729
747413,0.018564843
747414,0.013429171
747415,0.014317619
747416,0.8198782
747417,0.027906524
747418,0.24234205
747419,0.94404864
747420,0.018669054
747421,0.2467202
747422,0.9987888
747423,0.033099357
747424,0.0038245632
747425,0.7560545
747426,0.7077332
747427,0.014391683
747428,0.9702182
747429,0.01907529
747430,0.006162301
747431,0.05331574
747432,0.008411471
747433,0.89603925
747434,0.030378131
747435,0.94718474
747436,0.9832425
747437,0.019820478
747438,0.1858619
747439,0.99586505
747440,0.053657882
747441,0.8339046
747442,0.9722323
747443,0.88983685
747444,0.014472453
747445,0.87974334
747446,0.46472317
747447,0.028397782
747448,0.972774
747449,0.011060478
747450,0.86822176
747451,0.36320528
747452,0.062036607
747453,0.03841008
747454,0.3291643
747455,0.060174003
747456,0.9979614
747457,0.8104507
747458,0.9243744
747459,0.14856324
747460,0.9207889
747461,0.9978596
747462,0.009157298
747463,0.28963637
747464,0.98350406
747465,0.37675172
747466,0.786284
747467,0.015542623
747468,0.73208165
747469,0.057909347
747470,0.015207885
747471,0.5015545
747472,0.40859124
747473,0.99548554
747474,0.026102992
747475,0.822698
747476,0.2041962
747477,0.9817154
747478,0.8138899
747479,0.018881336
747480,0.1576823
747481,0.07166382
747482,0.5193172
747483,0.9643263
747484,0.9928112
747485,0.98705065
747486,0.0047200257
747487,0.009910932
747488,0.03071455
747489,0.0603818
747490,0.90369034
747491,0.9615332
747492,0.9394742
747493,0.37365478
747494,0.84276795
747495,0.93217134
747496,0.0067673963
747497,0.48271704
747498,0.089069895
747499,0.26648182
747500,0.2983244
747501,0.007052913
747502,0.018449608
747503,0.038472258
747504,0.9900502
747505,0.40543893
747506,0.016794281
747507,0.08776354
747508,0.032349482
747509,0.9510502
747510,0.005332766
747511,0.17220399
747512,0.9827128
747513,0.04041882
747514,0.97179776
747515,0.085848086
747516,0.026527371
747517,0.9760035
747518,0.31761366
747519,0.58548254
747520,0.22924675
747521,0.019300941
747522,0.017668894
747523,0.78134054
747524,0.0029636826
747525,0.0137936855
747526,0.9859173
747527,0.023391768
747528,0.41855302
747529,0.5982469
747530,0.6635667
747531,0.10269548
747532,0.045439847
747533,0.2861135
747534,0.29414868
747535,0.0029511475
747536,0.9267487
747537,0.12131862
747538,0.08257764
747539,0.0597364
747540,0.010381158
747541,0.071500696
747542,0.058382764
747543,0.9083206
747544,0.8545874
747545,0.9956
747546,0.99737424
747547,0.31701654
747548,0.4236216
747549,0.603212
747550,0.039178196
747551,0.012358613
747552,0.9936781
747553,0.1425839
747554,0.79047364
747555,0.27874768
747556,0.9853864
747557,0.994333
747558,0.076961905
747559,0.9970001
747560,0.012442848
747561,0.11110413
747562,0.10618856
747563,0.001730206
747564,0.95796204
747565,0.062067635
747566,0.91009104
747567,0.37034732
747568,0.011527795
747569,0.7106696
747570,0.9902284
747571,0.093313865
747572,0.9735783
747573,0.4794043
747574,0.19677037
747575,0.9598122
747576,0.1692273
747577,0.20423137
747578,0.03214642
747579,0.960858
747580,0.048295565
747581,0.13844565
747582,0.9039044
747583,0.3418668
747584,0.028822772
747585,0.79876256
747586,0.0054977005
747587,0.005110351
747588,0.99206865
747589,0.074294254
747590,0.9397684
747591,0.011915969
747592,0.97953045
747593,0.07666988
747594,0.42641068
747595,0.9370158
747596,0.41666448
747597,0.5827716
747598,0.02611212
747599,0.07009967
747600,0.9951959
747601,0.99041355
747602,0.6351745
747603,0.060294397
747604,0.009640162
747605,0.9862226
747606,0.045150463
747607,0.16121413
747608,0.01169278
747609,0.79514384
747610,0.76500285
747611,0.0294417
747612,0.95458114
747613,0.96328074
747614,0.7095306
747615,0.22730446
747616,0.07060252
747617,0.025956944
747618,0.6336764
747619,0.7358222
747620,0.0012615247
747621,0.17425232
747622,0.8884233
747623,0.00096268643
747624,0.78355867
747625,0.88594913
747626,0.7681187
747627,0.017666709
747628,0.003425153
747629,0.016762972
747630,0.99760526
747631,0.9945936
747632,0.004868423
747633,0.72729015
747634,0.04313698
747635,0.0044365497
747636,0.99040663
747637,0.012237046
747638,0.18756868
747639,0.2028589
747640,0.012495119
747641,0.85032165
747642,0.060107812
747643,0.31630853
747644,0.02755446
747645,0.023018252
747646,0.8859847
747647,0.09517381
747648,0.01703804
747649,0.30302486
747650,0.05080662
747651,0.9474453
747652,0.7869383
747653,0.010360003
747654,0.9788877
747655,0.75013983
747656,0.9756131
747657,0.048694193
747658,0.7685371
747659,0.0071325856
747660,0.013179018
747661,0.9975394
747662,0.016022502
747663,0.039775264
747664,0.9396588
747665,0.055963226
747666,0.019898187
747667,0.088009566
747668,0.04462705
747669,0.35737523
747670,0.07735247
747671,0.03184539
747672,0.98676264
747673,0.18656678
747674,0.9585068
747675,0.020947097
747676,0.60594606
747677,0.83729315
747678,0.9353758
747679,0.00400627
747680,0.04752012
747681,0.96739006
747682,0.82703495
747683,0.9924462
747684,0.0027642236
747685,0.9832313
747686,0.9929981
747687,0.98061836
747688,0.9951541
747689,0.0030655947
747690,0.018940002
747691,0.5336943
747692,0.08692046
747693,0.11469578
747694,0.16938373
747695,0.011119406
747696,0.026150025
747697,0.0017273822
747698,0.007737885
747699,0.9912157
747700,0.8846359
747701,0.0027121063
747702,0.7747662
747703,0.6916029
747704,0.92372715
747705,0.036290728
747706,0.04430787
747707,0.010812522
747708,0.82758427
747709,0.40385106
747710,0.23707986
747711,0.26903844
747712,0.9964208
747713,0.004244882
747714,0.012798323
747715,0.009987686
747716,0.28523225
747717,0.8910935
747718,0.9625727
747719,0.32858244
747720,0.019265497
747721,0.90496427
747722,0.805947
747723,0.9689083
747724,0.04744165
747725,0.9859959
747726,0.0100806
747727,0.9811237
747728,0.55048597
747729,0.010806884
747730,0.008471278
747731,0.0022918596
747732,0.878204
747733,0.063693464
747734,0.05637518
747735,0.9400052
747736,0.07319094
747737,0.9367993
747738,0.15559056
747739,0.8558151
747740,0.043699935
747741,0.9988985
747742,0.92424536
747743,0.18861486
747744,0.9659906
747745,0.3162647
747746,0.14464052
747747,0.9819682
747748,0.9483163
747749,0.97068
747750,0.99117345
747751,0.9969032
747752,0.008650256
747753,0.004611112
747754,0.30491388
747755,0.0062270593
747756,0.9860813
747757,0.843382
747758,0.9500971
747759,0.9284384
747760,0.23956041
747761,0.06296879
747762,0.026467824
747763,0.020201884
747764,0.016441844
747765,0.2231119
747766,0.0029152972
747767,0.97660196
747768,0.9876064
747769,0.07265347
747770,0.9992982
747771,0.7561292
747772,0.03298349
747773,0.49757996
747774,0.13770688
747775,0.010252293
747776,0.9903984
747777,0.864949
747778,0.003251153
747779,0.92017674
747780,0.005351254
747781,0.92313457
747782,0.022787234
747783,0.9919649
747784,0.60541874
747785,0.5183788
747786,0.5472637
747787,0.23379049
747788,0.27868298
747789,0.052392643
747790,0.27041698
747791,0.6819037
747792,0.97525084
747793,0.29874068
747794,0.018663034
747795,0.13852395
747796,0.9958187
747797,0.016824989
747798,0.26380736
747799,0.14004326
747800,0.15850858
747801,0.83986324
747802,0.14108212
747803,0.051157355
747804,0.48032206
747805,0.7258493
747806,0.010670206
747807,0.85955364
747808,0.57910097
747809,0.0132972365
747810,0.6241215
747811,0.070468985
747812,0.12584516
747813,0.33374935
747814,0.03264816
747815,0.023542654
747816,0.14526546
747817,0.98695755
747818,0.3925427
747819,0.8510644
747820,0.032727323
747821,0.9190791
747822,0.8913566
747823,0.5208112
747824,0.42112684
747825,0.9924378
747826,0.9694172
747827,0.6278263
747828,0.8914975
747829,0.65884554
747830,0.06127797
747831,0.82536477
747832,0.99099076
747833,0.011898258
747834,0.96686304
747835,0.12779418
747836,0.223303
747837,0.9874819
747838,0.011059899
747839,0.0060011004
747840,0.019648116
747841,0.03160516
747842,0.18577728
747843,0.74694777
747844,0.8525034
747845,0.9632635
747846,0.99692214
747847,0.9979334
747848,0.18335786
747849,0.6074036
747850,0.3442592
747851,0.034654777
747852,0.9517932
747853,0.016873652
747854,0.0066882763
747855,0.0096447505
747856,0.028679114
747857,0.12235671
747858,0.1315561
747859,0.938784
747860,0.029952751
747861,0.39310646
747862,0.0037674261
747863,0.992421
747864,0.0579158
747865,0.9825642
747866,0.03889455
747867,0.9135801
747868,0.13213421
747869,0.7274217
747870,0.050227653
747871,0.9578255
747872,0.039700363
747873,0.94890815
747874,0.008409963
747875,0.9022147
747876,0.99321574
747877,0.8295072
747878,0.006222436
747879,0.99588704
747880,0.033304147
747881,0.98525727
747882,0.2739607
747883,0.0679037
747884,0.9029048
747885,0.07096162
747886,0.9653075
747887,0.9685497
747888,0.69708884
747889,0.97388685
747890,0.9797555
747891,0.0023430097
747892,0.88018346
747893,0.9813943
747894,0.17766126
747895,0.19270256
747896,0.057208143
747897,0.035648894
747898,0.70767087
747899,0.0072124754
747900,0.0115495045
747901,0.115763366
747902,0.9130522
747903,0.6829994
747904,0.3427272
747905,0.29323336
747906,0.18245366
747907,0.008217756
747908,0.95498425
747909,0.022618761
747910,0.9576024
747911,0.95480144
747912,0.016834129
747913,0.9639872
747914,0.4493305
747915,0.98204523
747916,0.9804083
747917,0.9867312
747918,0.96700084
747919,0.22149697
747920,0.039441776
747921,0.29059422
747922,0.0025331995
747923,0.02009854
747924,0.007993039
747925,0.06923747
747926,0.9941776
747927,0.0035742451
747928,0.5183714
747929,0.02850715
747930,0.037654776
747931,0.013128342
747932,0.026606483
747933,0.15096
747934,0.020465516
747935,0.3971926
747936,0.97344995
747937,0.7200998
747938,0.020770509
747939,0.8601973
747940,0.7278488
747941,0.31413627
747942,0.96152174
747943,0.058344502
747944,0.0022601355
747945,0.007705578
747946,0.61248803
747947,0.029918293
747948,0.8113702
747949,0.06458458
747950,0.052797973
747951,0.055516843
747952,0.950518
747953,0.96554285
747954,0.7740629
747955,0.015518661
747956,0.84530103
747957,0.05289883
747958,0.9863802
747959,0.014282281
747960,0.20796843
747961,0.2055794
747962,0.9709783
747963,0.42012483
747964,0.001877373
747965,0.012686291
747966,0.9966722
747967,0.9370753
747968,0.019805443
747969,0.83937246
747970,0.9634047
747971,0.014018509
747972,0.9032496
747973,0.893167
747974,0.12708667
747975,0.027269637
747976,0.026423998
747977,0.2713216
747978,0.9611105
747979,0.64087224
747980,0.9987166
747981,0.7630874
747982,0.50916356
747983,0.9567567
747984,0.9485139
747985,0.9973687
747986,0.2381283
747987,0.3392784
747988,0.0070373565
747989,0.99158365
747990,0.003921219
747991,0.7812248
747992,0.6821135
747993,0.07457379
747994,0.07574919
747995,0.016624717
747996,0.9872818
747997,0.019889789
747998,0.7164101
747999,0.98257
748000,0.0033537662
748001,0.97642493
748002,0.9993471
748003,0.010085401
748004,0.83649665
748005,0.6663437
748006,0.99904764
748007,0.04229846
748008,0.8805319
748009,0.016792987
748010,0.044206887
748011,0.43660182
748012,0.14425239
748013,0.15352458
748014,0.48829377
748015,0.98514414
748016,0.009853064
748017,0.606529
748018,0.016767234
748019,0.15705758
748020,0.04584258
748021,0.33850682
748022,0.45061484
748023,0.98637444
748024,0.99439025
748025,0.010373749
748026,0.891712
748027,0.7950856
748028,0.051139884
748029,0.950451
748030,0.01121131
748031,0.9081199
748032,0.773373
748033,0.020116366
748034,0.97279775
748035,0.25856906
748036,0.07743144
748037,0.99111474
748038,0.048716035
748039,0.016972337
748040,0.98121536
748041,0.018948365
748042,0.47375035
748043,0.8722726
748044,0.0013837302
748045,0.008044491
748046,0.1855693
748047,0.94626087
748048,0.13442391
748049,0.00781113
748050,0.22201632
748051,0.04735458
748052,0.00897759
748053,0.9992637
748054,0.2550224
748055,0.9653138
748056,0.9876596
748057,0.05497139
748058,0.89650065
748059,0.040477052
748060,0.020386912
748061,0.97923815
748062,0.38292313
748063,0.020719592
748064,0.09688004
748065,0.97739244
748066,0.0020316546
748067,0.03199228
748068,0.027850896
748069,0.90862334
748070,0.7977676
748071,0.2171161
748072,0.054683276
748073,0.022417177
748074,0.0031563349
748075,0.96036184
748076,0.97490287
748077,0.9331697
748078,0.96292686
748079,0.84985554
748080,0.005039227
748081,0.023249216
748082,0.03551473
748083,0.99078643
748084,0.03412617
748085,0.9362367
748086,0.9741657
748087,0.52374756
748088,0.96040916
748089,0.89598584
748090,0.9927086
748091,0.5739947
748092,0.009855012
748093,0.10824514
748094,0.935232
748095,0.33390945
748096,0.036320806
748097,0.056316007
748098,0.011805229
748099,0.72865486
748100,0.4965294
748101,0.005072453
748102,0.5872948
748103,0.9820857
748104,0.026532765
748105,0.99513614
748106,0.07902487
748107,0.9972665
748108,0.34692174
748109,0.83350873
748110,0.99902993
748111,0.9725034
748112,0.5665618
748113,0.81700015
748114,0.22524002
748115,0.9997937
748116,0.8808589
748117,0.9819893
748118,0.9851667
748119,0.08524037
748120,0.6514384
748121,0.4913209
748122,0.8790558
748123,0.45976096
748124,0.9517305
748125,0.94948626
748126,0.87665915
748127,0.13460217
748128,0.0056636473
748129,0.44061768
748130,0.18697733
748131,0.9792511
748132,0.03865428
748133,0.111024566
748134,0.021080108
748135,0.15837781
748136,0.02542306
748137,0.5640728
748138,0.5123923
748139,0.15438905
748140,0.011434272
748141,0.21592905
748142,0.061822265
748143,0.99898463
748144,0.98609805
748145,0.9969014
748146,0.51121175
748147,0.9017746
748148,0.89147913
748149,0.19268508
748150,0.02389723
748151,0.91151017
748152,0.29596052
748153,0.98904353
748154,0.13138516
748155,0.41746494
748156,0.9510997
748157,0.59165895
748158,0.12905881
748159,0.11259477
748160,0.7776354
748161,0.9395151
748162,0.041694805
748163,0.948194
748164,0.9930443
748165,0.5354881
748166,0.795705
748167,0.9932365
748168,0.016137596
748169,0.87595797
748170,0.054230906
748171,0.1864045
748172,0.00583627
748173,0.08886845
748174,0.13891472
748175,0.9308911
748176,0.32860443
748177,0.9933119
748178,0.008634477
748179,0.45450327
748180,0.918547
748181,0.0044356035
748182,0.6445275
748183,0.2881626
748184,0.12525655
748185,0.04359427
748186,0.015373443
748187,0.12757745
748188,0.035438415
748189,0.061485413
748190,0.8120037
748191,0.33609897
748192,0.9610443
748193,0.0066452026
748194,0.4292049
748195,0.9783539
748196,0.78827846
748197,0.9949709
748198,0.82327545
748199,0.13327065
748200,0.25189912
748201,0.0069449763
748202,0.9852239
748203,0.8335797
748204,0.9993531
748205,0.9969115
748206,0.0064019742
748207,0.69136435
748208,0.76702935
748209,0.0013712922
748210,0.036219325
748211,0.95227504
748212,0.0037419982
748213,0.017260008
748214,0.99077445
748215,0.87758297
748216,0.2595259
748217,0.7739577
748218,0.21346283
748219,0.9865041
748220,0.9895947
748221,0.9881367
748222,0.020950694
748223,0.6689259
748224,0.48869956
748225,0.28900433
748226,0.1741894
748227,0.010365187
748228,0.8662275
748229,0.31187645
748230,0.03018699
748231,0.99374783
748232,0.9245489
748233,0.054485474
748234,0.005363278
748235,0.52394944
748236,0.35135487
748237,0.006220349
748238,0.95691615
748239,0.101914436
748240,0.9966548
748241,0.1608628
748242,0.22393288
748243,0.37036702
748244,0.051312223
748245,0.16623531
748246,0.64625984
748247,0.81039804
748248,0.5663525
748249,0.9949785
748250,0.13243145
748251,0.7674129
748252,0.006853603
748253,0.2136062
748254,0.10796413
748255,0.9961675
748256,0.9992312
748257,0.6347697
748258,0.096765615
748259,0.16552867
748260,0.19135092
748261,0.9687842
748262,0.38556898
748263,0.47067583
748264,0.7735894
748265,0.51029074
748266,0.008384922
748267,0.0074179526
748268,0.82978433
748269,0.03355602
748270,0.96138793
748271,0.17342949
748272,0.029874673
748273,0.89853287
748274,0.09206812
748275,0.07941111
748276,0.98543483
748277,0.36374304
748278,0.052679397
748279,0.025819685
748280,0.6925189
748281,0.10586521
748282,0.62164164
748283,0.027487494
748284,0.18544798
748285,0.22403567
748286,0.965809
748287,0.9907883
748288,0.009057713
748289,0.49969602
748290,0.4723133
748291,0.99532247
748292,0.017444856
748293,0.97091824
748294,0.46043205
748295,0.036771663
748296,0.014405506
748297,0.089578494
748298,0.98551744
748299,0.47425076
748300,0.011260285
748301,0.9597331
748302,0.9938144
748303,0.11108563
748304,0.9503293
748305,0.9812533
748306,0.9733212
748307,0.4925304
748308,0.15363796
748309,0.17504466
748310,0.9838023
748311,0.022721654
748312,0.026241474
748313,0.0021571713
748314,0.09009354
748315,0.96415925
748316,0.079013385
748317,0.009018641
748318,0.083783194
748319,0.06692242
748320,0.21961556
748321,0.2069697
748322,0.9808566
748323,0.1552265
748324,0.39832595
748325,0.035860866
748326,0.010490569
748327,0.0038901716
748328,0.98081195
748329,0.0102124605
748330,0.12021115
748331,0.039840292
748332,0.008421766
748333,0.017466571
748334,0.27849346
748335,0.8355916
748336,0.0045824526
748337,0.076000325
748338,0.9500731
748339,0.10031878
748340,0.6735036
748341,0.9961083
748342,0.9817161
748343,0.016045576
748344,0.09218714
748345,0.013493178
748346,0.053867355
748347,0.08738658
748348,0.15853429
748349,0.81957114
748350,0.96146774
748351,0.011502046
748352,0.87229836
748353,0.76235414
748354,0.022964824
748355,0.6869694
748356,0.023683788
748357,0.68423235
748358,0.038329765
748359,0.9892742
748360,0.025482701
748361,0.58172524
748362,0.09184592
748363,0.33286166
748364,0.95850444
748365,0.9431499
748366,0.9507576
748367,0.978384
748368,0.98929554
748369,0.99532104
748370,0.013068784
748371,0.9940008
748372,0.9487465
748373,0.01615649
748374,0.99202526
748375,0.007452219
748376,0.08715936
748377,0.8225813
748378,0.9234131
748379,0.99813527
748380,0.19758782
748381,0.9749882
748382,0.89708793
748383,0.99834013
748384,0.35459927
748385,0.7745549
748386,0.6820228
748387,0.3277546
748388,0.1331746
748389,0.9918619
748390,0.9094774
748391,0.011121606
748392,0.88275373
748393,0.012117198
748394,0.0074079465
748395,0.99267113
748396,0.07778488
748397,0.973095
748398,0.012506779
748399,0.99862987
748400,0.9663147
748401,0.3440898
748402,0.17950863
748403,0.93545794
748404,0.119631626
748405,0.18099797
748406,0.08462616
748407,0.0128873
748408,0.85361373
748409,0.857427
748410,0.9917816
748411,0.016767744
748412,0.012301495
748413,0.075988464
748414,0.9798584
748415,0.29545924
748416,0.9899328
748417,0.08022259
748418,0.9940896
748419,0.9969586
748420,0.6482985
748421,0.98545206
748422,0.23679405
748423,0.5639524
748424,0.9540141
748425,0.114607945
748426,0.9970111
748427,0.9656211
748428,0.008868553
748429,0.005923443
748430,0.2066366
748431,0.06728943
748432,0.1396529
748433,0.9728313
748434,0.9810765
748435,0.022735048
748436,0.7027379
748437,0.94976985
748438,0.026916288
748439,0.050752092
748440,0.78906435
748441,0.08043909
748442,0.073693365
748443,0.06067877
748444,0.69557166
748445,0.016993169
748446,0.99411714
748447,0.43211275
748448,0.83295465
748449,0.045371663
748450,0.66222036
748451,0.011028889
748452,0.036869
748453,0.12085021
748454,0.1277887
748455,0.05758643
748456,0.28719723
748457,0.7304787
748458,0.007859075
748459,0.9484937
748460,0.99451834
748461,0.25543144
748462,0.07956591
748463,0.9619422
748464,0.9724556
748465,0.074168764
748466,0.9890235
748467,0.027382305
748468,0.011893278
748469,0.03972635
748470,0.73285604
748471,0.032327134
748472,0.9573975
748473,0.9589665
748474,0.99781823
748475,0.19616556
748476,0.7070529
748477,0.25258642
748478,0.4958046
748479,0.50726897
748480,0.0149522675
748481,0.017733574
748482,0.9742743
748483,0.5458843
748484,0.029883344
748485,0.0025200457
748486,0.49103075
748487,0.036320545
748488,0.8732192
748489,0.016200582
748490,0.88501465
748491,0.8979876
748492,0.034108188
748493,0.36162868
748494,0.020751376
748495,0.12923199
748496,0.05895152
748497,0.8805412
748498,0.008033568
748499,0.45786414
748500,0.0038881914
748501,0.011579977
748502,0.0148517
748503,0.003893489
748504,0.95263857
748505,0.03999088
748506,0.9367196
748507,0.49781746
748508,0.75446045
748509,0.93804425
748510,0.16350922
748511,0.9938345
748512,0.09688146
748513,0.42810374
748514,0.4883401
748515,0.033593297
748516,0.9640491
748517,0.0047655487
748518,0.9605567
748519,0.7136818
748520,0.9907762
748521,0.97694445
748522,0.99820673
748523,0.1495982
748524,0.996975
748525,0.1745503
748526,0.008332304
748527,0.14566901
748528,0.0148195755
748529,0.09491819
748530,0.016014416
748531,0.99887544
748532,0.97016263
748533,0.018959211
748534,0.9649137
748535,0.778877
748536,0.9906176
748537,0.0408569
748538,0.9809516
748539,0.0064032553
748540,0.18222374
748541,0.9578837
748542,0.5669232
748543,0.21000077
748544,0.6908144
748545,0.53776073
748546,0.6327566
748547,0.015781052
748548,0.27296695
748549,0.13011767
748550,0.995307
748551,0.077319615
748552,0.9155958
748553,0.010798341
748554,0.5999347
748555,0.051701415
748556,0.14764827
748557,0.2575689
748558,0.9195045
748559,0.90250415
748560,0.21349363
748561,0.066437356
748562,0.011905561
748563,0.07628931
748564,0.06348811
748565,0.1936318
748566,0.1360113
748567,0.02920543
748568,0.019263733
748569,0.32945517
748570,0.0026271858
748571,0.8977287
748572,0.8411906
748573,0.002602587
748574,0.9006955
748575,0.7649345
748576,0.978705
748577,0.9888833
748578,0.11678301
748579,0.99902546
748580,0.091094434
748581,0.07826002
748582,0.36312115
748583,0.05047986
748584,0.9788352
748585,0.82280433
748586,0.70432514
748587,0.17494254
748588,0.004479128
748589,0.98667794
748590,0.93391377
748591,0.953052
748592,0.22611128
748593,0.12591302
748594,0.7382268
748595,0.09334877
748596,0.004253923
748597,0.9555528
748598,0.96647424
748599,0.9805995
748600,0.089105606
748601,0.41592437
748602,0.75534445
748603,0.9952659
748604,0.13489544
748605,0.9913725
748606,0.059379116
748607,0.004001409
748608,0.021616457
748609,0.36009085
748610,0.655
748611,0.39234483
748612,0.99359447
748613,0.030910209
748614,0.9971161
748615,0.97418463
748616,0.47004223
748617,0.95308053
748618,0.07409085
748619,0.993752
748620,0.9938317
748621,0.019856587
748622,0.037789036
748623,0.0059557236
748624,0.99263287
748625,0.3577525
748626,0.054897446
748627,0.995507
748628,0.028190097
748629,0.03554168
748630,0.9913989
748631,0.17027617
748632,0.020592608
748633,0.9913474
748634,0.19668852
748635,0.9891653
748636,0.99648774
748637,0.10299674
748638,0.17095368
748639,0.0077546206
748640,0.31925035
748641,0.8694418
748642,0.0030255055
748643,0.99708784
748644,0.9872222
748645,0.06767178
748646,0.110144705
748647,0.0646867
748648,0.5785669
748649,0.9685147
748650,0.9607741
748651,0.28543457
748652,0.83759975
748653,0.9975316
748654,0.7274301
748655,0.8279117
748656,0.9711828
748657,0.014761029
748658,0.012515763
748659,0.97693473
748660,0.01040338
748661,0.9838704
748662,0.3602454
748663,0.009155864
748664,0.25969917
748665,0.8031072
748666,0.99975884
748667,0.9669349
748668,0.8927506
748669,0.026947852
748670,0.01693555
748671,0.99535465
748672,0.93296546
748673,0.005184359
748674,0.12062972
748675,0.8664091
748676,0.05055327
748677,0.011369003
748678,0.09445701
748679,0.14677
748680,0.037969
748681,0.8058106
748682,0.9980038
748683,0.9764554
748684,0.9966948
748685,0.024677614
748686,0.5234773
748687,0.015709884
748688,0.0089398045
748689,0.9671427
748690,0.9362611
748691,0.98955595
748692,0.25410426
748693,0.008594825
748694,0.9400386
748695,0.0037462376
748696,0.04573237
748697,0.890368
748698,0.9945261
748699,0.015531298
748700,0.25921023
748701,0.14018017
748702,0.99326485
748703,0.009578027
748704,0.012562412
748705,0.08773883
748706,0.0018867857
748707,0.04669441
748708,0.94840467
748709,0.8492101
748710,0.98085594
748711,0.0028507733
748712,0.9642409
748713,0.058364756
748714,0.03044243
748715,0.9189971
748716,0.0049104616
748717,0.0089310575
748718,0.9631574
748719,0.042648945
748720,0.78648126
748721,0.029799398
748722,0.17350812
748723,0.19012667
748724,0.0050050872
748725,0.9663528
748726,0.97686684
748727,0.046285093
748728,0.028656181
748729,0.30711144
748730,0.99513173
748731,0.08024549
748732,0.02616526
748733,0.988914
748734,0.8728189
748735,0.94722825
748736,0.021873679
748737,0.9926087
748738,0.017811492
748739,0.9011434
748740,0.12804018
748741,0.33364588
748742,0.005405932
748743,0.9675162
748744,0.014034806
748745,0.35488918
748746,0.41685215
748747,0.024906218
748748,0.48396206
748749,0.020312577
748750,0.15437655
748751,0.17763329
748752,0.80805236
748753,0.96960455
748754,0.9892837
748755,0.044821564
748756,0.21673524
748757,0.98434556
748758,0.015743382
748759,0.9788613
748760,0.97003835
748761,0.29165256
748762,0.8876548
748763,0.003505405
748764,0.06452274
748765,0.03988229
748766,0.03377078
748767,0.009834331
748768,0.019009694
748769,0.945045
748770,0.99450976
748771,0.008886377
748772,0.71257305
748773,0.5109227
748774,0.8805076
748775,0.99282694
748776,0.72826463
748777,0.67896605
748778,0.96030116
748779,0.30231443
748780,0.26255542
748781,0.019166194
748782,0.71269906
748783,0.9951533
748784,0.051976055
748785,0.9960485
748786,0.981169
748787,0.95181715
748788,0.92232144
748789,0.007344848
748790,0.0032843181
748791,0.9991008
748792,0.3282472
748793,0.042404484
748794,0.26806298
748795,0.012129938
748796,0.52006114
748797,0.084028706
748798,0.97516614
748799,0.0026697158
748800,0.9787456
748801,0.039682273
748802,0.028889963
748803,0.4935078
748804,0.060734056
748805,0.66338533
748806,0.0485757
748807,0.96846044
748808,0.057758402
748809,0.949914
748810,0.1863772
748811,0.97979915
748812,0.29281145
748813,0.7041319
748814,0.8708435
748815,0.95462143
748816,0.052452423
748817,0.022275543
748818,0.73479944
748819,0.9957309
748820,0.006882646
748821,0.10062492
748822,0.10021214
748823,0.10461748
748824,0.0154450275
748825,0.34830585
748826,0.0042596376
748827,0.9885736
748828,0.9987484
748829,0.96176744
748830,0.03260339
748831,0.7225627
748832,0.9357418
748833,0.8433567
748834,0.92523617
748835,0.0093310885
748836,0.06286513
748837,0.045471273
748838,0.76840055
748839,0.22941652
748840,0.95142365
748841,0.86419857
748842,0.006214715
748843,0.9642564
748844,0.98355925
748845,0.9647175
748846,0.05775024
748847,0.9969553
748848,0.274226
748849,0.0144687975
748850,0.9779781
748851,0.011789646
748852,0.22712578
748853,0.008154966
748854,0.009525945
748855,0.74216187
748856,0.96555823
748857,0.9710501
748858,0.01133697
748859,0.10222361
748860,0.44432425
748861,0.018937778
748862,0.9992524
748863,0.005266507
748864,0.0065277265
748865,0.053501178
748866,0.011775099
748867,0.008715289
748868,0.9727956
748869,0.61785007
748870,0.0068643354
748871,0.91135824
748872,0.002232106
748873,0.123317964
748874,0.006402396
748875,0.90224993
748876,0.9865258
748877,0.0032756398
748878,0.0013135518
748879,0.9701138
748880,0.0059278547
748881,0.0072807064
748882,0.036838863
748883,0.17850515
748884,0.99720585
748885,0.28978372
748886,0.110413894
748887,0.0055903145
748888,0.25125635
748889,0.9980742
748890,0.9487826
748891,0.7078447
748892,0.028161261
748893,0.020964116
748894,0.6499823
748895,0.9637442
748896,0.7342581
748897,0.021471307
748898,0.04981621
748899,0.119360365
748900,0.99377215
748901,0.0078020245
748902,0.95175916
748903,0.004304656
748904,0.0068475753
748905,0.9759806
748906,0.0054422035
748907,0.62089294
748908,0.9906337
748909,0.21185072
748910,0.99512875
748911,0.92595565
748912,0.9880684
748913,0.18556596
748914,0.0025621068
748915,0.9011519
748916,0.093031354
748917,0.89586425
748918,0.99349076
748919,0.6342256
748920,0.04119975
748921,0.9727894
748922,0.07010992
748923,0.03750059
748924,0.38048792
748925,0.07663958
748926,0.9268315
748927,0.080991305
748928,0.8032487
748929,0.70570534
748930,0.9201573
748931,0.9098589
748932,0.029482555
748933,0.23704387
748934,0.43320605
748935,0.043812573
748936,0.56444967
748937,0.97124195
748938,0.5984855
748939,0.026627861
748940,0.0036918796
748941,0.07023945
748942,0.29222685
748943,0.83901757
748944,0.28773046
748945,0.9798151
748946,0.99276245
748947,0.6224646
748948,0.23920102
748949,0.036562115
748950,0.95817125
748951,0.41946813
748952,0.09659179
748953,0.46444008
748954,0.011265464
748955,0.9878626
748956,0.9906945
748957,0.9977452
748958,0.9379546
748959,0.013090488
748960,0.16318944
748961,0.21336985
748962,0.20868948
748963,0.9752202
748964,0.96541023
748965,0.853845
748966,0.2846304
748967,0.99738204
748968,0.468183
748969,0.026654352
748970,0.99472845
748971,0.98291487
748972,0.95584106
748973,0.00807622
748974,0.95515656
748975,0.013462942
748976,0.082545586
748977,0.032649696
748978,0.86270356
748979,0.8849158
748980,0.011400768
748981,0.99913275
748982,0.8840192
748983,0.78549445
748984,0.99809337
748985,0.0040590386
748986,0.13945735
748987,0.8706374
748988,0.39058012
748989,0.9964087
748990,0.7556566
748991,0.52599454
748992,0.9739573
748993,0.036623895
748994,0.89930534
748995,0.012156095
748996,0.9613681
748997,0.95589554
748998,0.2588732
748999,0.9363811
749000,0.9799713
749001,0.9980394
749002,0.99770725
749003,0.73817444
749004,0.9442223
749005,0.10550727
749006,0.0034019535
749007,0.02930332
749008,0.979326
749009,0.017853124
749010,0.97579134
749011,0.21310556
749012,0.9842319
749013,0.99750817
749014,0.83024025
749015,0.038767282
749016,0.99947524
749017,0.011420714
749018,0.14340834
749019,0.085459456
749020,0.9734815
749021,0.11889422
749022,0.9673876
749023,0.95405614
749024,0.031161677
749025,0.10854238
749026,0.054599866
749027,0.014013365
749028,0.9137336
749029,0.16635574
749030,0.92341673
749031,0.9919421
749032,0.07943449
749033,0.06441367
749034,0.06263521
749035,0.09012456
749036,0.80861044
749037,0.9668189
749038,0.1357532
749039,0.992303
749040,0.035236657
749041,0.005332825
749042,0.67198354
749043,0.041371007
749044,0.21059188
749045,0.73408973
749046,0.03401173
749047,0.6676471
749048,0.91386783
749049,0.72427213
749050,0.97855794
749051,0.013015
749052,0.55187374
749053,0.98257816
749054,0.07248846
749055,0.9942753
749056,0.014682896
749057,0.87785256
749058,0.54542017
749059,0.43446702
749060,0.03302323
749061,0.032340806
749062,0.027703926
749063,0.9920596
749064,0.9929759
749065,0.013074066
749066,0.061397947
749067,0.9735169
749068,0.88856184
749069,0.29633868
749070,0.95465034
749071,0.08487885
749072,0.07040722
749073,0.06761585
749074,0.7847209
749075,0.017626882
749076,0.026074631
749077,0.5108333
749078,0.008951964
749079,0.9025496
749080,0.9622272
749081,0.9593042
749082,0.9931451
749083,0.010293724
749084,0.18248811
749085,0.016298447
749086,0.99192977
749087,0.056677163
749088,0.86629134
749089,0.90096074
749090,0.30242428
749091,0.010345664
749092,0.012822493
749093,0.9719148
749094,0.83723515
749095,0.9720876
749096,0.9991885
749097,0.019002993
749098,0.014555498
749099,0.8914157
749100,0.9743962
749101,0.8884608
749102,0.0942775
749103,0.013109378
749104,0.14251067
749105,0.019990463
749106,0.19403943
749107,0.83998007
749108,0.85021526
749109,0.025637258
749110,0.26607168
749111,0.030209776
749112,0.034102026
749113,0.9826296
749114,0.09136064
749115,0.96149594
749116,0.9910449
749117,0.042821683
749118,0.025923222
749119,0.88030654
749120,0.012306728
749121,0.79946727
749122,0.17259976
749123,0.14521949
749124,0.6913235
749125,0.110280894
749126,0.96087724
749127,0.24379376
749128,0.7418776
749129,0.12185644
749130,0.5889802
749131,0.006825042
749132,0.11241788
749133,0.5889051
749134,0.010456433
749135,0.040251497
749136,0.007984832
749137,0.06667335
749138,0.39746284
749139,0.15860626
749140,0.63700867
749141,0.81990117
749142,0.98904705
749143,0.03500082
749144,0.016060863
749145,0.033382446
749146,0.024539875
749147,0.15061004
749148,0.8698814
749149,0.9919205
749150,0.34269452
749151,0.01796326
749152,0.05521844
749153,0.011957542
749154,0.5738337
749155,0.9894508
749156,0.99192625
749157,0.9691553
749158,0.9227468
749159,0.074195154
749160,0.019950707
749161,0.058444545
749162,0.9978349
749163,0.9896375
749164,0.74100757
749165,0.9827528
749166,0.10317184
749167,0.43168887
749168,0.9386713
749169,0.7559737
749170,0.59438384
749171,0.81027406
749172,0.018522486
749173,0.99175525
749174,0.011744885
749175,0.164275
749176,0.68067586
749177,0.8933524
749178,0.08741727
749179,0.02774909
749180,0.83440316
749181,0.9926648
749182,0.0036501554
749183,0.027758554
749184,0.9925813
749185,0.89817333
749186,0.03253562
749187,0.79833746
749188,0.9726685
749189,0.99896055
749190,0.68058217
749191,0.6335567
749192,0.96733177
749193,0.9155337
749194,0.72591203
749195,0.026904296
749196,0.35129058
749197,0.60472476
749198,0.020547763
749199,0.109491624
749200,0.42749715
749201,0.24719636
749202,0.9563422
749203,0.95483017
749204,0.9976605
749205,0.008172133
749206,0.14809641
749207,0.028070353
749208,0.95830965
749209,0.035798877
749210,0.9637808
749211,0.7425188
749212,0.28628385
749213,0.15743594
749214,0.0045745964
749215,0.96963423
749216,0.008158738
749217,0.31694746
749218,0.8679118
749219,0.9969969
749220,0.96459085
749221,0.034800902
749222,0.012620661
749223,0.021855835
749224,0.015406183
749225,0.00853698
749226,0.02676033
749227,0.99213153
749228,0.9763428
749229,0.13807432
749230,0.94037366
749231,0.82710457
749232,0.99775046
749233,0.04511744
749234,0.55338883
749235,0.016134415
749236,0.20240428
749237,0.9772173
749238,0.05933594
749239,0.13108586
749240,0.005276519
749241,0.24921401
749242,0.008716283
749243,0.044283517
749244,0.29811704
749245,0.08252523
749246,0.3538424
749247,0.5675909
749248,0.3068795
749249,0.009562559
749250,0.8330686
749251,0.046871867
749252,0.006841724
749253,0.007271072
749254,0.99839586
749255,0.083742976
749256,0.078577355
749257,0.014456153
749258,0.9906124
749259,0.11771535
749260,0.037354358
749261,0.039852947
749262,0.9728653
749263,0.9454431
749264,0.12704398
749265,0.9802147
749266,0.96593165
749267,0.90342736
749268,0.9958749
749269,0.056414623
749270,0.9786054
749271,0.7154867
749272,0.9939153
749273,0.28073275
749274,0.0054173027
749275,0.8544616
749276,0.56511
749277,0.027868822
749278,0.36757982
749279,0.0063759717
749280,0.09965736
749281,0.0019488258
749282,0.9987664
749283,0.86151344
749284,0.31219053
749285,0.91501456
749286,0.021169906
749287,0.9891827
749288,0.014329046
749289,0.98303545
749290,0.9361476
749291,0.00153816
749292,0.9517194
749293,0.8678637
749294,0.122681625
749295,0.01567439
749296,0.99510837
749297,0.027073316
749298,0.3414243
749299,0.4660444
749300,0.019147804
749301,0.026815163
749302,0.01586238
749303,0.9584136
749304,0.97563833
749305,0.24474621
749306,0.96470904
749307,0.9520689
749308,0.1709732
749309,0.8417543
749310,0.35044613
749311,0.005714562
749312,0.012628907
749313,0.08640129
749314,0.0059276624
749315,0.030935027
749316,0.076178886
749317,0.00957062
749318,0.8310609
749319,0.074601576
749320,0.98134553
749321,0.024949703
749322,0.991361
749323,0.033945374
749324,0.30320457
749325,0.20704377
749326,0.86046827
749327,0.8764219
749328,0.99485064
749329,0.00434259
749330,0.003988456
749331,0.0079776235
749332,0.008845065
749333,0.4513963
749334,0.9985052
749335,0.00049038656
749336,0.29387468
749337,0.56738126
749338,0.27663362
749339,0.99343807
749340,0.21578299
749341,0.62793976
749342,0.09787504
749343,0.2411346
749344,0.05209232
749345,0.5702871
749346,0.08563238
749347,0.02431241
749348,0.045090947
749349,0.15312874
749350,0.9949165
749351,0.18507883
749352,0.6326065
749353,0.9966806
749354,0.030252824
749355,0.03245057
749356,0.2174027
749357,0.9986444
749358,0.93878317
749359,0.02394465
749360,0.85735524
749361,0.034305204
749362,0.020876108
749363,0.9206327
749364,0.005619055
749365,0.20252858
749366,0.32589602
749367,0.16813454
749368,0.088805
749369,0.30318576
749370,0.99542844
749371,0.07144545
749372,0.31909832
749373,0.0059953555
749374,0.9978514
749375,0.008897078
749376,0.010608717
749377,0.016885035
749378,0.9679684
749379,0.02962692
749380,0.027150178
749381,0.8740719
749382,0.006246378
749383,0.9396384
749384,0.6582382
749385,0.05848625
749386,0.27297035
749387,0.0014336025
749388,0.7535287
749389,0.065525286
749390,0.95259845
749391,0.9780523
749392,0.27751458
749393,0.017783737
749394,0.986194
749395,0.043112285
749396,0.49062887
749397,0.99906296
749398,0.32849294
749399,0.08654939
749400,0.98753566
749401,0.0076741446
749402,0.0009773683
749403,0.0033997183
749404,0.9812023
749405,0.564189
749406,0.50528955
749407,0.94710356
749408,0.71619666
749409,0.9718279
749410,0.06467032
749411,0.8041452
749412,0.5367251
749413,0.81905985
749414,0.82923955
749415,0.36332583
749416,0.0797587
749417,0.034490585
749418,0.04901953
749419,0.09193422
749420,0.01872591
749421,0.9824407
749422,0.11364697
749423,0.17055865
749424,0.07359071
749425,0.9861976
749426,0.09117949
749427,0.98642987
749428,0.25672296
749429,0.30045956
749430,0.012399987
749431,0.53995484
749432,0.99137986
749433,0.9160647
749434,0.2862685
749435,0.021867279
749436,0.96833503
749437,0.61497015
749438,0.9511182
749439,0.011763752
749440,0.10466684
749441,0.98594284
749442,0.8796555
749443,0.14327791
749444,0.008298985
749445,0.08072249
749446,0.1110383
749447,0.033504013
749448,0.0089003295
749449,0.9279686
749450,0.99470556
749451,0.02139245
749452,0.99318206
749453,0.008722364
749454,0.99043226
749455,0.9884052
749456,0.9982542
749457,0.29785186
749458,0.9024396
749459,0.9701016
749460,0.8340024
749461,0.98873466
749462,0.68999344
749463,0.9823697
749464,0.9405159
749465,0.08554275
749466,0.95723045
749467,0.45387137
749468,0.038012113
749469,0.16520485
749470,0.0053960662
749471,0.14401862
749472,0.6302677
749473,0.006720418
749474,0.84014356
749475,0.41555807
749476,0.9910245
749477,0.004630292
749478,0.99824226
749479,0.0070502236
749480,0.865759
749481,0.22434652
749482,0.99714434
749483,0.98548883
749484,0.9517795
749485,0.9957993
749486,0.8422517
749487,0.14688782
749488,0.23015851
749489,0.9568722
749490,0.1274982
749491,0.018229408
749492,0.03443038
749493,0.7821641
749494,0.9622381
749495,0.038528115
749496,0.972625
749497,0.007553663
749498,0.976918
749499,0.7631336
749500,0.9972234
749501,0.12240346
749502,0.9928241
749503,0.6825521
749504,0.011334496
749505,0.9846321
749506,0.15515703
749507,0.98660207
749508,0.65672624
749509,0.79318374
749510,0.21677786
749511,0.9674362
749512,0.008396669
749513,0.03547086
749514,0.028365567
749515,0.715106
749516,0.99853015
749517,0.13535765
749518,0.9518373
749519,0.012254184
749520,0.5758507
749521,0.07635458
749522,0.9514142
749523,0.98168904
749524,0.0006809755
749525,0.9938773
749526,0.09286463
749527,0.9667112
749528,0.9334758
749529,0.015716242
749530,0.4328211
749531,0.05027424
749532,0.21263804
749533,0.6566293
749534,0.011013949
749535,0.9954764
749536,0.0033580428
749537,0.89477843
749538,0.9942951
749539,0.021689514
749540,0.06381222
749541,0.7090329
749542,0.0056338566
749543,0.193353
749544,0.5605432
749545,0.50219256
749546,0.5459527
749547,0.49733746
749548,0.99811494
749549,0.1994572
749550,0.0066568106
749551,0.73836577
749552,0.011052093
749553,0.09240382
749554,0.014166059
749555,0.60747224
749556,0.011971057
749557,0.03138309
749558,0.18763371
749559,0.7763349
749560,0.012831671
749561,0.21740825
749562,0.3517115
749563,0.9850427
749564,0.014979201
749565,0.6960107
749566,0.66751516
749567,0.996753
749568,0.980351
749569,0.044680804
749570,0.011410158
749571,0.062149663
749572,0.019942312
749573,0.9813615
749574,0.0028402933
749575,0.08156918
749576,0.005572294
749577,0.044253744
749578,0.88565147
749579,0.014387874
749580,0.10914905
749581,0.95846766
749582,0.031642433
749583,0.0046628704
749584,0.008679116
749585,0.0077466285
749586,0.30824178
749587,0.1341855
749588,0.01336501
749589,0.1623165
749590,0.5488601
749591,0.7742696
749592,0.011274799
749593,0.036316097
749594,0.69084316
749595,0.22332409
749596,0.91622883
749597,0.9792692
749598,0.920993
749599,0.021620534
749600,0.008831197
749601,0.48071155
749602,0.026670225
749603,0.12719885
749604,0.05188767
749605,0.99740756
749606,0.032132275
749607,0.74150705
749608,0.6974415
749609,0.28959128
749610,0.8886883
749611,0.28265288
749612,0.2951579
749613,0.25149143
749614,0.9870232
749615,0.008705434
749616,0.027556878
749617,0.016516846
749618,0.15593293
749619,0.0061572753
749620,0.02424765
749621,0.8068031
749622,0.9725415
749623,0.3403442
749624,0.9939835
749625,0.03734343
749626,0.0062174406
749627,0.8999743
749628,0.9393761
749629,0.12268446
749630,0.03656995
749631,0.08926264
749632,0.043403164
749633,0.013646331
749634,0.01828536
749635,0.63442016
749636,0.923557
749637,0.10570041
749638,0.10398473
749639,0.02972154
749640,0.99391973
749641,0.7867229
749642,0.6518744
749643,0.95675755
749644,0.80792385
749645,0.0016835916
749646,0.98219585
749647,0.0074313222
749648,0.00491299
749649,0.99884
749650,0.01804273
749651,0.738075
749652,0.06465418
749653,0.03360713
749654,0.9835198
749655,0.9978198
749656,0.04133014
749657,0.6373387
749658,0.19978622
749659,0.99675316
749660,0.0504504
749661,0.9695128
749662,0.023179699
749663,0.4835088
749664,0.98097944
749665,0.13165495
749666,0.6614177
749667,0.00487839
749668,0.86283576
749669,0.989712
749670,0.039382562
749671,0.7869593
749672,0.99470645
749673,0.015611505
749674,0.050825786
749675,0.011975955
749676,0.8136847
749677,0.005766579
749678,0.9803621
749679,0.9310829
749680,0.98442805
749681,0.52470356
749682,0.18602228
749683,0.6616193
749684,0.6553289
749685,0.674791
749686,0.08736024
749687,0.539823
749688,0.99609005
749689,0.008402119
749690,0.9950508
749691,0.08055366
749692,0.009426379
749693,0.25525004
749694,0.02332578
749695,0.043082416
749696,0.92441434
749697,0.019450434
749698,0.43423826
749699,0.955563
749700,0.46019477
749701,0.7285838
749702,0.31771153
749703,0.22624215
749704,0.047478728
749705,0.016609645
749706,0.71485996
749707,0.14318219
749708,0.006312048
749709,0.9786363
749710,0.99737144
749711,0.070339374
749712,0.812451
749713,0.04340199
749714,0.035566196
749715,0.047362387
749716,0.03002141
749717,0.1473384
749718,0.0027209353
749719,0.99808896
749720,0.9861505
749721,0.0045581143
749722,0.85504663
749723,0.022063605
749724,0.14747947
749725,0.9722345
749726,0.015690798
749727,0.9885503
749728,0.06609462
749729,0.010258549
749730,0.026200209
749731,0.087595955
749732,0.9989064
749733,0.05202253
749734,0.14951488
749735,0.80028754
749736,0.0077949027
749737,0.9754871
749738,0.3269441
749739,0.9609392
749740,0.94113845
749741,0.028635371
749742,0.16867559
749743,0.032536637
749744,0.96376544
749745,0.6019828
749746,0.022133052
749747,0.028221961
749748,0.9888633
749749,0.23762567
749750,0.049792595
749751,0.90893185
749752,0.03646483
749753,0.6853901
749754,0.97691345
749755,0.15268539
749756,0.008590754
749757,0.16163357
749758,0.99493307
749759,0.10893021
749760,0.64087087
749761,0.71611106
749762,0.011580616
749763,0.022660533
749764,0.111259036
749765,0.8873304
749766,0.005537066
749767,0.007904936
749768,0.03498231
749769,0.5870008
749770,0.012377126
749771,0.092218705
749772,0.99305296
749773,0.07306534
749774,0.16629177
749775,0.12806837
749776,0.0424447
749777,0.92760354
749778,0.28481746
749779,0.5032332
749780,0.0068411985
749781,0.13322358
749782,0.19165373
749783,0.19039553
749784,0.0022670433
749785,0.9791217
749786,0.01932316
749787,0.12961677
749788,0.90600544
749789,0.8337069
749790,0.018901292
749791,0.012273721
749792,0.9883595
749793,0.7319035
749794,0.97909147
749795,0.24307403
749796,0.8054541
749797,0.94186264
749798,0.94309485
749799,0.020922698
749800,0.056865476
749801,0.0030630562
749802,0.93280876
749803,0.35534707
749804,0.015597055
749805,0.938442
749806,0.010560839
749807,0.923149
749808,0.059497755
749809,0.1068936
749810,0.1596197
749811,0.01033309
749812,0.08954653
749813,0.015124541
749814,0.99796283
749815,0.058047455
749816,0.031880736
749817,0.4451141
749818,0.9604194
749819,0.012273066
749820,0.66794044
749821,0.096689284
749822,0.56012356
749823,0.39260685
749824,0.71227664
749825,0.15865856
749826,0.9577569
749827,0.96939987
749828,0.10803951
749829,0.094234966
749830,0.16900715
749831,0.9950969
749832,0.9885026
749833,0.9582008
749834,0.006725189
749835,0.1870591
749836,0.22568941
749837,0.9719165
749838,0.0036760226
749839,0.28018087
749840,0.48819023
749841,0.28107938
749842,0.9215472
749843,0.90937793
749844,0.27875757
749845,0.7539301
749846,0.016766774
749847,0.9921737
749848,0.20922506
749849,0.28508154
749850,0.11869612
749851,0.35396537
749852,0.050586484
749853,0.04788217
749854,0.12871234
749855,0.99045634
749856,0.6091989
749857,0.9651084
749858,0.028859109
749859,0.99704844
749860,0.17766798
749861,0.08304237
749862,0.8831977
749863,0.08884218
749864,0.02114641
749865,0.9767115
749866,0.021567738
749867,0.015696451
749868,0.0833357
749869,0.9868018
749870,0.42626706
749871,0.08937919
749872,0.014388953
749873,0.028733585
749874,0.83096004
749875,0.005956745
749876,0.007899234
749877,0.040816948
749878,0.9599534
749879,0.19031854
749880,0.9478271
749881,0.16712657
749882,0.9972529
749883,0.9538175
749884,0.055896915
749885,0.99085164
749886,0.75626445
749887,0.5340207
749888,0.035439014
749889,0.97123265
749890,0.5966687
749891,0.5198176
749892,0.638507
749893,0.08313444
749894,0.13223845
749895,0.028601551
749896,0.01709148
749897,0.39295882
749898,0.3632031
749899,0.90551424
749900,0.0092194695
749901,0.67580277
749902,0.004929168
749903,0.7780686
749904,0.0044442657
749905,0.9848028
749906,0.40479442
749907,0.05303262
749908,0.17634799
749909,0.04337341
749910,0.9657172
749911,0.014131485
749912,0.116066195
749913,0.011429389
749914,0.3298418
749915,0.48452646
749916,0.9945463
749917,0.96247107
749918,0.008558922
749919,0.98438466
749920,0.013744724
749921,0.9726727
749922,0.926993
749923,0.0061689103
749924,0.074123144
749925,0.0052852295
749926,0.6239262
749927,0.07726335
749928,0.0187589
749929,0.8153525
749930,0.7532058
749931,0.7359171
749932,0.01725647
749933,0.51489866
749934,0.93844175
749935,0.12673503
749936,0.0012228494
749937,0.011293635
749938,0.7978569
749939,0.45928824
749940,0.9558375
749941,0.9272086
749942,0.4981276
749943,0.5078865
749944,0.953853
749945,0.019180171
749946,0.5697912
749947,0.032270677
749948,0.089341104
749949,0.1103809
749950,0.1119744
749951,0.8945586
749952,0.9920608
749953,0.9948052
749954,0.22380325
749955,0.027080398
749956,0.85245395
749957,0.31055528
749958,0.011778472
749959,0.052281164
749960,0.07842929
749961,0.1370529
749962,0.002323635
749963,0.029781558
749964,0.86787343
749965,0.9537518
749966,0.043907344
749967,0.014138141
749968,0.09185537
749969,0.16043341
749970,0.65314466
749971,0.057997998
749972,0.9884567
749973,0.11371168
749974,0.9987603
749975,0.7361314
749976,0.958356
749977,0.9945477
749978,0.008307196
749979,0.011804722
749980,0.06583841
749981,0.14320265
749982,0.2557386
749983,0.026493007
749984,0.0046933256
749985,0.87984616
749986,0.06826491
749987,0.0067079905
749988,0.70760083
749989,0.117069915
749990,0.008356401
749991,0.9580646
749992,0.99758756
749993,0.5133083
749994,0.007870032
749995,0.5685638
749996,0.9902909
749997,0.18824369
749998,0.92269325
749999,0.09926481
750000,0.9923347
750001,0.24799863
750002,0.80054957
750003,0.99638194
750004,0.124167554
750005,0.0644359
750006,0.41085517
750007,0.42502087
750008,0.99951845
750009,0.9948763
750010,0.022535097
750011,0.6989708
750012,0.92654383
750013,0.0046087336
750014,0.026805433
750015,0.9029241
750016,0.9459408
750017,0.3018223
750018,0.9963141
750019,0.16201468
750020,0.9969207
750021,0.22697115
750022,0.9882542
750023,0.65650856
750024,0.026223615
750025,0.15050004
750026,0.010789098
750027,0.044997543
750028,0.16917711
750029,0.6249983
750030,0.0073484466
750031,0.36325803
750032,0.0859621
750033,0.99795127
750034,0.717449
750035,0.9974396
750036,0.98129183
750037,0.031382073
750038,0.49818853
750039,0.19043313
750040,0.98783064
750041,0.02554164
750042,0.011155552
750043,0.91453546
750044,0.0040446445
750045,0.16582133
750046,0.006072587
750047,0.97641474
750048,0.0037110485
750049,0.25627863
750050,0.07297011
750051,0.9458144
750052,0.991603
750053,0.94068074
750054,0.14306635
750055,0.9294182
750056,0.99810773
750057,0.45895433
750058,0.9916801
750059,0.019242914
750060,0.17181168
750061,0.9298549
750062,0.99396193
750063,0.15830357
750064,0.014695275
750065,0.008212663
750066,0.9919269
750067,0.8525466
750068,0.9341286
750069,0.9495168
750070,0.97548854
750071,0.07990184
750072,0.77388513
750073,0.008868039
750074,0.98855025
750075,0.63691294
750076,0.51090944
750077,0.20786262
750078,0.49397543
750079,0.0036349155
750080,0.015989225
750081,0.97151595
750082,0.17126632
750083,0.010715611
750084,0.06424768
750085,0.06980066
750086,0.21256775
750087,0.0055447696
750088,0.99188435
750089,0.122708745
750090,0.530197
750091,0.9643345
750092,0.016517747
750093,0.0046800943
750094,0.5282175
750095,0.46778667
750096,0.26772144
750097,0.99803424
750098,0.70758647
750099,0.991926
750100,0.9785371
750101,0.9368699
750102,0.017335525
750103,0.9697487
750104,0.9980665
750105,0.98716015
750106,0.9082572
750107,0.43651694
750108,0.020283736
750109,0.85671234
750110,0.10548577
750111,0.739182
750112,0.94836485
750113,0.10186176
750114,0.78790605
750115,0.053939223
750116,0.025908208
750117,0.89037985
750118,0.861424
750119,0.09177382
750120,0.9980409
750121,0.08565238
750122,0.015112328
750123,0.8037884
750124,0.04054989
750125,0.907075
750126,0.9915142
750127,0.011834085
750128,0.018256407
750129,0.94865406
750130,0.029353203
750131,0.758885
750132,0.9992599
750133,0.43780005
750134,0.7919051
750135,0.09711176
750136,0.12301697
750137,0.064996414
750138,0.009279592
750139,0.9950923
750140,0.017474046
750141,0.11280565
750142,0.43711597
750143,0.052278735
750144,0.0082024
750145,0.0057541374
750146,0.99107265
750147,0.99911445
750148,0.9906951
750149,0.9972507
750150,0.037673157
750151,0.9061754
750152,0.043737426
750153,0.99363214
750154,0.026700411
750155,0.8708705
750156,0.025766488
750157,0.7782646
750158,0.92146367
750159,0.08728552
750160,0.9964836
750161,0.2040078
750162,0.9855724
750163,0.056688562
750164,0.99698955
750165,0.006146653
750166,0.99440897
750167,0.8303234
750168,0.3935684
750169,0.004304675
750170,0.81437564
750171,0.94996417
750172,0.30528635
750173,0.0007974436
750174,0.011067621
750175,0.94588333
750176,0.9939731
750177,0.9872459
750178,0.96851087
750179,0.93622625
750180,0.5691719
750181,0.0648342
750182,0.3897664
750183,0.7835181
750184,0.0053018746
750185,0.9749
750186,0.027114412
750187,0.9962296
750188,0.0016731294
750189,0.9742699
750190,0.011043064
750191,0.87976885
750192,0.022174064
750193,0.021272603
750194,0.060777802
750195,0.16738455
750196,0.9969617
750197,0.9574909
750198,0.33324403
750199,0.998537
750200,0.0059211347
750201,0.16164485
750202,0.93846107
750203,0.66865
750204,0.9562627
750205,0.9576268
750206,0.47006223
750207,0.5753093
750208,0.048070144
750209,0.97692907
750210,0.055230796
750211,0.98664415
750212,0.09137419
750213,0.10647867
750214,0.20169075
750215,0.010007076
750216,0.0023482135
750217,0.9753418
750218,0.91280705
750219,0.00727865
750220,0.85730195
750221,0.9977827
750222,0.14045772
750223,0.013452984
750224,0.011549954
750225,0.48104423
750226,0.2348561
750227,0.9933165
750228,0.18400946
750229,0.9807116
750230,0.007915852
750231,0.99603033
750232,0.00906582
750233,0.8533428
750234,0.047889598
750235,0.9144802
750236,0.29730648
750237,0.071202524
750238,0.8989918
750239,0.9076106
750240,0.015464736
750241,0.18109404
750242,0.6738729
750243,0.0098956255
750244,0.20635603
750245,0.1539533
750246,0.028782789
750247,0.9639342
750248,0.21567574
750249,0.1625913
750250,0.8729297
750251,0.7967844
750252,0.77381897
750253,0.4385711
750254,0.14095266
750255,0.2440513
750256,0.75818163
750257,0.17158929
750258,0.059177093
750259,0.0037239804
750260,0.72799754
750261,0.5581429
750262,0.7610397
750263,0.100172386
750264,0.9975506
750265,0.09329112
750266,0.9955042
750267,0.9919115
750268,0.15530147
750269,0.09260948
750270,0.06560883
750271,0.004691148
750272,0.95717967
750273,0.91295713
750274,0.021035537
750275,0.99656785
750276,0.2593177
750277,0.119913965
750278,0.9835745
750279,0.70192707
750280,0.003550491
750281,0.92498004
750282,0.02708134
750283,0.6042758
750284,0.34528694
750285,0.18069263
750286,0.46806815
750287,0.9854347
750288,0.10784468
750289,0.99457294
750290,0.011712853
750291,0.991968
750292,0.027274856
750293,0.019771446
750294,0.9943914
750295,0.2084111
750296,0.9987381
750297,0.4943454
750298,0.36107454
750299,0.928186
750300,0.041831363
750301,0.8254562
750302,0.1451339
750303,0.12896377
750304,0.2580328
750305,0.0196413
750306,0.017767072
750307,0.991311
750308,0.43963215
750309,0.9896941
750310,0.07277653
750311,0.9962027
750312,0.003256852
750313,0.99640423
750314,0.7936374
750315,0.9930746
750316,0.27256897
750317,0.9687935
750318,0.010383738
750319,0.016757874
750320,0.096757755
750321,0.020366453
750322,0.0070433896
750323,0.014349341
750324,0.010027363
750325,0.09271172
750326,0.009045358
750327,0.023329318
750328,0.07608514
750329,0.43992096
750330,0.48310483
750331,0.3948471
750332,0.04039696
750333,0.5033438
750334,0.0058797244
750335,0.013601407
750336,0.9641591
750337,0.9929746
750338,0.9342832
750339,0.69585764
750340,0.008072944
750341,0.026118156
750342,0.84137505
750343,0.17604035
750344,0.799524
750345,0.8487328
750346,0.019113738
750347,0.78171325
750348,0.0306633
750349,0.26592025
750350,0.99531114
750351,0.016355712
750352,0.43958092
750353,0.9932505
750354,0.46762842
750355,0.9950828
750356,0.06005317
750357,0.24058563
750358,0.15514557
750359,0.010986719
750360,0.9922573
750361,0.992311
750362,0.12964487
750363,0.46663928
750364,0.95229334
750365,0.9961272
750366,0.9413847
750367,0.06728086
750368,0.34807792
750369,0.95270807
750370,0.020079205
750371,0.008883261
750372,0.011393399
750373,0.8870855
750374,0.9800478
750375,0.0052835145
750376,0.9768151
750377,0.996987
750378,0.041365497
750379,0.8775834
750380,0.9847591
750381,0.9825476
750382,0.013015678
750383,0.8634449
750384,0.007949676
750385,0.013647688
750386,0.018453322
750387,0.9202544
750388,0.95399916
750389,0.97200805
750390,0.019006636
750391,0.28588244
750392,0.98972344
750393,0.95254576
750394,0.9868475
750395,0.014106581
750396,0.9489076
750397,0.9909948
750398,0.0023688874
750399,0.9811226
750400,0.0061260657
750401,0.9775308
750402,0.57463694
750403,0.9191642
750404,0.03013353
750405,0.6620172
750406,0.9646316
750407,0.0058208453
750408,0.0016399885
750409,0.9712716
750410,0.99157524
750411,0.025563333
750412,0.0036498525
750413,0.13485786
750414,0.58132184
750415,0.022398654
750416,0.021688692
750417,0.9764357
750418,0.96482193
750419,0.99265337
750420,0.027837615
750421,0.9841586
750422,0.8648081
750423,0.991204
750424,0.9636679
750425,0.02446899
750426,0.04238382
750427,0.5324335
750428,0.006683612
750429,0.95247227
750430,0.010778481
750431,0.99495137
750432,0.010416403
750433,0.9767824
750434,0.997332
750435,0.98914367
750436,0.96341074
750437,0.9916755
750438,0.6310191
750439,0.0014410646
750440,0.21771221
750441,0.8765623
750442,0.96858853
750443,0.4830405
750444,0.32198805
750445,0.9205298
750446,0.7696669
750447,0.03122618
750448,0.040255286
750449,0.95732486
750450,0.84068084
750451,0.8695425
750452,0.8067861
750453,0.005293458
750454,0.04419177
750455,0.01063162
750456,0.99657345
750457,0.014687799
750458,0.99560964
750459,0.94773155
750460,0.8786901
750461,0.49589825
750462,0.056096636
750463,0.9512129
750464,0.09751954
750465,0.94110173
750466,0.9518793
750467,0.99918485
750468,0.055485047
750469,0.010855975
750470,0.9553409
750471,0.03413728
750472,0.07428636
750473,0.28171542
750474,0.009012114
750475,0.134312
750476,0.55407786
750477,0.02725165
750478,0.993971
750479,0.02799772
750480,0.2893493
750481,0.9966526
750482,0.0036124492
750483,0.8020011
750484,0.29485098
750485,0.98959744
750486,0.044150587
750487,0.09082532
750488,0.008805079
750489,0.14150095
750490,0.58172554
750491,0.9906087
750492,0.09910162
750493,0.99559736
750494,0.0061269635
750495,0.9966332
750496,0.15886849
750497,0.74704397
750498,0.45877814
750499,0.08517776
750500,0.40765488
750501,0.02123274
750502,0.008468619
750503,0.183767
750504,0.001088574
750505,0.99441046
750506,0.090573326
750507,0.010154836
750508,0.6061005
750509,0.9386933
750510,0.014270619
750511,0.028044686
750512,0.97152174
750513,0.99739814
750514,0.9624994
750515,0.015986945
750516,0.42436418
750517,0.89698154
750518,0.008795516
750519,0.0061916676
750520,0.98439145
750521,0.029068418
750522,0.0035789018
750523,0.17719528
750524,0.027675295
750525,0.52055573
750526,0.043036383
750527,0.013521258
750528,0.7369886
750529,0.03495182
750530,0.002320948
750531,0.99714607
750532,0.7031659
750533,0.044259235
750534,0.9821327
750535,0.49776196
750536,0.8667654
750537,0.989528
750538,0.9497475
750539,0.05626661
750540,0.024182556
750541,0.8838342
750542,0.22214858
750543,0.003546326
750544,0.10798636
750545,0.73250055
750546,0.15548033
750547,0.98957735
750548,0.9915439
750549,0.6456499
750550,0.058971766
750551,0.8791654
750552,0.95449877
750553,0.0026874966
750554,0.036640216
750555,0.97918
750556,0.0060425494
750557,0.98014164
750558,0.0020559176
750559,0.96059006
750560,0.9895407
750561,0.8277935
750562,0.89742184
750563,0.005426974
750564,0.8875466
750565,0.9909154
750566,0.88138384
750567,0.45039046
750568,0.03195425
750569,0.530507
750570,0.9455083
750571,0.9793043
750572,0.12275941
750573,0.015791982
750574,0.12867054
750575,0.9901504
750576,0.97837836
750577,0.9933631
750578,0.012373511
750579,0.015614519
750580,0.6840684
750581,0.97028446
750582,0.99550605
750583,0.99307024
750584,0.5889859
750585,0.57534254
750586,0.010735563
750587,0.0019201199
750588,0.005289409
750589,0.027284907
750590,0.030298272
750591,0.018012578
750592,0.81668407
750593,0.017867543
750594,0.9889568
750595,0.124837294
750596,0.06674358
750597,0.97064424
750598,0.9108664
750599,0.7228136
750600,0.07988645
750601,0.5663847
750602,0.9450557
750603,0.8414194
750604,0.9937079
750605,0.10021268
750606,0.9404831
750607,0.11263747
750608,0.7300993
750609,0.0074751102
750610,0.27745694
750611,0.5190343
750612,0.8072528
750613,0.020350052
750614,0.71085435
750615,0.21602602
750616,0.005120448
750617,0.0035467248
750618,0.14850569
750619,0.058166254
750620,0.29019538
750621,0.004203284
750622,0.99461037
750623,0.96343267
750624,0.99061155
750625,0.071033075
750626,0.11918001
750627,0.17789295
750628,0.03126465
750629,0.9740592
750630,0.11367857
750631,0.9953449
750632,0.9917803
750633,0.023060195
750634,0.9656267
750635,0.24861413
750636,0.98377424
750637,0.0050736214
750638,0.05442243
750639,0.031008434
750640,0.018607145
750641,0.8586979
750642,0.011225831
750643,0.57446456
750644,0.014428795
750645,0.48580366
750646,0.08425139
750647,0.99763274
750648,0.9977575
750649,0.041236296
750650,0.004182836
750651,0.022998283
750652,0.047992274
750653,0.058648992
750654,0.005596661
750655,0.017870663
750656,0.06128688
750657,0.11938046
750658,0.8348304
750659,0.98123944
750660,0.0076202247
750661,0.35191458
750662,0.5907911
750663,0.05745177
750664,0.009863857
750665,0.016527599
750666,0.9923225
750667,0.9483876
750668,0.07767897
750669,0.012709949
750670,0.25753295
750671,0.13033833
750672,0.5504357
750673,0.9879785
750674,0.034124073
750675,0.8904856
750676,0.65064913
750677,0.05305699
750678,0.71704537
750679,0.045719218
750680,0.097197525
750681,0.9790722
750682,0.09080534
750683,0.95071405
750684,0.34954435
750685,0.8155498
750686,0.0060141757
750687,0.78175944
750688,0.94323015
750689,0.58017534
750690,0.024732264
750691,0.27912277
750692,0.017130509
750693,0.99115205
750694,0.8951404
750695,0.0065872488
750696,0.016712513
750697,0.09116512
750698,0.006966058
750699,0.038845163
750700,0.004435925
750701,0.9391036
750702,0.88375014
750703,0.9848565
750704,0.1027011
750705,0.82782733
750706,0.19268058
750707,0.12202506
750708,0.98249865
750709,0.0018684885
750710,0.6337819
750711,0.0050651664
750712,0.025939943
750713,0.63304764
750714,0.0043081506
750715,0.98596656
750716,0.9545529
750717,0.032834314
750718,0.18737099
750719,0.128981
750720,0.9836619
750721,0.99909526
750722,0.9933089
750723,0.9924476
750724,0.0074940617
750725,0.43855885
750726,0.010385552
750727,0.74766535
750728,0.0060018636
750729,0.6215397
750730,0.9305388
750731,0.024908911
750732,0.36139506
750733,0.9902674
750734,0.8708205
750735,0.50852454
750736,0.8060924
750737,0.9947134
750738,0.3289387
750739,0.1750393
750740,0.05996225
750741,0.30956054
750742,0.8185081
750743,0.12571514
750744,0.5384274
750745,0.7496038
750746,0.02454346
750747,0.007654583
750748,0.069629
750749,0.16015898
750750,0.97987074
750751,0.6882864
750752,0.12768075
750753,0.987416
750754,0.8272305
750755,0.057747286
750756,0.96033645
750757,0.10092765
750758,0.9909863
750759,0.9991143
750760,0.5082606
750761,0.06300753
750762,0.0032642216
750763,0.7331314
750764,0.6366607
750765,0.029639557
750766,0.23939937
750767,0.9953211
750768,0.98389226
750769,0.052712668
750770,0.064291045
750771,0.97099936
750772,0.9965907
750773,0.98070014
750774,0.29748672
750775,0.99940705
750776,0.9884178
750777,0.9849222
750778,0.98416895
750779,0.8301053
750780,0.9990078
750781,0.009739514
750782,0.26721263
750783,0.7597109
750784,0.14135699
750785,0.782427
750786,0.041365128
750787,0.07155844
750788,0.79449344
750789,0.0076615005
750790,0.91964763
750791,0.18389443
750792,0.9996072
750793,0.4225358
750794,0.6783443
750795,0.9224631
750796,0.99483705
750797,0.00492936
750798,0.96872264
750799,0.14541648
750800,0.005526064
750801,0.01015278
750802,0.06592898
750803,0.9900754
750804,0.078077465
750805,0.613035
750806,0.0140793575
750807,0.33762458
750808,0.32076907
750809,0.9620625
750810,0.015221678
750811,0.017876036
750812,0.7480163
750813,0.015374994
750814,0.9772325
750815,0.99143887
750816,0.99395823
750817,0.11564387
750818,0.4501291
750819,0.05786426
750820,0.006550531
750821,0.0008361348
750822,0.006346407
750823,0.99275607
750824,0.09254484
750825,0.82055616
750826,0.008128831
750827,0.009562878
750828,0.85909504
750829,0.031239929
750830,0.22640857
750831,0.17317884
750832,0.53092617
750833,0.8662482
750834,0.020450821
750835,0.013502362
750836,0.98388
750837,0.7339354
750838,0.16168648
750839,0.017184965
750840,0.89495224
750841,0.48203835
750842,0.99882287
750843,0.7054915
750844,0.67228603
750845,0.054652743
750846,0.86614835
750847,0.9478233
750848,0.84063864
750849,0.6424584
750850,0.8704481
750851,0.082578234
750852,0.79429555
750853,0.11767826
750854,0.03933887
750855,0.009079553
750856,0.069077045
750857,0.9210185
750858,0.8349783
750859,0.9614721
750860,0.9775504
750861,0.02087731
750862,0.7692051
750863,0.18486851
750864,0.12773213
750865,0.14187801
750866,0.9825932
750867,0.027358796
750868,0.2359936
750869,0.020523986
750870,0.0072786356
750871,0.025473574
750872,0.037068732
750873,0.008101894
750874,0.02696157
750875,0.6482536
750876,0.97084296
750877,0.037986845
750878,0.73143756
750879,0.87348974
750880,0.2335857
750881,0.8318829
750882,0.03084236
750883,0.9740705
750884,0.9525671
750885,0.013025221
750886,0.0065057264
750887,0.84068406
750888,0.10869325
750889,0.97283053
750890,0.1838133
750891,0.9783049
750892,0.97751606
750893,0.0036656416
750894,0.34407777
750895,0.032519016
750896,0.17784056
750897,0.9969695
750898,0.8768054
750899,0.958416
750900,0.016532855
750901,0.4455855
750902,0.9902023
750903,0.5319437
750904,0.7658278
750905,0.8868227
750906,0.5566026
750907,0.9873756
750908,0.060181353
750909,0.97100043
750910,0.96357876
750911,0.9557776
750912,0.9536931
750913,0.44190982
750914,0.17314613
750915,0.007273082
750916,0.8812872
750917,0.60809064
750918,0.005460403
750919,0.0531959
750920,0.15703253
750921,0.0037875162
750922,0.9986875
750923,0.013558364
750924,0.0138782775
750925,0.9662292
750926,0.0016669584
750927,0.030919354
750928,0.9814041
750929,0.9265117
750930,0.070894465
750931,0.74739957
750932,0.5499004
750933,0.9662197
750934,0.6156271
750935,0.09895288
750936,0.04903688
750937,0.9812632
750938,0.048970215
750939,0.36716354
750940,0.030610986
750941,0.007406452
750942,0.98813236
750943,0.1341116
750944,0.7810959
750945,0.0027119431
750946,0.8923802
750947,0.46287444
750948,0.010632971
750949,0.030369362
750950,0.9911608
750951,0.0035045524
750952,0.97418344
750953,0.21186534
750954,0.7329362
750955,0.9995669
750956,0.02309451
750957,0.7349232
750958,0.25091457
750959,0.78026813
750960,0.23764874
750961,0.7078249
750962,0.9997722
750963,0.07964121
750964,0.7034669
750965,0.02570208
750966,0.93342054
750967,0.91577786
750968,0.06935062
750969,0.0036849552
750970,0.84181005
750971,0.990181
750972,0.013668422
750973,0.01909756
750974,0.039571695
750975,0.51139784
750976,0.0042464808
750977,0.9635217
750978,0.9960815
750979,0.009141807
750980,0.9862918
750981,0.2789137
750982,0.99624836
750983,0.9989139
750984,0.60776055
750985,0.9106908
750986,0.04602015
750987,0.9807052
750988,0.93123925
750989,0.9645815
750990,0.034437034
750991,0.3975119
750992,0.7347765
750993,0.03208028
750994,0.020139636
750995,0.95016956
750996,0.04245093
750997,0.19290784
750998,0.98806715
750999,0.8611758
751000,0.11564657
751001,0.037426524
751002,0.11955058
751003,0.5881785
751004,0.99588084
751005,0.15319052
751006,0.008430866
751007,0.102658644
751008,0.42238542
751009,0.20507476
751010,0.002792223
751011,0.008219334
751012,0.9638437
751013,0.0225026
751014,0.021397434
751015,0.03878022
751016,0.9312879
751017,0.97562915
751018,0.8495902
751019,0.55514586
751020,0.032283865
751021,0.020718584
751022,0.026832532
751023,0.28196052
751024,0.07980269
751025,0.4215339
751026,0.11107703
751027,0.006152313
751028,0.9917691
751029,0.90950793
751030,0.10015659
751031,0.9994434
751032,0.34341353
751033,0.042617112
751034,0.9982862
751035,0.018514719
751036,0.9956977
751037,0.97850484
751038,0.26796985
751039,0.016295746
751040,0.99580026
751041,0.04056184
751042,0.99475574
751043,0.1198119
751044,0.045468237
751045,0.51107264
751046,0.003469477
751047,0.39969343
751048,0.33414522
751049,0.18541116
751050,0.056016535
751051,0.045567196
751052,0.35520768
751053,0.47007027
751054,0.007215431
751055,0.011611981
751056,0.6647736
751057,0.029754478
751058,0.003801644
751059,0.91128516
751060,0.008435501
751061,0.9797711
751062,0.02832194
751063,0.005420555
751064,0.9895022
751065,0.88983154
751066,0.82248455
751067,0.96309906
751068,0.05940934
751069,0.038950637
751070,0.3870419
751071,0.8415786
751072,0.05575429
751073,0.085051596
751074,0.033070974
751075,0.20167702
751076,0.7162347
751077,0.93438363
751078,0.7016217
751079,0.36539254
751080,0.017680634
751081,0.07458082
751082,0.7865878
751083,0.79986596
751084,0.969198
751085,0.035991237
751086,0.98405
751087,0.04697268
751088,0.0025016288
751089,0.049597733
751090,0.7645811
751091,0.39760298
751092,0.8903893
751093,0.008069006
751094,0.95458055
751095,0.9956305
751096,0.2859085
751097,0.9923948
751098,0.90046054
751099,0.45269126
751100,0.65142405
751101,0.0052139144
751102,0.79707944
751103,0.7935275
751104,0.03141676
751105,0.9916981
751106,0.00034865967
751107,0.9674927
751108,0.59753466
751109,0.010746866
751110,0.94261074
751111,0.94869804
751112,0.87815726
751113,0.36270022
751114,0.0054356554
751115,0.030257408
751116,0.0072323284
751117,0.9971113
751118,0.9064653
751119,0.10983685
751120,0.98309493
751121,0.8565389
751122,0.038913853
751123,0.976738
751124,0.7777897
751125,0.94482875
751126,0.5671467
751127,0.18739983
751128,0.9905301
751129,0.9056402
751130,0.03642302
751131,0.043546245
751132,0.015300951
751133,0.9906682
751134,0.0022951823
751135,0.0016364844
751136,0.9669893
751137,0.2971272
751138,0.019023826
751139,0.7262612
751140,0.1253038
751141,0.98220897
751142,0.07639009
751143,0.9907146
751144,0.8816295
751145,0.7398548
751146,0.11816119
751147,0.23838066
751148,0.056540363
751149,0.31434655
751150,0.9819456
751151,0.16555868
751152,0.7110939
751153,0.20094669
751154,0.88295907
751155,0.3827071
751156,0.048876494
751157,0.006976531
751158,0.9892539
751159,0.99476534
751160,0.51301104
751161,0.010179966
751162,0.9958531
751163,0.9194731
751164,0.21479605
751165,0.05844708
751166,0.03829161
751167,0.8333426
751168,0.12951986
751169,0.88511086
751170,0.015705155
751171,0.8809245
751172,0.0047411514
751173,0.9173389
751174,0.73691064
751175,0.30054334
751176,0.17517519
751177,0.9783093
751178,0.99524087
751179,0.07838741
751180,0.04437648
751181,0.9891563
751182,0.40649238
751183,0.112347536
751184,0.08127043
751185,0.99094397
751186,0.83061457
751187,0.0062483335
751188,0.14210448
751189,0.019579044
751190,0.8467238
751191,0.0048755175
751192,0.03146555
751193,0.9518729
751194,0.003355166
751195,0.117049225
751196,0.043730907
751197,0.10434641
751198,0.70879614
751199,0.99716854
751200,0.13578364
751201,0.790148
751202,0.034934532
751203,0.035729084
751204,0.2114159
751205,0.124061875
751206,0.2290993
751207,0.8581159
751208,0.90801287
751209,0.115040734
751210,0.8928915
751211,0.9016516
751212,0.9659123
751213,0.01733537
751214,0.019842273
751215,0.034317307
751216,0.99794734
751217,0.028384246
751218,0.023193492
751219,0.15738563
751220,0.07355771
751221,0.37858796
751222,0.1917832
751223,0.017982112
751224,0.969581
751225,0.011337059
751226,0.020351745
751227,0.18525109
751228,0.029303096
751229,0.27560383
751230,0.99336076
751231,0.9002674
751232,0.0041721477
751233,0.96861744
751234,0.0037657472
751235,0.99140537
751236,0.99837697
751237,0.37437263
751238,0.95923173
751239,0.98479354
751240,0.9794598
751241,0.9178169
751242,0.0531635
751243,0.49480158
751244,0.20932992
751245,0.022657119
751246,0.017456891
751247,0.95624816
751248,0.37900156
751249,0.11295577
751250,0.9589002
751251,0.01032385
751252,0.07993042
751253,0.05386011
751254,0.55151284
751255,0.4643238
751256,0.038876727
751257,0.9397881
751258,0.036114097
751259,0.0036137148
751260,0.008288549
751261,0.27140045
751262,0.0050613703
751263,0.0021116685
751264,0.9484319
751265,0.007860525
751266,0.030203003
751267,0.039769176
751268,0.34406576
751269,0.00520756
751270,0.98863024
751271,0.044896387
751272,0.9639145
751273,0.026520833
751274,0.95002824
751275,0.6533311
751276,0.28775936
751277,0.028323423
751278,0.09124889
751279,0.008501829
751280,0.004670428
751281,0.99079794
751282,0.9882537
751283,0.9947203
751284,0.4422459
751285,0.019247541
751286,0.47903246
751287,0.84480834
751288,0.023652406
751289,0.12817091
751290,0.9823584
751291,0.9186122
751292,0.98465294
751293,0.06399186
751294,0.3638513
751295,0.22917415
751296,0.027730957
751297,0.0054059373
751298,0.9439533
751299,0.0039773113
751300,0.043312933
751301,0.9395559
751302,0.060801614
751303,0.9569611
751304,0.0117192995
751305,0.019830216
751306,0.105267785
751307,0.64588976
751308,0.026405267
751309,0.9955012
751310,0.9620867
751311,0.42664126
751312,0.0711354
751313,0.3010559
751314,0.14465158
751315,0.024331661
751316,0.9179282
751317,0.5495916
751318,0.0100655835
751319,0.0050619943
751320,0.93000084
751321,0.007611838
751322,0.4985387
751323,0.92025137
751324,0.072349094
751325,0.09006189
751326,0.08619808
751327,0.012456111
751328,0.68249846
751329,0.1456226
751330,0.122065715
751331,0.28471714
751332,0.037582416
751333,0.98687685
751334,0.9967923
751335,0.99031544
751336,0.019461261
751337,0.89784384
751338,0.9805951
751339,0.5764786
751340,0.41300806
751341,0.97710896
751342,0.00685324
751343,0.84144425
751344,0.014097969
751345,0.91861606
751346,0.020684734
751347,0.37084892
751348,0.9725081
751349,0.010429803
751350,0.02855057
751351,0.9967033
751352,0.97908384
751353,0.588962
751354,0.019113466
751355,0.9927035
751356,0.14116658
751357,0.038966417
751358,0.041011624
751359,0.52156496
751360,0.007964363
751361,0.0212094
751362,0.13300548
751363,0.64075047
751364,0.07922067
751365,0.53228915
751366,0.93076617
751367,0.66187555
751368,0.2287417
751369,0.013316292
751370,0.074897386
751371,0.66476977
751372,0.95653963
751373,0.06923166
751374,0.9980786
751375,0.87889034
751376,0.4525277
751377,0.62277466
751378,0.40995362
751379,0.9059531
751380,0.9815172
751381,0.86102855
751382,0.97498
751383,0.89957434
751384,0.016676325
751385,0.0037324857
751386,0.09037777
751387,0.060576543
751388,0.008841686
751389,0.06308464
751390,0.31413963
751391,0.8851876
751392,0.08715498
751393,0.6733717
751394,0.9881902
751395,0.12681554
751396,0.09512123
751397,0.20753454
751398,0.9940163
751399,0.13271756
751400,0.020475853
751401,0.0041775117
751402,0.050045744
751403,0.9586693
751404,0.008709662
751405,0.0039853984
751406,0.12868938
751407,0.9783617
751408,0.9577699
751409,0.017721005
751410,0.69557923
751411,0.980994
751412,0.07208191
751413,0.02118101
751414,0.6552424
751415,0.1017412
751416,0.00205239
751417,0.031948026
751418,0.18078141
751419,0.91532826
751420,0.43811554
751421,0.97341245
751422,0.9639747
751423,0.09383913
751424,0.8166132
751425,0.96066725
751426,0.9975734
751427,0.95647454
751428,0.6309944
751429,0.14960888
751430,0.9558692
751431,0.35215238
751432,0.92176294
751433,0.0118888
751434,0.24974255
751435,0.002281473
751436,0.068444826
751437,0.013840444
751438,0.9867617
751439,0.022685055
751440,0.9864012
751441,0.11653682
751442,0.985927
751443,0.017827595
751444,0.061874963
751445,0.91260993
751446,0.03136607
751447,0.020348676
751448,0.6395649
751449,0.05281296
751450,0.9600127
751451,0.042741165
751452,0.07724338
751453,0.95370764
751454,0.00802593
751455,0.9384109
751456,0.13444218
751457,0.6227646
751458,0.6472707
751459,0.9818909
751460,0.05215394
751461,0.021212997
751462,0.9847865
751463,0.053244337
751464,0.0042527835
751465,0.37464306
751466,0.9680152
751467,0.9908237
751468,0.9695939
751469,0.017562447
751470,0.06362414
751471,0.30580017
751472,0.9808054
751473,0.8721627
751474,0.28493205
751475,0.008058276
751476,0.016578205
751477,0.9807131
751478,0.93104744
751479,0.86125386
751480,0.26409334
751481,0.31697744
751482,0.9936185
751483,0.10448638
751484,0.887276
751485,0.042475004
751486,0.2297903
751487,0.054291587
751488,0.11817793
751489,0.96829325
751490,0.021801442
751491,0.036731504
751492,0.9480017
751493,0.0077709695
751494,0.84450674
751495,0.90178007
751496,0.9962332
751497,0.17302582
751498,0.68238634
751499,0.09370072
751500,0.0031594716
751501,0.024437403
751502,0.6885478
751503,0.069756
751504,0.0089508705
751505,0.5110342
751506,0.9850612
751507,0.8827839
751508,0.00810057
751509,0.017690932
751510,0.998314
751511,0.07218984
751512,0.13451459
751513,0.009390029
751514,0.34838247
751515,0.12992242
751516,0.030030804
751517,0.359595
751518,0.09761885
751519,0.50589716
751520,0.021970315
751521,0.021958614
751522,0.30548352
751523,0.7308058
751524,0.0041404236
751525,0.10806971
751526,0.68618613
751527,0.9971317
751528,0.99514544
751529,0.08843285
751530,0.019824464
751531,0.77162325
751532,0.013428375
751533,0.051255602
751534,0.9934336
751535,0.9667847
751536,0.8565701
751537,0.89186275
751538,0.018114455
751539,0.016225535
751540,0.9581851
751541,0.98593867
751542,0.009795747
751543,0.7212543
751544,0.032781918
751545,0.88605577
751546,0.9900993
751547,0.014897047
751548,0.9397327
751549,0.044381183
751550,0.02128505
751551,0.02708688
751552,0.012872102
751553,0.008773696
751554,0.038467944
751555,0.96002656
751556,0.42207035
751557,0.9800896
751558,0.998376
751559,0.99290377
751560,0.995276
751561,0.015996918
751562,0.015706483
751563,0.07622141
751564,0.9671154
751565,0.9872652
751566,0.06609425
751567,0.1860491
751568,0.026820611
751569,0.038338903
751570,0.8904426
751571,0.03651953
751572,0.9894717
751573,0.0069753397
751574,0.9790887
751575,0.024783678
751576,0.026896603
751577,0.91347724
751578,0.0032418529
751579,0.99669564
751580,0.7294892
751581,0.8418915
751582,0.94231415
751583,0.8247949
751584,0.6463679
751585,0.44936135
751586,0.93499666
751587,0.022472095
751588,0.029435618
751589,0.232211
751590,0.13680613
751591,0.018315444
751592,0.07499727
751593,0.7481573
751594,0.9613565
751595,0.9991132
751596,0.98957855
751597,0.027939618
751598,0.27550927
751599,0.015818387
751600,0.9800359
751601,0.92848194
751602,0.016053103
751603,0.8535024
751604,0.5183196
751605,0.16409238
751606,0.0498076
751607,0.9983529
751608,0.0051742783
751609,0.017370135
751610,0.2503483
751611,0.41427583
751612,0.0062502134
751613,0.4980492
751614,0.9706743
751615,0.83632666
751616,0.67069674
751617,0.03848485
751618,0.73084235
751619,0.9817252
751620,0.93224764
751621,0.06877929
751622,0.99264884
751623,0.20476691
751624,0.03010389
751625,0.055550165
751626,0.100616165
751627,0.9724366
751628,0.0030690809
751629,0.8138261
751630,0.013234221
751631,0.034073066
751632,0.9464178
751633,0.9503092
751634,0.97459555
751635,0.032133132
751636,0.12305456
751637,0.036420587
751638,0.2611718
751639,0.97830343
751640,0.0061548287
751641,0.012732857
751642,0.028909463
751643,0.022998534
751644,0.06045395
751645,0.94187355
751646,0.07908714
751647,0.009168286
751648,0.2617586
751649,0.0027615437
751650,0.7144992
751651,0.2312074
751652,0.9597635
751653,0.050097972
751654,0.09201032
751655,0.9469012
751656,0.024454074
751657,0.012088079
751658,0.99652356
751659,0.9681797
751660,0.006866121
751661,0.83105826
751662,0.0011621115
751663,0.048652466
751664,0.90972286
751665,0.56641936
751666,0.24678598
751667,0.9855051
751668,0.06363267
751669,0.96298236
751670,0.055985425
751671,0.06953882
751672,0.8811096
751673,0.013742348
751674,0.28154776
751675,0.009465358
751676,0.02756765
751677,0.64904827
751678,0.96810716
751679,0.91975236
751680,0.9575416
751681,0.99622077
751682,0.0087887235
751683,0.53199923
751684,0.013932989
751685,0.071244135
751686,0.11170499
751687,0.16245967
751688,0.99891514
751689,0.013036338
751690,0.80687594
751691,0.009942042
751692,0.5574809
751693,0.26347023
751694,0.012761568
751695,0.07764768
751696,0.93438506
751697,0.01351109
751698,0.42684627
751699,0.9584335
751700,0.04235071
751701,0.10365774
751702,0.98058337
751703,0.8031382
751704,0.17487632
751705,0.035222027
751706,0.006322571
751707,0.048492778
751708,0.0036524145
751709,0.05126918
751710,0.0039666197
751711,0.032170437
751712,0.007711493
751713,0.8266623
751714,0.98087806
751715,0.9732686
751716,0.9918367
751717,0.9794458
751718,0.2945653
751719,0.986699
751720,0.91574925
751721,0.04086598
751722,0.282817
751723,0.032932
751724,0.9582569
751725,0.99632597
751726,0.048727658
751727,0.97708595
751728,0.058666546
751729,0.15806445
751730,0.15590638
751731,0.12270479
751732,0.038251866
751733,0.99871755
751734,0.98784494
751735,0.88791275
751736,0.031828668
751737,0.51211405
751738,0.16890323
751739,0.002789163
751740,0.99167436
751741,0.03533021
751742,0.80281913
751743,0.0068842885
751744,0.07400161
751745,0.024205294
751746,0.058906917
751747,0.04668285
751748,0.011646598
751749,0.9195422
751750,0.44930378
751751,0.004131399
751752,0.9768645
751753,0.46590924
751754,0.6050065
751755,0.676574
751756,0.9265556
751757,0.9936963
751758,0.06578632
751759,0.015272839
751760,0.061253577
751761,0.55316186
751762,0.21245448
751763,0.008039175
751764,0.99308294
751765,0.015053276
751766,0.005144141
751767,0.88600004
751768,0.9957784
751769,0.61615634
751770,0.006130676
751771,0.99867743
751772,0.097943954
751773,0.44019404
751774,0.06713901
751775,0.013655929
751776,0.56057584
751777,0.8957377
751778,0.7017356
751779,0.9873832
751780,0.48423034
751781,0.03597614
751782,0.005345823
751783,0.98537457
751784,0.5431949
751785,0.021184955
751786,0.0051228963
751787,0.20438877
751788,0.98684657
751789,0.48954484
751790,0.99913406
751791,0.6244277
751792,0.012485476
751793,0.071545295
751794,0.0055143135
751795,0.031807166
751796,0.9973377
751797,0.010807075
751798,0.4011136
751799,0.99675685
751800,0.98828566
751801,0.9880136
751802,0.7505141
751803,0.029858563
751804,0.9957111
751805,0.9913599
751806,0.9760012
751807,0.03217547
751808,0.1209595
751809,0.7223082
751810,0.0061916397
751811,0.08881667
751812,0.009480467
751813,0.99077016
751814,0.8569917
751815,0.06891311
751816,0.9800246
751817,0.011439152
751818,0.99742985
751819,0.003010537
751820,0.06052292
751821,0.88484454
751822,0.41119254
751823,0.0007268859
751824,0.74735314
751825,0.562472
751826,0.013700275
751827,0.031521607
751828,0.9914685
751829,0.3664738
751830,0.02482578
751831,0.039799016
751832,0.95870084
751833,0.5698166
751834,0.07295312
751835,0.10793415
751836,0.82077557
751837,0.015098507
751838,0.9625476
751839,0.007839828
751840,0.008857849
751841,0.9226684
751842,0.0075809024
751843,0.59584475
751844,0.23282371
751845,0.9663093
751846,0.18200898
751847,0.014638157
751848,0.011694647
751849,0.3662977
751850,0.6636343
751851,0.008119676
751852,0.98828864
751853,0.98937917
751854,0.03623035
751855,0.8783877
751856,0.0022943653
751857,0.19498658
751858,0.2583341
751859,0.4661975
751860,0.99109566
751861,0.04078172
751862,0.99281883
751863,0.9364214
751864,0.99956036
751865,0.16997746
751866,0.7677119
751867,0.033847343
751868,0.95590115
751869,0.12498373
751870,0.8494214
751871,0.517202
751872,0.9934678
751873,0.7098991
751874,0.047684684
751875,0.8550319
751876,0.55082405
751877,0.10772372
751878,0.10253259
751879,0.7385278
751880,0.013997838
751881,0.9290453
751882,0.98505074
751883,0.00405652
751884,0.883014
751885,0.42639104
751886,0.31519377
751887,0.27386117
751888,0.674131
751889,0.030227419
751890,0.026669197
751891,0.9864458
751892,0.021777203
751893,0.96493465
751894,0.29679257
751895,0.8445633
751896,0.021793567
751897,0.98861814
751898,0.5129396
751899,0.017144099
751900,0.007330012
751901,0.36357468
751902,0.9589787
751903,0.93461823
751904,0.5065969
751905,0.10030915
751906,0.044651464
751907,0.9954908
751908,0.030173311
751909,0.30741933
751910,0.033937275
751911,0.37519073
751912,0.25361785
751913,0.06389102
751914,0.9955237
751915,0.93568313
751916,0.18970683
751917,0.19512299
751918,0.003913452
751919,0.09629546
751920,0.14480017
751921,0.41008908
751922,0.60127336
751923,0.970919
751924,0.022392787
751925,0.93038386
751926,0.9941208
751927,0.95155066
751928,0.051140886
751929,0.9813402
751930,0.99756265
751931,0.26904082
751932,0.006255647
751933,0.103751116
751934,0.8958044
751935,0.7935165
751936,0.9102083
751937,0.093534574
751938,0.9773481
751939,0.01818145
751940,0.7594539
751941,0.038110614
751942,0.7623991
751943,0.8509849
751944,0.99779963
751945,0.46500188
751946,0.9932548
751947,0.0073297783
751948,0.08278321
751949,0.00712481
751950,0.96977556
751951,0.0056973686
751952,0.034080196
751953,0.8385297
751954,0.2194044
751955,0.041603696
751956,0.055521023
751957,0.008781933
751958,0.39891282
751959,0.9861289
751960,0.05556599
751961,0.8816247
751962,0.64471525
751963,0.048180506
751964,0.01210688
751965,0.9729387
751966,0.006877351
751967,0.0074849175
751968,0.9777765
751969,0.049358662
751970,0.19570898
751971,0.9623306
751972,0.54937816
751973,0.020577516
751974,0.018684264
751975,0.060809776
751976,0.019911112
751977,0.68490636
751978,0.018613914
751979,0.49639916
751980,0.6093147
751981,0.98615575
751982,0.0105397
751983,0.18573359
751984,0.123308994
751985,0.6774796
751986,0.00330496
751987,0.7931473
751988,0.010679351
751989,0.76104534
751990,0.0059156013
751991,0.91603655
751992,0.00072018453
751993,0.0030334282
751994,0.974122
751995,0.98990315
751996,0.77926844
751997,0.028318692
751998,0.04647357
751999,0.99914795
752000,0.03840547
752001,0.24885933
752002,0.15269238
752003,0.0077710664
752004,0.047063798
752005,0.564559
752006,0.07138176
752007,0.008669967
752008,0.96636665
752009,0.94236135
752010,0.09749522
752011,0.016058613
752012,0.90582347
752013,0.94292176
752014,0.98604834
752015,0.9266578
752016,0.40109703
752017,0.3017521
752018,0.018432435
752019,0.95682585
752020,0.9496714
752021,0.1009046
752022,0.6932423
752023,0.099608906
752024,0.0124509
752025,0.88916564
752026,0.12897032
752027,0.071160346
752028,0.053183526
752029,0.989485
752030,0.99339986
752031,0.37093806
752032,0.015543392
752033,0.87424004
752034,0.009044063
752035,0.96075714
752036,0.022240236
752037,0.85999763
752038,0.052856445
752039,0.4490678
752040,0.9612479
752041,0.99729
752042,0.7192574
752043,0.01664805
752044,0.8617821
752045,0.84912646
752046,0.22232993
752047,0.9905113
752048,0.91586953
752049,0.0067326827
752050,0.107643545
752051,0.6804906
752052,0.9741773
752053,0.114311025
752054,0.49822176
752055,0.39495796
752056,0.045733567
752057,0.107895926
752058,0.8991331
752059,0.9924471
752060,0.97520775
752061,0.91291606
752062,0.7591124
752063,0.987112
752064,0.01513572
752065,0.99518496
752066,0.98740405
752067,0.2688907
752068,0.321068
752069,0.2091415
752070,0.004149036
752071,0.012885002
752072,0.0018763484
752073,0.008894563
752074,0.031069692
752075,0.23838286
752076,0.97862226
752077,0.9702944
752078,0.95252043
752079,0.4820976
752080,0.956597
752081,0.08201632
752082,0.99545264
752083,0.17583719
752084,0.029571693
752085,0.460078
752086,0.9706828
752087,0.98838
752088,0.9993604
752089,0.9693477
752090,0.015304712
752091,0.9782752
752092,0.0073332964
752093,0.9638675
752094,0.5044621
752095,0.0015624749
752096,0.030999415
752097,0.37136614
752098,0.48916382
752099,0.008781998
752100,0.08973886
752101,0.86868817
752102,0.97380054
752103,0.005150509
752104,0.9804841
752105,0.41975057
752106,0.9832871
752107,0.098700926
752108,0.7994281
752109,0.14502025
752110,0.6802802
752111,0.033555184
752112,0.04428453
752113,0.011458065
752114,0.9726942
752115,0.9784943
752116,0.941902
752117,0.03809156
752118,0.9818206
752119,0.027775304
752120,0.94923335
752121,0.99576265
752122,0.32947534
752123,0.06980827
752124,0.9825779
752125,0.57380223
752126,0.91971904
752127,0.21186775
752128,0.873335
752129,0.93294716
752130,0.044672333
752131,0.07540722
752132,0.14058349
752133,0.99573827
752134,0.05992174
752135,0.08553351
752136,0.0072447797
752137,0.0053501152
752138,0.98213714
752139,0.3866193
752140,0.4479441
752141,0.31072828
752142,0.010320967
752143,0.978367
752144,0.9898605
752145,0.051613815
752146,0.01061211
752147,0.9954692
752148,0.961259
752149,0.9952422
752150,0.33575273
752151,0.04261975
752152,0.13035691
752153,0.063770115
752154,0.066125795
752155,0.08704395
752156,0.03964982
752157,0.99715054
752158,0.99529266
752159,0.2246318
752160,0.9207824
752161,0.98638874
752162,0.04429418
752163,0.7555802
752164,0.98050994
752165,0.89564574
752166,0.58533543
752167,0.010265857
752168,0.99814653
752169,0.06398952
752170,0.02311813
752171,0.0010748327
752172,0.8111408
752173,0.9434641
752174,0.008496704
752175,0.98133504
752176,0.013557715
752177,0.11864279
752178,0.20787625
752179,0.95419276
752180,0.9592182
752181,0.9966426
752182,0.1644984
752183,0.011362867
752184,0.0142848715
752185,0.98351806
752186,0.72446805
752187,0.019250022
752188,0.7176877
752189,0.33473116
752190,0.70582706
752191,0.3010727
752192,0.06094244
752193,0.0012030161
752194,0.9606705
752195,0.34474865
752196,0.0122094145
752197,0.98373216
752198,0.6959767
752199,0.021482732
752200,0.3436006
752201,0.9719549
752202,0.040699575
752203,0.6094629
752204,0.5759863
752205,0.0059430497
752206,0.27645853
752207,0.0057179276
752208,0.054580435
752209,0.9382002
752210,0.99511963
752211,0.022755813
752212,0.9947045
752213,0.12635957
752214,0.026170272
752215,0.01632457
752216,0.03023561
752217,0.5696298
752218,0.07681197
752219,0.03118753
752220,0.011984331
752221,0.9661163
752222,0.007658559
752223,0.96807516
752224,0.010041509
752225,0.1833334
752226,0.09416487
752227,0.28951955
752228,0.20169893
752229,0.03344422
752230,0.033349305
752231,0.028737787
752232,0.003997943
752233,0.5725982
752234,0.12966211
752235,0.9921598
752236,0.99717355
752237,0.011492467
752238,0.08683588
752239,0.02121714
752240,0.019054132
752241,0.65485483
752242,0.8075185
752243,0.0177827
752244,0.97930396
752245,0.4640901
752246,0.25441968
752247,0.036577158
752248,0.8095311
752249,0.041245464
752250,0.88548875
752251,0.023782471
752252,0.059373844
752253,0.9148108
752254,0.013220515
752255,0.032713827
752256,0.94603795
752257,0.97325504
752258,0.015900744
752259,0.69619733
752260,0.0642248
752261,0.9927863
752262,0.68991053
752263,0.22514063
752264,0.02843714
752265,0.94165546
752266,0.010288321
752267,0.11173401
752268,0.92136943
752269,0.79546756
752270,0.00854584
752271,0.78603184
752272,0.72495234
752273,0.9057256
752274,0.011040612
752275,0.03789588
752276,0.7183032
752277,0.96080685
752278,0.002645884
752279,0.9962949
752280,0.40254325
752281,0.26234883
752282,0.9989187
752283,0.9982073
752284,0.066834
752285,0.3681574
752286,0.9553081
752287,0.7941725
752288,0.14062572
752289,0.57273436
752290,0.98576653
752291,0.020929128
752292,0.5967511
752293,0.09901346
752294,0.9647044
752295,0.31332654
752296,0.016955711
752297,0.008140433
752298,0.004715342
752299,0.9993832
752300,0.9694183
752301,0.1501121
752302,0.8470764
752303,0.016123949
752304,0.94127786
752305,0.35517412
752306,0.61515653
752307,0.03123248
752308,0.8579211
752309,0.9592584
752310,0.9142612
752311,0.94565535
752312,0.13006854
752313,0.13338542
752314,0.009878231
752315,0.9643033
752316,0.9937894
752317,0.0054694475
752318,0.99789125
752319,0.109970346
752320,0.0361372
752321,0.92286587
752322,0.04106135
752323,0.98619133
752324,0.0032716987
752325,0.8140144
752326,0.014353239
752327,0.9925593
752328,0.8974173
752329,0.06630925
752330,0.05611965
752331,0.3871909
752332,0.9832799
752333,0.7724401
752334,0.10737566
752335,0.11822538
752336,0.065803275
752337,0.2577005
752338,0.9907054
752339,0.074487746
752340,0.03909885
752341,0.23908165
752342,0.16517493
752343,0.050413996
752344,0.030874828
752345,0.8001678
752346,0.0017540195
752347,0.37324512
752348,0.20237297
752349,0.51405835
752350,0.34540808
752351,0.007610967
752352,0.015119044
752353,0.06727774
752354,0.92955345
752355,0.96974057
752356,0.6172575
752357,0.18742664
752358,0.10322867
752359,0.008478174
752360,0.027977986
752361,0.04300954
752362,0.74065053
752363,0.9114696
752364,0.07055725
752365,0.88976586
752366,0.8100191
752367,0.07326849
752368,0.3398255
752369,0.99937046
752370,0.65966684
752371,0.03955254
752372,0.9715038
752373,0.9379945
752374,0.057738956
752375,0.0053080954
752376,0.8306385
752377,0.24378148
752378,0.031585656
752379,0.99630713
752380,0.48592228
752381,0.9556115
752382,0.9570898
752383,0.066253304
752384,0.97524536
752385,0.026758336
752386,0.0071557215
752387,0.018881585
752388,0.9600761
752389,0.41412577
752390,0.98433113
752391,0.87409997
752392,0.5607607
752393,0.6984122
752394,0.8080286
752395,0.012359202
752396,0.57453537
752397,0.011424451
752398,0.016232204
752399,0.31402624
752400,0.9181396
752401,0.9705049
752402,0.0029069216
752403,0.9703911
752404,0.9536176
752405,0.99914837
752406,0.007510296
752407,0.061540343
752408,0.079455785
752409,0.9522982
752410,0.86988837
752411,0.98306847
752412,0.9762182
752413,0.038542166
752414,0.43879646
752415,0.19052595
752416,0.040208433
752417,0.012157013
752418,0.96520394
752419,0.05644018
752420,0.35169992
752421,0.9920112
752422,0.44024482
752423,0.77898574
752424,0.8888114
752425,0.5606288
752426,0.8257045
752427,0.95604473
752428,0.077247925
752429,0.06051958
752430,0.9508364
752431,0.9873549
752432,0.48573428
752433,0.69330424
752434,0.6752092
752435,0.0059692827
752436,0.9602874
752437,0.005542759
752438,0.5973123
752439,0.03488223
752440,0.08949218
752441,0.9891349
752442,0.97306865
752443,0.9986745
752444,0.99397206
752445,0.014481561
752446,0.0064098425
752447,0.10104809
752448,0.5993675
752449,0.0062473393
752450,0.73468614
752451,0.0011435647
752452,0.83480066
752453,0.12534992
752454,0.003663432
752455,0.863901
752456,0.99919856
752457,0.9658912
752458,0.0034518074
752459,0.14795953
752460,0.0028938847
752461,0.75651306
752462,0.10545241
752463,0.7877048
752464,0.54826236
752465,0.024365438
752466,0.27013537
752467,0.34918788
752468,0.96456915
752469,0.77982795
752470,0.9865154
752471,0.9967873
752472,0.029794794
752473,0.0238032
752474,0.989706
752475,0.70287
752476,0.9952509
752477,0.99381214
752478,0.972685
752479,0.99941576
752480,0.2654221
752481,0.030997965
752482,0.027357565
752483,0.81391674
752484,0.16942668
752485,0.10769529
752486,0.0020007694
752487,0.9960368
752488,0.22010231
752489,0.13475433
752490,0.005134644
752491,0.8754312
752492,0.03228598
752493,0.87558585
752494,0.5779051
752495,0.88681793
752496,0.041922722
752497,0.9549685
752498,0.30889946
752499,0.020388462
752500,0.93748903
752501,0.77814996
752502,0.0130181955
752503,0.253257
752504,0.9674288
752505,0.4903033
752506,0.9861953
752507,0.15314922
752508,0.0025755805
752509,0.30363095
752510,0.2777053
752511,0.99234843
752512,0.9317285
752513,0.032922365
752514,0.9668193
752515,0.13581793
752516,0.97577846
752517,0.82576907
752518,0.037250392
752519,0.15579727
752520,0.06282738
752521,0.15965003
752522,0.57523686
752523,0.036648724
752524,0.005960488
752525,0.9979998
752526,0.0089022545
752527,0.971188
752528,0.9981703
752529,0.99166477
752530,0.41835833
752531,0.98932076
752532,0.026752276
752533,0.012258986
752534,0.59135306
752535,0.13346241
752536,0.033791743
752537,0.016419921
752538,0.014104713
752539,0.015150008
752540,0.49742958
752541,0.94495076
752542,0.13107717
752543,0.220989
752544,0.99312073
752545,0.99716926
752546,0.99351805
752547,0.29830796
752548,0.98919344
752549,0.03636395
752550,0.94348204
752551,0.97043467
752552,0.9875919
752553,0.86560607
752554,0.7727866
752555,0.99100107
752556,0.027668864
752557,0.0034054029
752558,0.04071979
752559,0.08722951
752560,0.0043768752
752561,0.99868745
752562,0.010282802
752563,0.9884548
752564,0.20540951
752565,0.017051034
752566,0.032127075
752567,0.9512055
752568,0.0046545854
752569,0.98074895
752570,0.04200007
752571,0.92189395
752572,0.13665374
752573,0.9206319
752574,0.034800828
752575,0.92012954
752576,0.9988046
752577,0.7587605
752578,0.11880733
752579,0.05580535
752580,0.017248116
752581,0.9924698
752582,0.029854164
752583,0.7882476
752584,0.24009143
752585,0.9869238
752586,0.00686009
752587,0.06770581
752588,0.004866307
752589,0.5498017
752590,0.017382275
752591,0.9968011
752592,0.99401534
752593,0.87310237
752594,0.9832432
752595,0.88008237
752596,0.94367886
752597,0.063340515
752598,0.97008216
752599,0.15800855
752600,0.007401948
752601,0.973802
752602,0.009079484
752603,0.0031660977
752604,0.82082325
752605,0.14626604
752606,0.988433
752607,0.01837949
752608,0.9190051
752609,0.031882428
752610,0.7568447
752611,0.9911424
752612,0.124429464
752613,0.08505716
752614,0.09030884
752615,0.9811524
752616,0.9633197
752617,0.92830825
752618,0.021600671
752619,0.013798575
752620,0.05429405
752621,0.988372
752622,0.006230279
752623,0.9973179
752624,0.24177466
752625,0.054533552
752626,0.2693902
752627,0.9743234
752628,0.013912071
752629,0.9920282
752630,0.9957081
752631,0.0283098
752632,0.009367545
752633,0.9044312
752634,0.24744211
752635,0.032742046
752636,0.62766856
752637,0.007807103
752638,0.79694355
752639,0.34536526
752640,0.011202481
752641,0.21200487
752642,0.4347389
752643,0.040594168
752644,0.024230033
752645,0.9992057
752646,0.9980424
752647,0.0090978965
752648,0.9960458
752649,0.10901933
752650,0.17950928
752651,0.99632293
752652,0.31507283
752653,0.99370944
752654,0.014455663
752655,0.01757193
752656,0.67359954
752657,0.9938325
752658,0.35208428
752659,0.596751
752660,0.04304912
752661,0.8352668
752662,0.037673023
752663,0.06568763
752664,0.98350835
752665,0.9616775
752666,0.9844697
752667,0.98885715
752668,0.9978196
752669,0.02719346
752670,0.8949781
752671,0.1318301
752672,0.084133156
752673,0.013819697
752674,0.9995648
752675,0.0044181366
752676,0.1429885
752677,0.9352171
752678,0.9498525
752679,0.40818524
752680,0.09106525
752681,0.02225536
752682,0.057682022
752683,0.99888754
752684,0.015392251
752685,0.018400466
752686,0.01628039
752687,0.0022488423
752688,0.9792326
752689,0.007174501
752690,0.37876692
752691,0.03169657
752692,0.034730043
752693,0.99592763
752694,0.007853519
752695,0.013447104
752696,0.03006576
752697,0.2610062
752698,0.58661664
752699,0.012864551
752700,0.98229384
752701,0.02512638
752702,0.7144471
752703,0.9980886
752704,0.88486755
752705,0.9298008
752706,0.006839763
752707,0.98505354
752708,0.1277178
752709,0.029025529
752710,0.048887856
752711,0.97406936
752712,0.97876525
752713,0.0046843668
752714,0.6914607
752715,0.027944375
752716,0.9824999
752717,0.90131676
752718,0.98956996
752719,0.0975554
752720,0.034853633
752721,0.9931913
752722,0.016988156
752723,0.06511251
752724,0.008477948
752725,0.08560825
752726,0.79745805
752727,0.47652328
752728,0.018945357
752729,0.995933
752730,0.99526405
752731,0.07489675
752732,0.99437416
752733,0.88354385
752734,0.99395406
752735,0.18860464
752736,0.93084127
752737,0.031535726
752738,0.023732437
752739,0.008974126
752740,0.007361739
752741,0.85086006
752742,0.95574415
752743,0.90935624
752744,0.9828442
752745,0.0006017613
752746,0.98668635
752747,0.22340034
752748,0.013474886
752749,0.33391386
752750,0.030986607
752751,0.9856628
752752,0.96385455
752753,0.0163542
752754,0.002545223
752755,0.029571665
752756,0.04790854
752757,0.028374858
752758,0.01678
752759,0.9079108
752760,0.10582215
752761,0.9811232
752762,0.013818318
752763,0.98989326
752764,0.07240158
752765,0.19945307
752766,0.014791176
752767,0.193373
752768,0.008381719
752769,0.59577537
752770,0.0062314174
752771,0.031509176
752772,0.97770315
752773,0.86746943
752774,0.5178823
752775,0.019010596
752776,0.004831486
752777,0.29784063
752778,0.06014177
752779,0.98872495
752780,0.9920108
752781,0.23342712
752782,0.10877911
752783,0.9861536
752784,0.0038865458
752785,0.12543663
752786,0.009519438
752787,0.054883108
752788,0.98504907
752789,0.24280682
752790,0.010747837
752791,0.9433719
752792,0.9769608
752793,0.044626907
752794,0.47653842
752795,0.99426734
752796,0.0045686048
752797,0.9818723
752798,0.2652311
752799,0.9492199
752800,0.98142844
752801,0.97199047
752802,0.102163985
752803,0.8675972
752804,0.014901778
752805,0.98008525
752806,0.77505606
752807,0.004805655
752808,0.5150964
752809,0.02178606
752810,0.9850499
752811,0.609099
752812,0.98467016
752813,0.047082305
752814,0.9945992
752815,0.9439981
752816,0.0042290683
752817,0.05299724
752818,0.006429591
752819,0.14639704
752820,0.6300355
752821,0.9431223
752822,0.3119756
752823,0.9863144
752824,0.011383381
752825,0.87616825
752826,0.052431434
752827,0.063631326
752828,0.9887971
752829,0.52764165
752830,0.99866974
752831,0.9200209
752832,0.24270976
752833,0.07219325
752834,0.9852547
752835,0.09312498
752836,0.91115296
752837,0.01082958
752838,0.023662332
752839,0.0246043
752840,0.065662995
752841,0.9958415
752842,0.9522805
752843,0.873899
752844,0.8264729
752845,0.9607671
752846,0.32149825
752847,0.96560067
752848,0.95722294
752849,0.10580971
752850,0.9221296
752851,0.22762468
752852,0.96918887
752853,0.3331815
752854,0.9959264
752855,0.31738323
752856,0.50115967
752857,0.9805454
752858,0.9689454
752859,0.7881994
752860,0.37219632
752861,0.06323361
752862,0.07254078
752863,0.72615725
752864,0.9976163
752865,0.023008527
752866,0.87447107
752867,0.06423761
752868,0.98850656
752869,0.9872042
752870,0.93277943
752871,0.13186598
752872,0.38789588
752873,0.32726344
752874,0.9949799
752875,0.7649132
752876,0.012858728
752877,0.70290107
752878,0.06645555
752879,0.06366144
752880,0.46238676
752881,0.9189265
752882,0.012069814
752883,0.09738961
752884,0.014422331
752885,0.97156197
752886,0.07972414
752887,0.04905737
752888,0.003699541
752889,0.047773875
752890,0.62115437
752891,0.0117770955
752892,0.06142586
752893,0.018060692
752894,0.068379536
752895,0.21325284
752896,0.9646795
752897,0.993987
752898,0.76798874
752899,0.04976116
752900,0.007060838
752901,0.7356868
752902,0.9819024
752903,0.08193955
752904,0.993474
752905,0.845391
752906,0.071483
752907,0.009124806
752908,0.173482
752909,0.8027675
752910,0.07711648
752911,0.85194415
752912,0.0065003224
752913,0.7432475
752914,0.5341041
752915,0.2037841
752916,0.722571
752917,0.990492
752918,0.5982069
752919,0.946827
752920,0.6370117
752921,0.97875917
752922,0.012715461
752923,0.025470516
752924,0.05338137
752925,0.8311847
752926,0.29493126
752927,0.5545995
752928,0.0953635
752929,0.100418404
752930,0.94801646
752931,0.03031802
752932,0.2390451
752933,0.005926525
752934,0.23070708
752935,0.9900489
752936,0.008659654
752937,0.09728522
752938,0.9953544
752939,0.61851937
752940,0.014238227
752941,0.041752227
752942,0.97481114
752943,0.9706861
752944,0.7890525
752945,0.9938998
752946,0.029853465
752947,0.46277323
752948,0.072903365
752949,0.028020961
752950,0.025247503
752951,0.995314
752952,0.020256415
752953,0.0059914775
752954,0.92939895
752955,0.40026385
752956,0.990575
752957,0.88979834
752958,0.025928529
752959,0.70630324
752960,0.70172477
752961,0.004922081
752962,0.9472649
752963,0.96370864
752964,0.07116031
752965,0.7023059
752966,0.53636324
752967,0.24997255
752968,0.08229013
752969,0.028077258
752970,0.0022298282
752971,0.17062101
752972,0.20298687
752973,0.9522192
752974,0.9963805
752975,0.9907282
752976,0.97307086
752977,0.99452865
752978,0.19362783
752979,0.38268992
752980,0.024988122
752981,0.9950836
752982,0.5654078
752983,0.78755885
752984,0.012481136
752985,0.030234734
752986,0.9826853
752987,0.9653981
752988,0.028249057
752989,0.46991107
752990,0.9225448
752991,0.025245463
752992,0.058409303
752993,0.8110719
752994,0.8134823
752995,0.1371932
752996,0.51782084
752997,0.009891413
752998,0.99939334
752999,0.5460753
753000,0.021867327
753001,0.6431978
753002,0.98187304
753003,0.25498497
753004,0.054812934
753005,0.729244
753006,0.051503144
753007,0.06314271
753008,0.97596
753009,0.23801087
753010,0.008212067
753011,0.672283
753012,0.6187076
753013,0.012731411
753014,0.80580986
753015,0.99626815
753016,0.35725117
753017,0.9804453
753018,0.018366314
753019,0.8762541
753020,0.9974855
753021,0.17708656
753022,0.0027730318
753023,0.9176723
753024,0.9943247
753025,0.08341671
753026,0.98681605
753027,0.14686458
753028,0.9711826
753029,0.9789294
753030,0.0613505
753031,0.03660906
753032,0.99531746
753033,0.0089693945
753034,0.6628377
753035,0.6660162
753036,0.9821519
753037,0.9940007
753038,0.96094143
753039,0.1589495
753040,0.9989648
753041,0.008228271
753042,0.026924634
753043,0.99590904
753044,0.25948697
753045,0.011878479
753046,0.6400614
753047,0.1755219
753048,0.02540604
753049,0.9984862
753050,0.013571562
753051,0.009167034
753052,0.9776562
753053,0.9978492
753054,0.4233849
753055,0.9420986
753056,0.020559285
753057,0.9684298
753058,0.30678296
753059,0.4616719
753060,0.99301654
753061,0.96724963
753062,0.9541162
753063,0.078009106
753064,0.57825905
753065,0.53569084
753066,0.9765191
753067,0.010725859
753068,0.5327304
753069,0.9460753
753070,0.7376038
753071,0.99563074
753072,0.057975516
753073,0.042298604
753074,0.9425627
753075,0.88204825
753076,0.25094917
753077,0.075586654
753078,0.088912316
753079,0.06799274
753080,0.8311008
753081,0.1944994
753082,0.5035935
753083,0.09690152
753084,0.06748827
753085,0.05296854
753086,0.9277754
753087,0.79495746
753088,0.038134404
753089,0.013099266
753090,0.9856706
753091,0.8630683
753092,0.14294049
753093,0.03413522
753094,0.53968954
753095,0.2738835
753096,0.9187919
753097,0.0029245028
753098,0.48536986
753099,0.99524903
753100,0.23674276
753101,0.99739397
753102,0.9615639
753103,0.97873384
753104,0.5792659
753105,0.6899408
753106,0.22172429
753107,0.01422569
753108,0.0041808295
753109,0.95199585
753110,0.2575162
753111,0.98787194
753112,0.15430531
753113,0.37435722
753114,0.16716549
753115,0.9924041
753116,0.19724552
753117,0.067853
753118,0.9855479
753119,0.93153
753120,0.0047467113
753121,0.9704724
753122,0.14437085
753123,0.01891635
753124,0.8316951
753125,0.9948096
753126,0.8851689
753127,0.9098237
753128,0.12936163
753129,0.024569692
753130,0.9984588
753131,0.95559716
753132,0.10481139
753133,0.00646399
753134,0.0537424
753135,0.02671152
753136,0.03535516
753137,0.029184205
753138,0.93364686
753139,0.18875879
753140,0.015617324
753141,0.010046262
753142,0.21929142
753143,0.73215836
753144,0.017156035
753145,0.7329746
753146,0.0040627113
753147,0.81584764
753148,0.01221658
753149,0.022199413
753150,0.14456227
753151,0.0036902747
753152,0.98888624
753153,0.0062822658
753154,0.11141575
753155,0.0047375225
753156,0.99552464
753157,0.97814476
753158,0.91821283
753159,0.11922257
753160,0.02855976
753161,0.98152107
753162,0.9956148
753163,0.011678623
753164,0.9795995
753165,0.009519831
753166,0.99514985
753167,0.9558831
753168,0.21681216
753169,0.76919395
753170,0.9657181
753171,0.45069626
753172,0.99844044
753173,0.9755627
753174,0.88374305
753175,0.98387647
753176,0.9399173
753177,0.8635319
753178,0.68641543
753179,0.90486866
753180,0.059820525
753181,0.0483577
753182,0.98769355
753183,0.20769934
753184,0.9929786
753185,0.10549167
753186,0.8471781
753187,0.64137644
753188,0.97779185
753189,0.010365414
753190,0.9965693
753191,0.9964409
753192,0.38397437
753193,0.9408034
753194,0.72698426
753195,0.9842057
753196,0.9988024
753197,0.98193836
753198,0.0034142723
753199,0.0022459552
753200,0.99923754
753201,0.528527
753202,0.789631
753203,0.99837965
753204,0.5424783
753205,0.0079840915
753206,0.9930364
753207,0.93189955
753208,0.06166809
753209,0.86242294
753210,0.9770003
753211,0.22337915
753212,0.6884991
753213,0.90051395
753214,0.9986791
753215,0.9948285
753216,0.021303296
753217,0.42221576
753218,0.85207075
753219,0.29258692
753220,0.37836885
753221,0.93114597
753222,0.8946784
753223,0.86833733
753224,0.99844784
753225,0.91898066
753226,0.23128869
753227,0.9725297
753228,0.95611507
753229,0.98952925
753230,0.8459417
753231,0.010807915
753232,0.039603613
753233,0.011497343
753234,0.058662314
753235,0.06478705
753236,0.9934008
753237,0.9196202
753238,0.96840775
753239,0.034848962
753240,0.8322625
753241,0.23975877
753242,0.014584674
753243,0.9616266
753244,0.013303271
753245,0.9920975
753246,0.89022446
753247,0.027741268
753248,0.985494
753249,0.33483744
753250,0.07850696
753251,0.8833096
753252,0.96874666
753253,0.05746504
753254,0.67022705
753255,0.70643735
753256,0.9021753
753257,0.0030726965
753258,0.48840302
753259,0.006893155
753260,0.017162263
753261,0.32565033
753262,0.9681481
753263,0.043085337
753264,0.9095171
753265,0.0040366673
753266,0.83436847
753267,0.021323228
753268,0.99871534
753269,0.8774493
753270,0.106155366
753271,0.007534839
753272,0.9985898
753273,0.89665246
753274,0.9799686
753275,0.021377
753276,0.99418855
753277,0.0064572534
753278,0.03628453
753279,0.27677685
753280,0.034202237
753281,0.41493106
753282,0.9951414
753283,0.20893422
753284,0.0028642344
753285,0.03560405
753286,0.07136319
753287,0.9754405
753288,0.97151136
753289,0.08269827
753290,0.013799244
753291,0.009467384
753292,0.40766725
753293,0.9930166
753294,0.9883294
753295,0.10597651
753296,0.046017986
753297,0.94550633
753298,0.019810729
753299,0.9675226
753300,0.025965612
753301,0.9891591
753302,0.9087899
753303,0.051867984
753304,0.14787564
753305,0.45126814
753306,0.8815584
753307,0.9849883
753308,0.99653053
753309,0.96478534
753310,0.024611676
753311,0.65430295
753312,0.022816014
753313,0.8136778
753314,0.9930733
753315,0.8662698
753316,0.044328608
753317,0.3177737
753318,0.11874413
753319,0.7498064
753320,0.9691142
753321,0.9613964
753322,0.5076717
753323,0.5446525
753324,0.099742085
753325,0.06892379
753326,0.20632161
753327,0.2774433
753328,0.015940862
753329,0.00980204
753330,0.35159302
753331,0.01585833
753332,0.8425954
753333,0.013771178
753334,0.022698602
753335,0.0064064306
753336,0.96262074
753337,0.5145579
753338,0.99705565
753339,0.020294014
753340,0.9888617
753341,0.05501508
753342,0.90475994
753343,0.99009645
753344,0.022832882
753345,0.26660547
753346,0.47450396
753347,0.97190666
753348,0.0014197687
753349,0.9214951
753350,0.9032788
753351,0.38061938
753352,0.9958412
753353,0.81357276
753354,0.35999218
753355,0.013434345
753356,0.78141
753357,0.0027034762
753358,0.037427273
753359,0.70785207
753360,0.058789887
753361,0.7076968
753362,0.85694313
753363,0.67323416
753364,0.9548363
753365,0.9834169
753366,0.043145604
753367,0.59226495
753368,0.8712068
753369,0.9929632
753370,0.0054868734
753371,0.027635224
753372,0.0036694333
753373,0.09483375
753374,0.01840741
753375,0.046333924
753376,0.5016327
753377,0.84716153
753378,0.5584451
753379,0.9971007
753380,0.9663689
753381,0.02986799
753382,0.9942733
753383,0.022272605
753384,0.1897576
753385,0.02903973
753386,0.99781334
753387,0.023260564
753388,0.9322032
753389,0.9793558
753390,0.89709735
753391,0.02658803
753392,0.044648267
753393,0.69034207
753394,0.051443227
753395,0.6380872
753396,0.92900515
753397,0.055933587
753398,0.97236836
753399,0.07501232
753400,0.9567287
753401,0.19859903
753402,0.005164369
753403,0.95815253
753404,0.07609396
753405,0.031085225
753406,0.29811165
753407,0.27561724
753408,0.0130033
753409,0.9203458
753410,0.94632953
753411,0.15063135
753412,0.0024230273
753413,0.2520294
753414,0.37057698
753415,0.02211086
753416,0.9993401
753417,0.8763486
753418,0.009399382
753419,0.06725154
753420,0.14642614
753421,0.02983751
753422,0.9735356
753423,0.0064374004
753424,0.8109063
753425,0.9867942
753426,0.00952874
753427,0.99879164
753428,0.034928855
753429,0.24206607
753430,0.0056397337
753431,0.9641334
753432,0.016808486
753433,0.67298406
753434,0.013131139
753435,0.95927536
753436,0.9858783
753437,0.19118549
753438,0.053814605
753439,0.029976279
753440,0.9962345
753441,0.003711931
753442,0.72319186
753443,0.9920353
753444,0.10667406
753445,0.039692953
753446,0.9984479
753447,0.99907017
753448,0.08055466
753449,0.030079277
753450,0.0056663635
753451,0.008496319
753452,0.99551415
753453,0.03883103
753454,0.931051
753455,0.01716135
753456,0.06289289
753457,0.671578
753458,0.9759307
753459,0.014416118
753460,0.050915983
753461,0.22652622
753462,0.99640787
753463,0.0076061413
753464,0.17938173
753465,0.90486366
753466,0.0012398951
753467,0.97238624
753468,0.018040473
753469,0.032450624
753470,0.14495076
753471,0.8014849
753472,0.7579241
753473,0.99339384
753474,0.032149952
753475,0.986027
753476,0.0058945203
753477,0.013995135
753478,0.3549824
753479,0.03543508
753480,0.009978274
753481,0.9991084
753482,0.21395752
753483,0.0627864
753484,0.82472175
753485,0.4617796
753486,0.056937702
753487,0.4555667
753488,0.009222815
753489,0.8243594
753490,0.91751486
753491,0.814373
753492,0.021936066
753493,0.06272535
753494,0.9716248
753495,0.05869652
753496,0.0033862428
753497,0.56802905
753498,0.01598808
753499,0.105481215
753500,0.3399656
753501,0.0072607826
753502,0.9833075
753503,0.99810916
753504,0.111920975
753505,0.020872787
753506,0.6456183
753507,0.014862078
753508,0.9144529
753509,0.702576
753510,0.026603106
753511,0.8335733
753512,0.031180106
753513,0.005568967
753514,0.017473914
753515,0.010574304
753516,0.28406823
753517,0.24218646
753518,0.713998
753519,0.005005683
753520,0.7624491
753521,0.6507049
753522,0.9606393
753523,0.45463774
753524,0.9922212
753525,0.0012688336
753526,0.5350933
753527,0.01631528
753528,0.91126764
753529,0.4890116
753530,0.9981396
753531,0.20808071
753532,0.24070738
753533,0.021216016
753534,0.012327009
753535,0.03692935
753536,0.64296925
753537,0.03003055
753538,0.0075010164
753539,0.06756526
753540,0.99288094
753541,0.9436964
753542,0.831014
753543,0.47179732
753544,0.11591626
753545,0.012664756
753546,0.4196977
753547,0.07811749
753548,0.9815577
753549,0.21413542
753550,0.024378635
753551,0.95957154
753552,0.9033946
753553,0.02036208
753554,0.527262
753555,0.08031561
753556,0.050635524
753557,0.8426102
753558,0.6742169
753559,0.9954215
753560,0.037487257
753561,0.9885726
753562,0.4777444
753563,0.10026187
753564,0.07079032
753565,0.7136871
753566,0.031310905
753567,0.94572234
753568,0.028187834
753569,0.037070926
753570,0.075694874
753571,0.025752466
753572,0.99265695
753573,0.9995996
753574,0.9922696
753575,0.9297336
753576,0.3908188
753577,0.96445405
753578,0.1916025
753579,0.021642216
753580,0.1457638
753581,0.5791387
753582,0.8983126
753583,0.3689828
753584,0.0029257792
753585,0.61927503
753586,0.8954949
753587,0.026329074
753588,0.9892784
753589,0.8953746
753590,0.0385323
753591,0.84308183
753592,0.9141275
753593,0.9844551
753594,0.92156744
753595,0.9880885
753596,0.9305341
753597,0.98952055
753598,0.98169005
753599,0.99426234
753600,0.96067697
753601,0.026477236
753602,0.19671386
753603,0.9777875
753604,0.53155047
753605,0.9955314
753606,0.98734003
753607,0.12829849
753608,0.9879652
753609,0.63093483
753610,0.96952146
753611,0.623
753612,0.7829306
753613,0.20092383
753614,0.97508395
753615,0.99627674
753616,0.9494386
753617,0.91170275
753618,0.0027824112
753619,0.97177887
753620,0.9739747
753621,0.0059286808
753622,0.69965315
753623,0.007359742
753624,0.4794726
753625,0.7233154
753626,0.99418783
753627,0.0154040195
753628,0.5735256
753629,0.46179274
753630,0.973098
753631,0.95776707
753632,0.9972896
753633,0.0022889301
753634,0.94682354
753635,0.92805743
753636,0.5467477
753637,0.5650682
753638,0.11873339
753639,0.02140385
753640,0.09611434
753641,0.026742812
753642,0.0067407545
753643,0.58142954
753644,0.004490858
753645,0.04324275
753646,0.16399693
753647,0.102393284
753648,0.8513616
753649,0.99798125
753650,0.9937297
753651,0.010789896
753652,0.996753
753653,0.091702715
753654,0.05468741
753655,0.66988665
753656,0.0065391446
753657,0.1112357
753658,0.03449908
753659,0.055652507
753660,0.006421585
753661,0.9066656
753662,0.8411778
753663,0.024572825
753664,0.9136113
753665,0.99316895
753666,0.09793958
753667,0.0009571201
753668,0.12041725
753669,0.91495025
753670,0.0422199
753671,0.9942678
753672,0.0067993673
753673,0.9240756
753674,0.20360453
753675,0.0043684323
753676,0.0031551407
753677,0.0037797212
753678,0.0067595644
753679,0.93952584
753680,0.055852346
753681,0.37710342
753682,0.01703075
753683,0.9375142
753684,0.007978937
753685,0.99754864
753686,0.014149814
753687,0.63293046
753688,0.9713912
753689,0.8679843
753690,0.05976374
753691,0.7602081
753692,0.9964573
753693,0.16894045
753694,0.0039110724
753695,0.10333697
753696,0.9992112
753697,0.37025848
753698,0.98983103
753699,0.1395736
753700,0.016484853
753701,0.006906667
753702,0.86850536
753703,0.0037265783
753704,0.61348134
753705,0.005547597
753706,0.8194128
753707,0.05299653
753708,0.015193921
753709,0.4182654
753710,0.80742675
753711,0.938163
753712,0.9855472
753713,0.6941346
753714,0.9945915
753715,0.029938567
753716,0.17861442
753717,0.05146724
753718,0.2470423
753719,0.9582046
753720,0.04391763
753721,0.79443467
753722,0.9869119
753723,0.23846951
753724,0.020159343
753725,0.5981022
753726,0.030570408
753727,0.023856588
753728,0.5232529
753729,0.04637703
753730,0.5869655
753731,0.31819004
753732,0.84991103
753733,0.9626695
753734,0.16459303
753735,0.05907608
753736,0.96118706
753737,0.8453304
753738,0.010130845
753739,0.17023069
753740,0.99776995
753741,0.94452
753742,0.030930258
753743,0.984764
753744,0.9862506
753745,0.3578568
753746,0.24979836
753747,0.98970175
753748,0.042899884
753749,0.8253679
753750,0.9994827
753751,0.038949504
753752,0.03514801
753753,0.025860036
753754,0.12980442
753755,0.24024476
753756,0.2475434
753757,0.010214863
753758,0.9728359
753759,0.048944525
753760,0.114406586
753761,0.97214586
753762,0.6587164
753763,0.9172342
753764,0.03263601
753765,0.97988594
753766,0.57742226
753767,0.022950316
753768,0.995245
753769,0.047873296
753770,0.020135637
753771,0.06958762
753772,0.917868
753773,0.13741869
753774,0.97698385
753775,0.24291515
753776,0.8530687
753777,0.9596833
753778,0.030582968
753779,0.057361186
753780,0.8069038
753781,0.7267792
753782,0.101341486
753783,0.043661747
753784,0.9988944
753785,0.9133473
753786,0.091213346
753787,0.04766669
753788,0.014760076
753789,0.3334404
753790,0.32563952
753791,0.33814687
753792,0.08395775
753793,0.020383839
753794,0.7304577
753795,0.0012978779
753796,0.060636926
753797,0.99820065
753798,0.833254
753799,0.99213713
753800,0.024153333
753801,0.9864423
753802,0.9251119
753803,0.811461
753804,0.107069075
753805,0.008529161
753806,0.8923491
753807,0.22629601
753808,0.0021741935
753809,0.008324987
753810,0.24515866
753811,0.56252146
753812,0.045245945
753813,0.9979796
753814,0.0006016474
753815,0.9164619
753816,0.24887165
753817,0.9117397
753818,0.9348005
753819,0.9494215
753820,0.8160617
753821,0.94246745
753822,0.8183223
753823,0.97674435
753824,0.99937576
753825,0.059803307
753826,0.84063625
753827,0.0242766
753828,0.9750093
753829,0.018588759
753830,0.09356491
753831,0.012519181
753832,0.078963235
753833,0.32196337
753834,0.080677755
753835,0.99860924
753836,0.0025575166
753837,0.9980289
753838,0.097137965
753839,0.08820248
753840,0.02339564
753841,0.46712527
753842,0.29583833
753843,0.03152664
753844,0.008348346
753845,0.9751116
753846,0.060442723
753847,0.15220399
753848,0.47431895
753849,0.8725949
753850,0.49117875
753851,0.006345589
753852,0.008789852
753853,0.14924632
753854,0.01042917
753855,0.9914367
753856,0.831816
753857,0.03159888
753858,0.480389
753859,0.971887
753860,0.7780753
753861,0.8172778
753862,0.28525215
753863,0.93157685
753864,0.47573566
753865,0.9967228
753866,0.009163005
753867,0.9989033
753868,0.07395319
753869,0.016819581
753870,0.5998583
753871,0.037453346
753872,0.98424625
753873,0.034227155
753874,0.998554
753875,0.12820747
753876,0.014982246
753877,0.9564791
753878,0.021268915
753879,0.9632747
753880,0.023701709
753881,0.008391609
753882,0.9055015
753883,0.99508965
753884,0.012585194
753885,0.82848215
753886,0.013856676
753887,0.65989614
753888,0.000588112
753889,0.7500827
753890,0.008045584
753891,0.9874073
753892,0.2184862
753893,0.96114606
753894,0.10537417
753895,0.05672676
753896,0.9998242
753897,0.7103212
753898,0.019506492
753899,0.84646
753900,0.63645977
753901,0.9819391
753902,0.24306273
753903,0.9096192
753904,0.9856089
753905,0.5491462
753906,0.08145594
753907,0.01603244
753908,0.9491885
753909,0.9947706
753910,0.91205966
753911,0.1846117
753912,0.028887127
753913,0.32019633
753914,0.030599171
753915,0.080612175
753916,0.991584
753917,0.004007063
753918,0.045346897
753919,0.9932109
753920,0.8941092
753921,0.8913331
753922,0.014542683
753923,0.96074057
753924,0.035324313
753925,0.057423435
753926,0.0057718875
753927,0.060701862
753928,0.0029823314
753929,0.01106798
753930,0.045026552
753931,0.6725398
753932,0.03100349
753933,0.04083781
753934,0.025639862
753935,0.9927217
753936,0.008049155
753937,0.9563148
753938,0.11350785
753939,0.021347605
753940,0.057341814
753941,0.99378806
753942,0.042932812
753943,0.13624543
753944,0.13121775
753945,0.1509271
753946,0.98666394
753947,0.19945322
753948,0.11193383
753949,0.028126191
753950,0.7886342
753951,0.8014239
753952,0.10609293
753953,0.9957766
753954,0.027245825
753955,0.9041373
753956,0.0050647953
753957,0.07918317
753958,0.017932404
753959,0.02418245
753960,0.047493998
753961,0.9801855
753962,0.029594278
753963,0.005040071
753964,0.94960374
753965,0.025526322
753966,0.01269032
753967,0.3725787
753968,0.12845036
753969,0.989928
753970,0.73006856
753971,0.9959885
753972,0.13410372
753973,0.015728584
753974,0.09426223
753975,0.58864564
753976,0.0265317
753977,0.74138486
753978,0.9683677
753979,0.8695071
753980,0.007039019
753981,0.32699466
753982,0.07424061
753983,0.013281449
753984,0.9656617
753985,0.014245411
753986,0.9814648
753987,0.9966824
753988,0.5521021
753989,0.49922395
753990,0.07558063
753991,0.9051623
753992,0.9632368
753993,0.107497334
753994,0.30536282
753995,0.48194337
753996,0.047642607
753997,0.09776005
753998,0.16553399
753999,0.011562131
754000,0.117794484
754001,0.026195142
754002,0.8089906
754003,0.052985746
754004,0.754272
754005,0.0121158045
754006,0.036727093
754007,0.022928096
754008,0.86587447
754009,0.23767814
754010,0.0025288872
754011,0.9873501
754012,0.016554506
754013,0.07851417
754014,0.9774446
754015,0.75560635
754016,0.30101106
754017,0.029455267
754018,0.21057458
754019,0.016235499
754020,0.017792057
754021,0.012602713
754022,0.9359631
754023,0.75376844
754024,0.008910571
754025,0.9573717
754026,0.019328617
754027,0.6813218
754028,0.99191165
754029,0.06517797
754030,0.7447146
754031,0.95109355
754032,0.25964344
754033,0.030872244
754034,0.019547053
754035,0.0053332006
754036,0.019135851
754037,0.033781912
754038,0.9651028
754039,0.012777729
754040,0.08249168
754041,0.033840414
754042,0.092430934
754043,0.9842044
754044,0.0026354576
754045,0.9939543
754046,0.08824143
754047,0.45589337
754048,0.81768394
754049,0.9217246
754050,0.6829976
754051,0.011575255
754052,0.012705401
754053,0.053562347
754054,0.054470576
754055,0.976892
754056,0.035014294
754057,0.99062824
754058,0.44633693
754059,0.8524802
754060,0.44838762
754061,0.3730978
754062,0.012985258
754063,0.003203147
754064,0.9840306
754065,0.22567534
754066,0.6928872
754067,0.9084565
754068,0.92474353
754069,0.008103197
754070,0.28791854
754071,0.04330825
754072,0.8069563
754073,0.014019783
754074,0.30786535
754075,0.34596312
754076,0.023502242
754077,0.0320162
754078,0.0022255606
754079,0.093700714
754080,0.72267693
754081,0.90071917
754082,0.1735431
754083,0.8624691
754084,0.89553905
754085,0.027160928
754086,0.543494
754087,0.8048872
754088,0.86732906
754089,0.123742566
754090,0.36834854
754091,0.00966854
754092,0.91507256
754093,0.011460075
754094,0.98969096
754095,0.3868555
754096,0.05631764
754097,0.7599144
754098,0.2461727
754099,0.67070115
754100,0.33188903
754101,0.03682395
754102,0.0401844
754103,0.011439821
754104,0.1046635
754105,0.41265264
754106,0.72142595
754107,0.051695842
754108,0.71154636
754109,0.03757893
754110,0.009633811
754111,0.99706763
754112,0.03771465
754113,0.044886146
754114,0.043516565
754115,0.17653826
754116,0.6547054
754117,0.21077035
754118,0.022344992
754119,0.9992347
754120,0.9191482
754121,0.5275459
754122,0.02597368
754123,0.028283088
754124,0.20672879
754125,0.96961683
754126,0.10659343
754127,0.09071795
754128,0.16989855
754129,0.51606095
754130,0.00751701
754131,0.9455423
754132,0.030053716
754133,0.9953781
754134,0.005516462
754135,0.02675494
754136,0.831228
754137,0.022237524
754138,0.0053329607
754139,0.032058135
754140,0.9508809
754141,0.85143846
754142,0.001743114
754143,0.0026220565
754144,0.9966163
754145,0.013101818
754146,0.041470155
754147,0.006440207
754148,0.18241867
754149,0.24156466
754150,0.1333363
754151,0.9991007
754152,0.26893064
754153,0.034206636
754154,0.029466575
754155,0.038000148
754156,0.015858412
754157,0.9899632
754158,0.018075963
754159,0.94937533
754160,0.015484232
754161,0.033092353
754162,0.023631508
754163,0.029946085
754164,0.059871092
754165,0.17964536
754166,0.9810982
754167,0.0916639
754168,0.12366767
754169,0.9781242
754170,0.9618758
754171,0.015414547
754172,0.85422933
754173,0.010290892
754174,0.9301612
754175,0.032567225
754176,0.03479485
754177,0.69817865
754178,0.002127559
754179,0.97956395
754180,0.030661123
754181,0.1737754
754182,0.9746084
754183,0.020859923
754184,0.005093156
754185,0.91054666
754186,0.09108723
754187,0.8692088
754188,0.99373585
754189,0.038861223
754190,0.80215466
754191,0.79316664
754192,0.94860125
754193,0.9062648
754194,0.013315824
754195,0.316231
754196,0.9936767
754197,0.9541159
754198,0.051349554
754199,0.7676031
754200,0.71661735
754201,0.9805429
754202,0.937019
754203,0.9927553
754204,0.880769
754205,0.9892369
754206,0.99479204
754207,0.034715347
754208,0.9417083
754209,0.97636485
754210,0.9253763
754211,0.24062556
754212,0.031434044
754213,0.009302772
754214,0.2921062
754215,0.019276746
754216,0.0358266
754217,0.59346974
754218,0.019758672
754219,0.015181079
754220,0.85001606
754221,0.008219664
754222,0.10508395
754223,0.006697644
754224,0.009075215
754225,0.9185998
754226,0.029856415
754227,0.9812007
754228,0.9590275
754229,0.058301788
754230,0.025959369
754231,0.9923434
754232,0.96732444
754233,0.9134427
754234,0.02078518
754235,0.10619172
754236,0.0029170667
754237,0.6442462
754238,0.88430375
754239,0.7687055
754240,0.83573276
754241,0.003826818
754242,0.9769559
754243,0.109566465
754244,0.97588396
754245,0.5986811
754246,0.0853793
754247,0.33302897
754248,0.85998356
754249,0.96237576
754250,0.045690402
754251,0.03495385
754252,0.0039016937
754253,0.4117746
754254,0.29026103
754255,0.9433736
754256,0.74918747
754257,0.02194482
754258,0.24425761
754259,0.9008627
754260,0.21012846
754261,0.041830122
754262,0.0073039215
754263,0.11320569
754264,0.94735914
754265,0.034836404
754266,0.9897844
754267,0.5621415
754268,0.9725967
754269,0.035417154
754270,0.9901436
754271,0.019553276
754272,0.0037670066
754273,0.062404335
754274,0.061925802
754275,0.055216756
754276,0.09230937
754277,0.9968008
754278,0.19336453
754279,0.98958576
754280,0.72356117
754281,0.5565287
754282,0.97862566
754283,0.027686872
754284,0.53232944
754285,0.98809004
754286,0.9991555
754287,0.012466156
754288,0.9016729
754289,0.012834895
754290,0.30891436
754291,0.050706536
754292,0.023004921
754293,0.103921026
754294,0.026127012
754295,0.09493594
754296,0.9992499
754297,0.124574855
754298,0.049626734
754299,0.050894085
754300,0.9971231
754301,0.030252097
754302,0.0039051897
754303,0.017185783
754304,0.06556551
754305,0.8909252
754306,0.9320457
754307,0.86099005
754308,0.019057147
754309,0.9305663
754310,0.055750735
754311,0.7817822
754312,0.13142179
754313,0.17398188
754314,0.8722675
754315,0.9821515
754316,0.022552732
754317,0.7736958
754318,0.9258785
754319,0.6251366
754320,0.024872351
754321,0.05396816
754322,0.02147938
754323,0.009328997
754324,0.081970826
754325,0.010485582
754326,0.008314131
754327,0.9903389
754328,0.9458595
754329,0.6908485
754330,0.8269708
754331,0.57626766
754332,0.9471592
754333,0.012443101
754334,0.025379688
754335,0.99191636
754336,0.9915666
754337,0.020082183
754338,0.8893368
754339,0.0064732768
754340,0.0036291021
754341,0.075322196
754342,0.0023616946
754343,0.030314742
754344,0.08080853
754345,0.9734096
754346,0.6423237
754347,0.9495088
754348,0.9986179
754349,0.67097884
754350,0.8269893
754351,0.9951103
754352,0.98229575
754353,0.2556434
754354,0.90096027
754355,0.9401731
754356,0.5790838
754357,0.014784685
754358,0.9163851
754359,0.0062451167
754360,0.20345187
754361,0.008788245
754362,0.06777666
754363,0.0074533606
754364,0.28372878
754365,0.9622802
754366,0.12753586
754367,0.70143616
754368,0.21960463
754369,0.06724989
754370,0.04210893
754371,0.022706663
754372,0.03505082
754373,0.8437683
754374,0.9136689
754375,0.50272346
754376,0.98728454
754377,0.7862512
754378,0.039952796
754379,0.563837
754380,0.9885285
754381,0.049651317
754382,0.008302293
754383,0.31790367
754384,0.026940424
754385,0.0028596707
754386,0.995083
754387,0.99696684
754388,0.8791233
754389,0.41304824
754390,0.18907796
754391,0.88274497
754392,0.03881602
754393,0.056568764
754394,0.8808074
754395,0.99865246
754396,0.02531661
754397,0.47950175
754398,0.0062529943
754399,0.80884564
754400,0.007886339
754401,0.83594805
754402,0.0033560013
754403,0.056219283
754404,0.99929595
754405,0.22890596
754406,0.061405655
754407,0.8666507
754408,0.9988959
754409,0.4391275
754410,0.070600465
754411,0.8616943
754412,0.22476059
754413,0.9949492
754414,0.9674455
754415,0.05394464
754416,0.60609037
754417,0.029750861
754418,0.55066943
754419,0.71293545
754420,0.8129017
754421,0.0065341266
754422,0.017439835
754423,0.9984654
754424,0.8016565
754425,0.8955557
754426,0.10234451
754427,0.99717265
754428,0.17037335
754429,0.9959941
754430,0.9074308
754431,0.0076655806
754432,0.0053667994
754433,0.010112538
754434,0.7145177
754435,0.976002
754436,0.094376735
754437,0.020619968
754438,0.90589535
754439,0.97692907
754440,0.041739635
754441,0.64829195
754442,0.9791541
754443,0.010611132
754444,0.008834426
754445,0.99147916
754446,0.6804043
754447,0.05316355
754448,0.9501289
754449,0.90825194
754450,0.9840157
754451,0.99420136
754452,0.99043196
754453,0.939955
754454,0.028581195
754455,0.011839256
754456,0.95084053
754457,0.027771477
754458,0.92818475
754459,0.9450665
754460,0.99788743
754461,0.015262744
754462,0.9996619
754463,0.132744
754464,0.029110536
754465,0.9045934
754466,0.92587996
754467,0.8935108
754468,0.9974258
754469,0.9775213
754470,0.1684773
754471,0.9972432
754472,0.6646005
754473,0.05990763
754474,0.98780197
754475,0.7894522
754476,0.5811441
754477,0.93864316
754478,0.04861672
754479,0.88901854
754480,0.99129575
754481,0.00768823
754482,0.9975521
754483,0.003421065
754484,0.64897275
754485,0.020624595
754486,0.99930936
754487,0.99194765
754488,0.916682
754489,0.021711977
754490,0.99858177
754491,0.14457043
754492,0.96803075
754493,0.92855155
754494,0.93869245
754495,0.050909363
754496,0.1287798
754497,0.009360485
754498,0.9938507
754499,0.059266172
754500,0.9075662
754501,0.37260467
754502,0.87141174
754503,0.010601271
754504,0.21091145
754505,0.9781229
754506,0.05776365
754507,0.032862727
754508,0.16726762
754509,0.08795705
754510,0.9903799
754511,0.99907553
754512,0.61153114
754513,0.9832928
754514,0.10655434
754515,0.04163519
754516,0.98163396
754517,0.99254733
754518,0.7615285
754519,0.5360887
754520,0.92584676
754521,0.12336086
754522,0.95804596
754523,0.9980676
754524,0.75108796
754525,0.99603134
754526,0.7827898
754527,0.7832054
754528,0.010139914
754529,0.18222882
754530,0.012716815
754531,0.24001169
754532,0.9602664
754533,0.66849345
754534,0.036940217
754535,0.04234358
754536,0.86278963
754537,0.74086386
754538,0.8544123
754539,0.9284899
754540,0.79721594
754541,0.97231746
754542,0.9988036
754543,0.039198473
754544,0.6245118
754545,0.01814904
754546,0.01280376
754547,0.98504966
754548,0.08962868
754549,0.004051278
754550,0.063953325
754551,0.5975442
754552,0.9964374
754553,0.15367854
754554,0.8018689
754555,0.579913
754556,0.97824866
754557,0.9923273
754558,0.051109638
754559,0.6179135
754560,0.9883198
754561,0.0034001921
754562,0.98904145
754563,0.13153173
754564,0.04109721
754565,0.021773143
754566,0.0884161
754567,0.01955584
754568,0.88722754
754569,0.84759855
754570,0.98694867
754571,0.8137436
754572,0.004632127
754573,0.11975258
754574,0.23658055
754575,0.92963904
754576,0.10056169
754577,0.8765551
754578,0.0056896135
754579,0.92658126
754580,0.026229054
754581,0.18345574
754582,0.96239895
754583,0.03639195
754584,0.7695167
754585,0.07824305
754586,0.097254
754587,0.36337698
754588,0.124864034
754589,0.97806233
754590,0.6333978
754591,0.026525114
754592,0.0069284807
754593,0.95887035
754594,0.035182
754595,0.022499923
754596,0.062183782
754597,0.7628354
754598,0.9436678
754599,0.010183814
754600,0.02625172
754601,0.006220688
754602,0.011515576
754603,0.012491422
754604,0.9910797
754605,0.006248145
754606,0.29236314
754607,0.0031007759
754608,0.8844799
754609,0.9961869
754610,0.9272858
754611,0.6100373
754612,0.9938173
754613,0.14460307
754614,0.8477252
754615,0.34801796
754616,0.8863895
754617,0.04979643
754618,0.019908955
754619,0.55897105
754620,0.01289884
754621,0.2687502
754622,0.01816594
754623,0.9826458
754624,0.9540686
754625,0.98900497
754626,0.038829163
754627,0.5036922
754628,0.009112923
754629,0.41525978
754630,0.004471739
754631,0.020482449
754632,0.32736525
754633,0.013961588
754634,0.7254715
754635,0.04866074
754636,0.0041037593
754637,0.013335249
754638,0.009741494
754639,0.7953519
754640,0.99698424
754641,0.6297763
754642,0.9963003
754643,0.08659678
754644,0.0743845
754645,0.002565643
754646,0.27723053
754647,0.83093226
754648,0.99744606
754649,0.8286234
754650,0.9924864
754651,0.015186207
754652,0.18970099
754653,0.5264572
754654,0.7479095
754655,0.99714255
754656,0.9950852
754657,0.08195412
754658,0.019106925
754659,0.52606475
754660,0.120104015
754661,0.98475456
754662,0.25489727
754663,0.3411727
754664,0.8352919
754665,0.011986281
754666,0.016175173
754667,0.013362116
754668,0.1040358
754669,0.006532642
754670,0.34290078
754671,0.0063314307
754672,0.8488729
754673,0.9586889
754674,0.030819615
754675,0.39435259
754676,0.013278972
754677,0.9860683
754678,0.92171526
754679,0.008299041
754680,0.9527823
754681,0.9834212
754682,0.99120915
754683,0.0027643975
754684,0.01172575
754685,0.29198968
754686,0.9357749
754687,0.7498822
754688,0.0063059325
754689,0.08280923
754690,0.13800578
754691,0.1974176
754692,0.02107395
754693,0.009495673
754694,0.9944029
754695,0.83454365
754696,0.9854926
754697,0.991794
754698,0.99853516
754699,0.0064893523
754700,0.33108592
754701,0.997468
754702,0.008699583
754703,0.99883634
754704,0.024751127
754705,0.9508071
754706,0.23630144
754707,0.997433
754708,0.66930646
754709,0.033122033
754710,0.0058289724
754711,0.8978503
754712,0.69795495
754713,0.97863954
754714,0.96433514
754715,0.00807808
754716,0.048834562
754717,0.0902482
754718,0.99745476
754719,0.011087015
754720,0.99185514
754721,0.012945214
754722,0.4562434
754723,0.23241429
754724,0.0047277967
754725,0.9992362
754726,0.94679993
754727,0.5419214
754728,0.8734242
754729,0.97611004
754730,0.68781084
754731,0.01598001
754732,0.5067077
754733,0.19597857
754734,0.5976377
754735,0.17189415
754736,0.024530567
754737,0.984581
754738,0.02190672
754739,0.9816866
754740,0.29869235
754741,0.042585425
754742,0.99431926
754743,0.05209028
754744,0.97027385
754745,0.6619073
754746,0.025336536
754747,0.026135271
754748,0.17279172
754749,0.99106914
754750,0.024616692
754751,0.031726975
754752,0.9969949
754753,0.020560168
754754,0.06158734
754755,0.81539005
754756,0.7207502
754757,0.027632713
754758,0.0053728
754759,0.01083241
754760,0.99804616
754761,0.051443733
754762,0.10210566
754763,0.42005578
754764,0.9434602
754765,0.13239467
754766,0.8867135
754767,0.55343145
754768,0.9084786
754769,0.961169
754770,0.9942216
754771,0.95191324
754772,0.1371596
754773,0.06658762
754774,0.03133389
754775,0.31118128
754776,0.98917335
754777,0.30157015
754778,0.880587
754779,0.9585477
754780,0.005822149
754781,0.17395529
754782,0.013096814
754783,0.03591433
754784,0.006537391
754785,0.026722267
754786,0.30810654
754787,0.083104074
754788,0.9844743
754789,0.17124857
754790,0.3795054
754791,0.0047043203
754792,0.52918154
754793,0.2105783
754794,0.03528826
754795,0.8988943
754796,0.018354356
754797,0.99048173
754798,0.012040075
754799,0.0996745
754800,0.67570424
754801,0.9838814
754802,0.84554183
754803,0.057915255
754804,0.7386622
754805,0.9915
754806,0.039528333
754807,0.99826825
754808,0.38438356
754809,0.040349785
754810,0.94455916
754811,0.99262804
754812,0.11932563
754813,0.6641279
754814,0.0028691813
754815,0.032659426
754816,0.024403725
754817,0.08164932
754818,0.9977812
754819,0.87730587
754820,0.8142966
754821,0.99260724
754822,0.97428906
754823,0.008162028
754824,0.89763355
754825,0.0021869878
754826,0.9991106
754827,0.99384177
754828,0.8223783
754829,0.04265933
754830,0.017890567
754831,0.0012371901
754832,0.9782663
754833,0.03196347
754834,0.9970487
754835,0.041004676
754836,0.9875549
754837,0.0025482387
754838,0.99913347
754839,0.0013321503
754840,0.020283451
754841,0.998839
754842,0.980947
754843,0.9951618
754844,0.7335485
754845,0.9866413
754846,0.009048649
754847,0.5495925
754848,0.53014004
754849,0.8052342
754850,0.6824934
754851,0.007074231
754852,0.013614787
754853,0.2521698
754854,0.0036309496
754855,0.0056759324
754856,0.99450326
754857,0.9532572
754858,0.15398218
754859,0.05872578
754860,0.9866083
754861,0.009145984
754862,0.9390027
754863,0.98680156
754864,0.021868749
754865,0.03406129
754866,0.033438075
754867,0.58145976
754868,0.0051159845
754869,0.99191535
754870,0.56728363
754871,0.8862332
754872,0.041226033
754873,0.15351973
754874,0.040724196
754875,0.01062616
754876,0.91003007
754877,0.97281605
754878,0.97135055
754879,0.009668476
754880,0.099799
754881,0.91775835
754882,0.94909585
754883,0.9225116
754884,0.019905344
754885,0.9844567
754886,0.43132862
754887,0.016569529
754888,0.053298905
754889,0.9866147
754890,0.9628394
754891,0.009506738
754892,0.25415933
754893,0.011919079
754894,0.011191828
754895,0.03564787
754896,0.7248012
754897,0.10988303
754898,0.11828928
754899,0.75900316
754900,0.093728736
754901,0.08319064
754902,0.31989014
754903,0.025843263
754904,0.043612078
754905,0.9275745
754906,0.9944334
754907,0.7220597
754908,0.007863186
754909,0.6091335
754910,0.022793902
754911,0.027512355
754912,0.99382323
754913,0.9254194
754914,0.26385933
754915,0.954702
754916,0.85249573
754917,0.9951742
754918,0.9598125
754919,0.57214034
754920,0.8288907
754921,0.98910475
754922,0.36376277
754923,0.90733707
754924,0.9808923
754925,0.014632726
754926,0.9868539
754927,0.07009853
754928,0.9827401
754929,0.04003139
754930,0.09445641
754931,0.8777821
754932,0.5473151
754933,0.049572516
754934,0.0281363
754935,0.22902626
754936,0.029733662
754937,0.011199513
754938,0.7620327
754939,0.054078974
754940,0.0048460504
754941,0.07161809
754942,0.018884229
754943,0.0064382367
754944,0.008429138
754945,0.9968265
754946,0.09986512
754947,0.13972333
754948,0.69856143
754949,0.075139575
754950,0.6502032
754951,0.07137337
754952,0.01846302
754953,0.17402785
754954,0.082876906
754955,0.99384016
754956,0.9843506
754957,0.9987078
754958,0.08101511
754959,0.024033483
754960,0.05673451
754961,0.98371965
754962,0.35927567
754963,0.99816495
754964,0.9420598
754965,0.27147523
754966,0.19956553
754967,0.014925947
754968,0.010364621
754969,0.84176654
754970,0.007575481
754971,0.07376976
754972,0.9792284
754973,0.990527
754974,0.037561763
754975,0.8580753
754976,0.90424776
754977,0.99493283
754978,0.21631467
754979,0.01429462
754980,0.09693102
754981,0.13021564
754982,0.0861385
754983,0.99447995
754984,0.67018944
754985,0.20096819
754986,0.007440137
754987,0.09561302
754988,0.2964003
754989,0.04030329
754990,0.5195446
754991,0.89757967
754992,0.9945425
754993,0.006056519
754994,0.9855965
754995,0.796057
754996,0.97918046
754997,0.25841722
754998,0.020191558
754999,0.02236539
755000,0.08411042
755001,0.9550652
755002,0.8079223
755003,0.9898735
755004,0.89935845
755005,0.98762196
755006,0.008924063
755007,0.86359936
755008,0.0041336115
755009,0.5512907
755010,0.23212159
755011,0.018329225
755012,0.038649946
755013,0.7696788
755014,0.99457234
755015,0.97315437
755016,0.99806625
755017,0.070219725
755018,0.071711935
755019,0.14892508
755020,0.036110237
755021,0.021373145
755022,0.40912086
755023,0.05133368
755024,0.9917448
755025,0.7800689
755026,0.29992637
755027,0.9038979
755028,0.17854926
755029,0.12792113
755030,0.016110897
755031,0.6518893
755032,0.006440182
755033,0.93803316
755034,0.04768267
755035,0.055999976
755036,0.021080403
755037,0.10646984
755038,0.030688707
755039,0.03791192
755040,0.02795206
755041,0.02133203
755042,0.06449838
755043,0.040993605
755044,0.0023289255
755045,0.94036525
755046,0.8503346
755047,0.97359174
755048,0.17413151
755049,0.98136616
755050,0.9822879
755051,0.10693314
755052,0.048286226
755053,0.9804628
755054,0.020377971
755055,0.99268293
755056,0.20700249
755057,0.7494098
755058,0.19624871
755059,0.01652389
755060,0.9945633
755061,0.9907253
755062,0.97088563
755063,0.6180031
755064,0.8509311
755065,0.019932896
755066,0.1274507
755067,0.02637704
755068,0.8227881
755069,0.8887266
755070,0.98484737
755071,0.93475044
755072,0.043548673
755073,0.99563575
755074,0.56415474
755075,0.22548063
755076,0.0028258055
755077,0.99500287
755078,0.077807635
755079,0.47770643
755080,0.46415243
755081,0.8171775
755082,0.007635673
755083,0.9956328
755084,0.16397437
755085,0.03620583
755086,0.5513846
755087,0.9551971
755088,0.009856772
755089,0.0006301652
755090,0.012681947
755091,0.9940691
755092,0.011236999
755093,0.8900037
755094,0.96742976
755095,0.33194938
755096,0.017333984
755097,0.013941723
755098,0.0123560475
755099,0.33620778
755100,0.0010035896
755101,0.01836195
755102,0.9916755
755103,0.030413244
755104,0.56143236
755105,0.14418052
755106,0.9957049
755107,0.031983558
755108,0.9895501
755109,0.9966543
755110,0.004515104
755111,0.9861702
755112,0.0065922462
755113,0.9996261
755114,0.7461592
755115,0.99037164
755116,0.995999
755117,0.02184134
755118,0.92228746
755119,0.018267985
755120,0.015574676
755121,0.30143914
755122,0.01348559
755123,0.009742355
755124,0.9986393
755125,0.5326257
755126,0.7560786
755127,0.005374877
755128,0.09816095
755129,0.04598371
755130,0.5476536
755131,0.97229767
755132,0.843311
755133,0.98646563
755134,0.010300988
755135,0.05899226
755136,0.75259334
755137,0.034060404
755138,0.015344663
755139,0.40376478
755140,0.904101
755141,0.059558135
755142,0.04327697
755143,0.98574317
755144,0.8913245
755145,0.99149257
755146,0.967484
755147,0.83868766
755148,0.073308274
755149,0.64236677
755150,0.9850965
755151,0.2842899
755152,0.94857264
755153,0.39350086
755154,0.005688658
755155,0.3328703
755156,0.8292332
755157,0.4365456
755158,0.2030437
755159,0.42448923
755160,0.031966202
755161,0.016418783
755162,0.7927994
755163,0.60606927
755164,0.094370686
755165,0.034429792
755166,0.7767534
755167,0.98094726
755168,0.5882493
755169,0.98864174
755170,0.007407431
755171,0.983771
755172,0.19202922
755173,0.007880865
755174,0.98226416
755175,0.15787658
755176,0.69257736
755177,0.89769614
755178,0.12006476
755179,0.51201135
755180,0.061357636
755181,0.44035557
755182,0.64975876
755183,0.9545404
755184,0.07219556
755185,0.9776334
755186,0.2766486
755187,0.014378797
755188,0.0140594365
755189,0.08394155
755190,0.040219147
755191,0.060583413
755192,0.7045548
755193,0.19384608
755194,0.33225054
755195,0.17067567
755196,0.38742095
755197,0.026343448
755198,0.5214516
755199,0.014436647
755200,0.9915357
755201,0.01979794
755202,0.014397031
755203,0.05646761
755204,0.9944627
755205,0.39086092
755206,0.98748195
755207,0.008736012
755208,0.019456588
755209,0.2663829
755210,0.82672983
755211,0.6566965
755212,0.09117811
755213,0.10431179
755214,0.9938229
755215,0.9970461
755216,0.9807516
755217,0.025940124
755218,0.99222565
755219,0.77930653
755220,0.16865753
755221,0.9924814
755222,0.3956942
755223,0.005537725
755224,0.8099537
755225,0.8881864
755226,0.11634142
755227,0.9996023
755228,0.01701836
755229,0.0069032186
755230,0.9979532
755231,0.7740236
755232,0.0026286999
755233,0.010571647
755234,0.94783837
755235,0.06496705
755236,0.99730563
755237,0.07291315
755238,0.29958344
755239,0.9888514
755240,0.020333927
755241,0.044666108
755242,0.02191058
755243,0.4640048
755244,0.13236243
755245,0.81514883
755246,0.9920535
755247,0.29196316
755248,0.69490945
755249,0.99256283
755250,0.3861699
755251,0.3965934
755252,0.9715299
755253,0.715994
755254,0.17430781
755255,0.8454157
755256,0.012031671
755257,0.008778407
755258,0.9980961
755259,0.061639905
755260,0.00758861
755261,0.011811835
755262,0.99785453
755263,0.44101456
755264,0.050674528
755265,0.0027585742
755266,0.94636345
755267,0.028626626
755268,0.9983635
755269,0.29477808
755270,0.04972669
755271,0.019977026
755272,0.97088623
755273,0.0045435587
755274,0.01863211
755275,0.004395181
755276,0.9498492
755277,0.3760546
755278,0.33468798
755279,0.24337123
755280,0.011420906
755281,0.5951008
755282,0.018999867
755283,0.21623445
755284,0.8246199
755285,0.008046791
755286,0.04383966
755287,0.9308492
755288,0.7318844
755289,0.32536775
755290,0.51514566
755291,0.23709667
755292,0.9482964
755293,0.030008504
755294,0.97560954
755295,0.97960246
755296,0.0071898913
755297,0.014056406
755298,0.9755032
755299,0.0076070866
755300,0.011377681
755301,0.01590249
755302,0.7024496
755303,0.9217645
755304,0.0072443536
755305,0.9722503
755306,0.013345753
755307,0.13198435
755308,0.22547652
755309,0.41203028
755310,0.9269475
755311,0.005400615
755312,0.04808213
755313,0.8379477
755314,0.6533192
755315,0.5847651
755316,0.010497744
755317,0.011509237
755318,0.0059416816
755319,0.7173913
755320,0.009314187
755321,0.99460596
755322,0.025488257
755323,0.18881148
755324,0.47690928
755325,0.02589773
755326,0.9948324
755327,0.0833015
755328,0.016152985
755329,0.9671335
755330,0.009327506
755331,0.97937226
755332,0.09822228
755333,0.020872418
755334,0.43879896
755335,0.9921167
755336,0.99221736
755337,0.8544605
755338,0.09271995
755339,0.11542769
755340,0.007999234
755341,0.56291467
755342,0.032766115
755343,0.65537834
755344,0.38498318
755345,0.07335462
755346,0.9677746
755347,0.028296756
755348,0.07346548
755349,0.015821764
755350,0.9436137
755351,0.98847187
755352,0.9798937
755353,0.9047318
755354,0.017822217
755355,0.99632317
755356,0.053848606
755357,0.014926002
755358,0.30921105
755359,0.0667267
755360,0.18930364
755361,0.9093901
755362,0.9848154
755363,0.9227034
755364,0.33529258
755365,0.98211515
755366,0.73971367
755367,0.009261691
755368,0.9952552
755369,0.107299164
755370,0.049094003
755371,0.004893996
755372,0.008094158
755373,0.8282906
755374,0.86609924
755375,0.028458709
755376,0.99160784
755377,0.0071751582
755378,0.011028934
755379,0.19035757
755380,0.9468211
755381,0.15274009
755382,0.08890077
755383,0.10840228
755384,0.22302581
755385,0.8409169
755386,0.8744678
755387,0.07307559
755388,0.030763851
755389,0.051497996
755390,0.92751086
755391,0.13542683
755392,0.0869169
755393,0.036794048
755394,0.9919701
755395,0.028755827
755396,0.14043288
755397,0.12249135
755398,0.99290794
755399,0.98732126
755400,0.0037869255
755401,0.024085196
755402,0.92503387
755403,0.9667965
755404,0.29596394
755405,0.07235857
755406,0.93892264
755407,0.005869015
755408,0.0254853
755409,0.9803664
755410,0.0070096063
755411,0.007742584
755412,0.08507384
755413,0.97055084
755414,0.08374099
755415,0.046640795
755416,0.993868
755417,0.4075135
755418,0.41609022
755419,0.07399346
755420,0.011689026
755421,0.04420954
755422,0.59932023
755423,0.20746365
755424,0.0082516
755425,0.12472746
755426,0.51267695
755427,0.87636244
755428,0.9606507
755429,0.9910554
755430,0.016587235
755431,0.742586
755432,0.17139831
755433,0.008122321
755434,0.9836968
755435,0.11791464
755436,0.9446881
755437,0.032239705
755438,0.01474739
755439,0.8657876
755440,0.007497582
755441,0.0045709624
755442,0.017410718
755443,0.066115424
755444,0.028087154
755445,0.01807541
755446,0.18535459
755447,0.012011871
755448,0.5474353
755449,0.3925899
755450,0.076163776
755451,0.9947404
755452,0.012653832
755453,0.11759357
755454,0.055354934
755455,0.9877896
755456,0.012925403
755457,0.044581473
755458,0.97066295
755459,0.6046313
755460,0.92517936
755461,0.052616324
755462,0.9967132
755463,0.5022719
755464,0.16137818
755465,0.96222776
755466,0.97922486
755467,0.8491393
755468,0.32525307
755469,0.026696807
755470,0.9786689
755471,0.8769909
755472,0.17210077
755473,0.2876795
755474,0.91118526
755475,0.06584277
755476,0.98832095
755477,0.7911964
755478,0.0054681096
755479,0.002170144
755480,0.004615293
755481,0.46343553
755482,0.98056585
755483,0.775281
755484,0.19937223
755485,0.94002473
755486,0.39568144
755487,0.15954071
755488,0.14003775
755489,0.7017302
755490,0.48118278
755491,0.0064678006
755492,0.9461292
755493,0.0062672454
755494,0.99610054
755495,0.9950077
755496,0.9617169
755497,0.055274855
755498,0.07979312
755499,0.16498683
755500,0.97195363
755501,0.06326228
755502,0.47400343
755503,0.56569475
755504,0.94487226
755505,0.9932376
755506,0.017952038
755507,0.9325961
755508,0.3991632
755509,0.2550529
755510,0.1075809
755511,0.975633
755512,0.97610736
755513,0.011864898
755514,0.066110685
755515,0.44306386
755516,0.9778098
755517,0.93270624
755518,0.9485867
755519,0.3805468
755520,0.8689321
755521,0.45803794
755522,0.9086864
755523,0.43796265
755524,0.99844974
755525,0.89855117
755526,0.023646774
755527,0.9940523
755528,0.7394222
755529,0.006151026
755530,0.9463398
755531,0.98968196
755532,0.9904844
755533,0.36219135
755534,0.16029361
755535,0.99976385
755536,0.6486095
755537,0.2120799
755538,0.99341357
755539,0.013352874
755540,0.0064274142
755541,0.9992763
755542,0.8464303
755543,0.68226475
755544,0.10736065
755545,0.7217894
755546,0.009815644
755547,0.042244077
755548,0.998984
755549,0.99449813
755550,0.07931386
755551,0.2831593
755552,0.572282
755553,0.22888924
755554,0.014043856
755555,0.13765135
755556,0.3553015
755557,0.9910319
755558,0.90771544
755559,0.96369874
755560,0.012407284
755561,0.99418753
755562,0.9780967
755563,0.0052680457
755564,0.004997379
755565,0.006247427
755566,0.6368419
755567,0.18747944
755568,0.6583965
755569,0.89288527
755570,0.9877945
755571,0.97970194
755572,0.99272054
755573,0.35655075
755574,0.53445774
755575,0.07692532
755576,0.92865515
755577,0.04279209
755578,0.13617986
755579,0.99765134
755580,0.06054265
755581,0.8598268
755582,0.9556208
755583,0.028077262
755584,0.04747279
755585,0.012376254
755586,0.012821083
755587,0.99836314
755588,0.9475976
755589,0.021788992
755590,0.7174042
755591,0.0029161177
755592,0.00906738
755593,0.90931094
755594,0.030391768
755595,0.03932419
755596,0.9867595
755597,0.025251992
755598,0.91468155
755599,0.082551725
755600,0.16369723
755601,0.030013226
755602,0.78853947
755603,0.99890995
755604,0.2964901
755605,0.7721635
755606,0.1482379
755607,0.99340785
755608,0.041122556
755609,0.1223406
755610,0.055849683
755611,0.03399473
755612,0.0159822
755613,0.057224125
755614,0.99554396
755615,0.77151877
755616,0.048749052
755617,0.9873341
755618,0.9969581
755619,0.9842949
755620,0.013766274
755621,0.6677161
755622,0.15726876
755623,0.99640226
755624,0.44606376
755625,0.9551712
755626,0.005961813
755627,0.00421002
755628,0.99349713
755629,0.9230128
755630,0.8229883
755631,0.99105114
755632,0.98947525
755633,0.20258988
755634,0.9583096
755635,0.6367283
755636,0.627748
755637,0.9083182
755638,0.16079858
755639,0.9818749
755640,0.7099045
755641,0.051435698
755642,0.48624054
755643,0.28978837
755644,0.6848813
755645,0.014515776
755646,0.010176555
755647,0.9711314
755648,0.1818996
755649,0.91829
755650,0.041085504
755651,0.9166966
755652,0.49435154
755653,0.9774662
755654,0.02989155
755655,0.09544762
755656,0.011219638
755657,0.6145187
755658,0.08091502
755659,0.97188073
755660,0.9785528
755661,0.16328767
755662,0.014855484
755663,0.6969733
755664,0.08695191
755665,0.012835441
755666,0.99470156
755667,0.010463685
755668,0.05196387
755669,0.9500003
755670,0.3392424
755671,0.9320664
755672,0.3370418
755673,0.9098
755674,0.031463943
755675,0.9985355
755676,0.9932712
755677,0.89864236
755678,0.002693791
755679,0.055313826
755680,0.06334028
755681,0.9371842
755682,0.008384129
755683,0.3944883
755684,0.8215217
755685,0.8035458
755686,0.028882671
755687,0.40925497
755688,0.105972715
755689,0.13924295
755690,0.007193147
755691,0.9901894
755692,0.06992744
755693,0.9828274
755694,0.04959404
755695,0.18282697
755696,0.007187969
755697,0.8434216
755698,0.029099813
755699,0.17662996
755700,0.01025807
755701,0.057235304
755702,0.0005649375
755703,0.24598452
755704,0.81655633
755705,0.99739456
755706,0.0134687815
755707,0.015012265
755708,0.154018
755709,0.040709615
755710,0.021710824
755711,0.5046105
755712,0.009169044
755713,0.65362203
755714,0.451348
755715,0.2623369
755716,0.990865
755717,0.47402385
755718,0.05319871
755719,0.75944936
755720,0.9091334
755721,0.05964767
755722,0.03504007
755723,0.9789629
755724,0.9956487
755725,0.11693379
755726,0.22235008
755727,0.035453904
755728,0.0030746944
755729,0.7557434
755730,0.97344184
755731,0.5861213
755732,0.9731877
755733,0.011638373
755734,0.029261349
755735,0.94296426
755736,0.98350704
755737,0.5993892
755738,0.18203963
755739,0.9908493
755740,0.101494156
755741,0.9142721
755742,0.023060072
755743,0.98484784
755744,0.913575
755745,0.9256783
755746,0.09545832
755747,0.8637896
755748,0.99480593
755749,0.76352376
755750,0.10914052
755751,0.5447148
755752,0.0149700055
755753,0.009641543
755754,0.5235905
755755,0.8689495
755756,0.077297255
755757,0.98495317
755758,0.9782989
755759,0.11593502
755760,0.77509654
755761,0.22044545
755762,0.04429262
755763,0.035922058
755764,0.005115376
755765,0.99623084
755766,0.9711023
755767,0.3942493
755768,0.029401729
755769,0.007538058
755770,0.0795824
755771,0.14097387
755772,0.92355824
755773,0.9007373
755774,0.00731363
755775,0.88619184
755776,0.75502276
755777,0.0068154475
755778,0.03835269
755779,0.029357111
755780,0.9297176
755781,0.10354238
755782,0.041272752
755783,0.989222
755784,0.096659794
755785,0.8425456
755786,0.054118354
755787,0.077001065
755788,0.030870654
755789,0.9955762
755790,0.012124959
755791,0.1152885
755792,0.8027613
755793,0.022828585
755794,0.884234
755795,0.044358805
755796,0.18227881
755797,0.018496715
755798,0.22990371
755799,0.12843475
755800,0.921454
755801,0.018970428
755802,0.1219396
755803,0.06168023
755804,0.52345914
755805,0.9582724
755806,0.9670711
755807,0.0436772
755808,0.08082292
755809,0.12449206
755810,0.86323345
755811,0.5012088
755812,0.106709875
755813,0.94213784
755814,0.045271553
755815,0.052284617
755816,0.009822009
755817,0.00408735
755818,0.9960432
755819,0.11455378
755820,0.9725939
755821,0.045143176
755822,0.947134
755823,0.77436554
755824,0.96937126
755825,0.87052524
755826,0.06457841
755827,0.0015781021
755828,0.018791359
755829,0.24672025
755830,0.9292518
755831,0.009452738
755832,0.6269828
755833,0.043088745
755834,0.06099068
755835,0.011481657
755836,0.8852206
755837,0.97077024
755838,0.27629107
755839,0.08121495
755840,0.071098514
755841,0.99434614
755842,0.9910966
755843,0.019346604
755844,0.054995045
755845,0.096975975
755846,0.29655477
755847,0.20044181
755848,0.9871891
755849,0.13005385
755850,0.1699126
755851,0.95845085
755852,0.17120172
755853,0.046219036
755854,0.019128438
755855,0.99565375
755856,0.9959753
755857,0.028743219
755858,0.8706218
755859,0.58729136
755860,0.6167605
755861,0.70509297
755862,0.9798419
755863,0.04551675
755864,0.015963178
755865,0.869387
755866,0.33947897
755867,0.33493614
755868,0.031732943
755869,0.65478665
755870,0.07328755
755871,0.9968185
755872,0.9143684
755873,0.7272129
755874,0.011668913
755875,0.50953966
755876,0.71790755
755877,0.068219416
755878,0.03991772
755879,0.010403556
755880,0.0121741025
755881,0.9232254
755882,0.6524914
755883,0.1635544
755884,0.10585168
755885,0.0039024283
755886,0.071425736
755887,0.17413542
755888,0.98973477
755889,0.03362151
755890,0.1017095
755891,0.68476176
755892,0.93189037
755893,0.019641262
755894,0.7514715
755895,0.06310153
755896,0.99145955
755897,0.80550206
755898,0.38347644
755899,0.017598743
755900,0.9989079
755901,0.7681473
755902,0.96348447
755903,0.9862207
755904,0.18976265
755905,0.10337175
755906,0.011477701
755907,0.028189888
755908,0.16320135
755909,0.8933986
755910,0.8747133
755911,0.02902665
755912,0.9594868
755913,0.20974278
755914,0.99575186
755915,0.9456401
755916,0.13389248
755917,0.15429133
755918,0.6367669
755919,0.9858798
755920,0.015519351
755921,0.3549153
755922,0.97975236
755923,0.9075167
755924,0.14540559
755925,0.016231474
755926,0.7211876
755927,0.74270815
755928,0.42841122
755929,0.0061230436
755930,0.05584949
755931,0.050463837
755932,0.9336028
755933,0.6715779
755934,0.99855846
755935,0.008574582
755936,0.20294957
755937,0.9824802
755938,0.041791055
755939,0.070112616
755940,0.03647799
755941,0.072917394
755942,0.21273729
755943,0.31723708
755944,0.77456975
755945,0.26983267
755946,0.98467124
755947,0.01758673
755948,0.0304321
755949,0.9994621
755950,0.48277608
755951,0.44064087
755952,0.02503567
755953,0.039459873
755954,0.9535246
755955,0.034387477
755956,0.0028906234
755957,0.2929133
755958,0.443372
755959,0.015893292
755960,0.049542256
755961,0.0050975233
755962,0.77864385
755963,0.02262914
755964,0.042120196
755965,0.07897149
755966,0.844205
755967,0.9978564
755968,0.20204785
755969,0.9763055
755970,0.3891151
755971,0.039232284
755972,0.959994
755973,0.0060995882
755974,0.43013844
755975,0.99247193
755976,0.015207384
755977,0.99344885
755978,0.9986784
755979,0.4101719
755980,0.44211382
755981,0.005094293
755982,0.43974942
755983,0.83340627
755984,0.027013188
755985,0.9611282
755986,0.87592876
755987,0.9620538
755988,0.04974114
755989,0.008090245
755990,0.9974568
755991,0.037510917
755992,0.004870969
755993,0.5960981
755994,0.9683925
755995,0.124461666
755996,0.9545863
755997,0.13636206
755998,0.9965217
755999,0.53828573
756000,0.11014919
756001,0.09800781
756002,0.298685
756003,0.011098115
756004,0.17814238
756005,0.060094424
756006,0.020301187
756007,0.9389274
756008,0.96418357
756009,0.5524886
756010,0.9794097
756011,0.022709452
756012,0.9250618
756013,0.97095937
756014,0.029093005
756015,0.9888333
756016,0.9959789
756017,0.9029621
756018,0.0047426997
756019,0.7716123
756020,0.88246393
756021,0.5241803
756022,0.005968495
756023,0.0053572883
756024,0.013551459
756025,0.34539637
756026,0.003131129
756027,0.95952344
756028,0.009703
756029,0.27578187
756030,0.10963889
756031,0.9979365
756032,0.014979996
756033,0.14219932
756034,0.013687419
756035,0.9840544
756036,0.3533868
756037,0.011996195
756038,0.11834323
756039,0.9258131
756040,0.99353236
756041,0.15691915
756042,0.49117345
756043,0.6343898
756044,0.0020071005
756045,0.010359774
756046,0.39793044
756047,0.8549716
756048,0.93844306
756049,0.016934795
756050,0.89003015
756051,0.75481427
756052,0.23806946
756053,0.9892484
756054,0.026758924
756055,0.0073600765
756056,0.025903482
756057,0.007107367
756058,0.018212738
756059,0.22062007
756060,0.4775704
756061,0.17100611
756062,0.2195959
756063,0.009157194
756064,0.3063026
756065,0.04672494
756066,0.7060662
756067,0.085304335
756068,0.27146584
756069,0.998985
756070,0.6207427
756071,0.10628219
756072,0.95656556
756073,0.82755435
756074,0.57281834
756075,0.054222636
756076,0.29811406
756077,0.0019951232
756078,0.977886
756079,0.88532907
756080,0.054066703
756081,0.98945624
756082,0.046468094
756083,0.14174753
756084,0.9706386
756085,0.9437835
756086,0.32229814
756087,0.0064733652
756088,0.17730081
756089,0.99458945
756090,0.95580125
756091,0.013313205
756092,0.99808884
756093,0.18380833
756094,0.99324286
756095,0.98138165
756096,0.5233362
756097,0.46471924
756098,0.45429027
756099,0.050361466
756100,0.0036619524
756101,0.48682165
756102,0.021678789
756103,0.040042493
756104,0.07852128
756105,0.9261696
756106,0.9470964
756107,0.982466
756108,0.0028577393
756109,0.1167192
756110,0.1130496
756111,0.8592434
756112,0.24894837
756113,0.9885808
756114,0.9880415
756115,0.9404122
756116,0.33008558
756117,0.9968308
756118,0.8929841
756119,0.9943847
756120,0.7021201
756121,0.034536514
756122,0.76401734
756123,0.44992915
756124,0.14866365
756125,0.38404366
756126,0.61190194
756127,0.59508485
756128,0.78778976
756129,0.995134
756130,0.04336065
756131,0.033700947
756132,0.059078805
756133,0.68700016
756134,0.03237584
756135,0.039754406
756136,0.025737753
756137,0.98207915
756138,0.06780847
756139,0.26718313
756140,0.011891643
756141,0.5552515
756142,0.9764263
756143,0.9854418
756144,0.0028697131
756145,0.020955522
756146,0.93756574
756147,0.08182265
756148,0.096824
756149,0.08697328
756150,0.47996813
756151,0.08827922
756152,0.95626193
756153,0.041525923
756154,0.003445186
756155,0.76024705
756156,0.11849145
756157,0.040339682
756158,0.5234729
756159,0.060943693
756160,0.08209845
756161,0.07371545
756162,0.9910934
756163,0.9979368
756164,0.9768367
756165,0.5436899
756166,0.44692713
756167,0.9937537
756168,0.99695504
756169,0.042228058
756170,0.937897
756171,0.9515713
756172,0.9622832
756173,0.09668073
756174,0.99789953
756175,0.022466173
756176,0.71344805
756177,0.69434226
756178,0.25583696
756179,0.059770957
756180,0.35914764
756181,0.97594047
756182,0.25541925
756183,0.970675
756184,0.036800966
756185,0.0037790171
756186,0.91783285
756187,0.058590606
756188,0.007889387
756189,0.87682796
756190,0.15051232
756191,0.024339262
756192,0.022625783
756193,0.035580467
756194,0.08399284
756195,0.87292874
756196,0.024940724
756197,0.99178296
756198,0.9503278
756199,0.018691426
756200,0.007151558
756201,0.13080133
756202,0.9435109
756203,0.44361538
756204,0.008066345
756205,0.044832908
756206,0.635857
756207,0.036586657
756208,0.035050113
756209,0.0036687388
756210,0.06516749
756211,0.9966448
756212,0.21856602
756213,0.04133133
756214,0.99442905
756215,0.025373392
756216,0.21327627
756217,0.621361
756218,0.9991678
756219,0.9504163
756220,0.15429018
756221,0.96963656
756222,0.01813604
756223,0.01127484
756224,0.008755647
756225,0.735924
756226,0.02136676
756227,0.9904318
756228,0.050507303
756229,0.0021511128
756230,0.549392
756231,0.006034976
756232,0.512264
756233,0.32725984
756234,0.41297138
756235,0.007109372
756236,0.11713766
756237,0.67251474
756238,0.9710364
756239,0.32061374
756240,0.11286555
756241,0.77282906
756242,0.19015042
756243,0.2037149
756244,0.015780946
756245,0.07031459
756246,0.9905383
756247,0.006450921
756248,0.25939918
756249,0.9266838
756250,0.61415887
756251,0.0031758773
756252,0.9815334
756253,0.07244025
756254,0.00657777
756255,0.00064888364
756256,0.49490237
756257,0.9869021
756258,0.9963009
756259,0.025296338
756260,0.9282317
756261,0.9093253
756262,0.9558795
756263,0.71934825
756264,0.12397535
756265,0.040817514
756266,0.9974573
756267,0.104209825
756268,0.022377064
756269,0.0066954526
756270,0.9670525
756271,0.06569804
756272,0.78059787
756273,0.0068277298
756274,0.9460026
756275,0.89962846
756276,0.0065256506
756277,0.08132136
756278,0.948372
756279,0.0054810294
756280,0.6210465
756281,0.9831663
756282,0.03273464
756283,0.057868425
756284,0.98880976
756285,0.81128526
756286,0.48891833
756287,0.4444999
756288,0.99106973
756289,0.046472553
756290,0.03466987
756291,0.09510867
756292,0.8512393
756293,0.87219167
756294,0.80734015
756295,0.038540736
756296,0.8149425
756297,0.36320075
756298,0.024979347
756299,0.04108337
756300,0.5311739
756301,0.005700736
756302,0.9926915
756303,0.37046582
756304,0.85786915
756305,0.66650856
756306,0.303156
756307,0.9676425
756308,0.41962418
756309,0.01382826
756310,0.79307497
756311,0.0062982603
756312,0.0023964858
756313,0.9844552
756314,0.17809169
756315,0.14625676
756316,0.005483474
756317,0.75954616
756318,0.16844691
756319,0.7724191
756320,0.006483972
756321,0.94149643
756322,0.86788845
756323,0.40097475
756324,0.746102
756325,0.09070761
756326,0.42501014
756327,0.04420985
756328,0.005201212
756329,0.08492188
756330,0.008002011
756331,0.22501636
756332,0.2718821
756333,0.09716664
756334,0.9938829
756335,0.3804369
756336,0.020465028
756337,0.3962147
756338,0.67624176
756339,0.94839513
756340,0.9977627
756341,0.010193691
756342,0.6041329
756343,0.9980696
756344,0.011801343
756345,0.23475277
756346,0.27962238
756347,0.9721696
756348,0.0225631
756349,0.8976611
756350,0.99288017
756351,0.39218324
756352,0.0067245066
756353,0.035751157
756354,0.85776234
756355,0.012574532
756356,0.85417855
756357,0.01419987
756358,0.111014396
756359,0.0073720515
756360,0.05670809
756361,0.93864155
756362,0.0534731
756363,0.027322706
756364,0.07494923
756365,0.9256256
756366,0.02119594
756367,0.028534427
756368,0.8652364
756369,0.14218602
756370,0.068458796
756371,0.41794074
756372,0.61173624
756373,0.98669773
756374,0.28260213
756375,0.039636087
756376,0.41153932
756377,0.99867904
756378,0.94197595
756379,0.69168335
756380,0.9553169
756381,0.009590011
756382,0.026121171
756383,0.32562113
756384,0.0094389785
756385,0.99247754
756386,0.64014584
756387,0.03597122
756388,0.98621875
756389,0.9921571
756390,0.025102977
756391,0.790972
756392,0.86126643
756393,0.9855393
756394,0.9928229
756395,0.32536724
756396,0.016590267
756397,0.9901339
756398,0.23307635
756399,0.96749866
756400,0.06830099
756401,0.2942052
756402,0.99804914
756403,0.27680242
756404,0.11499923
756405,0.08849791
756406,0.06985454
756407,0.9470947
756408,0.99645704
756409,0.12083748
756410,0.00067355763
756411,0.99844885
756412,0.7283951
756413,0.31658173
756414,0.047947757
756415,0.20966464
756416,0.009070488
756417,0.016727015
756418,0.63615465
756419,0.010141914
756420,0.9694464
756421,0.023341775
756422,0.99138385
756423,0.04401887
756424,0.011529837
756425,0.515787
756426,0.9436436
756427,0.9786076
756428,0.002814536
756429,0.9936655
756430,0.8267995
756431,0.5717966
756432,0.8066462
756433,0.004553859
756434,0.076941624
756435,0.01387504
756436,0.010122518
756437,0.013612687
756438,0.021758564
756439,0.11209544
756440,0.85707957
756441,0.65074706
756442,0.7236335
756443,0.10217578
756444,0.2607031
756445,0.0052030217
756446,0.0593843
756447,0.28749692
756448,0.7885213
756449,0.01225361
756450,0.5424573
756451,0.82897663
756452,0.008365506
756453,0.023128875
756454,0.88576263
756455,0.9901916
756456,0.07329687
756457,0.99835974
756458,0.996463
756459,0.40593976
756460,0.98696625
756461,0.94232047
756462,0.23950645
756463,0.99560046
756464,0.039262373
756465,0.040734768
756466,0.9981938
756467,0.03231265
756468,0.21884938
756469,0.014674997
756470,0.05112423
756471,0.21977505
756472,0.13253509
756473,0.20350495
756474,0.97570527
756475,0.017236669
756476,0.98301744
756477,0.15297836
756478,0.8241812
756479,0.025545293
756480,0.7743163
756481,0.15049893
756482,0.25668216
756483,0.36545074
756484,0.016448298
756485,0.18044022
756486,0.9826962
756487,0.0038293381
756488,0.98270994
756489,0.9016713
756490,0.9961999
756491,0.43964365
756492,0.13768877
756493,0.1408159
756494,0.9889572
756495,0.78716254
756496,0.17070581
756497,0.5121391
756498,0.2277094
756499,0.042205054
756500,0.0055503477
756501,0.5241969
756502,0.9537672
756503,0.008864148
756504,0.9297316
756505,0.025790345
756506,0.36032945
756507,0.32223335
756508,0.008767444
756509,0.8327673
756510,0.78245455
756511,0.009665122
756512,0.05563448
756513,0.15486674
756514,0.03424807
756515,0.87402475
756516,0.994089
756517,0.15974012
756518,0.003387608
756519,0.012510443
756520,0.011262823
756521,0.48706102
756522,0.2222084
756523,0.9957147
756524,0.05160464
756525,0.007332194
756526,0.82418925
756527,0.1203996
756528,0.5903677
756529,0.9991945
756530,0.7892304
756531,0.9927422
756532,0.07048805
756533,0.6886092
756534,0.79934007
756535,0.009820098
756536,0.06468442
756537,0.98430777
756538,0.086298406
756539,0.7266737
756540,0.069532506
756541,0.9229467
756542,0.07227951
756543,0.043094177
756544,0.035416923
756545,0.931241
756546,0.05517833
756547,0.7872737
756548,0.9814732
756549,0.027989004
756550,0.29543465
756551,0.18530373
756552,0.8413406
756553,0.9974403
756554,0.0902736
756555,0.024102226
756556,0.010809362
756557,0.017148854
756558,0.95933974
756559,0.0868979
756560,0.11476988
756561,0.32237917
756562,0.06830456
756563,0.96751374
756564,0.28856343
756565,0.94501
756566,0.06740323
756567,0.82621217
756568,0.31568366
756569,0.0041191704
756570,0.99482805
756571,0.2562281
756572,0.99559826
756573,0.15145077
756574,0.6815306
756575,0.04077059
756576,0.021203142
756577,0.5485283
756578,0.98843414
756579,0.93331623
756580,0.027612504
756581,0.28731233
756582,0.85210294
756583,0.0742666
756584,0.9559742
756585,0.5804302
756586,0.6516655
756587,0.90597737
756588,0.13362715
756589,0.4730919
756590,0.0051539824
756591,0.03777445
756592,0.55183244
756593,0.07330745
756594,0.97127277
756595,0.5789873
756596,0.4942126
756597,0.76829386
756598,0.08277342
756599,0.005515718
756600,0.0085757
756601,0.025284281
756602,0.06264813
756603,0.030694153
756604,0.23659405
756605,0.9567996
756606,0.8574115
756607,0.31232634
756608,0.88885343
756609,0.99812865
756610,0.5220008
756611,0.01165989
756612,0.7009195
756613,0.38513044
756614,0.7261967
756615,0.009580352
756616,0.00786492
756617,0.52777016
756618,0.5387401
756619,0.025620755
756620,0.6260258
756621,0.4655391
756622,0.0016516999
756623,0.034069415
756624,0.9624512
756625,0.41860053
756626,0.93085754
756627,0.48975936
756628,0.9412742
756629,0.9014278
756630,0.1443087
756631,0.947742
756632,0.7098461
756633,0.002183349
756634,0.0197648
756635,0.9313133
756636,0.7349632
756637,0.04260672
756638,0.7014938
756639,0.99186623
756640,0.981449
756641,0.25903735
756642,0.91695976
756643,0.034207694
756644,0.04076385
756645,0.013404984
756646,0.026448648
756647,0.9951681
756648,0.9314719
756649,0.6841098
756650,0.0097089615
756651,0.014054434
756652,0.023057887
756653,0.04301127
756654,0.59410495
756655,0.015753198
756656,0.89437014
756657,0.13577586
756658,0.082156286
756659,0.951269
756660,0.84485626
756661,0.055276055
756662,0.013368485
756663,0.9759312
756664,0.008383356
756665,0.012870937
756666,0.11526972
756667,0.17928666
756668,0.93365407
756669,0.14727375
756670,0.027299
756671,0.011846813
756672,0.7933353
756673,0.9155312
756674,0.82745796
756675,0.28311822
756676,0.03720341
756677,0.042038042
756678,0.9751904
756679,0.8483686
756680,0.4164673
756681,0.0059561366
756682,0.013725977
756683,0.007923232
756684,0.009655878
756685,0.031303108
756686,0.97468495
756687,0.9820925
756688,0.030657407
756689,0.756209
756690,0.18074709
756691,0.13871838
756692,0.6922415
756693,0.20243223
756694,0.016569393
756695,0.4336426
756696,0.029964413
756697,0.97202575
756698,0.0658082
756699,0.22001523
756700,0.12240105
756701,0.9958102
756702,0.41157275
756703,0.06327529
756704,0.007027674
756705,0.75684416
756706,0.995957
756707,0.86894363
756708,0.015778642
756709,0.64209247
756710,0.9702226
756711,0.07875309
756712,0.8997265
756713,0.9870096
756714,0.09060637
756715,0.9426936
756716,0.22140688
756717,0.99120986
756718,0.0011781533
756719,0.99932206
756720,0.9859702
756721,0.08459072
756722,0.99684423
756723,0.011946916
756724,0.0061292397
756725,0.9724345
756726,0.87718344
756727,0.9874314
756728,0.028198356
756729,0.23228747
756730,0.39373633
756731,0.9604162
756732,0.017045846
756733,0.05357904
756734,0.019854961
756735,0.875693
756736,0.98731834
756737,0.035453256
756738,0.034458812
756739,0.95345294
756740,0.07144199
756741,0.04329964
756742,0.7884095
756743,0.0495088
756744,0.6244907
756745,0.027009862
756746,0.66372555
756747,0.10150274
756748,0.9569012
756749,0.4471541
756750,0.188052
756751,0.91433275
756752,0.9991561
756753,0.9626776
756754,0.6304225
756755,0.98933774
756756,0.7958943
756757,0.9515933
756758,0.009432532
756759,0.56557935
756760,0.73673165
756761,0.076441586
756762,0.059777882
756763,0.09481706
756764,0.05394177
756765,0.037996802
756766,0.82738346
756767,0.025150836
756768,0.14429851
756769,0.46590236
756770,0.0323574
756771,0.023110095
756772,0.3520822
756773,0.99093354
756774,0.008512303
756775,0.017256495
756776,0.7667781
756777,0.015275681
756778,0.99753904
756779,0.52701443
756780,0.08901993
756781,0.0074791135
756782,0.13624921
756783,0.9969844
756784,0.99178
756785,0.99229753
756786,0.018177569
756787,0.7922919
756788,0.23143968
756789,0.2875349
756790,0.87068164
756791,0.051596623
756792,0.038702216
756793,0.9990334
756794,0.7069093
756795,0.050100137
756796,0.53919643
756797,0.40116626
756798,0.98816717
756799,0.051115707
756800,0.93362844
756801,0.7198861
756802,0.19440481
756803,0.09939777
756804,0.15471885
756805,0.9979863
756806,0.1262412
756807,0.998094
756808,0.12614319
756809,0.02392555
756810,0.06524126
756811,0.31488895
756812,0.34359023
756813,0.0072270124
756814,0.016662331
756815,0.99844754
756816,0.9950489
756817,0.9982487
756818,0.4387959
756819,0.22513646
756820,0.021727217
756821,0.4824184
756822,0.009593212
756823,0.44913122
756824,0.008286713
756825,0.0077721346
756826,0.004141829
756827,0.69806945
756828,0.6829104
756829,0.011389126
756830,0.033541493
756831,0.19621187
756832,0.04097478
756833,0.9457166
756834,0.022755433
756835,0.018274216
756836,0.006662041
756837,0.9964404
756838,0.07823739
756839,0.6910916
756840,0.024470575
756841,0.5824622
756842,0.043588687
756843,0.79195845
756844,0.9046186
756845,0.9995669
756846,0.6570337
756847,0.6026381
756848,0.111494966
756849,0.9981219
756850,0.09443167
756851,0.00023380682
756852,0.982488
756853,0.978799
756854,0.99486244
756855,0.9281519
756856,0.94663465
756857,0.990581
756858,0.02775155
756859,0.32340753
756860,0.6100999
756861,0.57869476
756862,0.8076324
756863,0.022199608
756864,0.5931391
756865,0.0051127514
756866,0.35204846
756867,0.98976815
756868,0.22742173
756869,0.61626095
756870,0.9953815
756871,0.6051821
756872,0.015888512
756873,0.34820047
756874,0.093981415
756875,0.98697174
756876,0.0051275752
756877,0.2414471
756878,0.033449892
756879,0.5978585
756880,0.14916354
756881,0.41572067
756882,0.9897766
756883,0.010525574
756884,0.966873
756885,0.025105713
756886,0.10302142
756887,0.82500446
756888,0.9367226
756889,0.54542357
756890,0.65312856
756891,0.16008085
756892,0.45763057
756893,0.451028
756894,0.38516217
756895,0.038989104
756896,0.8472187
756897,0.057231165
756898,0.96423924
756899,0.21288103
756900,0.08226447
756901,0.056126162
756902,0.7617085
756903,0.96101624
756904,0.99116534
756905,0.2855236
756906,0.8866487
756907,0.6914552
756908,0.056884635
756909,0.6470971
756910,0.024523811
756911,0.007965239
756912,0.9078996
756913,0.053417996
756914,0.6914989
756915,0.016400598
756916,0.009755902
756917,0.5786034
756918,0.00311734
756919,0.027635194
756920,0.07062706
756921,0.6557045
756922,0.8599214
756923,0.20725405
756924,0.005298566
756925,0.029167462
756926,0.25211385
756927,0.9923185
756928,0.038898695
756929,0.8927273
756930,0.9823893
756931,0.035298765
756932,0.9733892
756933,0.9939921
756934,0.067547835
756935,0.9685292
756936,0.5935352
756937,0.94878566
756938,0.5371683
756939,0.8437089
756940,0.001386124
756941,0.57776266
756942,0.9859989
756943,0.7564186
756944,0.99745774
756945,0.014377287
756946,0.9749994
756947,0.90090287
756948,0.99657816
756949,0.009341585
756950,0.008243
756951,0.0040716366
756952,0.6143832
756953,0.4114543
756954,0.73587954
756955,0.50521696
756956,0.94098085
756957,0.1229657
756958,0.0035934844
756959,0.98431057
756960,0.104941264
756961,0.07902634
756962,0.47491613
756963,0.9783986
756964,0.018948425
756965,0.018324316
756966,0.99721414
756967,0.2574488
756968,0.9859685
756969,0.23149073
756970,0.032057356
756971,0.9974832
756972,0.008687046
756973,0.96300805
756974,0.994424
756975,0.04061129
756976,0.9922872
756977,0.99789655
756978,0.58067447
756979,0.018217186
756980,0.0056928247
756981,0.056600347
756982,0.10318505
756983,0.98938155
756984,0.014757065
756985,0.300175
756986,0.89530015
756987,0.5771845
756988,0.1193407
756989,0.06719208
756990,0.015451615
756991,0.9912688
756992,0.004611333
756993,0.088431686
756994,0.107757695
756995,0.9514382
756996,0.02952792
756997,0.9934026
756998,0.91496885
756999,0.007330969
757000,0.015041537
757001,0.8512945
757002,0.015278662
757003,0.9774728
757004,0.7078367
757005,0.2713232
757006,0.049648292
757007,0.98927736
757008,0.18486112
757009,0.10360373
757010,0.013530639
757011,0.0010957166
757012,0.5339482
757013,0.97186244
757014,0.007057736
757015,0.99650145
757016,0.11443885
757017,0.99561834
757018,0.9685498
757019,0.045733254
757020,0.09523748
757021,0.9939806
757022,0.9671645
757023,0.051422298
757024,0.81521463
757025,0.52860343
757026,0.7380877
757027,0.015576173
757028,0.703019
757029,0.09428265
757030,0.08465316
757031,0.7786388
757032,0.1353249
757033,0.006266326
757034,0.062320787
757035,0.004045888
757036,0.50243676
757037,0.23576632
757038,0.20715219
757039,0.90167755
757040,0.15314497
757041,0.96591926
757042,0.2355365
757043,0.87432814
757044,0.0073867138
757045,0.73994917
757046,0.8604218
757047,0.009361731
757048,0.31458533
757049,0.95270413
757050,0.017942075
757051,0.08504393
757052,0.020843253
757053,0.10909499
757054,0.16674939
757055,0.43602842
757056,0.99854016
757057,0.49592006
757058,0.1768898
757059,0.95166093
757060,0.037329603
757061,0.8677976
757062,0.9933255
757063,0.9992628
757064,0.009516977
757065,0.11611368
757066,0.039583057
757067,0.012162432
757068,0.54153496
757069,0.02794181
757070,0.12429601
757071,0.5704429
757072,0.054851912
757073,0.9882107
757074,0.080699086
757075,0.9977479
757076,0.97781026
757077,0.9867759
757078,0.94895697
757079,0.9946366
757080,0.8876972
757081,0.007830196
757082,0.9861116
757083,0.99141526
757084,0.022475852
757085,0.771489
757086,0.98127395
757087,0.9498812
757088,0.9855918
757089,0.002989728
757090,0.9944113
757091,0.0045462307
757092,0.9506899
757093,0.97443926
757094,0.0053112344
757095,0.9804436
757096,0.9924489
757097,0.008472639
757098,0.19231464
757099,0.8738128
757100,0.9541532
757101,0.01759644
757102,0.98823214
757103,0.9285069
757104,0.03410099
757105,0.01528651
757106,0.053171966
757107,0.9064683
757108,0.008399924
757109,0.01737852
757110,0.80451965
757111,0.43667114
757112,0.9049034
757113,0.96987337
757114,0.005996542
757115,0.06574738
757116,0.041794956
757117,0.99862045
757118,0.9479939
757119,0.97512245
757120,0.9155737
757121,0.43765715
757122,0.21307664
757123,0.1883237
757124,0.93119353
757125,0.06400582
757126,0.19564864
757127,0.045008168
757128,0.10549584
757129,0.06610557
757130,0.46701357
757131,0.99330294
757132,0.8801235
757133,0.9516199
757134,0.22417131
757135,0.0018002652
757136,0.994037
757137,0.98586565
757138,0.9532645
757139,0.95967084
757140,0.9515934
757141,0.49259704
757142,0.9959487
757143,0.76529694
757144,0.18735962
757145,0.01135373
757146,0.11999671
757147,0.843797
757148,0.42920953
757149,0.9664692
757150,0.9205963
757151,0.022332404
757152,0.19715369
757153,0.9742458
757154,0.01313451
757155,0.0827706
757156,0.0660316
757157,0.030976988
757158,0.00732772
757159,0.8821554
757160,0.32369858
757161,0.014697775
757162,0.0010927671
757163,0.8710804
757164,0.002939618
757165,0.99937516
757166,0.002297527
757167,0.056047674
757168,0.95866454
757169,0.363137
757170,0.009695748
757171,0.098762825
757172,0.6088487
757173,0.84125686
757174,0.9991265
757175,0.26772097
757176,0.021371655
757177,0.93196046
757178,0.5268434
757179,0.0049103512
757180,0.2788408
757181,0.50677997
757182,0.9921091
757183,0.0030737873
757184,0.021717472
757185,0.94113183
757186,0.9873333
757187,0.9627321
757188,0.010820963
757189,0.93727314
757190,0.9512931
757191,0.086295426
757192,0.4852573
757193,0.6780197
757194,0.9887022
757195,0.031364117
757196,0.936406
757197,0.2319739
757198,0.98213816
757199,0.9818461
757200,0.95450705
757201,0.052821383
757202,0.15086801
757203,0.08985624
757204,0.86921716
757205,0.96929306
757206,0.9917715
757207,0.91483
757208,0.9271363
757209,0.31362212
757210,0.10923627
757211,0.3097167
757212,0.17004743
757213,0.9746587
757214,0.4833139
757215,0.01080136
757216,0.03038425
757217,0.039905958
757218,0.7898444
757219,0.18526484
757220,0.8037641
757221,0.091938674
757222,0.22058761
757223,0.95279795
757224,0.0022361882
757225,0.9962195
757226,0.01700093
757227,0.17936558
757228,0.619985
757229,0.004221576
757230,0.052610677
757231,0.51717395
757232,0.0027506263
757233,0.07969122
757234,0.9329214
757235,0.0038373196
757236,0.04486067
757237,0.026906386
757238,0.014705637
757239,0.031818382
757240,0.9867896
757241,0.0113801565
757242,0.08169715
757243,0.36080575
757244,0.995584
757245,0.01668017
757246,0.96306884
757247,0.6706358
757248,0.79172826
757249,0.045256797
757250,0.9120416
757251,0.9754337
757252,0.03684266
757253,0.04853764
757254,0.10019009
757255,0.0073211594
757256,0.8537806
757257,0.35699108
757258,0.97670364
757259,0.94282955
757260,0.99653286
757261,0.860837
757262,0.98001736
757263,0.76801914
757264,0.2871924
757265,0.07729584
757266,0.033492483
757267,0.014292091
757268,0.999392
757269,0.08747567
757270,0.98031557
757271,0.0831682
757272,0.33223495
757273,0.009405005
757274,0.6360353
757275,0.29291725
757276,0.55173993
757277,0.4633281
757278,0.06705931
757279,0.030650761
757280,0.031321656
757281,0.9354127
757282,0.9967587
757283,0.13999656
757284,0.004919135
757285,0.11965506
757286,0.4475587
757287,0.003362367
757288,0.6885418
757289,0.0134540815
757290,0.15890983
757291,0.021642298
757292,0.7937956
757293,0.007176129
757294,0.21293579
757295,0.08494621
757296,0.9913313
757297,0.020528847
757298,0.014948292
757299,0.11840102
757300,0.9976009
757301,0.9966743
757302,0.025333775
757303,0.017693702
757304,0.29780886
757305,0.04284572
757306,0.4614742
757307,0.2047239
757308,0.8782427
757309,0.0052339877
757310,0.96728456
757311,0.030559625
757312,0.94842505
757313,0.018004397
757314,0.1943636
757315,0.093383625
757316,0.9920871
757317,0.9438867
757318,0.7662683
757319,0.030569717
757320,0.014844615
757321,0.07852493
757322,0.039020512
757323,0.8798047
757324,0.99790144
757325,0.77762866
757326,0.011498253
757327,0.027740384
757328,0.99646586
757329,0.4778355
757330,0.9604171
757331,0.32012478
757332,0.54393315
757333,0.025663849
757334,0.071442194
757335,0.019985985
757336,0.96510726
757337,0.98792386
757338,0.026373263
757339,0.9775249
757340,0.027475797
757341,0.829798
757342,0.01985271
757343,0.1735393
757344,0.06853144
757345,0.110213876
757346,0.2409481
757347,0.66666704
757348,0.46019563
757349,0.001576595
757350,0.031725604
757351,0.008870705
757352,0.012031319
757353,0.030489538
757354,0.9839395
757355,0.8750752
757356,0.134988
757357,0.7515599
757358,0.08200001
757359,0.029484523
757360,0.98559767
757361,0.0033438706
757362,0.005105734
757363,0.8926787
757364,0.9495698
757365,0.91563237
757366,0.16899714
757367,0.003160599
757368,0.60087055
757369,0.98623586
757370,0.05942628
757371,0.016115155
757372,0.051566545
757373,0.03058955
757374,0.98331225
757375,0.004774244
757376,0.2424826
757377,0.004156408
757378,0.36492255
757379,0.96370494
757380,0.9449439
757381,0.87607604
757382,0.0378662
757383,0.92684567
757384,0.22651577
757385,0.0057343347
757386,0.9885016
757387,0.2100472
757388,0.0064405072
757389,0.90985465
757390,0.008911365
757391,0.001571524
757392,0.96681166
757393,0.9901709
757394,0.04970794
757395,0.03596082
757396,0.8301198
757397,0.0067298436
757398,0.9779469
757399,0.99959344
757400,0.26386994
757401,0.6829962
757402,0.0029074717
757403,0.23554853
757404,0.020992048
757405,0.0038134716
757406,0.026235478
757407,0.10969415
757408,0.9763451
757409,0.95888406
757410,0.03751519
757411,0.8539912
757412,0.330744
757413,0.98224884
757414,0.9956539
757415,0.044611476
757416,0.032372087
757417,0.8114679
757418,0.99207467
757419,0.9468824
757420,0.26952872
757421,0.9827635
757422,0.969283
757423,0.99148977
757424,0.788391
757425,0.79984057
757426,0.06288687
757427,0.44465178
757428,0.022317665
757429,0.89231366
757430,0.905905
757431,0.967322
757432,0.64028686
757433,0.91157997
757434,0.04405301
757435,0.8797847
757436,0.38438448
757437,0.9476342
757438,0.09701895
757439,0.025163362
757440,0.034844406
757441,0.21263243
757442,0.05987497
757443,0.45784244
757444,0.39732403
757445,0.14455448
757446,0.43336925
757447,0.20130798
757448,0.036115482
757449,0.025726346
757450,0.9015585
757451,0.16041704
757452,0.014451395
757453,0.98919785
757454,0.9854254
757455,0.054554686
757456,0.89766157
757457,0.03926394
757458,0.9792694
757459,0.9896004
757460,0.9502553
757461,0.96755034
757462,0.017765716
757463,0.035002332
757464,0.06594984
757465,0.23519124
757466,0.8478416
757467,0.021305557
757468,0.35860974
757469,0.7398827
757470,0.06005737
757471,0.9919467
757472,0.07443017
757473,0.040869225
757474,0.4101388
757475,0.9945024
757476,0.9955226
757477,0.705187
757478,0.9890926
757479,0.025852598
757480,0.007881513
757481,0.12737156
757482,0.16150449
757483,0.97052187
757484,0.034064997
757485,0.8701947
757486,0.4009133
757487,0.9933176
757488,0.9911466
757489,0.96557176
757490,0.39584678
757491,0.99195635
757492,0.9739739
757493,0.25808752
757494,0.01798649
757495,0.03431068
757496,0.9740076
757497,0.6166836
757498,0.016186556
757499,0.08808835
757500,0.21155661
757501,0.015782487
757502,0.09831795
757503,0.98673826
757504,0.57584983
757505,0.93353814
757506,0.034714267
757507,0.012189573
757508,0.99796546
757509,0.01318237
757510,0.9951156
757511,0.009443284
757512,0.0056070248
757513,0.99378884
757514,0.01281126
757515,0.9749255
757516,0.0343038
757517,0.93578255
757518,0.53723645
757519,0.038033433
757520,0.6557999
757521,0.0052744485
757522,0.082312845
757523,0.016043955
757524,0.08786323
757525,0.96789914
757526,0.26149735
757527,0.94849163
757528,0.012202242
757529,0.068602495
757530,0.29142132
757531,0.022378542
757532,0.045388177
757533,0.82467103
757534,0.9925452
757535,0.4726339
757536,0.13366911
757537,0.5592634
757538,0.65538216
757539,0.8512459
757540,0.53363764
757541,0.007991223
757542,0.27836582
757543,0.9872755
757544,0.3642258
757545,0.6448442
757546,0.9580158
757547,0.8758957
757548,0.9700221
757549,0.06432974
757550,0.022569232
757551,0.48087496
757552,0.058761798
757553,0.018712014
757554,0.05876797
757555,0.05869765
757556,0.46613345
757557,0.028023044
757558,0.30704656
757559,0.7936059
757560,0.9946017
757561,0.029635038
757562,0.037391506
757563,0.18197542
757564,0.9459566
757565,0.94341606
757566,0.9304756
757567,0.0895867
757568,0.029089808
757569,0.5972123
757570,0.076825015
757571,0.99068815
757572,0.043953426
757573,0.09061261
757574,0.59687644
757575,0.16747934
757576,0.016297307
757577,0.015696177
757578,0.07114171
757579,0.0052544773
757580,0.006406447
757581,0.015616464
757582,0.97786397
757583,0.48710868
757584,0.009434165
757585,0.28178513
757586,0.9905937
757587,0.005066204
757588,0.9186398
757589,0.079426
757590,0.0042036097
757591,0.13059191
757592,0.009060485
757593,0.015733898
757594,0.008961673
757595,0.020405173
757596,0.021457626
757597,0.9495276
757598,0.88390267
757599,0.0059889015
757600,0.93865997
757601,0.020830467
757602,0.97653794
757603,0.08151775
757604,0.153534
757605,0.003971169
757606,0.0057920436
757607,0.97608477
757608,0.5447609
757609,0.8715877
757610,0.99400586
757611,0.9227642
757612,0.98059046
757613,0.17525515
757614,0.03178754
757615,0.99252516
757616,0.86816275
757617,0.9983558
757618,0.94416785
757619,0.80323195
757620,0.022369727
757621,0.969331
757622,0.043027014
757623,0.78837615
757624,0.6684582
757625,0.7429708
757626,0.037293237
757627,0.031932484
757628,0.48754805
757629,0.9928649
757630,0.8045634
757631,0.10195528
757632,0.025106722
757633,0.99500155
757634,0.27869895
757635,0.9896405
757636,0.0351512
757637,0.8068234
757638,0.0058798674
757639,0.48681855
757640,0.99616885
757641,0.11823931
757642,0.04937894
757643,0.96409744
757644,0.1664591
757645,0.06042122
757646,0.84615815
757647,0.96594673
757648,0.019564208
757649,0.9951482
757650,0.18795678
757651,0.9940901
757652,0.96117055
757653,0.014717732
757654,0.98845035
757655,0.98995394
757656,0.059363727
757657,0.9167221
757658,0.99325615
757659,0.0063831927
757660,0.0057290527
757661,0.83381665
757662,0.3673114
757663,0.250253
757664,0.09427029
757665,0.92030907
757666,0.6645295
757667,0.9833749
757668,0.9996896
757669,0.015699213
757670,0.31822786
757671,0.90442485
757672,0.8659153
757673,0.40943047
757674,0.14557613
757675,0.9704583
757676,0.018984923
757677,0.17157114
757678,0.9564182
757679,0.9887265
757680,0.01209421
757681,0.03079775
757682,0.99936044
757683,0.023785647
757684,0.011527736
757685,0.48589104
757686,0.6695959
757687,0.99802816
757688,0.00855645
757689,0.024218742
757690,0.9986429
757691,0.008354647
757692,0.10968823
757693,0.98568547
757694,0.07698241
757695,0.7005603
757696,0.9966356
757697,0.056818597
757698,0.9614358
757699,0.8655156
757700,0.038148604
757701,0.364381
757702,0.0022108145
757703,0.9586763
757704,0.13324572
757705,0.020581082
757706,0.019375723
757707,0.036586516
757708,0.3978922
757709,0.021813361
757710,0.4501384
757711,0.06964257
757712,0.63076687
757713,0.0041806838
757714,0.3744015
757715,0.0030720388
757716,0.03906484
757717,0.28883487
757718,0.9922339
757719,0.9829634
757720,0.97322816
757721,0.78523916
757722,0.0057137106
757723,0.9906816
757724,0.318346
757725,0.9855901
757726,0.9789584
757727,0.40254682
757728,0.0050975666
757729,0.9599461
757730,0.7869401
757731,0.9663092
757732,0.98116124
757733,0.06080893
757734,0.77517354
757735,0.3208054
757736,0.9502625
757737,0.98704046
757738,0.7198761
757739,0.9630483
757740,0.008900345
757741,0.7941506
757742,0.5822642
757743,0.7998327
757744,0.043594003
757745,0.977003
757746,0.015541261
757747,0.9469857
757748,0.9895368
757749,0.026342142
757750,0.92111504
757751,0.9434813
757752,0.99129415
757753,0.19614488
757754,0.5364442
757755,0.011790832
757756,0.915546
757757,0.97054243
757758,0.15001199
757759,0.99882877
757760,0.85429776
757761,0.47698304
757762,0.996608
757763,0.018411629
757764,0.10361038
757765,0.79255164
757766,0.9685805
757767,0.9291456
757768,0.15128776
757769,0.0136177605
757770,0.6533656
757771,0.9972061
757772,0.008775281
757773,0.025496608
757774,0.052287057
757775,0.030310504
757776,0.54383993
757777,0.00434459
757778,0.016621506
757779,0.9830393
757780,0.24137625
757781,0.008087223
757782,0.05635424
757783,0.96968514
757784,0.9774205
757785,0.34714088
757786,0.9799963
757787,0.019989386
757788,0.009198547
757789,0.16921951
757790,0.19855444
757791,0.02443943
757792,0.00806963
757793,0.9986353
757794,0.020128882
757795,0.029554253
757796,0.98425996
757797,0.03925763
757798,0.34471548
757799,0.037810855
757800,0.020351438
757801,0.031568453
757802,0.029670307
757803,0.108927935
757804,0.009308094
757805,0.9935795
757806,0.10586907
757807,0.9960374
757808,0.37464103
757809,0.10646006
757810,0.016134888
757811,0.01603106
757812,0.37720716
757813,0.038104888
757814,0.4172302
757815,0.95009494
757816,0.04338093
757817,0.14557186
757818,0.9873826
757819,0.26932138
757820,0.33509576
757821,0.0065231044
757822,0.013532469
757823,0.080674276
757824,0.8499074
757825,0.05707653
757826,0.8473216
757827,0.028399987
757828,0.052875698
757829,0.011128482
757830,0.026156858
757831,0.23971808
757832,0.9836993
757833,0.8992083
757834,0.98864245
757835,0.084565885
757836,0.058797166
757837,0.9717823
757838,0.93777794
757839,0.00534466
757840,0.0057804794
757841,0.011706257
757842,0.007401331
757843,0.9733269
757844,0.23633015
757845,0.9757565
757846,0.016006423
757847,0.010159024
757848,0.03535652
757849,0.017175753
757850,0.9458789
757851,0.050833825
757852,0.4090388
757853,0.84627223
757854,0.69981766
757855,0.92520535
757856,0.82959235
757857,0.99030066
757858,0.18539482
757859,0.12658186
757860,0.97573173
757861,0.9889853
757862,0.9630569
757863,0.6479348
757864,0.92098033
757865,0.102814466
757866,0.013050396
757867,0.033398785
757868,0.10562496
757869,0.17796686
757870,0.9327608
757871,0.9379162
757872,0.9818977
757873,0.9016668
757874,0.24692702
757875,0.0073413565
757876,0.70932525
757877,0.99590355
757878,0.008603631
757879,0.41928196
757880,0.67383796
757881,0.80838126
757882,0.89423597
757883,0.97932845
757884,0.9946949
757885,0.04559035
757886,0.99639666
757887,0.0044961837
757888,0.065243095
757889,0.9841189
757890,0.079469144
757891,0.99197423
757892,0.015850177
757893,0.9903372
757894,0.05067721
757895,0.9835435
757896,0.009535605
757897,0.8361925
757898,0.2098217
757899,0.03927011
757900,0.125386
757901,0.6210549
757902,0.1672764
757903,0.03841109
757904,0.99641263
757905,0.05788332
757906,0.9018127
757907,0.8278886
757908,0.8475412
757909,0.16148447
757910,0.99182975
757911,0.99191546
757912,0.084634505
757913,0.30723172
757914,0.9858071
757915,0.46945214
757916,0.76855135
757917,0.07886869
757918,0.9838731
757919,0.116352126
757920,0.52893996
757921,0.97882783
757922,0.99409705
757923,0.07598223
757924,0.011200883
757925,0.98531884
757926,0.7509196
757927,0.9565207
757928,0.0075772745
757929,0.98363996
757930,0.10744712
757931,0.03144873
757932,0.985352
757933,0.013048615
757934,0.9895247
757935,0.99519515
757936,0.049379714
757937,0.94225556
757938,0.08912869
757939,0.092659704
757940,0.016540464
757941,0.39506298
757942,0.008883483
757943,0.9989975
757944,0.010533422
757945,0.15765548
757946,0.028732676
757947,0.07827812
757948,0.12460385
757949,0.016430084
757950,0.83072317
757951,0.9977894
757952,0.16920012
757953,0.8356914
757954,0.03168121
757955,0.8532208
757956,0.5072691
757957,0.023256449
757958,0.52214557
757959,0.012053656
757960,0.95583004
757961,0.62828803
757962,0.010118291
757963,0.61766136
757964,0.28591746
757965,0.004922362
757966,0.20847781
757967,0.16092518
757968,0.4891985
757969,0.7808126
757970,0.21263312
757971,0.0065114116
757972,0.64372724
757973,0.9652732
757974,0.27298295
757975,0.9569534
757976,0.9854864
757977,0.015151475
757978,0.008382533
757979,0.828789
757980,0.7446081
757981,0.12615167
757982,0.60129786
757983,0.4860509
757984,0.010721731
757985,0.48823327
757986,0.9649024
757987,0.9389576
757988,0.99344265
757989,0.37256813
757990,0.3224521
757991,0.021029528
757992,0.9895146
757993,0.22814412
757994,0.026450338
757995,0.10925144
757996,0.2153216
757997,0.07707657
757998,0.17901245
757999,0.99743855
758000,0.87953645
758001,0.95776004
758002,0.3595308
758003,0.16560334
758004,0.10844551
758005,0.6867157
758006,0.9606521
758007,0.9912359
758008,0.11498276
758009,0.0057075247
758010,0.93577087
758011,0.49742734
758012,0.35079426
758013,0.1995333
758014,0.96148986
758015,0.05853035
758016,0.8883394
758017,0.45314187
758018,0.2871338
758019,0.01328326
758020,0.9934254
758021,0.76298374
758022,0.9782622
758023,0.025962355
758024,0.98861414
758025,0.18786615
758026,0.14376767
758027,0.025290929
758028,0.3500432
758029,0.91825855
758030,0.98682296
758031,0.5513265
758032,0.8297216
758033,0.9567263
758034,0.99707764
758035,0.99767417
758036,0.8935088
758037,0.0038937363
758038,0.030708212
758039,0.13435394
758040,0.6644286
758041,0.006166076
758042,0.013029728
758043,0.015511335
758044,0.0378858
758045,0.14070132
758046,0.9830504
758047,0.84681535
758048,0.99790865
758049,0.044866245
758050,0.11801266
758051,0.0025843726
758052,0.9974071
758053,0.86933494
758054,0.4929028
758055,0.33878496
758056,0.11897993
758057,0.053419426
758058,0.05241211
758059,0.7721394
758060,0.01972034
758061,0.99230224
758062,0.010565413
758063,0.3641476
758064,0.003654305
758065,0.9987321
758066,0.011802569
758067,0.99643004
758068,0.89604825
758069,0.3067249
758070,0.06913414
758071,0.14860597
758072,0.0026454541
758073,0.016593786
758074,0.0052528516
758075,0.0037610123
758076,0.0077078035
758077,0.3913613
758078,0.94766754
758079,0.14710459
758080,0.9943346
758081,0.699133
758082,0.891063
758083,0.75978696
758084,0.06307949
758085,0.9764927
758086,0.049950708
758087,0.08667199
758088,0.9006094
758089,0.8919368
758090,0.36601192
758091,0.3896177
758092,0.95500064
758093,0.96249974
758094,0.87502074
758095,0.96476686
758096,0.9861477
758097,0.99025
758098,0.03512489
758099,0.13929778
758100,0.008146355
758101,0.7555438
758102,0.96344817
758103,0.05283469
758104,0.003131689
758105,0.014345599
758106,0.2885275
758107,0.9472734
758108,0.9813241
758109,0.056910377
758110,0.015820207
758111,0.019881759
758112,0.07507384
758113,0.033018544
758114,0.04553373
758115,0.3851433
758116,0.9301678
758117,0.99261403
758118,0.6173055
758119,0.9684127
758120,0.008139038
758121,0.012859521
758122,0.8498665
758123,0.02778363
758124,0.9561516
758125,0.03331332
758126,0.30250147
758127,0.91300356
758128,0.031388696
758129,0.103469595
758130,0.017641686
758131,0.85582906
758132,0.0177253
758133,0.024982955
758134,0.14654538
758135,0.9621647
758136,0.070851296
758137,0.08328883
758138,0.015121654
758139,0.9876838
758140,0.025680194
758141,0.014959056
758142,0.960911
758143,0.8483893
758144,0.027769923
758145,0.083741084
758146,0.98656785
758147,0.5472057
758148,0.0077621164
758149,0.9861492
758150,0.009063729
758151,0.023827653
758152,0.0811293
758153,0.80184364
758154,0.012924949
758155,0.043460038
758156,0.046220124
758157,0.35634357
758158,0.20433967
758159,0.37974322
758160,0.010466812
758161,0.19927102
758162,0.009089318
758163,0.17505613
758164,0.01922397
758165,0.9881976
758166,0.053932592
758167,0.41456798
758168,0.7689193
758169,0.9471704
758170,0.9534532
758171,0.36608517
758172,0.06468946
758173,0.06530658
758174,0.9277487
758175,0.9822967
758176,0.07873858
758177,0.16911834
758178,0.013949454
758179,0.45828345
758180,0.0068755215
758181,0.983399
758182,0.8760655
758183,0.04640879
758184,0.007758798
758185,0.42092398
758186,0.96479285
758187,0.057828587
758188,0.9293286
758189,0.9955356
758190,0.0075372322
758191,0.019659769
758192,0.003989327
758193,0.7199268
758194,0.89582705
758195,0.11427687
758196,0.91151184
758197,0.9565461
758198,0.6126349
758199,0.32832882
758200,0.2624427
758201,0.07236242
758202,0.9033431
758203,0.9969498
758204,0.0085177235
758205,0.028819835
758206,0.9912373
758207,0.120809466
758208,0.6908793
758209,0.9931131
758210,0.042142764
758211,0.09811406
758212,0.8741915
758213,0.0048594605
758214,0.9270148
758215,0.9921808
758216,0.15965986
758217,0.911162
758218,0.27640492
758219,0.0033080704
758220,0.035905425
758221,0.020674609
758222,0.79985124
758223,0.5021058
758224,0.9552134
758225,0.11167207
758226,0.6762401
758227,0.10038984
758228,0.009322004
758229,0.04026436
758230,0.7633699
758231,0.18268757
758232,0.7021743
758233,0.12937695
758234,0.97039247
758235,0.46152163
758236,0.16006829
758237,0.026810639
758238,0.09214407
758239,0.03132931
758240,0.010820816
758241,0.47696906
758242,0.8744204
758243,0.004024741
758244,0.95374095
758245,0.073409244
758246,0.53764343
758247,0.7742221
758248,0.7209395
758249,0.095848575
758250,0.03053777
758251,0.016650636
758252,0.9410914
758253,0.9210659
758254,0.9771544
758255,0.9968995
758256,0.05772727
758257,0.9269816
758258,0.06415626
758259,0.0143621275
758260,0.024440655
758261,0.8739739
758262,0.981272
758263,0.8278839
758264,0.9985265
758265,0.9945971
758266,0.03964086
758267,0.059339203
758268,0.93261
758269,0.51480085
758270,0.015575477
758271,0.998866
758272,0.0048215217
758273,0.84345925
758274,0.9539986
758275,0.40111843
758276,0.9998431
758277,0.0060351593
758278,0.107424885
758279,0.036041476
758280,0.0065158363
758281,0.99642897
758282,0.7758214
758283,0.989007
758284,0.83038974
758285,0.003002729
758286,0.8113956
758287,0.00075409346
758288,0.018142337
758289,0.038936716
758290,0.94266945
758291,0.10322703
758292,0.016076645
758293,0.0048837834
758294,0.9952115
758295,0.42862126
758296,0.9740864
758297,0.13663253
758298,0.0023454044
758299,0.032755945
758300,0.56826234
758301,0.875827
758302,0.8129517
758303,0.02363812
758304,0.090897456
758305,0.0029353485
758306,0.9976096
758307,0.18687478
758308,0.9917346
758309,0.27661997
758310,0.0059897755
758311,0.6703828
758312,0.67629105
758313,0.8463952
758314,0.045474205
758315,0.9429337
758316,0.9078944
758317,0.3460329
758318,0.7224055
758319,0.9731226
758320,0.4540953
758321,0.037229583
758322,0.14706782
758323,0.0038381563
758324,0.2442859
758325,0.9957063
758326,0.48027796
758327,0.88774264
758328,0.866515
758329,0.012765884
758330,0.83337724
758331,0.11138864
758332,0.87220186
758333,0.16312158
758334,0.1043426
758335,0.08133373
758336,0.038742226
758337,0.9894058
758338,0.26422575
758339,0.9677364
758340,0.024065888
758341,0.015481014
758342,0.9304356
758343,0.8822173
758344,0.97354925
758345,0.1515943
758346,0.88726085
758347,0.13342549
758348,0.09478042
758349,0.00473583
758350,0.9901824
758351,0.9774352
758352,0.9792074
758353,0.986224
758354,0.9079226
758355,0.0092129875
758356,0.94892013
758357,0.04083496
758358,0.79514945
758359,0.02018963
758360,0.9364871
758361,0.99384147
758362,0.25843397
758363,0.7534024
758364,0.9086425
758365,0.12663601
758366,0.95589674
758367,0.00828974
758368,0.057568546
758369,0.914734
758370,0.7236649
758371,0.021854077
758372,0.015019801
758373,0.98838425
758374,0.006032102
758375,0.031350933
758376,0.9785191
758377,0.003961933
758378,0.9332856
758379,0.95214474
758380,0.0009110314
758381,0.14585073
758382,0.006600924
758383,0.9469254
758384,0.45833406
758385,0.9085989
758386,0.0052279485
758387,0.104197554
758388,0.99747396
758389,0.24549979
758390,0.29569787
758391,0.8864026
758392,0.8136698
758393,0.9996677
758394,0.20140143
758395,0.1044596
758396,0.11023126
758397,0.6924949
758398,0.8776002
758399,0.04704021
758400,0.8178722
758401,0.36670214
758402,0.036458623
758403,0.027223688
758404,0.8857739
758405,0.97438073
758406,0.98929834
758407,0.98032176
758408,0.9877753
758409,0.04966707
758410,0.041513264
758411,0.23479548
758412,0.038962543
758413,0.25933892
758414,0.13582619
758415,0.019433323
758416,0.07999749
758417,0.8914997
758418,0.6130589
758419,0.0020859018
758420,0.006163528
758421,0.99238944
758422,0.06148033
758423,0.0684277
758424,0.019688163
758425,0.99385715
758426,0.12020169
758427,0.6734816
758428,0.24614315
758429,0.0044174534
758430,0.01867701
758431,0.069657326
758432,0.056380272
758433,0.99769247
758434,0.99552006
758435,0.14065957
758436,0.30357796
758437,0.337179
758438,0.19361873
758439,0.008954557
758440,0.004523419
758441,0.0381283
758442,0.83806854
758443,0.20370534
758444,0.06421252
758445,0.010539671
758446,0.5161698
758447,0.9976773
758448,0.038073868
758449,0.014098483
758450,0.9963332
758451,0.53647685
758452,0.14953516
758453,0.17663139
758454,0.86720806
758455,0.99623495
758456,0.985068
758457,0.9991356
758458,0.8756769
758459,0.008392031
758460,0.59563863
758461,0.036429137
758462,0.10980886
758463,0.9721001
758464,0.8406665
758465,0.036224324
758466,0.37530428
758467,0.19605598
758468,0.027750665
758469,0.9200376
758470,0.78475636
758471,0.94580895
758472,0.51336914
758473,0.815627
758474,0.9836438
758475,0.070840806
758476,0.018630993
758477,0.065722644
758478,0.99732304
758479,0.013302572
758480,0.9543574
758481,0.0130536165
758482,0.058899213
758483,0.99425083
758484,0.027827144
758485,0.009495171
758486,0.97398686
758487,0.014158513
758488,0.93307257
758489,0.0040093116
758490,0.95679605
758491,0.9606552
758492,0.19121975
758493,0.9345112
758494,0.16972981
758495,0.56655884
758496,0.95261884
758497,0.0060151513
758498,0.08530265
758499,0.12010574
758500,0.0067896163
758501,0.27341464
758502,0.97332567
758503,0.011734594
758504,0.028609376
758505,0.9989033
758506,0.0058857994
758507,0.31476074
758508,0.9989933
758509,0.99588037
758510,0.9129524
758511,0.082734354
758512,0.020828359
758513,0.29691157
758514,0.90493715
758515,0.22133124
758516,0.0994787
758517,0.720116
758518,0.99611956
758519,0.99052304
758520,0.0040875664
758521,0.89056873
758522,0.2945716
758523,0.044846542
758524,0.19767761
758525,0.016241921
758526,0.045772035
758527,0.17082828
758528,0.017748272
758529,0.97955817
758530,0.059591834
758531,0.007968913
758532,0.31540555
758533,0.73091274
758534,0.35294294
758535,0.9972878
758536,0.006748841
758537,0.10684535
758538,0.07146055
758539,0.006448899
758540,0.007011445
758541,0.11647778
758542,0.90395314
758543,0.99150217
758544,0.09170901
758545,0.9482244
758546,0.9700414
758547,0.052439578
758548,0.007662063
758549,0.64259195
758550,0.28168097
758551,0.992707
758552,0.07824537
758553,0.036071897
758554,0.11131584
758555,0.013083933
758556,0.056504212
758557,0.024179298
758558,0.9951817
758559,0.11646179
758560,0.9916531
758561,0.19240156
758562,0.0031317582
758563,0.97118115
758564,0.0057910774
758565,0.020781003
758566,0.023842135
758567,0.004383087
758568,0.016691513
758569,0.6609923
758570,0.6341882
758571,0.006578311
758572,0.9807548
758573,0.08747256
758574,0.018595647
758575,0.12223863
758576,0.020373037
758577,0.8262272
758578,0.007987473
758579,0.0053429464
758580,0.06887325
758581,0.5232222
758582,0.9854218
758583,0.033057205
758584,0.99658483
758585,0.100251354
758586,0.018729096
758587,0.15780051
758588,0.28528064
758589,0.3313796
758590,0.025083363
758591,0.99352294
758592,0.9779978
758593,0.3308832
758594,0.77761805
758595,0.96071506
758596,0.021835243
758597,0.34271824
758598,0.980188
758599,0.9876276
758600,0.95212764
758601,0.8947412
758602,0.12827745
758603,0.958037
758604,0.0048143677
758605,0.014274851
758606,0.9950761
758607,0.0046168515
758608,0.65174115
758609,0.20613395
758610,0.0029434143
758611,0.18677026
758612,0.06874402
758613,0.9860058
758614,0.9860226
758615,0.9799053
758616,0.9505651
758617,0.97817117
758618,0.0070593585
758619,0.21821733
758620,0.006194342
758621,0.96026754
758622,0.36824974
758623,0.78254926
758624,0.9670594
758625,0.016104119
758626,0.023258323
758627,0.09798132
758628,0.93924075
758629,0.64728296
758630,0.8740422
758631,0.04209824
758632,0.88998175
758633,0.7447089
758634,0.030760087
758635,0.9896776
758636,0.026096417
758637,0.99841726
758638,0.9767519
758639,0.874477
758640,0.080983266
758641,0.38292474
758642,0.9523452
758643,0.028715698
758644,0.011138302
758645,0.08819106
758646,0.52815944
758647,0.7374551
758648,0.9716065
758649,0.008818923
758650,0.0026928457
758651,0.9758147
758652,0.31532082
758653,0.29109174
758654,0.089455575
758655,0.01910186
758656,0.099584214
758657,0.59972316
758658,0.071610704
758659,0.9320177
758660,0.17823967
758661,0.14327312
758662,0.98229355
758663,0.4103799
758664,0.974116
758665,0.93298125
758666,0.99628514
758667,0.97289085
758668,0.8589994
758669,0.10487298
758670,0.9918106
758671,0.7341445
758672,0.01114119
758673,0.4199581
758674,0.00438416
758675,0.06644592
758676,0.039482445
758677,0.8908372
758678,0.990997
758679,0.9857116
758680,0.29015172
758681,0.5983579
758682,0.82017004
758683,0.99977195
758684,0.9677421
758685,0.3523924
758686,0.024742095
758687,0.09866099
758688,0.048439477
758689,0.05195524
758690,0.009401024
758691,0.7027505
758692,0.95201284
758693,0.99066997
758694,0.9936173
758695,0.0074245567
758696,0.66318643
758697,0.08560102
758698,0.79031765
758699,0.18064088
758700,0.51547295
758701,0.12739167
758702,0.03225201
758703,0.9485972
758704,0.06650455
758705,0.004114301
758706,0.46793056
758707,0.8419366
758708,0.010785531
758709,0.030566603
758710,0.9923437
758711,0.9996627
758712,0.99776065
758713,0.017355561
758714,0.8483242
758715,0.07817065
758716,0.01358868
758717,0.9795404
758718,0.0897992
758719,0.031186135
758720,0.6369988
758721,0.69808775
758722,0.008238836
758723,0.2658624
758724,0.17625573
758725,0.008312512
758726,0.9645241
758727,0.45912212
758728,0.9816147
758729,0.027302194
758730,0.012280102
758731,0.99776095
758732,0.9850971
758733,0.609311
758734,0.22761738
758735,0.007857617
758736,0.42185092
758737,0.7702387
758738,0.030203179
758739,0.046634074
758740,0.996607
758741,0.55937845
758742,0.63231057
758743,0.99442154
758744,0.6126325
758745,0.010624681
758746,0.011294089
758747,0.72473603
758748,0.8728979
758749,0.04012797
758750,0.006286812
758751,0.7607749
758752,0.07347024
758753,0.99827635
758754,0.012589881
758755,0.05781699
758756,0.005673715
758757,0.95961344
758758,0.87856483
758759,0.7845299
758760,0.9607507
758761,0.016153336
758762,0.9990235
758763,0.9457133
758764,0.008880008
758765,0.85700375
758766,0.9939424
758767,0.9984549
758768,0.046277173
758769,0.014402494
758770,0.0076769516
758771,0.75889623
758772,0.009546365
758773,0.9709884
758774,0.07041464
758775,0.99638534
758776,0.024266466
758777,0.001926574
758778,0.016390108
758779,0.9366275
758780,0.21221697
758781,0.9289711
758782,0.0043886304
758783,0.0039452305
758784,0.2493681
758785,0.13555081
758786,0.09461915
758787,0.00697807
758788,0.2246951
758789,0.11317697
758790,0.99899805
758791,0.99122906
758792,0.0365233
758793,0.9128324
758794,0.03401716
758795,0.9919388
758796,0.031073142
758797,0.0040919604
758798,0.9563761
758799,0.26261166
758800,0.98966205
758801,0.07815548
758802,0.81423324
758803,0.6938542
758804,0.008024731
758805,0.002479673
758806,0.029510057
758807,0.35791826
758808,0.84908235
758809,0.00084219093
758810,0.040224552
758811,0.97582054
758812,0.028931294
758813,0.844312
758814,0.03061703
758815,0.9309155
758816,0.062812194
758817,0.54381925
758818,0.6076391
758819,0.52354854
758820,0.023179252
758821,0.6370367
758822,0.06256092
758823,0.9950527
758824,0.93966734
758825,0.011467728
758826,0.2692889
758827,0.0856929
758828,0.9806958
758829,0.14349976
758830,0.98190546
758831,0.01594492
758832,0.01714427
758833,0.013484992
758834,0.028414853
758835,0.036153264
758836,0.9262701
758837,0.016728686
758838,0.015821738
758839,0.04221321
758840,0.99038404
758841,0.994945
758842,0.89741695
758843,0.13459547
758844,0.021905925
758845,0.9942045
758846,0.45257047
758847,0.06323582
758848,0.9966599
758849,0.9758628
758850,0.99168694
758851,0.99783075
758852,0.06054737
758853,0.45687285
758854,0.12519634
758855,0.93037575
758856,0.99086046
758857,0.014220482
758858,0.9698788
758859,0.032368332
758860,0.30734566
758861,0.94896007
758862,0.9568356
758863,0.95157266
758864,0.05810111
758865,0.18031329
758866,0.8958858
758867,0.9370697
758868,0.013991984
758869,0.030808218
758870,0.015467063
758871,0.45000017
758872,0.6551856
758873,0.10496442
758874,0.09151314
758875,0.023273371
758876,0.996147
758877,0.9730054
758878,0.99862885
758879,0.97403
758880,0.08869664
758881,0.9968419
758882,0.004033601
758883,0.956265
758884,0.9817335
758885,0.23052014
758886,0.9127164
758887,0.010381879
758888,0.00052426
758889,0.011680572
758890,0.97810143
758891,0.058074005
758892,0.03409536
758893,0.009656254
758894,0.43507552
758895,0.75466603
758896,0.8758772
758897,0.574459
758898,0.5780027
758899,0.5994308
758900,0.9786905
758901,0.9403922
758902,0.24990517
758903,0.98601615
758904,0.036302343
758905,0.21212715
758906,0.98553586
758907,0.012349373
758908,0.9011686
758909,0.5934188
758910,0.016211241
758911,0.9441855
758912,0.97463024
758913,0.041159093
758914,0.18437667
758915,0.20934513
758916,0.004861129
758917,0.9973498
758918,0.9508451
758919,0.0040047867
758920,0.038748916
758921,0.068613276
758922,0.018223878
758923,0.03257506
758924,0.6622044
758925,0.874859
758926,0.18632548
758927,0.19557166
758928,0.11883316
758929,0.9954296
758930,0.9979688
758931,0.26691735
758932,0.49115962
758933,0.13894701
758934,0.774861
758935,0.0034893157
758936,0.005930734
758937,0.035001177
758938,0.9791103
758939,0.8058765
758940,0.004258395
758941,0.20600092
758942,0.99982834
758943,0.0010834879
758944,0.99688965
758945,0.6869937
758946,0.9752952
758947,0.007940842
758948,0.92357594
758949,0.012960387
758950,0.73488814
758951,0.0878549
758952,0.02409102
758953,0.11119387
758954,0.01258966
758955,0.017087776
758956,0.077280596
758957,0.01656378
758958,0.673935
758959,0.411547
758960,0.25627762
758961,0.9759285
758962,0.0491215
758963,0.00816966
758964,0.04327986
758965,0.8566808
758966,0.0030099093
758967,0.673384
758968,0.34445155
758969,0.99225307
758970,0.9799424
758971,0.041956633
758972,0.6025701
758973,0.9698308
758974,0.84935474
758975,0.2373616
758976,0.038722508
758977,0.27983755
758978,0.9386675
758979,0.71595263
758980,0.94747436
758981,0.9967449
758982,0.20765251
758983,0.9753923
758984,0.9893882
758985,0.9103794
758986,0.49484295
758987,0.12927511
758988,0.020840812
758989,0.18845844
758990,0.95363563
758991,0.9794732
758992,0.94610995
758993,0.13682516
758994,0.9672959
758995,0.013965685
758996,0.11355181
758997,0.8508857
758998,0.5157034
758999,0.011451358
759000,0.030179366
759001,0.047326166
759002,0.36428952
759003,0.9319877
759004,0.96025413
759005,0.12498811
759006,0.009999976
759007,0.13276383
759008,0.9941169
759009,0.01942007
759010,0.9311708
759011,0.0023700614
759012,0.9985251
759013,0.059689097
759014,0.9841131
759015,0.0060610026
759016,0.9046318
759017,0.07852793
759018,0.04176774
759019,0.08670998
759020,0.9922855
759021,0.43423298
759022,0.3980097
759023,0.18861544
759024,0.9902748
759025,0.017845932
759026,0.16468461
759027,0.014711043
759028,0.8516302
759029,0.027236503
759030,0.9966347
759031,0.017227493
759032,0.98659056
759033,0.40656823
759034,0.08094376
759035,0.01043448
759036,0.010884321
759037,0.23612286
759038,0.09740552
759039,0.9931934
759040,0.07830896
759041,0.9993763
759042,0.9797269
759043,0.0050497996
759044,0.009005132
759045,0.9271862
759046,0.007359681
759047,0.025714269
759048,0.06737855
759049,0.5724207
759050,0.016586198
759051,0.9947031
759052,0.96014786
759053,0.9178251
759054,0.9639584
759055,0.0064201276
759056,0.9967491
759057,0.9804051
759058,0.022257762
759059,0.103073105
759060,0.93551785
759061,0.9978432
759062,0.16591264
759063,0.08935561
759064,0.02125127
759065,0.05194322
759066,0.16165811
759067,0.3171181
759068,0.98735404
759069,0.52441317
759070,0.4517316
759071,0.1148543
759072,0.22479911
759073,0.8526106
759074,0.5120368
759075,0.09428101
759076,0.049574535
759077,0.91138494
759078,0.1914967
759079,0.1911514
759080,0.8759488
759081,0.012866464
759082,0.037833426
759083,0.012715391
759084,0.025026277
759085,0.02433429
759086,0.0077647325
759087,0.010436086
759088,0.029812656
759089,0.93248785
759090,0.70857835
759091,0.038451944
759092,0.98829144
759093,0.99701947
759094,0.008668485
759095,0.9100468
759096,0.97690356
759097,0.022127688
759098,0.1433573
759099,0.90422106
759100,0.007125142
759101,0.9973633
759102,0.025579426
759103,0.010606308
759104,0.5769198
759105,0.6546212
759106,0.9761981
759107,0.06633055
759108,0.814615
759109,0.17825887
759110,0.007410063
759111,0.99433064
759112,0.9263489
759113,0.064361885
759114,0.15376168
759115,0.984039
759116,0.17491622
759117,0.043026544
759118,0.47155017
759119,0.99537504
759120,0.43532947
759121,0.88740104
759122,0.9323518
759123,0.06244546
759124,0.005293967
759125,0.9965312
759126,0.34088042
759127,0.8851741
759128,0.92059207
759129,0.13335451
759130,0.020507686
759131,0.99389946
759132,0.97969675
759133,0.9248625
759134,0.02007687
759135,0.9213252
759136,0.024583047
759137,0.134286
759138,0.0019086497
759139,0.6567495
759140,0.38381764
759141,0.018381549
759142,0.011774431
759143,0.9084977
759144,0.002651513
759145,0.06112998
759146,0.9225316
759147,0.9898492
759148,0.99508715
759149,0.13765243
759150,0.7678573
759151,0.9372767
759152,0.87280995
759153,0.48057225
759154,0.010500535
759155,0.28967723
759156,0.9796864
759157,0.06780424
759158,0.6049027
759159,0.96848404
759160,0.047282863
759161,0.85887647
759162,0.91898596
759163,0.6420822
759164,0.6246663
759165,0.9916004
759166,0.0679948
759167,0.9070681
759168,0.987752
759169,0.939865
759170,0.6136177
759171,0.8982351
759172,0.06976721
759173,0.024713067
759174,0.7180852
759175,0.9727281
759176,0.9863288
759177,0.014672734
759178,0.8362012
759179,0.0031576478
759180,0.00901571
759181,0.04403782
759182,0.022844441
759183,0.340651
759184,0.55502224
759185,0.10912827
759186,0.43574092
759187,0.2780621
759188,0.0035314455
759189,0.9621122
759190,0.9545418
759191,0.0038932352
759192,0.7481036
759193,0.9875815
759194,0.032900196
759195,0.03009705
759196,0.14500064
759197,0.014738915
759198,0.18387072
759199,0.9839859
759200,0.9365858
759201,0.034150437
759202,0.000639616
759203,0.8208406
759204,0.007941609
759205,0.54101896
759206,0.0025312523
759207,0.9955402
759208,0.91203475
759209,0.99159694
759210,0.41796792
759211,0.9923581
759212,0.92480993
759213,0.22136764
759214,0.007351237
759215,0.96780753
759216,0.01804635
759217,0.4951706
759218,0.9196702
759219,0.21268015
759220,0.029972192
759221,0.008321928
759222,0.17500824
759223,0.66632676
759224,0.00925853
759225,0.48176432
759226,0.7891294
759227,0.9707125
759228,0.1510435
759229,0.23614766
759230,0.0858095
759231,0.09252604
759232,0.55137765
759233,0.09480172
759234,0.9869979
759235,0.04047133
759236,0.0362864
759237,0.3319289
759238,0.888734
759239,0.6888498
759240,0.8143129
759241,0.975683
759242,0.85199326
759243,0.9787528
759244,0.014696699
759245,0.0036599524
759246,0.02216444
759247,0.96409774
759248,0.42784607
759249,0.101819545
759250,0.050293446
759251,0.6406538
759252,0.9967303
759253,0.049794443
759254,0.0039573545
759255,0.117014244
759256,0.8879676
759257,0.63655615
759258,0.12674877
759259,0.99067485
759260,0.043678056
759261,0.0071480265
759262,0.9810258
759263,0.042213395
759264,0.026364427
759265,0.017460696
759266,0.98668486
759267,0.966661
759268,0.19188803
759269,0.0041829315
759270,0.60871196
759271,0.0077940295
759272,0.13038367
759273,0.2713949
759274,0.9893319
759275,0.014742853
759276,0.062225454
759277,0.003165359
759278,0.9985986
759279,0.9736433
759280,0.034719773
759281,0.11271312
759282,0.116305664
759283,0.9890579
759284,0.019555349
759285,0.0010486826
759286,0.017441193
759287,0.012019553
759288,0.95518327
759289,0.20670912
759290,0.0058463346
759291,0.49457964
759292,0.7959946
759293,0.17469406
759294,0.01001963
759295,0.5480151
759296,0.49458063
759297,0.5402096
759298,0.9937676
759299,0.9940582
759300,0.2263654
759301,0.0032794613
759302,0.888867
759303,0.99614155
759304,0.7853575
759305,0.0053387717
759306,0.9993267
759307,0.09264486
759308,0.011496151
759309,0.9769977
759310,0.9804611
759311,0.9668269
759312,0.5948204
759313,0.9785686
759314,0.9956658
759315,0.013590902
759316,0.5655849
759317,0.8128736
759318,0.037019745
759319,0.01419704
759320,0.1774778
759321,0.10366823
759322,0.59924597
759323,0.009891556
759324,0.99386346
759325,0.11264084
759326,0.0149487965
759327,0.04480949
759328,0.93742394
759329,0.17023963
759330,0.42134407
759331,0.9966456
759332,0.47053352
759333,0.6049696
759334,0.010779018
759335,0.1367303
759336,0.0012112537
759337,0.8683041
759338,0.017513758
759339,0.3467164
759340,0.085611016
759341,0.97324884
759342,0.4762802
759343,0.63287705
759344,0.03363082
759345,0.019947352
759346,0.5452908
759347,0.9395215
759348,0.018536665
759349,0.01259446
759350,0.5446412
759351,0.993471
759352,0.98481125
759353,0.05389654
759354,0.9575445
759355,0.030504674
759356,0.026662648
759357,0.008228669
759358,0.012460623
759359,0.36045334
759360,0.9533082
759361,0.12461561
759362,0.13664389
759363,0.62266433
759364,0.9782043
759365,0.040367458
759366,0.68671393
759367,0.025914045
759368,0.012117911
759369,0.36308587
759370,0.017070841
759371,0.94773954
759372,0.98448557
759373,0.9963071
759374,0.9958567
759375,0.07050013
759376,0.5029771
759377,0.03148902
759378,0.9760456
759379,0.1743556
759380,0.049128976
759381,0.0020559437
759382,0.86751556
759383,0.4828977
759384,0.9371099
759385,0.9732645
759386,0.008043813
759387,0.9903693
759388,0.0040829126
759389,0.95072687
759390,0.97746867
759391,0.0435235
759392,0.9394864
759393,0.05355547
759394,0.5384352
759395,0.74976367
759396,0.51215965
759397,0.03403768
759398,0.9897614
759399,0.95576936
759400,0.4786994
759401,0.9811147
759402,0.026185526
759403,0.016188007
759404,0.65547824
759405,0.8532853
759406,0.9932894
759407,0.9964397
759408,0.028225858
759409,0.017574647
759410,0.94440126
759411,0.91431564
759412,0.29977328
759413,0.63353664
759414,0.49324387
759415,0.009436249
759416,0.009712506
759417,0.92635506
759418,0.9932114
759419,0.9570627
759420,0.64626914
759421,0.9979633
759422,0.005081849
759423,0.055135258
759424,0.9516187
759425,0.90105206
759426,0.14005232
759427,0.010272337
759428,0.089791976
759429,0.100345455
759430,0.9957099
759431,0.15265554
759432,0.9983069
759433,0.21199498
759434,0.008425172
759435,0.8053386
759436,0.5358501
759437,0.697158
759438,0.03512964
759439,0.23325735
759440,0.6269327
759441,0.11849231
759442,0.786861
759443,0.9872134
759444,0.9279891
759445,0.09095566
759446,0.06624219
759447,0.062394224
759448,0.70488006
759449,0.9980184
759450,0.022698836
759451,0.07052199
759452,0.00409795
759453,0.9803216
759454,0.64035976
759455,0.4514167
759456,0.5446699
759457,0.16098815
759458,0.99152696
759459,0.35206163
759460,0.05169928
759461,0.25558895
759462,0.61552835
759463,0.90477526
759464,0.53578377
759465,0.032137696
759466,0.36317724
759467,0.9129205
759468,0.058215857
759469,0.07979227
759470,0.8027414
759471,0.02564342
759472,0.9131983
759473,0.93034625
759474,0.35971028
759475,0.9838462
759476,0.49868757
759477,0.014374621
759478,0.40158087
759479,0.3491445
759480,0.005313212
759481,0.5002985
759482,0.17867787
759483,0.9235914
759484,0.038114093
759485,0.013172085
759486,0.15629916
759487,0.03391136
759488,0.17216757
759489,0.17209905
759490,0.07546425
759491,0.0016637061
759492,0.60711884
759493,0.9857625
759494,0.012206058
759495,0.10660291
759496,0.61960334
759497,0.7786067
759498,0.008989832
759499,0.023981646
759500,0.004720594
759501,0.9945017
759502,0.9688498
759503,0.0058524045
759504,0.14330323
759505,0.9979281
759506,0.36903733
759507,0.0058741504
759508,0.98515797
759509,0.016151492
759510,0.99061304
759511,0.9976311
759512,0.97234035
759513,0.98966014
759514,0.09995134
759515,0.75295365
759516,0.110611886
759517,0.96861315
759518,0.87023604
759519,0.315748
759520,0.25515577
759521,0.0743864
759522,0.99902093
759523,0.5401495
759524,0.060627393
759525,0.017421119
759526,0.010174305
759527,0.0091876015
759528,0.0097186845
759529,0.98156905
759530,0.023614962
759531,0.9736561
759532,0.06301774
759533,0.12611678
759534,0.9935839
759535,0.96898544
759536,0.99317133
759537,0.18114512
759538,0.950268
759539,0.3042944
759540,0.9234576
759541,0.62505984
759542,0.28136855
759543,0.03210252
759544,0.7290933
759545,0.093745686
759546,0.24149948
759547,0.0061970563
759548,0.26526722
759549,0.03142324
759550,0.21419838
759551,0.40300354
759552,0.9773025
759553,0.004026974
759554,0.047262356
759555,0.94107854
759556,0.24753395
759557,0.7155777
759558,0.2253815
759559,0.2911788
759560,0.5722307
759561,0.9994169
759562,0.91074634
759563,0.8068909
759564,0.69831336
759565,0.8341455
759566,0.1794155
759567,0.758089
759568,0.9858952
759569,0.86651504
759570,0.96922976
759571,0.8123386
759572,0.3361316
759573,0.93166876
759574,0.21030365
759575,0.29564655
759576,0.47170973
759577,0.029501572
759578,0.053901404
759579,0.94042593
759580,0.9674252
759581,0.93897045
759582,0.027142363
759583,0.019250138
759584,0.09684293
759585,0.9259
759586,0.012498997
759587,0.40822837
759588,0.95091987
759589,0.01341215
759590,0.34293008
759591,0.028410986
759592,0.0023424511
759593,0.9670962
759594,0.010268578
759595,0.017261544
759596,0.009850005
759597,0.75266707
759598,0.033212952
759599,0.9104474
759600,0.063942045
759601,0.037870053
759602,0.054328196
759603,0.9913393
759604,0.9986523
759605,0.96236736
759606,0.027575742
759607,0.009604204
759608,0.9943643
759609,0.9264016
759610,0.0150347
759611,0.9987612
759612,0.8091544
759613,0.9544737
759614,0.9234765
759615,0.9716369
759616,0.47662184
759617,0.39662397
759618,0.9905286
759619,0.2434287
759620,0.98121595
759621,0.24048294
759622,0.05553426
759623,0.59106016
759624,0.740664
759625,0.9684689
759626,0.0020024506
759627,0.004472048
759628,0.17694901
759629,0.32186264
759630,0.3384853
759631,0.45966882
759632,0.24340096
759633,0.39926386
759634,0.08825185
759635,0.9708882
759636,0.7987653
759637,0.24922928
759638,0.96882725
759639,0.43525875
759640,0.9865085
759641,0.6750361
759642,0.29211667
759643,0.11391483
759644,0.032335676
759645,0.0018126306
759646,0.018019214
759647,0.030604701
759648,0.0012330731
759649,0.10658498
759650,0.9827399
759651,0.09020996
759652,0.9991326
759653,0.011708874
759654,0.5721529
759655,0.9984348
759656,0.6252889
759657,0.96781963
759658,0.9973661
759659,0.18817551
759660,0.1310431
759661,0.025229594
759662,0.82956
759663,0.9672115
759664,0.05148787
759665,0.9727881
759666,0.061717413
759667,0.9759717
759668,0.11310864
759669,0.0041577793
759670,0.14939529
759671,0.93802315
759672,0.036850918
759673,0.21155085
759674,0.23339671
759675,0.98058766
759676,0.8366436
759677,0.2838531
759678,0.01599418
759679,0.19637482
759680,0.0038091224
759681,0.87419647
759682,0.09283563
759683,0.10493472
759684,0.07376131
759685,0.4434113
759686,0.27008086
759687,0.9942654
759688,0.012469316
759689,0.020178434
759690,0.15542433
759691,0.03947751
759692,0.88843185
759693,0.08460541
759694,0.020934064
759695,0.5421115
759696,0.9157311
759697,0.9484252
759698,0.91754997
759699,0.5947931
759700,0.1040492
759701,0.6690932
759702,0.024697699
759703,0.93162847
759704,0.023035176
759705,0.029159494
759706,0.093140155
759707,0.9985554
759708,0.006543028
759709,0.022958249
759710,0.99435174
759711,0.94887316
759712,0.026467467
759713,0.9832889
759714,0.1482088
759715,0.014028853
759716,0.6121474
759717,0.33311284
759718,0.9302151
759719,0.9308784
759720,0.41066942
759721,0.53113055
759722,0.05471094
759723,0.056395896
759724,0.718112
759725,0.98761106
759726,0.7479317
759727,0.010723647
759728,0.7839651
759729,0.87866217
759730,0.017475255
759731,0.08508474
759732,0.9627049
759733,0.96189
759734,0.0056821504
759735,0.9274372
759736,0.9961494
759737,0.9656536
759738,0.93402374
759739,0.31610113
759740,0.08707115
759741,0.18228614
759742,0.13006358
759743,0.39319476
759744,0.101279125
759745,0.008045725
759746,0.99793804
759747,0.9129976
759748,0.11474078
759749,0.07425302
759750,0.0075016078
759751,0.31544185
759752,0.14598934
759753,0.29549867
759754,0.5288521
759755,0.3932271
759756,0.012121892
759757,0.9786903
759758,0.028828546
759759,0.06232212
759760,0.03108594
759761,0.9256051
759762,0.29732978
759763,0.045168504
759764,0.99370515
759765,0.9913852
759766,0.9854548
759767,0.06585214
759768,0.58222777
759769,0.029903771
759770,0.9971015
759771,0.9923854
759772,0.03008772
759773,0.64781153
759774,0.028295884
759775,0.06242563
759776,0.08187386
759777,0.0041244873
759778,0.24898586
759779,0.54236376
759780,0.12893367
759781,0.011545405
759782,0.9932885
759783,0.007107251
759784,0.98752946
759785,0.99733293
759786,0.007822851
759787,0.98200625
759788,0.98728245
759789,0.99341506
759790,0.12584214
759791,0.049205173
759792,0.21279344
759793,0.009133939
759794,0.98069
759795,0.021636114
759796,0.9959912
759797,0.6002902
759798,0.99474204
759799,0.49085137
759800,0.62734705
759801,0.13071978
759802,0.020133639
759803,0.75794005
759804,0.8596225
759805,0.013065415
759806,0.9823469
759807,0.9971281
759808,0.8541628
759809,0.7660036
759810,0.8276139
759811,0.004697874
759812,0.96194863
759813,0.0054838844
759814,0.083465174
759815,0.013332734
759816,0.9537742
759817,0.0074761575
759818,0.32687244
759819,0.0076248683
759820,0.40310246
759821,0.45796448
759822,0.026091374
759823,0.01693075
759824,0.23003095
759825,0.012178595
759826,0.45118856
759827,0.07695965
759828,0.18334347
759829,0.99196
759830,0.41651285
759831,0.9940536
759832,0.027154941
759833,0.97236156
759834,0.002667316
759835,0.994825
759836,0.5823524
759837,0.9921955
759838,0.0069694864
759839,0.124791816
759840,0.979295
759841,0.9921721
759842,0.008844417
759843,0.88707715
759844,0.001559499
759845,0.23546901
759846,0.71576273
759847,0.017880367
759848,0.03888841
759849,0.022526167
759850,0.9988429
759851,0.75566053
759852,0.061614376
759853,0.2575913
759854,0.99894804
759855,0.9994967
759856,0.40252206
759857,0.07470819
759858,0.012267025
759859,0.14845493
759860,0.99459094
759861,0.99852484
759862,0.9927614
759863,0.01318508
759864,0.96041894
759865,0.12525658
759866,0.06533085
759867,0.0047497503
759868,0.14983517
759869,0.8318896
759870,0.8843988
759871,0.2288567
759872,0.7135811
759873,0.9735376
759874,0.2650244
759875,0.9992123
759876,0.08642067
759877,0.96308666
759878,0.34181654
759879,0.0015759233
759880,0.023977354
759881,0.2658475
759882,0.9886231
759883,0.6111283
759884,0.07382407
759885,0.05220521
759886,0.9941161
759887,0.49352294
759888,0.8990842
759889,0.5513065
759890,0.10618521
759891,0.98410296
759892,0.088154
759893,0.029245704
759894,0.0053586983
759895,0.6258384
759896,0.8852427
759897,0.09306325
759898,0.93870157
759899,0.011662142
759900,0.018655073
759901,0.7957332
759902,0.029277971
759903,0.055706427
759904,0.89792204
759905,0.3606059
759906,0.07902465
759907,0.06559603
759908,0.9649279
759909,0.9628084
759910,0.16755068
759911,0.013050098
759912,0.71570134
759913,0.035631627
759914,0.98309165
759915,0.0048523704
759916,0.05693128
759917,0.36506027
759918,0.051242948
759919,0.98793256
759920,0.0023429599
759921,0.14238085
759922,0.7912276
759923,0.72811425
759924,0.93294895
759925,0.99718916
759926,0.10527674
759927,0.024064329
759928,0.0077836337
759929,0.9857662
759930,0.97634506
759931,0.13786384
759932,0.0455501
759933,0.045715485
759934,0.9863119
759935,0.4689373
759936,0.029896079
759937,0.14906096
759938,0.6025392
759939,0.9845201
759940,0.009174718
759941,0.026511496
759942,0.037519503
759943,0.9600079
759944,0.010569198
759945,0.066313565
759946,0.3268067
759947,0.6798667
759948,0.49396035
759949,0.0034227753
759950,0.99829113
759951,0.016704563
759952,0.65854573
759953,0.7234236
759954,0.05417227
759955,0.019371532
759956,0.0010075192
759957,0.99625915
759958,0.045476556
759959,0.83997756
759960,0.8794621
759961,0.94248265
759962,0.75916713
759963,0.059225883
759964,0.77556235
759965,0.99519634
759966,0.8294723
759967,0.031645045
759968,0.06236584
759969,0.89868206
759970,0.97100776
759971,0.009846538
759972,0.007570085
759973,0.9961897
759974,0.86849684
759975,0.028285291
759976,0.008072497
759977,0.99277157
759978,0.009263532
759979,0.012088353
759980,0.23674843
759981,0.17198083
759982,0.016769333
759983,0.067918725
759984,0.9537693
759985,0.0026670415
759986,0.09455827
759987,0.09422485
759988,0.9931788
759989,0.006229232
759990,0.9950203
759991,0.0112393685
759992,0.07053353
759993,0.010116144
759994,0.021048516
759995,0.5685257
759996,0.04491203
759997,0.041155517
759998,0.020661736
759999,0.9875376
760000,0.99698424
760001,0.08926911
760002,0.52796304
760003,0.25659832
760004,0.9845042
760005,0.97564137
760006,0.007385451
760007,0.19961235
760008,0.03692398
760009,0.986863
760010,0.58550274
760011,0.16376542
760012,0.98131275
760013,0.9751807
760014,0.8267815
760015,0.5974154
760016,0.75418705
760017,0.014159111
760018,0.9893316
760019,0.71381164
760020,0.7237218
760021,0.83460534
760022,0.96664083
760023,0.21718305
760024,0.77433103
760025,0.008678014
760026,0.027285704
760027,0.007032736
760028,0.45677114
760029,0.8909135
760030,0.0071063302
760031,0.013497487
760032,0.058985148
760033,0.9951071
760034,0.038541988
760035,0.9902032
760036,0.1752204
760037,0.9215459
760038,0.11874478
760039,0.7299914
760040,0.04501288
760041,0.9888337
760042,0.98498607
760043,0.0022467533
760044,0.0040223943
760045,0.038533032
760046,0.33453238
760047,0.21118265
760048,0.018499041
760049,0.9690062
760050,0.0988305
760051,0.7297723
760052,0.6836353
760053,0.11941062
760054,0.46717656
760055,0.06589716
760056,0.092325196
760057,0.9313637
760058,0.06784219
760059,0.06857272
760060,0.84778166
760061,0.9799609
760062,0.9592557
760063,0.13289051
760064,0.01813425
760065,0.8195113
760066,0.9997911
760067,0.96598303
760068,0.99794126
760069,0.88551164
760070,0.007476263
760071,0.9802257
760072,0.5351547
760073,0.4211333
760074,0.9773921
760075,0.8931424
760076,0.021502836
760077,0.108584315
760078,0.9199339
760079,0.97320557
760080,0.10894975
760081,0.84297204
760082,0.012369375
760083,0.017293662
760084,0.9196819
760085,0.07572651
760086,0.0028327315
760087,0.22777382
760088,0.03892634
760089,0.015323496
760090,0.9887957
760091,0.99100554
760092,0.85069513
760093,0.9967251
760094,0.8889386
760095,0.37842926
760096,0.98423636
760097,0.97996354
760098,0.77386105
760099,0.16396333
760100,0.053134784
760101,0.0006920905
760102,0.7872867
760103,0.0039006607
760104,0.254887
760105,0.03626699
760106,0.97687614
760107,0.16822778
760108,0.788553
760109,0.4534868
760110,0.005898979
760111,0.1964428
760112,0.9529236
760113,0.14453351
760114,0.47252798
760115,0.67657906
760116,0.01510302
760117,0.030172791
760118,0.05904595
760119,0.012001531
760120,0.011740269
760121,0.011534251
760122,0.7442346
760123,0.9912704
760124,0.17637002
760125,0.99252284
760126,0.09168481
760127,0.16479005
760128,0.20605402
760129,0.060521852
760130,0.3511423
760131,0.016351873
760132,0.0069184997
760133,0.841588
760134,0.94109064
760135,0.024622237
760136,0.043525796
760137,0.47912115
760138,0.019021634
760139,0.43812373
760140,0.23563103
760141,0.10556425
760142,0.5549742
760143,0.09874666
760144,0.3424826
760145,0.92577064
760146,0.36555934
760147,0.0042940415
760148,0.9274146
760149,0.99135184
760150,0.055953436
760151,0.011968449
760152,0.0039445073
760153,0.8849618
760154,0.08086085
760155,0.50973743
760156,0.9708317
760157,0.00641837
760158,0.23354562
760159,0.08060556
760160,0.039530694
760161,0.050037567
760162,0.90893555
760163,0.0068465453
760164,0.9211209
760165,0.7446597
760166,0.018435461
760167,0.06287083
760168,0.75510305
760169,0.037947334
760170,0.008570152
760171,0.5966557
760172,0.8733154
760173,0.21851137
760174,0.9754005
760175,0.66788036
760176,0.047073852
760177,0.84498996
760178,0.81700134
760179,0.5562904
760180,0.08365156
760181,0.9862468
760182,0.99408555
760183,0.95751446
760184,0.03391511
760185,0.016633973
760186,0.28681755
760187,0.99727297
760188,0.024813497
760189,0.010661297
760190,0.01904101
760191,0.8872249
760192,0.71685433
760193,0.31800145
760194,0.9985087
760195,0.61595714
760196,0.0017728388
760197,0.42896426
760198,0.981592
760199,0.011696228
760200,0.032982998
760201,0.99828637
760202,0.027416566
760203,0.8824816
760204,0.93808526
760205,0.9979145
760206,0.91005677
760207,0.041082256
760208,0.9620312
760209,0.7063112
760210,0.9006374
760211,0.009310078
760212,0.07349877
760213,0.98866713
760214,0.8735804
760215,0.98706424
760216,0.9942598
760217,0.9942682
760218,0.02223337
760219,0.034717403
760220,0.95466274
760221,0.016757771
760222,0.77817327
760223,0.95176226
760224,0.03821281
760225,0.045637548
760226,0.049131647
760227,0.68918324
760228,0.0024516298
760229,0.98964787
760230,0.24755944
760231,0.10857426
760232,0.97633547
760233,0.9583845
760234,0.99434906
760235,0.97878003
760236,0.06416709
760237,0.7123155
760238,0.996985
760239,0.20816419
760240,0.18652165
760241,0.041381184
760242,0.98834854
760243,0.008923262
760244,0.91353965
760245,0.35206228
760246,0.007946154
760247,0.7417757
760248,0.7132671
760249,0.14421546
760250,0.90258247
760251,0.83155626
760252,0.9269863
760253,0.007662468
760254,0.038877234
760255,0.012840529
760256,0.15021741
760257,0.03814704
760258,0.9949628
760259,0.9285945
760260,0.818245
760261,0.020381093
760262,0.7517509
760263,0.9755706
760264,0.7193748
760265,0.92238474
760266,0.009831652
760267,0.9974632
760268,0.61882436
760269,0.022004835
760270,0.077099696
760271,0.6860549
760272,0.22050196
760273,0.0041762353
760274,0.9982829
760275,0.029403869
760276,0.99378186
760277,0.008515529
760278,0.09258308
760279,0.93219537
760280,0.0049818177
760281,0.9632918
760282,0.98994696
760283,0.99744695
760284,0.9404358
760285,0.7210649
760286,0.42805618
760287,0.9497889
760288,0.06802048
760289,0.9046808
760290,0.00988273
760291,0.01960075
760292,0.93609136
760293,0.010422647
760294,0.8501941
760295,0.2901785
760296,0.9609629
760297,0.053282555
760298,0.29503044
760299,0.011529725
760300,0.44404036
760301,0.20401254
760302,0.028324679
760303,0.059595183
760304,0.16515371
760305,0.9894816
760306,0.74888057
760307,0.011443758
760308,0.55130327
760309,0.0042166268
760310,0.03132032
760311,0.4991055
760312,0.9828881
760313,0.49240708
760314,0.46868095
760315,0.18986176
760316,0.008496598
760317,0.021746349
760318,0.0057591693
760319,0.030360628
760320,0.91717094
760321,0.028429937
760322,0.9981046
760323,0.016899424
760324,0.9990188
760325,0.23649275
760326,0.32397822
760327,0.33520308
760328,0.0108340215
760329,0.24005033
760330,0.9987616
760331,0.8448404
760332,0.44419217
760333,0.86964494
760334,0.011618005
760335,0.92159593
760336,0.7642703
760337,0.009907355
760338,0.072820075
760339,0.14848697
760340,0.39331147
760341,0.99926704
760342,0.991613
760343,0.19650374
760344,0.045196954
760345,0.96293867
760346,0.89439476
760347,0.48243713
760348,0.76247567
760349,0.014301606
760350,0.050566338
760351,0.011398396
760352,0.012152821
760353,0.9360131
760354,0.14143598
760355,0.018590026
760356,0.63950837
760357,0.709283
760358,0.5689999
760359,0.024058137
760360,0.5712467
760361,0.0071845157
760362,0.013246123
760363,0.55366933
760364,0.23894681
760365,0.041154522
760366,0.96755314
760367,0.13997102
760368,0.016797744
760369,0.017533768
760370,0.00546327
760371,0.97360015
760372,0.7606916
760373,0.062456764
760374,0.028417021
760375,0.64634657
760376,0.9725342
760377,0.98939425
760378,0.08742028
760379,0.009182021
760380,0.9577415
760381,0.969868
760382,0.08990345
760383,0.74224436
760384,0.9916849
760385,0.014959963
760386,0.6777357
760387,0.07284601
760388,0.8551893
760389,0.021253053
760390,0.11275116
760391,0.14254981
760392,0.9969392
760393,0.9949465
760394,0.15851948
760395,0.98589337
760396,0.9768505
760397,0.48767883
760398,0.812298
760399,0.9509144
760400,0.270285
760401,0.22845368
760402,0.624169
760403,0.9733966
760404,0.8957987
760405,0.5009619
760406,0.04776856
760407,0.22917157
760408,0.33005238
760409,0.903317
760410,0.10823855
760411,0.09560257
760412,0.032251865
760413,0.96193075
760414,0.22013262
760415,0.655594
760416,0.5579122
760417,0.10196005
760418,0.22778028
760419,0.68726844
760420,0.9670531
760421,0.7082771
760422,0.016584288
760423,0.93552434
760424,0.7524768
760425,0.3301835
760426,0.17175639
760427,0.019395553
760428,0.92136836
760429,0.5095015
760430,0.26819795
760431,0.9967743
760432,0.18731451
760433,0.99116397
760434,0.01392324
760435,0.06920543
760436,0.9739513
760437,0.9885609
760438,0.91491246
760439,0.0061847502
760440,0.79162157
760441,0.01724507
760442,0.44643727
760443,0.69738805
760444,0.952109
760445,0.13735358
760446,0.01623855
760447,0.9835471
760448,0.08235793
760449,0.67592067
760450,0.0076379916
760451,0.009285588
760452,0.0072435373
760453,0.9228701
760454,0.010393073
760455,0.15891434
760456,0.8645358
760457,0.7750816
760458,0.9655027
760459,0.21954022
760460,0.96327263
760461,0.049745798
760462,0.18716027
760463,0.044919465
760464,0.013677135
760465,0.98677075
760466,0.023855045
760467,0.5842738
760468,0.048806395
760469,0.04591325
760470,0.050751947
760471,0.13064304
760472,0.024752948
760473,0.73611665
760474,0.9880588
760475,0.11608201
760476,0.017185092
760477,0.0059104143
760478,0.055753376
760479,0.019439224
760480,0.8999896
760481,0.017230526
760482,0.049149826
760483,0.8643068
760484,0.011083624
760485,0.2860818
760486,0.0050083003
760487,0.0041372627
760488,0.9968095
760489,0.9881973
760490,0.021004416
760491,0.04956626
760492,0.018786106
760493,0.121473536
760494,0.9355848
760495,0.94498396
760496,0.982488
760497,0.028160308
760498,0.28310347
760499,0.06553348
760500,0.22181171
760501,0.9937018
760502,0.050565053
760503,0.9905441
760504,0.48713633
760505,0.8759868
760506,0.7346383
760507,0.9949763
760508,0.3225665
760509,0.8283973
760510,0.010734116
760511,0.027312733
760512,0.8035929
760513,0.9868075
760514,0.8914289
760515,0.9975629
760516,0.95909715
760517,0.99580705
760518,0.003335006
760519,0.99379164
760520,0.97908545
760521,0.9699168
760522,0.89352626
760523,0.010022692
760524,0.024538698
760525,0.8751758
760526,0.32875705
760527,0.021391723
760528,0.8060997
760529,0.024539005
760530,0.024855841
760531,0.76874447
760532,0.99958766
760533,0.6868357
760534,0.014579622
760535,0.75792193
760536,0.15002133
760537,0.019962575
760538,0.013543986
760539,0.82770383
760540,0.035389684
760541,0.7682538
760542,0.9632511
760543,0.025334261
760544,0.9913184
760545,0.95483017
760546,0.01266573
760547,0.41971517
760548,0.007779208
760549,0.8727048
760550,0.9940014
760551,0.21018061
760552,0.54828084
760553,0.5809683
760554,0.9668176
760555,0.009631489
760556,0.65697473
760557,0.00891391
760558,0.82883894
760559,0.054266423
760560,0.051095948
760561,0.025685677
760562,0.51288354
760563,0.8219356
760564,0.5063164
760565,0.28684074
760566,0.9872356
760567,0.03825694
760568,0.012103567
760569,0.001803587
760570,0.61765945
760571,0.99827653
760572,0.068159804
760573,0.004333568
760574,0.016410558
760575,0.48379043
760576,0.40028372
760577,0.24415432
760578,0.01011175
760579,0.0038913004
760580,0.10776253
760581,0.006246427
760582,0.96745276
760583,0.98165935
760584,0.12496037
760585,0.92716396
760586,0.4396683
760587,0.004446573
760588,0.21944702
760589,0.32472116
760590,0.4678841
760591,0.64158577
760592,0.0045902263
760593,0.30614436
760594,0.33574843
760595,0.038427673
760596,0.015094127
760597,0.96390414
760598,0.97299695
760599,0.9843678
760600,0.24815094
760601,0.96188843
760602,0.62159747
760603,0.04892126
760604,0.004994603
760605,0.58235395
760606,0.9988849
760607,0.009099056
760608,0.6942965
760609,0.010857711
760610,0.010888369
760611,0.9805913
760612,0.020729836
760613,0.054073464
760614,0.70296186
760615,0.03167708
760616,0.68422043
760617,0.9966462
760618,0.060134374
760619,0.9914773
760620,0.9955704
760621,0.00945935
760622,0.3136962
760623,0.034269717
760624,0.8749038
760625,0.8346741
760626,0.8396336
760627,0.037312157
760628,0.007982777
760629,0.95361483
760630,0.052696582
760631,0.99807805
760632,0.99374163
760633,0.86081386
760634,0.1360081
760635,0.07948952
760636,0.61487377
760637,0.005701182
760638,0.008610861
760639,0.99879986
760640,0.020267263
760641,0.07114569
760642,0.9851066
760643,0.0069037694
760644,0.857355
760645,0.86661375
760646,0.63057905
760647,0.014907119
760648,0.024817625
760649,0.6699367
760650,0.40721607
760651,0.11355247
760652,0.9975837
760653,0.97132313
760654,0.018511206
760655,0.00711463
760656,0.17521223
760657,0.9520611
760658,0.22072071
760659,0.23289074
760660,0.39598522
760661,0.988522
760662,0.76955545
760663,0.05260969
760664,0.9494158
760665,0.035432458
760666,0.8551402
760667,0.06567943
760668,0.033071227
760669,0.39416078
760670,0.89042205
760671,0.0048415614
760672,0.16583803
760673,0.17838246
760674,0.011475995
760675,0.011303081
760676,0.43883958
760677,0.034995817
760678,0.8583673
760679,0.54110825
760680,0.9457671
760681,0.82336193
760682,0.9285608
760683,0.021633644
760684,0.65268546
760685,0.004125447
760686,0.9965968
760687,0.9688865
760688,0.2258748
760689,0.08935111
760690,0.106263794
760691,0.04040872
760692,0.79342294
760693,0.9845162
760694,0.038030088
760695,0.028565465
760696,0.9575405
760697,0.9950664
760698,0.99880314
760699,0.525355
760700,0.9835496
760701,0.97266376
760702,0.98090607
760703,0.044412777
760704,0.063786276
760705,0.9729208
760706,0.97661734
760707,0.7283272
760708,0.9207988
760709,0.9148773
760710,0.9969349
760711,0.99154806
760712,0.93107575
760713,0.4382547
760714,0.012688951
760715,0.006329745
760716,0.807314
760717,0.011086732
760718,0.04690461
760719,0.015245408
760720,0.05747906
760721,0.12102486
760722,0.1337623
760723,0.98211515
760724,0.2723072
760725,0.97619194
760726,0.9805536
760727,0.47744405
760728,0.9786953
760729,0.48839557
760730,0.07743179
760731,0.038861193
760732,0.023033502
760733,0.7493327
760734,0.0058369217
760735,0.99127793
760736,0.80283886
760737,0.9573375
760738,0.005128061
760739,0.03963707
760740,0.07601409
760741,0.5511159
760742,0.59131706
760743,0.8429296
760744,0.98332006
760745,0.056709245
760746,0.9141829
760747,0.047143076
760748,0.7446956
760749,0.36816138
760750,0.28172064
760751,0.13091621
760752,0.017071556
760753,0.8215535
760754,0.0041221
760755,0.042631187
760756,0.985292
760757,0.054138396
760758,0.655592
760759,0.011675764
760760,0.040317688
760761,0.014916727
760762,0.019541295
760763,0.084863454
760764,0.88004065
760765,0.99887
760766,0.0056921993
760767,0.087243356
760768,0.985672
760769,0.47624663
760770,0.04390351
760771,0.011616932
760772,0.23274207
760773,0.006351759
760774,0.9726333
760775,0.9862437
760776,0.011042016
760777,0.010065794
760778,0.9729319
760779,0.07933282
760780,0.9862791
760781,0.999146
760782,0.022647638
760783,0.023466546
760784,0.06779206
760785,0.98049045
760786,0.9975322
760787,0.15731817
760788,0.018138481
760789,0.02642155
760790,0.98327637
760791,0.1692803
760792,0.052586544
760793,0.9707155
760794,0.059559505
760795,0.16853118
760796,0.8891514
760797,0.8764964
760798,0.36736006
760799,0.19048148
760800,0.0074757338
760801,0.007465232
760802,0.70666844
760803,0.047129855
760804,0.07126233
760805,0.0043456424
760806,0.040229965
760807,0.8194115
760808,0.051563878
760809,0.50277394
760810,0.93441826
760811,0.99863493
760812,0.9785811
760813,0.56124717
760814,0.011717694
760815,0.23056826
760816,0.8775425
760817,0.13393983
760818,0.99955285
760819,0.9448967
760820,0.98067445
760821,0.0054720887
760822,0.10605979
760823,0.97184765
760824,0.98894477
760825,0.99400467
760826,0.061475236
760827,0.043448687
760828,0.50430006
760829,0.8431756
760830,0.06505106
760831,0.03880978
760832,0.98741245
760833,0.024857443
760834,0.9948276
760835,0.015336489
760836,0.9810251
760837,0.97939634
760838,0.15453133
760839,0.017768444
760840,0.99045265
760841,0.9942857
760842,0.10487325
760843,0.011059177
760844,0.89140856
760845,0.2990668
760846,0.039517112
760847,0.12214911
760848,0.004432244
760849,0.9681389
760850,0.98682374
760851,0.1425687
760852,0.02082296
760853,0.95487905
760854,0.774536
760855,0.030481203
760856,0.06690781
760857,0.018784737
760858,0.025554735
760859,0.98062086
760860,0.9971201
760861,0.5137025
760862,0.7444209
760863,0.0014437423
760864,0.04089994
760865,0.9580504
760866,0.29508114
760867,0.03490209
760868,0.03416999
760869,0.9162172
760870,0.006372311
760871,0.15992038
760872,0.9393387
760873,0.9997934
760874,0.90774035
760875,0.88124585
760876,0.9422407
760877,0.099542245
760878,0.027877586
760879,0.92617476
760880,0.9229037
760881,0.031039564
760882,0.036720738
760883,0.5351143
760884,0.92732525
760885,0.059766248
760886,0.14132947
760887,0.9788999
760888,0.542107
760889,0.19167784
760890,0.9855028
760891,0.69224024
760892,0.07856672
760893,0.45326412
760894,0.0073741283
760895,0.107229166
760896,0.5135267
760897,0.1361867
760898,0.012545802
760899,0.96212375
760900,0.12632713
760901,0.026541317
760902,0.98920816
760903,0.33230007
760904,0.07396087
760905,0.79870707
760906,0.02277034
760907,0.09016005
760908,0.45179555
760909,0.34958777
760910,0.13166213
760911,0.9874365
760912,0.20107415
760913,0.068693526
760914,0.9824573
760915,0.7899711
760916,0.85172427
760917,0.26065576
760918,0.2154972
760919,0.86316985
760920,0.95756686
760921,0.33876458
760922,0.9650962
760923,0.8661299
760924,0.018114034
760925,0.13499402
760926,0.18272217
760927,0.6406239
760928,0.094863646
760929,0.034230232
760930,0.1254529
760931,0.56767344
760932,0.04662525
760933,0.99046254
760934,0.9763409
760935,0.033071917
760936,0.99745655
760937,0.016159445
760938,0.011943382
760939,0.13231936
760940,0.05298563
760941,0.010344863
760942,0.57806045
760943,0.041279018
760944,0.004433742
760945,0.007818988
760946,0.013779651
760947,0.99945635
760948,0.1879633
760949,0.94885063
760950,0.483145
760951,0.2050013
760952,0.028139679
760953,0.9649363
760954,0.0035447646
760955,0.0127638
760956,0.069731794
760957,0.053353824
760958,0.9803793
760959,0.104860544
760960,0.029597389
760961,0.20423758
760962,0.4115407
760963,0.6770382
760964,0.09184465
760965,0.7355428
760966,0.96388644
760967,0.22293584
760968,0.0042736987
760969,0.66480297
760970,0.99645126
760971,0.2787325
760972,0.007291585
760973,0.0035812606
760974,0.091360666
760975,0.016201157
760976,0.7149325
760977,0.005718923
760978,0.7224238
760979,0.59807104
760980,0.98003316
760981,0.20058537
760982,0.0029170273
760983,0.033860784
760984,0.49865842
760985,0.094791606
760986,0.14866284
760987,0.9978086
760988,0.036274716
760989,0.019873122
760990,0.73580456
760991,0.31156266
760992,0.034815088
760993,0.02691429
760994,0.91826385
760995,0.9269716
760996,0.00829628
760997,0.98948264
760998,0.18021603
760999,0.16760077
761000,0.050070837
761001,0.31774184
761002,0.87049615
761003,0.42890894
761004,0.015037896
761005,0.4668412
761006,0.0076344754
761007,0.07343674
761008,0.05585525
761009,0.016353004
761010,0.9767835
761011,0.5563408
761012,0.008267654
761013,0.91183877
761014,0.22171134
761015,0.4522494
761016,0.018015377
761017,0.028830618
761018,0.19667849
761019,0.78949404
761020,0.2265676
761021,0.09316015
761022,0.23801124
761023,0.79158604
761024,0.04534801
761025,0.976142
761026,0.021748826
761027,0.7058227
761028,0.087423146
761029,0.6965885
761030,0.91329616
761031,0.99326193
761032,0.26805282
761033,0.0016731023
761034,0.98649096
761035,0.40908024
761036,0.124480106
761037,0.009511596
761038,0.89836895
761039,0.55347914
761040,0.19328682
761041,0.102026686
761042,0.12558249
761043,0.06939042
761044,0.5134208
761045,0.09867692
761046,0.99118567
761047,0.11694983
761048,0.9987436
761049,0.9874507
761050,0.005942581
761051,0.08090029
761052,0.004782486
761053,0.7263328
761054,0.480832
761055,0.9968479
761056,0.89572245
761057,0.6693433
761058,0.055585314
761059,0.43322507
761060,0.07484458
761061,0.056551363
761062,0.119176924
761063,0.060385983
761064,0.9575415
761065,0.01284642
761066,0.9835619
761067,0.1743602
761068,0.97364795
761069,0.93228215
761070,0.015425376
761071,0.0024162417
761072,0.038028404
761073,0.2993297
761074,0.9153656
761075,0.019186366
761076,0.965154
761077,0.08767549
761078,0.97434473
761079,0.99417424
761080,0.019396342
761081,0.9739598
761082,0.033451922
761083,0.09378735
761084,0.0134405885
761085,0.8605684
761086,0.4263631
761087,0.95168734
761088,0.91172314
761089,0.013782128
761090,0.96991396
761091,0.88230413
761092,0.9858766
761093,0.9961525
761094,0.99161875
761095,0.6957504
761096,0.04946135
761097,0.010230685
761098,0.98565483
761099,0.9872298
761100,0.96911204
761101,0.010066648
761102,0.89439595
761103,0.04125174
761104,0.98326766
761105,0.08353063
761106,0.9550134
761107,0.9914188
761108,0.4084254
761109,0.0029707989
761110,0.62603873
761111,0.16602543
761112,0.057751484
761113,0.84580326
761114,0.027854731
761115,0.98789513
761116,0.36420372
761117,0.081650175
761118,0.004964036
761119,0.9940955
761120,0.038813256
761121,0.99982363
761122,0.02174227
761123,0.8680708
761124,0.017984295
761125,0.98348534
761126,0.0033107086
761127,0.8088082
761128,0.9883142
761129,0.9877872
761130,0.39605334
761131,0.024119565
761132,0.67697656
761133,0.9967211
761134,0.06821847
761135,0.03565714
761136,0.028509473
761137,0.009830722
761138,0.97559863
761139,0.013331464
761140,0.9780261
761141,0.012309944
761142,0.98093283
761143,0.99553096
761144,0.17633364
761145,0.9992316
761146,0.19028541
761147,0.90849924
761148,0.515904
761149,0.989189
761150,0.11272818
761151,0.008241697
761152,0.58123845
761153,0.013227335
761154,0.0019734558
761155,0.32505494
761156,0.99411476
761157,0.026391106
761158,0.014732571
761159,0.8440034
761160,0.68480706
761161,0.16394332
761162,0.9979485
761163,0.84597415
761164,0.024163708
761165,0.97059256
761166,0.95588785
761167,0.0267305
761168,0.040382106
761169,0.98299515
761170,0.9937602
761171,0.74815285
761172,0.4198657
761173,0.087364286
761174,0.5850416
761175,0.4204506
761176,0.01849562
761177,0.9553585
761178,0.0072921775
761179,0.98759025
761180,0.93302375
761181,0.87591976
761182,0.9959855
761183,0.019446425
761184,0.004490872
761185,0.95752215
761186,0.9848472
761187,0.7780911
761188,0.09288338
761189,0.04541406
761190,0.6244463
761191,0.92853296
761192,0.79922515
761193,0.7141133
761194,0.949319
761195,0.19340274
761196,0.967278
761197,0.3184567
761198,0.28896528
761199,0.5206419
761200,0.0047143153
761201,0.08982348
761202,0.3800223
761203,0.9970222
761204,0.9666713
761205,0.84378064
761206,0.015879648
761207,0.17197523
761208,0.012424123
761209,0.036150597
761210,0.99062616
761211,0.9776125
761212,0.07556143
761213,0.2202595
761214,0.008729648
761215,0.1857371
761216,0.6907936
761217,0.037653632
761218,0.017456353
761219,0.37953413
761220,0.26219863
761221,0.018645892
761222,0.007497946
761223,0.02647705
761224,0.6421263
761225,0.01738741
761226,0.9850598
761227,0.005485594
761228,0.84430325
761229,0.064801976
761230,0.011866688
761231,0.79192555
761232,0.3009032
761233,0.984547
761234,0.64453864
761235,0.98647183
761236,0.007861447
761237,0.88001424
761238,0.040634245
761239,0.048352245
761240,0.016569639
761241,0.6632448
761242,0.04274088
761243,0.009711333
761244,0.6346166
761245,0.020715432
761246,0.004172289
761247,0.5382813
761248,0.98703754
761249,0.04175174
761250,0.017881813
761251,0.89282584
761252,0.98545456
761253,0.95157814
761254,0.5665172
761255,0.72299606
761256,0.015906544
761257,0.95009947
761258,0.9196747
761259,0.029453855
761260,0.45990884
761261,0.0051777544
761262,0.0077781845
761263,0.36961263
761264,0.7031357
761265,0.9958209
761266,0.114375904
761267,0.0037782693
761268,0.03588732
761269,0.005050714
761270,0.012192522
761271,0.9849245
761272,0.0039090933
761273,0.0107521275
761274,0.09449055
761275,0.06274233
761276,0.6545401
761277,0.07698472
761278,0.04606092
761279,0.064517185
761280,0.016320871
761281,0.0034847618
761282,0.052239202
761283,0.8966354
761284,0.055142075
761285,0.9159702
761286,0.77168226
761287,0.012245674
761288,0.7546315
761289,0.99140656
761290,0.97892785
761291,0.9899084
761292,0.40105656
761293,0.053672165
761294,0.8648721
761295,0.8564152
761296,0.047265604
761297,0.98419
761298,0.99421585
761299,0.008529237
761300,0.99705064
761301,0.4515397
761302,0.93972135
761303,0.027885478
761304,0.02602819
761305,0.31274503
761306,0.008718189
761307,0.8988193
761308,0.010662397
761309,0.93897724
761310,0.010386063
761311,0.028351108
761312,0.07035037
761313,0.2614769
761314,0.96369565
761315,0.9839627
761316,0.15463376
761317,0.05058552
761318,0.13129985
761319,0.0014393843
761320,0.9776446
761321,0.9942142
761322,0.92744076
761323,0.46803948
761324,0.13767785
761325,0.9276818
761326,0.98950654
761327,0.043317724
761328,0.9884565
761329,0.9716809
761330,0.5667964
761331,0.0049025775
761332,0.009605745
761333,0.94374514
761334,0.98699176
761335,0.0021527389
761336,0.89408433
761337,0.962559
761338,0.9761797
761339,0.025807459
761340,0.9346377
761341,0.004029561
761342,0.53605574
761343,0.92162967
761344,0.016209833
761345,0.9542037
761346,0.98650724
761347,0.9931041
761348,0.005183068
761349,0.99433345
761350,0.06340988
761351,0.065903366
761352,0.38515666
761353,0.19250163
761354,0.0053661796
761355,0.018070243
761356,0.895024
761357,0.036451504
761358,0.32365215
761359,0.72505593
761360,0.73366976
761361,0.41506502
761362,0.92052615
761363,0.4937093
761364,0.042696502
761365,0.42991507
761366,0.065330416
761367,0.9882522
761368,0.96656877
761369,0.9661975
761370,0.0034767152
761371,0.9920175
761372,0.9922649
761373,0.7668799
761374,0.0022495491
761375,0.8681048
761376,0.23844913
761377,0.099844836
761378,0.06739211
761379,0.99709576
761380,0.9515376
761381,0.69570696
761382,0.83479977
761383,0.65332115
761384,0.972291
761385,0.09316512
761386,0.9926343
761387,0.9967862
761388,0.0024169444
761389,0.057398435
761390,0.7544732
761391,0.009574372
761392,0.9752842
761393,0.05108336
761394,0.4476747
761395,0.02225224
761396,0.111031935
761397,0.85905683
761398,0.0101537965
761399,0.48367617
761400,0.40721202
761401,0.29739326
761402,0.9984719
761403,0.029570326
761404,0.031244945
761405,0.99450135
761406,0.95218426
761407,0.00948542
761408,0.53272384
761409,0.03498334
761410,0.98882574
761411,0.15772858
761412,0.7307863
761413,0.9142542
761414,0.30772272
761415,0.89442414
761416,0.035856523
761417,0.04550851
761418,0.2861578
761419,0.02825803
761420,0.9990667
761421,0.041432433
761422,0.982256
761423,0.05679717
761424,0.08435318
761425,0.2538927
761426,0.008087126
761427,0.98632264
761428,0.5126859
761429,0.018113863
761430,0.9589761
761431,0.42927587
761432,0.014943169
761433,0.94701797
761434,0.9998297
761435,0.99702823
761436,0.9807805
761437,0.002612153
761438,0.27650392
761439,0.032484964
761440,0.046575557
761441,0.06865301
761442,0.97077835
761443,0.01807053
761444,0.037684493
761445,0.07878379
761446,0.09581177
761447,0.9946993
761448,0.18195097
761449,0.12759863
761450,0.0048002107
761451,0.9771944
761452,0.011080919
761453,0.038041107
761454,0.004962923
761455,0.0524849
761456,0.0043615075
761457,0.23707701
761458,0.0135527365
761459,0.9369828
761460,0.0511628
761461,0.97494537
761462,0.023099199
761463,0.8866637
761464,0.48679322
761465,0.0035817786
761466,0.09351593
761467,0.057651427
761468,0.014619111
761469,0.45071647
761470,0.6960499
761471,0.99639004
761472,0.89789724
761473,0.104459345
761474,0.22139907
761475,0.042973347
761476,0.07610067
761477,0.86889714
761478,0.047440197
761479,0.2905508
761480,0.97391975
761481,0.86906964
761482,0.28237757
761483,0.023325233
761484,0.057451546
761485,0.36359847
761486,0.2943109
761487,0.22177234
761488,0.8615762
761489,0.02364916
761490,0.3114008
761491,0.006020124
761492,0.026978098
761493,0.99568814
761494,0.08133444
761495,0.8377105
761496,0.84758466
761497,0.07806497
761498,0.36000204
761499,0.92293185
761500,0.94071424
761501,0.9927288
761502,0.09432675
761503,0.8652108
761504,0.010741062
761505,0.99470496
761506,0.9667121
761507,0.13279831
761508,0.6408011
761509,0.9889141
761510,0.017893018
761511,0.01699913
761512,0.004032606
761513,0.16342628
761514,0.015688892
761515,0.9840176
761516,0.9962083
761517,0.012419006
761518,0.24566516
761519,0.06420266
761520,0.029162511
761521,0.8439763
761522,0.62196684
761523,0.898609
761524,0.006017939
761525,0.016960809
761526,0.21710452
761527,0.9995817
761528,0.024060229
761529,0.49906757
761530,0.015163855
761531,0.022473652
761532,0.94081706
761533,0.030242877
761534,0.9218381
761535,0.04928906
761536,0.96153104
761537,0.018205712
761538,0.19469488
761539,0.73676294
761540,0.004350253
761541,0.0037824581
761542,0.011192355
761543,0.00700219
761544,0.0043817814
761545,0.11502622
761546,0.8573983
761547,0.18704386
761548,0.94625777
761549,0.9956848
761550,0.9970745
761551,0.015761878
761552,0.9972607
761553,0.97150207
761554,0.6736876
761555,0.035084087
761556,0.99964625
761557,0.9594608
761558,0.9967724
761559,0.79101217
761560,0.06498024
761561,0.028317593
761562,0.027319554
761563,0.920217
761564,0.07587447
761565,0.18256244
761566,0.998664
761567,0.9569785
761568,0.357292
761569,0.0259622
761570,0.429923
761571,0.3293256
761572,0.7566384
761573,0.003268485
761574,0.9794687
761575,0.9701334
761576,0.0097400565
761577,0.045843452
761578,0.011630317
761579,0.3653301
761580,0.095217586
761581,0.18124548
761582,0.9424071
761583,0.92885435
761584,0.7850384
761585,0.89067805
761586,0.12439975
761587,0.0052925935
761588,0.594556
761589,0.018440293
761590,0.11104081
761591,0.9301185
761592,0.0043154648
761593,0.034500435
761594,0.5640843
761595,0.08021934
761596,0.033544496
761597,0.99623275
761598,0.80213463
761599,0.002106135
761600,0.84874463
761601,0.16737702
761602,0.03217759
761603,0.7227555
761604,0.12311274
761605,0.1058459
761606,0.010259033
761607,0.031005748
761608,0.9272543
761609,0.22949983
761610,0.024273384
761611,0.9980111
761612,0.9735093
761613,0.99203515
761614,0.92834175
761615,0.099778324
761616,0.979229
761617,0.9494653
761618,0.024596583
761619,0.18558311
761620,0.97816336
761621,0.2031073
761622,0.9741432
761623,0.014896202
761624,0.3945067
761625,0.11111187
761626,0.7480967
761627,0.8396957
761628,0.02201267
761629,0.6705892
761630,0.98096776
761631,0.24856457
761632,0.9098751
761633,0.48514038
761634,0.99139464
761635,0.004824182
761636,0.3390793
761637,0.52169186
761638,0.19487345
761639,0.043153066
761640,0.7694964
761641,0.09820801
761642,0.93654895
761643,0.996159
761644,0.0019597085
761645,0.009046935
761646,0.99142617
761647,0.01013964
761648,0.02302375
761649,0.0151236355
761650,0.32260042
761651,0.035299893
761652,0.38701668
761653,0.91056013
761654,0.009621272
761655,0.066395156
761656,0.39978844
761657,0.9991768
761658,0.122389585
761659,0.4402552
761660,0.15914835
761661,0.02196201
761662,0.027106348
761663,0.98644125
761664,0.2186483
761665,0.9979915
761666,0.0027876245
761667,0.86237866
761668,0.9766334
761669,0.7950244
761670,0.80203855
761671,0.6380712
761672,0.086656995
761673,0.988087
761674,0.8037498
761675,0.027095838
761676,0.0012754403
761677,0.022526426
761678,0.19341801
761679,0.36652192
761680,0.9449856
761681,0.9216497
761682,0.010838572
761683,0.40764213
761684,0.005514863
761685,0.009486673
761686,0.06444992
761687,0.7911042
761688,0.016636366
761689,0.008226067
761690,0.0345158
761691,0.84837025
761692,0.96775913
761693,0.7847751
761694,0.9788876
761695,0.5288419
761696,0.87140965
761697,0.9939507
761698,0.11092242
761699,0.23416194
761700,0.021179758
761701,0.026681295
761702,0.9888644
761703,0.9941571
761704,0.1262159
761705,0.20217559
761706,0.007913477
761707,0.8145218
761708,0.9689632
761709,0.0075579314
761710,0.86777616
761711,0.019719826
761712,0.17907144
761713,0.9993407
761714,0.012691342
761715,0.034778543
761716,0.026469357
761717,0.0049801837
761718,0.02703597
761719,0.2974477
761720,0.045128085
761721,0.0048000757
761722,0.93517655
761723,0.9845698
761724,0.62994236
761725,0.88737875
761726,0.9305125
761727,0.26202637
761728,0.00898942
761729,0.043218426
761730,0.987429
761731,0.041976698
761732,0.02468529
761733,0.9929713
761734,0.33008817
761735,0.99450344
761736,0.8794193
761737,0.98565334
761738,0.9976989
761739,0.9584332
761740,0.00051665015
761741,0.02320991
761742,0.010647466
761743,0.9625807
761744,0.94819206
761745,0.99611163
761746,0.36221516
761747,0.96887136
761748,0.7371279
761749,0.94380486
761750,0.05151666
761751,0.9915413
761752,0.24374062
761753,0.024958925
761754,0.061234616
761755,0.0050339554
761756,0.5195123
761757,0.95616114
761758,0.01529824
761759,0.0030366092
761760,0.015265673
761761,0.98300713
761762,0.47087836
761763,0.007398167
761764,0.028140184
761765,0.95020497
761766,0.02155046
761767,0.99493575
761768,0.016824447
761769,0.15061606
761770,0.009026537
761771,0.0034467764
761772,0.972178
761773,0.0056348653
761774,0.97014594
761775,0.027479568
761776,0.005192657
761777,0.077760935
761778,0.9966922
761779,0.9984243
761780,0.38939428
761781,0.042103976
761782,0.958488
761783,0.016665036
761784,0.10617982
761785,0.18382698
761786,0.9932503
761787,0.048339084
761788,0.02788152
761789,0.024778716
761790,0.009350423
761791,0.7269231
761792,0.009739786
761793,0.80297446
761794,0.42527518
761795,0.3730297
761796,0.11986223
761797,0.744446
761798,0.3244689
761799,0.12558493
761800,0.03276558
761801,0.21541959
761802,0.18016157
761803,0.09790396
761804,0.9285146
761805,0.9626976
761806,0.8720972
761807,0.7538435
761808,0.9473087
761809,0.009522492
761810,0.7923161
761811,0.45843214
761812,0.27580345
761813,0.99225605
761814,0.9604425
761815,0.0112748835
761816,0.17442694
761817,0.09305662
761818,0.32420143
761819,0.012676883
761820,0.481
761821,0.99852836
761822,0.45211503
761823,0.047059093
761824,0.0009855344
761825,0.9967792
761826,0.09654453
761827,0.69930804
761828,0.8841524
761829,0.99952763
761830,0.19705108
761831,0.034473617
761832,0.8354237
761833,0.18783885
761834,0.009566759
761835,0.35724902
761836,0.05566513
761837,0.98225206
761838,0.045690216
761839,0.19115584
761840,0.08837505
761841,0.019957261
761842,0.6073514
761843,0.398665
761844,0.676983
761845,0.048480965
761846,0.011832102
761847,0.08465311
761848,0.32360592
761849,0.0068070902
761850,0.98181283
761851,0.6725928
761852,0.05598522
761853,0.08933641
761854,0.042139962
761855,0.5072405
761856,0.114245236
761857,0.99416465
761858,0.9861593
761859,0.05132272
761860,0.026177498
761861,0.0017490571
761862,0.02682794
761863,0.9339434
761864,0.4689377
761865,0.99031305
761866,0.93041044
761867,0.7888961
761868,0.93172693
761869,0.13497674
761870,0.015182263
761871,0.00528542
761872,0.013443003
761873,0.09164966
761874,0.05251092
761875,0.0042492757
761876,0.044997253
761877,0.71501935
761878,0.2191258
761879,0.13271706
761880,0.12646443
761881,0.014078595
761882,0.8516332
761883,0.96187955
761884,0.98929864
761885,0.38359237
761886,0.75613713
761887,0.8846874
761888,0.0032517922
761889,0.96011066
761890,0.027715908
761891,0.04701645
761892,0.71922314
761893,0.028685883
761894,0.5190599
761895,0.89382625
761896,0.046828404
761897,0.89504784
761898,0.015057938
761899,0.9962312
761900,0.02074612
761901,0.9963398
761902,0.0072568036
761903,0.16432711
761904,0.030127944
761905,0.025527947
761906,0.9311725
761907,0.0015836107
761908,0.97925895
761909,0.0029564789
761910,0.13250044
761911,0.012664594
761912,0.28845257
761913,0.9510597
761914,0.6630215
761915,0.9021552
761916,0.39327726
761917,0.5019351
761918,0.9883579
761919,0.4127553
761920,0.17337567
761921,0.7627633
761922,0.9583924
761923,0.95082265
761924,0.08485937
761925,0.20408884
761926,0.0034030932
761927,0.07572233
761928,0.01043372
761929,0.32360563
761930,0.08588633
761931,0.39280584
761932,0.83836293
761933,0.9878025
761934,0.043192826
761935,0.13048019
761936,0.7177913
761937,0.07530734
761938,0.3468292
761939,0.99835694
761940,0.3425557
761941,0.8707058
761942,0.97205234
761943,0.37107605
761944,0.86410916
761945,0.7756267
761946,0.0052565676
761947,0.94560677
761948,0.005489079
761949,0.30679303
761950,0.23508377
761951,0.022720445
761952,0.9892599
761953,0.9484353
761954,0.9933054
761955,0.9769817
761956,0.9376272
761957,0.75711036
761958,0.07088322
761959,0.84938073
761960,0.9948881
761961,0.98285574
761962,0.13809015
761963,0.20054358
761964,0.42115858
761965,0.98210174
761966,0.018488836
761967,0.9241809
761968,0.21754733
761969,0.96949315
761970,0.14426205
761971,0.014522702
761972,0.99804294
761973,0.10532144
761974,0.7242798
761975,0.9553833
761976,0.19332495
761977,0.93737584
761978,0.9899947
761979,0.0044383393
761980,0.015044802
761981,0.9914764
761982,0.4058816
761983,0.98242116
761984,0.51861244
761985,0.100789286
761986,0.064482674
761987,0.971559
761988,0.1661892
761989,0.9431294
761990,0.7684652
761991,0.42305946
761992,0.042244826
761993,0.9981022
761994,0.9760409
761995,0.9986832
761996,0.31205603
761997,0.99899346
761998,0.22310378
761999,0.97429645
762000,0.01097848
762001,0.034620542
762002,0.004396779
762003,0.7442212
762004,0.52067596
762005,0.84969115
762006,0.99661994
762007,0.11099711
762008,0.9910022
762009,0.45380905
762010,0.08663156
762011,0.0462981
762012,0.016864326
762013,0.07766569
762014,0.997206
762015,0.012284765
762016,0.01750084
762017,0.02401319
762018,0.0067864065
762019,0.92082834
762020,0.0017223498
762021,0.06225025
762022,0.93578804
762023,0.005244547
762024,0.02756722
762025,0.8928644
762026,0.96665514
762027,0.9832067
762028,0.017801922
762029,0.94156265
762030,0.275605
762031,0.99078566
762032,0.82969165
762033,0.011715654
762034,0.030025566
762035,0.98238164
762036,0.07673563
762037,0.97628176
762038,0.8400469
762039,0.7593755
762040,0.96249294
762041,0.0024554105
762042,0.020875242
762043,0.0066631
762044,0.018405076
762045,0.008975763
762046,0.0073313504
762047,0.30782712
762048,0.0781314
762049,0.6010754
762050,0.9957235
762051,0.82509136
762052,0.022712983
762053,0.011297202
762054,0.86364955
762055,0.98441523
762056,0.9891182
762057,0.9949865
762058,0.2972093
762059,0.033835277
762060,0.9825382
762061,0.06439039
762062,0.30277044
762063,0.9764594
762064,0.49842098
762065,0.5878094
762066,0.9419253
762067,0.0054445677
762068,0.012195949
762069,0.0020641044
762070,0.3500938
762071,0.9821646
762072,0.023488937
762073,0.71799046
762074,0.0069320602
762075,0.13570285
762076,0.8075959
762077,0.9984749
762078,0.9481968
762079,0.1881276
762080,0.1674946
762081,0.97139686
762082,0.07128014
762083,0.9427481
762084,0.06622456
762085,0.011975873
762086,0.8258933
762087,0.9817561
762088,0.97846836
762089,0.3323968
762090,0.48786882
762091,0.93629557
762092,0.020122614
762093,0.70436454
762094,0.9633486
762095,0.86127394
762096,0.63983124
762097,0.1311098
762098,0.9626137
762099,0.91672695
762100,0.010810127
762101,0.086721376
762102,0.05112683
762103,0.9762503
762104,0.14095221
762105,0.99853265
762106,0.98008615
762107,0.962548
762108,0.029757356
762109,0.93648946
762110,0.7783624
762111,0.46134833
762112,0.008334795
762113,0.018020023
762114,0.0076513262
762115,0.028165659
762116,0.7055794
762117,0.5742332
762118,0.0024547365
762119,0.9821497
762120,0.41117474
762121,0.124311104
762122,0.02880747
762123,0.0100453105
762124,0.9550239
762125,0.0018236301
762126,0.010748029
762127,0.9944382
762128,0.094906494
762129,0.9255325
762130,0.97804606
762131,0.060062554
762132,0.9966284
762133,0.958096
762134,0.05364357
762135,0.27684587
762136,0.019729897
762137,0.46534103
762138,0.98240674
762139,0.99707747
762140,0.024467817
762141,0.026457243
762142,0.0026463342
762143,0.7759292
762144,0.89215237
762145,0.99723184
762146,0.9142248
762147,0.0030440905
762148,0.3114314
762149,0.99848855
762150,0.969415
762151,0.9645168
762152,0.013478398
762153,0.034702044
762154,0.32253903
762155,0.022984715
762156,0.9923851
762157,0.51949567
762158,0.14411753
762159,0.992415
762160,0.9613325
762161,0.7396711
762162,0.0027378544
762163,0.9872229
762164,0.992499
762165,0.0024007263
762166,0.5157553
762167,0.17773303
762168,0.014944897
762169,0.06634923
762170,0.5337368
762171,0.978397
762172,0.13565303
762173,0.061959043
762174,0.90679014
762175,0.99813235
762176,0.06112542
762177,0.93471223
762178,0.9955886
762179,0.9892278
762180,0.3706302
762181,0.5313761
762182,0.0094467625
762183,0.041787397
762184,0.9421112
762185,0.8502191
762186,0.014578273
762187,0.01029667
762188,0.99480236
762189,0.8085772
762190,0.025855495
762191,0.07640243
762192,0.014241362
762193,0.00419476
762194,0.97235525
762195,0.008265492
762196,0.010199386
762197,0.0087400675
762198,0.9893602
762199,0.0705698
762200,0.47658208
762201,0.9982558
762202,0.7387671
762203,0.775039
762204,0.1388665
762205,0.30613285
762206,0.27711296
762207,0.6759859
762208,0.98882294
762209,0.9986279
762210,0.9992448
762211,0.19494776
762212,0.96509224
762213,0.00042900819
762214,0.015355358
762215,0.9761418
762216,0.9966967
762217,0.6528425
762218,0.07403609
762219,0.9017201
762220,0.018566422
762221,0.1171057
762222,0.051444158
762223,0.3773279
762224,0.985137
762225,0.09119986
762226,0.5206896
762227,0.9461023
762228,0.93307114
762229,0.0279558
762230,0.03078667
762231,0.9902035
762232,0.9906095
762233,0.9143264
762234,0.09858333
762235,0.26145142
762236,0.5468404
762237,0.0013443705
762238,0.050940685
762239,0.55386364
762240,0.9609471
762241,0.74281096
762242,0.8719351
762243,0.09594757
762244,0.019924186
762245,0.11934033
762246,0.43633148
762247,0.9983655
762248,0.021345418
762249,0.549195
762250,0.7915222
762251,0.29569662
762252,0.018695028
762253,0.005626152
762254,0.99878335
762255,0.9201251
762256,0.16949327
762257,0.007566501
762258,0.0073710945
762259,0.12338044
762260,0.31213316
762261,0.0071141724
762262,0.9955132
762263,0.98653615
762264,0.9830868
762265,0.6436917
762266,0.024230301
762267,0.04448935
762268,0.021083392
762269,0.017809307
762270,0.015528608
762271,0.994132
762272,0.54272723
762273,0.82680804
762274,0.051905505
762275,0.9675316
762276,0.9637126
762277,0.057693508
762278,0.9985395
762279,0.0075331395
762280,0.049480047
762281,0.01087185
762282,0.07047259
762283,0.10223629
762284,0.04680477
762285,0.8875276
762286,0.06705068
762287,0.07058578
762288,0.42859024
762289,0.0065573603
762290,0.3387101
762291,0.9593251
762292,0.023887228
762293,0.9940079
762294,0.0062789298
762295,0.91162354
762296,0.90650517
762297,0.38091213
762298,0.03251865
762299,0.0041521015
762300,0.97865987
762301,0.9563179
762302,0.98491955
762303,0.6513306
762304,0.13885869
762305,0.008653713
762306,0.982328
762307,0.04127648
762308,0.030964129
762309,0.03072317
762310,0.8604536
762311,0.98699427
762312,0.9991696
762313,0.6949816
762314,0.019100798
762315,0.7667858
762316,0.99913794
762317,0.014787762
762318,0.98428816
762319,0.93892825
762320,0.2788167
762321,0.037964407
762322,0.039554406
762323,0.9872602
762324,0.005711925
762325,0.98828554
762326,0.7522219
762327,0.0049379007
762328,0.99296135
762329,0.057449438
762330,0.9989489
762331,0.022565488
762332,0.9378582
762333,0.67083776
762334,0.10100491
762335,0.68394244
762336,0.041932333
762337,0.10659846
762338,0.006346967
762339,0.9887358
762340,0.04642308
762341,0.03592543
762342,0.0027160682
762343,0.9797748
762344,0.008796359
762345,0.020461611
762346,0.015879206
762347,0.19860561
762348,0.023751073
762349,0.50800484
762350,0.004090217
762351,0.99824816
762352,0.10725516
762353,0.99661595
762354,0.9939691
762355,0.9480962
762356,0.98676574
762357,0.45779026
762358,0.725708
762359,0.8917086
762360,0.0155932605
762361,0.72540575
762362,0.49094358
762363,0.01335432
762364,0.9948274
762365,0.06970813
762366,0.04354921
762367,0.17516509
762368,0.9794124
762369,0.38761342
762370,0.97723305
762371,0.76811075
762372,0.9973701
762373,0.013032318
762374,0.3221706
762375,0.32771137
762376,0.9657034
762377,0.49230564
762378,0.74351716
762379,0.9927012
762380,0.013600775
762381,0.8535694
762382,0.016912378
762383,0.005573484
762384,0.0734908
762385,0.8361572
762386,0.2610201
762387,0.25120184
762388,0.0087596495
762389,0.5411645
762390,0.8576648
762391,0.29584968
762392,0.9943611
762393,0.519351
762394,0.054892924
762395,0.3602404
762396,0.0039180983
762397,0.22844583
762398,0.0322321
762399,0.019840447
762400,0.59850085
762401,0.04701954
762402,0.99695814
762403,0.032215096
762404,0.070012756
762405,0.9508623
762406,0.61330444
762407,0.6599328
762408,0.9856885
762409,0.17588621
762410,0.21970974
762411,0.9885797
762412,0.99584603
762413,0.7317939
762414,0.5365348
762415,0.00905662
762416,0.009399656
762417,0.5016684
762418,0.011947947
762419,0.9869378
762420,0.23389289
762421,0.58571875
762422,0.02555541
762423,0.43593854
762424,0.72699153
762425,0.018969107
762426,0.13414045
762427,0.021487292
762428,0.008146174
762429,0.42696124
762430,0.14558856
762431,0.014554508
762432,0.01817708
762433,0.010308339
762434,0.8291053
762435,0.2696103
762436,0.7562475
762437,0.9435657
762438,0.008818922
762439,0.057752162
762440,0.78766865
762441,0.048152164
762442,0.15777546
762443,0.22381699
762444,0.43137074
762445,0.9602421
762446,0.815262
762447,0.6571433
762448,0.6003481
762449,0.06898558
762450,0.98308545
762451,0.005309642
762452,0.05783075
762453,0.00318527
762454,0.051601097
762455,0.04693273
762456,0.34011433
762457,0.0021062645
762458,0.1581488
762459,0.95565945
762460,0.45254147
762461,0.042809997
762462,0.46834755
762463,0.98613954
762464,0.0070200684
762465,0.007856859
762466,0.008883553
762467,0.80353063
762468,0.94197303
762469,0.94985384
762470,0.009186611
762471,0.15321489
762472,0.012862512
762473,0.969992
762474,0.0885629
762475,0.013783595
762476,0.044992294
762477,0.89588517
762478,0.57178855
762479,0.9209905
762480,0.9929704
762481,0.9808279
762482,0.0051712245
762483,0.17472205
762484,0.9854325
762485,0.034007505
762486,0.46497342
762487,0.12137777
762488,0.14714558
762489,0.24494007
762490,0.0072465213
762491,0.98305345
762492,0.102011144
762493,0.027347771
762494,0.15721357
762495,0.8903072
762496,0.58291143
762497,0.26000845
762498,0.62200284
762499,0.7164836
762500,0.029709471
762501,0.7985993
762502,0.21174616
762503,0.4880008
762504,0.8862264
762505,0.8799419
762506,0.9674575
762507,0.88925385
762508,0.91394496
762509,0.004103059
762510,0.91226476
762511,0.0041751647
762512,0.9705149
762513,0.9549781
762514,0.011287467
762515,0.58256936
762516,0.91255045
762517,0.3433918
762518,0.10619544
762519,0.25355813
762520,0.7922724
762521,0.85161203
762522,0.68670774
762523,0.10941739
762524,0.0290841
762525,0.0031949359
762526,0.06168692
762527,0.94282293
762528,0.9937195
762529,0.033715032
762530,0.023038533
762531,0.423903
762532,0.96486616
762533,0.008801234
762534,0.97438705
762535,0.022307778
762536,0.0053239414
762537,0.98397714
762538,0.9631238
762539,0.07921368
762540,0.016524136
762541,0.8140919
762542,0.9756506
762543,0.98277956
762544,0.96847224
762545,0.4273154
762546,0.008503643
762547,0.6338068
762548,0.21249612
762549,0.35714018
762550,0.046575353
762551,0.18299738
762552,0.79585767
762553,0.40617126
762554,0.0025094713
762555,0.043501716
762556,0.9849844
762557,0.015103286
762558,0.18595752
762559,0.99783885
762560,0.004501923
762561,0.81152314
762562,0.2759667
762563,0.8207388
762564,0.03145371
762565,0.040600277
762566,0.17844321
762567,0.9739702
762568,0.99498844
762569,0.01966127
762570,0.0046146754
762571,0.9588729
762572,0.0039089182
762573,0.27314395
762574,0.8026752
762575,0.99104404
762576,0.8088741
762577,0.9926939
762578,0.062234864
762579,0.053172227
762580,0.45481744
762581,0.7613876
762582,0.0051415
762583,0.009457948
762584,0.6715122
762585,0.06895436
762586,0.008392123
762587,0.8464548
762588,0.09893516
762589,0.1166036
762590,0.9140059
762591,0.3808301
762592,0.1675641
762593,0.6509321
762594,0.33344078
762595,0.4069489
762596,0.23669457
762597,0.9229141
762598,0.9975223
762599,0.9722178
762600,0.014135364
762601,0.2891487
762602,0.9884323
762603,0.9361278
762604,0.25630444
762605,0.00585423
762606,0.9992206
762607,0.037620444
762608,0.6017931
762609,0.9647713
762610,0.93945396
762611,0.24025452
762612,0.010906421
762613,0.944607
762614,0.050521575
762615,0.98504514
762616,0.99079585
762617,0.97654283
762618,0.13681927
762619,0.5232959
762620,0.43319046
762621,0.029389631
762622,0.9891952
762623,0.98204327
762624,0.016622862
762625,0.62043667
762626,0.9625043
762627,0.0073788892
762628,0.14196028
762629,0.031639278
762630,0.07007395
762631,0.16615054
762632,0.7945116
762633,0.015516191
762634,0.20358434
762635,0.99261624
762636,0.94737595
762637,0.9509238
762638,0.17540878
762639,0.960182
762640,0.0045944545
762641,0.03449322
762642,0.00665774
762643,0.5098013
762644,0.8583082
762645,0.034903403
762646,0.12901688
762647,0.008351742
762648,0.08176911
762649,0.49901968
762650,0.014332546
762651,0.35341057
762652,0.65234303
762653,0.0017111842
762654,0.03262933
762655,0.16145533
762656,0.0025042263
762657,0.041875824
762658,0.011573145
762659,0.9904472
762660,0.053598903
762661,0.0073250677
762662,0.7518389
762663,0.1396671
762664,0.9859285
762665,0.4657344
762666,0.95751435
762667,0.22768494
762668,0.4075731
762669,0.9941388
762670,0.49182564
762671,0.1251408
762672,0.99985826
762673,0.069305204
762674,0.32762644
762675,0.15502915
762676,0.8925452
762677,0.57760024
762678,0.5104742
762679,0.0011023358
762680,0.97483647
762681,0.1759673
762682,0.020455714
762683,0.90583414
762684,0.004637235
762685,0.026607126
762686,0.6879905
762687,0.046266712
762688,0.019921627
762689,0.0017355713
762690,0.9995675
762691,0.514067
762692,0.012378965
762693,0.014321414
762694,0.028803645
762695,0.053035952
762696,0.5869366
762697,0.051474888
762698,0.084774725
762699,0.48541975
762700,0.9891081
762701,0.9579979
762702,0.027580395
762703,0.10483351
762704,0.034082577
762705,0.155128
762706,0.016314361
762707,0.44787556
762708,0.24441174
762709,0.9859515
762710,0.01508746
762711,0.055462405
762712,0.9559855
762713,0.750678
762714,0.41824582
762715,0.11554063
762716,0.27852517
762717,0.22893292
762718,0.24017811
762719,0.013216113
762720,0.58231413
762721,0.8785975
762722,0.6190648
762723,0.9952048
762724,0.83406377
762725,0.8344918
762726,0.9905853
762727,0.15811157
762728,0.07883541
762729,0.023398332
762730,0.93516016
762731,0.1483581
762732,0.95086014
762733,0.9751226
762734,0.91963184
762735,0.9400492
762736,0.0044516604
762737,0.95223415
762738,0.61573076
762739,0.4436757
762740,0.43272826
762741,0.75446516
762742,0.9406509
762743,0.962245
762744,0.56489486
762745,0.9949892
762746,0.018128006
762747,0.01355583
762748,0.05441699
762749,0.013134768
762750,0.013036114
762751,0.87172765
762752,0.67665756
762753,0.99611056
762754,0.07332292
762755,0.82866275
762756,0.7760399
762757,0.06473374
762758,0.96283036
762759,0.7213553
762760,0.9016169
762761,0.96947527
762762,0.17563078
762763,0.15742283
762764,0.0014071576
762765,0.38761538
762766,0.11337656
762767,0.97303206
762768,0.24652198
762769,0.9346306
762770,0.98895735
762771,0.14706759
762772,0.23102556
762773,0.0047077606
762774,0.9985439
762775,0.9958628
762776,0.9543689
762777,0.80837893
762778,0.96635365
762779,0.0003422336
762780,0.44351548
762781,0.43458542
762782,0.7551212
762783,0.0365594
762784,0.08711196
762785,0.092839986
762786,0.807705
762787,0.019934941
762788,0.45164612
762789,0.6187055
762790,0.20848256
762791,0.46396416
762792,0.23859915
762793,0.97787344
762794,0.008700156
762795,0.0019231285
762796,0.21211965
762797,0.30604967
762798,0.003881542
762799,0.2643686
762800,0.9293426
762801,0.8916996
762802,0.99645984
762803,0.28455928
762804,0.99498594
762805,0.14630188
762806,0.8984328
762807,0.021848928
762808,0.21745847
762809,0.9981562
762810,0.0110328905
762811,0.39711052
762812,0.18232596
762813,0.47859326
762814,0.95397556
762815,0.9771256
762816,0.053015105
762817,0.9120523
762818,0.10454945
762819,0.0055113463
762820,0.44589752
762821,0.4156605
762822,0.99152327
762823,0.011764296
762824,0.12672906
762825,0.036716133
762826,0.09294727
762827,0.06856813
762828,0.00867359
762829,0.9712531
762830,0.46670443
762831,0.43399143
762832,0.02983024
762833,0.8825285
762834,0.0045451378
762835,0.96068704
762836,0.29022938
762837,0.9705388
762838,0.9993129
762839,0.3274287
762840,0.11531504
762841,0.9691634
762842,0.7966511
762843,0.5534437
762844,0.22617024
762845,0.9406059
762846,0.44140646
762847,0.059221357
762848,0.04176013
762849,0.91179574
762850,0.5989026
762851,0.8420708
762852,0.98458433
762853,0.9833361
762854,0.045658424
762855,0.030838478
762856,0.012087535
762857,0.94516623
762858,0.5202571
762859,0.3228556
762860,0.9969762
762861,0.06074684
762862,0.068167135
762863,0.69851416
762864,0.98974293
762865,0.9946736
762866,0.074567236
762867,0.95002997
762868,0.78503656
762869,0.02646596
762870,0.093904436
762871,0.56090695
762872,0.9953052
762873,0.99851704
762874,0.007154453
762875,0.0051818443
762876,0.015743982
762877,0.0015309808
762878,0.049937133
762879,0.042118054
762880,0.015646508
762881,0.87002563
762882,0.007434928
762883,0.018104106
762884,0.8949143
762885,0.67466486
762886,0.028175533
762887,0.99401796
762888,0.13807464
762889,0.9725371
762890,0.9847816
762891,0.04324004
762892,0.028704626
762893,0.5134637
762894,0.15378128
762895,0.967205
762896,0.8994336
762897,0.32050467
762898,0.985228
762899,0.006615013
762900,0.9391515
762901,0.8090146
762902,0.029192498
762903,0.9926869
762904,0.98580897
762905,0.042987935
762906,0.0023123818
762907,0.043167643
762908,0.6032503
762909,0.14292891
762910,0.9953297
762911,0.99809635
762912,0.17199299
762913,0.94513476
762914,0.16270174
762915,0.0025110529
762916,0.0021453213
762917,0.025956202
762918,0.47927722
762919,0.3596836
762920,0.010231091
762921,0.9922837
762922,0.017677832
762923,0.98949957
762924,0.1531822
762925,0.98391044
762926,0.9606814
762927,0.14153881
762928,0.95795256
762929,0.14566392
762930,0.00061476487
762931,0.017896103
762932,0.023919467
762933,0.09438884
762934,0.97865975
762935,0.06426026
762936,0.027729068
762937,0.088636294
762938,0.0072028413
762939,0.015231803
762940,0.024255693
762941,0.08890415
762942,0.019080393
762943,0.10201501
762944,0.9864028
762945,0.15106793
762946,0.01061309
762947,0.6678935
762948,0.0134603195
762949,0.99809897
762950,0.21141747
762951,0.40665105
762952,0.46689162
762953,0.98297954
762954,0.03089309
762955,0.044792447
762956,0.9528877
762957,0.005309697
762958,0.012725212
762959,0.76761985
762960,0.024795108
762961,0.13966289
762962,0.004852423
762963,0.018083464
762964,0.9953439
762965,0.9778976
762966,0.9891058
762967,0.8955633
762968,0.030345233
762969,0.607466
762970,0.037297994
762971,0.42164046
762972,0.032291725
762973,0.014783872
762974,0.9907023
762975,0.77755564
762976,0.013346094
762977,0.767056
762978,0.95335686
762979,0.60841674
762980,0.0082517415
762981,0.4378604
762982,0.5797129
762983,0.9896774
762984,0.021847988
762985,0.62609386
762986,0.018738763
762987,0.98997235
762988,0.012129264
762989,0.022720685
762990,0.9872876
762991,0.9579972
762992,0.9605589
762993,0.08444974
762994,0.95674574
762995,0.46662092
762996,0.056290906
762997,0.6999333
762998,0.6070321
762999,0.68038404
763000,0.26874524
763001,0.011538038
763002,0.9962639
763003,0.047787428
763004,0.99899447
763005,0.19985387
763006,0.00849524
763007,0.7925828
763008,0.3556786
763009,0.99032056
763010,0.026352737
763011,0.007315409
763012,0.22148699
763013,0.00348856
763014,0.8688913
763015,0.96712804
763016,0.08997189
763017,0.79003394
763018,0.03140206
763019,0.99610746
763020,0.9931736
763021,0.956385
763022,0.86180687
763023,0.9942501
763024,0.022727584
763025,0.39539865
763026,0.09504454
763027,0.97873616
763028,0.9302075
763029,0.4334954
763030,0.0055779694
763031,0.7970146
763032,0.91163397
763033,0.97433215
763034,0.35151467
763035,0.3268956
763036,0.979406
763037,0.5121091
763038,0.01177092
763039,0.89235485
763040,0.49509776
763041,0.0071393074
763042,0.0057260087
763043,0.15667737
763044,0.8545242
763045,0.98908365
763046,0.042605124
763047,0.9963018
763048,0.99666494
763049,0.024879443
763050,0.059797607
763051,0.26731542
763052,0.3439168
763053,0.9761474
763054,0.017528616
763055,0.9983456
763056,0.12749627
763057,0.18483278
763058,0.0019920433
763059,0.049206592
763060,0.03341913
763061,0.032308444
763062,0.022999119
763063,0.26842645
763064,0.25211877
763065,0.99220914
763066,0.9977593
763067,0.081412144
763068,0.9574858
763069,0.011134596
763070,0.027960675
763071,0.99885833
763072,0.29763228
763073,0.003254776
763074,0.9955979
763075,0.91789925
763076,0.07436015
763077,0.24080226
763078,0.9919536
763079,0.32382476
763080,0.04004941
763081,0.636843
763082,0.6853706
763083,0.009376075
763084,0.09199429
763085,0.5199511
763086,0.86356866
763087,0.62085634
763088,0.051884104
763089,0.8181452
763090,0.03160775
763091,0.8562235
763092,0.9995762
763093,0.9978838
763094,0.042786505
763095,0.027462594
763096,0.97699237
763097,0.9808481
763098,0.99932295
763099,0.36253217
763100,0.9941058
763101,0.6536027
763102,0.21322419
763103,0.0042752237
763104,0.48393148
763105,0.9841553
763106,0.10293658
763107,0.77955294
763108,0.9808929
763109,0.38021436
763110,0.92561847
763111,0.0063037546
763112,0.9804018
763113,0.028604273
763114,0.22255838
763115,0.0049103023
763116,0.98250705
763117,0.13648278
763118,0.007902129
763119,0.99048334
763120,0.9891524
763121,0.038621336
763122,0.037338376
763123,0.9579996
763124,0.54144275
763125,0.9911332
763126,0.14060456
763127,0.03200911
763128,0.998081
763129,0.85802186
763130,0.030599248
763131,0.74411964
763132,0.05145611
763133,0.983466
763134,0.5813576
763135,0.0020031324
763136,0.9730204
763137,0.5729292
763138,0.94965595
763139,0.060255617
763140,0.433493
763141,0.5309556
763142,0.9845708
763143,0.8251398
763144,0.046195988
763145,0.11576351
763146,0.9870598
763147,0.03155518
763148,0.030314926
763149,0.0833565
763150,0.45732734
763151,0.06345688
763152,0.98358303
763153,0.7933948
763154,0.38786423
763155,0.88391775
763156,0.062339783
763157,0.9970379
763158,0.026268972
763159,0.021212846
763160,0.05893396
763161,0.028862884
763162,0.10930321
763163,0.9770838
763164,0.2959051
763165,0.6332519
763166,0.579757
763167,0.0027873903
763168,0.0035688523
763169,0.0070168143
763170,0.99941695
763171,0.23345481
763172,0.09952614
763173,0.9965878
763174,0.39032125
763175,0.021734716
763176,0.9838644
763177,0.014751286
763178,0.0105534615
763179,0.3406614
763180,0.9537458
763181,0.06588734
763182,0.046791866
763183,0.17444967
763184,0.6865792
763185,0.79067177
763186,0.029512113
763187,0.04941777
763188,0.14913478
763189,0.7421713
763190,0.04436249
763191,0.6437132
763192,0.93309116
763193,0.080106445
763194,0.9937513
763195,0.55674714
763196,0.6995922
763197,0.025567885
763198,0.9951713
763199,0.029957857
763200,0.9303592
763201,0.003049646
763202,0.14270909
763203,0.99604297
763204,0.0035912239
763205,0.04108155
763206,0.4685497
763207,0.906942
763208,0.9822378
763209,0.21361083
763210,0.11159056
763211,0.65888506
763212,0.5030791
763213,0.98044854
763214,0.9942474
763215,0.7086778
763216,0.0105892755
763217,0.96928966
763218,0.6118418
763219,0.9906485
763220,0.97827005
763221,0.9948269
763222,0.8823903
763223,0.98929584
763224,0.8683704
763225,0.89649856
763226,0.9807002
763227,0.0033770192
763228,0.9486431
763229,0.95586354
763230,0.9470023
763231,0.01911948
763232,0.018409897
763233,0.98974794
763234,0.07656915
763235,0.3027516
763236,0.97359663
763237,0.9600146
763238,0.30718803
763239,0.97953314
763240,0.035481863
763241,0.9802385
763242,0.98083764
763243,0.9642078
763244,0.0068633365
763245,0.017090492
763246,0.9993684
763247,0.98175347
763248,0.012319301
763249,0.25725496
763250,0.14061467
763251,0.04501459
763252,0.9541694
763253,0.010935152
763254,0.016056346
763255,0.6371093
763256,0.8946607
763257,0.7520781
763258,0.0055987625
763259,0.98337114
763260,0.07551578
763261,0.46464178
763262,0.019715901
763263,0.14778522
763264,0.46793124
763265,0.07714084
763266,0.978369
763267,0.008701195
763268,0.16799688
763269,0.12749882
763270,0.018120997
763271,0.26743835
763272,0.19430599
763273,0.009625975
763274,0.10272502
763275,0.09320169
763276,0.9599166
763277,0.052590102
763278,0.025529986
763279,0.7778934
763280,0.019233327
763281,0.17024662
763282,0.020418992
763283,0.013587648
763284,0.17442095
763285,0.55312407
763286,0.10078117
763287,0.87331414
763288,0.85071623
763289,0.9590977
763290,0.4609942
763291,0.98810863
763292,0.091933206
763293,0.09885907
763294,0.09845935
763295,0.01692336
763296,0.987712
763297,0.9822622
763298,0.86676085
763299,0.013396501
763300,0.19958273
763301,0.07064484
763302,0.8966218
763303,0.62402034
763304,0.05758276
763305,0.01963643
763306,0.586398
763307,0.99906003
763308,0.018699272
763309,0.034563586
763310,0.020747593
763311,0.9342926
763312,0.9939631
763313,0.010258142
763314,0.020759055
763315,0.938654
763316,0.93463385
763317,0.99795675
763318,0.07775353
763319,0.034768164
763320,0.02881276
763321,0.3695201
763322,0.023378612
763323,0.016946808
763324,0.7571906
763325,0.1665782
763326,0.00431184
763327,0.023068294
763328,0.9229864
763329,0.29225737
763330,0.12042368
763331,0.0040977527
763332,0.049234904
763333,0.047752988
763334,0.9882623
763335,0.07840765
763336,0.9762074
763337,0.027476296
763338,0.08028186
763339,0.0017815297
763340,0.9980496
763341,0.06535478
763342,0.49402645
763343,0.81417745
763344,0.19523059
763345,0.99005634
763346,0.012132747
763347,0.19667804
763348,0.9873977
763349,0.95721316
763350,0.9840092
763351,0.10164652
763352,0.9203465
763353,0.798582
763354,0.97432494
763355,0.96665365
763356,0.16864623
763357,0.9176485
763358,0.005543432
763359,0.63107276
763360,0.00073354744
763361,0.028826838
763362,0.8842277
763363,0.9871197
763364,0.027167734
763365,0.011788373
763366,0.026498515
763367,0.6341816
763368,0.8847338
763369,0.018355282
763370,0.08120197
763371,0.010740351
763372,0.025434127
763373,0.95726895
763374,0.86593974
763375,0.10415258
763376,0.03412139
763377,0.06365648
763378,0.06156466
763379,0.9697496
763380,0.018191209
763381,0.9831381
763382,0.8725504
763383,0.19961268
763384,0.9742901
763385,0.01806066
763386,0.7450609
763387,0.014823554
763388,0.9985109
763389,0.020452322
763390,0.651737
763391,0.06550075
763392,0.99230385
763393,0.99344945
763394,0.00848724
763395,0.00068253634
763396,0.006544752
763397,0.013691576
763398,0.16374385
763399,0.89367616
763400,0.0037617548
763401,0.9485042
763402,0.07371205
763403,0.99080765
763404,0.676667
763405,0.058072012
763406,0.93758935
763407,0.9611062
763408,0.99534476
763409,0.98275304
763410,0.016808856
763411,0.99186593
763412,0.30003157
763413,0.9890694
763414,0.08825778
763415,0.024895247
763416,0.20571962
763417,0.13656633
763418,0.01049981
763419,0.023785746
763420,0.95355266
763421,0.088653214
763422,0.9171182
763423,0.0072354744
763424,0.5334896
763425,0.99956566
763426,0.16334622
763427,0.44434848
763428,0.14651065
763429,0.36155772
763430,0.9958472
763431,0.10705032
763432,0.99839044
763433,0.77202785
763434,0.37558505
763435,0.4373456
763436,0.056996375
763437,0.002165419
763438,0.21814436
763439,0.02271114
763440,0.035505667
763441,0.9926158
763442,0.0065165902
763443,0.9816419
763444,0.03943281
763445,0.501521
763446,0.35297704
763447,0.9761711
763448,0.26778138
763449,0.1103818
763450,0.81967914
763451,0.9408503
763452,0.6348665
763453,0.0011361168
763454,0.78592205
763455,0.9318017
763456,0.1622504
763457,0.8637109
763458,0.017146055
763459,0.90654796
763460,0.069160834
763461,0.9971007
763462,0.99434894
763463,0.9531925
763464,0.0202198
763465,0.83407724
763466,0.9349339
763467,0.5785891
763468,0.061184607
763469,0.0010727979
763470,0.99269545
763471,0.11946441
763472,0.98670965
763473,0.8500827
763474,0.8573598
763475,0.056492936
763476,0.9905221
763477,0.03631441
763478,0.7939274
763479,0.95362926
763480,0.018798362
763481,0.8514874
763482,0.94774044
763483,0.99692225
763484,0.015297527
763485,0.15475233
763486,0.0029610556
763487,0.83699673
763488,0.6397393
763489,0.027679432
763490,0.010424747
763491,0.99325806
763492,0.91500735
763493,0.505334
763494,0.55563813
763495,0.3275396
763496,0.19445431
763497,0.032507353
763498,0.7236877
763499,0.020478575
763500,0.34485286
763501,0.95454985
763502,0.501591
763503,0.12983516
763504,0.7204079
763505,0.04449654
763506,0.9467722
763507,0.99267596
763508,0.012576926
763509,0.8739171
763510,0.06253299
763511,0.100815795
763512,0.48970655
763513,0.99165434
763514,0.14105877
763515,0.17229952
763516,0.96591955
763517,0.0033757412
763518,0.022360567
763519,0.51536554
763520,0.21288964
763521,0.97586745
763522,0.06630835
763523,0.9810687
763524,0.039538834
763525,0.017658133
763526,0.64576095
763527,0.027003437
763528,0.47544834
763529,0.46978113
763530,0.19432293
763531,0.9816449
763532,0.09709699
763533,0.23577417
763534,0.009164806
763535,0.11783745
763536,0.04132099
763537,0.04093086
763538,0.8956234
763539,0.05528994
763540,0.05681705
763541,0.47933215
763542,0.07261962
763543,0.14042804
763544,0.021288171
763545,0.98892903
763546,0.011295743
763547,0.01772699
763548,0.9951428
763549,0.03590147
763550,0.9557452
763551,0.40145046
763552,0.2238311
763553,0.017020604
763554,0.18568596
763555,0.023914035
763556,0.9919302
763557,0.0005754338
763558,0.102777496
763559,0.92685163
763560,0.03479803
763561,0.9810281
763562,0.46809718
763563,0.0721582
763564,0.7137049
763565,0.012666849
763566,0.06171394
763567,0.9639008
763568,0.011439103
763569,0.018860305
763570,0.013779003
763571,0.9682566
763572,0.0022308056
763573,0.8520708
763574,0.5964234
763575,0.85282815
763576,0.021890648
763577,0.9852888
763578,0.020622622
763579,0.031365138
763580,0.50503284
763581,0.098619506
763582,0.003087813
763583,0.99424773
763584,0.2489923
763585,0.0065581473
763586,0.032510854
763587,0.94723904
763588,0.26641655
763589,0.9939178
763590,0.06547772
763591,0.99375373
763592,0.0652274
763593,0.017053463
763594,0.97525996
763595,0.9826499
763596,0.619942
763597,0.92850715
763598,0.23085915
763599,0.12321521
763600,0.99650705
763601,0.21714728
763602,0.92608976
763603,0.0010990987
763604,0.3020601
763605,0.9828984
763606,0.049378455
763607,0.004057957
763608,0.0033656782
763609,0.7328652
763610,0.96989363
763611,0.009225475
763612,0.97191274
763613,0.7698807
763614,0.5038292
763615,0.90626806
763616,0.17021468
763617,0.2638951
763618,0.0058810622
763619,0.99675345
763620,0.018880999
763621,0.9267525
763622,0.0121476315
763623,0.023663074
763624,0.7101286
763625,0.0101595
763626,0.5566052
763627,0.08346517
763628,0.9548278
763629,0.0024412083
763630,0.26897582
763631,0.0015119485
763632,0.21110563
763633,0.109498315
763634,0.017146168
763635,0.02088807
763636,0.51717615
763637,0.119429156
763638,0.0037519457
763639,0.012054825
763640,0.7408894
763641,0.63960946
763642,0.9649189
763643,0.49714673
763644,0.9496493
763645,0.028817572
763646,0.006833493
763647,0.014112483
763648,0.10703403
763649,0.014214684
763650,0.99523205
763651,0.9071148
763652,0.96536535
763653,0.83578384
763654,0.0063853166
763655,0.98507506
763656,0.031970814
763657,0.96036714
763658,0.04418967
763659,0.45442265
763660,0.25748083
763661,0.15926057
763662,0.041818954
763663,0.009372622
763664,0.33153284
763665,0.9345058
763666,0.9578532
763667,0.18232079
763668,0.01115669
763669,0.09981869
763670,0.08132717
763671,0.5957785
763672,0.99946034
763673,0.0049517388
763674,0.3469438
763675,0.035310697
763676,0.11438479
763677,0.22691894
763678,0.9123651
763679,0.098516844
763680,0.86742795
763681,0.010230897
763682,0.14307688
763683,0.20806102
763684,0.16323568
763685,0.7067557
763686,0.005651642
763687,0.44324788
763688,0.9200624
763689,0.989943
763690,0.004770998
763691,0.9936401
763692,0.027730303
763693,0.56216854
763694,0.11812023
763695,0.007073491
763696,0.97844297
763697,0.06959961
763698,0.6060016
763699,0.002738094
763700,0.9496614
763701,0.9988233
763702,0.98926574
763703,0.85345966
763704,0.35746247
763705,0.0160725
763706,0.0105300555
763707,0.9878528
763708,0.021843277
763709,0.0035749534
763710,0.008243813
763711,0.9781336
763712,0.024919534
763713,0.90052885
763714,0.0069316123
763715,0.005451732
763716,0.19186625
763717,0.88785434
763718,0.27904695
763719,0.9976503
763720,0.012930924
763721,0.0054038493
763722,0.9862385
763723,0.95285684
763724,0.017554933
763725,0.011987233
763726,0.9546379
763727,0.027687978
763728,0.99252707
763729,0.9900249
763730,0.9966004
763731,0.8767571
763732,0.019573255
763733,0.03340211
763734,0.99509823
763735,0.812327
763736,0.3707543
763737,0.005074679
763738,0.89293456
763739,0.5849987
763740,0.9435675
763741,0.08549099
763742,0.0086801555
763743,0.078573756
763744,0.8707646
763745,0.68429446
763746,0.08411717
763747,0.95194495
763748,0.96165824
763749,0.010680867
763750,0.9835014
763751,0.29638362
763752,0.035680104
763753,0.32913387
763754,0.03019908
763755,0.020121308
763756,0.0723443
763757,0.9508465
763758,0.001739693
763759,0.020507894
763760,0.98821706
763761,0.9981606
763762,0.11058342
763763,0.9344991
763764,0.80058765
763765,0.0032257293
763766,0.91607314
763767,0.01637715
763768,0.011746222
763769,0.010788589
763770,0.055948243
763771,0.014334208
763772,0.22570044
763773,0.93884194
763774,0.70913345
763775,0.029405685
763776,0.0073902775
763777,0.9951328
763778,0.0985165
763779,0.104411535
763780,0.7340782
763781,0.8936551
763782,0.13875428
763783,0.015701529
763784,0.9056312
763785,0.8060786
763786,0.90408623
763787,0.76407355
763788,0.8396989
763789,0.92190856
763790,0.9330063
763791,0.9985514
763792,0.9977373
763793,0.077920385
763794,0.0035174405
763795,0.5329889
763796,0.89882684
763797,0.07748675
763798,0.99662095
763799,0.48950315
763800,0.6280211
763801,0.03653081
763802,0.96516496
763803,0.012062814
763804,0.0591305
763805,0.9788107
763806,0.019630292
763807,0.0328893
763808,0.010892087
763809,0.03297773
763810,0.1049106
763811,0.7980751
763812,0.010256241
763813,0.07251567
763814,0.99909586
763815,0.13464276
763816,0.99431825
763817,0.005198627
763818,0.01064151
763819,0.1567625
763820,0.18355745
763821,0.016407618
763822,0.46355546
763823,0.00821038
763824,0.18995553
763825,0.99835694
763826,0.028398255
763827,0.4638806
763828,0.09562847
763829,0.9546614
763830,0.007300763
763831,0.12074876
763832,0.977371
763833,0.007157492
763834,0.86731637
763835,0.020110121
763836,0.40706736
763837,0.37525442
763838,0.99331445
763839,0.99940133
763840,0.26597577
763841,0.022143323
763842,0.01468784
763843,0.7021077
763844,0.3273291
763845,0.9837627
763846,0.19798884
763847,0.9639631
763848,0.0035769527
763849,0.77452004
763850,0.9942799
763851,0.49060264
763852,0.015426801
763853,0.95895326
763854,0.750523
763855,0.9712315
763856,0.5572378
763857,0.91779995
763858,0.8197342
763859,0.6070324
763860,0.99214023
763861,0.005249519
763862,0.49298412
763863,0.9554537
763864,0.018875215
763865,0.9906392
763866,0.92989194
763867,0.32173988
763868,0.15372398
763869,0.9815792
763870,0.99635214
763871,0.28794825
763872,0.063657634
763873,0.9504496
763874,0.006131515
763875,0.037367616
763876,0.013583942
763877,0.0080194995
763878,0.9962501
763879,0.9831485
763880,0.51395214
763881,0.026523452
763882,0.9955603
763883,0.90108776
763884,0.0120298825
763885,0.7059878
763886,0.06920936
763887,0.00597028
763888,0.9315253
763889,0.5323894
763890,0.96387005
763891,0.09696003
763892,0.98757935
763893,0.28049442
763894,0.99459493
763895,0.009533118
763896,0.0068217935
763897,0.01803839
763898,0.37950262
763899,0.009830458
763900,0.7409589
763901,0.028820673
763902,0.9713395
763903,0.013459535
763904,0.5783793
763905,0.02064706
763906,0.9242876
763907,0.28484917
763908,0.99728864
763909,0.061732434
763910,0.011147705
763911,0.16320422
763912,0.7297094
763913,0.4325046
763914,0.18025582
763915,0.10640604
763916,0.35251802
763917,0.9130546
763918,0.87413555
763919,0.17301315
763920,0.131758
763921,0.4158432
763922,0.45153767
763923,0.0047631916
763924,0.25149107
763925,0.26929855
763926,0.005462989
763927,0.9039451
763928,0.021826394
763929,0.94950056
763930,0.98517096
763931,0.012526791
763932,0.2876399
763933,0.017683934
763934,0.595718
763935,0.01664481
763936,0.026178474
763937,0.95602405
763938,0.2748086
763939,0.027543288
763940,0.1828296
763941,0.009918275
763942,0.9837289
763943,0.009622574
763944,0.006644428
763945,0.2097192
763946,0.10154809
763947,0.88559717
763948,0.007920696
763949,0.049970575
763950,0.6483018
763951,0.9953173
763952,0.011181074
763953,0.41544554
763954,0.0017909692
763955,0.05814811
763956,0.60960853
763957,0.33009383
763958,0.021299735
763959,0.06765902
763960,0.89556336
763961,0.2594827
763962,0.14406975
763963,0.021103445
763964,0.042260975
763965,0.02549691
763966,0.87722254
763967,0.03885339
763968,0.34724313
763969,0.09147391
763970,0.0035974067
763971,0.028601937
763972,0.9764068
763973,0.95437294
763974,0.9927823
763975,0.9197586
763976,0.38781917
763977,0.9031236
763978,0.5563968
763979,0.9959574
763980,0.04409829
763981,0.86942005
763982,0.66716564
763983,0.020062309
763984,0.03955324
763985,0.97394603
763986,0.9891251
763987,0.6960119
763988,0.99011576
763989,0.0039902776
763990,0.051325604
763991,0.001782653
763992,0.21120088
763993,0.8843512
763994,0.6963898
763995,0.0056677237
763996,0.0029028305
763997,0.07165468
763998,0.96357465
763999,0.9321644
764000,0.49957514
764001,0.049059033
764002,0.0013575867
764003,0.82743174
764004,0.039712887
764005,0.09101388
764006,0.90694344
764007,0.05089531
764008,0.017348265
764009,0.9720216
764010,0.9832128
764011,0.7571333
764012,0.0038127187
764013,0.10511129
764014,0.99947727
764015,0.9884982
764016,0.5411304
764017,0.38011968
764018,0.038674735
764019,0.06680097
764020,0.18052992
764021,0.9820677
764022,0.019694697
764023,0.24000463
764024,0.010245156
764025,0.9019095
764026,0.44325566
764027,0.9861169
764028,0.1014893
764029,0.46135795
764030,0.07951976
764031,0.9910661
764032,0.053651627
764033,0.48793375
764034,0.5700223
764035,0.7476546
764036,0.5219536
764037,0.066511765
764038,0.6525764
764039,0.0030560507
764040,0.22361928
764041,0.12706566
764042,0.15370935
764043,0.04847168
764044,0.015749995
764045,0.018387461
764046,0.89260846
764047,0.89225996
764048,0.09329692
764049,0.99125516
764050,0.005202174
764051,0.08796183
764052,0.008500024
764053,0.4037727
764054,0.9849857
764055,0.9956329
764056,0.9167294
764057,0.46760154
764058,0.81772494
764059,0.0059731896
764060,0.010700852
764061,0.01615465
764062,0.0121833
764063,0.9954944
764064,0.97744083
764065,0.9320947
764066,0.11544545
764067,0.4728423
764068,0.9953806
764069,0.4311655
764070,0.04839386
764071,0.30371004
764072,0.91886187
764073,0.18273225
764074,0.028386014
764075,0.1799361
764076,0.0038069459
764077,0.99656254
764078,0.8478737
764079,0.010401156
764080,0.0041924855
764081,0.006483449
764082,0.6722151
764083,0.5584356
764084,0.74898595
764085,0.9655973
764086,0.11203489
764087,0.9763136
764088,0.996106
764089,0.99704486
764090,0.97526735
764091,0.9766257
764092,0.73508316
764093,0.85459083
764094,0.9667439
764095,0.119399846
764096,0.110913604
764097,0.9535136
764098,0.9503558
764099,0.9942068
764100,0.9973422
764101,0.6473423
764102,0.95792615
764103,0.027781535
764104,0.05796533
764105,0.015284907
764106,0.95504105
764107,0.96830314
764108,0.99140036
764109,0.9891108
764110,0.99226916
764111,0.36274043
764112,0.9985889
764113,0.028924804
764114,0.34643677
764115,0.05882439
764116,0.20531926
764117,0.9301799
764118,0.09194183
764119,0.505559
764120,0.95125437
764121,0.76999414
764122,0.039750163
764123,0.9441333
764124,0.021822695
764125,0.03519103
764126,0.01064807
764127,0.98026544
764128,0.026539203
764129,0.031308047
764130,0.0066734618
764131,0.08632915
764132,0.9650364
764133,0.14976794
764134,0.6969454
764135,0.028466139
764136,0.062356494
764137,0.93264186
764138,0.9412494
764139,0.9720862
764140,0.0060104434
764141,0.14194882
764142,0.032658353
764143,0.012764906
764144,0.3394745
764145,0.08473802
764146,0.30856916
764147,0.01214724
764148,0.0107856225
764149,0.019483177
764150,0.9852954
764151,0.05543621
764152,0.9469234
764153,0.9991004
764154,0.88488233
764155,0.7191293
764156,0.96838653
764157,0.9909472
764158,0.90840197
764159,0.98229057
764160,0.7606718
764161,0.21631895
764162,0.99866223
764163,0.10054353
764164,0.020456027
764165,0.42703256
764166,0.26598668
764167,0.90221953
764168,0.0028933163
764169,0.28141284
764170,0.88109624
764171,0.9930774
764172,0.19571696
764173,0.8047842
764174,0.8463247
764175,0.34351668
764176,0.9686502
764177,0.21562335
764178,0.97748405
764179,0.06225632
764180,0.33697394
764181,0.040717207
764182,0.99534774
764183,0.960958
764184,0.19358048
764185,0.99522173
764186,0.47927448
764187,0.028345346
764188,0.13801147
764189,0.98831934
764190,0.59279394
764191,0.014352241
764192,0.07339538
764193,0.15100393
764194,0.2691952
764195,0.97927827
764196,0.9128899
764197,0.00691229
764198,0.2091148
764199,0.035185277
764200,0.006641157
764201,0.08811526
764202,0.9086428
764203,0.45801625
764204,0.053960215
764205,0.043439984
764206,0.020347537
764207,0.056326166
764208,0.99435365
764209,0.49264413
764210,0.9077893
764211,0.96408135
764212,0.040118217
764213,0.8230077
764214,0.5310675
764215,0.0129144285
764216,0.003672433
764217,0.85391414
764218,0.665804
764219,0.09972701
764220,0.24167211
764221,0.005636119
764222,0.09734689
764223,0.9766106
764224,0.99334484
764225,0.28676537
764226,0.12797058
764227,0.39354512
764228,0.06280516
764229,0.97797555
764230,0.9909518
764231,0.9062443
764232,0.71571636
764233,0.9886334
764234,0.9039278
764235,0.6884935
764236,0.7831143
764237,0.98429716
764238,0.00972155
764239,0.91369563
764240,0.70542955
764241,0.9721652
764242,0.71349907
764243,0.34214777
764244,0.99705744
764245,0.06070942
764246,0.9208915
764247,0.04023513
764248,0.031301748
764249,0.41383174
764250,0.0064707696
764251,0.0023652343
764252,0.03309614
764253,0.14742921
764254,0.9890206
764255,0.994463
764256,0.027262108
764257,0.8599499
764258,0.9671088
764259,0.008158829
764260,0.99915624
764261,0.020068793
764262,0.9510931
764263,0.6234575
764264,0.018759107
764265,0.85144174
764266,0.9821166
764267,0.021400552
764268,0.13751262
764269,0.0021166445
764270,0.9954121
764271,0.48887312
764272,0.9769945
764273,0.5635355
764274,0.9894078
764275,0.031612486
764276,0.9852431
764277,0.1875399
764278,0.9686279
764279,0.15013184
764280,0.036739063
764281,0.111020245
764282,0.9443042
764283,0.8106263
764284,0.16364354
764285,0.060295757
764286,0.9674271
764287,0.9996777
764288,0.9260789
764289,0.41098675
764290,0.0697198
764291,0.8114383
764292,0.088473946
764293,0.029717514
764294,0.016774531
764295,0.99315333
764296,0.013637015
764297,0.9669954
764298,0.03919317
764299,0.0533837
764300,0.9702064
764301,0.0054952074
764302,0.34127396
764303,0.0078016203
764304,0.046362627
764305,0.04016366
764306,0.9955453
764307,0.97351956
764308,0.03719987
764309,0.0047833254
764310,0.020094149
764311,0.0046240194
764312,0.5967269
764313,0.061278064
764314,0.19670108
764315,0.13953944
764316,0.26740462
764317,0.9148258
764318,0.69154996
764319,0.9018261
764320,0.007814044
764321,0.017453762
764322,0.97136754
764323,0.030849192
764324,0.08960851
764325,0.1268489
764326,0.9695638
764327,0.99504346
764328,0.03209258
764329,0.029885817
764330,0.9522592
764331,0.17887379
764332,0.0424272
764333,0.13767678
764334,0.12802806
764335,0.88547933
764336,0.089542754
764337,0.47359684
764338,0.29667786
764339,0.06384316
764340,0.15387523
764341,0.9540728
764342,0.040859647
764343,0.96073455
764344,0.11088586
764345,0.010887932
764346,0.16266502
764347,0.9937147
764348,0.0010007126
764349,0.9429538
764350,0.7520606
764351,0.74585086
764352,0.02174114
764353,0.97222567
764354,0.033441078
764355,0.17842028
764356,0.018386887
764357,0.0018301678
764358,0.14706072
764359,0.07286072
764360,0.96517307
764361,0.9649285
764362,0.06909183
764363,0.1735395
764364,0.011104327
764365,0.45267823
764366,0.12747927
764367,0.014219612
764368,0.009871937
764369,0.9818791
764370,0.9889792
764371,0.9964057
764372,0.069557756
764373,0.9939531
764374,0.18947288
764375,0.32927006
764376,0.9674449
764377,0.0047831666
764378,0.9698178
764379,0.9908145
764380,0.039749853
764381,0.03492938
764382,0.99763787
764383,0.9608963
764384,0.5042489
764385,0.008356993
764386,0.56376827
764387,0.037556767
764388,0.07213439
764389,0.2430281
764390,0.42145023
764391,0.0041601784
764392,0.019722704
764393,0.3444144
764394,0.07512656
764395,0.4567554
764396,0.9218677
764397,0.009303309
764398,0.43841293
764399,0.12261072
764400,0.16325262
764401,0.999874
764402,0.015516386
764403,0.3454037
764404,0.9973901
764405,0.25211057
764406,0.9813631
764407,0.14315972
764408,0.9507432
764409,0.88134825
764410,0.39758742
764411,0.016081275
764412,0.9692793
764413,0.9969241
764414,0.08802945
764415,0.8094859
764416,0.9992969
764417,0.9573155
764418,0.9982801
764419,0.13898599
764420,0.014050061
764421,0.04278776
764422,0.97727823
764423,0.97114664
764424,0.010091193
764425,0.016194712
764426,0.02714229
764427,0.98899144
764428,0.9906472
764429,0.0034031577
764430,0.0127421245
764431,0.0151116885
764432,0.99861217
764433,0.980247
764434,0.010207771
764435,0.95428234
764436,0.99853146
764437,0.99514365
764438,0.70393413
764439,0.8116987
764440,0.040733684
764441,0.98921394
764442,0.958748
764443,0.9927743
764444,0.08296354
764445,0.019046718
764446,0.9772625
764447,0.0020935286
764448,0.7412851
764449,0.50236285
764450,0.7683624
764451,0.6149917
764452,0.042455077
764453,0.007932767
764454,0.012461845
764455,0.19083336
764456,0.007745171
764457,0.017971726
764458,0.9888342
764459,0.0016349236
764460,0.0038549318
764461,0.90664536
764462,0.0063171033
764463,0.018061042
764464,0.7333946
764465,0.14260477
764466,0.0050981822
764467,0.027472492
764468,0.7461652
764469,0.032254696
764470,0.34181112
764471,0.61686665
764472,0.13205063
764473,0.008093692
764474,0.1156308
764475,0.7701327
764476,0.71909714
764477,0.65655804
764478,0.99977636
764479,0.940243
764480,0.031948254
764481,0.98712474
764482,0.12048327
764483,0.018277217
764484,0.015132723
764485,0.97035253
764486,0.011748917
764487,0.5506991
764488,0.10382816
764489,0.018720126
764490,0.9844346
764491,0.12471907
764492,0.9432272
764493,0.040105406
764494,0.5398157
764495,0.21367499
764496,0.004559066
764497,0.005469536
764498,0.9931627
764499,0.09362666
764500,0.021747628
764501,0.9756173
764502,0.037797116
764503,0.3623053
764504,0.11915055
764505,0.17111796
764506,0.0593827
764507,0.95610344
764508,0.3255087
764509,0.31327122
764510,0.021602955
764511,0.9474963
764512,0.32411486
764513,0.44141048
764514,0.12290791
764515,0.039917726
764516,0.9473113
764517,0.34704304
764518,0.93374825
764519,0.022604398
764520,0.0071099605
764521,0.20022616
764522,0.09909339
764523,0.96683264
764524,0.2317327
764525,0.3822382
764526,0.56327254
764527,0.0020944364
764528,0.6631171
764529,0.9139638
764530,0.005073965
764531,0.005359711
764532,0.90445197
764533,0.094072394
764534,0.12725008
764535,0.9782077
764536,0.41525695
764537,0.78542006
764538,0.9629077
764539,0.683021
764540,0.03602631
764541,0.34618658
764542,0.93969464
764543,0.9700021
764544,0.5470481
764545,0.043784536
764546,0.5354452
764547,0.26880655
764548,0.9860145
764549,0.044173937
764550,0.6067739
764551,0.27641794
764552,0.014445036
764553,0.03893938
764554,0.035410907
764555,0.9978825
764556,0.24561794
764557,0.04285794
764558,0.009724826
764559,0.9531894
764560,0.7298792
764561,0.020336885
764562,0.005201818
764563,0.0062963944
764564,0.1164586
764565,0.88188267
764566,0.14551699
764567,0.024626756
764568,0.16718164
764569,0.0048671938
764570,0.97856075
764571,0.8791969
764572,0.060583517
764573,0.98071074
764574,0.25051445
764575,0.08502918
764576,0.8045494
764577,0.017456103
764578,0.06239905
764579,0.029964024
764580,0.9587809
764581,0.023014465
764582,0.0053769695
764583,0.33292583
764584,0.010903617
764585,0.031199105
764586,0.9370697
764587,0.9645553
764588,0.09543984
764589,0.9841424
764590,0.9173731
764591,0.04788543
764592,0.063315704
764593,0.66522884
764594,0.8653317
764595,0.027770307
764596,0.3095269
764597,0.99365616
764598,0.9814981
764599,0.007172988
764600,0.80184764
764601,0.0054212874
764602,0.06936577
764603,0.11067544
764604,0.36988205
764605,0.18361753
764606,0.033573043
764607,0.018429676
764608,0.2126607
764609,0.69466174
764610,0.011072323
764611,0.2613721
764612,0.07392546
764613,0.97181463
764614,0.017463159
764615,0.9912246
764616,0.03618703
764617,0.025011843
764618,0.99527586
764619,0.011200899
764620,0.6801137
764621,0.0058241305
764622,0.56180114
764623,0.03291832
764624,0.010296474
764625,0.97949964
764626,0.055130847
764627,0.017302234
764628,0.16966146
764629,0.9875008
764630,0.06278451
764631,0.007065122
764632,0.41866955
764633,0.916001
764634,0.0164984
764635,0.65748197
764636,0.99776304
764637,0.96218145
764638,0.032034732
764639,0.7432562
764640,0.010296754
764641,0.43147495
764642,0.93210924
764643,0.0050823586
764644,0.14257137
764645,0.51571786
764646,0.015150915
764647,0.9660428
764648,0.016804729
764649,0.7250497
764650,0.05762432
764651,0.9829355
764652,0.0024481101
764653,0.27345636
764654,0.009968977
764655,0.86439776
764656,0.1349726
764657,0.9937766
764658,0.043012578
764659,0.060521837
764660,0.14059779
764661,0.6431352
764662,0.6279488
764663,0.0049172845
764664,0.91254884
764665,0.94305146
764666,0.021202182
764667,0.036904566
764668,0.00462713
764669,0.0056695207
764670,0.033895403
764671,0.11279863
764672,0.012073729
764673,0.97810346
764674,0.99765134
764675,0.07276565
764676,0.9937916
764677,0.9970032
764678,0.004010332
764679,0.66328096
764680,0.05083265
764681,0.17656742
764682,0.017638505
764683,0.0076556215
764684,0.9880241
764685,0.46551943
764686,0.56656885
764687,0.004700184
764688,0.99174607
764689,0.007878839
764690,0.40308034
764691,0.012246313
764692,0.953658
764693,0.98387384
764694,0.70820546
764695,0.30023277
764696,0.96719635
764697,0.946014
764698,0.007201126
764699,0.07236465
764700,0.07697909
764701,0.9914202
764702,0.9945828
764703,0.9128712
764704,0.79654026
764705,0.0052125026
764706,0.9024032
764707,0.69984615
764708,0.5854035
764709,0.028195165
764710,0.98479253
764711,0.66815877
764712,0.7543298
764713,0.8671378
764714,0.92772186
764715,0.15455042
764716,0.04604209
764717,0.01784027
764718,0.011496164
764719,0.94936115
764720,0.009005798
764721,0.7325603
764722,0.9790569
764723,0.040927093
764724,0.011735151
764725,0.15809587
764726,0.56747943
764727,0.21616718
764728,0.057458267
764729,0.91127574
764730,0.7600545
764731,0.9120012
764732,0.91079915
764733,0.05440606
764734,0.8988283
764735,0.826895
764736,0.043878682
764737,0.26865172
764738,0.0025841405
764739,0.98297226
764740,0.99173546
764741,0.022921037
764742,0.0074335304
764743,0.8784869
764744,0.14575136
764745,0.87503475
764746,0.19943866
764747,0.99237114
764748,0.0063655996
764749,0.06551175
764750,0.004032475
764751,0.98439467
764752,0.0150715085
764753,0.663281
764754,0.04609666
764755,0.88658595
764756,0.010121974
764757,0.75910527
764758,0.57619566
764759,0.02298741
764760,0.012958883
764761,0.941347
764762,0.018966813
764763,0.004277985
764764,0.94408417
764765,0.42719337
764766,0.3889603
764767,0.9224105
764768,0.9806986
764769,0.012045812
764770,0.34538302
764771,0.04741797
764772,0.040130615
764773,0.85305065
764774,0.20819995
764775,0.1466198
764776,0.1675656
764777,0.02623194
764778,0.4384915
764779,0.06598381
764780,0.9940758
764781,0.9820776
764782,0.010311717
764783,0.9280817
764784,0.034917824
764785,0.9373597
764786,0.011010105
764787,0.9644181
764788,0.15049988
764789,0.96040356
764790,0.008933419
764791,0.3401311
764792,0.07361922
764793,0.9910681
764794,0.006517763
764795,0.9779552
764796,0.20696977
764797,0.008261616
764798,0.9715397
764799,0.02670471
764800,0.45726666
764801,0.99797165
764802,0.06500021
764803,0.24438477
764804,0.018072072
764805,0.16631332
764806,0.032843024
764807,0.12639219
764808,0.0015816048
764809,0.1961163
764810,0.24692392
764811,0.060865488
764812,0.0223105
764813,0.9578936
764814,0.028817093
764815,0.008744566
764816,0.09604271
764817,0.9859814
764818,0.38176095
764819,0.037765034
764820,0.006884827
764821,0.066978835
764822,0.06433097
764823,0.81930304
764824,0.015174916
764825,0.25119683
764826,0.015608391
764827,0.9739596
764828,0.9331466
764829,0.96625876
764830,0.02213613
764831,0.008590566
764832,0.98603153
764833,0.7666937
764834,0.99930143
764835,0.99241555
764836,0.2127572
764837,0.18982768
764838,0.55482024
764839,0.004370281
764840,0.04263246
764841,0.013869067
764842,0.011698781
764843,0.010969771
764844,0.022203166
764845,0.14496715
764846,0.92319643
764847,0.009490014
764848,0.111219645
764849,0.9728823
764850,0.3110289
764851,0.01148644
764852,0.089709856
764853,0.0045032105
764854,0.928825
764855,0.99874306
764856,0.51593745
764857,0.0059506134
764858,0.074377924
764859,0.99810404
764860,0.79434365
764861,0.9495573
764862,0.054957956
764863,0.010184705
764864,0.9411237
764865,0.69254196
764866,0.95458186
764867,0.08780724
764868,0.65690386
764869,0.008348325
764870,0.013069218
764871,0.08399634
764872,0.05253857
764873,0.231846
764874,0.005537896
764875,0.51887804
764876,0.060328692
764877,0.26263985
764878,0.066700205
764879,0.23688003
764880,0.5670388
764881,0.73091686
764882,0.7685619
764883,0.11966677
764884,0.012716003
764885,0.3981011
764886,0.9704288
764887,0.027150705
764888,0.004886318
764889,0.1816622
764890,0.047231305
764891,0.911376
764892,0.555217
764893,0.9998049
764894,0.010325381
764895,0.93724245
764896,0.1867259
764897,0.010364373
764898,0.99287635
764899,0.83514917
764900,0.9599963
764901,0.0054097427
764902,0.9732763
764903,0.044534437
764904,0.010944438
764905,0.045461796
764906,0.009548431
764907,0.58465135
764908,0.43138903
764909,0.58274513
764910,0.05485861
764911,0.099573776
764912,0.037681054
764913,0.93005085
764914,0.9993011
764915,0.08533
764916,0.012692593
764917,0.04572016
764918,0.9909835
764919,0.03060526
764920,0.011269962
764921,0.8677372
764922,0.148965
764923,0.9972562
764924,0.078108266
764925,0.02807621
764926,0.99536484
764927,0.7243983
764928,0.9202594
764929,0.9668207
764930,0.022991631
764931,0.7757645
764932,0.74646723
764933,0.67561144
764934,0.44193292
764935,0.023272008
764936,0.7972586
764937,0.07985943
764938,0.0066970806
764939,0.07083589
764940,0.2564755
764941,0.12064403
764942,0.02096507
764943,0.2870426
764944,0.05284581
764945,0.9252521
764946,0.99421567
764947,0.07288061
764948,0.9406278
764949,0.9874305
764950,0.76740813
764951,0.029494518
764952,0.005430538
764953,0.08479393
764954,0.0358617
764955,0.99869967
764956,0.97640383
764957,0.018619165
764958,0.78279996
764959,0.6418909
764960,0.99103373
764961,0.9849018
764962,0.008725224
764963,0.091519676
764964,0.16102198
764965,0.9615368
764966,0.8105729
764967,0.98062754
764968,0.62161565
764969,0.34039685
764970,0.9973648
764971,0.08987563
764972,0.99607277
764973,0.70615613
764974,0.9430803
764975,0.47677296
764976,0.015053475
764977,0.616331
764978,0.79964083
764979,0.00623904
764980,0.025540225
764981,0.035729066
764982,0.037389643
764983,0.39453113
764984,0.013759478
764985,0.11343029
764986,0.0047866423
764987,0.0082110455
764988,0.90338796
764989,0.014365088
764990,0.01731512
764991,0.011783331
764992,0.13881783
764993,0.93820965
764994,0.35893378
764995,0.37775284
764996,0.044924684
764997,0.34215114
764998,0.0686926
764999,0.005814149
765000,0.032418787
765001,0.2299775
765002,0.9478998
765003,0.098596245
765004,0.1650587
765005,0.03157732
765006,0.01838182
765007,0.9924662
765008,0.106987454
765009,0.67869294
765010,0.25753897
765011,0.8352243
765012,0.96862864
765013,0.9883457
765014,0.034667257
765015,0.028001044
765016,0.116040036
765017,0.7076906
765018,0.023431081
765019,0.34835458
765020,0.01971576
765021,0.022015823
765022,0.98350143
765023,0.07961881
765024,0.13609487
765025,0.5139465
765026,0.01430861
765027,0.22277623
765028,0.09600472
765029,0.099482246
765030,0.025012905
765031,0.99849457
765032,0.28608018
765033,0.0695117
765034,0.77413166
765035,0.5108877
765036,0.011517254
765037,0.8882362
765038,0.040231727
765039,0.022012657
765040,0.8291352
765041,0.98534554
765042,0.7390826
765043,0.0050484315
765044,0.93711317
765045,0.63080275
765046,0.792988
765047,0.98834795
765048,0.9950813
765049,0.8867834
765050,0.946242
765051,0.81690335
765052,0.96616846
765053,0.97432125
765054,0.28528717
765055,0.23056938
765056,0.97141004
765057,0.91843295
765058,0.06969905
765059,0.83133054
765060,0.9957901
765061,0.938235
765062,0.97099376
765063,0.12963763
765064,0.9910727
765065,0.06467007
765066,0.72420603
765067,0.8365473
765068,0.029368274
765069,0.6171296
765070,0.0012126403
765071,0.10296107
765072,0.99105966
765073,0.9794521
765074,0.058058217
765075,0.22074515
765076,0.9677743
765077,0.110986896
765078,0.99740463
765079,0.052798573
765080,0.015639614
765081,0.8425573
765082,0.24258018
765083,0.8865522
765084,0.94195026
765085,0.19918881
765086,0.04729072
765087,0.18500955
765088,0.6490809
765089,0.004225771
765090,0.21675584
765091,0.050190136
765092,0.0049652467
765093,0.83639115
765094,0.9926108
765095,0.9201129
765096,0.05558352
765097,0.741389
765098,0.8707489
765099,0.045298327
765100,0.3366631
765101,0.006226449
765102,0.01353766
765103,0.005489216
765104,0.04015798
765105,0.0091069825
765106,0.0034289085
765107,0.058933485
765108,0.2723022
765109,0.349755
765110,0.032113798
765111,0.72242737
765112,0.19652486
765113,0.9707875
765114,0.85173166
765115,0.69065046
765116,0.8923381
765117,0.008139994
765118,0.035005003
765119,0.9027785
765120,0.056488004
765121,0.26777408
765122,0.9041547
765123,0.7303276
765124,0.012807263
765125,0.9548512
765126,0.17100105
765127,0.657503
765128,0.991003
765129,0.3579416
765130,0.9860853
765131,0.018739954
765132,0.027433503
765133,0.031459045
765134,0.010267522
765135,0.012958735
765136,0.2435102
765137,0.790594
765138,0.9106329
765139,0.35965583
765140,0.45782652
765141,0.8292048
765142,0.0031344786
765143,0.7294988
765144,0.012730551
765145,0.9553708
765146,0.15404832
765147,0.9866695
765148,0.99037594
765149,0.03459272
765150,0.1403074
765151,0.004381805
765152,0.9066659
765153,0.95843214
765154,0.99633396
765155,0.9146833
765156,0.9836919
765157,0.7531152
765158,0.970238
765159,0.951239
765160,0.9779652
765161,0.71532226
765162,0.037568033
765163,0.04044397
765164,0.9780272
765165,0.020320844
765166,0.63513356
765167,0.2054511
765168,0.9989046
765169,0.8373472
765170,0.90694827
765171,0.99311554
765172,0.093291186
765173,0.016799638
765174,0.95903325
765175,0.017590802
765176,0.9701531
765177,0.011404741
765178,0.96781176
765179,0.054228984
765180,0.015991649
765181,0.46176788
765182,0.86660945
765183,0.9430193
765184,0.6397307
765185,0.0889568
765186,0.023919877
765187,0.36827567
765188,0.018292619
765189,0.99921775
765190,0.5661712
765191,0.9874584
765192,0.06831434
765193,0.01133367
765194,0.0139271775
765195,0.9914478
765196,0.891753
765197,0.029273795
765198,0.99379194
765199,0.15537344
765200,0.00569784
765201,0.9311253
765202,0.010765395
765203,0.11771071
765204,0.99859065
765205,0.064190045
765206,0.6204317
765207,0.9903359
765208,0.081739604
765209,0.019369248
765210,0.9976115
765211,0.99875945
765212,0.9934507
765213,0.009655554
765214,0.004029478
765215,0.16581105
765216,0.026401075
765217,0.097865924
765218,0.31631988
765219,0.8580177
765220,0.74035853
765221,0.018069558
765222,0.9531605
765223,0.11132882
765224,0.059545256
765225,0.07878054
765226,0.35263214
765227,0.37529135
765228,0.014957972
765229,0.061627388
765230,0.048147358
765231,0.8445449
765232,0.020877302
765233,0.12190077
765234,0.7372844
765235,0.79654706
765236,0.10531104
765237,0.99960387
765238,0.024040448
765239,0.99804705
765240,0.36088124
765241,0.18045099
765242,0.90824974
765243,0.020306334
765244,0.9975185
765245,0.031974718
765246,0.0036063427
765247,0.0029971113
765248,0.08838578
765249,0.0935948
765250,0.6293254
765251,0.7102078
765252,0.51905483
765253,0.017582085
765254,0.9984153
765255,0.9872426
765256,0.03698322
765257,0.0041314205
765258,0.088912055
765259,0.054422155
765260,0.077044144
765261,0.7378045
765262,0.0020502326
765263,0.76727355
765264,0.73917705
765265,0.027742961
765266,0.5112625
765267,0.04454434
765268,0.032778844
765269,0.003781793
765270,0.19012356
765271,0.7099246
765272,0.0048693493
765273,0.049101762
765274,0.7497866
765275,0.050087377
765276,0.9957232
765277,0.38563156
765278,0.016901812
765279,0.052100837
765280,0.88809747
765281,0.80996835
765282,0.019397827
765283,0.27891383
765284,0.04567527
765285,0.79186916
765286,0.2205404
765287,0.28021568
765288,0.94419336
765289,0.043595128
765290,0.80316204
765291,0.026246363
765292,0.99097073
765293,0.11152967
765294,0.012310572
765295,0.5409454
765296,0.9725186
765297,0.9326869
765298,0.0034179285
765299,0.12963842
765300,0.043764748
765301,0.032684933
765302,0.8341148
765303,0.0026401528
765304,0.020576876
765305,0.007208029
765306,0.009008305
765307,0.4094773
765308,0.95202553
765309,0.005487627
765310,0.2717083
765311,0.13214356
765312,0.14442393
765313,0.9984418
765314,0.9205563
765315,0.0035654646
765316,0.025586437
765317,0.006570245
765318,0.050124653
765319,0.98828185
765320,0.45840535
765321,0.27197185
765322,0.9949307
765323,0.010669411
765324,0.08931021
765325,0.009586035
765326,0.6497635
765327,0.15146616
765328,0.14919846
765329,0.16055335
765330,0.251853
765331,0.0065264236
765332,0.31620044
765333,0.02334695
765334,0.005404867
765335,0.065113336
765336,0.007583813
765337,0.93457335
765338,0.18280092
765339,0.2461942
765340,0.96052146
765341,0.52806467
765342,0.004075029
765343,0.02814322
765344,0.014719471
765345,0.012613473
765346,0.33272225
765347,0.26935527
765348,0.052534
765349,0.0012261122
765350,0.0019887532
765351,0.9463727
765352,0.99072707
765353,0.019651297
765354,0.0018443385
765355,0.0027272543
765356,0.9425635
765357,0.90247643
765358,0.016238373
765359,0.33028424
765360,0.66700447
765361,0.9198637
765362,0.10474512
765363,0.009666901
765364,0.81205
765365,0.9561838
765366,0.020715095
765367,0.9726788
765368,0.31284165
765369,0.9899247
765370,0.9418197
765371,0.9822815
765372,0.03240208
765373,0.0024689343
765374,0.9847201
765375,0.005277641
765376,0.71150976
765377,0.06219795
765378,0.010606734
765379,0.21581022
765380,0.03267041
765381,0.61475956
765382,0.10264553
765383,0.8751646
765384,0.0148366485
765385,0.59523726
765386,0.89296556
765387,0.047421496
765388,0.9658611
765389,0.13334274
765390,0.007361306
765391,0.19273143
765392,0.99879587
765393,0.96833986
765394,0.020802643
765395,0.862115
765396,0.12143844
765397,0.13194376
765398,0.97651535
765399,0.0056439154
765400,0.043113902
765401,0.9902614
765402,0.07228671
765403,0.30956632
765404,0.8824746
765405,0.99174905
765406,0.048021358
765407,0.81158656
765408,0.9499792
765409,0.063178696
765410,0.991771
765411,0.26940814
765412,0.99802375
765413,0.008311815
765414,0.056645796
765415,0.96192443
765416,0.049011834
765417,0.021505114
765418,0.014831994
765419,0.013323902
765420,0.9866881
765421,0.06947244
765422,0.007950556
765423,0.9772999
765424,0.9971425
765425,0.04158751
765426,0.5174132
765427,0.97141695
765428,0.989785
765429,0.69393754
765430,0.15771018
765431,0.015215137
765432,0.8940372
765433,0.26429886
765434,0.983267
765435,0.042179037
765436,0.23863949
765437,0.85118794
765438,0.020133678
765439,0.95226204
765440,0.92416066
765441,0.019932967
765442,0.03143601
765443,0.97468436
765444,0.0033697952
765445,0.039447665
765446,0.9720254
765447,0.015042946
765448,0.5076802
765449,0.0057903957
765450,0.9692358
765451,0.9528108
765452,0.32757106
765453,0.031012708
765454,0.98080796
765455,0.9950569
765456,0.01075196
765457,0.9972513
765458,0.9881572
765459,0.08995849
765460,0.8458191
765461,0.096830264
765462,0.020764533
765463,0.10064404
765464,0.87630045
765465,0.03470712
765466,0.0072941976
765467,0.949424
765468,0.5938734
765469,0.35279366
765470,0.30033964
765471,0.87643135
765472,0.9090997
765473,0.82485306
765474,0.9959991
765475,0.015821723
765476,0.11018657
765477,0.37478632
765478,0.89020485
765479,0.8413444
765480,0.28687227
765481,0.89254415
765482,0.009540207
765483,0.009358928
765484,0.99363935
765485,0.7880045
765486,0.90445954
765487,0.87025905
765488,0.90545094
765489,0.0018353157
765490,0.08064197
765491,0.98967075
765492,0.83627015
765493,0.3356625
765494,0.003233472
765495,0.04395538
765496,0.990985
765497,0.78570294
765498,0.9894248
765499,0.36505562
765500,0.0038997196
765501,0.012056984
765502,0.1300185
765503,0.09009795
765504,0.32683247
765505,0.9286447
765506,0.99584043
765507,0.06872913
765508,0.13841696
765509,0.9985521
765510,0.9794254
765511,0.86529046
765512,0.93519557
765513,0.8366333
765514,0.9821126
765515,0.024355305
765516,0.019437093
765517,0.85644376
765518,0.098832
765519,0.41633224
765520,0.036027584
765521,0.26993567
765522,0.053843904
765523,0.85377204
765524,0.9561973
765525,0.94315016
765526,0.44266143
765527,0.045313388
765528,0.0120051
765529,0.27032718
765530,0.0063340073
765531,0.61480093
765532,0.9472835
765533,0.9843682
765534,0.010616432
765535,0.98082453
765536,0.30439186
765537,0.9915262
765538,0.997576
765539,0.976193
765540,0.9954978
765541,0.91155046
765542,0.071417436
765543,0.9520539
765544,0.10324271
765545,0.13210057
765546,0.09571839
765547,0.028764974
765548,0.39978296
765549,0.009326167
765550,0.013348764
765551,0.0155017525
765552,0.036969077
765553,0.9900931
765554,0.98319095
765555,0.8704362
765556,0.27487713
765557,0.99661475
765558,0.021624686
765559,0.029700208
765560,0.031864636
765561,0.025804564
765562,0.22775559
765563,0.04130964
765564,0.1959035
765565,0.80808556
765566,0.04351311
765567,0.020561308
765568,0.027229145
765569,0.60534775
765570,0.53462154
765571,0.99375165
765572,0.985033
765573,0.9986933
765574,0.7172886
765575,0.3101474
765576,0.8847988
765577,0.015795128
765578,0.0859384
765579,0.0054122848
765580,0.92718565
765581,0.023674984
765582,0.8669787
765583,0.8065328
765584,0.01850953
765585,0.05193752
765586,0.98943675
765587,0.3669064
765588,0.009208879
765589,0.9850591
765590,0.037318885
765591,0.014473304
765592,0.9701501
765593,0.14923921
765594,0.13178499
765595,0.2608068
765596,0.9905236
765597,0.8112656
765598,0.8965014
765599,0.08128099
765600,0.5431384
765601,0.04883582
765602,0.012180383
765603,0.057941634
765604,0.88519967
765605,0.044082962
765606,0.118266456
765607,0.2871616
765608,0.01981353
765609,0.99493545
765610,0.5877207
765611,0.13182205
765612,0.05070549
765613,0.0114008235
765614,0.086685985
765615,0.99259293
765616,0.01961019
765617,0.14987925
765618,0.0045416835
765619,0.8142718
765620,0.7833414
765621,0.104324386
765622,0.78038263
765623,0.33142853
765624,0.9771282
765625,0.049446743
765626,0.23196986
765627,0.54112077
765628,0.051501427
765629,0.9971736
765630,0.54027766
765631,0.028181404
765632,0.023536524
765633,0.12654498
765634,0.9883943
765635,0.561133
765636,0.9431136
765637,0.89522815
765638,0.008194668
765639,0.015478583
765640,0.013724849
765641,0.07786427
765642,0.03484667
765643,0.4419139
765644,0.98832303
765645,0.8905947
765646,0.9694205
765647,0.6058495
765648,0.9868616
765649,0.7116336
765650,0.8380834
765651,0.016974531
765652,0.0006873715
765653,0.6537029
765654,0.009826982
765655,0.991716
765656,0.1258354
765657,0.08728555
765658,0.01052787
765659,0.9277788
765660,0.90191925
765661,0.8748113
765662,0.9454615
765663,0.992798
765664,0.38685
765665,0.86605084
765666,0.99899036
765667,0.07811571
765668,0.030558065
765669,0.17813578
765670,0.17681968
765671,0.9963412
765672,0.009090807
765673,0.07321842
765674,0.18046468
765675,0.05716834
765676,0.076393336
765677,0.85043967
765678,0.86792773
765679,0.021451896
765680,0.006384982
765681,0.0043186047
765682,0.7099909
765683,0.98265016
765684,0.9677802
765685,0.038307525
765686,0.70775324
765687,0.9916657
765688,0.058094233
765689,0.12826276
765690,0.00506235
765691,0.32621896
765692,0.20536828
765693,0.99522674
765694,0.01637549
765695,0.020878797
765696,0.06621413
765697,0.9269514
765698,0.020545889
765699,0.2526505
765700,0.99668556
765701,0.007866083
765702,0.3638176
765703,0.034388985
765704,0.019353658
765705,0.033462122
765706,0.014956415
765707,0.40101627
765708,0.9554243
765709,0.03325218
765710,0.9965255
765711,0.29502827
765712,0.01986797
765713,0.0065840846
765714,0.04733375
765715,0.04452256
765716,0.2553082
765717,0.001193458
765718,0.045513082
765719,0.14046916
765720,0.0752019
765721,0.57991236
765722,0.93080103
765723,0.9490257
765724,0.019300215
765725,0.85786664
765726,0.20331359
765727,0.087348826
765728,0.9837216
765729,0.04726634
765730,0.3202381
765731,0.2204273
765732,0.9902026
765733,0.16323876
765734,0.51308423
765735,0.013808293
765736,0.5278311
765737,0.02693085
765738,0.014454216
765739,0.8967649
765740,0.009712008
765741,0.9119489
765742,0.022881566
765743,0.30954736
765744,0.98262477
765745,0.9779683
765746,0.5276765
765747,0.9857928
765748,0.3255629
765749,0.9912072
765750,0.11660263
765751,0.03231311
765752,0.98773396
765753,0.9556272
765754,0.041732386
765755,0.25461087
765756,0.03956231
765757,0.059598222
765758,0.9781381
765759,0.7092327
765760,0.96185946
765761,0.025149258
765762,0.9422929
765763,0.9725219
765764,0.038149007
765765,0.699794
765766,0.8028343
765767,0.9916724
765768,0.05659958
765769,0.08170974
765770,0.99634564
765771,0.6140455
765772,0.047627673
765773,0.009287363
765774,0.43653816
765775,0.9081426
765776,0.9456674
765777,0.9987415
765778,0.08407294
765779,0.95576864
765780,0.9989928
765781,0.5804905
765782,0.9328301
765783,0.14642777
765784,0.10483514
765785,0.24618572
765786,0.89267766
765787,0.82196313
765788,0.5406996
765789,0.026103519
765790,0.98535645
765791,0.9753481
765792,0.9730119
765793,0.9865294
765794,0.024407504
765795,0.096953936
765796,0.6477132
765797,0.040031888
765798,0.026343701
765799,0.007712044
765800,0.56543994
765801,0.01707925
765802,0.011533147
765803,0.010294412
765804,0.9867712
765805,0.0030094832
765806,0.17677431
765807,0.0399111
765808,0.025280692
765809,0.0061252024
765810,0.021370841
765811,0.9736398
765812,0.004604991
765813,0.02806133
765814,0.012879214
765815,0.97509885
765816,0.99784756
765817,0.217043
765818,0.018326323
765819,0.31417143
765820,0.23193437
765821,0.011408197
765822,0.9876289
765823,0.99942327
765824,0.017733518
765825,0.004107511
765826,0.00552655
765827,0.015151447
765828,0.40893912
765829,0.9088401
765830,0.66483384
765831,0.40705472
765832,0.012820177
765833,0.7336271
765834,0.4321121
765835,0.03435199
765836,0.009907056
765837,0.83086705
765838,0.32379243
765839,0.99550253
765840,0.011300537
765841,0.45191392
765842,0.022636075
765843,0.27761567
765844,0.045580927
765845,0.8706154
765846,0.18138677
765847,0.97609913
765848,0.9638813
765849,0.4245889
765850,0.87162757
765851,0.0016590653
765852,0.8399279
765853,0.06322207
765854,0.9888553
765855,0.333135
765856,0.99784744
765857,0.9578685
765858,0.4169641
765859,0.97524333
765860,0.7797348
765861,0.28664476
765862,0.16607913
765863,0.056038924
765864,0.8896813
765865,0.41313338
765866,0.031177772
765867,0.6074952
765868,0.0049502132
765869,0.16553405
765870,0.009848599
765871,0.05805325
765872,0.95982766
765873,0.44092944
765874,0.90119606
765875,0.08440832
765876,0.09575499
765877,0.029181426
765878,0.49927545
765879,0.0022335884
765880,0.013597522
765881,0.32208523
765882,0.03431298
765883,0.981192
765884,0.14633104
765885,0.010740269
765886,0.060049273
765887,0.9356565
765888,0.14933875
765889,0.6199032
765890,0.013366425
765891,0.03606516
765892,0.98784155
765893,0.99652064
765894,0.88043654
765895,0.081609115
765896,0.008473055
765897,0.98322004
765898,0.9416766
765899,0.16441153
765900,0.9415533
765901,0.1262282
765902,0.9843955
765903,0.098766506
765904,0.9826921
765905,0.74895906
765906,0.9900613
765907,0.9676159
765908,0.9974133
765909,0.0051890137
765910,0.87481964
765911,0.15660578
765912,0.96678936
765913,0.09552609
765914,0.98579884
765915,0.19169477
765916,0.9615793
765917,0.95587087
765918,0.012671606
765919,0.0060153566
765920,0.80523914
765921,0.14840922
765922,0.8518452
765923,0.93603736
765924,0.8765107
765925,0.007325828
765926,0.97788006
765927,0.0078021805
765928,0.9392121
765929,0.31205022
765930,0.95931745
765931,0.8996538
765932,0.82803106
765933,0.020339604
765934,0.7482323
765935,0.16060016
765936,0.032302316
765937,0.985262
765938,0.07189275
765939,0.8723005
765940,0.23581181
765941,0.021905785
765942,0.95841086
765943,0.19960195
765944,0.004466667
765945,0.02117581
765946,0.38586575
765947,0.008607517
765948,0.0030628755
765949,0.011805182
765950,0.04395779
765951,0.92565155
765952,0.9848036
765953,0.17221792
765954,0.4984357
765955,0.9975622
765956,0.7208768
765957,0.99804085
765958,0.16541976
765959,0.036428
765960,0.38392913
765961,0.004340723
765962,0.98125064
765963,0.074680746
765964,0.95284736
765965,0.16171418
765966,0.029085994
765967,0.015346758
765968,0.14496967
765969,0.06462635
765970,0.97935563
765971,0.9853935
765972,0.041561544
765973,0.9927421
765974,0.60288227
765975,0.9949193
765976,0.10473987
765977,0.16982122
765978,0.114795245
765979,0.4384706
765980,0.50466883
765981,0.14877774
765982,0.7753053
765983,0.54440075
765984,0.15495722
765985,0.99410343
765986,0.35005188
765987,0.008799553
765988,0.95769286
765989,0.08648904
765990,0.058319338
765991,0.99086833
765992,0.015847553
765993,0.9125739
765994,0.9961297
765995,0.02217211
765996,0.013532309
765997,0.97671914
765998,0.7677654
765999,0.99934137
766000,0.12267413
766001,0.4715367
766002,0.89522785
766003,0.71388185
766004,0.9564046
766005,0.45494536
766006,0.27309346
766007,0.03913524
766008,0.9837599
766009,0.9860442
766010,0.032942347
766011,0.9337987
766012,0.017968701
766013,0.06630961
766014,0.02186758
766015,0.96023226
766016,0.94615877
766017,0.036161616
766018,0.22579312
766019,0.9637941
766020,0.032510027
766021,0.011225154
766022,0.07132217
766023,0.9992838
766024,0.011623225
766025,0.83203506
766026,0.012259885
766027,0.9929201
766028,0.8450296
766029,0.999475
766030,0.8995069
766031,0.010480586
766032,0.7161273
766033,0.9984651
766034,0.93404853
766035,0.99875903
766036,0.85294455
766037,0.13429308
766038,0.10114311
766039,0.33298108
766040,0.054442428
766041,0.97639775
766042,0.65102375
766043,0.03528863
766044,0.9566821
766045,0.9968543
766046,0.9754667
766047,0.24267572
766048,0.9813
766049,0.582055
766050,0.017916907
766051,0.023195807
766052,0.9870908
766053,0.52895725
766054,0.008830868
766055,0.003648232
766056,0.52261084
766057,0.959772
766058,0.9885605
766059,0.6697439
766060,0.20886193
766061,0.7604902
766062,0.9932842
766063,0.9803064
766064,0.95936924
766065,0.6197624
766066,0.010621859
766067,0.8331736
766068,0.22635381
766069,0.9950412
766070,0.9984119
766071,0.26680788
766072,0.11552109
766073,0.0013554967
766074,0.0065801754
766075,0.3483526
766076,0.9936373
766077,0.015858108
766078,0.074313775
766079,0.0022622582
766080,0.20783345
766081,0.9846792
766082,0.975012
766083,0.95004594
766084,0.0020951743
766085,0.017894078
766086,0.062411025
766087,0.74405
766088,0.9627314
766089,0.03942994
766090,0.00569986
766091,0.78145164
766092,0.29196337
766093,0.9358507
766094,0.98421466
766095,0.23305263
766096,0.44091505
766097,0.06162508
766098,0.9902324
766099,0.069991514
766100,0.50951993
766101,0.9443866
766102,0.02795893
766103,0.9756231
766104,0.8785558
766105,0.93264246
766106,0.0129238125
766107,0.89047146
766108,0.99677145
766109,0.093824536
766110,0.33716562
766111,0.4080952
766112,0.995805
766113,0.95223856
766114,0.011852478
766115,0.017979246
766116,0.008298645
766117,0.949308
766118,0.9975717
766119,0.4574986
766120,0.9382973
766121,0.69908655
766122,0.004098882
766123,0.7373673
766124,0.16119605
766125,0.007771627
766126,0.46519834
766127,0.0242583
766128,0.6305635
766129,0.7985036
766130,0.1023716
766131,0.09438356
766132,0.99378425
766133,0.19670628
766134,0.93782705
766135,0.08678284
766136,0.982552
766137,0.2717061
766138,0.92599237
766139,0.105856046
766140,0.9736395
766141,0.7830381
766142,0.116422296
766143,0.053490717
766144,0.008540032
766145,0.1653073
766146,0.03203206
766147,0.03147141
766148,0.7704056
766149,0.056736972
766150,0.23064482
766151,0.31035098
766152,0.8251962
766153,0.3785051
766154,0.008134561
766155,0.0061579705
766156,0.072924435
766157,0.5996442
766158,0.8376144
766159,0.2538911
766160,0.4982127
766161,0.07327811
766162,0.0061747134
766163,0.97156644
766164,0.02012133
766165,0.9204985
766166,0.87547857
766167,0.9050001
766168,0.2875459
766169,0.025343906
766170,0.35175285
766171,0.10093415
766172,0.9580998
766173,0.16974969
766174,0.027254723
766175,0.7026789
766176,0.99904037
766177,0.0071886578
766178,0.5247653
766179,0.56730926
766180,0.030280804
766181,0.04556667
766182,0.004991821
766183,0.9334548
766184,0.15412009
766185,0.049110405
766186,0.00480284
766187,0.024861287
766188,0.8859739
766189,0.9995695
766190,0.025453879
766191,0.983911
766192,0.99358726
766193,0.16786934
766194,0.030587545
766195,0.019102933
766196,0.22608061
766197,0.773194
766198,0.18939753
766199,0.9972954
766200,0.017132137
766201,0.026510986
766202,0.100935206
766203,0.107425384
766204,0.012596864
766205,0.9942689
766206,0.98621273
766207,0.21616894
766208,0.98055595
766209,0.75628966
766210,0.82325435
766211,0.046935532
766212,0.99462044
766213,0.06877397
766214,0.41968665
766215,0.98150194
766216,0.020517273
766217,0.6912858
766218,0.9931842
766219,0.10437833
766220,0.15229431
766221,0.9965371
766222,0.060945295
766223,0.9548048
766224,0.99460876
766225,0.9938839
766226,0.04997989
766227,0.12058412
766228,0.9367625
766229,0.048323344
766230,0.007999347
766231,0.9915471
766232,0.3883127
766233,0.9689474
766234,0.34627038
766235,0.012800723
766236,0.9810491
766237,0.95574296
766238,0.42443267
766239,0.028170224
766240,0.0012056001
766241,0.119399235
766242,0.055743363
766243,0.93207425
766244,0.0077503026
766245,0.9647161
766246,0.9886749
766247,0.8368483
766248,0.4371069
766249,0.6579939
766250,0.09763265
766251,0.9901229
766252,0.1457131
766253,0.005510115
766254,0.99256414
766255,0.005642115
766256,0.069515444
766257,0.98371744
766258,0.30577055
766259,0.022173304
766260,0.04246935
766261,0.022181598
766262,0.9957915
766263,0.92767906
766264,0.047617983
766265,0.7521805
766266,0.22420414
766267,0.95051354
766268,0.9785701
766269,0.0030393892
766270,0.017397905
766271,0.967477
766272,0.001625922
766273,0.8791059
766274,0.057543784
766275,0.2555163
766276,0.053819124
766277,0.1268818
766278,0.016972458
766279,0.63695663
766280,0.796082
766281,0.98950016
766282,0.95289254
766283,0.98531747
766284,0.9971286
766285,0.03114384
766286,0.9973329
766287,0.88417137
766288,0.0033647437
766289,0.9706775
766290,0.99623746
766291,0.21616162
766292,0.9983843
766293,0.99579966
766294,0.99391663
766295,0.02404598
766296,0.041070525
766297,0.9438459
766298,0.24064705
766299,0.4217191
766300,0.99675566
766301,0.83321583
766302,0.20094842
766303,0.82294154
766304,0.096147925
766305,0.13044235
766306,0.8537963
766307,0.03588912
766308,0.98982084
766309,0.04854873
766310,0.21429299
766311,0.002284911
766312,0.017316185
766313,0.66552246
766314,0.008737728
766315,0.9473717
766316,0.9779383
766317,0.034210403
766318,0.007193006
766319,0.02880725
766320,0.52033454
766321,0.0048247646
766322,0.17383175
766323,0.98882246
766324,0.05260122
766325,0.0029240677
766326,0.97994506
766327,0.98161566
766328,0.43093008
766329,0.87495065
766330,0.9934142
766331,0.89737594
766332,0.018541321
766333,0.99764645
766334,0.9930085
766335,0.062816486
766336,0.9981659
766337,0.48282564
766338,0.9987605
766339,0.025596593
766340,0.9921136
766341,0.98953813
766342,0.0035081632
766343,0.053980462
766344,0.7467717
766345,0.6325066
766346,0.9430862
766347,0.828239
766348,0.03738323
766349,0.41198432
766350,0.9953525
766351,0.07993201
766352,0.048223704
766353,0.98605585
766354,0.19207841
766355,0.7003363
766356,0.9978143
766357,0.0106596425
766358,0.028324448
766359,0.13001828
766360,0.03140995
766361,0.24808612
766362,0.04718224
766363,0.005330215
766364,0.1930299
766365,0.16740544
766366,0.82290846
766367,0.8553617
766368,0.87889415
766369,0.009360194
766370,0.098555595
766371,0.9978365
766372,0.85916877
766373,0.0389466
766374,0.238017
766375,0.27175862
766376,0.019231182
766377,0.46390015
766378,0.9763224
766379,0.08297437
766380,0.94258606
766381,0.99441755
766382,0.011248958
766383,0.99716914
766384,0.1428083
766385,0.66220856
766386,0.2597484
766387,0.031441163
766388,0.013751108
766389,0.94793284
766390,0.9906143
766391,0.26494312
766392,0.010370144
766393,0.99067646
766394,0.044829134
766395,0.9862474
766396,0.94068503
766397,0.6704973
766398,0.013827004
766399,0.31074023
766400,0.08852698
766401,0.004652608
766402,0.09415002
766403,0.95542765
766404,0.99636304
766405,0.48018557
766406,0.02274397
766407,0.9875547
766408,0.14991549
766409,0.08729588
766410,0.99184656
766411,0.20228201
766412,0.10822555
766413,0.7110033
766414,0.44854844
766415,0.3083059
766416,0.059780795
766417,0.9609734
766418,0.9894011
766419,0.31751123
766420,0.031645134
766421,0.036611304
766422,0.035996936
766423,0.9786109
766424,0.26239198
766425,0.0052057067
766426,0.3571278
766427,0.013864611
766428,0.976327
766429,0.010307824
766430,0.0597331
766431,0.13738093
766432,0.02783145
766433,0.99292547
766434,0.8330631
766435,0.9830445
766436,0.084326796
766437,0.9788689
766438,0.015689887
766439,0.013444427
766440,0.026537426
766441,0.05693314
766442,0.2930302
766443,0.023813948
766444,0.8281609
766445,0.94642144
766446,0.019109624
766447,0.99552774
766448,0.3167479
766449,0.058586013
766450,0.01145424
766451,0.9905518
766452,0.006428862
766453,0.7606485
766454,0.28508392
766455,0.15189646
766456,0.97159237
766457,0.048751373
766458,0.012124745
766459,0.09611404
766460,0.80746144
766461,0.20241968
766462,0.0088772755
766463,0.25642675
766464,0.020797107
766465,0.018758323
766466,0.87237555
766467,0.22378372
766468,0.16483073
766469,0.05453851
766470,0.65101933
766471,0.8443666
766472,0.8110596
766473,0.090865515
766474,0.035960022
766475,0.36020312
766476,0.021500241
766477,0.99135554
766478,0.9735399
766479,0.019653194
766480,0.1627872
766481,0.009690613
766482,0.9937106
766483,0.957559
766484,0.8777347
766485,0.12775125
766486,0.98816955
766487,0.36787477
766488,0.0645649
766489,0.026979594
766490,0.60213596
766491,0.048282146
766492,0.99348396
766493,0.27202266
766494,0.03861128
766495,0.0063076066
766496,0.27979052
766497,0.18693958
766498,0.0076742596
766499,0.840926
766500,0.14722593
766501,0.043442298
766502,0.7228518
766503,0.6625877
766504,0.008028213
766505,0.015637217
766506,0.19738866
766507,0.94740194
766508,0.9808201
766509,0.94580394
766510,0.029645175
766511,0.07124935
766512,0.33847165
766513,0.17298995
766514,0.12424745
766515,0.77050245
766516,0.81190574
766517,0.007572768
766518,0.08472156
766519,0.8114994
766520,0.9832019
766521,0.067605376
766522,0.040633637
766523,0.006002281
766524,0.034063425
766525,0.9690366
766526,0.8492895
766527,0.009410174
766528,0.39567217
766529,0.2105874
766530,0.5714918
766531,0.9784068
766532,0.11792183
766533,0.27043015
766534,0.23055384
766535,0.4983135
766536,0.42277366
766537,0.7354843
766538,0.97399473
766539,0.06695122
766540,0.54695696
766541,0.83304644
766542,0.019157792
766543,0.7132706
766544,0.121887535
766545,0.8690154
766546,0.97963715
766547,0.10408904
766548,0.52875334
766549,0.09865254
766550,0.6638121
766551,0.46646652
766552,0.021754187
766553,0.42421675
766554,0.9976109
766555,0.17088296
766556,0.7896702
766557,0.98523283
766558,0.5650913
766559,0.958542
766560,0.5738281
766561,0.99679583
766562,0.9653202
766563,0.03264638
766564,0.9987948
766565,0.37215897
766566,0.97923195
766567,0.16505088
766568,0.0072774114
766569,0.0035155287
766570,0.380401
766571,0.9881618
766572,0.5194675
766573,0.012993333
766574,0.016062438
766575,0.14966989
766576,0.51971614
766577,0.023894234
766578,0.3926456
766579,0.9146801
766580,0.9783339
766581,0.07830702
766582,0.1301255
766583,0.007639974
766584,0.052128006
766585,0.98697424
766586,0.024895806
766587,0.9918787
766588,0.99877167
766589,0.9738883
766590,0.2306599
766591,0.34657466
766592,0.02111499
766593,0.028702922
766594,0.007545826
766595,0.012296261
766596,0.37611434
766597,0.050371327
766598,0.9436793
766599,0.97800994
766600,0.99657935
766601,0.032443453
766602,0.9557352
766603,0.6308093
766604,0.8886265
766605,0.07870524
766606,0.0103896195
766607,0.034333643
766608,0.10730968
766609,0.71825033
766610,0.55463004
766611,0.9570035
766612,0.25355753
766613,0.5653928
766614,0.80359375
766615,0.94341034
766616,0.9986439
766617,0.0076962844
766618,0.93514454
766619,0.004561317
766620,0.10106571
766621,0.003035929
766622,0.28140715
766623,0.05301512
766624,0.063108645
766625,0.91495144
766626,0.080722965
766627,0.01126282
766628,0.99747485
766629,0.808751
766630,0.95414174
766631,0.106355965
766632,0.9878284
766633,0.9444136
766634,0.00890822
766635,0.034759093
766636,0.0050785365
766637,0.991681
766638,0.031879168
766639,0.9157014
766640,0.022090781
766641,0.99285114
766642,0.11094956
766643,0.30595326
766644,0.73425263
766645,0.97112983
766646,0.001367284
766647,0.0026104266
766648,0.803168
766649,0.07055187
766650,0.7894789
766651,0.98729825
766652,0.9906532
766653,0.01945297
766654,0.024616133
766655,0.85002506
766656,0.8582454
766657,0.017981455
766658,0.033809137
766659,0.952707
766660,0.010246538
766661,0.5175942
766662,0.031794116
766663,0.9914221
766664,0.4733225
766665,0.99716395
766666,0.56690884
766667,0.010904316
766668,0.56131136
766669,0.07032974
766670,0.98662263
766671,0.08717383
766672,0.9376601
766673,0.01059411
766674,0.15948185
766675,0.99780345
766676,0.33345318
766677,0.8365587
766678,0.3596897
766679,0.6198038
766680,0.008230358
766681,0.8765348
766682,0.033758998
766683,0.7102048
766684,0.97220445
766685,0.96982515
766686,0.94376177
766687,0.38845062
766688,0.06389782
766689,0.037246183
766690,0.008684498
766691,0.9815997
766692,0.17584081
766693,0.060104754
766694,0.013418507
766695,0.10174516
766696,0.9918879
766697,0.6068053
766698,0.9960449
766699,0.027427573
766700,0.9959146
766701,0.8923354
766702,0.4391044
766703,0.009953944
766704,0.034649637
766705,0.85374475
766706,0.016248912
766707,0.01759458
766708,0.98791325
766709,0.18754338
766710,0.68204427
766711,0.32803258
766712,0.99556386
766713,0.0060410053
766714,0.15501137
766715,0.0051659923
766716,0.00381158
766717,0.033408
766718,0.3552968
766719,0.016838398
766720,0.0063868123
766721,0.0039012842
766722,0.70175534
766723,0.055139847
766724,0.024629805
766725,0.9906112
766726,0.96785223
766727,0.9333778
766728,0.04340004
766729,0.17789993
766730,0.9098598
766731,0.23015901
766732,0.048071064
766733,0.62744296
766734,0.7354553
766735,0.06528706
766736,0.9907089
766737,0.011986197
766738,0.2840051
766739,0.097251266
766740,0.0154313035
766741,0.8075414
766742,0.03975929
766743,0.060564607
766744,0.9863925
766745,0.01652354
766746,0.0061546084
766747,0.011986039
766748,0.9327165
766749,0.9799779
766750,0.99132836
766751,0.9337851
766752,0.89865965
766753,0.9216469
766754,0.045266747
766755,0.08657136
766756,0.90670717
766757,0.4005232
766758,0.1211105
766759,0.82694626
766760,0.08722136
766761,0.9757387
766762,0.9868433
766763,0.0126383025
766764,0.99866176
766765,0.027952483
766766,0.1130445
766767,0.07358942
766768,0.9962925
766769,0.061076287
766770,0.066235736
766771,0.99686044
766772,0.43685165
766773,0.99678445
766774,0.39536223
766775,0.0066394405
766776,0.9893434
766777,0.99055076
766778,0.015309811
766779,0.122239485
766780,0.15756471
766781,0.025428362
766782,0.010603822
766783,0.101414755
766784,0.83963096
766785,0.97210777
766786,0.16441597
766787,0.94296134
766788,0.0034222365
766789,0.71086425
766790,0.061293826
766791,0.9588146
766792,0.022048028
766793,0.08892718
766794,0.2299151
766795,0.8757972
766796,0.022723403
766797,0.68588173
766798,0.9958739
766799,0.34212515
766800,0.97006136
766801,0.9790113
766802,0.010152615
766803,0.033433057
766804,0.012243392
766805,0.9906479
766806,0.0309832
766807,0.9869794
766808,0.92740494
766809,0.06966925
766810,0.9322718
766811,0.19024971
766812,0.004619723
766813,0.9556593
766814,0.9644127
766815,0.96160877
766816,0.35599837
766817,0.9976348
766818,0.053240802
766819,0.012016321
766820,0.0087736575
766821,0.12211669
766822,0.92266977
766823,0.4168987
766824,0.9199093
766825,0.034368526
766826,0.60947865
766827,0.010687851
766828,0.9968624
766829,0.9861324
766830,0.9869322
766831,0.0029906565
766832,0.09204299
766833,0.8222437
766834,0.3985557
766835,0.98699623
766836,0.03579416
766837,0.79682654
766838,0.023448559
766839,0.058060154
766840,0.17484184
766841,0.9219945
766842,0.08233831
766843,0.04717143
766844,0.2931124
766845,0.7602897
766846,0.9971604
766847,0.018849883
766848,0.22701713
766849,0.00496415
766850,0.8567898
766851,0.028868383
766852,0.8896241
766853,0.7814225
766854,0.89107937
766855,0.10425271
766856,0.012311082
766857,0.7764728
766858,0.9947127
766859,0.1569035
766860,0.06878896
766861,0.17145771
766862,0.990757
766863,0.059865784
766864,0.89126426
766865,0.0066737593
766866,0.99636203
766867,0.3952664
766868,0.92930543
766869,0.5784084
766870,0.0124059785
766871,0.99681354
766872,0.147436
766873,0.9992509
766874,0.028082948
766875,0.121562436
766876,0.9394409
766877,0.021249732
766878,0.7644646
766879,0.9415431
766880,0.003286903
766881,0.8082507
766882,0.99390686
766883,0.90715504
766884,0.004202603
766885,0.3355304
766886,0.010988176
766887,0.57005686
766888,0.9924092
766889,0.00845974
766890,0.86535114
766891,0.38864923
766892,0.99924636
766893,0.03404281
766894,0.098781094
766895,0.06648893
766896,0.23568407
766897,0.028875872
766898,0.89729846
766899,0.99545753
766900,0.5368565
766901,0.9135549
766902,0.6911179
766903,0.7111649
766904,0.96840143
766905,0.95085686
766906,0.1274706
766907,0.034972902
766908,0.0023197993
766909,0.9911208
766910,0.026106467
766911,0.054536585
766912,0.008448554
766913,0.944528
766914,0.014010677
766915,0.99213636
766916,0.6734226
766917,0.9601721
766918,0.88726264
766919,0.092974156
766920,0.5539988
766921,0.09501298
766922,0.9611168
766923,0.5787607
766924,0.121002585
766925,0.99602103
766926,0.9519094
766927,0.99107987
766928,0.81807953
766929,0.0023587788
766930,0.9744729
766931,0.03174763
766932,0.97662616
766933,0.9001088
766934,0.052787405
766935,0.38969713
766936,0.9080322
766937,0.48759684
766938,0.1986241
766939,0.9660644
766940,0.96270823
766941,0.030523852
766942,0.4888048
766943,0.36039287
766944,0.014297087
766945,0.06344115
766946,0.9835691
766947,0.055960476
766948,0.4918773
766949,0.31083775
766950,0.92938846
766951,0.074384175
766952,0.03168445
766953,0.17941216
766954,0.18730502
766955,0.2254043
766956,0.19839962
766957,0.021644546
766958,0.9768331
766959,0.9321042
766960,0.99773306
766961,0.106380254
766962,0.0045664916
766963,0.9715618
766964,0.01670494
766965,0.024052467
766966,0.9283389
766967,0.023015043
766968,0.056105852
766969,0.03556319
766970,0.95691895
766971,0.025615916
766972,0.91398567
766973,0.9050001
766974,0.04894396
766975,0.25343916
766976,0.0029642454
766977,0.009668129
766978,0.05429494
766979,0.038381703
766980,0.013373868
766981,0.98140144
766982,0.97666675
766983,0.24441892
766984,0.032768756
766985,0.024242524
766986,0.9119369
766987,0.70142233
766988,0.9478324
766989,0.04287715
766990,0.97815293
766991,0.97793555
766992,0.004887918
766993,0.41849715
766994,0.04004352
766995,0.18999885
766996,0.4503565
766997,0.9418111
766998,0.32991588
766999,0.9907888
767000,0.0077014323
767001,0.17842671
767002,0.9825878
767003,0.9897128
767004,0.023186125
767005,0.96321607
767006,0.026821226
767007,0.16924414
767008,0.92836255
767009,0.0033808025
767010,0.07962226
767011,0.97618216
767012,0.013854656
767013,0.04252634
767014,0.9871372
767015,0.5176159
767016,0.92131186
767017,0.011198344
767018,0.26852262
767019,0.98108894
767020,0.35724628
767021,0.97919416
767022,0.06719275
767023,0.0679927
767024,0.9094008
767025,0.9158684
767026,0.22252345
767027,0.34593114
767028,0.9000793
767029,0.9974786
767030,0.98908
767031,0.99619186
767032,0.2717705
767033,0.24385065
767034,0.75888515
767035,0.0043460005
767036,0.9976449
767037,0.097495064
767038,0.007630783
767039,0.9692847
767040,0.94859946
767041,0.9514923
767042,0.42357028
767043,0.040498108
767044,0.011777234
767045,0.007611055
767046,0.0570748
767047,0.25383818
767048,0.25503176
767049,0.99787223
767050,0.26690167
767051,0.8007316
767052,0.0052194386
767053,0.9883159
767054,0.9997241
767055,0.0023612631
767056,0.9982617
767057,0.0034854836
767058,0.01939477
767059,0.34209242
767060,0.014267126
767061,0.9533957
767062,0.97798675
767063,0.9137088
767064,0.6447553
767065,0.005888644
767066,0.6540671
767067,0.040085554
767068,0.26588225
767069,0.9631094
767070,0.10939063
767071,0.9888786
767072,0.60078955
767073,0.99893373
767074,0.96734977
767075,0.016545137
767076,0.09501435
767077,0.26859796
767078,0.9777897
767079,0.96829575
767080,0.0008332343
767081,0.35473385
767082,0.056644674
767083,0.9466814
767084,0.0024131518
767085,0.04155925
767086,0.9957105
767087,0.011616447
767088,0.2860615
767089,0.9973264
767090,0.0077547748
767091,0.9897811
767092,0.0133235715
767093,0.13134126
767094,0.24958168
767095,0.8264741
767096,0.3539443
767097,0.119525716
767098,0.02046194
767099,0.33046603
767100,0.26815197
767101,0.031240512
767102,0.4112562
767103,0.9967423
767104,0.010954429
767105,0.4143861
767106,0.6869295
767107,0.022760268
767108,0.9900487
767109,0.007979248
767110,0.9991426
767111,0.008434009
767112,0.6797923
767113,0.32709324
767114,0.6306489
767115,0.034975477
767116,0.9045703
767117,0.008125627
767118,0.99942625
767119,0.05316083
767120,0.8401314
767121,0.0077199256
767122,0.98324883
767123,0.02276726
767124,0.16244474
767125,0.9944485
767126,0.8687479
767127,0.9936958
767128,0.018685218
767129,0.031355288
767130,0.92242485
767131,0.030855479
767132,0.032226924
767133,0.17978065
767134,0.96939707
767135,0.021406697
767136,0.0795603
767137,0.97806764
767138,0.45169577
767139,0.953846
767140,0.05860196
767141,0.014398393
767142,0.7033623
767143,0.012541261
767144,0.99152666
767145,0.987983
767146,0.25534555
767147,0.039610684
767148,0.0071227904
767149,0.0025530304
767150,0.9956722
767151,0.7070404
767152,0.23543662
767153,0.9305036
767154,0.014905298
767155,0.033720575
767156,0.09957294
767157,0.66666627
767158,0.004598439
767159,0.0081775505
767160,0.6197268
767161,0.021283995
767162,0.29174128
767163,0.059393093
767164,0.021268187
767165,0.64273274
767166,0.76454866
767167,0.01615829
767168,0.9517022
767169,0.55034244
767170,0.9952436
767171,0.9142765
767172,0.28082034
767173,0.09959948
767174,0.8219453
767175,0.0074433894
767176,0.998417
767177,0.11414811
767178,0.22548887
767179,0.104780234
767180,0.0014111127
767181,0.57680523
767182,0.14879961
767183,0.45594388
767184,0.9754791
767185,0.054349232
767186,0.020906977
767187,0.15220673
767188,0.093254514
767189,0.9982291
767190,0.9939567
767191,0.04955242
767192,0.019315269
767193,0.9902066
767194,0.99714226
767195,0.4814251
767196,0.032742634
767197,0.035886195
767198,0.53752756
767199,0.99126625
767200,0.29109102
767201,0.33628577
767202,0.96794355
767203,0.34673628
767204,0.91327786
767205,0.009954693
767206,0.9890289
767207,0.54979956
767208,0.53517336
767209,0.08837214
767210,0.9916363
767211,0.9234673
767212,0.99888074
767213,0.022242382
767214,0.005478124
767215,0.003997392
767216,0.057690363
767217,0.013361
767218,0.009193074
767219,0.19338584
767220,0.0027961363
767221,0.98326504
767222,0.9910216
767223,0.908748
767224,0.009851234
767225,0.9943327
767226,0.028108284
767227,0.3523892
767228,0.009543056
767229,0.1108094
767230,0.81943953
767231,0.99031806
767232,0.28691024
767233,0.011971999
767234,0.9701046
767235,0.28247705
767236,0.00819027
767237,0.9987378
767238,0.6943275
767239,0.995103
767240,0.80103964
767241,0.0030859974
767242,0.01461279
767243,0.46787086
767244,0.017363206
767245,0.30919278
767246,0.009258224
767247,0.9976534
767248,0.86429465
767249,0.9110817
767250,0.07393117
767251,0.8149835
767252,0.9059526
767253,0.077366695
767254,0.16269445
767255,0.9924216
767256,0.1193283
767257,0.04586509
767258,0.25769037
767259,0.015611613
767260,0.0046167676
767261,0.9886102
767262,0.40760273
767263,0.0084866285
767264,0.0050073434
767265,0.00058624527
767266,0.009811787
767267,0.21157794
767268,0.99433357
767269,0.99020445
767270,0.06352807
767271,0.31068337
767272,0.18092078
767273,0.04551689
767274,0.9841052
767275,0.7988373
767276,0.667592
767277,0.94482875
767278,0.004278781
767279,0.94433415
767280,0.9936231
767281,0.0638495
767282,0.9866756
767283,0.010303816
767284,0.9663192
767285,0.041022222
767286,0.819414
767287,0.49944872
767288,0.11306589
767289,0.6764786
767290,0.40247878
767291,0.02317033
767292,0.02879386
767293,0.17159146
767294,0.052192517
767295,0.031041019
767296,0.9765698
767297,0.7155642
767298,0.12597872
767299,0.8162761
767300,0.7228843
767301,0.08910467
767302,0.03564
767303,0.062491685
767304,0.31227425
767305,0.9993566
767306,0.7659549
767307,0.12568164
767308,0.047692135
767309,0.9815033
767310,0.04651153
767311,0.98095596
767312,0.9647638
767313,0.9973916
767314,0.006723853
767315,0.9736197
767316,0.9981337
767317,0.0971438
767318,0.99652314
767319,0.011913038
767320,0.34580606
767321,0.06912153
767322,0.015939433
767323,0.8705716
767324,0.025303066
767325,0.83189
767326,0.9708871
767327,0.9825246
767328,0.04191182
767329,0.6280867
767330,0.092492506
767331,0.025127199
767332,0.10755314
767333,0.045914095
767334,0.9940077
767335,0.009302347
767336,0.74901223
767337,0.18407384
767338,0.019266004
767339,0.20238763
767340,0.028172942
767341,0.9335447
767342,0.9563687
767343,0.20479004
767344,0.022210313
767345,0.4444371
767346,0.08948191
767347,0.8083949
767348,0.19111948
767349,0.17865075
767350,0.13161853
767351,0.9915901
767352,0.05717412
767353,0.8328325
767354,0.015259203
767355,0.6535829
767356,0.005314921
767357,0.4069117
767358,0.39288738
767359,0.9868027
767360,0.997759
767361,0.9982333
767362,0.00993755
767363,0.027728489
767364,0.9795314
767365,0.35910666
767366,0.0030650664
767367,0.03344216
767368,0.9870969
767369,0.14159915
767370,0.7758146
767371,0.6470516
767372,0.008145591
767373,0.8085784
767374,0.880374
767375,0.950004
767376,0.10558969
767377,0.98540866
767378,0.007905915
767379,0.9319384
767380,0.0048684054
767381,0.0063510593
767382,0.8373406
767383,0.9927775
767384,0.102131985
767385,0.9802194
767386,0.8379987
767387,0.13120614
767388,0.006270839
767389,0.032084703
767390,0.9937943
767391,0.99601984
767392,0.73152167
767393,0.2692612
767394,0.0134458775
767395,0.009530377
767396,0.17820755
767397,0.043505084
767398,0.8731646
767399,0.991287
767400,0.24966839
767401,0.024787124
767402,0.9881764
767403,0.88102615
767404,0.116785236
767405,0.981022
767406,0.04093025
767407,0.07088336
767408,0.6376045
767409,0.9584878
767410,0.9897153
767411,0.017536404
767412,0.40169227
767413,0.039685387
767414,0.059103385
767415,0.9991167
767416,0.99041003
767417,0.3784992
767418,0.29594693
767419,0.36701593
767420,0.061716057
767421,0.9907207
767422,0.9866656
767423,0.040261194
767424,0.017023435
767425,0.04381846
767426,0.8754734
767427,0.8716024
767428,0.02266047
767429,0.95237
767430,0.63275
767431,0.9139621
767432,0.99975246
767433,0.041885167
767434,0.9983939
767435,0.98254555
767436,0.023890693
767437,0.9518181
767438,0.020743022
767439,0.96853304
767440,0.021679854
767441,0.9101339
767442,0.86350185
767443,0.01907646
767444,0.94566447
767445,0.20724642
767446,0.9893323
767447,0.011668152
767448,0.70437527
767449,0.8937313
767450,0.530584
767451,0.98176444
767452,0.32017335
767453,0.24679792
767454,0.41861877
767455,0.91238
767456,0.37408894
767457,0.91029936
767458,0.008219763
767459,0.1307003
767460,0.81872547
767461,0.8831179
767462,0.07817552
767463,0.9737015
767464,0.03424054
767465,0.13107938
767466,0.99931055
767467,0.43834
767468,0.50113493
767469,0.9906206
767470,0.0077700997
767471,0.025284989
767472,0.046062876
767473,0.054302093
767474,0.93126416
767475,0.02396597
767476,0.07736668
767477,0.032146577
767478,0.3283912
767479,0.030160934
767480,0.08511081
767481,0.823422
767482,0.9547713
767483,0.8882112
767484,0.9465858
767485,0.030154655
767486,0.1588508
767487,0.45274088
767488,0.010528567
767489,0.06713303
767490,0.124468595
767491,0.99746275
767492,0.025123062
767493,0.9936614
767494,0.9950048
767495,0.013222718
767496,0.2637686
767497,0.027379066
767498,0.027539048
767499,0.003442966
767500,0.23778856
767501,0.90548927
767502,0.59217185
767503,0.030701745
767504,0.009877875
767505,0.86539966
767506,0.9735626
767507,0.10650758
767508,0.28183255
767509,0.25349027
767510,0.777542
767511,0.99922985
767512,0.96595633
767513,0.13758883
767514,0.011138964
767515,0.023837183
767516,0.073874675
767517,0.10185611
767518,0.12098844
767519,0.9973945
767520,0.048252273
767521,0.7050367
767522,0.99808764
767523,0.98565495
767524,0.5034091
767525,0.31501964
767526,0.99718356
767527,0.030479291
767528,0.037853003
767529,0.015341241
767530,0.031982575
767531,0.9983815
767532,0.84263957
767533,0.00925326
767534,0.81653845
767535,0.98741746
767536,0.2043661
767537,0.40536466
767538,0.54486394
767539,0.0028275019
767540,0.15692401
767541,0.9051148
767542,0.16930684
767543,0.96661836
767544,0.21239579
767545,0.91014296
767546,0.91752785
767547,0.11438348
767548,0.998651
767549,0.12925321
767550,0.9388294
767551,0.6346169
767552,0.024739198
767553,0.2705852
767554,0.38747704
767555,0.021343593
767556,0.04506643
767557,0.016051013
767558,0.9721019
767559,0.95383227
767560,0.99283385
767561,0.7472524
767562,0.02595816
767563,0.8419227
767564,0.8929899
767565,0.004860784
767566,0.76921093
767567,0.0066799074
767568,0.041399263
767569,0.6197595
767570,0.8555444
767571,0.013978772
767572,0.9843742
767573,0.98922426
767574,0.99955374
767575,0.30911696
767576,0.65507054
767577,0.16456443
767578,0.9493958
767579,0.0062428555
767580,0.9475191
767581,0.9964125
767582,0.13346763
767583,0.33098286
767584,0.9848129
767585,0.72214204
767586,0.8452871
767587,0.6312814
767588,0.99831766
767589,0.4178775
767590,0.05682101
767591,0.068226196
767592,0.0040538735
767593,0.023564385
767594,0.9975666
767595,0.008243224
767596,0.93637204
767597,0.12201204
767598,0.007885548
767599,0.081121445
767600,0.019194568
767601,0.92945427
767602,0.045979124
767603,0.04496585
767604,0.17217709
767605,0.014751506
767606,0.9963108
767607,0.0020733997
767608,0.012272415
767609,0.013318799
767610,0.5221505
767611,0.46280223
767612,0.7841054
767613,0.94925636
767614,0.13278507
767615,0.05406876
767616,0.010179199
767617,0.109741405
767618,0.36755472
767619,0.010434922
767620,0.16626167
767621,0.12491429
767622,0.017970195
767623,0.09205371
767624,0.9559002
767625,0.72015977
767626,0.90893817
767627,0.754689
767628,0.8933766
767629,0.9859878
767630,0.019386023
767631,0.25524879
767632,0.05297804
767633,0.95223653
767634,0.005623131
767635,0.8691408
767636,0.0035346854
767637,0.97985035
767638,0.0037045826
767639,0.9890764
767640,0.16670977
767641,0.0023576396
767642,0.030138519
767643,0.071931645
767644,0.5265938
767645,0.07505389
767646,0.47749782
767647,0.9843263
767648,0.99355537
767649,0.051726863
767650,0.48576504
767651,0.14850435
767652,0.045125764
767653,0.99406224
767654,0.86266094
767655,0.017278243
767656,0.98535216
767657,0.976409
767658,0.0811689
767659,0.2931838
767660,0.6716622
767661,0.037980143
767662,0.031676784
767663,0.99728936
767664,0.9949446
767665,0.9704954
767666,0.5909699
767667,0.039432645
767668,0.021577667
767669,0.04215231
767670,0.0072638006
767671,0.025127757
767672,0.98473686
767673,0.0069449767
767674,0.0058753807
767675,0.6120383
767676,0.9852501
767677,0.99867886
767678,0.8564452
767679,0.91177034
767680,0.20458794
767681,0.024309697
767682,0.86874795
767683,0.20791359
767684,0.5403005
767685,0.9930402
767686,0.043667145
767687,0.14523028
767688,0.04600562
767689,0.23700343
767690,0.013961987
767691,0.10032738
767692,0.98985714
767693,0.98684436
767694,0.9162628
767695,0.96322215
767696,0.4876241
767697,0.6093177
767698,0.9421759
767699,0.8893552
767700,0.71411145
767701,0.032629475
767702,0.058626838
767703,0.71646
767704,0.9973258
767705,0.9033576
767706,0.0073427493
767707,0.97192264
767708,0.12224189
767709,0.066639334
767710,0.0091125285
767711,0.03209702
767712,0.3348202
767713,0.037729654
767714,0.9931985
767715,0.66341805
767716,0.9908475
767717,0.79623336
767718,0.025657471
767719,0.9965566
767720,0.055883612
767721,0.02844391
767722,0.65631497
767723,0.0008702419
767724,0.035020396
767725,0.9957172
767726,0.00955692
767727,0.33414632
767728,0.07248715
767729,0.9872786
767730,0.9984369
767731,0.98652446
767732,0.9773363
767733,0.33954948
767734,0.0088970335
767735,0.9462732
767736,0.93114805
767737,0.54533815
767738,0.9890964
767739,0.02949191
767740,0.009453621
767741,0.32496572
767742,0.01552842
767743,0.043701254
767744,0.9581797
767745,0.0045040282
767746,0.70192397
767747,0.0045902366
767748,0.9843277
767749,0.022727676
767750,0.24483503
767751,0.03002537
767752,0.07044676
767753,0.017560005
767754,0.007995865
767755,0.03687295
767756,0.13361627
767757,0.09482439
767758,0.98854655
767759,0.06785474
767760,0.009112235
767761,0.46400538
767762,0.3279279
767763,0.9808576
767764,0.268422
767765,0.04055301
767766,0.98868895
767767,0.004936316
767768,0.14919473
767769,0.008283408
767770,0.06097025
767771,0.008463892
767772,0.9599857
767773,0.99971724
767774,0.011602736
767775,0.023286663
767776,0.82739675
767777,0.34935722
767778,0.7164439
767779,0.03217617
767780,0.991736
767781,0.9774786
767782,0.010297509
767783,0.48906338
767784,0.2909779
767785,0.84859574
767786,0.98642915
767787,0.9594929
767788,0.98978317
767789,0.12958829
767790,0.13032676
767791,0.7116878
767792,0.9812305
767793,0.8063965
767794,0.31350473
767795,0.028624529
767796,0.99721026
767797,0.93451023
767798,0.99377203
767799,0.07691343
767800,0.8662958
767801,0.08091976
767802,0.18381241
767803,0.10088117
767804,0.9713329
767805,0.62532645
767806,0.15473872
767807,0.7095398
767808,0.059822388
767809,0.015721414
767810,0.016220124
767811,0.954701
767812,0.9913283
767813,0.9490276
767814,0.074109785
767815,0.95176184
767816,0.0945144
767817,0.96385705
767818,0.091378115
767819,0.020025454
767820,0.9976139
767821,0.171011
767822,0.98714817
767823,0.0022439456
767824,0.987355
767825,0.32885104
767826,0.8735255
767827,0.897797
767828,0.94386506
767829,0.056632105
767830,0.033870548
767831,0.50870645
767832,0.06304309
767833,0.036648672
767834,0.99886096
767835,0.9717655
767836,0.0124356495
767837,0.4950265
767838,0.96372926
767839,0.38779408
767840,0.9859964
767841,0.003733329
767842,0.88509095
767843,0.9980736
767844,0.4345043
767845,0.6150441
767846,0.03282351
767847,0.5154508
767848,0.06163815
767849,0.21740802
767850,0.9957314
767851,0.14858133
767852,0.018348116
767853,0.9416651
767854,0.97726643
767855,0.01039999
767856,0.9843526
767857,0.85775936
767858,0.047132786
767859,0.9639224
767860,0.9929498
767861,0.024980038
767862,0.011387141
767863,0.94580257
767864,0.16931248
767865,0.011299493
767866,0.06881654
767867,0.06395817
767868,0.27042472
767869,0.994268
767870,0.009787062
767871,0.4208618
767872,0.99268913
767873,0.05102891
767874,0.9935946
767875,0.01715014
767876,0.7487619
767877,0.07442419
767878,0.010231357
767879,0.33226493
767880,0.03771688
767881,0.650188
767882,0.23254654
767883,0.5665633
767884,0.013881842
767885,0.03612687
767886,0.48852617
767887,0.380487
767888,0.075665124
767889,0.80789644
767890,0.8576481
767891,0.9780489
767892,0.06827757
767893,0.27507347
767894,0.036179326
767895,0.9808192
767896,0.0064547956
767897,0.052146953
767898,0.99495786
767899,0.020033792
767900,0.2907675
767901,0.007355801
767902,0.16797784
767903,0.630792
767904,0.99299294
767905,0.9987673
767906,0.017904617
767907,0.98847735
767908,0.017419986
767909,0.9725357
767910,0.045999832
767911,0.07534699
767912,0.008946607
767913,0.0187285
767914,0.9232129
767915,0.8360707
767916,0.07399349
767917,0.5946423
767918,0.9156372
767919,0.016915932
767920,0.027656434
767921,0.97554475
767922,0.94659925
767923,0.05964124
767924,0.048475504
767925,0.030556213
767926,0.75961715
767927,0.041986074
767928,0.026404265
767929,0.05561213
767930,0.12591402
767931,0.3713656
767932,0.9922514
767933,0.9831423
767934,0.0033499217
767935,0.1038291
767936,0.02387012
767937,0.94317436
767938,0.048844956
767939,0.9871419
767940,0.9820491
767941,0.07951742
767942,0.010498765
767943,0.50230217
767944,0.6169599
767945,0.034127146
767946,0.9070231
767947,0.76442575
767948,0.032439984
767949,0.020390162
767950,0.003731586
767951,0.008027699
767952,0.9834631
767953,0.9685297
767954,0.99833846
767955,0.99808943
767956,0.042695604
767957,0.08687968
767958,0.5107027
767959,0.004075765
767960,0.06598396
767961,0.092850864
767962,0.7542199
767963,0.2885254
767964,0.80343235
767965,0.01168236
767966,0.9704748
767967,0.005637736
767968,0.022164928
767969,0.028726231
767970,0.24867594
767971,0.02140842
767972,0.45619568
767973,0.036572974
767974,0.9888164
767975,0.74341726
767976,0.91302156
767977,0.9809399
767978,0.89611757
767979,0.87432563
767980,0.0592338
767981,0.5252658
767982,0.045945458
767983,0.9186138
767984,0.012313455
767985,0.99738693
767986,0.011161112
767987,0.15435624
767988,0.14209476
767989,0.046723805
767990,0.009059579
767991,0.9414091
767992,0.9960121
767993,0.9133249
767994,0.007063939
767995,0.019933783
767996,0.30494905
767997,0.18713288
767998,0.38004425
767999,0.97912806
768000,0.014588496
768001,0.7492118
768002,0.034510758
768003,0.4186151
768004,0.023462264
768005,0.007412343
768006,0.9855076
768007,0.6102451
768008,0.3427688
768009,0.9965905
768010,0.0033770415
768011,0.024955966
768012,0.005590992
768013,0.01793756
768014,0.6690554
768015,0.9688512
768016,0.97313225
768017,0.08362967
768018,0.0074224365
768019,0.020329393
768020,0.68982303
768021,0.006881565
768022,0.019998001
768023,0.006777196
768024,0.9491663
768025,0.0019117694
768026,0.9538359
768027,0.9879482
768028,0.6504696
768029,0.032050632
768030,0.7395452
768031,0.7601114
768032,0.9859513
768033,0.006775468
768034,0.17754866
768035,0.0434846
768036,0.82785475
768037,0.8776648
768038,0.11577048
768039,0.009997486
768040,0.004319542
768041,0.031033654
768042,0.006278242
768043,0.1547307
768044,0.8733215
768045,0.98060596
768046,0.6713516
768047,0.0057137804
768048,0.9952329
768049,0.3835556
768050,0.86493814
768051,0.2794724
768052,0.998194
768053,0.96377474
768054,0.07755649
768055,0.8407972
768056,0.08768072
768057,0.09270449
768058,0.98961663
768059,0.8730295
768060,0.09525962
768061,0.020178396
768062,0.29362655
768063,0.9425085
768064,0.0040908833
768065,0.01764449
768066,0.031283874
768067,0.99435365
768068,0.8091901
768069,0.42521554
768070,0.6334243
768071,0.04229258
768072,0.2470018
768073,0.4491695
768074,0.010874849
768075,0.9884494
768076,0.24295488
768077,0.9849965
768078,0.010022726
768079,0.99338984
768080,0.98398393
768081,0.9952813
768082,0.0027308255
768083,0.9826876
768084,0.82716006
768085,0.96760106
768086,0.51193756
768087,0.7698842
768088,0.009575798
768089,0.3022277
768090,0.9835005
768091,0.9095686
768092,0.34095109
768093,0.6771593
768094,0.9823822
768095,0.99281764
768096,0.9924167
768097,0.21483767
768098,0.07115958
768099,0.30129576
768100,0.18443553
768101,0.93027735
768102,0.15439114
768103,0.9311191
768104,0.020082394
768105,0.053454507
768106,0.30840963
768107,0.051182576
768108,0.26612866
768109,0.0044347015
768110,0.06581704
768111,0.011037995
768112,0.06757285
768113,0.9941007
768114,0.04285736
768115,0.9676759
768116,0.97948456
768117,0.035645746
768118,0.98579633
768119,0.98924345
768120,0.04644779
768121,0.23619318
768122,0.28971687
768123,0.01295872
768124,0.5489882
768125,0.1319931
768126,0.005316361
768127,0.27598384
768128,0.8890773
768129,0.93202245
768130,0.9891171
768131,0.06992716
768132,0.0031838566
768133,0.89316005
768134,0.013137928
768135,0.011119292
768136,0.0043446114
768137,0.23826326
768138,0.014104456
768139,0.94616926
768140,0.40967217
768141,0.052923292
768142,0.96657187
768143,0.97193676
768144,0.9335917
768145,0.9266753
768146,0.004314344
768147,0.15075988
768148,0.0105746
768149,0.42351496
768150,0.98808825
768151,0.92660534
768152,0.9432064
768153,0.033151597
768154,0.16984005
768155,0.95178354
768156,0.43710405
768157,0.98734224
768158,0.9997627
768159,0.84480834
768160,0.7702267
768161,0.14675169
768162,0.98242474
768163,0.015037203
768164,0.2366466
768165,0.08528468
768166,0.5919907
768167,0.6085942
768168,0.33787075
768169,0.93766946
768170,0.97844374
768171,0.119522974
768172,0.9785608
768173,0.24238522
768174,0.96173245
768175,0.06761443
768176,0.018990567
768177,0.7741655
768178,0.9500816
768179,0.9041736
768180,0.91295767
768181,0.99559844
768182,0.15235083
768183,0.025893357
768184,0.84629595
768185,0.9938374
768186,0.012150626
768187,0.090594366
768188,0.37780786
768189,0.9942623
768190,0.0067226277
768191,0.03879811
768192,0.883009
768193,0.010510047
768194,0.02461016
768195,0.004247154
768196,0.016381543
768197,0.09326709
768198,0.014301357
768199,0.12296935
768200,0.6049858
768201,0.9634896
768202,0.65962213
768203,0.007696763
768204,0.8960759
768205,0.032974582
768206,0.03622333
768207,0.87611943
768208,0.040590703
768209,0.028261233
768210,0.013355826
768211,0.12177918
768212,0.98364353
768213,0.48593545
768214,0.9588915
768215,0.82582116
768216,0.9123054
768217,0.58673584
768218,0.67457926
768219,0.9089972
768220,0.9897581
768221,0.51420134
768222,0.8232979
768223,0.102762505
768224,0.017057575
768225,0.8308964
768226,0.02301339
768227,0.9975251
768228,0.021617502
768229,0.011436979
768230,0.2927167
768231,0.33506435
768232,0.14315438
768233,0.8730279
768234,0.998003
768235,0.9844169
768236,0.02134142
768237,0.72243035
768238,0.008952267
768239,0.006392476
768240,0.007441987
768241,0.1493927
768242,0.97987366
768243,0.3209101
768244,0.9680134
768245,0.80236286
768246,0.0018521851
768247,0.028021703
768248,0.13356234
768249,0.5878514
768250,0.45487666
768251,0.86691666
768252,0.5046271
768253,0.9824506
768254,0.799567
768255,0.5254643
768256,0.5917245
768257,0.7238205
768258,0.98973584
768259,0.020901382
768260,0.0103688855
768261,0.99806637
768262,0.8865038
768263,0.09899029
768264,0.96862525
768265,0.000540193
768266,0.18505679
768267,0.99413717
768268,0.02938346
768269,0.58011997
768270,0.9843614
768271,0.49277705
768272,0.025322605
768273,0.3679071
768274,0.16607004
768275,0.2611578
768276,0.9144763
768277,0.03807736
768278,0.01875441
768279,0.16758147
768280,0.0118773095
768281,0.031433042
768282,0.012885673
768283,0.2731681
768284,0.02163503
768285,0.35264024
768286,0.7582299
768287,0.33177668
768288,0.021769673
768289,0.0030705964
768290,0.011997798
768291,0.40914595
768292,0.007384789
768293,0.020797508
768294,0.93039435
768295,0.7044746
768296,0.9668131
768297,0.37642413
768298,0.0036838788
768299,0.013129361
768300,0.038083974
768301,0.89693475
768302,0.70138645
768303,0.047317147
768304,0.85066813
768305,0.11427519
768306,0.9997286
768307,0.99051714
768308,0.97141814
768309,0.509552
768310,0.08248381
768311,0.9169522
768312,0.007383854
768313,0.012563082
768314,0.0043131392
768315,0.01122305
768316,0.12060587
768317,0.053777076
768318,0.048415948
768319,0.13780569
768320,0.008532103
768321,0.967735
768322,0.54295397
768323,0.47696897
768324,0.10488474
768325,0.4986807
768326,0.010348907
768327,0.008842839
768328,0.912272
768329,0.028455393
768330,0.6378943
768331,0.08768825
768332,0.9887339
768333,0.012800828
768334,0.4264102
768335,0.0018999233
768336,0.15256083
768337,0.062077716
768338,0.9164797
768339,0.7812267
768340,0.007106076
768341,0.9550737
768342,0.97930604
768343,0.5848741
768344,0.67582333
768345,0.9995242
768346,0.9993863
768347,0.0063892924
768348,0.3685602
768349,0.0037872356
768350,0.004195889
768351,0.531639
768352,0.034554407
768353,0.85098326
768354,0.8655665
768355,0.58641726
768356,0.99102414
768357,0.5023822
768358,0.030620562
768359,0.7883618
768360,0.07897614
768361,0.613709
768362,0.0043162154
768363,0.6243101
768364,0.99745876
768365,0.22337084
768366,0.9546993
768367,0.008396334
768368,0.0047443407
768369,0.08835854
768370,0.014387837
768371,0.01780279
768372,0.1310169
768373,0.842381
768374,0.035881124
768375,0.25102305
768376,0.99663097
768377,0.8196086
768378,0.8438909
768379,0.012280812
768380,0.35626146
768381,0.0068973275
768382,0.8585789
768383,0.8282008
768384,0.21981066
768385,0.8264576
768386,0.17154932
768387,0.010531489
768388,0.9479927
768389,0.9990417
768390,0.9896122
768391,0.010144866
768392,0.9572401
768393,0.6179776
768394,0.9284543
768395,0.91019654
768396,0.942986
768397,0.07601613
768398,0.99631774
768399,0.0855295
768400,0.8856004
768401,0.88959575
768402,0.7311039
768403,0.9574068
768404,0.18776123
768405,0.9922521
768406,0.17068812
768407,0.83732843
768408,0.9180691
768409,0.96240324
768410,0.151777
768411,0.9718971
768412,0.9689394
768413,0.12994269
768414,0.10578572
768415,0.9578747
768416,0.003279124
768417,0.96208787
768418,0.9347232
768419,0.9973099
768420,0.08403826
768421,0.007523055
768422,0.03704562
768423,0.20045067
768424,0.92732286
768425,0.99633604
768426,0.43316856
768427,0.14136098
768428,0.6704602
768429,0.20593062
768430,0.43922764
768431,0.9702781
768432,0.99955904
768433,0.94679654
768434,0.04167864
768435,0.7738943
768436,0.10966959
768437,0.015537623
768438,0.0030197524
768439,0.11068088
768440,0.34926224
768441,0.8601555
768442,0.1983867
768443,0.081499234
768444,0.9932351
768445,0.019294668
768446,0.0104483515
768447,0.9166538
768448,0.9616469
768449,0.99913144
768450,0.91535836
768451,0.99503374
768452,0.991762
768453,0.8379062
768454,0.03994084
768455,0.015498377
768456,0.9867791
768457,0.986825
768458,0.04644788
768459,0.9867389
768460,0.9204783
768461,0.98995316
768462,0.99606544
768463,0.9640166
768464,0.65697145
768465,0.86131215
768466,0.016660757
768467,0.9415041
768468,0.9761168
768469,0.033657055
768470,0.04432284
768471,0.0057670767
768472,0.9878623
768473,0.7593163
768474,0.052301694
768475,0.08801289
768476,0.014798059
768477,0.95118713
768478,0.914757
768479,0.18158588
768480,0.089378364
768481,0.5968811
768482,0.027217288
768483,0.07572122
768484,0.8246107
768485,0.995001
768486,0.99867934
768487,0.46652392
768488,0.991027
768489,0.62149644
768490,0.9452681
768491,0.9945714
768492,0.8666761
768493,0.004484714
768494,0.26406473
768495,0.049420476
768496,0.92963004
768497,0.96739936
768498,0.8808108
768499,0.01385558
768500,0.062186405
768501,0.9575316
768502,0.9809765
768503,0.9908607
768504,0.98249924
768505,0.33643192
768506,0.15992159
768507,0.012154894
768508,0.3504631
768509,0.6512576
768510,0.96337825
768511,0.011371911
768512,0.6988193
768513,0.21442345
768514,0.2400142
768515,0.042919293
768516,0.9667283
768517,0.05827637
768518,0.9782765
768519,0.019963305
768520,0.025563724
768521,0.28583744
768522,0.007497078
768523,0.6028569
768524,0.0088768955
768525,0.98470736
768526,0.98856616
768527,0.014553518
768528,0.9994874
768529,0.0044941646
768530,0.54537654
768531,0.8301284
768532,0.9489136
768533,0.9426404
768534,0.013616633
768535,0.0033316812
768536,0.97829723
768537,0.9678874
768538,0.16627024
768539,0.13595015
768540,0.994079
768541,0.008595398
768542,0.19357151
768543,0.98080397
768544,0.99631774
768545,0.9711243
768546,0.98592496
768547,0.05342272
768548,0.6707138
768549,0.07794317
768550,0.3693174
768551,0.65030134
768552,0.6072861
768553,0.15085755
768554,0.67714876
768555,0.97825086
768556,0.040112145
768557,0.01390755
768558,0.3854288
768559,0.8658584
768560,0.9973223
768561,0.5050603
768562,0.03750681
768563,0.99181604
768564,0.9738447
768565,0.9843463
768566,0.61390984
768567,0.994901
768568,0.9067028
768569,0.009246962
768570,0.38925827
768571,0.027801357
768572,0.009934153
768573,0.9980525
768574,0.98886544
768575,0.0058655073
768576,0.946072
768577,0.99384475
768578,0.23352973
768579,0.98610264
768580,0.8803839
768581,0.9282404
768582,0.9007319
768583,0.98628914
768584,0.09093042
768585,0.16574779
768586,0.49883878
768587,0.9693296
768588,0.051162533
768589,0.99751514
768590,0.99264836
768591,0.040021725
768592,0.93765897
768593,0.026900254
768594,0.0046793465
768595,0.018044176
768596,0.38820535
768597,0.011432182
768598,0.9735019
768599,0.96870863
768600,0.178369
768601,0.0073833736
768602,0.9834455
768603,0.72764844
768604,0.98983
768605,0.13767825
768606,0.8692547
768607,0.66030645
768608,0.18620116
768609,0.0040562022
768610,0.21823238
768611,0.027055591
768612,0.9539761
768613,0.8565978
768614,0.9404578
768615,0.9734731
768616,0.8935901
768617,0.9688218
768618,0.011820856
768619,0.0056918836
768620,0.0353278
768621,0.68875104
768622,0.94580615
768623,0.65784043
768624,0.7325319
768625,0.9973253
768626,0.17676476
768627,0.93718135
768628,0.9146077
768629,0.57384914
768630,0.032173675
768631,0.64273465
768632,0.99764687
768633,0.011432307
768634,0.06994112
768635,0.008659719
768636,0.0062190467
768637,0.15277928
768638,0.95654607
768639,0.007499571
768640,0.09977703
768641,0.7610864
768642,0.999144
768643,0.15414196
768644,0.5319878
768645,0.018753022
768646,0.8441284
768647,0.50596035
768648,0.3967966
768649,0.9979945
768650,0.11822905
768651,0.007255577
768652,0.015712408
768653,0.9103393
768654,0.99249417
768655,0.9965117
768656,0.8813752
768657,0.99449486
768658,0.033379197
768659,0.005966806
768660,0.14054951
768661,0.55991954
768662,0.83911896
768663,0.9966472
768664,0.96517795
768665,0.06449273
768666,0.93886054
768667,0.9872675
768668,0.13728717
768669,0.017779501
768670,0.0037479072
768671,0.2548091
768672,0.17442639
768673,0.0290116
768674,0.9290805
768675,0.0036717695
768676,0.7400445
768677,0.7911443
768678,0.71769345
768679,0.9865552
768680,0.8595921
768681,0.6278385
768682,0.93961954
768683,0.83476716
768684,0.9956949
768685,0.07410352
768686,0.11922438
768687,0.010579069
768688,0.5339069
768689,0.004816831
768690,0.015199562
768691,0.4388139
768692,0.007905651
768693,0.061799645
768694,0.08523787
768695,0.9939704
768696,0.311593
768697,0.006079683
768698,0.04612206
768699,0.103272855
768700,0.92724
768701,0.8784919
768702,0.96168983
768703,0.019061439
768704,0.9927725
768705,0.027410917
768706,0.892895
768707,0.9991215
768708,0.582882
768709,0.030569313
768710,0.2824921
768711,0.03949973
768712,0.09392564
768713,0.99425817
768714,0.8888285
768715,0.9896473
768716,0.9625486
768717,0.89514863
768718,0.9714991
768719,0.043694843
768720,0.016471062
768721,0.99444103
768722,0.019114355
768723,0.014107429
768724,0.5522741
768725,0.06860295
768726,0.12901455
768727,0.7909389
768728,0.74519634
768729,0.5134498
768730,0.89565754
768731,0.072817504
768732,0.033466376
768733,0.10073615
768734,0.66100407
768735,0.9480081
768736,0.99291563
768737,0.39316574
768738,0.25806066
768739,0.9354749
768740,0.9173976
768741,0.85447866
768742,0.9861197
768743,0.95199955
768744,0.03769833
768745,0.10513219
768746,0.9815731
768747,0.16361636
768748,0.020962058
768749,0.032296825
768750,0.88388485
768751,0.7075958
768752,0.009073954
768753,0.9864064
768754,0.9931658
768755,0.006249565
768756,0.008330033
768757,0.95169365
768758,0.9937703
768759,0.97824186
768760,0.0093126
768761,0.019566115
768762,0.7825545
768763,0.96508706
768764,0.025290396
768765,0.038294826
768766,0.016814973
768767,0.0862635
768768,0.57120407
768769,0.0237474
768770,0.91715074
768771,0.051398076
768772,0.004591031
768773,0.015939709
768774,0.8996186
768775,0.02186604
768776,0.99433833
768777,0.9869337
768778,0.17399538
768779,0.009899804
768780,0.96706045
768781,0.98774207
768782,0.0075636357
768783,0.97368395
768784,0.8300475
768785,0.9522027
768786,0.006914787
768787,0.99950624
768788,0.06495495
768789,0.781811
768790,0.99518764
768791,0.9635046
768792,0.9915924
768793,0.035886303
768794,0.00976902
768795,0.03021178
768796,0.007174032
768797,0.9478854
768798,0.9535945
768799,0.022810953
768800,0.026717229
768801,0.912765
768802,0.029661005
768803,0.007879127
768804,0.00067658705
768805,0.0058410596
768806,0.99278724
768807,0.003799532
768808,0.114487946
768809,0.9656634
768810,0.9868692
768811,0.4012743
768812,0.58135605
768813,0.92180645
768814,0.9810831
768815,0.8244529
768816,0.006621697
768817,0.99669087
768818,0.1542559
768819,0.008721581
768820,0.116354495
768821,0.00838395
768822,0.3315202
768823,0.95636684
768824,0.04403184
768825,0.19246009
768826,0.5947611
768827,0.012934718
768828,0.15381977
768829,0.09700441
768830,0.0021490606
768831,0.6228137
768832,0.011031046
768833,0.9960681
768834,0.9844786
768835,0.44449243
768836,0.94813836
768837,0.4326143
768838,0.070688136
768839,0.79247177
768840,0.7450355
768841,0.11122735
768842,0.18976873
768843,0.15496847
768844,0.62974584
768845,0.38392484
768846,0.9908224
768847,0.9948895
768848,0.014009771
768849,0.064704575
768850,0.2828623
768851,0.06237948
768852,0.13517156
768853,0.0014662094
768854,0.9261217
768855,0.011792975
768856,0.77017105
768857,0.1280904
768858,0.9818272
768859,0.033964846
768860,0.9994165
768861,0.21529636
768862,0.8665557
768863,0.9880547
768864,0.007984189
768865,0.07082572
768866,0.007759597
768867,0.25022072
768868,0.98390657
768869,0.9970332
768870,0.0983863
768871,0.015102828
768872,0.1689826
768873,0.1963867
768874,0.008383149
768875,0.9626223
768876,0.02111304
768877,0.99580604
768878,0.16299227
768879,0.035165563
768880,0.014342978
768881,0.16539945
768882,0.98220956
768883,0.0180968
768884,0.95920783
768885,0.008059277
768886,0.8005934
768887,0.017883286
768888,0.98346347
768889,0.93977547
768890,0.028667184
768891,0.07747938
768892,0.9894537
768893,0.9743327
768894,0.92654264
768895,0.028861905
768896,0.43610728
768897,0.059365023
768898,0.80005574
768899,0.27903676
768900,0.1269202
768901,0.13417384
768902,0.86115074
768903,0.22296572
768904,0.9992523
768905,0.99602836
768906,0.12617275
768907,0.1227195
768908,0.32795185
768909,0.67350614
768910,0.000831899
768911,0.5831922
768912,0.89112085
768913,0.2522794
768914,0.82123464
768915,0.97030437
768916,0.76482886
768917,0.02040283
768918,0.0062578674
768919,0.7168872
768920,0.009830667
768921,0.9704295
768922,0.5288491
768923,0.6122785
768924,0.56838787
768925,0.0028423024
768926,0.31987247
768927,0.0044093803
768928,0.11045841
768929,0.057771765
768930,0.41358495
768931,0.039641015
768932,0.24673373
768933,0.055884175
768934,0.99712974
768935,0.99316144
768936,0.34941658
768937,0.021391135
768938,0.6691586
768939,0.9888037
768940,0.98843855
768941,0.26753387
768942,0.0030653975
768943,0.77593017
768944,0.11674185
768945,0.008547631
768946,0.27231267
768947,0.82772005
768948,0.005155484
768949,0.9413712
768950,0.08957188
768951,0.97484463
768952,0.066705324
768953,0.0077809645
768954,0.050537508
768955,0.295482
768956,0.015174216
768957,0.11970017
768958,0.9874904
768959,0.9981348
768960,0.95902264
768961,0.12671775
768962,0.004120263
768963,0.00963396
768964,0.49365073
768965,0.95024735
768966,0.04168846
768967,0.42848682
768968,0.05505827
768969,0.02851257
768970,0.94255495
768971,0.9850391
768972,0.3749748
768973,0.6020191
768974,0.15837692
768975,0.9588659
768976,0.8232507
768977,0.020819152
768978,0.25986072
768979,0.24144965
768980,0.033262074
768981,0.0017155969
768982,0.018200887
768983,0.9408104
768984,0.92964417
768985,0.7880127
768986,0.68795866
768987,0.9860315
768988,0.02336008
768989,0.07319397
768990,0.23318315
768991,0.7042115
768992,0.040294535
768993,0.9924322
768994,0.94801366
768995,0.054111466
768996,0.9700483
768997,0.9148204
768998,0.9982276
768999,0.0036184986
769000,0.014294597
769001,0.02619299
769002,0.0045553534
769003,0.33787492
769004,0.99572885
769005,0.061626628
769006,0.9953704
769007,0.9960484
769008,0.99120396
769009,0.4763092
769010,0.76585543
769011,0.96023095
769012,0.059264287
769013,0.053718824
769014,0.11657596
769015,0.97580343
769016,0.024149068
769017,0.9529759
769018,0.009993644
769019,0.38231653
769020,0.40356022
769021,0.9015497
769022,0.10858248
769023,0.925234
769024,0.033135705
769025,0.041970894
769026,0.92266357
769027,0.9884967
769028,0.063287735
769029,0.8827318
769030,0.88951576
769031,0.041499488
769032,0.55031985
769033,0.051280804
769034,0.5541585
769035,0.40658253
769036,0.21344253
769037,0.99709255
769038,0.9878462
769039,0.01606428
769040,0.09226258
769041,0.006189815
769042,0.0040844237
769043,0.91909605
769044,0.96357495
769045,0.05271908
769046,0.9248847
769047,0.7606549
769048,0.9860245
769049,0.9332958
769050,0.023696888
769051,0.69409376
769052,0.674447
769053,0.058947276
769054,0.0052140136
769055,0.779285
769056,0.06336507
769057,0.33474076
769058,0.12702358
769059,0.018877134
769060,0.06319516
769061,0.9749946
769062,0.06756756
769063,0.817132
769064,0.98758435
769065,0.9959378
769066,0.035426088
769067,0.052037347
769068,0.05497922
769069,0.018955922
769070,0.16889097
769071,0.9906161
769072,0.08147758
769073,0.009245755
769074,0.94818366
769075,0.9837178
769076,0.9536976
769077,0.7523848
769078,0.1622504
769079,0.9079367
769080,0.062505886
769081,0.08728504
769082,0.7880916
769083,0.08729478
769084,0.022675853
769085,0.038440283
769086,0.071204804
769087,0.82013685
769088,0.9991057
769089,0.071308315
769090,0.010532824
769091,0.9909694
769092,0.0005064404
769093,0.30077466
769094,0.0045736413
769095,0.97580606
769096,0.91017985
769097,0.07950967
769098,0.5796119
769099,0.99082226
769100,0.74766237
769101,0.05791676
769102,0.5311815
769103,0.6974273
769104,0.10560577
769105,0.017715465
769106,0.8582621
769107,0.9934466
769108,0.8400787
769109,0.005975926
769110,0.0046390705
769111,0.9646858
769112,0.013613877
769113,0.008796139
769114,0.24323064
769115,0.93736976
769116,0.0098577775
769117,0.02172615
769118,0.9958826
769119,0.1246381
769120,0.94946486
769121,0.008307227
769122,0.025816334
769123,0.0022467768
769124,0.9692712
769125,0.036390975
769126,0.005770099
769127,0.9950038
769128,0.9894685
769129,0.09901029
769130,0.2564453
769131,0.8053833
769132,0.7506294
769133,0.3838854
769134,0.0121778175
769135,0.07570278
769136,0.94457954
769137,0.10096551
769138,0.090049
769139,0.10589339
769140,0.35922006
769141,0.016916389
769142,0.96738875
769143,0.99095976
769144,0.050217718
769145,0.06266395
769146,0.0032235403
769147,0.94083774
769148,0.038755722
769149,0.91071975
769150,0.76151776
769151,0.97475994
769152,0.1564013
769153,0.89847904
769154,0.063408665
769155,0.04898472
769156,0.9965082
769157,0.87106466
769158,0.023439977
769159,0.9965289
769160,0.9847493
769161,0.81723255
769162,0.15588577
769163,0.9902617
769164,0.5085078
769165,0.08143582
769166,0.5748735
769167,0.012806892
769168,0.06815888
769169,0.31783926
769170,0.054121118
769171,0.125124
769172,0.73794913
769173,0.02166292
769174,0.9712596
769175,0.97949207
769176,0.98357
769177,0.05794799
769178,0.8967952
769179,0.018411534
769180,0.074635655
769181,0.07560851
769182,0.031952962
769183,0.020390892
769184,0.92867404
769185,0.061068177
769186,0.019308675
769187,0.032999177
769188,0.06752302
769189,0.988383
769190,0.22443703
769191,0.9531402
769192,0.96748936
769193,0.8744166
769194,0.03698413
769195,0.02996645
769196,0.023113264
769197,0.046899356
769198,0.04081237
769199,0.049401224
769200,0.5943586
769201,0.0105281295
769202,0.33265778
769203,0.10416934
769204,0.42470396
769205,0.008039872
769206,0.65687174
769207,0.5788359
769208,0.002875401
769209,0.6859379
769210,0.8448653
769211,0.019526199
769212,0.0032926085
769213,0.17389104
769214,0.020737112
769215,0.47715294
769216,0.9751483
769217,0.865698
769218,0.9940266
769219,0.26336965
769220,0.56217086
769221,0.9059967
769222,0.51467025
769223,0.9922824
769224,0.9468783
769225,0.97545254
769226,0.9095396
769227,0.0061199674
769228,0.0028158212
769229,0.021001082
769230,0.7102217
769231,0.049864866
769232,0.7432573
769233,0.021771736
769234,0.07720099
769235,0.038118027
769236,0.018616974
769237,0.5086192
769238,0.9668768
769239,0.24221624
769240,0.1674194
769241,0.40204704
769242,0.7675219
769243,0.01856446
769244,0.012630591
769245,0.038299028
769246,0.8957882
769247,0.9818958
769248,0.6991559
769249,0.9008231
769250,0.41178316
769251,0.9903134
769252,0.94105273
769253,0.6486074
769254,0.2620582
769255,0.31467047
769256,0.039575987
769257,0.042445824
769258,0.018170258
769259,0.97084004
769260,0.053874344
769261,0.120150924
769262,0.006395404
769263,0.8091731
769264,0.71101946
769265,0.9982472
769266,0.16255862
769267,0.9683871
769268,0.9444516
769269,0.98887587
769270,0.003056324
769271,0.323094
769272,0.06281363
769273,0.99899
769274,0.96115184
769275,0.08776048
769276,0.96929026
769277,0.91111696
769278,0.9597787
769279,0.9850252
769280,0.06678252
769281,0.099617034
769282,0.006833955
769283,0.22071356
769284,0.8888078
769285,0.92243475
769286,0.00631562
769287,0.035687994
769288,0.023347184
769289,0.8452286
769290,0.122139364
769291,0.004394961
769292,0.0072292024
769293,0.034593552
769294,0.89914733
769295,0.07710609
769296,0.53567106
769297,0.011338423
769298,0.99833363
769299,0.7406965
769300,0.009793211
769301,0.02146693
769302,0.049240053
769303,0.97258806
769304,0.99855274
769305,0.024759762
769306,0.9905631
769307,0.0364839
769308,0.99306893
769309,0.9598133
769310,0.93454933
769311,0.9749329
769312,0.998782
769313,0.18600209
769314,0.10371443
769315,0.97345173
769316,0.011382924
769317,0.9235878
769318,0.99339616
769319,0.8524626
769320,0.071812645
769321,0.99001354
769322,0.8359366
769323,0.071151316
769324,0.08811326
769325,0.9640534
769326,0.0671256
769327,0.924027
769328,0.026799968
769329,0.9894824
769330,0.17877252
769331,0.026195908
769332,0.4482392
769333,0.35437205
769334,0.020851508
769335,0.9917081
769336,0.8203638
769337,0.12828551
769338,0.065991126
769339,0.060339775
769340,0.9536676
769341,0.849441
769342,0.06270931
769343,0.94676447
769344,0.9971508
769345,0.23946199
769346,0.34694174
769347,0.87333393
769348,0.14105701
769349,0.009302335
769350,0.9662942
769351,0.1587208
769352,0.026960524
769353,0.9666358
769354,0.9980624
769355,0.072902314
769356,0.44578618
769357,0.8347541
769358,0.19199653
769359,0.982761
769360,0.9891397
769361,0.014091225
769362,0.72994953
769363,0.9134926
769364,0.026612505
769365,0.0077446066
769366,0.041194387
769367,0.92744756
769368,0.0016493504
769369,0.47071505
769370,0.032185394
769371,0.7432875
769372,0.0054904874
769373,0.0052964874
769374,0.8942256
769375,0.08021785
769376,0.9989051
769377,0.04064544
769378,0.021354739
769379,0.4895575
769380,0.5087118
769381,0.1584796
769382,0.063714676
769383,0.8702169
769384,0.82133174
769385,0.90381885
769386,0.009572633
769387,0.028421737
769388,0.00972287
769389,0.88469076
769390,0.91472363
769391,0.77109826
769392,0.038128275
769393,0.034594778
769394,0.976068
769395,0.99525654
769396,0.098619856
769397,0.022978477
769398,0.8181845
769399,0.7169673
769400,0.055743974
769401,0.9669741
769402,0.9215635
769403,0.1638659
769404,0.93616056
769405,0.12301547
769406,0.9606308
769407,0.0039755097
769408,0.30566284
769409,0.059542958
769410,0.007293918
769411,0.009542268
769412,0.022447757
769413,0.44140962
769414,0.0044657006
769415,0.0039051021
769416,0.9979613
769417,0.96943885
769418,0.028101256
769419,0.006529529
769420,0.98560417
769421,0.4417945
769422,0.04873053
769423,0.9749845
769424,0.25446695
769425,0.40332994
769426,0.048940115
769427,0.018788813
769428,0.04089861
769429,0.52466214
769430,0.8487992
769431,0.9889908
769432,0.9324462
769433,0.42542225
769434,0.17763813
769435,0.9801308
769436,0.99886525
769437,0.027350765
769438,0.022289984
769439,0.99743134
769440,0.008568974
769441,0.00401009
769442,0.99660116
769443,0.21018815
769444,0.9139098
769445,0.99802524
769446,0.9645757
769447,0.16582547
769448,0.08139986
769449,0.035250336
769450,0.021035459
769451,0.622158
769452,0.96667093
769453,0.29745144
769454,0.955027
769455,0.9497682
769456,0.25165772
769457,0.84848243
769458,0.98776996
769459,0.6766086
769460,0.021790741
769461,0.7110549
769462,0.94134355
769463,0.5845111
769464,0.55542713
769465,0.013433631
769466,0.9697778
769467,0.09745452
769468,0.9780463
769469,0.025431229
769470,0.0645021
769471,0.06180513
769472,0.9427764
769473,0.074905716
769474,0.3351623
769475,0.014658971
769476,0.034928642
769477,0.028839491
769478,0.9828067
769479,0.120813034
769480,0.3072372
769481,0.0969501
769482,0.042432
769483,0.44412678
769484,0.45127618
769485,0.14609715
769486,0.9401423
769487,0.81302
769488,0.0026695747
769489,0.9254077
769490,0.3047669
769491,0.09275594
769492,0.0025646999
769493,0.0032524886
769494,0.046237726
769495,0.0174242
769496,0.17688704
769497,0.01585944
769498,0.95016086
769499,0.19400874
769500,0.8495048
769501,0.7956026
769502,0.008476593
769503,0.22029783
769504,0.028105065
769505,0.6265135
769506,0.75789946
769507,0.011703284
769508,0.01890679
769509,0.20074081
769510,0.88351107
769511,0.9152331
769512,0.89979637
769513,0.54289776
769514,0.081280984
769515,0.9562056
769516,0.8927779
769517,0.9951809
769518,0.6841507
769519,0.9377452
769520,0.97946715
769521,0.02098333
769522,0.97600484
769523,0.94088805
769524,0.51802284
769525,0.20997046
769526,0.8530964
769527,0.014681789
769528,0.0135001
769529,0.073805824
769530,0.99654007
769531,0.0062515433
769532,0.037127852
769533,0.8911053
769534,0.07780219
769535,0.5234826
769536,0.11614292
769537,0.11569868
769538,0.9964844
769539,0.015776157
769540,0.99433005
769541,0.019286076
769542,0.42261466
769543,0.70060295
769544,0.061504494
769545,0.67079216
769546,0.027097953
769547,0.010562487
769548,0.009300936
769549,0.07501319
769550,0.3251638
769551,0.026213406
769552,0.0387236
769553,0.009954494
769554,0.09576382
769555,0.029767416
769556,0.988864
769557,0.010878561
769558,0.12143681
769559,0.08006565
769560,0.12269701
769561,0.9142796
769562,0.0029877601
769563,0.17788194
769564,0.012932325
769565,0.0032177686
769566,0.06430676
769567,0.76380885
769568,0.9978715
769569,0.123911686
769570,0.029311065
769571,0.9833442
769572,0.8371977
769573,0.9566405
769574,0.027219433
769575,0.91751873
769576,0.9943697
769577,0.0023061496
769578,0.03163451
769579,0.9925368
769580,0.10200371
769581,0.9604262
769582,0.9992775
769583,0.9772104
769584,0.080291666
769585,0.18470043
769586,0.036834273
769587,0.09356357
769588,0.95030284
769589,0.979533
769590,0.05110365
769591,0.9810204
769592,0.10045493
769593,0.044018168
769594,0.98829806
769595,0.00831677
769596,0.111471005
769597,0.9519085
769598,0.028236005
769599,0.108997025
769600,0.080753885
769601,0.44532174
769602,0.008134631
769603,0.049833834
769604,0.9668901
769605,0.029818423
769606,0.14369282
769607,0.019767584
769608,0.0046333
769609,0.997704
769610,0.9646177
769611,0.99780345
769612,0.06542955
769613,0.94625854
769614,0.7688771
769615,0.22289516
769616,0.98049664
769617,0.99505496
769618,0.9759343
769619,0.7367679
769620,0.08748744
769621,0.9992397
769622,0.04823056
769623,0.5533048
769624,0.9856411
769625,0.99851114
769626,0.2221224
769627,0.43896398
769628,0.9837283
769629,0.992662
769630,0.10034306
769631,0.99901533
769632,0.9082972
769633,0.07979064
769634,0.19332224
769635,0.0030479021
769636,0.4333686
769637,0.22473413
769638,0.0046341326
769639,0.0049179047
769640,0.01394906
769641,0.036456756
769642,0.96379864
769643,0.01266706
769644,0.93532825
769645,0.9543634
769646,0.9958452
769647,0.16271499
769648,0.9926586
769649,0.16900316
769650,0.08235714
769651,0.9861423
769652,0.99031997
769653,0.97289807
769654,0.15073042
769655,0.082057714
769656,0.54241216
769657,0.034417287
769658,0.01267286
769659,0.027840925
769660,0.02711564
769661,0.032659225
769662,0.97904515
769663,0.9853723
769664,0.9827802
769665,0.9662494
769666,0.10564564
769667,0.88695455
769668,0.942315
769669,0.028501507
769670,0.9359472
769671,0.76810896
769672,0.11250027
769673,0.09501416
769674,0.117576435
769675,0.03616544
769676,0.55101216
769677,0.61054516
769678,0.95703596
769679,0.9323732
769680,0.0037565753
769681,0.010204943
769682,0.026764829
769683,0.9719948
769684,0.09237105
769685,0.66788983
769686,0.2888434
769687,0.1988192
769688,0.011453651
769689,0.0030899085
769690,0.034130644
769691,0.69216025
769692,0.971569
769693,0.025366433
769694,0.9623196
769695,0.10070485
769696,0.0066741984
769697,0.02265464
769698,0.87507063
769699,0.056907337
769700,0.07401838
769701,0.004049263
769702,0.011615686
769703,0.07508547
769704,0.17716068
769705,0.98394954
769706,0.852615
769707,0.23495325
769708,0.0046328623
769709,0.025237162
769710,0.88074565
769711,0.25040758
769712,0.05214698
769713,0.7823583
769714,0.016421746
769715,0.006507209
769716,0.33576325
769717,0.99415755
769718,0.22607945
769719,0.052090216
769720,0.011113302
769721,0.9833869
769722,0.8391421
769723,0.87738764
769724,0.019497816
769725,0.060227774
769726,0.03639357
769727,0.9888421
769728,0.2722057
769729,0.36436555
769730,0.98129255
769731,0.9584261
769732,0.9111246
769733,0.5300421
769734,0.8261259
769735,0.56908274
769736,0.78691065
769737,0.4024741
769738,0.9677373
769739,0.9562541
769740,0.392886
769741,0.47172514
769742,0.86255586
769743,0.022987127
769744,0.90825856
769745,0.9984646
769746,0.024899576
769747,0.9597694
769748,0.9244491
769749,0.9994685
769750,0.0039024563
769751,0.005871257
769752,0.9895014
769753,0.39444298
769754,0.6570406
769755,0.83437556
769756,0.99668217
769757,0.9441864
769758,0.29608372
769759,0.05399744
769760,0.044226214
769761,0.9819908
769762,0.7824643
769763,0.854772
769764,0.22820127
769765,0.21966411
769766,0.5886606
769767,0.0113289375
769768,0.708518
769769,0.32387117
769770,0.00190084
769771,0.030499425
769772,0.82027066
769773,0.02703962
769774,0.10699557
769775,0.9789094
769776,0.36723775
769777,0.7965502
769778,0.8791502
769779,0.027029322
769780,0.9829843
769781,0.14393993
769782,0.09902174
769783,0.32214433
769784,0.01688137
769785,0.010626211
769786,0.056045413
769787,0.040757775
769788,0.5989546
769789,0.0631113
769790,0.15150675
769791,0.011189379
769792,0.97555506
769793,0.2510743
769794,0.03741089
769795,0.016406111
769796,0.7817818
769797,0.009064428
769798,0.607522
769799,0.093995854
769800,0.93138
769801,0.99333525
769802,0.0096403025
769803,0.987415
769804,0.021635264
769805,0.45660114
769806,0.11010582
769807,0.44609076
769808,0.019208739
769809,0.035949443
769810,0.93866515
769811,0.041539457
769812,0.6361799
769813,0.023560379
769814,0.48891357
769815,0.13121603
769816,0.084288925
769817,0.99497235
769818,0.98895097
769819,0.26379335
769820,0.042866703
769821,0.0582623
769822,0.0021449034
769823,0.037830733
769824,0.08451088
769825,0.020019356
769826,0.01901591
769827,0.017930858
769828,0.99303746
769829,0.9824614
769830,0.21912403
769831,0.8872912
769832,0.0071104146
769833,0.0090159075
769834,0.9618141
769835,0.07912315
769836,0.24474171
769837,0.027672201
769838,0.9613849
769839,0.03300979
769840,0.035129447
769841,0.04388104
769842,0.42791858
769843,0.9717467
769844,0.9931028
769845,0.9774289
769846,0.08137372
769847,0.03384812
769848,0.353602
769849,0.8863435
769850,0.98266625
769851,0.87772155
769852,0.26535332
769853,0.99789083
769854,0.11510788
769855,0.09312636
769856,0.98927087
769857,0.8731296
769858,0.9461055
769859,0.69783384
769860,0.92292285
769861,0.04683645
769862,0.032215796
769863,0.9910638
769864,0.021389797
769865,0.89688176
769866,0.0862028
769867,0.059566125
769868,0.009959508
769869,0.86583066
769870,0.02849385
769871,0.05701933
769872,0.021839095
769873,0.021881796
769874,0.5287575
769875,0.990109
769876,0.07746229
769877,0.4857814
769878,0.0047061234
769879,0.8750885
769880,0.99194
769881,0.07721983
769882,0.0043587713
769883,0.58871126
769884,0.8647939
769885,0.004415558
769886,0.96691424
769887,0.04071457
769888,0.9275652
769889,0.13297595
769890,0.7233627
769891,0.23576355
769892,0.96070904
769893,0.002593588
769894,0.99900466
769895,0.9781416
769896,0.7450317
769897,0.9344313
769898,0.99109954
769899,0.9015429
769900,0.098278
769901,0.03498189
769902,0.14513497
769903,0.3179205
769904,0.02660097
769905,0.9833658
769906,0.02091463
769907,0.9800284
769908,0.9784957
769909,0.7654436
769910,0.053326085
769911,0.16326913
769912,0.020361822
769913,0.0061603263
769914,0.08072926
769915,0.1151624
769916,0.003894047
769917,0.19431415
769918,0.9186934
769919,0.23225188
769920,0.22378941
769921,0.17496994
769922,0.79521084
769923,0.0042638606
769924,0.91189617
769925,0.08796721
769926,0.98734033
769927,0.4236397
769928,0.4238867
769929,0.9946302
769930,0.21506646
769931,0.9688332
769932,0.88727397
769933,0.1722675
769934,0.04214858
769935,0.97164816
769936,0.16325551
769937,0.030388594
769938,0.0041582044
769939,0.95977974
769940,0.8714154
769941,0.07973305
769942,0.12328649
769943,0.991672
769944,0.13322616
769945,0.04177703
769946,0.99416685
769947,0.9794119
769948,0.063359454
769949,0.6910334
769950,0.39859274
769951,0.9405064
769952,0.98630553
769953,0.99673766
769954,0.98384464
769955,0.03875614
769956,0.13934018
769957,0.5194711
769958,0.9872059
769959,0.9250709
769960,0.96430665
769961,0.9619391
769962,0.9831624
769963,0.06765884
769964,0.022473134
769965,0.04181057
769966,0.0047623077
769967,0.010752233
769968,0.117685825
769969,0.97039104
769970,0.0048903506
769971,0.9932738
769972,0.1455394
769973,0.28134012
769974,0.06654349
769975,0.9939536
769976,0.021453578
769977,0.9985486
769978,0.90390646
769979,0.0052871387
769980,0.07173951
769981,0.72289014
769982,0.99470085
769983,0.99303997
769984,0.9939238
769985,0.9045703
769986,0.77240473
769987,0.015674664
769988,0.8336543
769989,0.057143662
769990,0.042040385
769991,0.87751806
769992,0.25997296
769993,0.035486944
769994,0.024610754
769995,0.40169203
769996,0.0036700577
769997,0.24295782
769998,0.27711207
769999,0.0064029223
770000,0.032849055
770001,0.0138874985
770002,0.09801758
770003,0.033662103
770004,0.9587652
770005,0.6209804
770006,0.5373945
770007,0.6637336
770008,0.94257295
770009,0.26107326
770010,0.97028947
770011,0.7894335
770012,0.0132947285
770013,0.26173544
770014,0.98807144
770015,0.16090631
770016,0.9977438
770017,0.17096135
770018,0.9156492
770019,0.048056364
770020,0.24174795
770021,0.047643743
770022,0.016502606
770023,0.69526047
770024,0.63644594
770025,0.0023478195
770026,0.0702603
770027,0.011086306
770028,0.040134683
770029,0.9942047
770030,0.029769894
770031,0.92551625
770032,0.07821445
770033,0.025404118
770034,0.017490722
770035,0.008478368
770036,0.019525021
770037,0.98088706
770038,0.03608923
770039,0.048364803
770040,0.32486185
770041,0.009895661
770042,0.96457106
770043,0.3551355
770044,0.068871334
770045,0.7917231
770046,0.77268827
770047,0.9627875
770048,0.003631068
770049,0.9911264
770050,0.0042694025
770051,0.40994248
770052,0.9154339
770053,0.01783814
770054,0.71796906
770055,0.756346
770056,0.05486612
770057,0.1974111
770058,0.020159137
770059,0.99986035
770060,0.31687838
770061,0.07699311
770062,0.19077285
770063,0.8554269
770064,0.0074537965
770065,0.9353223
770066,0.8615343
770067,0.010355959
770068,0.9886249
770069,0.07172243
770070,0.04058836
770071,0.13223076
770072,0.9870449
770073,0.999842
770074,0.4175405
770075,0.95656073
770076,0.03984745
770077,0.026526924
770078,0.61985797
770079,0.016757563
770080,0.997911
770081,0.99787277
770082,0.56990176
770083,0.09368046
770084,0.4629724
770085,0.20209841
770086,0.9361087
770087,0.97572386
770088,0.011618407
770089,0.2963901
770090,0.07641553
770091,0.90718013
770092,0.9962243
770093,0.054253012
770094,0.44799122
770095,0.9984189
770096,0.019385682
770097,0.09842068
770098,0.0022059097
770099,0.00889687
770100,0.03341499
770101,0.020061953
770102,0.057452016
770103,0.8757541
770104,0.12836549
770105,0.25351387
770106,0.008574005
770107,0.16256896
770108,0.018269042
770109,0.09135104
770110,0.4509651
770111,0.9192129
770112,0.004546919
770113,0.8193457
770114,0.8875466
770115,0.0060326876
770116,0.99047375
770117,0.17272991
770118,0.6295036
770119,0.024536408
770120,0.959481
770121,0.076832
770122,0.82726216
770123,0.027982336
770124,0.015016387
770125,0.9969212
770126,0.8126373
770127,0.055700812
770128,0.054077882
770129,0.94947654
770130,0.7828685
770131,0.15228856
770132,0.18978538
770133,0.9923534
770134,0.13687433
770135,0.861907
770136,0.0135628525
770137,0.051383745
770138,0.008143756
770139,0.12331718
770140,0.9050319
770141,0.32119077
770142,0.98132783
770143,0.996269
770144,0.043961737
770145,0.0043890295
770146,0.040823232
770147,0.9605585
770148,0.48796242
770149,0.8954618
770150,0.0059147514
770151,0.014870014
770152,0.35153222
770153,0.9247567
770154,0.09181247
770155,0.109669775
770156,0.015796162
770157,0.74026585
770158,0.027184198
770159,0.19351284
770160,0.4237373
770161,0.003924042
770162,0.9887467
770163,0.31148475
770164,0.25104994
770165,0.12791449
770166,0.98434013
770167,0.8505321
770168,0.054718822
770169,0.05595727
770170,0.0037390706
770171,0.9881384
770172,0.9392567
770173,0.32094455
770174,0.26824275
770175,0.212656
770176,0.59725535
770177,0.9388715
770178,0.018527575
770179,0.68158907
770180,0.6655351
770181,0.9945073
770182,0.77521217
770183,0.14189145
770184,0.04900509
770185,0.7934761
770186,0.99858963
770187,0.9859501
770188,0.9944246
770189,0.7197069
770190,0.42829534
770191,0.2582451
770192,0.90556145
770193,0.9952342
770194,0.9902465
770195,0.8849
770196,0.009462889
770197,0.01401014
770198,0.9811683
770199,0.04225993
770200,0.12614757
770201,0.64657694
770202,0.90585566
770203,0.7588466
770204,0.02190573
770205,0.14748843
770206,0.80040026
770207,0.79369974
770208,0.06579809
770209,0.45741192
770210,0.018721957
770211,0.0047635636
770212,0.008974374
770213,0.13609971
770214,0.7982808
770215,0.7747312
770216,0.23107019
770217,0.96198326
770218,0.9835338
770219,0.98573816
770220,0.94128805
770221,0.2615598
770222,0.3739902
770223,0.04355971
770224,0.85767394
770225,0.9968207
770226,0.93768275
770227,0.18911932
770228,0.002525936
770229,0.72240543
770230,0.975895
770231,0.2714387
770232,0.0020160477
770233,0.9796243
770234,0.02391376
770235,0.93572825
770236,0.88563263
770237,0.98483896
770238,0.45336464
770239,0.9976745
770240,0.66369265
770241,0.0013356555
770242,0.009276102
770243,0.0028110833
770244,0.9713023
770245,0.011825734
770246,0.06674052
770247,0.94016665
770248,0.9146204
770249,0.9994768
770250,0.02913164
770251,0.032510035
770252,0.9055783
770253,0.051582728
770254,0.932343
770255,0.041528646
770256,0.98436147
770257,0.9898193
770258,0.006790015
770259,0.77982694
770260,0.021039672
770261,0.9831063
770262,0.043173134
770263,0.03613528
770264,0.20919329
770265,0.0075965505
770266,0.9993447
770267,0.92054814
770268,0.023541326
770269,0.9702777
770270,0.990099
770271,0.0019792495
770272,0.059736814
770273,0.32566077
770274,0.23157372
770275,0.033673413
770276,0.43793646
770277,0.10120946
770278,0.91285014
770279,0.09682487
770280,0.9923731
770281,0.3764917
770282,0.862179
770283,0.7223706
770284,0.07575347
770285,0.8733859
770286,0.9667091
770287,0.17569482
770288,0.36194104
770289,0.18512982
770290,0.9496488
770291,0.23094326
770292,0.06126342
770293,0.79296803
770294,0.1472497
770295,0.028353224
770296,0.9611031
770297,0.97523016
770298,0.03933729
770299,0.007125793
770300,0.97712326
770301,0.81224155
770302,0.1402381
770303,0.96844006
770304,0.9881722
770305,0.790195
770306,0.012594121
770307,0.7078037
770308,0.860415
770309,0.030902907
770310,0.011480355
770311,0.3034018
770312,0.626897
770313,0.32214868
770314,0.0036941606
770315,0.0024330893
770316,0.8665469
770317,0.92172015
770318,0.9721426
770319,0.9977105
770320,0.6047343
770321,0.99291384
770322,0.0542356
770323,0.43418294
770324,0.93812734
770325,0.03711731
770326,0.22038378
770327,0.44265926
770328,0.6619295
770329,0.034012236
770330,0.06896445
770331,0.17714731
770332,0.99876225
770333,0.9973136
770334,0.08160177
770335,0.012853922
770336,0.24998567
770337,0.99517584
770338,0.40852487
770339,0.95697534
770340,0.7784054
770341,0.13283162
770342,0.011848407
770343,0.97644365
770344,0.0027349321
770345,0.01829828
770346,0.8673283
770347,0.97877485
770348,0.17616269
770349,0.027675856
770350,0.9717704
770351,0.016353326
770352,0.34353888
770353,0.9000895
770354,0.12670112
770355,0.08262544
770356,0.9966808
770357,0.8731882
770358,0.15593712
770359,0.9122245
770360,0.9538572
770361,0.9940542
770362,0.08399299
770363,0.062140256
770364,0.1160769
770365,0.009967634
770366,0.08934751
770367,0.62750393
770368,0.037118226
770369,0.031202642
770370,0.09428671
770371,0.004801432
770372,0.9993702
770373,0.76197386
770374,0.78465295
770375,0.0062874653
770376,0.017638229
770377,0.9929347
770378,0.7029646
770379,0.021862872
770380,0.57528794
770381,0.009985058
770382,0.12732533
770383,0.014901775
770384,0.07830115
770385,0.01796576
770386,0.78401464
770387,0.049686495
770388,0.10761104
770389,0.9919214
770390,0.967044
770391,0.7875616
770392,0.98004913
770393,0.99505746
770394,0.9050952
770395,0.9894459
770396,0.27265134
770397,0.9970005
770398,0.5259812
770399,0.30673677
770400,0.0020003836
770401,0.020750005
770402,0.97634554
770403,0.35077763
770404,0.9865019
770405,0.9930002
770406,0.9663774
770407,0.8930418
770408,0.27255028
770409,0.056415796
770410,0.894562
770411,0.08228284
770412,0.028773943
770413,0.96908003
770414,0.9986468
770415,0.14745006
770416,0.050217833
770417,0.7885181
770418,0.8764867
770419,0.0351215
770420,0.014605372
770421,0.87351805
770422,0.7979746
770423,0.31848046
770424,0.031636234
770425,0.115569994
770426,0.9531604
770427,0.9615765
770428,0.13022241
770429,0.07183572
770430,0.0034688173
770431,0.84317076
770432,0.27353555
770433,0.0072618364
770434,0.6798597
770435,0.011742766
770436,0.12865347
770437,0.0037190677
770438,0.008396194
770439,0.04182076
770440,0.05148842
770441,0.9546881
770442,0.46994057
770443,0.96040976
770444,0.9946881
770445,0.010359694
770446,0.023087023
770447,0.4876135
770448,0.30012223
770449,0.38346735
770450,0.49264646
770451,0.026846116
770452,0.06285303
770453,0.25224116
770454,0.9923027
770455,0.9735795
770456,0.67305416
770457,0.8033049
770458,0.07438682
770459,0.031801336
770460,0.999148
770461,0.56752014
770462,0.0132963825
770463,0.774631
770464,0.053205498
770465,0.9967502
770466,0.9871722
770467,0.84155947
770468,0.046254963
770469,0.021290042
770470,0.05978337
770471,0.054893207
770472,0.40063667
770473,0.5261295
770474,0.10061793
770475,0.8195438
770476,0.98484194
770477,0.012182282
770478,0.027704416
770479,0.9914044
770480,0.9628098
770481,0.058582626
770482,0.16380624
770483,0.9144165
770484,0.97845596
770485,0.10796419
770486,0.2288444
770487,0.032453585
770488,0.9347974
770489,0.9225352
770490,0.89681876
770491,0.0036330353
770492,0.019337622
770493,0.96615785
770494,0.96224856
770495,0.010451522
770496,0.008823358
770497,0.98497283
770498,0.5275314
770499,0.07674798
770500,0.9958123
770501,0.3412541
770502,0.024134474
770503,0.8710544
770504,0.010433544
770505,0.97995985
770506,0.00996165
770507,0.030928781
770508,0.06617593
770509,0.05411437
770510,0.022869492
770511,0.89845556
770512,0.9922848
770513,0.9590978
770514,0.27124926
770515,0.3726533
770516,0.83365834
770517,0.98102874
770518,0.98871917
770519,0.5828787
770520,0.6317556
770521,0.10883307
770522,0.106181294
770523,0.90129155
770524,0.43714982
770525,0.088515244
770526,0.050379552
770527,0.08992207
770528,0.6634384
770529,0.9980508
770530,0.023812871
770531,0.96746814
770532,0.3688802
770533,0.53148293
770534,0.0843008
770535,0.98932505
770536,0.90002
770537,0.99189675
770538,0.9979112
770539,0.9886971
770540,0.86576116
770541,0.56201625
770542,0.516588
770543,0.01733928
770544,0.009904828
770545,0.056180194
770546,0.046618477
770547,0.031926155
770548,0.638895
770549,0.0019728239
770550,0.018139416
770551,0.26280373
770552,0.9564516
770553,0.94011307
770554,0.146225
770555,0.017062407
770556,0.91961336
770557,0.51725686
770558,0.87911904
770559,0.043421753
770560,0.098081104
770561,0.74935704
770562,0.9534995
770563,0.06576674
770564,0.4315742
770565,0.4507706
770566,0.36256605
770567,0.7723282
770568,0.80335927
770569,0.9596728
770570,0.38989794
770571,0.01515454
770572,0.008464371
770573,0.32590616
770574,0.024298608
770575,0.1160432
770576,0.051556718
770577,0.9800509
770578,0.98549587
770579,0.0017597887
770580,0.45692685
770581,0.971397
770582,0.013394816
770583,0.33132744
770584,0.99568564
770585,0.89909923
770586,0.9941682
770587,0.005768381
770588,0.9979805
770589,0.04914814
770590,0.097117424
770591,0.6175924
770592,0.45163918
770593,0.82077944
770594,0.97869587
770595,0.9460758
770596,0.03010517
770597,0.9759846
770598,0.62626445
770599,0.3923399
770600,0.028795127
770601,0.0147597045
770602,0.9823193
770603,0.04431046
770604,0.9789682
770605,0.0103632845
770606,0.981054
770607,0.0087421285
770608,0.12362977
770609,0.8449646
770610,0.8238907
770611,0.49621534
770612,0.97537494
770613,0.07094484
770614,0.8417655
770615,0.0016159478
770616,0.7767651
770617,0.7486372
770618,0.0054872865
770619,0.005858805
770620,0.039665885
770621,0.99244034
770622,0.008722351
770623,0.33509567
770624,0.97004354
770625,0.02019621
770626,0.12850924
770627,0.012297858
770628,0.80193245
770629,0.012881782
770630,0.17925635
770631,0.036642164
770632,0.49685168
770633,0.33238557
770634,0.007042712
770635,0.44451827
770636,0.5006012
770637,0.07655449
770638,0.8746149
770639,0.9202003
770640,0.6354295
770641,0.99871564
770642,0.996163
770643,0.084461786
770644,0.8746641
770645,0.9146433
770646,0.6251466
770647,0.9947436
770648,0.56898844
770649,0.9809144
770650,0.96513915
770651,0.96249783
770652,0.43223524
770653,0.06041204
770654,0.18519598
770655,0.87910104
770656,0.14844805
770657,0.005160381
770658,0.016369315
770659,0.6776544
770660,0.07467954
770661,0.97065675
770662,0.13300988
770663,0.994469
770664,0.05429806
770665,0.60428303
770666,0.017142415
770667,0.68827856
770668,0.91642725
770669,0.32742795
770670,0.02364998
770671,0.7865144
770672,0.01672165
770673,0.64171004
770674,0.1343497
770675,0.9891304
770676,0.1966458
770677,0.88597894
770678,0.064779736
770679,0.97167486
770680,0.9312794
770681,0.03724639
770682,0.9861698
770683,0.9325081
770684,0.9861922
770685,0.025037343
770686,0.9943433
770687,0.06514772
770688,0.99030256
770689,0.07453665
770690,0.020648494
770691,0.03256257
770692,0.96782196
770693,0.027821848
770694,0.8803332
770695,0.9959338
770696,0.9741121
770697,0.10967465
770698,0.6776925
770699,0.025586333
770700,0.27261323
770701,0.002533563
770702,0.12639832
770703,0.009563766
770704,0.019342527
770705,0.97923595
770706,0.98503745
770707,0.9033979
770708,0.0815229
770709,0.06902444
770710,0.013041261
770711,0.056501854
770712,0.3134815
770713,0.76224464
770714,0.027552083
770715,0.032123543
770716,0.067089446
770717,0.3148858
770718,0.7848431
770719,0.04014091
770720,0.970556
770721,0.0075055305
770722,0.017718276
770723,0.44378173
770724,0.06375479
770725,0.004874601
770726,0.03286223
770727,0.15133041
770728,0.98653173
770729,0.026960272
770730,0.9310589
770731,0.0012124343
770732,0.12833612
770733,0.2446868
770734,0.8876731
770735,0.5241254
770736,0.9265733
770737,0.9969986
770738,0.9873035
770739,0.988755
770740,0.008762477
770741,0.97618926
770742,0.9926114
770743,0.21000727
770744,0.13957489
770745,0.009447432
770746,0.15820093
770747,0.9355051
770748,0.000741648
770749,0.006990614
770750,0.044096686
770751,0.43710813
770752,0.007706354
770753,0.9678141
770754,0.10270633
770755,0.0155000035
770756,0.13500905
770757,0.046454787
770758,0.73297614
770759,0.044768468
770760,0.04813109
770761,0.46601522
770762,0.02832586
770763,0.30586758
770764,0.48808682
770765,0.9724889
770766,0.18651563
770767,0.707026
770768,0.9706815
770769,0.0032214955
770770,0.9959969
770771,0.9679841
770772,0.42199057
770773,0.859101
770774,0.9966268
770775,0.8391386
770776,0.14635976
770777,0.98321426
770778,0.40419972
770779,0.99030435
770780,0.99595857
770781,0.0065437695
770782,0.9243573
770783,0.02014389
770784,0.0035277891
770785,0.7515621
770786,0.17580742
770787,0.008293974
770788,0.989462
770789,0.7408439
770790,0.64212507
770791,0.8715317
770792,0.9881562
770793,0.028674226
770794,0.01806108
770795,0.8948964
770796,0.97907364
770797,0.018058639
770798,0.90124583
770799,0.7923358
770800,0.91805595
770801,0.00956641
770802,0.02379075
770803,0.93693805
770804,0.9972221
770805,0.16875656
770806,0.9700948
770807,0.95979935
770808,0.124260604
770809,0.0081297895
770810,0.99436843
770811,0.12330062
770812,0.065670155
770813,0.11785521
770814,0.6531829
770815,0.3994476
770816,0.28148565
770817,0.62156785
770818,0.083048195
770819,0.0040236535
770820,0.115408935
770821,0.24052581
770822,0.9950311
770823,0.9417487
770824,0.0015666916
770825,0.38769454
770826,0.9621198
770827,0.068626046
770828,0.010883467
770829,0.17701381
770830,0.8829634
770831,0.25874847
770832,0.07395393
770833,0.0043419334
770834,0.02919205
770835,0.87219393
770836,0.26473767
770837,0.78601277
770838,0.8192807
770839,0.9326449
770840,0.99596834
770841,0.07913236
770842,0.7052823
770843,0.008546335
770844,0.9783203
770845,0.007953033
770846,0.99593526
770847,0.99496686
770848,0.031509053
770849,0.82937086
770850,0.26024002
770851,0.03195478
770852,0.63040423
770853,0.4575851
770854,0.00075570575
770855,0.60152465
770856,0.003513415
770857,0.00923673
770858,0.013572002
770859,0.8652663
770860,0.07959344
770861,0.9059133
770862,0.55435634
770863,0.15974277
770864,0.9459716
770865,0.007173066
770866,0.9795335
770867,0.0055006207
770868,0.001982966
770869,0.13817495
770870,0.11071413
770871,0.008695584
770872,0.98767704
770873,0.08682598
770874,0.9522277
770875,0.0011919262
770876,0.8725902
770877,0.8510031
770878,0.97243
770879,0.047629733
770880,0.9967588
770881,0.08036961
770882,0.010554155
770883,0.0043932386
770884,0.031853482
770885,0.15359512
770886,0.023341227
770887,0.9551415
770888,0.629481
770889,0.045315158
770890,0.11276401
770891,0.05027246
770892,0.111483045
770893,0.9957452
770894,0.11731072
770895,0.88450694
770896,0.01519593
770897,0.02031331
770898,0.2375154
770899,0.97381926
770900,0.04059147
770901,0.99600625
770902,0.7974407
770903,0.01835715
770904,0.11374536
770905,0.06594194
770906,0.023142355
770907,0.96104413
770908,0.016357102
770909,0.99702954
770910,0.9822609
770911,0.066678725
770912,0.062195208
770913,0.99597716
770914,0.010014248
770915,0.080949545
770916,0.04200995
770917,0.004148093
770918,0.9679211
770919,0.997175
770920,0.9017755
770921,0.99898523
770922,0.9493063
770923,0.06754714
770924,0.013898324
770925,0.02032643
770926,0.95316076
770927,0.016775172
770928,0.07212572
770929,0.9419556
770930,0.2593766
770931,0.08314258
770932,0.22369671
770933,0.004627096
770934,0.9305324
770935,0.7477749
770936,0.003945501
770937,0.69216156
770938,0.19441363
770939,0.63634145
770940,0.02853997
770941,0.03609673
770942,0.7950641
770943,0.9363195
770944,0.91012853
770945,0.7645055
770946,0.12179891
770947,0.022534534
770948,0.01302607
770949,0.351089
770950,0.1732311
770951,0.34607437
770952,0.016206197
770953,0.41805035
770954,0.65702987
770955,0.04352599
770956,0.98710304
770957,0.24931733
770958,0.0102346875
770959,0.5843692
770960,0.96116877
770961,0.04948056
770962,0.0037538167
770963,0.48821366
770964,0.020104537
770965,0.022281861
770966,0.9980452
770967,0.7639748
770968,0.93470615
770969,0.0017124661
770970,0.98678493
770971,0.98448604
770972,0.005253076
770973,0.1996282
770974,0.83253175
770975,0.9922062
770976,0.9865788
770977,0.011324031
770978,0.14475878
770979,0.99393874
770980,0.9910306
770981,0.041529354
770982,0.9895043
770983,0.025663637
770984,0.01280689
770985,0.058533337
770986,0.9951095
770987,0.037055366
770988,0.018853389
770989,0.063150406
770990,0.07299548
770991,0.9631401
770992,0.031690575
770993,0.043279957
770994,0.98105145
770995,0.99600506
770996,0.6822699
770997,0.16986427
770998,0.096567474
770999,0.050132856
771000,0.07001061
771001,0.9982856
771002,0.02900734
771003,0.54923725
771004,0.6809125
771005,0.017083589
771006,0.18088096
771007,0.00886118
771008,0.038722724
771009,0.26046082
771010,0.49134225
771011,0.042717785
771012,0.9761293
771013,0.41917086
771014,0.9893255
771015,0.0023722588
771016,0.013957376
771017,0.9863525
771018,0.09761802
771019,0.96740425
771020,0.8524147
771021,0.38118976
771022,0.99755067
771023,0.027186899
771024,0.105107605
771025,0.18724146
771026,0.0047406885
771027,0.9624489
771028,0.028246641
771029,0.9471437
771030,0.9713993
771031,0.17756775
771032,0.0021602921
771033,0.562415
771034,0.9646346
771035,0.006210925
771036,0.7626275
771037,0.10808298
771038,0.0022910486
771039,0.0344932
771040,0.0129048275
771041,0.21217683
771042,0.014171679
771043,0.010865221
771044,0.8505118
771045,0.059179287
771046,0.967116
771047,0.055810113
771048,0.26599157
771049,0.89536154
771050,0.9984357
771051,0.77791435
771052,0.97115123
771053,0.030773025
771054,0.7743314
771055,0.044043213
771056,0.8863517
771057,0.71105254
771058,0.0046324236
771059,0.06860434
771060,0.97230595
771061,0.116521195
771062,0.98920345
771063,0.022541756
771064,0.9344071
771065,0.8223953
771066,0.51992667
771067,0.02341061
771068,0.9470066
771069,0.5614363
771070,0.17433
771071,0.9372997
771072,0.7833728
771073,0.97765034
771074,0.9842837
771075,0.8719988
771076,0.0094980765
771077,0.9833042
771078,0.045112714
771079,0.96208525
771080,0.02660918
771081,0.99143004
771082,0.060612272
771083,0.61407614
771084,0.91540015
771085,0.039449826
771086,0.012559001
771087,0.99887615
771088,0.002901679
771089,0.8188347
771090,0.950715
771091,0.015941259
771092,0.0074016955
771093,0.46255213
771094,0.002538921
771095,0.9939185
771096,0.08492343
771097,0.008879598
771098,0.005334931
771099,0.9630302
771100,0.012481019
771101,0.019278985
771102,0.027539972
771103,0.10417903
771104,0.80181533
771105,0.0422066
771106,0.9545433
771107,0.07234786
771108,0.21064185
771109,0.9814558
771110,0.46745387
771111,0.862191
771112,0.3043591
771113,0.022321926
771114,0.5986264
771115,0.05124391
771116,0.51688147
771117,0.8286537
771118,0.067111015
771119,0.048106052
771120,0.82287294
771121,0.018427653
771122,0.023006763
771123,0.011672387
771124,0.31369612
771125,0.015048753
771126,0.0041201212
771127,0.9779707
771128,0.83226466
771129,0.9491173
771130,0.84013635
771131,0.0028718214
771132,0.7466924
771133,0.26606855
771134,0.9516702
771135,0.9963493
771136,0.16918993
771137,0.9906651
771138,0.034547515
771139,0.011688313
771140,0.44154975
771141,0.99782515
771142,0.030278228
771143,0.01270069
771144,0.94889796
771145,0.7323405
771146,0.3041902
771147,0.98619807
771148,0.012148446
771149,0.013979636
771150,0.9496935
771151,0.011560433
771152,0.95126843
771153,0.9754783
771154,0.9744309
771155,0.8613936
771156,0.3084731
771157,0.9975965
771158,0.1425367
771159,0.9640412
771160,0.019737763
771161,0.11355978
771162,0.9971746
771163,0.113374144
771164,0.003131046
771165,0.03299378
771166,0.09840475
771167,0.674731
771168,0.4063472
771169,0.9754133
771170,0.93096095
771171,0.80634946
771172,0.9693785
771173,0.023386527
771174,0.96199715
771175,0.020964105
771176,0.84248954
771177,0.011185608
771178,0.9844846
771179,0.98626775
771180,0.056050804
771181,0.9928818
771182,0.9889103
771183,0.4717548
771184,0.94025594
771185,0.9953611
771186,0.7183881
771187,0.26359144
771188,0.0054092193
771189,0.29373387
771190,0.03596843
771191,0.02392288
771192,0.24563342
771193,0.13943632
771194,0.011629797
771195,0.9541452
771196,0.9900153
771197,0.7769165
771198,0.35933354
771199,0.008603865
771200,0.79235363
771201,0.0051721567
771202,0.91792893
771203,0.97693866
771204,0.8335727
771205,0.5934052
771206,0.7626791
771207,0.03934923
771208,0.039839126
771209,0.0618526
771210,0.98543656
771211,0.016755499
771212,0.011149427
771213,0.914785
771214,0.998382
771215,0.9653345
771216,0.9978796
771217,0.017153976
771218,0.9476522
771219,0.92946434
771220,0.9903759
771221,0.0025098259
771222,0.36669722
771223,0.9624557
771224,0.041108645
771225,0.9479723
771226,0.97367483
771227,0.6623251
771228,0.98596716
771229,0.75099146
771230,0.011606132
771231,0.8543301
771232,0.024487225
771233,0.038492866
771234,0.7870048
771235,0.99511254
771236,0.96318465
771237,0.045661572
771238,0.13486552
771239,0.9885897
771240,0.01767393
771241,0.07186257
771242,0.0059270966
771243,0.014615222
771244,0.69825506
771245,0.6022112
771246,0.07242495
771247,0.9916743
771248,0.9957992
771249,0.9898695
771250,0.715208
771251,0.12868835
771252,0.9814977
771253,0.59058374
771254,0.08739339
771255,0.0029331846
771256,0.51837397
771257,0.0423556
771258,0.14234923
771259,0.19223893
771260,0.87895775
771261,0.030787297
771262,0.04257408
771263,0.045389835
771264,0.01637456
771265,0.042248867
771266,0.0043519367
771267,0.69189465
771268,0.13607413
771269,0.6688808
771270,0.23398787
771271,0.0052493955
771272,0.106308654
771273,0.31146175
771274,0.9432887
771275,0.9991101
771276,0.5062015
771277,0.01124711
771278,0.00512298
771279,0.028052775
771280,0.9431803
771281,0.9983801
771282,0.19502042
771283,0.99320954
771284,0.84684956
771285,0.633474
771286,0.17059405
771287,0.23362964
771288,0.8237548
771289,0.008392749
771290,0.007937361
771291,0.25734293
771292,0.43410006
771293,0.3262772
771294,0.009450531
771295,0.82848144
771296,0.86145747
771297,0.9600148
771298,0.43121275
771299,0.20680267
771300,0.0008589579
771301,0.010662943
771302,0.025218021
771303,0.0060016876
771304,0.99253213
771305,0.015552219
771306,0.0024880515
771307,0.011417524
771308,0.9660307
771309,0.9413171
771310,0.9952907
771311,0.14454503
771312,0.044395905
771313,0.008686358
771314,0.9926211
771315,0.20576295
771316,0.98432523
771317,0.01307647
771318,0.056428004
771319,0.02263961
771320,0.009389702
771321,0.46145532
771322,0.020097077
771323,0.9339075
771324,0.5815061
771325,0.76953065
771326,0.00921626
771327,0.03782123
771328,0.16994108
771329,0.1361793
771330,0.012155833
771331,0.020202035
771332,0.013774473
771333,0.25129488
771334,0.14140882
771335,0.8020065
771336,0.9970961
771337,0.9024526
771338,0.9047533
771339,0.037769504
771340,0.99838567
771341,0.92127204
771342,0.031882472
771343,0.8976181
771344,0.94083023
771345,0.9185691
771346,0.31299236
771347,0.72765636
771348,0.08245105
771349,0.037955076
771350,0.62909424
771351,0.007744457
771352,0.020784026
771353,0.98538065
771354,0.017327052
771355,0.3230669
771356,0.11608835
771357,0.834848
771358,0.0050786417
771359,0.97877175
771360,0.67836267
771361,0.6176233
771362,0.12884247
771363,0.8316566
771364,0.14724511
771365,0.122640036
771366,0.087517485
771367,0.019540569
771368,0.06462345
771369,0.05918789
771370,0.65870637
771371,0.0065027657
771372,0.85857725
771373,0.3154205
771374,0.07969363
771375,0.451738
771376,0.7918501
771377,0.80700177
771378,0.9991477
771379,0.00061560597
771380,0.86959475
771381,0.12448733
771382,0.061281487
771383,0.9987308
771384,0.10288057
771385,0.21248813
771386,0.39776677
771387,0.61255896
771388,0.9968499
771389,0.018569792
771390,0.99906266
771391,0.53646624
771392,0.33046052
771393,0.9862292
771394,0.30555642
771395,0.9979806
771396,0.0067148395
771397,0.37223867
771398,0.9850425
771399,0.94710064
771400,0.7690654
771401,0.007889181
771402,0.008428956
771403,0.99903625
771404,0.29050505
771405,0.024750806
771406,0.04474649
771407,0.9850409
771408,0.008962536
771409,0.9958291
771410,0.33533537
771411,0.6161018
771412,0.110757604
771413,0.035999507
771414,0.13808778
771415,0.092337176
771416,0.016895354
771417,0.91857314
771418,0.019632764
771419,0.83996695
771420,0.82282805
771421,0.004841549
771422,0.015537379
771423,0.59919375
771424,0.007486835
771425,0.72749877
771426,0.23302889
771427,0.99400496
771428,0.1010518
771429,0.990476
771430,0.23095536
771431,0.10216471
771432,0.08785646
771433,0.98583657
771434,0.9951455
771435,0.008892064
771436,0.9956591
771437,0.66346264
771438,0.00960858
771439,0.01054991
771440,0.052675903
771441,0.0070862016
771442,0.96037686
771443,0.5513251
771444,0.016332826
771445,0.04121107
771446,0.9174559
771447,0.98089105
771448,0.018518744
771449,0.6931444
771450,0.9142417
771451,0.9528551
771452,0.7872069
771453,0.06725165
771454,0.13784513
771455,0.22561577
771456,0.8148868
771457,0.7644437
771458,0.1254108
771459,0.8844211
771460,0.06498705
771461,0.053975977
771462,0.58056295
771463,0.89254427
771464,0.20090085
771465,0.99546355
771466,0.999738
771467,0.31437573
771468,0.2963174
771469,0.010156773
771470,0.004690072
771471,0.011738071
771472,0.072596595
771473,0.02166647
771474,0.8983228
771475,0.005913414
771476,0.04484897
771477,0.010816129
771478,0.08174864
771479,0.031252615
771480,0.17735942
771481,0.99033594
771482,0.987628
771483,0.9602341
771484,0.98423916
771485,0.0156187555
771486,0.9878979
771487,0.9864183
771488,0.1176325
771489,0.99931544
771490,0.9991014
771491,0.5556267
771492,0.11208631
771493,0.012457186
771494,0.36464363
771495,0.0014104119
771496,0.011080105
771497,0.034159932
771498,0.011436119
771499,0.0018475922
771500,0.88106924
771501,0.7205665
771502,0.94961727
771503,0.844665
771504,0.9887536
771505,0.37150785
771506,0.8429072
771507,0.023461688
771508,0.68965065
771509,0.5152862
771510,0.2075389
771511,0.7759612
771512,0.42029122
771513,0.49796554
771514,0.0070939534
771515,0.8860821
771516,0.9872118
771517,0.01701393
771518,0.0356495
771519,0.03145727
771520,0.0128141595
771521,0.0044380045
771522,0.0074466434
771523,0.81593215
771524,0.8012339
771525,0.6812158
771526,0.03754476
771527,0.023128195
771528,0.01032077
771529,0.004971118
771530,0.027298696
771531,0.02910006
771532,0.76547986
771533,0.9081294
771534,0.16297176
771535,0.045673102
771536,0.0026205513
771537,0.23330182
771538,0.98689103
771539,0.00889388
771540,0.959622
771541,0.8972222
771542,0.02715161
771543,0.015761947
771544,0.13021508
771545,0.0035907144
771546,0.25545016
771547,0.7183858
771548,0.6189558
771549,0.9928358
771550,0.66477084
771551,0.45256302
771552,0.98411745
771553,0.16937104
771554,0.038924392
771555,0.99295956
771556,0.9950912
771557,0.053337518
771558,0.9976386
771559,0.006034456
771560,0.5210743
771561,0.9912794
771562,0.4032323
771563,0.9821792
771564,0.9927465
771565,0.8906418
771566,0.50220865
771567,0.11154243
771568,0.992186
771569,0.014375003
771570,0.9284499
771571,0.045683626
771572,0.017886147
771573,0.9663513
771574,0.9798187
771575,0.998217
771576,0.020648506
771577,0.02515101
771578,0.9388215
771579,0.011337219
771580,0.99172926
771581,0.10752233
771582,0.9779897
771583,0.99733925
771584,0.27957016
771585,0.73322403
771586,0.37458444
771587,0.32014468
771588,0.6664521
771589,0.9304992
771590,0.108669356
771591,0.22821164
771592,0.038349558
771593,0.95475626
771594,0.022840258
771595,0.56815565
771596,0.07169973
771597,0.76803315
771598,0.97467345
771599,0.42973554
771600,0.004604696
771601,0.9704781
771602,0.0120802075
771603,0.92775965
771604,0.71490294
771605,0.051197827
771606,0.44725776
771607,0.80755866
771608,0.26556185
771609,0.99166256
771610,0.0038619672
771611,0.66210735
771612,0.2825379
771613,0.9415206
771614,0.91435546
771615,0.97411764
771616,0.9897388
771617,0.9961269
771618,0.014855718
771619,0.7425685
771620,0.008876696
771621,0.033636626
771622,0.9836362
771623,0.03650298
771624,0.5445154
771625,0.017884402
771626,0.84408426
771627,0.051899396
771628,0.012821557
771629,0.009649636
771630,0.85455966
771631,0.9882721
771632,0.2434272
771633,0.0541126
771634,0.8189397
771635,0.9887054
771636,0.8538388
771637,0.9947076
771638,0.9706975
771639,0.6009629
771640,0.9385047
771641,0.22079104
771642,0.15743673
771643,0.94000274
771644,0.43632904
771645,0.96413016
771646,0.052023012
771647,0.59825885
771648,0.40690917
771649,0.50512046
771650,0.0766395
771651,0.98627716
771652,0.9661094
771653,0.0035856774
771654,0.012490093
771655,0.96023846
771656,0.92469966
771657,0.047478974
771658,0.012818907
771659,0.98740184
771660,0.90412456
771661,0.14752087
771662,0.992857
771663,0.015560599
771664,0.5963116
771665,0.47852585
771666,0.9875267
771667,0.04772716
771668,0.9970243
771669,0.3414459
771670,0.028581358
771671,0.9178841
771672,0.8919654
771673,0.6355514
771674,0.0110975895
771675,0.14609955
771676,0.0044633606
771677,0.27270058
771678,0.99748254
771679,0.003648559
771680,0.97874314
771681,0.9812437
771682,0.762143
771683,0.36844018
771684,0.04024809
771685,0.006230762
771686,0.095955245
771687,0.94275767
771688,0.34461764
771689,0.70405895
771690,0.98540473
771691,0.17412598
771692,0.99829084
771693,0.9943292
771694,0.88843286
771695,0.06552473
771696,0.35543117
771697,0.98701406
771698,0.7026719
771699,0.9603677
771700,0.07548866
771701,0.9786347
771702,0.26690984
771703,0.0050626923
771704,0.021281747
771705,0.37859568
771706,0.77427155
771707,0.5420427
771708,0.97903454
771709,0.22176562
771710,0.014445694
771711,0.06522393
771712,0.08877884
771713,0.933494
771714,0.03649234
771715,0.28005046
771716,0.38257915
771717,0.26456156
771718,0.981235
771719,0.84053236
771720,0.03790123
771721,0.8945638
771722,0.9410126
771723,0.9704191
771724,0.024845274
771725,0.9463038
771726,0.021083344
771727,0.8285578
771728,0.031911734
771729,0.9840326
771730,0.9818982
771731,0.88043886
771732,0.24845976
771733,0.0038548915
771734,0.0042528994
771735,0.99081314
771736,0.3630937
771737,0.56142116
771738,0.9966376
771739,0.04678218
771740,0.01747774
771741,0.13774282
771742,0.06982574
771743,0.98582137
771744,0.45299518
771745,0.24049765
771746,0.9240626
771747,0.12484916
771748,0.18511121
771749,0.5519808
771750,0.9920626
771751,0.13931075
771752,0.9360966
771753,0.038290836
771754,0.879339
771755,0.3368317
771756,0.010108232
771757,0.1646697
771758,0.0043550087
771759,0.99059457
771760,0.8305013
771761,0.30617532
771762,0.9972228
771763,0.8218473
771764,0.6879531
771765,0.031860918
771766,0.97654116
771767,0.0053994944
771768,0.18145075
771769,0.9673239
771770,0.998007
771771,0.038113594
771772,0.86850697
771773,0.21780854
771774,0.112172976
771775,0.24234511
771776,0.7084162
771777,0.9910536
771778,0.0918761
771779,0.95646214
771780,0.8178693
771781,0.48634446
771782,0.08122878
771783,0.0070870453
771784,0.9243605
771785,0.69415134
771786,0.9024589
771787,0.75183
771788,0.02065592
771789,0.95639783
771790,0.22256786
771791,0.99751604
771792,0.013671635
771793,0.06492351
771794,0.024057832
771795,0.09221089
771796,0.085322306
771797,0.010347219
771798,0.2570929
771799,0.023752227
771800,0.53337663
771801,0.024140652
771802,0.6495191
771803,0.99641323
771804,0.087256536
771805,0.030606426
771806,0.99508965
771807,0.96372515
771808,0.020190662
771809,0.12563044
771810,0.9061384
771811,0.070843
771812,0.99586624
771813,0.04819873
771814,0.06665391
771815,0.3272086
771816,0.5081794
771817,0.97349524
771818,0.94039667
771819,0.079520874
771820,0.8330094
771821,0.07036084
771822,0.040516928
771823,0.9564049
771824,0.9559521
771825,0.80561733
771826,0.04866027
771827,0.9910172
771828,0.13330835
771829,0.011102533
771830,0.922036
771831,0.15335968
771832,0.71613
771833,0.18237644
771834,0.9817945
771835,0.90850776
771836,0.98219675
771837,0.041074365
771838,0.987996
771839,0.8567672
771840,0.9977415
771841,0.03091617
771842,0.74087006
771843,0.9437678
771844,0.12172011
771845,0.016321745
771846,0.9791657
771847,0.030407913
771848,0.01395776
771849,0.17602825
771850,0.113929324
771851,0.88152164
771852,0.9673425
771853,0.8463549
771854,0.10851717
771855,0.051449463
771856,0.9988837
771857,0.014348518
771858,0.03678035
771859,0.081061855
771860,0.7801509
771861,0.006821818
771862,0.3802077
771863,0.902592
771864,0.080506034
771865,0.003256273
771866,0.31496865
771867,0.9891099
771868,0.24346521
771869,0.95870817
771870,0.9984514
771871,0.99469155
771872,0.109862655
771873,0.9925982
771874,0.5945083
771875,0.05933353
771876,0.0073738955
771877,0.47632045
771878,0.93444973
771879,0.012728338
771880,0.30143407
771881,0.9128164
771882,0.9817186
771883,0.99940675
771884,0.97826827
771885,0.078618705
771886,0.039137762
771887,0.0032950684
771888,0.10673138
771889,0.057672136
771890,0.9761135
771891,0.1367045
771892,0.69953865
771893,0.1166111
771894,0.98535043
771895,0.082913965
771896,0.19804794
771897,0.48329553
771898,0.9836675
771899,0.9836175
771900,0.8423085
771901,0.82516974
771902,0.46122524
771903,0.97852623
771904,0.98075175
771905,0.16178253
771906,0.9941235
771907,0.009159376
771908,0.011966256
771909,0.93821347
771910,0.03827052
771911,0.03725337
771912,0.9905166
771913,0.009919419
771914,0.9699534
771915,0.9899715
771916,0.6638984
771917,0.970783
771918,0.022792328
771919,0.90476793
771920,0.9739524
771921,0.024160724
771922,0.10528327
771923,0.07405254
771924,0.024342319
771925,0.10508714
771926,0.8866104
771927,0.13580415
771928,0.877087
771929,0.014727892
771930,0.058925882
771931,0.21614408
771932,0.0063666417
771933,0.95722514
771934,0.9929043
771935,0.01916572
771936,0.026074436
771937,0.49886602
771938,0.28837013
771939,0.07828248
771940,0.92145985
771941,0.032755684
771942,0.058660742
771943,0.36396936
771944,0.8870629
771945,0.020133158
771946,0.91877484
771947,0.20592722
771948,0.9863638
771949,0.05153372
771950,0.025017781
771951,0.88296336
771952,0.02039288
771953,0.5262703
771954,0.9884832
771955,0.1829418
771956,0.024976356
771957,0.08077033
771958,0.08277652
771959,0.109450094
771960,0.9987751
771961,0.023126394
771962,0.56913894
771963,0.19609135
771964,0.034716595
771965,0.9588044
771966,0.42232108
771967,0.9735242
771968,0.08660294
771969,0.25906998
771970,0.22885166
771971,0.9978061
771972,0.2929958
771973,0.0042052176
771974,0.019955117
771975,0.054867208
771976,0.054816145
771977,0.27110893
771978,0.01540442
771979,0.03722213
771980,0.98004127
771981,0.054597486
771982,0.61968875
771983,0.046281554
771984,0.0040603485
771985,0.0388482
771986,0.2941248
771987,0.99829054
771988,0.9945417
771989,0.008303287
771990,0.027849492
771991,0.12975481
771992,0.9740956
771993,0.7948812
771994,0.35537583
771995,0.92434335
771996,0.045900103
771997,0.9080424
771998,0.019747272
771999,0.41672555
772000,0.5144273
772001,0.9981667
772002,0.94808704
772003,0.51033896
772004,0.005695212
772005,0.14784756
772006,0.8751387
772007,0.92426324
772008,0.023165284
772009,0.006154206
772010,0.9642205
772011,0.99007726
772012,0.9147375
772013,0.30544102
772014,0.08394756
772015,0.027840042
772016,0.021140702
772017,0.9981868
772018,0.9817437
772019,0.26291084
772020,0.58706826
772021,0.04031179
772022,0.9629388
772023,0.99862325
772024,0.9176006
772025,0.87937397
772026,0.59527117
772027,0.9502295
772028,0.01734909
772029,0.016386513
772030,0.019287426
772031,0.04263164
772032,0.06572445
772033,0.0053479876
772034,0.058581136
772035,0.33759722
772036,0.011798277
772037,0.9977643
772038,0.7209779
772039,0.81989485
772040,0.77544415
772041,0.8765252
772042,0.06518707
772043,0.038372714
772044,0.99434674
772045,0.0058828667
772046,0.91818595
772047,0.98973703
772048,0.032179315
772049,0.9836688
772050,0.009228058
772051,0.87091166
772052,0.0334834
772053,0.8046753
772054,0.43735427
772055,0.99075466
772056,0.99786615
772057,0.9973246
772058,0.019405851
772059,0.089567274
772060,0.17987813
772061,0.46661955
772062,0.31720325
772063,0.109017976
772064,0.021114398
772065,0.009418208
772066,0.6491066
772067,0.8125814
772068,0.99896944
772069,0.81666064
772070,0.047931805
772071,0.82436335
772072,0.93381333
772073,0.853238
772074,0.022951351
772075,0.026259918
772076,0.13574824
772077,0.976279
772078,0.021886557
772079,0.9978294
772080,0.6316957
772081,0.95955765
772082,0.7709355
772083,0.03670754
772084,0.6413971
772085,0.85090315
772086,0.31421384
772087,0.015125557
772088,0.5497276
772089,0.27361763
772090,0.045697648
772091,0.6973792
772092,0.806873
772093,0.98577464
772094,0.9910671
772095,0.27140588
772096,0.88555735
772097,0.9426683
772098,0.016340852
772099,0.035497893
772100,0.3057584
772101,0.75370896
772102,0.9978074
772103,0.940544
772104,0.9947684
772105,0.19927447
772106,0.044307474
772107,0.33296734
772108,0.18868044
772109,0.9119326
772110,0.9822156
772111,0.099090114
772112,0.006309368
772113,0.17427328
772114,0.99510324
772115,0.91996425
772116,0.027747443
772117,0.98898226
772118,0.31161755
772119,0.33741686
772120,0.002076886
772121,0.36884287
772122,0.9888954
772123,0.0048185172
772124,0.99506557
772125,0.014959073
772126,0.9389316
772127,0.122961774
772128,0.45102155
772129,0.059668444
772130,0.01798372
772131,0.9977534
772132,0.99729735
772133,0.854616
772134,0.95468867
772135,0.9841449
772136,0.9875221
772137,0.044140905
772138,0.002548364
772139,0.009929393
772140,0.007882217
772141,0.46652365
772142,0.065515205
772143,0.9778806
772144,0.9522852
772145,0.540799
772146,0.005356936
772147,0.07004032
772148,0.88388276
772149,0.6649436
772150,0.025478978
772151,0.44439664
772152,0.0041045696
772153,0.024511863
772154,0.036416374
772155,0.28301474
772156,0.36977208
772157,0.98273575
772158,0.049222603
772159,0.12944275
772160,0.95309424
772161,0.031710193
772162,0.284934
772163,0.031452686
772164,0.8903123
772165,0.33170545
772166,0.96198606
772167,0.99197525
772168,0.8346821
772169,0.74324185
772170,0.64917773
772171,0.80156493
772172,0.9955193
772173,0.58108646
772174,0.9551531
772175,0.9655976
772176,0.023631897
772177,0.9967995
772178,0.22577755
772179,0.022559851
772180,0.98634064
772181,0.14472052
772182,0.68074656
772183,0.051885378
772184,0.2096467
772185,0.29251084
772186,0.99580836
772187,0.06530358
772188,0.056986198
772189,0.0052783755
772190,0.95176494
772191,0.01631061
772192,0.6495571
772193,0.7152734
772194,0.8676652
772195,0.24896042
772196,0.001168157
772197,0.014619988
772198,0.02441855
772199,0.99186695
772200,0.10670402
772201,0.50479084
772202,0.8597682
772203,0.983367
772204,0.953104
772205,0.99930125
772206,0.98539054
772207,0.034184754
772208,0.006296645
772209,0.9536329
772210,0.98790324
772211,0.034444902
772212,0.99780184
772213,0.01660593
772214,0.9077512
772215,0.94425505
772216,0.013090866
772217,0.98017067
772218,0.4662875
772219,0.9992723
772220,0.9715918
772221,0.39536682
772222,0.9639457
772223,0.029716065
772224,0.017031033
772225,0.005413201
772226,0.29139835
772227,0.0010687165
772228,0.004228202
772229,0.41682863
772230,0.99294215
772231,0.7320588
772232,0.67671406
772233,0.0044402694
772234,0.9025448
772235,0.2863992
772236,0.9204784
772237,0.0076744827
772238,0.07528035
772239,0.14383824
772240,0.9968896
772241,0.99858403
772242,0.95957494
772243,0.997586
772244,0.9309202
772245,0.008294886
772246,0.12238903
772247,0.9885847
772248,0.99792063
772249,0.0069226683
772250,0.9968361
772251,0.95622796
772252,0.97575736
772253,0.59774995
772254,0.9631876
772255,0.014707035
772256,0.98689955
772257,0.0037429759
772258,0.9987531
772259,0.9669253
772260,0.08629881
772261,0.108660415
772262,0.57655907
772263,0.26739252
772264,0.5431973
772265,0.99766374
772266,0.9863025
772267,0.018754445
772268,0.8173229
772269,0.017074037
772270,0.83751965
772271,0.9894314
772272,0.7823792
772273,0.9115508
772274,0.55130154
772275,0.08184801
772276,0.99389046
772277,0.16759099
772278,0.97362006
772279,0.91257197
772280,0.98514825
772281,0.044097416
772282,0.93253154
772283,0.9839059
772284,0.26781875
772285,0.8041921
772286,0.02252512
772287,0.95592624
772288,0.9908087
772289,0.8467161
772290,0.96518147
772291,0.56428146
772292,0.9451895
772293,0.008968895
772294,0.8263271
772295,0.0043807966
772296,0.94028336
772297,0.0094677415
772298,0.99731755
772299,0.08660356
772300,0.03775289
772301,0.992296
772302,0.051358476
772303,0.40790308
772304,0.92772526
772305,0.26918513
772306,0.38445586
772307,0.7782202
772308,0.17219323
772309,0.9960971
772310,0.6320075
772311,0.7322717
772312,0.99300504
772313,0.0029621157
772314,0.7029177
772315,0.99929154
772316,0.001561605
772317,0.6792585
772318,0.025583185
772319,0.02180224
772320,0.6886873
772321,0.037494842
772322,0.74458855
772323,0.02535379
772324,0.5596592
772325,0.9877987
772326,0.75389934
772327,0.053118393
772328,0.13007107
772329,0.26378232
772330,0.012193983
772331,0.6265075
772332,0.35686222
772333,0.9989315
772334,0.7559727
772335,0.13866615
772336,0.84763074
772337,0.9958733
772338,0.99132794
772339,0.010916691
772340,0.9738482
772341,0.6625808
772342,0.36419395
772343,0.97896755
772344,0.99650574
772345,0.9582664
772346,0.9797532
772347,0.015801944
772348,0.8470011
772349,0.83817345
772350,0.036971163
772351,0.4663974
772352,0.9956177
772353,0.086043894
772354,0.9837585
772355,0.9734042
772356,0.120652065
772357,0.9200647
772358,0.002259429
772359,0.9910356
772360,0.99947524
772361,0.97503644
772362,0.011711657
772363,0.22830342
772364,0.9965848
772365,0.013232611
772366,0.24859813
772367,0.16210411
772368,0.23585743
772369,0.9362047
772370,0.14107993
772371,0.973686
772372,0.93537474
772373,0.0073319725
772374,0.013301835
772375,0.018268052
772376,0.11692558
772377,0.08840744
772378,0.7499752
772379,0.9934554
772380,0.9928722
772381,0.9781154
772382,0.53238493
772383,0.50481844
772384,0.036003716
772385,0.06770467
772386,0.32902592
772387,0.012619194
772388,0.95590806
772389,0.93936825
772390,0.9443526
772391,0.58401865
772392,0.99217343
772393,0.5366391
772394,0.9976226
772395,0.05882532
772396,0.022199541
772397,0.062337592
772398,0.29914933
772399,0.02259365
772400,0.28854504
772401,0.9995657
772402,0.024670448
772403,0.5597325
772404,0.0067582983
772405,0.9427822
772406,0.8380786
772407,0.36461446
772408,0.060774412
772409,0.66629815
772410,0.100952186
772411,0.04763447
772412,0.8774655
772413,0.40886113
772414,0.08475941
772415,0.32290336
772416,0.120763
772417,0.8678537
772418,0.9900385
772419,0.008632582
772420,0.021383036
772421,0.03191908
772422,0.04164316
772423,0.9201508
772424,0.010904353
772425,0.98771393
772426,0.025533777
772427,0.020711258
772428,0.126686
772429,0.0076173185
772430,0.10956976
772431,0.4649208
772432,0.9072365
772433,0.0040471465
772434,0.131665
772435,0.8067996
772436,0.11631112
772437,0.5076309
772438,0.06505125
772439,0.9869614
772440,0.12186163
772441,0.47220832
772442,0.9855992
772443,0.05866054
772444,0.18672542
772445,0.09569034
772446,0.9207059
772447,0.054722734
772448,0.37325135
772449,0.013884851
772450,0.16411135
772451,0.0034886505
772452,0.94731003
772453,0.99303246
772454,0.20986083
772455,0.97189546
772456,0.10559153
772457,0.99283755
772458,0.8998372
772459,0.52606606
772460,0.04699748
772461,0.053609956
772462,0.091632195
772463,0.0048619243
772464,0.3449807
772465,0.9601802
772466,0.034243762
772467,0.027016595
772468,0.059640676
772469,0.06919551
772470,0.6287592
772471,0.6339335
772472,0.40505883
772473,0.023857562
772474,0.14374399
772475,0.33390352
772476,0.0632671
772477,0.9583141
772478,0.11031699
772479,0.99650455
772480,0.32902145
772481,0.072334014
772482,0.15400884
772483,0.87916297
772484,0.84023094
772485,0.045775402
772486,0.65238273
772487,0.03703452
772488,0.02583171
772489,0.9414246
772490,0.0031675694
772491,0.77480674
772492,0.78921545
772493,0.0019745664
772494,0.78517085
772495,0.7962401
772496,0.5204508
772497,0.8401432
772498,0.008099043
772499,0.18205786
772500,0.22054298
772501,0.010867137
772502,0.013047436
772503,0.97737014
772504,0.010156748
772505,0.025627948
772506,0.005124989
772507,0.7721957
772508,0.9909478
772509,0.94651717
772510,0.027627937
772511,0.11488162
772512,0.9283605
772513,0.0069834273
772514,0.058626577
772515,0.78591704
772516,0.9979505
772517,0.03288326
772518,0.0239175
772519,0.05726025
772520,0.85253775
772521,0.0035313892
772522,0.5296869
772523,0.89220953
772524,0.17578606
772525,0.033055384
772526,0.98854643
772527,0.983895
772528,0.01986681
772529,0.37208444
772530,0.06949091
772531,0.19744185
772532,0.7576848
772533,0.10297431
772534,0.07869163
772535,0.98609924
772536,0.11663576
772537,0.016654879
772538,0.99170595
772539,0.9169456
772540,0.8969525
772541,0.9451975
772542,0.16207209
772543,0.38780203
772544,0.3378933
772545,0.012374379
772546,0.94923604
772547,0.044136904
772548,0.14515947
772549,0.04835512
772550,0.013956028
772551,0.5368568
772552,0.077858925
772553,0.006069282
772554,0.051969584
772555,0.96640927
772556,0.9980685
772557,0.04555416
772558,0.8938456
772559,0.0036367588
772560,0.9040556
772561,0.023865556
772562,0.96756935
772563,0.96771395
772564,0.017413922
772565,0.90787953
772566,0.028382508
772567,0.008016603
772568,0.007282807
772569,0.25183898
772570,0.9584016
772571,0.026669769
772572,0.27677757
772573,0.048508905
772574,0.9596566
772575,0.9892469
772576,0.004136927
772577,0.99105537
772578,0.9840294
772579,0.07099305
772580,0.7160267
772581,0.9695227
772582,0.9498091
772583,0.8635303
772584,0.95140076
772585,0.98756444
772586,0.38752502
772587,0.439718
772588,0.9976551
772589,0.09207036
772590,0.35906237
772591,0.047444552
772592,0.003868814
772593,0.028657123
772594,0.036213446
772595,0.90799475
772596,0.096696585
772597,0.023944382
772598,0.015649801
772599,0.010677794
772600,0.022591949
772601,0.9958317
772602,0.9037875
772603,0.6889025
772604,0.1022999
772605,0.87859046
772606,0.99044293
772607,0.06043098
772608,0.013956841
772609,0.20337966
772610,0.34049827
772611,0.10042442
772612,0.95261544
772613,0.004136847
772614,0.06296785
772615,0.9197168
772616,0.99160343
772617,0.5564984
772618,0.80952686
772619,0.99034536
772620,0.92668545
772621,0.034388773
772622,0.19865131
772623,0.6501573
772624,0.0028703432
772625,0.9982892
772626,0.044148143
772627,0.029924586
772628,0.0037162704
772629,0.8508588
772630,0.9955431
772631,0.030452635
772632,0.7230444
772633,0.01888076
772634,0.2991026
772635,0.1635644
772636,0.024733722
772637,0.0036329792
772638,0.007720135
772639,0.051961526
772640,0.8706133
772641,0.98826706
772642,0.004624969
772643,0.011780648
772644,0.20962043
772645,0.8261101
772646,0.0485279
772647,0.014275579
772648,0.0016946516
772649,0.9929006
772650,0.12619685
772651,0.011506202
772652,0.06278985
772653,0.01455317
772654,0.059610955
772655,0.99570405
772656,0.031106766
772657,0.99582344
772658,0.3174156
772659,0.8539425
772660,0.019950435
772661,0.9883927
772662,0.01504961
772663,0.40376538
772664,0.9700485
772665,0.030277483
772666,0.35359278
772667,0.015275466
772668,0.54269403
772669,0.40689063
772670,0.19079113
772671,0.97216845
772672,0.32360122
772673,0.036308333
772674,0.99740607
772675,0.613684
772676,0.048762023
772677,0.020571947
772678,0.14867164
772679,0.9835238
772680,0.029460603
772681,0.7254596
772682,0.99850523
772683,0.040373378
772684,0.03437099
772685,0.12398597
772686,0.99057853
772687,0.73444164
772688,0.030880924
772689,0.02902338
772690,0.24865589
772691,0.9824726
772692,0.7368982
772693,0.9906667
772694,0.06964302
772695,0.13760726
772696,0.016880853
772697,0.97125775
772698,0.2894035
772699,0.037317708
772700,0.720221
772701,0.7860266
772702,0.8940848
772703,0.21146218
772704,0.017482959
772705,0.004360671
772706,0.5860394
772707,0.30750632
772708,0.55289733
772709,0.0038258971
772710,0.04371927
772711,0.031845987
772712,0.013818587
772713,0.006054991
772714,0.018230688
772715,0.2815551
772716,0.4929629
772717,0.037014212
772718,0.06466382
772719,0.95263875
772720,0.4445396
772721,0.071896486
772722,0.9600791
772723,0.92468303
772724,0.008823285
772725,0.026983203
772726,0.0064018974
772727,0.11505652
772728,0.014237771
772729,0.007503831
772730,0.99193555
772731,0.9991144
772732,0.24913731
772733,0.9443091
772734,0.016608775
772735,0.058018107
772736,0.7942695
772737,0.7121649
772738,0.4154728
772739,0.023023862
772740,0.0019479915
772741,0.17579083
772742,0.009624877
772743,0.98113894
772744,0.9468115
772745,0.19356945
772746,0.016373739
772747,0.9980769
772748,0.025147952
772749,0.94181895
772750,0.01989596
772751,0.031354755
772752,0.88817805
772753,0.97748923
772754,0.97043735
772755,0.1389299
772756,0.09524301
772757,0.074003726
772758,0.31689852
772759,0.60470206
772760,0.88797545
772761,0.010791469
772762,0.120103315
772763,0.9924184
772764,0.9158469
772765,0.037607666
772766,0.45954195
772767,0.16365129
772768,0.8095773
772769,0.57332474
772770,0.13948238
772771,0.845375
772772,0.8501257
772773,0.12810117
772774,0.006387871
772775,0.9746285
772776,0.13455802
772777,0.6159385
772778,0.36692584
772779,0.67864025
772780,0.9790419
772781,0.98243666
772782,0.48204523
772783,0.5087905
772784,0.010377757
772785,0.3779847
772786,0.40098614
772787,0.061758555
772788,0.85175633
772789,0.84946054
772790,0.010421505
772791,0.07314253
772792,0.9983478
772793,0.050705254
772794,0.03211645
772795,0.08486125
772796,0.039710235
772797,0.9480973
772798,0.023535196
772799,0.0428111
772800,0.022528853
772801,0.2453928
772802,0.00059658336
772803,0.04482589
772804,0.2201375
772805,0.95665663
772806,0.95941734
772807,0.85288566
772808,0.51790476
772809,0.35407808
772810,0.13260455
772811,0.106940806
772812,0.9943458
772813,0.0636992
772814,0.835221
772815,0.06674119
772816,0.19630003
772817,0.8661405
772818,0.0039150026
772819,0.05704405
772820,0.013660547
772821,0.008222634
772822,0.10210282
772823,0.9958739
772824,0.010059171
772825,0.97316515
772826,0.0071583954
772827,0.021662587
772828,0.7595753
772829,0.7347787
772830,0.99495435
772831,0.99644774
772832,0.99680233
772833,0.98831344
772834,0.97129035
772835,0.97948974
772836,0.0819314
772837,0.028182544
772838,0.007387422
772839,0.785991
772840,0.5362579
772841,0.96011233
772842,0.012951388
772843,0.11287591
772844,0.84216726
772845,0.3076775
772846,0.90089244
772847,0.92925227
772848,0.45211372
772849,0.010286532
772850,0.019567654
772851,0.09637947
772852,0.2372675
772853,0.8129081
772854,0.25545257
772855,0.8511405
772856,0.036833238
772857,0.073717274
772858,0.0051699583
772859,0.90635467
772860,0.7975392
772861,0.65262634
772862,0.957688
772863,0.8550907
772864,0.93091935
772865,0.99579686
772866,0.2667379
772867,0.0409371
772868,0.27658543
772869,0.016884629
772870,0.009102839
772871,0.044847623
772872,0.010235655
772873,0.08844028
772874,0.6128088
772875,0.9865715
772876,0.9947465
772877,0.05123651
772878,0.4118254
772879,0.0124922
772880,0.99874985
772881,0.005242288
772882,0.87634593
772883,0.99255884
772884,0.14382853
772885,0.0057191323
772886,0.81464106
772887,0.018157361
772888,0.37625337
772889,0.9248498
772890,0.04071074
772891,0.02611883
772892,0.9084348
772893,0.9159234
772894,0.018645003
772895,0.06174551
772896,0.98727155
772897,0.8917213
772898,0.51289946
772899,0.09690888
772900,0.004212173
772901,0.6538074
772902,0.00916771
772903,0.20679863
772904,0.02081343
772905,0.9993186
772906,0.29862404
772907,0.9586877
772908,0.9375257
772909,0.05503551
772910,0.70480895
772911,0.011430855
772912,0.8340041
772913,0.17709559
772914,0.27538872
772915,0.13069269
772916,0.81616724
772917,0.80263627
772918,0.96563697
772919,0.9849436
772920,0.01025572
772921,0.013813698
772922,0.26513237
772923,0.12946975
772924,0.9571584
772925,0.44616804
772926,0.3595801
772927,0.011070508
772928,0.9042086
772929,0.042700864
772930,0.01890017
772931,0.64361554
772932,0.23397423
772933,0.04100491
772934,0.9377172
772935,0.99666035
772936,0.087728366
772937,0.984061
772938,0.99538124
772939,0.0061095003
772940,0.26376355
772941,0.99197567
772942,0.9986096
772943,0.99545
772944,0.5497302
772945,0.044111744
772946,0.9910566
772947,0.9087587
772948,0.36766458
772949,0.14970958
772950,0.9860835
772951,0.49977976
772952,0.14785609
772953,0.98576677
772954,0.007104679
772955,0.89917
772956,0.07972168
772957,0.985963
772958,0.924489
772959,0.9694956
772960,0.28906912
772961,0.86670375
772962,0.41291088
772963,0.5300016
772964,0.040816493
772965,0.8579132
772966,0.9659914
772967,0.44266558
772968,0.052046254
772969,0.9847189
772970,0.9779198
772971,0.07651873
772972,0.01124247
772973,0.12819926
772974,0.99362016
772975,0.018391429
772976,0.5686269
772977,0.0049432176
772978,0.018510066
772979,0.99373335
772980,0.26863095
772981,0.35846677
772982,0.03707748
772983,0.21741611
772984,0.60390514
772985,0.9807792
772986,0.95888335
772987,0.010494195
772988,0.9437783
772989,0.9981981
772990,0.093491934
772991,0.0492989
772992,0.071895346
772993,0.99096227
772994,0.044050872
772995,0.80560666
772996,0.0147153735
772997,0.6205428
772998,0.97944856
772999,0.68590254
773000,0.020723205
773001,0.90656537
773002,0.03750045
773003,0.99070525
773004,0.9444938
773005,0.9964336
773006,0.05796221
773007,0.44670194
773008,0.7274041
773009,0.084400035
773010,0.5041853
773011,0.3370357
773012,0.041952632
773013,0.80152345
773014,0.7755943
773015,0.877711
773016,0.30328792
773017,0.004513818
773018,0.8196671
773019,0.81290966
773020,0.99051845
773021,0.1754282
773022,0.90613776
773023,0.94470644
773024,0.98481214
773025,0.9309591
773026,0.9242431
773027,0.8999118
773028,0.024964977
773029,0.9986142
773030,0.48247722
773031,0.6565775
773032,0.2321951
773033,0.08330025
773034,0.5439801
773035,0.33883968
773036,0.98598707
773037,0.9936969
773038,0.89120966
773039,0.0153235
773040,0.009425811
773041,0.87477374
773042,0.8923753
773043,0.05139923
773044,0.99852216
773045,0.92604035
773046,0.66376626
773047,0.9799739
773048,0.9400513
773049,0.012241216
773050,0.015254815
773051,0.057437498
773052,0.09224962
773053,0.02757911
773054,0.6500231
773055,0.004556639
773056,0.3026695
773057,0.40274143
773058,0.98375195
773059,0.4047343
773060,0.10903738
773061,0.95354855
773062,0.038249545
773063,0.00890881
773064,0.07334996
773065,0.15485728
773066,0.033980455
773067,0.72519845
773068,0.9772599
773069,0.03400689
773070,0.03424504
773071,0.009432195
773072,0.06378973
773073,0.30276614
773074,0.7633841
773075,0.119458355
773076,0.40668446
773077,0.009761038
773078,0.090499476
773079,0.9940812
773080,0.99406254
773081,0.9840986
773082,0.9749767
773083,0.9168909
773084,0.94790804
773085,0.028582867
773086,0.9781511
773087,0.22426102
773088,0.521719
773089,0.768933
773090,0.96226764
773091,0.95361525
773092,0.041135825
773093,0.4878328
773094,0.93660104
773095,0.15390714
773096,0.9788337
773097,0.18468979
773098,0.9645426
773099,0.9842174
773100,0.7834374
773101,0.012651721
773102,0.4361746
773103,0.017982826
773104,0.97030616
773105,0.056302804
773106,0.01679317
773107,0.6920614
773108,0.4359257
773109,0.92695856
773110,0.115151376
773111,0.6088618
773112,0.99189717
773113,0.98988724
773114,0.9146048
773115,0.06507362
773116,0.2566625
773117,0.04385417
773118,0.01959545
773119,0.055930752
773120,0.07998485
773121,0.09985539
773122,0.015409788
773123,0.48123008
773124,0.16347235
773125,0.49732453
773126,0.97159606
773127,0.99142474
773128,0.52826744
773129,0.46903646
773130,0.88421327
773131,0.9946781
773132,0.021489266
773133,0.18388513
773134,0.96182835
773135,0.9990243
773136,0.019498948
773137,0.19277874
773138,0.9988044
773139,0.03530346
773140,0.053759106
773141,0.0032007247
773142,0.07313914
773143,0.06945878
773144,0.011787801
773145,0.53661495
773146,0.9927009
773147,0.8172514
773148,0.9876855
773149,0.014742681
773150,0.009636408
773151,0.087588
773152,0.23663932
773153,0.06434144
773154,0.07023108
773155,0.022197723
773156,0.70799434
773157,0.98992735
773158,0.10069612
773159,0.4615081
773160,0.595439
773161,0.85837966
773162,0.0115182195
773163,0.98702335
773164,0.2032313
773165,0.9925351
773166,0.9813305
773167,0.956346
773168,0.0034363247
773169,0.19988182
773170,0.43736976
773171,0.018046267
773172,0.0632628
773173,0.006492964
773174,0.9482097
773175,0.8348985
773176,0.9842603
773177,0.99437654
773178,0.28588682
773179,0.9760083
773180,0.935997
773181,0.95630246
773182,0.014142363
773183,0.5115871
773184,0.9338912
773185,0.09744138
773186,0.0068389056
773187,0.91061085
773188,0.99015146
773189,0.03109204
773190,0.9444619
773191,0.99467343
773192,0.18426351
773193,0.97596115
773194,0.024810635
773195,0.9951328
773196,0.9959724
773197,0.43868938
773198,0.6253667
773199,0.8300079
773200,0.9968902
773201,0.015953226
773202,0.9958871
773203,0.9941088
773204,0.9090308
773205,0.6991241
773206,0.9417881
773207,0.1869346
773208,0.94528514
773209,0.047939904
773210,0.10027807
773211,0.04832303
773212,0.049024746
773213,0.009872261
773214,0.042082578
773215,0.03518766
773216,0.9941721
773217,0.6565165
773218,0.0064895474
773219,0.011968454
773220,0.06959515
773221,0.0819173
773222,0.0823091
773223,0.03311207
773224,0.03822027
773225,0.0054380456
773226,0.06707833
773227,0.010326146
773228,0.3311334
773229,0.23148778
773230,0.033652123
773231,0.058822654
773232,0.18023303
773233,0.7410419
773234,0.019207554
773235,0.98530555
773236,0.065347984
773237,0.99380165
773238,0.08629209
773239,0.9900627
773240,0.9994062
773241,0.92185867
773242,0.8814608
773243,0.064484015
773244,0.006876163
773245,0.086942606
773246,0.98930705
773247,0.9809929
773248,0.007984882
773249,0.2554293
773250,0.9669516
773251,0.058103956
773252,0.019590147
773253,0.9953133
773254,0.056182586
773255,0.07864073
773256,0.04954818
773257,0.5631629
773258,0.91173935
773259,0.99867404
773260,0.007036168
773261,0.03078892
773262,0.018394077
773263,0.013783965
773264,0.5581533
773265,0.88103515
773266,0.048653245
773267,0.48839378
773268,0.028266616
773269,0.7015825
773270,0.17894053
773271,0.0060590906
773272,0.9741922
773273,0.0059088063
773274,0.296549
773275,0.9209049
773276,0.0097852135
773277,0.9924221
773278,0.31414992
773279,0.47519314
773280,0.86663276
773281,0.46517518
773282,0.92683136
773283,0.08666746
773284,0.062070854
773285,0.75054467
773286,0.004004368
773287,0.7682671
773288,0.8980505
773289,0.47937986
773290,0.028152302
773291,0.16945961
773292,0.943147
773293,0.007833652
773294,0.0045920303
773295,0.78192717
773296,0.073242456
773297,0.34982434
773298,0.93982005
773299,0.0101378495
773300,0.0029867683
773301,0.99282306
773302,0.10944827
773303,0.026298515
773304,0.023434926
773305,0.07323599
773306,0.0582707
773307,0.8786135
773308,0.16752893
773309,0.012848091
773310,0.0657825
773311,0.04272603
773312,0.19386552
773313,0.989146
773314,0.99099195
773315,0.008162336
773316,0.9024692
773317,0.00559093
773318,0.035852145
773319,0.9372096
773320,0.98132706
773321,0.978878
773322,0.7293123
773323,0.9977429
773324,0.65366393
773325,0.91251266
773326,0.808982
773327,0.96157616
773328,0.006736093
773329,0.011268945
773330,0.9661077
773331,0.9531636
773332,0.054214135
773333,0.99537605
773334,0.34378076
773335,0.09676082
773336,0.08231684
773337,0.98602045
773338,0.07384795
773339,0.87527335
773340,0.0107898675
773341,0.82975113
773342,0.21050543
773343,0.012337024
773344,0.838101
773345,0.025016826
773346,0.21233134
773347,0.9762221
773348,0.35607097
773349,0.006216386
773350,0.17264196
773351,0.024807902
773352,0.013014989
773353,0.0049259756
773354,0.9824122
773355,0.9947641
773356,0.93294287
773357,0.8668298
773358,0.015237139
773359,0.0051637036
773360,0.3659008
773361,0.47749406
773362,0.005791275
773363,0.9505268
773364,0.9886236
773365,0.04148073
773366,0.009388255
773367,0.91124624
773368,0.016125396
773369,0.22934821
773370,0.7821051
773371,0.0051963776
773372,0.53720057
773373,0.24848863
773374,0.87918615
773375,0.053676687
773376,0.47357112
773377,0.0051482106
773378,0.9642806
773379,0.87198716
773380,0.99265695
773381,0.0161626
773382,0.88204235
773383,0.087072484
773384,0.051984705
773385,0.9912031
773386,0.99221945
773387,0.98979247
773388,0.0722017
773389,0.0074964203
773390,0.7624747
773391,0.99036825
773392,0.035732195
773393,0.9419487
773394,0.98468226
773395,0.24509427
773396,0.027315067
773397,0.010553942
773398,0.06170046
773399,0.2996775
773400,0.37789842
773401,0.9985492
773402,0.86483526
773403,0.019515432
773404,0.99139494
773405,0.0031474978
773406,0.9138587
773407,0.65295494
773408,0.019282259
773409,0.9952565
773410,0.062073298
773411,0.8304696
773412,0.007235269
773413,0.9901091
773414,0.13258362
773415,0.0018698326
773416,0.037641652
773417,0.87940365
773418,0.5030886
773419,0.0023649985
773420,0.12590656
773421,0.020528995
773422,0.96921253
773423,0.94064033
773424,0.99357337
773425,0.3489036
773426,0.89993083
773427,0.0076804515
773428,0.93671787
773429,0.96630573
773430,0.8643904
773431,0.99361193
773432,0.9891101
773433,0.010394597
773434,0.29513285
773435,0.99679583
773436,0.9492761
773437,0.87346864
773438,0.06427443
773439,0.21251357
773440,0.962023
773441,0.8492452
773442,0.041831672
773443,0.22075807
773444,0.99844146
773445,0.89276886
773446,0.0065267463
773447,0.007300837
773448,0.99714184
773449,0.10009976
773450,0.00387542
773451,0.026322909
773452,0.042922683
773453,0.9863944
773454,0.29145783
773455,0.04832896
773456,0.008368589
773457,0.022977049
773458,0.6187414
773459,0.52149004
773460,0.023627672
773461,0.9802729
773462,0.64108205
773463,0.48947155
773464,0.009910034
773465,0.9244524
773466,0.970275
773467,0.053310536
773468,0.3112443
773469,0.013667961
773470,0.5621704
773471,0.99537045
773472,0.0024702698
773473,0.014893361
773474,0.0057768454
773475,0.016817886
773476,0.016107993
773477,0.97672707
773478,0.01455501
773479,0.9452418
773480,0.19003789
773481,0.5409504
773482,0.022144996
773483,0.78799
773484,0.95689726
773485,0.9226412
773486,0.3027146
773487,0.26921177
773488,0.7686441
773489,0.893504
773490,0.045504678
773491,0.981262
773492,0.58384705
773493,0.014750014
773494,0.57827693
773495,0.7682428
773496,0.01904051
773497,0.00793777
773498,0.94618547
773499,0.9279992
773500,0.010558829
773501,0.9717645
773502,0.88317525
773503,0.9360416
773504,0.38491794
773505,0.021174425
773506,0.02995698
773507,0.13556978
773508,0.9317303
773509,0.58396626
773510,0.44490787
773511,0.0083698705
773512,0.035380866
773513,0.8171622
773514,0.008054319
773515,0.0072455057
773516,0.4647095
773517,0.9020674
773518,0.008095585
773519,0.01457246
773520,0.24601933
773521,0.0010131582
773522,0.004408402
773523,0.9940018
773524,0.07318035
773525,0.020331714
773526,0.033609815
773527,0.7744101
773528,0.098849356
773529,0.34915078
773530,0.974521
773531,0.13449414
773532,0.02932301
773533,0.9961804
773534,0.96899176
773535,0.0757991
773536,0.07034422
773537,0.02088717
773538,0.9842729
773539,0.013752088
773540,0.40070122
773541,0.108017355
773542,0.30512172
773543,0.006096212
773544,0.3837299
773545,0.0032515703
773546,0.0030924503
773547,0.053309444
773548,0.0022868114
773549,0.91652477
773550,0.98458874
773551,0.7195141
773552,0.09047654
773553,0.013391048
773554,0.02045089
773555,0.13113868
773556,0.055022035
773557,0.48477286
773558,0.06282771
773559,0.935616
773560,0.9990424
773561,0.121156245
773562,0.21335654
773563,0.008567188
773564,0.94860035
773565,0.24370518
773566,0.06246527
773567,0.05090213
773568,0.023508038
773569,0.38089162
773570,0.25636587
773571,0.933008
773572,0.0008723286
773573,0.0457708
773574,0.13054428
773575,0.021829676
773576,0.17720667
773577,0.9715867
773578,0.16240603
773579,0.29394
773580,0.17069542
773581,0.9752892
773582,0.008023274
773583,0.9960456
773584,0.9590523
773585,0.8978139
773586,0.12674248
773587,0.034209315
773588,0.058865953
773589,0.005181269
773590,0.013740599
773591,0.5828278
773592,0.7715446
773593,0.6379134
773594,0.9955799
773595,0.6161927
773596,0.06792089
773597,0.99084353
773598,0.06398778
773599,0.01849696
773600,0.021178827
773601,0.9954654
773602,0.1406887
773603,0.02044574
773604,0.88157934
773605,0.057244156
773606,0.022243202
773607,0.79820263
773608,0.021277854
773609,0.014013438
773610,0.7569321
773611,0.14473037
773612,0.28549019
773613,0.9869708
773614,0.30627614
773615,0.9788002
773616,0.84236604
773617,0.05629965
773618,0.91369563
773619,0.020068303
773620,0.44495898
773621,0.9030462
773622,0.26215854
773623,0.004499179
773624,0.007149253
773625,0.020473354
773626,0.5174921
773627,0.996841
773628,0.112750486
773629,0.37615037
773630,0.0026726746
773631,0.008579944
773632,0.9886659
773633,0.9454683
773634,0.0046647824
773635,0.10904093
773636,0.059969056
773637,0.045842778
773638,0.008197239
773639,0.160696
773640,0.008166864
773641,0.93822134
773642,0.0019153457
773643,0.2390576
773644,0.99393153
773645,0.31571013
773646,0.3971704
773647,0.15675694
773648,0.5178077
773649,0.9912052
773650,0.58643705
773651,0.23312184
773652,0.017664185
773653,0.91787845
773654,0.111015715
773655,0.91631114
773656,0.94180846
773657,0.09231039
773658,0.99796706
773659,0.7818131
773660,0.98935115
773661,0.45512736
773662,0.98366934
773663,0.033507615
773664,0.01115697
773665,0.25267285
773666,0.9248444
773667,0.9882884
773668,0.9806861
773669,0.019018043
773670,0.96935356
773671,0.27552867
773672,0.3204159
773673,0.03143034
773674,0.024531778
773675,0.018050538
773676,0.9915161
773677,0.046010494
773678,0.28282332
773679,0.92945766
773680,0.0035755017
773681,0.02039466
773682,0.016247466
773683,0.2508449
773684,0.045514785
773685,0.17525312
773686,0.005848445
773687,0.043015234
773688,0.014104508
773689,0.017333556
773690,0.09557234
773691,0.974329
773692,0.88647604
773693,0.6952218
773694,0.9806241
773695,0.033305466
773696,0.15809886
773697,0.994969
773698,0.123202614
773699,0.0070409323
773700,0.07901817
773701,0.94257176
773702,0.0032422598
773703,0.07142413
773704,0.6416124
773705,0.8394879
773706,0.62103975
773707,0.019388685
773708,0.0011306282
773709,0.09217856
773710,0.07740383
773711,0.008282675
773712,0.014738461
773713,0.9655698
773714,0.18692854
773715,0.0038710032
773716,0.99551034
773717,0.007894436
773718,0.100943536
773719,0.07764325
773720,0.010796187
773721,0.00681517
773722,0.35300997
773723,0.64573216
773724,0.98087025
773725,0.9716298
773726,0.93852973
773727,0.66225046
773728,0.029405756
773729,0.98918486
773730,0.95264494
773731,0.9774432
773732,0.994781
773733,0.98840183
773734,0.98545545
773735,0.012718075
773736,0.04797472
773737,0.95753384
773738,0.07301022
773739,0.9958297
773740,0.9559948
773741,0.55498374
773742,0.9816173
773743,0.051851135
773744,0.06962773
773745,0.997625
773746,0.08915849
773747,0.03316155
773748,0.016540242
773749,0.09150921
773750,0.97129035
773751,0.111274466
773752,0.02249141
773753,0.98826945
773754,0.014189675
773755,0.97127163
773756,0.9922279
773757,0.38075396
773758,0.028893134
773759,0.055837225
773760,0.10898314
773761,0.27650908
773762,0.07018996
773763,0.32673883
773764,0.095087305
773765,0.859115
773766,0.01950218
773767,0.09532254
773768,0.00610006
773769,0.0017023277
773770,0.6150993
773771,0.19675152
773772,0.89558935
773773,0.021153802
773774,0.9872446
773775,0.98094916
773776,0.99744415
773777,0.023008503
773778,0.035611976
773779,0.8762501
773780,0.094724715
773781,0.0048474907
773782,0.7384472
773783,0.9525486
773784,0.1282987
773785,0.7340513
773786,0.7248905
773787,0.032781143
773788,0.82844037
773789,0.04634179
773790,0.04977209
773791,0.6519551
773792,0.86908144
773793,0.007937033
773794,0.96914643
773795,0.7927215
773796,0.7904537
773797,0.56333643
773798,0.999699
773799,0.025506115
773800,0.6880376
773801,0.017428335
773802,0.2084905
773803,0.00831782
773804,0.007287323
773805,0.049804576
773806,0.1647372
773807,0.06578306
773808,0.013491116
773809,0.16592462
773810,0.007987286
773811,0.91423917
773812,0.9001539
773813,0.02171722
773814,0.022927571
773815,0.05793371
773816,0.09173044
773817,0.01334689
773818,0.10361965
773819,0.011097964
773820,0.01765801
773821,0.95748043
773822,0.97279996
773823,0.9506564
773824,0.027410071
773825,0.0726051
773826,0.86878014
773827,0.3449341
773828,0.99947435
773829,0.87619823
773830,0.551955
773831,0.8366747
773832,0.9940734
773833,0.008911546
773834,0.5772012
773835,0.6530894
773836,0.41592836
773837,0.9066911
773838,0.080737025
773839,0.9617175
773840,0.37885326
773841,0.69587624
773842,0.52137613
773843,0.988423
773844,0.5977332
773845,0.0049553663
773846,0.9959125
773847,0.017868027
773848,0.99246573
773849,0.9363917
773850,0.06585413
773851,0.06866695
773852,0.041703995
773853,0.13897514
773854,0.012251198
773855,0.048650816
773856,0.997188
773857,0.937409
773858,0.99133444
773859,0.009812704
773860,0.97790015
773861,0.014782971
773862,0.6873308
773863,0.16756351
773864,0.034801718
773865,0.021726035
773866,0.0050099
773867,0.21458581
773868,0.02815255
773869,0.0074789706
773870,0.31025556
773871,0.010578101
773872,0.039205957
773873,0.86324495
773874,0.13915728
773875,0.5590391
773876,0.92143035
773877,0.06431348
773878,0.15907395
773879,0.12818141
773880,0.0037168802
773881,0.010117738
773882,0.022022462
773883,0.97809047
773884,0.94146824
773885,0.8440666
773886,0.96836406
773887,0.018448316
773888,0.2935807
773889,0.0053042453
773890,0.9966156
773891,0.61128074
773892,0.99958557
773893,0.021291632
773894,0.96510965
773895,0.6365025
773896,0.0031922695
773897,0.04523758
773898,0.023044871
773899,0.29666525
773900,0.011950644
773901,0.8936371
773902,0.14246829
773903,0.90101767
773904,0.6448504
773905,0.010764348
773906,0.5051651
773907,0.99767524
773908,0.9985891
773909,0.96624696
773910,0.03927526
773911,0.016626794
773912,0.08102174
773913,0.99782014
773914,0.9940519
773915,0.015146012
773916,0.024494588
773917,0.9993127
773918,0.0031788023
773919,0.9910914
773920,0.005027596
773921,0.02451401
773922,0.99081665
773923,0.08330189
773924,0.057431623
773925,0.477654
773926,0.77730334
773927,0.91217136
773928,0.021737564
773929,0.9603361
773930,0.88521105
773931,0.27772123
773932,0.03518102
773933,0.97638786
773934,0.8578424
773935,0.59809184
773936,0.77861524
773937,0.90467525
773938,0.9907782
773939,0.03990043
773940,0.08541749
773941,0.050824292
773942,0.5313128
773943,0.097903386
773944,0.006480074
773945,0.9978375
773946,0.75416446
773947,0.043277673
773948,0.99611974
773949,0.7073103
773950,0.04430552
773951,0.99842227
773952,0.49787953
773953,0.597581
773954,0.7684971
773955,0.013346814
773956,0.030117813
773957,0.982587
773958,0.7838838
773959,0.9904343
773960,0.0052464404
773961,0.26816303
773962,0.021748167
773963,0.0030307393
773964,0.6248917
773965,0.997579
773966,0.95283246
773967,0.08307909
773968,0.829613
773969,0.99825805
773970,0.99657184
773971,0.9869133
773972,0.9954596
773973,0.97716945
773974,0.93077767
773975,0.098038495
773976,0.9636808
773977,0.9583699
773978,0.024180237
773979,0.14741874
773980,0.64969486
773981,0.00273814
773982,0.14163563
773983,0.9934818
773984,0.7286408
773985,0.39839786
773986,0.6560211
773987,0.21220282
773988,0.9043492
773989,0.8092428
773990,0.7580675
773991,0.014420482
773992,0.980731
773993,0.9876783
773994,0.9907831
773995,0.9921516
773996,0.07838727
773997,0.18349522
773998,0.99843276
773999,0.24150169
774000,0.9591741
774001,0.019817043
774002,0.99294513
774003,0.0043077837
774004,0.6150738
774005,0.035901543
774006,0.8312522
774007,0.020463873
774008,0.026107047
774009,0.98269624
774010,0.2794264
774011,0.5930823
774012,0.685429
774013,0.11000279
774014,0.014354835
774015,0.016726315
774016,0.0546519
774017,0.791576
774018,0.99908376
774019,0.9988328
774020,0.4773565
774021,0.03442966
774022,0.10747613
774023,0.31818324
774024,0.02092807
774025,0.0073212106
774026,0.9379081
774027,0.044433225
774028,0.26626122
774029,0.8535636
774030,0.9878988
774031,0.028497787
774032,0.72259843
774033,0.40921
774034,0.12743476
774035,0.023250598
774036,0.4302104
774037,0.38359702
774038,0.018276758
774039,0.67938626
774040,0.65315074
774041,0.9837373
774042,0.999118
774043,0.20509192
774044,0.42203984
774045,0.05355667
774046,0.9330504
774047,0.94476295
774048,0.023347279
774049,0.9593633
774050,0.006774122
774051,0.4554245
774052,0.014503434
774053,0.012502925
774054,0.04997299
774055,0.5593157
774056,0.069423035
774057,0.99761295
774058,0.3491823
774059,0.9945109
774060,0.99243987
774061,0.91886544
774062,0.2548297
774063,0.9909176
774064,0.119317874
774065,0.5622145
774066,0.009882756
774067,0.011720351
774068,0.030554954
774069,0.14930013
774070,0.24318379
774071,0.0013168253
774072,0.90543467
774073,0.049019255
774074,0.010954879
774075,0.98811036
774076,0.9857084
774077,0.035183895
774078,0.25914323
774079,0.6611189
774080,0.5546782
774081,0.5632301
774082,0.029830862
774083,0.016979136
774084,0.056911014
774085,0.17886354
774086,0.004669982
774087,0.008609043
774088,0.97799927
774089,0.48842677
774090,0.87265563
774091,0.20153877
774092,0.017412
774093,0.013107633
774094,0.15762885
774095,0.9523204
774096,0.6550554
774097,0.013671367
774098,0.05147512
774099,0.020100718
774100,0.34991482
774101,0.9846276
774102,0.9913422
774103,0.0058014016
774104,0.1899275
774105,0.94267285
774106,0.15969372
774107,0.49173123
774108,0.9144087
774109,0.16188596
774110,0.933844
774111,0.9981629
774112,0.050336994
774113,0.9491491
774114,0.6568328
774115,0.6143508
774116,0.55382156
774117,0.9574934
774118,0.9878292
774119,0.002765325
774120,0.15688619
774121,0.70799494
774122,0.9880623
774123,0.3302137
774124,0.95467365
774125,0.05455499
774126,0.022585317
774127,0.95600814
774128,0.42422536
774129,0.95258766
774130,0.010203657
774131,0.92616683
774132,0.14722814
774133,0.22491582
774134,0.12123363
774135,0.12669328
774136,0.9053839
774137,0.97403073
774138,0.22171895
774139,0.9972626
774140,0.0038630553
774141,0.17096743
774142,0.016178371
774143,0.9558588
774144,0.038842715
774145,0.9759125
774146,0.34729603
774147,0.0073321266
774148,0.0071477517
774149,0.9685975
774150,0.7373158
774151,0.9777763
774152,0.81865525
774153,0.004248999
774154,0.99071753
774155,0.9964744
774156,0.013602189
774157,0.8610628
774158,0.012430681
774159,0.2313323
774160,0.8126733
774161,0.93974566
774162,0.0151138585
774163,0.26011282
774164,0.5269316
774165,0.91655964
774166,0.38959864
774167,0.099939205
774168,0.94628894
774169,0.7908318
774170,0.50091743
774171,0.054053452
774172,0.019675953
774173,0.01589518
774174,0.94599813
774175,0.7839164
774176,0.020281993
774177,0.8281469
774178,0.7923028
774179,0.004776116
774180,0.148727
774181,0.89372826
774182,0.037675038
774183,0.94036734
774184,0.0016465937
774185,0.064991646
774186,0.09028693
774187,0.28746876
774188,0.58919543
774189,0.028241577
774190,0.052088268
774191,0.04440145
774192,0.9911021
774193,0.9456106
774194,0.9918104
774195,0.99354446
774196,0.99586606
774197,0.008710905
774198,0.97394377
774199,0.9964539
774200,0.16985658
774201,0.0022919741
774202,0.9407244
774203,0.9673118
774204,0.9994128
774205,0.67632705
774206,0.9607883
774207,0.28792334
774208,0.9953828
774209,0.12863438
774210,0.48463005
774211,0.10648
774212,0.015728464
774213,0.8110585
774214,0.034883462
774215,0.022234518
774216,0.007648457
774217,0.5000747
774218,0.0095899515
774219,0.038723975
774220,0.9903623
774221,0.3408392
774222,0.038050413
774223,0.048716746
774224,0.10470144
774225,0.07261918
774226,0.98165476
774227,0.98557115
774228,0.3407105
774229,0.80708945
774230,0.024375169
774231,0.98178995
774232,0.5807824
774233,0.50304765
774234,0.15439045
774235,0.16075182
774236,0.86149114
774237,0.036172986
774238,0.13265556
774239,0.86439407
774240,0.0040700887
774241,0.9475173
774242,0.9744272
774243,0.16119769
774244,0.99720085
774245,0.9078961
774246,0.96587217
774247,0.47012186
774248,0.8936263
774249,0.99463904
774250,0.38236928
774251,0.006288344
774252,0.4017312
774253,0.7732047
774254,0.99420005
774255,0.98813355
774256,0.5328996
774257,0.11663586
774258,0.028259398
774259,0.9448564
774260,0.99212635
774261,0.79554826
774262,0.95375896
774263,0.012171848
774264,0.7124877
774265,0.60240746
774266,0.83781606
774267,0.89253557
774268,0.99573696
774269,0.009058947
774270,0.030848214
774271,0.91766685
774272,0.1395146
774273,0.00993654
774274,0.9111844
774275,0.031597305
774276,0.012604575
774277,0.032083232
774278,0.01257785
774279,0.1690004
774280,0.026676897
774281,0.36052522
774282,0.94654405
774283,0.042091243
774284,0.003129745
774285,0.8875344
774286,0.027618332
774287,0.09537233
774288,0.016646542
774289,0.03232152
774290,0.0062694913
774291,0.23029555
774292,0.88985264
774293,0.93573916
774294,0.24270184
774295,0.10535929
774296,0.19098765
774297,0.98984665
774298,0.29114008
774299,0.96610624
774300,0.9891618
774301,0.008531443
774302,0.9959943
774303,0.32410988
774304,0.9256997
774305,0.015314114
774306,0.024115052
774307,0.8094663
774308,0.9108706
774309,0.029579995
774310,0.98529947
774311,0.98347646
774312,0.9976249
774313,0.082189105
774314,0.0638776
774315,0.39724928
774316,0.9828463
774317,0.22871007
774318,0.16624105
774319,0.8581743
774320,0.3123786
774321,0.8995742
774322,0.3732499
774323,0.045322992
774324,0.49990746
774325,0.062080428
774326,0.081561476
774327,0.99667954
774328,0.03247753
774329,0.38039446
774330,0.22101928
774331,0.8856739
774332,0.98543847
774333,0.93148375
774334,0.037779994
774335,0.88794404
774336,0.0151630165
774337,0.5440482
774338,0.045997098
774339,0.3454616
774340,0.060477193
774341,0.10370969
774342,0.67035073
774343,0.9027906
774344,0.9711004
774345,0.006026647
774346,0.013364898
774347,0.18740639
774348,0.53629255
774349,0.04515031
774350,0.8202521
774351,0.9588247
774352,0.01326268
774353,0.0300957
774354,0.01148323
774355,0.018782843
774356,0.05986473
774357,0.99947613
774358,0.106381804
774359,0.98290485
774360,0.003057148
774361,0.050667524
774362,0.98383176
774363,0.45719478
774364,0.009929899
774365,0.014460884
774366,0.8689643
774367,0.991838
774368,0.31379914
774369,0.04578663
774370,0.969082
774371,0.5714078
774372,0.9948952
774373,0.113415584
774374,0.97195005
774375,0.94376326
774376,0.15993863
774377,0.011422388
774378,0.0029316398
774379,0.70533377
774380,0.9682922
774381,0.035065524
774382,0.009439108
774383,0.9952092
774384,0.011276177
774385,0.016533293
774386,0.23919079
774387,0.6769191
774388,0.025378585
774389,0.06613974
774390,0.961017
774391,0.0067455787
774392,0.007895368
774393,0.55116916
774394,0.03282521
774395,0.9638859
774396,0.017075256
774397,0.99656725
774398,0.9762081
774399,0.60143006
774400,0.9596955
774401,0.49894765
774402,0.18341869
774403,0.9894045
774404,0.018663347
774405,0.8760977
774406,0.060901515
774407,0.9754022
774408,0.9732931
774409,0.10041892
774410,0.9872462
774411,0.03553494
774412,0.6471647
774413,0.044676956
774414,0.0126690585
774415,0.84603107
774416,0.34483945
774417,0.017044425
774418,0.03838573
774419,0.088481314
774420,0.005362694
774421,0.2792387
774422,0.9859225
774423,0.98013705
774424,0.92440975
774425,0.10690025
774426,0.07436442
774427,0.96295685
774428,0.9848427
774429,0.99002504
774430,0.36676002
774431,0.9779187
774432,0.008887739
774433,0.0663608
774434,0.99688715
774435,0.9907422
774436,0.9650348
774437,0.95306605
774438,0.27828428
774439,0.15741165
774440,0.9745769
774441,0.20982748
774442,0.0022635874
774443,0.038376898
774444,0.7253988
774445,0.69517726
774446,0.7064128
774447,0.07644547
774448,0.012667951
774449,0.011374609
774450,0.5330399
774451,0.07784362
774452,0.052047588
774453,0.779245
774454,0.85330695
774455,0.2515033
774456,0.21352515
774457,0.0031972888
774458,0.062049
774459,0.045742847
774460,0.25389954
774461,0.9995975
774462,0.1258052
774463,0.97891444
774464,0.95687956
774465,0.011025608
774466,0.017008154
774467,0.96799475
774468,0.99892664
774469,0.97945297
774470,0.36448735
774471,0.8320706
774472,0.025089938
774473,0.019068448
774474,0.009601973
774475,0.297202
774476,0.94620883
774477,0.63725406
774478,0.0013312607
774479,0.048165794
774480,0.026679512
774481,0.9971008
774482,0.15753478
774483,0.012340617
774484,0.0024244962
774485,0.7789913
774486,0.04869052
774487,0.9926042
774488,0.04153932
774489,0.9888034
774490,0.4569443
774491,0.045172937
774492,0.17192954
774493,0.028914124
774494,0.9590943
774495,0.9046477
774496,0.9958595
774497,0.011749431
774498,0.0042675175
774499,0.8168569
774500,0.05883271
774501,0.039149646
774502,0.040727314
774503,0.7044428
774504,0.9994686
774505,0.021767942
774506,0.96507007
774507,0.45979586
774508,0.99562407
774509,0.15727738
774510,0.015939513
774511,0.9550017
774512,0.047229286
774513,0.0128518
774514,0.008363617
774515,0.8353055
774516,0.959319
774517,0.99501127
774518,0.0919322
774519,0.9939443
774520,0.06810383
774521,0.95959055
774522,0.017490325
774523,0.231731
774524,0.11104913
774525,0.6698967
774526,0.284139
774527,0.109809436
774528,0.99582064
774529,0.9299754
774530,0.0057931086
774531,0.9988655
774532,0.0140102245
774533,0.096221596
774534,0.92053485
774535,0.90949833
774536,0.85588044
774537,0.9960833
774538,0.014244146
774539,0.029535836
774540,0.998028
774541,0.97139454
774542,0.02188206
774543,0.0036114152
774544,0.45889592
774545,0.074247204
774546,0.008456603
774547,0.6700405
774548,0.98443186
774549,0.09010301
774550,0.9453074
774551,0.9917002
774552,0.9928808
774553,0.21955392
774554,0.89962196
774555,0.8371997
774556,0.12875202
774557,0.15529206
774558,0.13386768
774559,0.14108802
774560,0.6362915
774561,0.03754172
774562,0.25210723
774563,0.17007537
774564,0.09266341
774565,0.12274629
774566,0.010067727
774567,0.052983932
774568,0.011096132
774569,0.69956636
774570,0.94598836
774571,0.10821887
774572,0.9801988
774573,0.5965078
774574,0.18927084
774575,0.69137585
774576,0.04343434
774577,0.1180753
774578,0.23895122
774579,0.79165494
774580,0.15901665
774581,0.019409576
774582,0.86509717
774583,0.9837329
774584,0.029259125
774585,0.5031941
774586,0.19296522
774587,0.031323362
774588,0.8812828
774589,0.9989576
774590,0.8458699
774591,0.9810379
774592,0.0063319597
774593,0.052063234
774594,0.4769471
774595,0.9808208
774596,0.004927652
774597,0.8089088
774598,0.9762138
774599,0.046428397
774600,0.04980241
774601,0.050763562
774602,0.03346213
774603,0.2642656
774604,0.0046352344
774605,0.9972691
774606,0.7877637
774607,0.96452063
774608,0.9578349
774609,0.9776495
774610,0.08081231
774611,0.0073525338
774612,0.9600907
774613,0.058103036
774614,0.84736466
774615,0.0031498112
774616,0.98391217
774617,0.98807335
774618,0.9895806
774619,0.10590133
774620,0.036125127
774621,0.02109943
774622,0.01568523
774623,0.53276503
774624,0.1932872
774625,0.9576032
774626,0.0047000074
774627,0.9971015
774628,0.9888897
774629,0.70790267
774630,0.018251143
774631,0.009389795
774632,0.18505783
774633,0.816352
774634,0.030153885
774635,0.023876345
774636,0.009410864
774637,0.1543691
774638,0.2595519
774639,0.9764106
774640,0.0012975261
774641,0.041954525
774642,0.060033377
774643,0.9181819
774644,0.9693164
774645,0.98517793
774646,0.9869512
774647,0.25849447
774648,0.00762586
774649,0.20797488
774650,0.4644327
774651,0.010310061
774652,0.22598332
774653,0.983593
774654,0.99609303
774655,0.99592537
774656,0.92097163
774657,0.012687843
774658,0.09954328
774659,0.1291365
774660,0.88466024
774661,0.9185648
774662,0.1112982
774663,0.09605379
774664,0.98888123
774665,0.04992807
774666,0.9929363
774667,0.9360609
774668,0.83130693
774669,0.94691753
774670,0.99075204
774671,0.0048830765
774672,0.06816301
774673,0.3348894
774674,0.16365002
774675,0.07784715
774676,0.10637191
774677,0.14126812
774678,0.58127606
774679,0.90420365
774680,0.027397845
774681,0.3652649
774682,0.99641556
774683,0.9786799
774684,0.009374388
774685,0.6818524
774686,0.8941144
774687,0.9781338
774688,0.3758913
774689,0.9857346
774690,0.98249394
774691,0.6738256
774692,0.9944855
774693,0.54164547
774694,0.010471604
774695,0.79574674
774696,0.09139112
774697,0.042934462
774698,0.88973904
774699,0.9608593
774700,0.98670775
774701,0.08214593
774702,0.98477226
774703,0.9803623
774704,0.005190029
774705,0.8659549
774706,0.2642406
774707,0.013833502
774708,0.016184585
774709,0.9976681
774710,0.15059786
774711,0.3770159
774712,0.29843616
774713,0.971307
774714,0.8932184
774715,0.9950352
774716,0.34682643
774717,0.951537
774718,0.07401322
774719,0.022722173
774720,0.45268068
774721,0.002968691
774722,0.90986335
774723,0.7474216
774724,0.016539613
774725,0.8494598
774726,0.9824157
774727,0.031579953
774728,0.062649935
774729,0.015706314
774730,0.97287107
774731,0.2766569
774732,0.7743035
774733,0.86314845
774734,0.10441579
774735,0.9226448
774736,0.82972145
774737,0.77248657
774738,0.98747873
774739,0.99082637
774740,0.018362138
774741,0.13794327
774742,0.69296527
774743,0.83329844
774744,0.52328014
774745,0.8516873
774746,0.30481225
774747,0.43474433
774748,0.029889818
774749,0.7848155
774750,0.06482188
774751,0.9775799
774752,0.0054840688
774753,0.13073534
774754,0.98104286
774755,0.0074316515
774756,0.97322965
774757,0.12058671
774758,0.97323054
774759,0.86574614
774760,0.040102597
774761,0.056418553
774762,0.015772074
774763,0.34655598
774764,0.60784304
774765,0.70798564
774766,0.23038554
774767,0.9783141
774768,0.9898788
774769,0.08466337
774770,0.9904144
774771,0.009722205
774772,0.8365953
774773,0.02909429
774774,0.27405694
774775,0.08863079
774776,0.9947051
774777,0.9723058
774778,0.92864907
774779,0.0070715696
774780,0.90741175
774781,0.8833212
774782,0.2427156
774783,0.42487222
774784,0.0054286695
774785,0.037794743
774786,0.9956767
774787,0.14342086
774788,0.9636204
774789,0.9464141
774790,0.6879409
774791,0.98726654
774792,0.0076097865
774793,0.98961246
774794,0.9903345
774795,0.008758435
774796,0.9913356
774797,0.04955059
774798,0.040593237
774799,0.082505345
774800,0.04133924
774801,0.9677844
774802,0.9676868
774803,0.075427845
774804,0.055669338
774805,0.015625965
774806,0.93626565
774807,0.30025357
774808,0.02939291
774809,0.8374538
774810,0.9497517
774811,0.020839216
774812,0.013374427
774813,0.021795826
774814,0.94132066
774815,0.99662685
774816,0.064208224
774817,0.9810008
774818,0.17178069
774819,0.9251787
774820,0.8951005
774821,0.9935621
774822,0.6019396
774823,0.99756
774824,0.90747917
774825,0.061171763
774826,0.0067334184
774827,0.06766923
774828,0.7421576
774829,0.3905955
774830,0.9721709
774831,0.19410673
774832,0.074855186
774833,0.8305806
774834,0.015214374
774835,0.08646574
774836,0.048718132
774837,0.042427007
774838,0.4253651
774839,0.80971783
774840,0.5808449
774841,0.08658296
774842,0.73618925
774843,0.014115785
774844,0.004558818
774845,0.023309585
774846,0.8105757
774847,0.9962796
774848,0.036965586
774849,0.4555427
774850,0.0020209183
774851,0.7200056
774852,0.029777527
774853,0.0037040038
774854,0.02779081
774855,0.7436043
774856,0.024089247
774857,0.98216844
774858,0.6818085
774859,0.18925792
774860,0.064318806
774861,0.02313717
774862,0.9062007
774863,0.0042062337
774864,0.008635528
774865,0.9916023
774866,0.99746484
774867,0.92521405
774868,0.015582972
774869,0.13151954
774870,0.64821506
774871,0.004755435
774872,0.18296225
774873,0.68424046
774874,0.01554843
774875,0.51745135
774876,0.99224806
774877,0.45881975
774878,0.04494075
774879,0.024010431
774880,0.011400912
774881,0.8675458
774882,0.33737773
774883,0.02043058
774884,0.03776056
774885,0.05072677
774886,0.05888787
774887,0.011792574
774888,0.99522096
774889,0.019239731
774890,0.07213278
774891,0.0024259407
774892,0.69819903
774893,0.051156458
774894,0.0049762083
774895,0.925015
774896,0.42135134
774897,0.019822218
774898,0.38882774
774899,0.5728325
774900,0.98620737
774901,0.27316093
774902,0.9683188
774903,0.11154118
774904,0.0050155525
774905,0.9031168
774906,0.60980976
774907,0.27782285
774908,0.045563173
774909,0.09984939
774910,0.45825532
774911,0.994989
774912,0.16103128
774913,0.004865951
774914,0.9783245
774915,0.0025775377
774916,0.9431285
774917,0.011282427
774918,0.37196785
774919,0.99837345
774920,0.018745992
774921,0.14694785
774922,0.9939631
774923,0.8859358
774924,0.28325215
774925,0.99222547
774926,0.3969853
774927,0.070203915
774928,0.54415166
774929,0.93978006
774930,0.13561662
774931,0.001375814
774932,0.013398725
774933,0.01927109
774934,0.88020736
774935,0.96116316
774936,0.9617505
774937,0.98118705
774938,0.8811038
774939,0.60955864
774940,0.18874156
774941,0.006463497
774942,0.0076081427
774943,0.025824443
774944,0.9610727
774945,0.977797
774946,0.022057403
774947,0.083032385
774948,0.77770215
774949,0.20352201
774950,0.9661055
774951,0.9995016
774952,0.98533857
774953,0.97374266
774954,0.5781073
774955,0.9980183
774956,0.68836856
774957,0.7437753
774958,0.29999197
774959,0.004014574
774960,0.93745774
774961,0.019399669
774962,0.8897635
774963,0.08371399
774964,0.105577454
774965,0.98532915
774966,0.024213511
774967,0.9737748
774968,0.010437418
774969,0.029308803
774970,0.69792795
774971,0.24539135
774972,0.053950466
774973,0.011814675
774974,0.7076335
774975,0.028743822
774976,0.13974309
774977,0.01320615
774978,0.9838485
774979,0.02828388
774980,0.08998978
774981,0.42646396
774982,0.08320658
774983,0.9838091
774984,0.301718
774985,0.54938465
774986,0.20615259
774987,0.99243224
774988,0.080871284
774989,0.063155085
774990,0.006459068
774991,0.06918311
774992,0.81198823
774993,0.19063449
774994,0.38674623
774995,0.57301515
774996,0.0024883656
774997,0.5189124
774998,0.8242239
774999,0.9988152
775000,0.9515748
775001,0.8951907
775002,0.80339783
775003,0.77397287
775004,0.0075571057
775005,0.13415097
775006,0.15276468
775007,0.100484684
775008,0.032927375
775009,0.9794841
775010,0.0045110118
775011,0.27117258
775012,0.013168652
775013,0.9907292
775014,0.96991223
775015,0.8906609
775016,0.99770737
775017,0.03197611
775018,0.9875065
775019,0.9853915
775020,0.90071917
775021,0.98788464
775022,0.030544365
775023,0.96510404
775024,0.043976374
775025,0.15360948
775026,0.80069846
775027,0.5504348
775028,0.009718508
775029,0.28085327
775030,0.99888074
775031,0.1489358
775032,0.9429115
775033,0.08501421
775034,0.0027598287
775035,0.07034363
775036,0.9693731
775037,0.80831873
775038,0.891324
775039,0.008069736
775040,0.9351717
775041,0.028449845
775042,0.9512886
775043,0.15153682
775044,0.41734374
775045,0.99113595
775046,0.9939865
775047,0.015678018
775048,0.01635589
775049,0.9895283
775050,0.44243017
775051,0.008265529
775052,0.20595007
775053,0.77104425
775054,0.99112785
775055,0.61713225
775056,0.0923934
775057,0.9816276
775058,0.0021761358
775059,0.006677538
775060,0.056134842
775061,0.0038921395
775062,0.9676591
775063,0.97658694
775064,0.04756866
775065,0.03890332
775066,0.017314253
775067,0.017985526
775068,0.9926319
775069,0.016148962
775070,0.94654983
775071,0.45129284
775072,0.78472173
775073,0.08763504
775074,0.9865724
775075,0.40191412
775076,0.99788755
775077,0.9689552
775078,0.2152271
775079,0.0034902398
775080,0.16663545
775081,0.32318673
775082,0.9080363
775083,0.017058771
775084,0.5911813
775085,0.0036141365
775086,0.04399736
775087,0.33995038
775088,0.99175286
775089,0.95283926
775090,0.0316617
775091,0.27030212
775092,0.23351277
775093,0.07105113
775094,0.05703741
775095,0.0046928795
775096,0.033642896
775097,0.19876076
775098,0.9914268
775099,0.004957816
775100,0.18031982
775101,0.024534345
775102,0.13647133
775103,0.008915562
775104,0.12773691
775105,0.34701943
775106,0.315494
775107,0.39930817
775108,0.74816084
775109,0.7683287
775110,0.6920993
775111,0.009141939
775112,0.002015269
775113,0.05604203
775114,0.003775501
775115,0.076848835
775116,0.75062954
775117,0.863826
775118,0.4442537
775119,0.019874422
775120,0.78812814
775121,0.9953433
775122,0.021689236
775123,0.0012324476
775124,0.019961942
775125,0.87341267
775126,0.0023137857
775127,0.023841664
775128,0.15255123
775129,0.008961089
775130,0.037245896
775131,0.04224472
775132,0.16685006
775133,0.9490637
775134,0.3143787
775135,0.17416818
775136,0.9858444
775137,0.96463895
775138,0.59060585
775139,0.17408213
775140,0.12466949
775141,0.90177435
775142,0.9522271
775143,0.11825348
775144,0.96056366
775145,0.041203603
775146,0.11733474
775147,0.009106485
775148,0.00476895
775149,0.008366217
775150,0.06032712
775151,0.98053074
775152,0.024947694
775153,0.7797384
775154,0.012946581
775155,0.14643879
775156,0.034160398
775157,0.029832574
775158,0.008559296
775159,0.01684614
775160,0.012217977
775161,0.60547733
775162,0.022075873
775163,0.05048656
775164,0.0039980914
775165,0.782417
775166,0.04139582
775167,0.94694114
775168,0.0035455683
775169,0.9864998
775170,0.8620184
775171,0.43146342
775172,0.9970247
775173,0.9896975
775174,0.22386046
775175,0.09454703
775176,0.017716207
775177,0.99146664
775178,0.6580565
775179,0.9533718
775180,0.7598897
775181,0.5559678
775182,0.0048529655
775183,0.5913375
775184,0.14788002
775185,0.00865849
775186,0.9361665
775187,0.1128985
775188,0.96891433
775189,0.9939364
775190,0.23203897
775191,0.036055986
775192,0.013913781
775193,0.06455681
775194,0.045423925
775195,0.0070189824
775196,0.98550093
775197,0.010653774
775198,0.73320454
775199,0.017229347
775200,0.014464286
775201,0.06622067
775202,0.9262372
775203,0.08435761
775204,0.9608157
775205,0.9918342
775206,0.2412699
775207,0.99070144
775208,0.068377055
775209,0.059615232
775210,0.9567728
775211,0.061017126
775212,0.99406177
775213,0.11812505
775214,0.023553215
775215,0.13091934
775216,0.9806273
775217,0.5475133
775218,0.035602614
775219,0.11986544
775220,0.010461016
775221,0.01560102
775222,0.16219196
775223,0.004689775
775224,0.07897283
775225,0.995242
775226,0.015290337
775227,0.091021836
775228,0.006454619
775229,0.7569933
775230,0.16189994
775231,0.18019637
775232,0.23479956
775233,0.9904137
775234,0.13384981
775235,0.9491431
775236,0.63351136
775237,0.0048377495
775238,0.006269331
775239,0.35039777
775240,0.0036361176
775241,0.9807767
775242,0.018834492
775243,0.011970072
775244,0.015977934
775245,0.025429692
775246,0.68109417
775247,0.073022746
775248,0.76730144
775249,0.0972269
775250,0.9690162
775251,0.32931232
775252,0.0052103736
775253,0.99054205
775254,0.99550045
775255,0.039775446
775256,0.94024456
775257,0.22379686
775258,0.0049052434
775259,0.98650384
775260,0.8756444
775261,0.09017688
775262,0.9917113
775263,0.9938607
775264,0.05076036
775265,0.06474238
775266,0.99908364
775267,0.5521855
775268,0.039390396
775269,0.9989507
775270,0.9884169
775271,0.9656945
775272,0.015034971
775273,0.9876541
775274,0.006118962
775275,0.04025662
775276,0.014270051
775277,0.0061792163
775278,0.075479195
775279,0.78595644
775280,0.2441133
775281,0.9972866
775282,0.021092495
775283,0.9188336
775284,0.91816664
775285,0.009913803
775286,0.5659076
775287,0.95280266
775288,0.06375872
775289,0.3150478
775290,0.9406144
775291,0.28546596
775292,0.020446217
775293,0.079364136
775294,0.9541103
775295,0.083713114
775296,0.16004996
775297,0.99729335
775298,0.994476
775299,0.39468658
775300,0.3374875
775301,0.938447
775302,0.03115848
775303,0.5159404
775304,0.96345216
775305,0.417625
775306,0.9484756
775307,0.9498851
775308,0.012981664
775309,0.542265
775310,0.09558099
775311,0.2811154
775312,0.005423431
775313,0.039633803
775314,0.015896238
775315,0.93460727
775316,0.99597234
775317,0.029483799
775318,0.019461622
775319,0.810563
775320,0.051033348
775321,0.24392211
775322,0.0050655534
775323,0.95182306
775324,0.9863155
775325,0.56223106
775326,0.9971021
775327,0.053031426
775328,0.98694986
775329,0.98769194
775330,0.99606
775331,0.014564463
775332,0.98859674
775333,0.106008574
775334,0.0065272367
775335,0.9920767
775336,0.0826159
775337,0.025534987
775338,0.9813263
775339,0.9974382
775340,0.066687524
775341,0.20256715
775342,0.59665126
775343,0.9435147
775344,0.29151002
775345,0.003982373
775346,0.9941033
775347,0.78155255
775348,0.65131927
775349,0.13594264
775350,0.80874145
775351,0.97486347
775352,0.36491793
775353,0.40083596
775354,0.00535933
775355,0.28625417
775356,0.18347186
775357,0.740964
775358,0.005348496
775359,0.002419762
775360,0.12625173
775361,0.9983963
775362,0.0543423
775363,0.019617718
775364,0.88691014
775365,0.025667692
775366,0.023472123
775367,0.0072530713
775368,0.022186205
775369,0.011876025
775370,0.43489474
775371,0.98542356
775372,0.9532485
775373,0.019483868
775374,0.01855828
775375,0.07233332
775376,0.97484404
775377,0.9601855
775378,0.058095265
775379,0.206837
775380,0.3634706
775381,0.97264796
775382,0.009300111
775383,0.051790886
775384,0.6258997
775385,0.6035886
775386,0.67766595
775387,0.37750015
775388,0.22710136
775389,0.8592377
775390,0.6391528
775391,0.014092617
775392,0.08606784
775393,0.3705558
775394,0.11532165
775395,0.9806813
775396,0.45477927
775397,0.02121181
775398,0.9940877
775399,0.09299226
775400,0.008689994
775401,0.6335361
775402,0.17437905
775403,0.0030278545
775404,0.99363256
775405,0.2791999
775406,0.86033386
775407,0.33948857
775408,0.020167058
775409,0.9937091
775410,0.98160875
775411,0.981778
775412,0.7809098
775413,0.011988325
775414,0.3806282
775415,0.024602465
775416,0.00237652
775417,0.9927874
775418,0.28594482
775419,0.33727273
775420,0.021842388
775421,0.0068607945
775422,0.0034595192
775423,0.039786007
775424,0.107583486
775425,0.040874526
775426,0.97063625
775427,0.02924892
775428,0.99276775
775429,0.09250596
775430,0.007874619
775431,0.9526522
775432,0.008652372
775433,0.97610664
775434,0.09916302
775435,0.6551846
775436,0.8881203
775437,0.9933523
775438,0.5513377
775439,0.9913452
775440,0.10513544
775441,0.623101
775442,0.9987695
775443,0.98989195
775444,0.0037648664
775445,0.5169595
775446,0.0032293056
775447,0.5589216
775448,0.02308461
775449,0.076517984
775450,0.0472652
775451,0.9982915
775452,0.9798839
775453,0.010637323
775454,0.30970472
775455,0.16336694
775456,0.015070359
775457,0.16888411
775458,0.9889899
775459,0.695881
775460,0.00096700084
775461,0.8087955
775462,0.2421402
775463,0.13897765
775464,0.8997027
775465,0.06756952
775466,0.98640203
775467,0.025352668
775468,0.018426819
775469,0.97497964
775470,0.02658217
775471,0.91888297
775472,0.42928275
775473,0.20801851
775474,0.98620594
775475,0.9908088
775476,0.85185313
775477,0.02716478
775478,0.59913033
775479,0.6164822
775480,0.817783
775481,0.12490899
775482,0.07272094
775483,0.039191704
775484,0.056334004
775485,0.979877
775486,0.88970715
775487,0.77640635
775488,0.99215317
775489,0.9617464
775490,0.9300524
775491,0.96235824
775492,0.025445467
775493,0.8755739
775494,0.9938731
775495,0.015072187
775496,0.2619618
775497,0.3657382
775498,0.20961602
775499,0.2683059
775500,0.3756672
775501,0.74736863
775502,0.8964193
775503,0.8660083
775504,0.9709847
775505,0.49105287
775506,0.09174247
775507,0.61245215
775508,0.19029838
775509,0.96998656
775510,0.8385082
775511,0.46107867
775512,0.08900553
775513,0.43791282
775514,0.93408763
775515,0.99690473
775516,0.33941126
775517,0.010523153
775518,0.2997031
775519,0.25550586
775520,0.9263079
775521,0.034766614
775522,0.92518336
775523,0.98663425
775524,0.90963995
775525,0.45509169
775526,0.9924177
775527,0.025564145
775528,0.98627234
775529,0.9987274
775530,0.43459907
775531,0.82300496
775532,0.08821243
775533,0.6856533
775534,0.019064333
775535,0.4871484
775536,0.0077291466
775537,0.99766135
775538,0.9543066
775539,0.8148283
775540,0.024671758
775541,0.06272639
775542,0.007458937
775543,0.8688451
775544,0.46148038
775545,0.5819439
775546,0.90485424
775547,0.5315702
775548,0.15123738
775549,0.34667236
775550,0.01929309
775551,0.6303929
775552,0.015935391
775553,0.008195521
775554,0.9140332
775555,0.97561413
775556,0.30601293
775557,0.43315148
775558,0.7275982
775559,0.72913945
775560,0.0030569346
775561,0.8374528
775562,0.97408825
775563,0.9822662
775564,0.3588587
775565,0.9490484
775566,0.08035353
775567,0.032560322
775568,0.0040405733
775569,0.8944667
775570,0.030649979
775571,0.9973266
775572,0.9526459
775573,0.46115032
775574,0.9690704
775575,0.8982222
775576,0.8366948
775577,0.8951499
775578,0.054633435
775579,0.047694836
775580,0.1461787
775581,0.8354027
775582,0.04600468
775583,0.34092993
775584,0.061611135
775585,0.08025794
775586,0.9941727
775587,0.054798163
775588,0.00753452
775589,0.42142493
775590,0.009077443
775591,0.4122116
775592,0.08758808
775593,0.9756447
775594,0.016416162
775595,0.3349266
775596,0.0027947314
775597,0.16000617
775598,0.7993811
775599,0.017736554
775600,0.019363344
775601,0.006425406
775602,0.0067574503
775603,0.97671807
775604,0.9440875
775605,0.6128909
775606,0.9287776
775607,0.011472453
775608,0.8566758
775609,0.011622962
775610,0.9964578
775611,0.8907704
775612,0.14927983
775613,0.20711753
775614,0.054736204
775615,0.013743008
775616,0.43713182
775617,0.0076591857
775618,0.011603644
775619,0.009902956
775620,0.9928161
775621,0.2673934
775622,0.98774844
775623,0.040129364
775624,0.16447365
775625,0.0050960355
775626,0.040927943
775627,0.523936
775628,0.98677135
775629,0.596983
775630,0.32683244
775631,0.46892777
775632,0.6228727
775633,0.990746
775634,0.55365676
775635,0.47775128
775636,0.99845946
775637,0.9198668
775638,0.97923267
775639,0.96118134
775640,0.4202055
775641,0.005661706
775642,0.86900127
775643,0.9855183
775644,0.003824421
775645,0.015128761
775646,0.5139218
775647,0.99189615
775648,0.0046771476
775649,0.16517758
775650,0.62779844
775651,0.019932244
775652,0.16736168
775653,0.9705644
775654,0.006614539
775655,0.9775419
775656,0.8751738
775657,0.15398659
775658,0.9741677
775659,0.9796036
775660,0.90412533
775661,0.74314934
775662,0.07320693
775663,0.04618316
775664,0.042720605
775665,0.003197546
775666,0.4682305
775667,0.048405524
775668,0.010875727
775669,0.22716364
775670,0.9937725
775671,0.021777809
775672,0.9219013
775673,0.5690495
775674,0.07396137
775675,0.74978215
775676,0.103762135
775677,0.11644355
775678,0.70190656
775679,0.9939449
775680,0.9956905
775681,0.96636146
775682,0.0027871598
775683,0.018976409
775684,0.19369408
775685,0.82962304
775686,0.6619824
775687,0.035170775
775688,0.019285465
775689,0.029560098
775690,0.10948084
775691,0.017662555
775692,0.015226086
775693,0.01958321
775694,0.19105782
775695,0.85543483
775696,0.2247483
775697,0.09905472
775698,0.71965957
775699,0.13746911
775700,0.02417002
775701,0.08744495
775702,0.96203244
775703,0.99494106
775704,0.28930527
775705,0.94293714
775706,0.7443159
775707,0.9965926
775708,0.07475373
775709,0.047688603
775710,0.46735498
775711,0.0173283
775712,0.10176106
775713,0.39253289
775714,0.11791293
775715,0.0050318264
775716,0.9211582
775717,0.0037970184
775718,0.4372152
775719,0.9508517
775720,0.0080351615
775721,0.2910721
775722,0.8337544
775723,0.014409578
775724,0.69978666
775725,0.96899116
775726,0.8839796
775727,0.01930725
775728,0.23953652
775729,0.001960261
775730,0.9992405
775731,0.4776618
775732,0.49080774
775733,0.120275155
775734,0.06501017
775735,0.019964404
775736,0.063939184
775737,0.93699616
775738,0.013525222
775739,0.9918201
775740,0.97098404
775741,0.91003394
775742,0.9960387
775743,0.95641434
775744,0.0044524358
775745,0.74048525
775746,0.0057090335
775747,0.063394874
775748,0.66288865
775749,0.23006934
775750,0.008374314
775751,0.93475246
775752,0.98478377
775753,0.27567026
775754,0.9686617
775755,0.1973244
775756,0.20674463
775757,0.0035798207
775758,0.15081187
775759,0.71142834
775760,0.029398471
775761,0.9983477
775762,0.66753376
775763,0.9931134
775764,0.90751404
775765,0.97954184
775766,0.99450237
775767,0.1622827
775768,0.0032584546
775769,0.02270554
775770,0.029843966
775771,0.008392722
775772,0.03596919
775773,0.98543525
775774,0.72935325
775775,0.0058057555
775776,0.97196245
775777,0.907286
775778,0.8802094
775779,0.016777106
775780,0.9560885
775781,0.0035198391
775782,0.99458814
775783,0.9956999
775784,0.97930944
775785,0.8312244
775786,0.011202603
775787,0.27822483
775788,0.1116605
775789,0.972642
775790,0.044088267
775791,0.97949314
775792,0.9939594
775793,0.98728156
775794,0.42532197
775795,0.93875444
775796,0.56058896
775797,0.8981867
775798,0.054758735
775799,0.23887172
775800,0.03553773
775801,0.014477713
775802,0.99660265
775803,0.0057169925
775804,0.17957881
775805,0.032815717
775806,0.1829248
775807,0.5081353
775808,0.94206935
775809,0.82836187
775810,0.3950408
775811,0.6685344
775812,0.050937615
775813,0.87796545
775814,0.11405747
775815,0.21010786
775816,0.02027009
775817,0.9855539
775818,0.010932701
775819,0.90811056
775820,0.012846257
775821,0.98136616
775822,0.97590876
775823,0.9667072
775824,0.052477386
775825,0.017115658
775826,0.019302772
775827,0.8107002
775828,0.0685227
775829,0.98845756
775830,0.5718504
775831,0.27685496
775832,0.45957994
775833,0.8832091
775834,0.012256515
775835,0.98038846
775836,0.9497878
775837,0.96649504
775838,0.5583844
775839,0.01722844
775840,0.95515776
775841,0.9317355
775842,0.0062574074
775843,0.15926978
775844,0.1348368
775845,0.9620531
775846,0.99682367
775847,0.9992026
775848,0.9880265
775849,0.99199003
775850,0.013271247
775851,0.0782677
775852,0.009082873
775853,0.9407643
775854,0.007983182
775855,0.9764354
775856,0.16879037
775857,0.43234056
775858,0.058062196
775859,0.016089214
775860,0.009312413
775861,0.82063997
775862,0.15961885
775863,0.99613523
775864,0.09859407
775865,0.88361025
775866,0.015362004
775867,0.027805947
775868,0.75384843
775869,0.39461562
775870,0.006067321
775871,0.29025918
775872,0.014923019
775873,0.6739944
775874,0.8697693
775875,0.8580574
775876,0.9268097
775877,0.8164705
775878,0.978048
775879,0.9569905
775880,0.07917192
775881,0.9973128
775882,0.9006711
775883,0.60337365
775884,0.497975
775885,0.14195427
775886,0.73302156
775887,0.9819188
775888,0.01539346
775889,0.099336356
775890,0.032605745
775891,0.9091679
775892,0.023361852
775893,0.97529435
775894,0.13139081
775895,0.9934837
775896,0.0095278565
775897,0.013744058
775898,0.60123354
775899,0.012818018
775900,0.42031962
775901,0.047527276
775902,0.0057284245
775903,0.98631763
775904,0.14313254
775905,0.041050524
775906,0.1500605
775907,0.9482514
775908,0.9896486
775909,0.009518633
775910,0.031795204
775911,0.9961214
775912,0.650523
775913,0.97745293
775914,0.9950325
775915,0.039608005
775916,0.71045184
775917,0.6908045
775918,0.04381293
775919,0.17196497
775920,0.17589277
775921,0.028340701
775922,0.8891036
775923,0.9925982
775924,0.30346966
775925,0.03305645
775926,0.009095879
775927,0.47481638
775928,0.18094072
775929,0.98882097
775930,0.9948266
775931,0.03912313
775932,0.020199627
775933,0.026446752
775934,0.25364664
775935,0.09598491
775936,0.13084103
775937,0.004180269
775938,0.9590173
775939,0.041750185
775940,0.011754354
775941,0.017902788
775942,0.9921976
775943,0.98882174
775944,0.9884342
775945,0.954068
775946,0.7546183
775947,0.18775007
775948,0.059327446
775949,0.9768438
775950,0.008971346
775951,0.1066564
775952,0.42712817
775953,0.60015786
775954,0.08813557
775955,0.06937257
775956,0.055017762
775957,0.51610553
775958,0.83019185
775959,0.99448633
775960,0.11795572
775961,0.6719787
775962,0.9554744
775963,0.8178807
775964,0.0012799324
775965,0.33544922
775966,0.99842274
775967,0.94284415
775968,0.27619064
775969,0.9663583
775970,0.15404719
775971,0.97694844
775972,0.7876502
775973,0.9831734
775974,0.99608624
775975,0.99450284
775976,0.770545
775977,0.29702803
775978,0.016157757
775979,0.25774333
775980,0.9698987
775981,0.9828651
775982,0.019895572
775983,0.08070214
775984,0.15147069
775985,0.993871
775986,0.8018779
775987,0.004856848
775988,0.6699244
775989,0.73925954
775990,0.99584156
775991,0.9974135
775992,0.9944422
775993,0.019384392
775994,0.9953701
775995,0.35173813
775996,0.05433724
775997,0.59114176
775998,0.9175547
775999,0.18400937
776000,0.9418229
776001,0.7614721
776002,0.9261524
776003,0.78963584
776004,0.027897477
776005,0.13058345
776006,0.93204427
776007,0.29817355
776008,0.3250548
776009,0.0020659266
776010,0.008974882
776011,0.11197215
776012,0.0330944
776013,0.9385481
776014,0.0066517657
776015,0.87882525
776016,0.005079893
776017,0.0007864401
776018,0.032930013
776019,0.044157587
776020,0.9935163
776021,0.6267841
776022,0.03064469
776023,0.16599181
776024,0.15508628
776025,0.88541865
776026,0.04858251
776027,0.061764687
776028,0.022867404
776029,0.91281176
776030,0.9876232
776031,0.023995258
776032,0.99934524
776033,0.0014659959
776034,0.11652739
776035,0.06259707
776036,0.0069731763
776037,0.98827374
776038,0.8293314
776039,0.982605
776040,0.98846036
776041,0.70065916
776042,0.069261245
776043,0.9691016
776044,0.6670182
776045,0.9502801
776046,0.0030784141
776047,0.9035708
776048,0.62137836
776049,0.99059546
776050,0.6698075
776051,0.85999465
776052,0.99863505
776053,0.012930691
776054,0.19592194
776055,0.72542715
776056,0.9959076
776057,0.93301445
776058,0.9948957
776059,0.06717095
776060,0.14897597
776061,0.13045155
776062,0.0834776
776063,0.90612245
776064,0.96760094
776065,0.050332025
776066,0.47493836
776067,0.14604625
776068,0.014026545
776069,0.8801899
776070,0.16162254
776071,0.9579949
776072,0.99850476
776073,0.351648
776074,0.999493
776075,0.024119109
776076,0.9972601
776077,0.013703994
776078,0.12147035
776079,0.9023627
776080,0.9911446
776081,0.12306294
776082,0.9756597
776083,0.97114843
776084,0.047426
776085,0.018193893
776086,0.9887667
776087,0.10865997
776088,0.9723302
776089,0.076819
776090,0.049910903
776091,0.8103786
776092,0.11362984
776093,0.23232313
776094,0.97866374
776095,0.006431965
776096,0.035484232
776097,0.80553293
776098,0.02327676
776099,0.13951866
776100,0.30832
776101,0.930189
776102,0.9324339
776103,0.6894553
776104,0.7726724
776105,0.11626673
776106,0.98385984
776107,0.01018866
776108,0.58851576
776109,0.035273347
776110,0.35924888
776111,0.9710503
776112,0.97887677
776113,0.050276898
776114,0.4903524
776115,0.07975091
776116,0.51972127
776117,0.9936693
776118,0.0343527
776119,0.003729443
776120,0.04203802
776121,0.08842398
776122,0.04121408
776123,0.0056057433
776124,0.99698985
776125,0.7849157
776126,0.43735975
776127,0.017098054
776128,0.06297194
776129,0.62132555
776130,0.044741936
776131,0.22043265
776132,0.5366912
776133,0.5971054
776134,0.54610324
776135,0.6727535
776136,0.025303558
776137,0.9953569
776138,0.009780243
776139,0.2879861
776140,0.0036086028
776141,0.04515806
776142,0.06436742
776143,0.0529774
776144,0.9858344
776145,0.0070539266
776146,0.123610355
776147,0.025979336
776148,0.19513385
776149,0.03760653
776150,0.8506512
776151,0.41043097
776152,0.007050157
776153,0.44425452
776154,0.03881821
776155,0.0042094
776156,0.007234915
776157,0.22622554
776158,0.9470506
776159,0.846601
776160,0.01309249
776161,0.99822223
776162,0.7822359
776163,0.05683058
776164,0.44878268
776165,0.0026342955
776166,0.9568074
776167,0.022961192
776168,0.15261003
776169,0.011847781
776170,0.013593473
776171,0.89939964
776172,0.0052019698
776173,0.008154344
776174,0.91615325
776175,0.07133006
776176,0.73481274
776177,0.5518938
776178,0.9829218
776179,0.009707941
776180,0.72421956
776181,0.9656102
776182,0.94447833
776183,0.05223901
776184,0.05138936
776185,0.09880586
776186,0.99306965
776187,0.0119697545
776188,0.9857741
776189,0.25105068
776190,0.9030777
776191,0.0060936976
776192,0.9406413
776193,0.98989403
776194,0.25874764
776195,0.43019953
776196,0.11163065
776197,0.026735598
776198,0.9095308
776199,0.9937714
776200,0.6691646
776201,0.029819079
776202,0.978205
776203,0.9910051
776204,0.19857943
776205,0.0022693076
776206,0.11352442
776207,0.12832795
776208,0.002653306
776209,0.9013271
776210,0.14572155
776211,0.08175665
776212,0.9384321
776213,0.92813367
776214,0.91894096
776215,0.013652572
776216,0.75635266
776217,0.9487947
776218,0.9926807
776219,0.03198608
776220,0.9669852
776221,0.19492272
776222,0.98946714
776223,0.51183283
776224,0.91945213
776225,0.050948225
776226,0.9959291
776227,0.062369317
776228,0.7301321
776229,0.034148823
776230,0.9137373
776231,0.17875034
776232,0.97921807
776233,0.32366586
776234,0.18444985
776235,0.96089554
776236,0.45364934
776237,0.98920447
776238,0.9930687
776239,0.5030534
776240,0.36979842
776241,0.05130672
776242,0.9897982
776243,0.015840977
776244,0.0292272
776245,0.9863442
776246,0.011392528
776247,0.6062278
776248,0.10461563
776249,0.11681189
776250,0.015915569
776251,0.04074013
776252,0.96951246
776253,0.99360937
776254,0.18534835
776255,0.02203861
776256,0.040166415
776257,0.019394156
776258,0.005552729
776259,0.71749365
776260,0.99798656
776261,0.08653132
776262,0.98635626
776263,0.12935156
776264,0.89112395
776265,0.014498537
776266,0.99868584
776267,0.9880792
776268,0.95696026
776269,0.015022439
776270,0.0022155347
776271,0.2657457
776272,0.9924771
776273,0.025999518
776274,0.041251134
776275,0.9805113
776276,0.13113302
776277,0.024908807
776278,0.9714062
776279,0.9086294
776280,0.10748201
776281,0.43226662
776282,0.20465262
776283,0.88988614
776284,0.95581853
776285,0.8951556
776286,0.008750688
776287,0.65081954
776288,0.06038724
776289,0.0043178797
776290,0.22248226
776291,0.99810886
776292,0.24555591
776293,0.85255194
776294,0.017295294
776295,0.995882
776296,0.9652696
776297,0.9725779
776298,0.010182096
776299,0.07311502
776300,0.25572765
776301,0.65046155
776302,0.034949012
776303,0.07658491
776304,0.6557798
776305,0.7816607
776306,0.6498308
776307,0.019208115
776308,0.8885565
776309,0.9512093
776310,0.009936664
776311,0.9707684
776312,0.964805
776313,0.056961797
776314,0.97532743
776315,0.9965384
776316,0.98320127
776317,0.0113969045
776318,0.88372505
776319,0.008988008
776320,0.86828303
776321,0.12247345
776322,0.43908924
776323,0.99622244
776324,0.6614653
776325,0.011658192
776326,0.4294214
776327,0.017517537
776328,0.7394956
776329,0.828423
776330,0.18170139
776331,0.00763229
776332,0.08185696
776333,0.9629647
776334,0.124071956
776335,0.007357066
776336,0.9078634
776337,0.17949039
776338,0.8454277
776339,0.9992608
776340,0.3981205
776341,0.0031891987
776342,0.31902382
776343,0.0023917325
776344,0.013366122
776345,0.98215836
776346,0.99970645
776347,0.10958159
776348,0.99298865
776349,0.87344193
776350,0.038029335
776351,0.9972328
776352,0.49660385
776353,0.042942695
776354,0.03606985
776355,0.02130931
776356,0.9816559
776357,0.75592184
776358,0.010565222
776359,0.016018007
776360,0.011653397
776361,0.28007025
776362,0.8271767
776363,0.0026386168
776364,0.12199346
776365,0.9837015
776366,0.0018278183
776367,0.9031573
776368,0.98339283
776369,0.081898764
776370,0.9976647
776371,0.06613608
776372,0.8711551
776373,0.06831374
776374,0.6190762
776375,0.94301355
776376,0.9137669
776377,0.98201764
776378,0.9940269
776379,0.9953742
776380,0.009918903
776381,0.12309536
776382,0.4348205
776383,0.2774439
776384,0.49736524
776385,0.9768425
776386,0.9967848
776387,0.033392522
776388,0.0027413846
776389,0.98063344
776390,0.14143509
776391,0.9663218
776392,0.9990392
776393,0.028275803
776394,0.09352665
776395,0.81644684
776396,0.9967851
776397,0.0042718407
776398,0.9743341
776399,0.031746328
776400,0.9912905
776401,0.0331394
776402,0.058857646
776403,0.9641161
776404,0.0031860853
776405,0.9911608
776406,0.5519789
776407,0.25243598
776408,0.9254909
776409,0.83951855
776410,0.93691313
776411,0.4083383
776412,0.059144102
776413,0.807003
776414,0.9820006
776415,0.032411534
776416,0.004618407
776417,0.008732399
776418,0.997375
776419,0.025252063
776420,0.9943334
776421,0.003639856
776422,0.748531
776423,0.071887404
776424,0.33315533
776425,0.87117356
776426,0.92082405
776427,0.17430997
776428,0.4313105
776429,0.08182196
776430,0.056660112
776431,0.903758
776432,0.47333103
776433,0.13913138
776434,0.9803836
776435,0.15554
776436,0.98120844
776437,0.5441656
776438,0.91676354
776439,0.049341884
776440,0.59661907
776441,0.91043574
776442,0.0024465346
776443,0.01918013
776444,0.6711713
776445,0.063870706
776446,0.98891056
776447,0.9974325
776448,0.4726975
776449,0.7696026
776450,0.8439385
776451,0.9321114
776452,0.9682627
776453,0.24686106
776454,0.61634594
776455,0.9915426
776456,0.16809565
776457,0.34327227
776458,0.9652585
776459,0.016987681
776460,0.03235188
776461,0.13642949
776462,0.028956845
776463,0.9891472
776464,0.48528406
776465,0.94789606
776466,0.06867577
776467,0.9994172
776468,0.97129697
776469,0.9419783
776470,0.8619758
776471,0.78630793
776472,0.02351992
776473,0.7215214
776474,0.009672823
776475,0.95933104
776476,0.0066962033
776477,0.9017588
776478,0.019189214
776479,0.035575375
776480,0.119051084
776481,0.0049400646
776482,0.9103355
776483,0.028081032
776484,0.004051301
776485,0.24240734
776486,0.09941427
776487,0.91106963
776488,0.015394244
776489,0.71824044
776490,0.02725285
776491,0.06877294
776492,0.4584318
776493,0.008121943
776494,0.9821507
776495,0.052708894
776496,0.51987684
776497,0.0042048316
776498,0.9822608
776499,0.019407194
776500,0.5785622
776501,0.08612649
776502,0.92903316
776503,0.026050594
776504,0.87161505
776505,0.5734346
776506,0.023452884
776507,0.8233412
776508,0.019236047
776509,0.98210907
776510,0.7238177
776511,0.0045667887
776512,0.006987044
776513,0.9769638
776514,0.9039993
776515,0.88344115
776516,0.025591202
776517,0.99527025
776518,0.033664625
776519,0.015530783
776520,0.96126896
776521,0.8954616
776522,0.010508875
776523,0.0048784437
776524,0.93661374
776525,0.13544363
776526,0.14534497
776527,0.19453691
776528,0.012520123
776529,0.97986895
776530,0.07429509
776531,0.040033143
776532,0.047451027
776533,0.001794737
776534,0.061343957
776535,0.12320106
776536,0.017143013
776537,0.79973197
776538,0.0032762657
776539,0.10816747
776540,0.9777019
776541,0.0145792095
776542,0.07313074
776543,0.16292703
776544,0.8239377
776545,0.8730401
776546,0.07683439
776547,0.20680976
776548,0.23604913
776549,0.03260626
776550,0.005758928
776551,0.99852645
776552,0.8619201
776553,0.0119815525
776554,0.2151863
776555,0.7759117
776556,0.09609267
776557,0.0069948547
776558,0.98135775
776559,0.8825573
776560,0.9950055
776561,0.32722545
776562,0.79192114
776563,0.023787932
776564,0.009044429
776565,0.8070671
776566,0.978904
776567,0.008112222
776568,0.9811367
776569,0.036842797
776570,0.1602283
776571,0.80899996
776572,0.5665326
776573,0.03629528
776574,0.038922377
776575,0.85841715
776576,0.013578685
776577,0.9990698
776578,0.011023347
776579,0.06848747
776580,0.034519233
776581,0.008154377
776582,0.19558932
776583,0.4411323
776584,0.10566034
776585,0.8350922
776586,0.41737112
776587,0.055742845
776588,0.24174623
776589,0.006099025
776590,0.16419968
776591,0.9068067
776592,0.81605256
776593,0.9993305
776594,0.0017283524
776595,0.8533985
776596,0.99617976
776597,0.09299319
776598,0.010177553
776599,0.9344407
776600,0.9076983
776601,0.98449636
776602,0.008962844
776603,0.012632243
776604,0.731414
776605,0.088189006
776606,0.9938872
776607,0.99109805
776608,0.13179816
776609,0.007840883
776610,0.9874416
776611,0.9964057
776612,0.993811
776613,0.9225451
776614,0.82721555
776615,0.002085545
776616,0.55841905
776617,0.009808655
776618,0.97844326
776619,0.029638896
776620,0.99874866
776621,0.9645373
776622,0.7524296
776623,0.090772696
776624,0.995239
776625,0.14665696
776626,0.073259436
776627,0.8907635
776628,0.99161184
776629,0.32144096
776630,0.009325506
776631,0.121616
776632,0.7158228
776633,0.9812597
776634,0.04719927
776635,0.29698187
776636,0.521394
776637,0.043680947
776638,0.007396814
776639,0.023335237
776640,0.6022743
776641,0.23939756
776642,0.0072216336
776643,0.009656845
776644,0.98907185
776645,0.071811326
776646,0.08529827
776647,0.8087124
776648,0.44943008
776649,0.30697978
776650,0.9625018
776651,0.96444833
776652,0.14360237
776653,0.04864608
776654,0.6855462
776655,0.03148278
776656,0.01253661
776657,0.11864531
776658,0.78880596
776659,0.87350935
776660,0.14684641
776661,0.98067284
776662,0.9148554
776663,0.6690067
776664,0.14356753
776665,0.5721339
776666,0.045440774
776667,0.88410556
776668,0.002684589
776669,0.9780612
776670,0.011837816
776671,0.10555522
776672,0.91620624
776673,0.0054833
776674,0.004098457
776675,0.7104578
776676,0.054959882
776677,0.45766544
776678,0.41257802
776679,0.037139297
776680,0.27225694
776681,0.98889244
776682,0.9287812
776683,0.98200136
776684,0.9048048
776685,0.009327162
776686,0.32040045
776687,0.90381765
776688,0.0085398
776689,0.62581706
776690,0.6069529
776691,0.9849383
776692,0.97564036
776693,0.018924197
776694,0.21363005
776695,0.17506003
776696,0.23445387
776697,0.9858353
776698,0.99694705
776699,0.98032475
776700,0.0063002505
776701,0.28044814
776702,0.47851926
776703,0.13525814
776704,0.015287746
776705,0.94775665
776706,0.9551252
776707,0.9897181
776708,0.999448
776709,0.0349941
776710,0.9412133
776711,0.38485873
776712,0.12872979
776713,0.018099375
776714,0.9073939
776715,0.0656021
776716,0.9604239
776717,0.4474419
776718,0.36436975
776719,0.7277833
776720,0.99797755
776721,0.013838912
776722,0.9841111
776723,0.68293166
776724,0.09412259
776725,0.0048441626
776726,0.018954009
776727,0.8544217
776728,0.99585074
776729,0.16292661
776730,0.011792706
776731,0.004723387
776732,0.85284305
776733,0.6159866
776734,0.98372304
776735,0.12548976
776736,0.054958414
776737,0.007733673
776738,0.41057485
776739,0.018380495
776740,0.18806453
776741,0.76117116
776742,0.009819973
776743,0.011497863
776744,0.57398844
776745,0.517575
776746,0.5275781
776747,0.035387233
776748,0.9822106
776749,0.26287138
776750,0.9011918
776751,0.00412896
776752,0.83598673
776753,0.013988086
776754,0.9980589
776755,0.9257937
776756,0.010055117
776757,0.9700943
776758,0.0017143121
776759,0.96667695
776760,0.97520137
776761,0.97032535
776762,0.3717153
776763,0.9487103
776764,0.08055408
776765,0.0049836617
776766,0.3585303
776767,0.8053659
776768,0.27595395
776769,0.03194124
776770,0.6668925
776771,0.03251127
776772,0.07563111
776773,0.16428721
776774,0.8631205
776775,0.8193891
776776,0.87577355
776777,0.99450207
776778,0.545397
776779,0.18927999
776780,0.47869116
776781,0.014252386
776782,0.08275334
776783,0.99509144
776784,0.12648691
776785,0.26512104
776786,0.16734917
776787,0.9563953
776788,0.011035608
776789,0.1805029
776790,0.9963349
776791,0.32735068
776792,0.20914711
776793,0.078266904
776794,0.78030646
776795,0.9190491
776796,0.1184897
776797,0.9726064
776798,0.90953463
776799,0.9478631
776800,0.90332437
776801,0.9472816
776802,0.9895461
776803,0.9744263
776804,0.009111211
776805,0.9943496
776806,0.08548328
776807,0.047175318
776808,0.00038092915
776809,0.020089012
776810,0.9095845
776811,0.008650862
776812,0.009856937
776813,0.97842234
776814,0.9253921
776815,0.99905944
776816,0.99572337
776817,0.862278
776818,0.977354
776819,0.90241736
776820,0.011030016
776821,0.9947242
776822,0.15723541
776823,0.9948925
776824,0.17415151
776825,0.9819822
776826,0.053416844
776827,0.0063355328
776828,0.6834748
776829,0.6565676
776830,0.1596008
776831,0.005412751
776832,0.9975098
776833,0.039707854
776834,0.048236128
776835,0.7259984
776836,0.97099555
776837,0.063023716
776838,0.66037893
776839,0.00951722
776840,0.015110633
776841,0.01536914
776842,0.023234766
776843,0.70966196
776844,0.029735848
776845,0.023039954
776846,0.026431518
776847,0.021942412
776848,0.9967215
776849,0.025514854
776850,0.733755
776851,0.0046101213
776852,0.98996156
776853,0.7261278
776854,0.9469229
776855,0.23119277
776856,0.007206491
776857,0.013132073
776858,0.022218432
776859,0.0057959324
776860,0.08373781
776861,0.9276041
776862,0.032204464
776863,0.1818815
776864,0.16793117
776865,0.15656255
776866,0.9612312
776867,0.014441695
776868,0.99887604
776869,0.95156515
776870,0.64490736
776871,0.5177177
776872,0.99816906
776873,0.009347459
776874,0.8406528
776875,0.19102204
776876,0.018428367
776877,0.004767459
776878,0.5060639
776879,0.4414081
776880,0.9630925
776881,0.13450599
776882,0.0049737855
776883,0.011882204
776884,0.98522115
776885,0.003160415
776886,0.07808492
776887,0.13026723
776888,0.74068415
776889,0.041102678
776890,0.83209497
776891,0.0023020813
776892,0.8599269
776893,0.9538333
776894,0.006088888
776895,0.7291695
776896,0.2624748
776897,0.81354374
776898,0.20408596
776899,0.27085376
776900,0.29543307
776901,0.669185
776902,0.044488512
776903,0.005785582
776904,0.047323145
776905,0.739752
776906,0.9312055
776907,0.0020461143
776908,0.9870921
776909,0.34925413
776910,0.51158935
776911,0.9946664
776912,0.9961852
776913,0.31827533
776914,0.93324256
776915,0.53691244
776916,0.39044052
776917,0.53740567
776918,0.017661221
776919,0.76688987
776920,0.41289797
776921,0.91409934
776922,0.9994343
776923,0.9210155
776924,0.9820143
776925,0.24886394
776926,0.014374657
776927,0.014803939
776928,0.9558046
776929,0.70973337
776930,0.011274164
776931,0.98648405
776932,0.12086384
776933,0.794538
776934,0.9590329
776935,0.48436785
776936,0.06811819
776937,0.87322485
776938,0.012322109
776939,0.3035055
776940,0.03167457
776941,0.12751514
776942,0.97842634
776943,0.6781602
776944,0.47213018
776945,0.79545635
776946,0.034692395
776947,0.050085586
776948,0.9561537
776949,0.99125993
776950,0.97761536
776951,0.9947946
776952,0.14687198
776953,0.6712161
776954,0.007824749
776955,0.49350548
776956,0.9783597
776957,0.9423933
776958,0.9878078
776959,0.19396654
776960,0.96252525
776961,0.045429546
776962,0.14731646
776963,0.046683244
776964,0.0017499148
776965,0.16551787
776966,0.009348249
776967,0.048511405
776968,0.997834
776969,0.2031256
776970,0.81266683
776971,0.0208202
776972,0.8033182
776973,0.24949774
776974,0.005938761
776975,0.08663641
776976,0.9980555
776977,0.009238114
776978,0.042829692
776979,0.16061659
776980,0.95540935
776981,0.94339424
776982,0.029887065
776983,0.94205856
776984,0.005648106
776985,0.6726361
776986,0.0067452956
776987,0.03423512
776988,0.013594475
776989,0.9895243
776990,0.9968482
776991,0.24952668
776992,0.007881814
776993,0.7761371
776994,0.031249307
776995,0.21210065
776996,0.59095347
776997,0.8725159
776998,0.9506095
776999,0.2727689
777000,0.48134613
777001,0.8433158
777002,0.99873316
777003,0.009238336
777004,0.01798608
777005,0.006509304
777006,0.9573318
777007,0.95514697
777008,0.9853444
777009,0.3959046
777010,0.2895361
777011,0.03812346
777012,0.65175277
777013,0.012499878
777014,0.9039976
777015,0.17760332
777016,0.31354308
777017,0.67456394
777018,0.019562144
777019,0.005436225
777020,0.040976614
777021,0.9802555
777022,0.42116052
777023,0.9884788
777024,0.013831305
777025,0.44257128
777026,0.67981505
777027,0.96999156
777028,0.9051478
777029,0.99329907
777030,0.9997964
777031,0.33010557
777032,0.021811968
777033,0.773982
777034,0.20755327
777035,0.984057
777036,0.97723854
777037,0.0040411586
777038,0.12753424
777039,0.053297803
777040,0.25021395
777041,0.95342755
777042,0.0026965349
777043,0.22680399
777044,0.9530101
777045,0.9098085
777046,0.036320295
777047,0.0044517014
777048,0.13946453
777049,0.9973624
777050,0.011779106
777051,0.9931114
777052,0.13203932
777053,0.5157546
777054,0.102383405
777055,0.9933883
777056,0.95455515
777057,0.85930693
777058,0.3809421
777059,0.16227192
777060,0.99107593
777061,0.120216176
777062,0.96889746
777063,0.25681996
777064,0.9121542
777065,0.20340541
777066,0.50448304
777067,0.82586557
777068,0.23349427
777069,0.9927465
777070,0.07790821
777071,0.4482304
777072,0.9901561
777073,0.18761814
777074,0.9968898
777075,0.9888739
777076,0.68515825
777077,0.12843768
777078,0.902684
777079,0.124234006
777080,0.81383246
777081,0.5864695
777082,0.18523842
777083,0.8165693
777084,0.98532003
777085,0.9989175
777086,0.0065305526
777087,0.0017859958
777088,0.6867785
777089,0.005064821
777090,0.015941352
777091,0.2073211
777092,0.9219595
777093,0.9911168
777094,0.36634997
777095,0.9976989
777096,0.99322754
777097,0.9912968
777098,0.9548414
777099,0.02232255
777100,0.7966391
777101,0.042072427
777102,0.15975383
777103,0.025575567
777104,0.85481465
777105,0.089978084
777106,0.8730609
777107,0.10146442
777108,0.9943114
777109,0.056098174
777110,0.6436474
777111,0.022109186
777112,0.124271914
777113,0.11412139
777114,0.01218684
777115,0.012975949
777116,0.6222338
777117,0.9872736
777118,0.009889594
777119,0.98278266
777120,0.025195044
777121,0.99654967
777122,0.01691502
777123,0.56258214
777124,0.11982961
777125,0.94349766
777126,0.9693123
777127,0.020366037
777128,0.0133431405
777129,0.9961395
777130,0.98051107
777131,0.9131738
777132,0.84930545
777133,0.003069698
777134,0.11276606
777135,0.031710878
777136,0.940289
777137,0.98516
777138,0.72801054
777139,0.11417254
777140,0.8710584
777141,0.021181654
777142,0.0888295
777143,0.92340827
777144,0.6070547
777145,0.017446583
777146,0.10874215
777147,0.39070883
777148,0.016917355
777149,0.02289993
777150,0.0059048664
777151,0.105036624
777152,0.018186633
777153,0.07672482
777154,0.8506103
777155,0.0071328646
777156,0.003184906
777157,0.8387087
777158,0.06161204
777159,0.051258862
777160,0.008740265
777161,0.031499263
777162,0.6427128
777163,0.31530404
777164,0.033132493
777165,0.56344557
777166,0.025000412
777167,0.0131350765
777168,0.014927071
777169,0.47642818
777170,0.012984829
777171,0.9540098
777172,0.0037643893
777173,0.077073015
777174,0.976841
777175,0.99794316
777176,0.5956609
777177,0.94871384
777178,0.10832993
777179,0.85659593
777180,0.03975321
777181,0.29319447
777182,0.05619783
777183,0.021812024
777184,0.9953089
777185,0.9558455
777186,0.0012380905
777187,0.9891584
777188,0.07560012
777189,0.025995247
777190,0.018075362
777191,0.4435504
777192,0.5065863
777193,0.9635425
777194,0.9747445
777195,0.005680273
777196,0.026469762
777197,0.98951566
777198,0.014545038
777199,0.3448618
777200,0.043428056
777201,0.9756202
777202,0.33761433
777203,0.7623615
777204,0.05440498
777205,0.9787416
777206,0.9730346
777207,0.7914279
777208,0.83609265
777209,0.9264148
777210,0.34309447
777211,0.29162416
777212,0.10038699
777213,0.95943844
777214,0.20562765
777215,0.17349474
777216,0.06785652
777217,0.010621203
777218,0.99573404
777219,0.84740484
777220,0.08358226
777221,0.18010625
777222,0.007953934
777223,0.60978097
777224,0.0027159085
777225,0.99220335
777226,0.016089577
777227,0.9993837
777228,0.98299503
777229,0.062106393
777230,0.017173842
777231,0.17163327
777232,0.58707184
777233,0.95372164
777234,0.99120855
777235,0.011320886
777236,0.005435033
777237,0.96911764
777238,0.075766996
777239,0.04989058
777240,0.09078051
777241,0.0064474125
777242,0.011771243
777243,0.05897319
777244,0.99314225
777245,0.9741186
777246,0.5160061
777247,0.948045
777248,0.5674675
777249,0.018003907
777250,0.96499145
777251,0.06458675
777252,0.09614465
777253,0.051201664
777254,0.042134926
777255,0.21429217
777256,0.9926882
777257,0.06771767
777258,0.98202705
777259,0.902419
777260,0.9941647
777261,0.9895893
777262,0.22791103
777263,0.97321856
777264,0.011939487
777265,0.01580569
777266,0.01758898
777267,0.0453273
777268,0.10853917
777269,0.027354592
777270,0.0054523544
777271,0.9881795
777272,0.06566435
777273,0.061945025
777274,0.6173487
777275,0.9082274
777276,0.3145551
777277,0.97548646
777278,0.022066757
777279,0.029376911
777280,0.9960827
777281,0.9892352
777282,0.95711625
777283,0.013184544
777284,0.95324576
777285,0.89424866
777286,0.87336904
777287,0.014207793
777288,0.1491969
777289,0.41316634
777290,0.07975989
777291,0.34169963
777292,0.011892225
777293,0.9925603
777294,0.06913182
777295,0.19467866
777296,0.24250183
777297,0.9936448
777298,0.7959403
777299,0.0134988185
777300,0.740658
777301,0.053086538
777302,0.47429848
777303,0.77725893
777304,0.15493867
777305,0.90967834
777306,0.32451627
777307,0.93874836
777308,0.24222222
777309,0.86627036
777310,0.77946717
777311,0.9855084
777312,0.021595541
777313,0.15629373
777314,0.825599
777315,0.12749588
777316,0.0392247
777317,0.7686383
777318,0.03366383
777319,0.17729431
777320,0.9997959
777321,0.99312735
777322,0.02333731
777323,0.17436108
777324,0.009959586
777325,0.0046040895
777326,0.041430257
777327,0.082582906
777328,0.98074716
777329,0.99710125
777330,0.33082306
777331,0.07563697
777332,0.98150194
777333,0.05960436
777334,0.6144172
777335,0.89030856
777336,0.0124222655
777337,0.9779191
777338,0.009649012
777339,0.4273814
777340,0.7993127
777341,0.010694076
777342,0.9864913
777343,0.93367195
777344,0.54765874
777345,0.5476946
777346,0.012946554
777347,0.9958612
777348,0.049325757
777349,0.04489804
777350,0.22581737
777351,0.16673152
777352,0.84190786
777353,0.06339806
777354,0.06456297
777355,0.5868836
777356,0.9371353
777357,0.012494469
777358,0.70489997
777359,0.2789714
777360,0.027671244
777361,0.014323204
777362,0.72978604
777363,0.12661383
777364,0.014129695
777365,0.5525758
777366,0.110636026
777367,0.98519015
777368,0.012918443
777369,0.99078256
777370,0.9985594
777371,0.91573423
777372,0.088326335
777373,0.01740351
777374,0.90557724
777375,0.9827359
777376,0.017254101
777377,0.5783754
777378,0.0028205873
777379,0.9162718
777380,0.9981622
777381,0.6431292
777382,0.03921875
777383,0.30329973
777384,0.015942192
777385,0.03737853
777386,0.008721764
777387,0.35536706
777388,0.9867083
777389,0.16921166
777390,0.8611772
777391,0.0068677724
777392,0.1337971
777393,0.17850171
777394,0.5299058
777395,0.52655447
777396,0.8150046
777397,0.6986711
777398,0.7818868
777399,0.3641962
777400,0.012939932
777401,0.9840797
777402,0.88171357
777403,0.86843204
777404,0.9973924
777405,0.9307705
777406,0.016087076
777407,0.0090971
777408,0.9958727
777409,0.049480453
777410,0.9779713
777411,0.8835224
777412,0.9897882
777413,0.90572035
777414,0.05390483
777415,0.9968226
777416,0.14693761
777417,0.9800516
777418,0.058071513
777419,0.0094817085
777420,0.020491991
777421,0.3392855
777422,0.096681066
777423,0.8073723
777424,0.9453909
777425,0.006400511
777426,0.90895885
777427,0.3900898
777428,0.994734
777429,0.005798444
777430,0.9609616
777431,0.722807
777432,0.09347335
777433,0.22268151
777434,0.96930426
777435,0.015310751
777436,0.9397946
777437,0.12377748
777438,0.8447157
777439,0.015483286
777440,0.99175596
777441,0.02348176
777442,0.9698817
777443,0.98839295
777444,0.7200779
777445,0.41623142
777446,0.014331599
777447,0.30181447
777448,0.007035425
777449,0.0105063375
777450,0.49518365
777451,0.9986347
777452,0.2874999
777453,0.024843235
777454,0.9913435
777455,0.007442327
777456,0.0062310738
777457,0.057149954
777458,0.54369736
777459,0.9990313
777460,0.82157844
777461,0.98524034
777462,0.9126281
777463,0.99136055
777464,0.13060692
777465,0.93286353
777466,0.046456903
777467,0.3668806
777468,0.019379526
777469,0.9682089
777470,0.17370142
777471,0.56884086
777472,0.011864971
777473,0.05307019
777474,0.055106297
777475,0.9938474
777476,0.07432065
777477,0.106906325
777478,0.9521684
777479,0.016444422
777480,0.20532487
777481,0.0916154
777482,0.48671708
777483,0.007936255
777484,0.011947124
777485,0.9852476
777486,0.6945427
777487,0.0074698385
777488,0.8231562
777489,0.7148891
777490,0.04243348
777491,0.96924925
777492,0.9165913
777493,0.52084416
777494,0.0156485
777495,0.18152717
777496,0.99493396
777497,0.9988313
777498,0.019285146
777499,0.004462764
777500,0.0029385663
777501,0.88058066
777502,0.0068077734
777503,0.48929137
777504,0.9475283
777505,0.042225026
777506,0.937642
777507,0.9377186
777508,0.9955867
777509,0.3901993
777510,0.035321318
777511,0.24332088
777512,0.09718007
777513,0.079107784
777514,0.55169463
777515,0.17188641
777516,0.9957676
777517,0.5977324
777518,0.0040706
777519,0.63157487
777520,0.006729231
777521,0.8545384
777522,0.924238
777523,0.96840405
777524,0.96880645
777525,0.5573024
777526,0.08370287
777527,0.0022600172
777528,0.451394
777529,0.8218787
777530,0.02675642
777531,0.9424511
777532,0.19376323
777533,0.043086246
777534,0.06225013
777535,0.9089569
777536,0.23701487
777537,0.066214964
777538,0.027306668
777539,0.06979717
777540,0.011515006
777541,0.9751165
777542,0.83792496
777543,0.3411933
777544,0.09302337
777545,0.77083355
777546,0.96367943
777547,0.002941757
777548,0.03211068
777549,0.9915948
777550,0.6933733
777551,0.07759127
777552,0.1660745
777553,0.0165268
777554,0.8018568
777555,0.18393439
777556,0.006862178
777557,0.98989475
777558,0.007524878
777559,0.37745452
777560,0.97447497
777561,0.9749414
777562,0.025354788
777563,0.043900184
777564,0.9871861
777565,0.14716347
777566,0.90504557
777567,0.99732447
777568,0.9935248
777569,0.24598235
777570,0.0049547995
777571,0.2118968
777572,0.36562875
777573,0.7659482
777574,0.99634683
777575,0.50099117
777576,0.61834985
777577,0.0153133515
777578,0.002846663
777579,0.99565655
777580,0.3746074
777581,0.7247576
777582,0.05740055
777583,0.103563756
777584,0.9043931
777585,0.04168678
777586,0.05042664
777587,0.99452055
777588,0.90893835
777589,0.01612193
777590,0.05596157
777591,0.008423599
777592,0.3046681
777593,0.04764178
777594,0.97719836
777595,0.09646331
777596,0.21026424
777597,0.071540296
777598,0.010841972
777599,0.12858233
777600,0.9509263
777601,0.02110103
777602,0.02235756
777603,0.05461488
777604,0.5298889
777605,0.041294042
777606,0.0088933045
777607,0.8997861
777608,0.037897754
777609,0.993308
777610,0.028910523
777611,0.23678407
777612,0.08910537
777613,0.021018453
777614,0.031816784
777615,0.005455317
777616,0.9659545
777617,0.049367018
777618,0.9931897
777619,0.023607282
777620,0.968173
777621,0.99707144
777622,0.012908728
777623,0.9888994
777624,0.06407804
777625,0.09984769
777626,0.071051545
777627,0.19240811
777628,0.99414396
777629,0.039297782
777630,0.47639135
777631,0.3159216
777632,0.008216955
777633,0.08495304
777634,0.015745653
777635,0.012843592
777636,0.99047923
777637,0.077748835
777638,0.22617751
777639,0.9932848
777640,0.91477656
777641,0.3507941
777642,0.0042841462
777643,0.77938116
777644,0.71628654
777645,0.70647866
777646,0.85085315
777647,0.27495217
777648,0.0053748246
777649,0.9559987
777650,0.89890873
777651,0.025287578
777652,0.9974361
777653,0.6953532
777654,0.011029093
777655,0.99493337
777656,0.057178084
777657,0.9136476
777658,0.8433735
777659,0.19935831
777660,0.96098185
777661,0.21695882
777662,0.02939792
777663,0.038423523
777664,0.015796755
777665,0.9993717
777666,0.4564742
777667,0.35346738
777668,0.39360932
777669,0.91644144
777670,0.004973246
777671,0.073838025
777672,0.98834044
777673,0.8808226
777674,0.7464658
777675,0.02073215
777676,0.08673369
777677,0.2782337
777678,0.006087776
777679,0.1809158
777680,0.91315776
777681,0.99758554
777682,0.044479337
777683,0.9965818
777684,0.002289362
777685,0.9853582
777686,0.013457782
777687,0.023813035
777688,0.99624383
777689,0.30195653
777690,0.47866374
777691,0.25113904
777692,0.12683679
777693,0.99782306
777694,0.94951195
777695,0.91640425
777696,0.99959016
777697,0.8672046
777698,0.48018274
777699,0.10625431
777700,0.0072526415
777701,0.068065904
777702,0.92630166
777703,0.0019017401
777704,0.9985286
777705,0.058316074
777706,0.0735848
777707,0.006255588
777708,0.004077033
777709,0.2541688
777710,0.020324135
777711,0.9489486
777712,0.021370742
777713,0.98837155
777714,0.020211898
777715,0.021217726
777716,0.12072329
777717,0.021127757
777718,0.9984882
777719,0.0067707184
777720,0.013850814
777721,0.8786724
777722,0.8702324
777723,0.8867451
777724,0.13641104
777725,0.003855413
777726,0.08735901
777727,0.014109515
777728,0.77974623
777729,0.76423484
777730,0.039248724
777731,0.9548262
777732,0.90256226
777733,0.001999328
777734,0.94465137
777735,0.737236
777736,0.15722641
777737,0.16039327
777738,0.99604154
777739,0.9600235
777740,0.042491592
777741,0.011282581
777742,0.20185272
777743,0.07655616
777744,0.9304813
777745,0.9811511
777746,0.9902249
777747,0.6659673
777748,0.024005864
777749,0.7914649
777750,0.030890783
777751,0.8449086
777752,0.75176215
777753,0.7168841
777754,0.13529097
777755,0.020642787
777756,0.106440924
777757,0.00049308554
777758,0.020701868
777759,0.9948913
777760,0.07314424
777761,0.9226475
777762,0.0058479896
777763,0.9642486
777764,0.86717963
777765,0.839835
777766,0.9949713
777767,0.017391376
777768,0.63255745
777769,0.010575789
777770,0.004303731
777771,0.99419326
777772,0.8028345
777773,0.011653749
777774,0.009936897
777775,0.06663354
777776,0.016521517
777777,0.014519294
777778,0.81047904
777779,0.059868637
777780,0.61087286
777781,0.99965835
777782,0.68376994
777783,0.91797423
777784,0.0028985892
777785,0.07615995
777786,0.004649245
777787,0.41032696
777788,0.9990473
777789,0.032801438
777790,0.028111156
777791,0.038624443
777792,0.46702957
777793,0.10686903
777794,0.93065363
777795,0.09171813
777796,0.38965523
777797,0.00070963125
777798,0.9518484
777799,0.87272865
777800,0.18611597
777801,0.95429736
777802,0.044981226
777803,0.05449016
777804,0.092592366
777805,0.79514444
777806,0.12218569
777807,0.22970141
777808,0.91877615
777809,0.39863497
777810,0.6745106
777811,0.11016569
777812,0.007780239
777813,0.38467717
777814,0.8671875
777815,0.020613244
777816,0.015188673
777817,0.84203243
777818,0.88766164
777819,0.4172023
777820,0.98611486
777821,0.9577078
777822,0.068795696
777823,0.06644732
777824,0.9850045
777825,0.012113227
777826,0.025548
777827,0.01375379
777828,0.027642448
777829,0.0038439678
777830,0.9724452
777831,0.9908287
777832,0.009317635
777833,0.018298166
777834,0.996509
777835,0.3337443
777836,0.09050161
777837,0.8194277
777838,0.037702825
777839,0.00679495
777840,0.99370337
777841,0.79065156
777842,0.9459505
777843,0.6630512
777844,0.176835
777845,0.0037009218
777846,0.98433334
777847,0.98016155
777848,0.9230062
777849,0.84499425
777850,0.04557848
777851,0.14150728
777852,0.9477112
777853,0.9501428
777854,0.49184495
777855,0.026892463
777856,0.6321275
777857,0.0533289
777858,0.9237284
777859,0.07975595
777860,0.026611883
777861,0.045805015
777862,0.96684647
777863,0.7821649
777864,0.011654956
777865,0.028021302
777866,0.9402594
777867,0.98516196
777868,0.05314193
777869,0.012247831
777870,0.024829727
777871,0.9493661
777872,0.9890224
777873,0.21012208
777874,0.98667526
777875,0.9864912
777876,0.118538275
777877,0.0061325645
777878,0.004033009
777879,0.98391265
777880,0.00461018
777881,0.0094477795
777882,0.9716966
777883,0.7161093
777884,0.39163172
777885,0.027875561
777886,0.975779
777887,0.9132734
777888,0.00282039
777889,0.9894079
777890,0.21702796
777891,0.00748654
777892,0.15191653
777893,0.8229414
777894,0.025004864
777895,0.16944233
777896,0.007258075
777897,0.12341046
777898,0.99642015
777899,0.0059598405
777900,0.6783936
777901,0.9950736
777902,0.11007781
777903,0.060139794
777904,0.020804562
777905,0.0016093424
777906,0.113027185
777907,0.006502472
777908,0.7978064
777909,0.0405901
777910,0.011775493
777911,0.029786844
777912,0.9294721
777913,0.9897654
777914,0.7339809
777915,0.9970922
777916,0.16701344
777917,0.15592062
777918,0.0013811304
777919,0.60445017
777920,0.6401721
777921,0.66503894
777922,0.063048564
777923,0.9977924
777924,0.06737471
777925,0.11893549
777926,0.7729199
777927,0.9970161
777928,0.9806584
777929,0.97457063
777930,0.8281323
777931,0.020011554
777932,0.9844238
777933,0.9957762
777934,0.08176109
777935,0.028175214
777936,0.9130528
777937,0.016540937
777938,0.12397062
777939,0.99002767
777940,0.0021964188
777941,0.39740247
777942,0.9424536
777943,0.9973042
777944,0.954334
777945,0.10036786
777946,0.0059006712
777947,0.013963699
777948,0.99907047
777949,0.017645016
777950,0.007354888
777951,0.909768
777952,0.9814626
777953,0.09040874
777954,0.02564989
777955,0.97594327
777956,0.82283694
777957,0.041483406
777958,0.35144708
777959,0.010256663
777960,0.9826722
777961,0.7445885
777962,0.10274949
777963,0.40891337
777964,0.6787772
777965,0.5065874
777966,0.4908233
777967,0.490772
777968,0.98533237
777969,0.15884328
777970,0.8495344
777971,0.8144526
777972,0.03164851
777973,0.008010047
777974,0.011924246
777975,0.002856815
777976,0.02859315
777977,0.40812683
777978,0.16491278
777979,0.8879068
777980,0.0519828
777981,0.97252524
777982,0.23329425
777983,0.99435765
777984,0.9948178
777985,0.26779753
777986,0.40800285
777987,0.015352788
777988,0.08584045
777989,0.045327872
777990,0.20370682
777991,0.0056118676
777992,0.98255646
777993,0.0699073
777994,0.9681751
777995,0.9562773
777996,0.9019162
777997,0.57412785
777998,0.994982
777999,0.98240113
778000,0.89909816
778001,0.97414196
778002,0.3281256
778003,0.022493413
778004,0.01834507
778005,0.9996891
778006,0.021721508
778007,0.27190834
778008,0.0039266613
778009,0.16517046
778010,0.19023013
778011,0.95829046
778012,0.010036866
778013,0.05525949
778014,0.9802636
778015,0.9872171
778016,0.058231305
778017,0.8807628
778018,0.73597825
778019,0.015558821
778020,0.40417323
778021,0.849511
778022,0.003932561
778023,0.6845327
778024,0.071238674
778025,0.9843457
778026,0.9923116
778027,0.0024055564
778028,0.1308863
778029,0.99025786
778030,0.9767002
778031,0.9334918
778032,0.09169435
778033,0.009733538
778034,0.94231796
778035,0.97151136
778036,0.91248477
778037,0.0018823985
778038,0.01636251
778039,0.041579943
778040,0.7832203
778041,0.06381114
778042,0.0017220732
778043,0.14697625
778044,0.4455185
778045,0.83328635
778046,0.4759676
778047,0.0036721597
778048,0.98258245
778049,0.9969411
778050,0.026089014
778051,0.07060196
778052,0.99146515
778053,0.10579359
778054,0.018384062
778055,0.023487065
778056,0.022474213
778057,0.029021785
778058,0.997774
778059,0.9840119
778060,0.014435381
778061,0.99774146
778062,0.0043904874
778063,0.39603764
778064,0.92107284
778065,0.9592228
778066,0.61254054
778067,0.9727406
778068,0.095825925
778069,0.6982728
778070,0.7605045
778071,0.94597995
778072,0.21567678
778073,0.9222847
778074,0.89948183
778075,0.01631215
778076,0.022301508
778077,0.14742035
778078,0.1964508
778079,0.9444678
778080,0.017684076
778081,0.99681133
778082,0.9903286
778083,0.23309425
778084,0.16546273
778085,0.019613614
778086,0.10035203
778087,0.025990337
778088,0.44320568
778089,0.9805521
778090,0.79994476
778091,0.03226325
778092,0.9904008
778093,0.005964321
778094,0.25924334
778095,0.11741472
778096,0.0035914246
778097,0.26217937
778098,0.96482766
778099,0.24656035
778100,0.96768844
778101,0.9917742
778102,0.9945699
778103,0.029993337
778104,0.99643487
778105,0.4692288
778106,0.059080612
778107,0.44343832
778108,0.032263316
778109,0.024615806
778110,0.98786825
778111,0.84140587
778112,0.021497257
778113,0.9703106
778114,0.0011710215
778115,0.025522333
778116,0.12032316
778117,0.9874307
778118,0.026816381
778119,0.06128895
778120,0.25782162
778121,0.0039918283
778122,0.37401006
778123,0.4522885
778124,0.87089103
778125,0.007964587
778126,0.1754106
778127,0.007616688
778128,0.73640156
778129,0.22136137
778130,0.6289191
778131,0.029853333
778132,0.96835434
778133,0.7769054
778134,0.018667735
778135,0.9929657
778136,0.60914147
778137,0.97619766
778138,0.9956538
778139,0.8226664
778140,0.97403544
778141,0.99800456
778142,0.99402726
778143,0.09602882
778144,0.38685766
778145,0.07919443
778146,0.017567592
778147,0.04101416
778148,0.07197358
778149,0.053212114
778150,0.0785268
778151,0.99686
778152,0.5174966
778153,0.99868315
778154,0.10169274
778155,0.1294023
778156,0.8500109
778157,0.055159844
778158,0.97076
778159,0.8485787
778160,0.26888877
778161,0.020457769
778162,0.22308719
778163,0.9966413
778164,0.0022710133
778165,0.044776898
778166,0.9867339
778167,0.13148177
778168,0.10589049
778169,0.97486204
778170,0.99873495
778171,0.96899486
778172,0.064648725
778173,0.61045337
778174,0.73559564
778175,0.013422239
778176,0.9891852
778177,0.82396346
778178,0.004700211
778179,0.79065233
778180,0.8897727
778181,0.73766
778182,0.26065254
778183,0.00355485
778184,0.15047541
778185,0.40299898
778186,0.013815388
778187,0.99534094
778188,0.37284595
778189,0.0043395534
778190,0.13742419
778191,0.91400987
778192,0.9666413
778193,0.86057013
778194,0.005741299
778195,0.63861245
778196,0.0029150615
778197,0.6895051
778198,0.055389125
778199,0.6170878
778200,0.0025557312
778201,0.017302811
778202,0.9838562
778203,0.99315906
778204,0.99802995
778205,0.016638773
778206,0.018061142
778207,0.016210945
778208,0.023600224
778209,0.013794373
778210,0.004848697
778211,0.08244039
778212,0.110132255
778213,0.13495281
778214,0.99493617
778215,0.9941199
778216,0.038354706
778217,0.107856065
778218,0.11057644
778219,0.010585673
778220,0.0122553725
778221,0.003029102
778222,0.9979702
778223,0.010022603
778224,0.0077117602
778225,0.26355934
778226,0.023520611
778227,0.96257114
778228,0.042082362
778229,0.99484605
778230,0.9760358
778231,0.98719513
778232,0.9984521
778233,0.99441457
778234,0.9944985
778235,0.87321925
778236,0.99635893
778237,0.19391403
778238,0.46857643
778239,0.00878311
778240,0.23724984
778241,0.9774542
778242,0.030861296
778243,0.99112797
778244,0.013160396
778245,0.061154682
778246,0.058401775
778247,0.3212016
778248,0.002736609
778249,0.037195824
778250,0.09224426
778251,0.01749932
778252,0.5568297
778253,0.8629812
778254,0.18376401
778255,0.96894866
778256,0.04692606
778257,0.9965663
778258,0.9931567
778259,0.2467556
778260,0.9326378
778261,0.08902773
778262,0.0151333725
778263,0.022963494
778264,0.012900218
778265,0.08507712
778266,0.119971044
778267,0.07227084
778268,0.028293736
778269,0.021122841
778270,0.064781144
778271,0.13920216
778272,0.99222153
778273,0.13760483
778274,0.9886604
778275,0.7654054
778276,0.011329895
778277,0.61402637
778278,0.008235871
778279,0.99142987
778280,0.012890407
778281,0.9338516
778282,0.98394984
778283,0.23269019
778284,0.33170867
778285,0.3835341
778286,0.07692022
778287,0.7217541
778288,0.6432184
778289,0.94900125
778290,0.98920923
778291,0.013086539
778292,0.012932339
778293,0.82225376
778294,0.8724447
778295,0.011175645
778296,0.015511587
778297,0.021387277
778298,0.06673524
778299,0.022219863
778300,0.09430865
778301,0.9887217
778302,0.04610595
778303,0.05591597
778304,0.2892145
778305,0.7089994
778306,0.9719278
778307,0.05677614
778308,0.47146636
778309,0.105511665
778310,0.9975601
778311,0.6338537
778312,0.24476004
778313,0.52468646
778314,0.232445
778315,0.061853923
778316,0.99887097
778317,0.5293326
778318,0.8534688
778319,0.6215333
778320,0.803943
778321,0.6829356
778322,0.73168653
778323,0.010895596
778324,0.99348235
778325,0.8558776
778326,0.96536696
778327,0.070496276
778328,0.9962443
778329,0.008736536
778330,0.015181462
778331,0.95264316
778332,0.9968917
778333,0.9672761
778334,0.0017934069
778335,0.64646685
778336,0.009170068
778337,0.46283978
778338,0.007423666
778339,0.9021786
778340,0.37332055
778341,0.98780775
778342,0.9457758
778343,0.011678778
778344,0.6778981
778345,0.92098665
778346,0.0016308874
778347,0.018650863
778348,0.50364685
778349,0.17905502
778350,0.2759861
778351,0.75344604
778352,0.05547769
778353,0.06336468
778354,0.5806273
778355,0.9777945
778356,0.0068454165
778357,0.97221386
778358,0.011049626
778359,0.9957754
778360,0.6648357
778361,0.952654
778362,0.65978634
778363,0.97460556
778364,0.92407703
778365,0.0060902857
778366,0.05225104
778367,0.8768313
778368,0.0153732095
778369,0.9657889
778370,0.16347879
778371,0.1612223
778372,0.9558956
778373,0.010868716
778374,0.99202436
778375,0.030092824
778376,0.38475114
778377,0.48239368
778378,0.8556457
778379,0.06802949
778380,0.1524321
778381,0.018057628
778382,0.9983628
778383,0.9680352
778384,0.18876012
778385,0.010949932
778386,0.79004604
778387,0.9042533
778388,0.024435282
778389,0.022505168
778390,0.014149237
778391,0.04766686
778392,0.84365517
778393,0.38564277
778394,0.30652803
778395,0.8094026
778396,0.15050253
778397,0.9391159
778398,0.5944904
778399,0.9974479
778400,0.003314666
778401,0.05732905
778402,0.98646414
778403,0.83593774
778404,0.18973972
778405,0.49138898
778406,0.21549886
778407,0.051449448
778408,0.01566418
778409,0.07481348
778410,0.5046937
778411,0.049306195
778412,0.024778053
778413,0.37782645
778414,0.8375045
778415,0.34356076
778416,0.9103304
778417,0.15106513
778418,0.009900253
778419,0.27643156
778420,0.983058
778421,0.9915164
778422,0.00487266
778423,0.05174879
778424,0.9494246
778425,0.0028283482
778426,0.95908654
778427,0.38213444
778428,0.010329482
778429,0.99131626
778430,0.9860658
778431,0.99710983
778432,0.19598246
778433,0.020854078
778434,0.7109247
778435,0.019935668
778436,0.97516763
778437,0.631644
778438,0.07000994
778439,0.9892963
778440,0.90481323
778441,0.017954275
778442,0.99817234
778443,0.8730109
778444,0.046421405
778445,0.05632794
778446,0.08026871
778447,0.992956
778448,0.7208991
778449,0.008143053
778450,0.0039582406
778451,0.07888715
778452,0.021384623
778453,0.9933281
778454,0.9908291
778455,0.53222877
778456,0.009020239
778457,0.9890362
778458,0.005582566
778459,0.041274227
778460,0.6450173
778461,0.4738276
778462,0.9836664
778463,0.074794605
778464,0.05685076
778465,0.78622425
778466,0.08490222
778467,0.0726524
778468,0.011731842
778469,0.014014106
778470,0.99938005
778471,0.98590195
778472,0.0070785624
778473,0.008424029
778474,0.98363096
778475,0.059939574
778476,0.041891396
778477,0.13533977
778478,0.05580797
778479,0.051333472
778480,0.9963631
778481,0.40546432
778482,0.005731201
778483,0.3787096
778484,0.6939798
778485,0.79331297
778486,0.20975916
778487,0.05378073
778488,0.014692273
778489,0.9919485
778490,0.042155065
778491,0.1291014
778492,0.3389066
778493,0.6550017
778494,0.01037401
778495,0.28855795
778496,0.9904395
778497,0.022271909
778498,0.970095
778499,0.42824444
778500,0.007534461
778501,0.80828387
778502,0.85512125
778503,0.06556566
778504,0.06630733
778505,0.87897384
778506,0.011388669
778507,0.08127344
778508,0.93216836
778509,0.13119972
778510,0.01683096
778511,0.98771024
778512,0.9973097
778513,0.020029569
778514,0.9961411
778515,0.8536484
778516,0.8713588
778517,0.013190841
778518,0.9907851
778519,0.2908935
778520,0.5611224
778521,0.09342745
778522,0.031040637
778523,0.035246797
778524,0.9794493
778525,0.14105879
778526,0.9921417
778527,0.031852648
778528,0.44615364
778529,0.81594795
778530,0.7889543
778531,0.043763794
778532,0.34309173
778533,0.36651048
778534,0.28323388
778535,0.018801367
778536,0.006035015
778537,0.01186388
778538,0.010781202
778539,0.9213139
778540,0.0039727455
778541,0.04612236
778542,0.0032974845
778543,0.14799118
778544,0.062075764
778545,0.039636634
778546,0.9309701
778547,0.9872587
778548,0.97384155
778549,0.96635413
778550,0.97991085
778551,0.03984008
778552,0.02167434
778553,0.98737055
778554,0.99257183
778555,0.7461106
778556,0.007175901
778557,0.9933039
778558,0.8438932
778559,0.92874086
778560,0.0046942513
778561,0.051254146
778562,0.027280543
778563,0.84783393
778564,0.041692108
778565,0.8482654
778566,0.4150678
778567,0.010169587
778568,0.75486785
778569,0.9908553
778570,0.8443217
778571,0.08005485
778572,0.75716305
778573,0.85152984
778574,0.98783743
778575,0.053285252
778576,0.30204046
778577,0.18785587
778578,0.03473871
778579,0.0046767807
778580,0.058016438
778581,0.98345345
778582,0.5009315
778583,0.9539775
778584,0.65387374
778585,0.95606905
778586,0.8691492
778587,0.055222053
778588,0.6650629
778589,0.043386098
778590,0.9929825
778591,0.009945891
778592,0.038999345
778593,0.0068752593
778594,0.0064586103
778595,0.15725671
778596,0.9976683
778597,0.07004167
778598,0.004796264
778599,0.6115065
778600,0.024013685
778601,0.0036099216
778602,0.99605626
778603,0.80394524
778604,0.99205726
778605,0.8642639
778606,0.98853785
778607,0.6032262
778608,0.9497263
778609,0.0067535555
778610,0.27219445
778611,0.024876216
778612,0.080256306
778613,0.15223241
778614,0.32670733
778615,0.9977006
778616,0.114636436
778617,0.029917207
778618,0.64864236
778619,0.9955852
778620,0.9814001
778621,0.96839434
778622,0.9491399
778623,0.8956167
778624,0.99133253
778625,0.90677476
778626,0.02852127
778627,0.051895853
778628,0.0069455896
778629,0.14600797
778630,0.12379754
778631,0.030692963
778632,0.9932895
778633,0.0038535271
778634,0.052251667
778635,0.8885148
778636,0.9845865
778637,0.03690275
778638,0.009702759
778639,0.8794772
778640,0.217336
778641,0.8124674
778642,0.02047566
778643,0.043088615
778644,0.02221539
778645,0.024308126
778646,0.0047426326
778647,0.91553915
778648,0.09200786
778649,0.6343513
778650,0.021109939
778651,0.025830314
778652,0.02758233
778653,0.0015628583
778654,0.99299943
778655,0.004792663
778656,0.90556055
778657,0.017270343
778658,0.01702406
778659,0.43145636
778660,0.8499349
778661,0.15336041
778662,0.6632153
778663,0.024053862
778664,0.05066644
778665,0.78820366
778666,0.029394167
778667,0.56880736
778668,0.05495371
778669,0.7971525
778670,0.004689053
778671,0.94201976
778672,0.020063624
778673,0.08707427
778674,0.0020722824
778675,0.060678534
778676,0.061732054
778677,0.5445291
778678,0.8384697
778679,0.021165872
778680,0.9950867
778681,0.10826855
778682,0.023777198
778683,0.9706951
778684,0.71025395
778685,0.027826173
778686,0.016352518
778687,0.9424051
778688,0.08757539
778689,0.007166156
778690,0.945512
778691,0.2565844
778692,0.94818294
778693,0.50146705
778694,0.9435078
778695,0.014512736
778696,0.029202078
778697,0.9938188
778698,0.14606144
778699,0.9183263
778700,0.034354374
778701,0.040430203
778702,0.053836633
778703,0.99810684
778704,0.20559707
778705,0.002744603
778706,0.97327214
778707,0.99635965
778708,0.008160489
778709,0.2969904
778710,0.16969448
778711,0.34788445
778712,0.98494697
778713,0.9956312
778714,0.20801015
778715,0.01346918
778716,0.93333495
778717,0.99009764
778718,0.34842172
778719,0.051831752
778720,0.9197283
778721,0.10592486
778722,0.7288889
778723,0.11397627
778724,0.8354355
778725,0.6904562
778726,0.78912455
778727,0.009753347
778728,0.15823607
778729,0.15649343
778730,0.26919678
778731,0.99632394
778732,0.9706094
778733,0.5308333
778734,0.98721623
778735,0.009111034
778736,0.824932
778737,0.027482562
778738,0.96364415
778739,0.008069278
778740,0.98183244
778741,0.5442548
778742,0.99510646
778743,0.43089592
778744,0.057641912
778745,0.06327484
778746,0.7646515
778747,0.009500843
778748,0.930045
778749,0.3016755
778750,0.040106703
778751,0.98050857
778752,0.088980004
778753,0.95121837
778754,0.9434621
778755,0.018077087
778756,0.88431823
778757,0.4451452
778758,0.0211245
778759,0.022768136
778760,0.84635955
778761,0.095139496
778762,0.54160225
778763,0.7882325
778764,0.011943849
778765,0.00984947
778766,0.033573516
778767,0.023804892
778768,0.91594243
778769,0.018129997
778770,0.99189234
778771,0.41836038
778772,0.9759526
778773,0.91642845
778774,0.87095976
778775,0.9516878
778776,0.9948811
778777,0.7337483
778778,0.07541724
778779,0.04465207
778780,0.0064224037
778781,0.5777284
778782,0.98127335
778783,0.018965553
778784,0.011578073
778785,0.012919931
778786,0.0057677315
778787,0.1516315
778788,0.024116319
778789,0.12973583
778790,0.7375082
778791,0.92541075
778792,0.9627609
778793,0.21418631
778794,0.46033448
778795,0.056555234
778796,0.08758304
778797,0.3388006
778798,0.01426727
778799,0.03017921
778800,0.04021279
778801,0.80036056
778802,0.057881467
778803,0.95121497
778804,0.014843897
778805,0.033784207
778806,0.9331337
778807,0.042365693
778808,0.14892766
778809,0.029223086
778810,0.8299198
778811,0.008936044
778812,0.80593336
778813,0.97622234
778814,0.059383377
778815,0.7127018
778816,0.9442042
778817,0.02742217
778818,0.9717048
778819,0.55153203
778820,0.16298074
778821,0.41855136
778822,0.037982807
778823,0.3758297
778824,0.83984894
778825,0.10524906
778826,0.015397067
778827,0.284566
778828,0.9586955
778829,0.011652704
778830,0.22397108
778831,0.89455986
778832,0.21717986
778833,0.07875554
778834,0.92142904
778835,0.396788
778836,0.04112211
778837,0.54485035
778838,0.050606895
778839,0.096304804
778840,0.8985955
778841,0.7580687
778842,0.96429473
778843,0.9572222
778844,0.014655472
778845,0.006249284
778846,0.99624795
778847,0.9327613
778848,0.99041116
778849,0.17208883
778850,0.36299318
778851,0.9894674
778852,0.020102963
778853,0.4891634
778854,0.9966528
778855,0.013722302
778856,0.53759974
778857,0.06528784
778858,0.047203958
778859,0.012779366
778860,0.9466
778861,0.5963587
778862,0.9280761
778863,0.017957758
778864,0.63534534
778865,0.96526605
778866,0.0039561447
778867,0.0050630495
778868,0.9756472
778869,0.014573059
778870,0.002026402
778871,0.024051797
778872,0.95819235
778873,0.9986576
778874,0.009919649
778875,0.90255964
778876,0.9834282
778877,0.0037992876
778878,0.49183917
778879,0.9835019
778880,0.9980395
778881,0.8376273
778882,0.019242246
778883,0.159305
778884,0.039460838
778885,0.01307685
778886,0.05254984
778887,0.04184311
778888,0.029038336
778889,0.9826553
778890,0.94741166
778891,0.0017595493
778892,0.9955691
778893,0.7550167
778894,0.963466
778895,0.06765311
778896,0.9307853
778897,0.023665957
778898,0.13537914
778899,0.43489578
778900,0.0072541134
778901,0.5421239
778902,0.0027104327
778903,0.07356133
778904,0.45965537
778905,0.03329684
778906,0.9956199
778907,0.6352637
778908,0.18367533
778909,0.051624842
778910,0.022999296
778911,0.034574505
778912,0.98610145
778913,0.026343115
778914,0.80065835
778915,0.019823909
778916,0.9625275
778917,0.016631
778918,0.97408247
778919,0.012683617
778920,0.028654853
778921,0.06379643
778922,0.0063708806
778923,0.99213487
778924,0.9660277
778925,0.7936052
778926,0.26825213
778927,0.9914237
778928,0.9732828
778929,0.13047418
778930,0.06503586
778931,0.8191224
778932,0.93573725
778933,0.86152804
778934,0.99479365
778935,0.9474665
778936,0.8945885
778937,0.042716376
778938,0.9983093
778939,0.01798037
778940,0.0126872575
778941,0.76156056
778942,0.058835976
778943,0.7637327
778944,0.03299562
778945,0.96566
778946,0.8789318
778947,0.053739674
778948,0.24463627
778949,0.0036424617
778950,0.9684861
778951,0.8112621
778952,0.9984615
778953,0.8526149
778954,0.99166614
778955,0.0058822553
778956,0.17351972
778957,0.003070204
778958,0.30994016
778959,0.89011467
778960,0.56059223
778961,0.027948411
778962,0.026048895
778963,0.004711965
778964,0.20997597
778965,0.010257826
778966,0.9516184
778967,0.041089974
778968,0.034053553
778969,0.055171877
778970,0.013591554
778971,0.9817126
778972,0.09908615
778973,0.61713094
778974,0.8999423
778975,0.34429827
778976,0.03379214
778977,0.99599254
778978,0.8178011
778979,0.15000102
778980,0.91833454
778981,0.13431402
778982,0.8796773
778983,0.031716425
778984,0.037667163
778985,0.021345563
778986,0.22225672
778987,0.06655498
778988,0.015824363
778989,0.12762606
778990,0.81164765
778991,0.01221654
778992,0.03886785
778993,0.96527964
778994,0.008112698
778995,0.042455714
778996,0.0830363
778997,0.031745773
778998,0.92213535
778999,0.013566144
779000,0.5091746
779001,0.02625703
779002,0.14834905
779003,0.4544345
779004,0.06370894
779005,0.9563412
779006,0.79100734
779007,0.5518659
779008,0.11869869
779009,0.07906874
779010,0.47973922
779011,0.9779426
779012,0.9792068
779013,0.05351352
779014,0.017536823
779015,0.021095155
779016,0.0355076
779017,0.9948018
779018,0.9112076
779019,0.81414986
779020,0.98170376
779021,0.75665104
779022,0.052462954
779023,0.003767046
779024,0.23760694
779025,0.84158605
779026,0.017640945
779027,0.98299545
779028,0.009761995
779029,0.99917865
779030,0.16899121
779031,0.08883139
779032,0.9326768
779033,0.8689159
779034,0.98059684
779035,0.7851955
779036,0.09106681
779037,0.9506695
779038,0.98997146
779039,0.0066942475
779040,0.9562446
779041,0.96517247
779042,0.01979374
779043,0.69552463
779044,0.00797433
779045,0.99741733
779046,0.27089795
779047,0.0415842
779048,0.993816
779049,0.9201426
779050,0.0628507
779051,0.008376888
779052,0.9864893
779053,0.046694465
779054,0.2755316
779055,0.8295475
779056,0.13781697
779057,0.9509357
779058,0.03456886
779059,0.028427865
779060,0.021023938
779061,0.96279895
779062,0.96877223
779063,0.6120781
779064,0.027758686
779065,0.0074148285
779066,0.037929058
779067,0.6487344
779068,0.73247874
779069,0.7128033
779070,0.75905037
779071,0.006504562
779072,0.763544
779073,0.99473655
779074,0.9947722
779075,0.01900015
779076,0.784873
779077,0.004600587
779078,0.2982537
779079,0.010963407
779080,0.0792518
779081,0.7213139
779082,0.96799755
779083,0.0039773844
779084,0.027010154
779085,0.6593405
779086,0.3066214
779087,0.10743235
779088,0.13995665
779089,0.010712811
779090,0.037969295
779091,0.2678418
779092,0.016947426
779093,0.89985275
779094,0.99768096
779095,0.9380412
779096,0.9521447
779097,0.97113395
779098,0.90274787
779099,0.74817955
779100,0.003055756
779101,0.13620475
779102,0.62540865
779103,0.5996287
779104,0.38677526
779105,0.99177355
779106,0.9303666
779107,0.9824177
779108,0.101616904
779109,0.32258722
779110,0.020610757
779111,0.87936425
779112,0.034490086
779113,0.99774396
779114,0.016621476
779115,0.24254343
779116,0.03719578
779117,0.02304104
779118,0.9224331
779119,0.8661417
779120,0.055503927
779121,0.034654573
779122,0.113233216
779123,0.98264295
779124,0.0012258042
779125,0.8327935
779126,0.029256886
779127,0.5232186
779128,0.0046256897
779129,0.005140384
779130,0.8740264
779131,0.96574974
779132,0.9311149
779133,0.80159295
779134,0.3308888
779135,0.72091305
779136,0.20666833
779137,0.33115047
779138,0.6215168
779139,0.42984837
779140,0.07550652
779141,0.993767
779142,0.10583374
779143,0.3340146
779144,0.9294497
779145,0.003607297
779146,0.3315652
779147,0.12505364
779148,0.72649497
779149,0.41230154
779150,0.008719973
779151,0.548534
779152,0.0024750049
779153,0.40426558
779154,0.7899301
779155,0.8945136
779156,0.3900373
779157,0.9909552
779158,0.9860452
779159,0.027233787
779160,0.5044861
779161,0.0054880315
779162,0.040719945
779163,0.0055601555
779164,0.75325257
779165,0.99828994
779166,0.2323305
779167,0.71761245
779168,0.020535206
779169,0.011676391
779170,0.8164399
779171,0.99437684
779172,0.01466104
779173,0.03735718
779174,0.002461874
779175,0.21361998
779176,0.027486574
779177,0.99442995
779178,0.009709892
779179,0.22332792
779180,0.9207575
779181,0.83501536
779182,0.042618588
779183,0.0027237823
779184,0.9821516
779185,0.49725097
779186,0.98545814
779187,0.019631412
779188,0.79160976
779189,0.99300724
779190,0.9988638
779191,0.9977173
779192,0.00994806
779193,0.015489547
779194,0.9775995
779195,0.976084
779196,0.9979902
779197,0.012250475
779198,0.019478584
779199,0.12761709
779200,0.25147036
779201,0.9395436
779202,0.94575113
779203,0.38043585
779204,0.0033661427
779205,0.13389745
779206,0.4967348
779207,0.44484642
779208,0.9988065
779209,0.4011064
779210,0.8955621
779211,0.99441147
779212,0.11918822
779213,0.05844804
779214,0.44831625
779215,0.006287307
779216,0.98864186
779217,0.962698
779218,0.21089815
779219,0.8737679
779220,0.026613712
779221,0.08827466
779222,0.84045094
779223,0.9838968
779224,0.9208662
779225,0.62402
779226,0.99093246
779227,0.4351496
779228,0.024791239
779229,0.11706002
779230,0.01599878
779231,0.005085514
779232,0.074428394
779233,0.18138935
779234,0.9845728
779235,0.19568563
779236,0.96206164
779237,0.8795047
779238,0.009553478
779239,0.1555604
779240,0.020190924
779241,0.998504
779242,0.95100105
779243,0.20894258
779244,0.121252716
779245,0.55478084
779246,0.98840255
779247,0.06683783
779248,0.026946161
779249,0.018849937
779250,0.9988929
779251,0.02907505
779252,0.8995885
779253,0.68102735
779254,0.16906211
779255,0.0042116297
779256,0.009113132
779257,0.021345744
779258,0.9953916
779259,0.0021617613
779260,0.23876452
779261,0.98675126
779262,0.6658312
779263,0.9914541
779264,0.34767807
779265,0.9987509
779266,0.18278551
779267,0.94720155
779268,0.95275384
779269,0.0429745
779270,0.6006714
779271,0.77131635
779272,0.98998964
779273,0.1278914
779274,0.76339746
779275,0.12407336
779276,0.9469862
779277,0.89393795
779278,0.03667692
779279,0.9938634
779280,0.17104942
779281,0.6667186
779282,0.8912064
779283,0.9909037
779284,0.9216013
779285,0.24417791
779286,0.035600193
779287,0.0069579156
779288,0.9959954
779289,0.084735475
779290,0.033352178
779291,0.006527357
779292,0.0033901506
779293,0.99255747
779294,0.20520501
779295,0.42066473
779296,0.75523597
779297,0.6208111
779298,0.80881983
779299,0.4236642
779300,0.0100332545
779301,0.23289084
779302,0.009919864
779303,0.01684701
779304,0.7645466
779305,0.020888839
779306,0.9835969
779307,0.7361904
779308,0.9369672
779309,0.99381936
779310,0.20938666
779311,0.7543621
779312,0.4093992
779313,0.056556042
779314,0.0070473677
779315,0.024547383
779316,0.40441468
779317,0.18690681
779318,0.99151427
779319,0.011959063
779320,0.03745009
779321,0.022993471
779322,0.026817638
779323,0.9435898
779324,0.13383524
779325,0.017641626
779326,0.99336445
779327,0.39475608
779328,0.013416446
779329,0.97756165
779330,0.004218854
779331,0.038704455
779332,0.0037032212
779333,0.4134832
779334,0.45825613
779335,0.543373
779336,0.062972516
779337,0.97090036
779338,0.9890757
779339,0.010202716
779340,0.9841583
779341,0.5752403
779342,0.50259036
779343,0.99296355
779344,0.06314293
779345,0.48972866
779346,0.9491911
779347,0.06708794
779348,0.9879819
779349,0.008948424
779350,0.005501052
779351,0.81067646
779352,0.0034430104
779353,0.0074724616
779354,0.5980672
779355,0.97791946
779356,0.84442043
779357,0.07036407
779358,0.005725153
779359,0.07667356
779360,0.20399033
779361,0.0033471505
779362,0.0259544
779363,0.8762717
779364,0.012485247
779365,0.53881
779366,0.0043517724
779367,0.998328
779368,0.5442819
779369,0.012179863
779370,0.008351775
779371,0.03778547
779372,0.31812
779373,0.004448244
779374,0.013706028
779375,0.74119174
779376,0.99457633
779377,0.0062801344
779378,0.8788228
779379,0.99296844
779380,0.026079012
779381,0.9941143
779382,0.94504064
779383,0.014461881
779384,0.30896825
779385,0.006405764
779386,0.476117
779387,0.9775045
779388,0.29917178
779389,0.084672414
779390,0.23357709
779391,0.01455093
779392,0.9965675
779393,0.96733636
779394,0.93913406
779395,0.22781596
779396,0.9919306
779397,0.08950429
779398,0.009913138
779399,0.124790296
779400,0.0063207736
779401,0.011826781
779402,0.8476616
779403,0.017778894
779404,0.14785877
779405,0.004194547
779406,0.012220036
779407,0.58713114
779408,0.01821811
779409,0.400684
779410,0.035354998
779411,0.013661645
779412,0.0523459
779413,0.7885811
779414,0.9603764
779415,0.9739733
779416,0.97577214
779417,0.009442169
779418,0.015694711
779419,0.9915892
779420,0.4947467
779421,0.9969356
779422,0.5781313
779423,0.8650738
779424,0.7588244
779425,0.8871809
779426,0.9728077
779427,0.006378226
779428,0.912342
779429,0.017812196
779430,0.0148426425
779431,0.0044382354
779432,0.11731884
779433,0.6863801
779434,0.0070710527
779435,0.35789478
779436,0.9912218
779437,0.10382442
779438,0.29680905
779439,0.94340426
779440,0.07795371
779441,0.94267344
779442,0.8396245
779443,0.16265352
779444,0.9989326
779445,0.04538147
779446,0.077396594
779447,0.994234
779448,0.041301746
779449,0.98849046
779450,0.19188842
779451,0.09378781
779452,0.44633034
779453,0.015684739
779454,0.12122202
779455,0.014527557
779456,0.91901994
779457,0.21012093
779458,0.019594086
779459,0.046417184
779460,0.018333238
779461,0.99535596
779462,0.28171712
779463,0.0025962275
779464,0.03090045
779465,0.9610608
779466,0.0033573317
779467,0.01576724
779468,0.036987856
779469,0.009468323
779470,0.96521866
779471,0.9954615
779472,0.033362262
779473,0.094991714
779474,0.9298689
779475,0.007894357
779476,0.10303413
779477,0.00077798637
779478,0.016420154
779479,0.022042375
779480,0.03095167
779481,0.012360213
779482,0.030940682
779483,0.9792144
779484,0.61863375
779485,0.99838
779486,0.021879714
779487,0.5509174
779488,0.42555955
779489,0.0074652163
779490,0.010435683
779491,0.039994482
779492,0.89772135
779493,0.012150422
779494,0.00885249
779495,0.6877092
779496,0.061568744
779497,0.7284049
779498,0.94300485
779499,0.021401105
779500,0.1285708
779501,0.03255473
779502,0.44954038
779503,0.76319474
779504,0.9398932
779505,0.99894285
779506,0.031510804
779507,0.8540233
779508,0.010470906
779509,0.80600834
779510,0.9577594
779511,0.40768838
779512,0.85823107
779513,0.11856717
779514,0.9505098
779515,0.702531
779516,0.68928885
779517,0.016093466
779518,0.78867954
779519,0.03799903
779520,0.9685842
779521,0.014190217
779522,0.37272218
779523,0.8620928
779524,0.27227563
779525,0.15799287
779526,0.9788675
779527,0.12309313
779528,0.36033314
779529,0.9896084
779530,0.023385143
779531,0.996708
779532,0.012472738
779533,0.35784543
779534,0.059552006
779535,0.5143029
779536,0.9985999
779537,0.46493337
779538,0.71105796
779539,0.007602714
779540,0.32000756
779541,0.05094374
779542,0.9764999
779543,0.06499334
779544,0.5261769
779545,0.97208136
779546,0.36731496
779547,0.9088277
779548,0.04813359
779549,0.3416334
779550,0.113023914
779551,0.20813435
779552,0.040147934
779553,0.009628914
779554,0.9070976
779555,0.06295824
779556,0.5012382
779557,0.6549233
779558,0.30451
779559,0.04111038
779560,0.9530813
779561,0.993642
779562,0.9695335
779563,0.043538388
779564,0.90276194
779565,0.23480365
779566,0.94422877
779567,0.07442133
779568,0.96370935
779569,0.73394144
779570,0.032540902
779571,0.1598365
779572,0.99756134
779573,0.9668131
779574,0.98885095
779575,0.29216
779576,0.01432423
779577,0.97755307
779578,0.73730195
779579,0.42069817
779580,0.24689604
779581,0.14142917
779582,0.97127104
779583,0.16873094
779584,0.008209568
779585,0.9847424
779586,0.027755376
779587,0.035884216
779588,0.9202639
779589,0.6348996
779590,0.01566965
779591,0.0039893817
779592,0.958429
779593,0.044446185
779594,0.0014678652
779595,0.064944334
779596,0.48362252
779597,0.9985865
779598,0.009856095
779599,0.73407704
779600,0.10360116
779601,0.079571694
779602,0.0035204133
779603,0.73001474
779604,0.97855926
779605,0.07786156
779606,0.9001209
779607,0.040143214
779608,0.9543572
779609,0.009132363
779610,0.044084176
779611,0.16353923
779612,0.9092047
779613,0.9125797
779614,0.29571572
779615,0.008336343
779616,0.11996852
779617,0.039666872
779618,0.9822135
779619,0.9228616
779620,0.028465288
779621,0.9982986
779622,0.95002097
779623,0.07441822
779624,0.01862767
779625,0.007145144
779626,0.13895002
779627,0.764862
779628,0.04838328
779629,0.8535988
779630,0.5316447
779631,0.9464293
779632,0.812235
779633,0.032574132
779634,0.041978616
779635,0.06656334
779636,0.934577
779637,0.0069769383
779638,0.08898725
779639,0.3217215
779640,0.9878066
779641,0.13516028
779642,0.070871286
779643,0.95341223
779644,0.97845954
779645,0.4267803
779646,0.0029614219
779647,0.9366487
779648,0.99505806
779649,0.015414819
779650,0.9292321
779651,0.9942944
779652,0.9328439
779653,0.8705081
779654,0.00891962
779655,0.98232996
779656,0.9604669
779657,0.28335524
779658,0.92022204
779659,0.0032927503
779660,0.02673998
779661,0.95766914
779662,0.9717003
779663,0.98740005
779664,0.9747832
779665,0.99720883
779666,0.91925144
779667,0.96200234
779668,0.061837774
779669,0.051786013
779670,0.9860109
779671,0.16121554
779672,0.6706867
779673,0.9376613
779674,0.9845532
779675,0.33439955
779676,0.027066745
779677,0.99802375
779678,0.23585306
779679,0.93472147
779680,0.02403529
779681,0.5944719
779682,0.29564553
779683,0.90064687
779684,0.23050743
779685,0.994546
779686,0.23893979
779687,0.005658298
779688,0.35413757
779689,0.006752847
779690,0.37475222
779691,0.13838929
779692,0.05941176
779693,0.1276183
779694,0.7450961
779695,0.028726313
779696,0.03274418
779697,0.6003246
779698,0.80450463
779699,0.011899287
779700,0.5477705
779701,0.007739188
779702,0.9573434
779703,0.99604774
779704,0.06667332
779705,0.042337373
779706,0.99457604
779707,0.9685342
779708,0.9278058
779709,0.06213225
779710,0.9007382
779711,0.16233274
779712,0.9835769
779713,0.9985693
779714,0.6345128
779715,0.9907907
779716,0.75246835
779717,0.004854827
779718,0.005087686
779719,0.9707922
779720,0.014635064
779721,0.055356532
779722,0.9996271
779723,0.33661407
779724,0.065244555
779725,0.3087947
779726,0.06343867
779727,0.91219133
779728,0.97977793
779729,0.10724042
779730,0.2944963
779731,0.10491598
779732,0.043852814
779733,0.014284205
779734,0.33412826
779735,0.035208724
779736,0.9893141
779737,0.054336406
779738,0.94266284
779739,0.0036941643
779740,0.31775177
779741,0.67099655
779742,0.61458164
779743,0.076293856
779744,0.9911445
779745,0.025583558
779746,0.0056070485
779747,0.11476512
779748,0.9932024
779749,0.059840593
779750,0.99482626
779751,0.05520828
779752,0.9720274
779753,0.96750915
779754,0.0065141367
779755,0.9970249
779756,0.9630605
779757,0.99258274
779758,0.9676609
779759,0.04213704
779760,0.954713
779761,0.82406545
779762,0.0033928184
779763,0.64655596
779764,0.09938928
779765,0.005676528
779766,0.9518079
779767,0.7567426
779768,0.13580887
779769,0.10764789
779770,0.9883868
779771,0.17562267
779772,0.045500845
779773,0.98788655
779774,0.005810297
779775,0.8614389
779776,0.47780764
779777,0.0993242
779778,0.010521235
779779,0.07584345
779780,0.99082184
779781,0.1654007
779782,0.30072066
779783,0.99490917
779784,0.23229475
779785,0.9036264
779786,0.0064076027
779787,0.0009811351
779788,0.99923366
779789,0.11571209
779790,0.993617
779791,0.99393237
779792,0.8052689
779793,0.71520317
779794,0.9296955
779795,0.97203505
779796,0.9506524
779797,0.03390637
779798,0.9923976
779799,0.7610312
779800,0.74791354
779801,0.9936881
779802,0.9949412
779803,0.031534288
779804,0.6547909
779805,0.98663175
779806,0.9939247
779807,0.011004852
779808,0.26876163
779809,0.97741854
779810,0.99244756
779811,0.3721807
779812,0.77434814
779813,0.9359701
779814,0.99372554
779815,0.81418186
779816,0.82831234
779817,0.98109347
779818,0.47804487
779819,0.00877405
779820,0.74031985
779821,0.54580283
779822,0.24546127
779823,0.14253178
779824,0.117350034
779825,0.014200129
779826,0.2238484
779827,0.14437929
779828,0.96257347
779829,0.98242915
779830,0.11290171
779831,0.9888723
779832,0.9006547
779833,0.01738693
779834,0.7032785
779835,0.9101564
779836,0.009077415
779837,0.25359687
779838,0.5042948
779839,0.012504874
779840,0.13488229
779841,0.02576522
779842,0.8909959
779843,0.9921143
779844,0.98762786
779845,0.0012230182
779846,0.98973733
779847,0.8372922
779848,0.9966687
779849,0.9773754
779850,0.0067177173
779851,0.35845035
779852,0.078934014
779853,0.032200128
779854,0.9233083
779855,0.6088868
779856,0.20678389
779857,0.015335916
779858,0.055352446
779859,0.00986817
779860,0.6143151
779861,0.0076181223
779862,0.017253134
779863,0.8124504
779864,0.8951069
779865,0.09909151
779866,0.98012507
779867,0.17099375
779868,0.004723634
779869,0.5936109
779870,0.23315093
779871,0.9733493
779872,0.85138077
779873,0.93771654
779874,0.9586963
779875,0.0050237966
779876,0.0058413628
779877,0.98623365
779878,0.004612298
779879,0.99436235
779880,0.024531337
779881,0.07116544
779882,0.01718256
779883,0.04744969
779884,0.013666181
779885,0.9336545
779886,0.22779177
779887,0.04810245
779888,0.037922334
779889,0.97299314
779890,0.95345676
779891,0.51433444
779892,0.19886684
779893,0.08465982
779894,0.11936541
779895,0.006503051
779896,0.03350019
779897,0.017214814
779898,0.1255357
779899,0.5530947
779900,0.15997261
779901,0.054892436
779902,0.956969
779903,0.86405295
779904,0.31014553
779905,0.70162654
779906,0.055849146
779907,0.8250491
779908,0.99416244
779909,0.9520639
779910,0.9598421
779911,0.0066648144
779912,0.37949744
779913,0.0028742142
779914,0.99885166
779915,0.10908214
779916,0.97942305
779917,0.010383425
779918,0.85147095
779919,0.00806899
779920,0.9303027
779921,0.996261
779922,0.9162663
779923,0.98561734
779924,0.98336667
779925,0.0015840125
779926,0.0050797444
779927,0.045815658
779928,0.97758716
779929,0.009258576
779930,0.019886553
779931,0.9883347
779932,0.79465383
779933,0.0022136038
779934,0.10671282
779935,0.03340298
779936,0.9947121
779937,0.9830338
779938,0.9936944
779939,0.9982372
779940,0.57670414
779941,0.82689065
779942,0.57158494
779943,0.023964169
779944,0.0197379
779945,0.014478446
779946,0.9803313
779947,0.00709349
779948,0.017212387
779949,0.903278
779950,0.7808903
779951,0.25118008
779952,0.5029253
779953,0.059332862
779954,0.017935326
779955,0.876426
779956,0.6388415
779957,0.10680334
779958,0.989512
779959,0.00435635
779960,0.11230138
779961,0.0056669135
779962,0.02818377
779963,0.058638155
779964,0.992699
779965,0.007851481
779966,0.9936159
779967,0.9859745
779968,0.84686273
779969,0.89966637
779970,0.76185447
779971,0.01344306
779972,0.9559435
779973,0.9725156
779974,0.010813719
779975,0.9496906
779976,0.013591316
779977,0.010289233
779978,0.08985387
779979,0.944301
779980,0.0071731657
779981,0.22042961
779982,0.94597495
779983,0.0086813
779984,0.71093184
779985,0.02971065
779986,0.9979428
779987,0.92056763
779988,0.006772627
779989,0.1800212
779990,0.76540834
779991,0.9802114
779992,0.99727994
779993,0.9958092
779994,0.2788657
779995,0.98549974
779996,0.33514315
779997,0.18758854
779998,0.49730006
779999,0.48477724
780000,0.22804213
780001,0.9440276
780002,0.85573167
780003,0.06998217
780004,0.0256617
780005,0.79914755
780006,0.56957734
780007,0.0036851969
780008,0.4775527
780009,0.13643485
780010,0.4998539
780011,0.9471239
780012,0.4136985
780013,0.0030778192
780014,0.998258
780015,0.0020146065
780016,0.0066391802
780017,0.9924769
780018,0.8712137
780019,0.038654294
780020,0.97478616
780021,0.08305364
780022,0.05888921
780023,0.06606163
780024,0.010995634
780025,0.47982338
780026,0.9635066
780027,0.4250476
780028,0.01019806
780029,0.99371517
780030,0.02487718
780031,0.0015329187
780032,0.9918024
780033,0.25624645
780034,0.5767345
780035,0.6821926
780036,0.00473901
780037,0.0417678
780038,0.02991081
780039,0.9845593
780040,0.9682313
780041,0.10692409
780042,0.8941733
780043,0.92670226
780044,0.00093259587
780045,0.15558806
780046,0.10539535
780047,0.038879387
780048,0.038556185
780049,0.9549434
780050,0.27587673
780051,0.062261418
780052,0.94433135
780053,0.9425318
780054,0.021528197
780055,0.8864708
780056,0.91690356
780057,0.041960776
780058,0.3385747
780059,0.9752442
780060,0.9976337
780061,0.115516655
780062,0.5003374
780063,0.16761605
780064,0.9183296
780065,0.15369317
780066,0.039775725
780067,0.2068854
780068,0.9983432
780069,0.020097127
780070,0.44382682
780071,0.03347678
780072,0.9982586
780073,0.99199504
780074,0.011097115
780075,0.20412588
780076,0.9723495
780077,0.22495735
780078,0.03374652
780079,0.085610524
780080,0.24337187
780081,0.9400178
780082,0.14110813
780083,0.049842447
780084,0.99780685
780085,0.08420881
780086,0.89744383
780087,0.39261943
780088,0.007507096
780089,0.04039188
780090,0.007039573
780091,0.43380275
780092,0.110818915
780093,0.0972836
780094,0.98362285
780095,0.93882203
780096,0.85999656
780097,0.012595409
780098,0.9211807
780099,0.9981265
780100,0.1164205
780101,0.033901367
780102,0.19834527
780103,0.18148093
780104,0.015490219
780105,0.0027459883
780106,0.4968416
780107,0.1059048
780108,0.9901678
780109,0.48716566
780110,0.060785145
780111,0.31853443
780112,0.2078927
780113,0.954707
780114,0.23668781
780115,0.93386644
780116,0.95045274
780117,0.050354913
780118,0.9863129
780119,0.861771
780120,0.9961399
780121,0.11220136
780122,0.43886057
780123,0.80842274
780124,0.015671028
780125,0.76520705
780126,0.5000065
780127,0.9292562
780128,0.7700878
780129,0.018052619
780130,0.9927362
780131,0.15186533
780132,0.9662602
780133,0.97171545
780134,0.2504156
780135,0.78875804
780136,0.97607017
780137,0.9966966
780138,0.243377
780139,0.0496283
780140,0.98219466
780141,0.97244793
780142,0.0038039107
780143,0.019851733
780144,0.49067113
780145,0.006319042
780146,0.010417036
780147,0.12424575
780148,0.99409074
780149,0.06599155
780150,0.15494427
780151,0.9908134
780152,0.18327542
780153,0.9874188
780154,0.7031968
780155,0.96695185
780156,0.0208082
780157,0.087438256
780158,0.014120127
780159,0.012684505
780160,0.98503715
780161,0.054707073
780162,0.940907
780163,0.6113189
780164,0.9755789
780165,0.88735175
780166,0.97548914
780167,0.9963985
780168,0.2511017
780169,0.20681037
780170,0.43240666
780171,0.9671451
780172,0.026671536
780173,0.0041450947
780174,0.996657
780175,0.22954872
780176,0.0019768183
780177,0.9119481
780178,0.006784103
780179,0.29770213
780180,0.96165496
780181,0.30108616
780182,0.98076826
780183,0.015512184
780184,0.9993864
780185,0.32426256
780186,0.30321312
780187,0.0027353922
780188,0.6552959
780189,0.8418665
780190,0.12383821
780191,0.98737335
780192,0.9721677
780193,0.9985678
780194,0.9511712
780195,0.05356213
780196,0.82127553
780197,0.94856465
780198,0.89616835
780199,0.97757053
780200,0.16769518
780201,0.10281744
780202,0.036827587
780203,0.014950704
780204,0.033463854
780205,0.92644364
780206,0.93980783
780207,0.019926198
780208,0.98258007
780209,0.983551
780210,0.0047758445
780211,0.026098216
780212,0.54081434
780213,0.69168663
780214,0.9663571
780215,0.55787283
780216,0.040637754
780217,0.05373994
780218,0.03249885
780219,0.5645436
780220,0.02228851
780221,0.8345453
780222,0.94844604
780223,0.7169211
780224,0.988255
780225,0.8634409
780226,0.9923405
780227,0.9945975
780228,0.46653828
780229,0.01421647
780230,0.27052286
780231,0.039651893
780232,0.19227463
780233,0.023563638
780234,0.9421813
780235,0.9759404
780236,0.014298793
780237,0.26492697
780238,0.06990144
780239,0.99207973
780240,0.97034734
780241,0.76102793
780242,0.5670755
780243,0.01853295
780244,0.9962262
780245,0.989318
780246,0.92695045
780247,0.0928616
780248,0.2857315
780249,0.020654496
780250,0.9992281
780251,0.047725406
780252,0.9972091
780253,0.9320947
780254,0.98992467
780255,0.9396539
780256,0.6488233
780257,0.16141829
780258,0.8692427
780259,0.11967101
780260,0.007915372
780261,0.040232357
780262,0.9970649
780263,0.99427974
780264,0.01636288
780265,0.9953557
780266,0.038679667
780267,0.60207653
780268,0.028384998
780269,0.9516697
780270,0.13830993
780271,0.013373362
780272,0.9943466
780273,0.0029583066
780274,0.2560742
780275,0.99519116
780276,0.8143519
780277,0.92148507
780278,0.0021301284
780279,0.2272102
780280,0.4629301
780281,0.02948124
780282,0.986312
780283,0.99733734
780284,0.038165342
780285,0.007584119
780286,0.8896551
780287,0.95659286
780288,0.95746803
780289,0.9207102
780290,0.008100059
780291,0.01693071
780292,0.002848384
780293,0.8477205
780294,0.9705299
780295,0.35895622
780296,0.56207395
780297,0.006308209
780298,0.98691857
780299,0.9538686
780300,0.98699784
780301,0.9878813
780302,0.054691944
780303,0.09199002
780304,0.011513256
780305,0.0060752505
780306,0.8745743
780307,0.027483635
780308,0.26879862
780309,0.18435141
780310,0.9448627
780311,0.98790514
780312,0.9254781
780313,0.9672643
780314,0.6185491
780315,0.9920449
780316,0.07890445
780317,0.98105276
780318,0.032262485
780319,0.61832106
780320,0.040812902
780321,0.034720276
780322,0.008470686
780323,0.049390666
780324,0.9232027
780325,0.002878525
780326,0.08455083
780327,0.1151985
780328,0.010745447
780329,0.050271064
780330,0.011939136
780331,0.027010374
780332,0.007930081
780333,0.14113596
780334,0.019863788
780335,0.027096989
780336,0.021156056
780337,0.9663799
780338,0.19504263
780339,0.46136117
780340,0.15869947
780341,0.5975961
780342,0.9437499
780343,0.2605831
780344,0.97119033
780345,0.011497906
780346,0.7606458
780347,0.039222814
780348,0.030677171
780349,0.12826455
780350,0.99288195
780351,0.97052085
780352,0.014510663
780353,0.0058646095
780354,0.003798029
780355,0.050360966
780356,0.38578022
780357,0.3049516
780358,0.041606158
780359,0.54296917
780360,0.010847475
780361,0.9889744
780362,0.79078466
780363,0.99853504
780364,0.010664763
780365,0.3028993
780366,0.051857777
780367,0.2475787
780368,0.6279154
780369,0.0033999546
780370,0.49102235
780371,0.2003237
780372,0.10653487
780373,0.07754442
780374,0.0018164498
780375,0.99707
780376,0.0055808146
780377,0.9812914
780378,0.1132869
780379,0.9949888
780380,0.98844993
780381,0.9819511
780382,0.7794923
780383,0.9034723
780384,0.07280998
780385,0.026075449
780386,0.991499
780387,0.8959612
780388,0.19114856
780389,0.9749118
780390,0.006383121
780391,0.9872791
780392,0.88987637
780393,0.9027195
780394,0.9885981
780395,0.022706388
780396,0.99439514
780397,0.98291177
780398,0.028497795
780399,0.8994248
780400,0.0024691336
780401,0.913845
780402,0.21024965
780403,0.99957126
780404,0.9745448
780405,0.0069503575
780406,0.63768077
780407,0.095042974
780408,0.46113658
780409,0.86645347
780410,0.010678284
780411,0.0315466
780412,0.9546242
780413,0.6202676
780414,0.015235499
780415,0.025339242
780416,0.055728253
780417,0.99806935
780418,0.93682504
780419,0.9898765
780420,0.007007862
780421,0.94537306
780422,0.47297245
780423,0.5394095
780424,0.05517436
780425,0.97469854
780426,0.014583217
780427,0.29153636
780428,0.9046763
780429,0.031833347
780430,0.014057008
780431,0.6845349
780432,0.98500824
780433,0.019807663
780434,0.92433
780435,0.0056175836
780436,0.9266404
780437,0.0063886875
780438,0.009458121
780439,0.03570774
780440,0.801424
780441,0.39090234
780442,0.39475742
780443,0.022799708
780444,0.032825317
780445,0.07750389
780446,0.0036858749
780447,0.22696646
780448,0.25622874
780449,0.9931865
780450,0.1627989
780451,0.011420756
780452,0.9985139
780453,0.99425805
780454,0.17462654
780455,0.9986529
780456,0.30321777
780457,0.035508186
780458,0.9839499
780459,0.030220695
780460,0.046629373
780461,0.993813
780462,0.9974541
780463,0.068821795
780464,0.0044927597
780465,0.9802679
780466,0.983162
780467,0.9716882
780468,0.06275116
780469,0.016567273
780470,0.9952501
780471,0.0040588514
780472,0.026854992
780473,0.013583876
780474,0.992496
780475,0.09012431
780476,0.15827857
780477,0.005829237
780478,0.9485802
780479,0.7984388
780480,0.6834763
780481,0.0070047514
780482,0.7461244
780483,0.88031834
780484,0.0033653204
780485,0.4606855
780486,0.025886573
780487,0.97023773
780488,0.09816784
780489,0.0075678322
780490,0.99201703
780491,0.68872094
780492,0.2512218
780493,0.97194713
780494,0.68436575
780495,0.93591976
780496,0.7085399
780497,0.40947095
780498,0.8927656
780499,0.6559895
780500,0.0032065925
780501,0.055739287
780502,0.9614801
780503,0.026673233
780504,0.35993457
780505,0.988314
780506,0.99733156
780507,0.016190201
780508,0.0034290506
780509,0.89783394
780510,0.8407475
780511,0.9877792
780512,0.9906485
780513,0.96060365
780514,0.09326576
780515,0.23071502
780516,0.99403965
780517,0.9568093
780518,0.28008214
780519,0.9222036
780520,0.81526136
780521,0.038697783
780522,0.118825
780523,0.9985355
780524,0.7371044
780525,0.1768246
780526,0.99293804
780527,0.998713
780528,0.06437869
780529,0.060074102
780530,0.7313484
780531,0.0031185774
780532,0.9578738
780533,0.97246116
780534,0.33505765
780535,0.014915139
780536,0.9989569
780537,0.73368824
780538,0.7396288
780539,0.98236936
780540,0.05500639
780541,0.11421151
780542,0.9888246
780543,0.0070449775
780544,0.45998424
780545,0.5614658
780546,0.98040724
780547,0.4517609
780548,0.51676893
780549,0.26755315
780550,0.32554513
780551,0.8732824
780552,0.22546303
780553,0.9533063
780554,0.9196993
780555,0.99705684
780556,0.2758029
780557,0.005816862
780558,0.061774187
780559,0.02247972
780560,0.9987174
780561,0.94406223
780562,0.25341737
780563,0.8828561
780564,0.026013583
780565,0.9774246
780566,0.009217251
780567,0.97656006
780568,0.08207196
780569,0.034630068
780570,0.092635535
780571,0.9890959
780572,0.4765231
780573,0.6499516
780574,0.017896557
780575,0.090672515
780576,0.8040169
780577,0.2863772
780578,0.9971699
780579,0.41864067
780580,0.008781973
780581,0.9833194
780582,0.009706554
780583,0.09305839
780584,0.22426246
780585,0.055343565
780586,0.87899196
780587,0.9806354
780588,0.01825817
780589,0.031945862
780590,0.9865484
780591,0.38167894
780592,0.006674216
780593,0.034532096
780594,0.7126049
780595,0.99875796
780596,0.23517789
780597,0.9939095
780598,0.36632937
780599,0.86598384
780600,0.021693576
780601,0.32737142
780602,0.031647637
780603,0.030643722
780604,0.9934745
780605,0.00860633
780606,0.0201623
780607,0.70610327
780608,0.71397305
780609,0.28322053
780610,0.05290851
780611,0.09263621
780612,0.18875575
780613,0.06621078
780614,0.9903147
780615,0.12528871
780616,0.1633821
780617,0.006913163
780618,0.03552683
780619,0.96612674
780620,0.8647463
780621,0.9708508
780622,0.43379802
780623,0.0017286213
780624,0.9556362
780625,0.0060611996
780626,0.0045048837
780627,0.045754053
780628,0.0066116406
780629,0.8833577
780630,0.9591452
780631,0.9699336
780632,0.5996379
780633,0.545575
780634,0.99496263
780635,0.046813574
780636,0.0049390765
780637,0.22278905
780638,0.04520504
780639,0.33926487
780640,0.024053019
780641,0.31359524
780642,0.29317057
780643,0.004373462
780644,0.99824286
780645,0.013833545
780646,0.61046505
780647,0.47667632
780648,0.9922065
780649,0.9973427
780650,0.0063091777
780651,0.046671126
780652,0.22130077
780653,0.25393295
780654,0.99784184
780655,0.023458377
780656,0.044264063
780657,0.09076191
780658,0.0022616095
780659,0.011633215
780660,0.8735479
780661,0.99273795
780662,0.99858415
780663,0.024625704
780664,0.014255565
780665,0.017651556
780666,0.90732676
780667,0.65058017
780668,0.9902112
780669,0.04673746
780670,0.014672283
780671,0.95687103
780672,0.08542121
780673,0.007272358
780674,0.08124123
780675,0.058723286
780676,0.019923206
780677,0.067752324
780678,0.119383514
780679,0.35530725
780680,0.07365248
780681,0.9984424
780682,0.93151313
780683,0.054489724
780684,0.024966111
780685,0.014853104
780686,0.99839926
780687,0.12560968
780688,0.83942884
780689,0.04218029
780690,0.02742601
780691,0.29391462
780692,0.07289919
780693,0.99480784
780694,0.011668644
780695,0.016760902
780696,0.982771
780697,0.01812334
780698,0.89929724
780699,0.06963263
780700,0.025524395
780701,0.97833204
780702,0.34430313
780703,0.98034847
780704,0.98983526
780705,0.0033766518
780706,0.039748102
780707,0.9932817
780708,0.89348125
780709,0.38249233
780710,0.1470772
780711,0.93031377
780712,0.9760107
780713,0.9913022
780714,0.9886189
780715,0.48732582
780716,0.9432956
780717,0.98510844
780718,0.042719416
780719,0.0027078234
780720,0.9745379
780721,0.15700404
780722,0.015932765
780723,0.9993544
780724,0.039908774
780725,0.9559411
780726,0.9867372
780727,0.10376584
780728,0.6410374
780729,0.99735576
780730,0.026783178
780731,0.99510413
780732,0.92471486
780733,0.48391223
780734,0.007545937
780735,0.17254886
780736,0.054224838
780737,0.065316215
780738,0.20060219
780739,0.0172446
780740,0.002546757
780741,0.31634277
780742,0.3742193
780743,0.46130824
780744,0.1450865
780745,0.14650941
780746,0.005021914
780747,0.010534669
780748,0.9995863
780749,0.0051794336
780750,0.97682506
780751,0.0023062848
780752,0.53793854
780753,0.007358007
780754,0.11086368
780755,0.004953172
780756,0.98674864
780757,0.9630296
780758,0.005912898
780759,0.8050411
780760,0.040631294
780761,0.989653
780762,0.0084916
780763,0.3448132
780764,0.9421555
780765,0.98641694
780766,0.021924246
780767,0.011446709
780768,0.9621512
780769,0.009344454
780770,0.84546345
780771,0.099002376
780772,0.80751234
780773,0.99920017
780774,0.04780387
780775,0.9141027
780776,0.9504332
780777,0.9797322
780778,0.114356086
780779,0.9956914
780780,0.8559885
780781,0.91783106
780782,0.035993207
780783,0.004308924
780784,0.46546412
780785,0.02069467
780786,0.01093299
780787,0.27648786
780788,0.2829016
780789,0.00808098
780790,0.037823748
780791,0.006199613
780792,0.27690783
780793,0.97740525
780794,0.732126
780795,0.349606
780796,0.007885098
780797,0.13803774
780798,0.038842678
780799,0.3798192
780800,0.6457228
780801,0.0068932725
780802,0.05724365
780803,0.05599212
780804,0.012630224
780805,0.38076997
780806,0.12058766
780807,0.9784193
780808,0.057765037
780809,0.9179131
780810,0.9675442
780811,0.9763175
780812,0.74730843
780813,0.39412105
780814,0.013977101
780815,0.7985246
780816,0.99747175
780817,0.9004329
780818,0.30464613
780819,0.37466303
780820,0.60258305
780821,0.085497975
780822,0.8400986
780823,0.16981235
780824,0.008348684
780825,0.018270172
780826,0.020430878
780827,0.9858955
780828,0.010355965
780829,0.04686704
780830,0.12555829
780831,0.9911843
780832,0.9949697
780833,0.003512826
780834,0.20310801
780835,0.15182011
780836,0.7353692
780837,0.0041548354
780838,0.69683105
780839,0.98416305
780840,0.9883342
780841,0.0056585623
780842,0.03366256
780843,0.08711888
780844,0.70817906
780845,0.7081495
780846,0.8959849
780847,0.97525996
780848,0.028459832
780849,0.92292595
780850,0.5190491
780851,0.07916568
780852,0.9983102
780853,0.9673435
780854,0.99891275
780855,0.88647115
780856,0.021973133
780857,0.96929616
780858,0.9989036
780859,0.8910975
780860,0.8206977
780861,0.87185276
780862,0.0011839373
780863,0.06856295
780864,0.004081851
780865,0.0037456397
780866,0.4210357
780867,0.8645171
780868,0.054334156
780869,0.28961203
780870,0.37103146
780871,0.34100336
780872,0.94944644
780873,0.08915803
780874,0.011273229
780875,0.43308142
780876,0.9472066
780877,0.96905506
780878,0.057603203
780879,0.062801026
780880,0.79435784
780881,0.0047888206
780882,0.012488736
780883,0.67097807
780884,0.010753506
780885,0.99566
780886,0.65218043
780887,0.983408
780888,0.88808435
780889,0.043238007
780890,0.055664495
780891,0.0067447866
780892,0.9240895
780893,0.0153255705
780894,0.19195695
780895,0.8802787
780896,0.8727888
780897,0.87928987
780898,0.042648528
780899,0.9323731
780900,0.0046582688
780901,0.034594163
780902,0.95600927
780903,0.09916894
780904,0.16109756
780905,0.8298088
780906,0.9954714
780907,0.025236374
780908,0.0111711575
780909,0.007129999
780910,0.9985785
780911,0.23531963
780912,0.08346926
780913,0.0064555206
780914,0.95433587
780915,0.080191135
780916,0.01575426
780917,0.12720302
780918,0.96779764
780919,0.010297619
780920,0.44307843
780921,0.024580901
780922,0.025536496
780923,0.60598177
780924,0.0947143
780925,0.83207136
780926,0.2252416
780927,0.3789923
780928,0.31824636
780929,0.011999521
780930,0.12515819
780931,0.9982347
780932,0.62943274
780933,0.3884072
780934,0.40686482
780935,0.96597534
780936,0.9779793
780937,0.7854227
780938,0.7568142
780939,0.9708929
780940,0.8484083
780941,0.018801618
780942,0.9656696
780943,0.1009423
780944,0.21741149
780945,0.08988303
780946,0.16214292
780947,0.964108
780948,0.94407874
780949,0.9754588
780950,0.8089711
780951,0.08229222
780952,0.009727503
780953,0.0036578572
780954,0.647692
780955,0.02879694
780956,0.9966891
780957,0.03609401
780958,0.37737674
780959,0.18685007
780960,0.05158321
780961,0.80565715
780962,0.047095448
780963,0.0042919684
780964,0.47868782
780965,0.9450661
780966,0.92261994
780967,0.011971314
780968,0.40838706
780969,0.9950792
780970,0.958694
780971,0.98370504
780972,0.99015385
780973,0.005275693
780974,0.9386662
780975,0.9845975
780976,0.9984534
780977,0.112823635
780978,0.8761351
780979,0.25157735
780980,0.12792866
780981,0.021438783
780982,0.6801736
780983,0.016141701
780984,0.025041683
780985,0.012808142
780986,0.9180532
780987,0.9945126
780988,0.8998498
780989,0.036424052
780990,0.006625351
780991,0.8075731
780992,0.14892252
780993,0.6969494
780994,0.4789326
780995,0.11510017
780996,0.9893824
780997,0.7621773
780998,0.014787626
780999,0.73239094
781000,0.99391675
781001,0.7309325
781002,0.7359794
781003,0.0916023
781004,0.9812168
781005,0.9967767
781006,0.028782822
781007,0.96680385
781008,0.28435695
781009,0.9297744
781010,0.17008965
781011,0.41315386
781012,0.067477606
781013,0.016922705
781014,0.034015425
781015,0.013655866
781016,0.9949956
781017,0.9930657
781018,0.1845414
781019,0.021018885
781020,0.8295532
781021,0.7937496
781022,0.013090869
781023,0.5068553
781024,0.011634117
781025,0.766995
781026,0.9893505
781027,0.026528545
781028,0.98063123
781029,0.0546386
781030,0.104959205
781031,0.9676837
781032,0.74086016
781033,0.0038008126
781034,0.028682178
781035,0.09899612
781036,0.1282621
781037,0.7326831
781038,0.957042
781039,0.021537658
781040,0.01896264
781041,0.93615675
781042,0.009269458
781043,0.84689474
781044,0.9742476
781045,0.03393963
781046,0.965605
781047,0.23067318
781048,0.29595286
781049,0.0906407
781050,0.018901903
781051,0.9403684
781052,0.03973648
781053,0.9149695
781054,0.02479713
781055,0.025539242
781056,0.9832809
781057,0.9568723
781058,0.82589734
781059,0.9891692
781060,0.050326608
781061,0.13505438
781062,0.7788346
781063,0.009190634
781064,0.66818327
781065,0.9813682
781066,0.082878694
781067,0.9807589
781068,0.06599024
781069,0.8899408
781070,0.0060938704
781071,0.21039155
781072,0.36267784
781073,0.9919963
781074,0.017086685
781075,0.99636036
781076,0.061125085
781077,0.053227983
781078,0.017801153
781079,0.40503588
781080,0.024817182
781081,0.99694157
781082,0.12706557
781083,0.62383574
781084,0.967042
781085,0.011344525
781086,0.95547044
781087,0.9989215
781088,0.9907768
781089,0.0066447114
781090,0.008791556
781091,0.2860222
781092,0.011499501
781093,0.043057013
781094,0.9931414
781095,0.26585004
781096,0.23405756
781097,0.9983753
781098,0.007277362
781099,0.9970208
781100,0.1024914
781101,0.0027422253
781102,0.7943075
781103,0.024008755
781104,0.33282652
781105,0.5177729
781106,0.04628651
781107,0.9457303
781108,0.5219223
781109,0.053547107
781110,0.94197655
781111,0.021191817
781112,0.99233663
781113,0.96953183
781114,0.017853383
781115,0.12156419
781116,0.05477324
781117,0.19975093
781118,0.9497677
781119,0.85340434
781120,0.4974606
781121,0.18086271
781122,0.9208102
781123,0.0055021197
781124,0.11319911
781125,0.016526788
781126,0.13804212
781127,0.059273243
781128,0.9976251
781129,0.104114465
781130,0.9699094
781131,0.039853178
781132,0.9986112
781133,0.07840243
781134,0.9846734
781135,0.91647935
781136,0.9392048
781137,0.06435809
781138,0.9539432
781139,0.48820168
781140,0.90596896
781141,0.0012280479
781142,0.13460007
781143,0.046799324
781144,0.99911046
781145,0.027410533
781146,0.86265934
781147,0.006863989
781148,0.020712452
781149,0.851777
781150,0.80145997
781151,0.9890387
781152,0.371158
781153,0.05035302
781154,0.090860516
781155,0.95711666
781156,0.40687686
781157,0.9894781
781158,0.21426651
781159,0.9548178
781160,0.053457014
781161,0.9147918
781162,0.30697098
781163,0.36840466
781164,0.4626822
781165,0.9528494
781166,0.016892746
781167,0.0048907287
781168,0.011018612
781169,0.9214438
781170,0.0051040514
781171,0.93069255
781172,0.9379466
781173,0.0669296
781174,0.595667
781175,0.9782659
781176,0.06786539
781177,0.8238697
781178,0.6444459
781179,0.034221105
781180,0.006835966
781181,0.006820199
781182,0.9803088
781183,0.9127575
781184,0.032501783
781185,0.039290022
781186,0.97455174
781187,0.009347974
781188,0.19745821
781189,0.017098378
781190,0.045616988
781191,0.98338735
781192,0.312875
781193,0.007111013
781194,0.05378434
781195,0.3314428
781196,0.015636265
781197,0.01709824
781198,0.04609775
781199,0.971236
781200,0.98725563
781201,0.5868475
781202,0.119679086
781203,0.9571446
781204,0.991595
781205,0.05575373
781206,0.011483556
781207,0.9496928
781208,0.9427438
781209,0.039868012
781210,0.9525346
781211,0.86013585
781212,0.97553444
781213,0.6663948
781214,0.025589867
781215,0.7560066
781216,0.99083394
781217,0.014533217
781218,0.99620485
781219,0.03926924
781220,0.15839636
781221,0.04714357
781222,0.8265824
781223,0.06512837
781224,0.8968035
781225,0.16751409
781226,0.62881315
781227,0.023776833
781228,0.99708164
781229,0.24226649
781230,0.99847865
781231,0.9935946
781232,0.14504978
781233,0.98394656
781234,0.9982277
781235,0.95982325
781236,0.92602664
781237,0.9347153
781238,0.6010878
781239,0.93205005
781240,0.30095804
781241,0.6048098
781242,0.96013457
781243,0.9988912
781244,0.117572576
781245,0.99224025
781246,0.012986555
781247,0.019346673
781248,0.98979497
781249,0.94283205
781250,0.6878767
781251,0.8034506
781252,0.98986185
781253,0.1754569
781254,0.0036992077
781255,0.008975259
781256,0.44112393
781257,0.40912998
781258,0.93309134
781259,0.008234592
781260,0.003376681
781261,0.020486768
781262,0.922342
781263,0.14817813
781264,0.057901353
781265,0.058363914
781266,0.049183927
781267,0.12219608
781268,0.24685113
781269,0.021864569
781270,0.02007815
781271,0.8395885
781272,0.85363245
781273,0.8297665
781274,0.154932
781275,0.09711919
781276,0.5741121
781277,0.12876168
781278,0.004795001
781279,0.7598019
781280,0.08034969
781281,0.0044945893
781282,0.85678935
781283,0.0049378583
781284,0.17390592
781285,0.9952377
781286,0.3231527
781287,0.025330279
781288,0.008331675
781289,0.9991189
781290,0.39026558
781291,0.9541561
781292,0.9990626
781293,0.99076444
781294,0.94083977
781295,0.097772144
781296,0.12523338
781297,0.9156924
781298,0.060412586
781299,0.9769054
781300,0.99086493
781301,0.7121589
781302,0.8820954
781303,0.037767865
781304,0.047041398
781305,0.9688979
781306,0.50625974
781307,0.9915601
781308,0.7930712
781309,0.3689186
781310,0.029709045
781311,0.022767741
781312,0.0054303883
781313,0.54578996
781314,0.9128452
781315,0.99863595
781316,0.92310035
781317,0.006140493
781318,0.99280614
781319,0.96772724
781320,0.97329575
781321,0.87473875
781322,0.9460431
781323,0.9868298
781324,0.61136514
781325,0.64720297
781326,0.050596915
781327,0.21847272
781328,0.013628842
781329,0.035716828
781330,0.026481612
781331,0.9888323
781332,0.99466014
781333,0.9969075
781334,0.7486991
781335,0.9684679
781336,0.19183251
781337,0.9690587
781338,0.15437785
781339,0.5785873
781340,0.6754917
781341,0.021077733
781342,0.09742175
781343,0.016108934
781344,0.96952057
781345,0.9934831
781346,0.9019449
781347,0.012833196
781348,0.52376413
781349,0.9723433
781350,0.071921565
781351,0.06829682
781352,0.0053098947
781353,0.5440192
781354,0.6397437
781355,0.9434513
781356,0.8852895
781357,0.011750044
781358,0.12365532
781359,0.8310221
781360,0.970199
781361,0.517265
781362,0.056880455
781363,0.46391425
781364,0.012910952
781365,0.9412097
781366,0.951383
781367,0.7733897
781368,0.912294
781369,0.013305284
781370,0.29392213
781371,0.17169258
781372,0.026523372
781373,0.99713826
781374,0.011351393
781375,0.98700345
781376,0.14806554
781377,0.28274533
781378,0.036115654
781379,0.057627983
781380,0.013029505
781381,0.14915359
781382,0.3268887
781383,0.03399548
781384,0.021061398
781385,0.38192773
781386,0.7571401
781387,0.11370375
781388,0.8608025
781389,0.09037988
781390,0.9533562
781391,0.8837556
781392,0.98211884
781393,0.006744124
781394,0.08159152
781395,0.03227136
781396,0.21843871
781397,0.9317056
781398,0.053483605
781399,0.050870813
781400,0.9672125
781401,0.4995659
781402,0.0031918446
781403,0.062647626
781404,0.057142332
781405,0.793732
781406,0.97574836
781407,0.026271414
781408,0.8725687
781409,0.9826458
781410,0.12630022
781411,0.014134238
781412,0.99191976
781413,0.08508615
781414,0.99739003
781415,0.29640958
781416,0.8690073
781417,0.011131104
781418,0.9664737
781419,0.71837837
781420,0.014057627
781421,0.68889457
781422,0.93682563
781423,0.42575777
781424,0.3851297
781425,0.97655296
781426,0.61570805
781427,0.39780435
781428,0.7251635
781429,0.024583295
781430,0.9636741
781431,0.08789761
781432,0.037869982
781433,0.12668419
781434,0.3322779
781435,0.99964464
781436,0.02011963
781437,0.9973738
781438,0.92780924
781439,0.8802396
781440,0.028743187
781441,0.95038605
781442,0.011502078
781443,0.0016788555
781444,0.15377268
781445,0.99401593
781446,0.6924106
781447,0.9851717
781448,0.97749996
781449,0.58625007
781450,0.8994683
781451,0.4000568
781452,0.9645009
781453,0.9379537
781454,0.9908814
781455,0.4953316
781456,0.015549909
781457,0.33081156
781458,0.9109953
781459,0.01693216
781460,0.7293363
781461,0.079164706
781462,0.35540462
781463,0.86688936
781464,0.38025695
781465,0.98340213
781466,0.60262954
781467,0.8754319
781468,0.039363995
781469,0.4529807
781470,0.0072102877
781471,0.01226449
781472,0.005808205
781473,0.58874214
781474,0.024538063
781475,0.9866053
781476,0.74363154
781477,0.008388806
781478,0.9525954
781479,0.97430736
781480,0.065452605
781481,0.013791802
781482,0.07489225
781483,0.9924387
781484,0.9692961
781485,0.038240854
781486,0.51749164
781487,0.0036236276
781488,0.97770184
781489,0.12218905
781490,0.063362755
781491,0.6488445
781492,0.01818852
781493,0.982684
781494,0.01566632
781495,0.079305485
781496,0.33051902
781497,0.99668884
781498,0.013512744
781499,0.025585245
781500,0.92278546
781501,0.9840563
781502,0.28306317
781503,0.93632114
781504,0.036622982
781505,0.61552864
781506,0.9953772
781507,0.92330486
781508,0.3307016
781509,0.8823189
781510,0.09592788
781511,0.9825079
781512,0.019902244
781513,0.96065605
781514,0.99291337
781515,0.013337601
781516,0.9126657
781517,0.10660036
781518,0.9580299
781519,0.9524132
781520,0.033668846
781521,0.3712039
781522,0.68509924
781523,0.95153856
781524,0.970741
781525,0.03536387
781526,0.018478682
781527,0.14791729
781528,0.08805481
781529,0.9929918
781530,0.96043193
781531,0.77298844
781532,0.9562719
781533,0.10205424
781534,0.2622221
781535,0.99649525
781536,0.047407176
781537,0.06733069
781538,0.038364016
781539,0.9948212
781540,0.41166115
781541,0.9018998
781542,0.3092561
781543,0.50385296
781544,0.052227616
781545,0.93034774
781546,0.8455446
781547,0.9812567
781548,0.0034043356
781549,0.9058356
781550,0.37077054
781551,0.8689443
781552,0.023014124
781553,0.063966334
781554,0.9929372
781555,0.9954668
781556,0.93995243
781557,0.9899494
781558,0.47081757
781559,0.9753915
781560,0.48019552
781561,0.43477422
781562,0.9843805
781563,0.019246358
781564,0.046449576
781565,0.071843036
781566,0.6297034
781567,0.6508172
781568,0.024885245
781569,0.99539363
781570,0.79545534
781571,0.34147128
781572,0.9832244
781573,0.98950756
781574,0.026716508
781575,0.43746182
781576,0.0222002
781577,0.11363824
781578,0.9154379
781579,0.009856474
781580,0.07980492
781581,0.5312392
781582,0.95496404
781583,0.0638625
781584,0.99705493
781585,0.01559876
781586,0.44985452
781587,0.990708
781588,0.009748371
781589,0.958778
781590,0.9953496
781591,0.006069416
781592,0.034808338
781593,0.8087533
781594,0.2706241
781595,0.97891533
781596,0.9379161
781597,0.3418162
781598,0.8850467
781599,0.011313353
781600,0.8126832
781601,0.5123434
781602,0.993126
781603,0.8651739
781604,0.11293489
781605,0.02887582
781606,0.095286354
781607,0.99858606
781608,0.7802239
781609,0.03521018
781610,0.006151608
781611,0.99833554
781612,0.9734724
781613,0.33231598
781614,0.9829395
781615,0.004688506
781616,0.0011543027
781617,0.07683222
781618,0.9827284
781619,0.1625367
781620,0.12723279
781621,0.21060835
781622,0.007732625
781623,0.037061647
781624,0.99729735
781625,0.084494784
781626,0.019561695
781627,0.41639215
781628,0.04964841
781629,0.33308026
781630,0.9982248
781631,0.970289
781632,0.8178653
781633,0.008080905
781634,0.115832135
781635,0.9729813
781636,0.87700135
781637,0.018431455
781638,0.7434832
781639,0.024783082
781640,0.9565759
781641,0.044918284
781642,0.056874692
781643,0.72580683
781644,0.008716338
781645,0.0041180262
781646,0.049483314
781647,0.83765787
781648,0.9972513
781649,0.96037257
781650,0.8936863
781651,0.8352172
781652,0.99579006
781653,0.0065525146
781654,0.34846693
781655,0.7800189
781656,0.9891379
781657,0.65044403
781658,0.006547666
781659,0.6606112
781660,0.32242516
781661,0.993658
781662,0.01782758
781663,0.96520096
781664,0.010007985
781665,0.6277668
781666,0.013612047
781667,0.998629
781668,0.01972602
781669,0.94594413
781670,0.9980533
781671,0.18131797
781672,0.97911215
781673,0.13194263
781674,0.9556855
781675,0.8468822
781676,0.3400548
781677,0.98792464
781678,0.80577815
781679,0.9869518
781680,0.6681229
781681,0.93697715
781682,0.93656266
781683,0.015519599
781684,0.8230778
781685,0.027001195
781686,0.9501599
781687,0.9983485
781688,0.022697553
781689,0.016347975
781690,0.78920054
781691,0.8583574
781692,0.94741374
781693,0.9885271
781694,0.91372156
781695,0.9978447
781696,0.017680872
781697,0.23985362
781698,0.9646466
781699,0.0023457196
781700,0.32027793
781701,0.51763964
781702,0.0889714
781703,0.9074075
781704,0.04047573
781705,0.44514528
781706,0.0021966945
781707,0.9989145
781708,0.9968864
781709,0.26054484
781710,0.99714315
781711,0.0071302685
781712,0.10219
781713,0.36284554
781714,0.9727506
781715,0.048685253
781716,0.93836284
781717,0.96752137
781718,0.24954121
781719,0.62116414
781720,0.03382858
781721,0.026553627
781722,0.22545496
781723,0.80790645
781724,0.4696122
781725,0.051560093
781726,0.2256708
781727,0.9711851
781728,0.99208295
781729,0.061862662
781730,0.22818969
781731,0.8777527
781732,0.44053122
781733,0.96735126
781734,0.021913057
781735,0.17415851
781736,0.97471255
781737,0.9068661
781738,0.97876024
781739,0.036402743
781740,0.0055615944
781741,0.03844098
781742,0.22305001
781743,0.036483716
781744,0.012455832
781745,0.011016556
781746,0.39026254
781747,0.9532089
781748,0.91286206
781749,0.6361414
781750,0.016616214
781751,0.22797099
781752,0.1786468
781753,0.0032273745
781754,0.99389625
781755,0.007461208
781756,0.11741186
781757,0.02423633
781758,0.020340085
781759,0.6979066
781760,0.012243979
781761,0.004656563
781762,0.0044955453
781763,0.017726334
781764,0.019328255
781765,0.64557916
781766,0.12840964
781767,0.74375707
781768,0.07381872
781769,0.9934048
781770,0.055537272
781771,0.12830736
781772,0.9973942
781773,0.011165738
781774,0.019509962
781775,0.15629977
781776,0.28931385
781777,0.19936895
781778,0.98215014
781779,0.22319797
781780,0.03318588
781781,0.94764173
781782,0.46771723
781783,0.09829648
781784,0.17912881
781785,0.048659608
781786,0.18110596
781787,0.99721414
781788,0.7298668
781789,0.02515483
781790,0.012210365
781791,0.110055715
781792,0.7535935
781793,0.97273874
781794,0.98320633
781795,0.91208375
781796,0.014722081
781797,0.05456768
781798,0.0053675026
781799,0.5801976
781800,0.012234142
781801,0.0042606485
781802,0.020879956
781803,0.43854704
781804,0.9919144
781805,0.7116116
781806,0.021016613
781807,0.85241425
781808,0.098174505
781809,0.9909306
781810,0.12948659
781811,0.009102276
781812,0.010626677
781813,0.081004046
781814,0.2364088
781815,0.030426415
781816,0.6930743
781817,0.06948806
781818,0.7359679
781819,0.9889691
781820,0.12868303
781821,0.056541536
781822,0.15947331
781823,0.99454904
781824,0.9939492
781825,0.96924543
781826,0.6742345
781827,0.009886639
781828,0.08312279
781829,0.42884666
781830,0.9613201
781831,0.3085819
781832,0.89060575
781833,0.006343838
781834,0.96794933
781835,0.006212614
781836,0.13830177
781837,0.0144794695
781838,0.9919881
781839,0.32569784
781840,0.013355703
781841,0.11521552
781842,0.91379213
781843,0.4583406
781844,0.1613847
781845,0.9963874
781846,0.83351755
781847,0.018274125
781848,0.4170044
781849,0.6382868
781850,0.9030353
781851,0.9850415
781852,0.9760725
781853,0.9796431
781854,0.07690545
781855,0.021052955
781856,0.95329344
781857,0.08372474
781858,0.007933681
781859,0.027364967
781860,0.032959145
781861,0.9401152
781862,0.9897971
781863,0.011423305
781864,0.0049984786
781865,0.031554338
781866,0.017572243
781867,0.03018093
781868,0.018363055
781869,0.18788025
781870,0.08571747
781871,0.9861906
781872,0.020135872
781873,0.021696277
781874,0.15958938
781875,0.4503494
781876,0.010952193
781877,0.028649924
781878,0.007205149
781879,0.01965215
781880,0.89179075
781881,0.07240018
781882,0.015972577
781883,0.62834924
781884,0.81938696
781885,0.990851
781886,0.5942089
781887,0.9598552
781888,0.98946774
781889,0.5920196
781890,0.93019575
781891,0.7764057
781892,0.09419584
781893,0.03328284
781894,0.19866638
781895,0.008407798
781896,0.4584725
781897,0.06421913
781898,0.041486282
781899,0.9983647
781900,0.017100696
781901,0.04667456
781902,0.9562437
781903,0.08441158
781904,0.9427818
781905,0.35917634
781906,0.10794321
781907,0.004621486
781908,0.97911733
781909,0.40857446
781910,0.05440506
781911,0.38679555
781912,0.0072139613
781913,0.11034242
781914,0.24231738
781915,0.82797766
781916,0.9539745
781917,0.5299455
781918,0.75484145
781919,0.98671746
781920,0.41066962
781921,0.0017595413
781922,0.9036143
781923,0.15756716
781924,0.0065155094
781925,0.93744373
781926,0.15999356
781927,0.08118774
781928,0.041427866
781929,0.04288881
781930,0.04622515
781931,0.10214353
781932,0.010829467
781933,0.028981673
781934,0.01923659
781935,0.04201022
781936,0.9935714
781937,0.9988539
781938,0.6474569
781939,0.065103665
781940,0.09497799
781941,0.285463
781942,0.20550972
781943,0.9940784
781944,0.8092456
781945,0.05143197
781946,0.006152818
781947,0.026183527
781948,0.16350694
781949,0.00984901
781950,0.5616538
781951,0.9752641
781952,0.96957904
781953,0.16191494
781954,0.98111904
781955,0.034100026
781956,0.02766008
781957,0.9969016
781958,0.30456808
781959,0.029916711
781960,0.9716073
781961,0.061089706
781962,0.07778878
781963,0.97815275
781964,0.07658839
781965,0.9024556
781966,0.9848798
781967,0.9882112
781968,0.0056637935
781969,0.08842274
781970,0.9603318
781971,0.024057012
781972,0.012108898
781973,0.88766193
781974,0.7292257
781975,0.009567105
781976,0.769337
781977,0.02111039
781978,0.8232331
781979,0.25451258
781980,0.9424944
781981,0.95073783
781982,0.7443061
781983,0.14254451
781984,0.9844686
781985,0.005449346
781986,0.95940363
781987,0.87581605
781988,0.947417
781989,0.21007544
781990,0.729213
781991,0.06682669
781992,0.9693178
781993,0.054759637
781994,0.9685749
781995,0.55471563
781996,0.032721505
781997,0.9158788
781998,0.98780787
781999,0.9411115
782000,0.04502794
782001,0.9217048
782002,0.97365326
782003,0.80280864
782004,0.008202164
782005,0.8162811
782006,0.08323337
782007,0.029926103
782008,0.05697704
782009,0.013967301
782010,0.038830727
782011,0.3092752
782012,0.9864799
782013,0.8783983
782014,0.039137233
782015,0.9415192
782016,0.9734513
782017,0.11291964
782018,0.92718655
782019,0.021513937
782020,0.98146486
782021,0.00646937
782022,0.080608234
782023,0.698539
782024,0.19528762
782025,0.4638862
782026,0.0106882155
782027,0.99379563
782028,0.081161305
782029,0.100938395
782030,0.008663539
782031,0.9686756
782032,0.002839753
782033,0.020666346
782034,0.901096
782035,0.87555647
782036,0.38408202
782037,0.013248304
782038,0.9699571
782039,0.9675763
782040,0.99182427
782041,0.19424687
782042,0.9991777
782043,0.8961944
782044,0.004383102
782045,0.03786937
782046,0.9662495
782047,0.11828899
782048,0.018783147
782049,0.2292231
782050,0.03642455
782051,0.75696135
782052,0.99962187
782053,0.9936036
782054,0.45698047
782055,0.99326444
782056,0.49248856
782057,0.015482825
782058,0.77024627
782059,0.55666673
782060,0.010740211
782061,0.9812575
782062,0.02939441
782063,0.9709721
782064,0.102705464
782065,0.010001471
782066,0.45616886
782067,0.008265723
782068,0.6466878
782069,0.7316083
782070,0.993376
782071,0.057273265
782072,0.2051457
782073,0.56007063
782074,0.07904196
782075,0.6700959
782076,0.058412977
782077,0.4140509
782078,0.010928972
782079,0.6203214
782080,0.063128024
782081,0.99775815
782082,0.007301733
782083,0.9562175
782084,0.7633592
782085,0.48654985
782086,0.97349906
782087,0.9726287
782088,0.036136225
782089,0.8283261
782090,0.25869623
782091,0.9824603
782092,0.06987194
782093,0.03052606
782094,0.0059693684
782095,0.04821124
782096,0.44013283
782097,0.038026404
782098,0.20351122
782099,0.01383547
782100,0.52250224
782101,0.2850024
782102,0.99436283
782103,0.99964654
782104,0.024842262
782105,0.7872288
782106,0.033644017
782107,0.03694337
782108,0.07020843
782109,0.72768974
782110,0.65433306
782111,0.81855905
782112,0.17708483
782113,0.006943377
782114,0.11214723
782115,0.1312155
782116,0.99828744
782117,0.6669905
782118,0.1689845
782119,0.0161031
782120,0.010734808
782121,0.010698214
782122,0.94037616
782123,0.050913487
782124,0.943079
782125,0.7454789
782126,0.6945355
782127,0.9729029
782128,0.07325193
782129,0.713606
782130,0.6870951
782131,0.41816074
782132,0.109098956
782133,0.9810808
782134,0.0029295436
782135,0.00907591
782136,0.40069908
782137,0.017784048
782138,0.042889856
782139,0.59885687
782140,0.09867524
782141,0.54532146
782142,0.8251628
782143,0.9940121
782144,0.99674475
782145,0.62832075
782146,0.1605896
782147,0.036746174
782148,0.0103689935
782149,0.86907315
782150,0.007459878
782151,0.9926157
782152,0.010411821
782153,0.035965197
782154,0.9976984
782155,0.26022643
782156,0.9868275
782157,0.7316434
782158,0.019114552
782159,0.018505497
782160,0.6544998
782161,0.044074386
782162,0.97991025
782163,0.9684249
782164,0.9953959
782165,0.98355216
782166,0.7654016
782167,0.9630305
782168,0.021285227
782169,0.122171566
782170,0.9894917
782171,0.2261895
782172,0.90560544
782173,0.039974693
782174,0.006668353
782175,0.037722282
782176,0.10460052
782177,0.9358527
782178,0.23086303
782179,0.03659615
782180,0.008253761
782181,0.8839323
782182,0.019067962
782183,0.9067958
782184,0.4809346
782185,0.6540785
782186,0.08908431
782187,0.57154346
782188,0.004333523
782189,0.25712848
782190,0.0022437498
782191,0.98905826
782192,0.33862263
782193,0.925109
782194,0.04931677
782195,0.049485456
782196,0.01963747
782197,0.29421932
782198,0.9514057
782199,0.13036968
782200,0.006297576
782201,0.034373503
782202,0.039380513
782203,0.07593381
782204,0.10424388
782205,0.8533116
782206,0.7163561
782207,0.9584965
782208,0.07240985
782209,0.5857046
782210,0.033403397
782211,0.031078152
782212,0.9910142
782213,0.07045464
782214,0.10038512
782215,0.63773704
782216,0.20857227
782217,0.40368935
782218,0.52064395
782219,0.7389267
782220,0.9879692
782221,0.0039003938
782222,0.065106824
782223,0.9877804
782224,0.8322442
782225,0.9992137
782226,0.6482902
782227,0.986884
782228,0.93433917
782229,0.021748202
782230,0.011648986
782231,0.93090403
782232,0.01975615
782233,0.28945428
782234,0.73358035
782235,0.04490105
782236,0.99949837
782237,0.09248317
782238,0.99149483
782239,0.038512908
782240,0.24657407
782241,0.849901
782242,0.8518361
782243,0.07829586
782244,0.9926008
782245,0.07521706
782246,0.99615425
782247,0.78382266
782248,0.07632057
782249,0.9607583
782250,0.9739872
782251,0.46160755
782252,0.065068714
782253,0.2673628
782254,0.9949132
782255,0.10691645
782256,0.71513474
782257,0.057791162
782258,0.5257683
782259,0.7725984
782260,0.9730556
782261,0.017604548
782262,0.90303874
782263,0.045035947
782264,0.25404075
782265,0.9666898
782266,0.86038125
782267,0.0040373704
782268,0.054136984
782269,0.025595047
782270,0.7739283
782271,0.8318564
782272,0.30964014
782273,0.98073006
782274,0.9821428
782275,0.051261388
782276,0.04722836
782277,0.94167584
782278,0.21336104
782279,0.017894752
782280,0.013489998
782281,0.063105226
782282,0.8869481
782283,0.69454855
782284,0.06241751
782285,0.02032108
782286,0.012718929
782287,0.04843072
782288,0.64134705
782289,0.010694319
782290,0.008417526
782291,0.052518316
782292,0.0038369223
782293,0.05897998
782294,0.9383148
782295,0.78775376
782296,0.6870891
782297,0.13134685
782298,0.9970296
782299,0.022701886
782300,0.98416054
782301,0.48094046
782302,0.5083419
782303,0.005986246
782304,0.9924187
782305,0.014696345
782306,0.05299703
782307,0.018039258
782308,0.01895057
782309,0.1776456
782310,0.039838776
782311,0.007246705
782312,0.7162427
782313,0.19999568
782314,0.0063529704
782315,0.0072261775
782316,0.1457104
782317,0.039083388
782318,0.004084061
782319,0.016286477
782320,0.015689995
782321,0.014962424
782322,0.034583405
782323,0.95627344
782324,0.5589048
782325,0.070199795
782326,0.033856932
782327,0.6781769
782328,0.95813847
782329,0.06363058
782330,0.95564115
782331,0.95368975
782332,0.9204639
782333,0.040505618
782334,0.776643
782335,0.9971199
782336,0.9636959
782337,0.7330755
782338,0.9378298
782339,0.21349198
782340,0.003114665
782341,0.9836907
782342,0.24724416
782343,0.9708005
782344,0.99624187
782345,0.29856193
782346,0.99732155
782347,0.98871636
782348,0.2887495
782349,0.7535553
782350,0.035942234
782351,0.01411612
782352,0.7988813
782353,0.99425244
782354,0.6071368
782355,0.97157115
782356,0.023706887
782357,0.015086216
782358,0.006294717
782359,0.91411823
782360,0.004133623
782361,0.50545347
782362,0.83853287
782363,0.032461643
782364,0.8851173
782365,0.37065881
782366,0.0044970913
782367,0.021816092
782368,0.5769551
782369,0.9535864
782370,0.012422018
782371,0.99655294
782372,0.123356946
782373,0.124431446
782374,0.018411044
782375,0.01554946
782376,0.9691552
782377,0.04030585
782378,0.9844309
782379,0.9249184
782380,0.0031003114
782381,0.16845667
782382,0.011637015
782383,0.982982
782384,0.025611289
782385,0.0022991358
782386,0.4643745
782387,0.033131696
782388,0.99891603
782389,0.9209955
782390,0.073479146
782391,0.08033025
782392,0.9695015
782393,0.035566274
782394,0.7049558
782395,0.90631664
782396,0.045843728
782397,0.198183
782398,0.22312087
782399,0.8953396
782400,0.01245827
782401,0.008337969
782402,0.24414217
782403,0.20200223
782404,0.017521838
782405,0.12885782
782406,0.062142737
782407,0.99721104
782408,0.45339012
782409,0.4762661
782410,0.2778957
782411,0.04775481
782412,0.30370128
782413,0.052777193
782414,0.03489627
782415,0.038720265
782416,0.015283357
782417,0.62767506
782418,0.07255879
782419,0.9823358
782420,0.056401774
782421,0.99076015
782422,0.9909361
782423,0.01745803
782424,0.0727573
782425,0.044029564
782426,0.003922163
782427,0.7680593
782428,0.11652973
782429,0.99791026
782430,0.0065596513
782431,0.727972
782432,0.9402085
782433,0.09247082
782434,0.050672207
782435,0.53367645
782436,0.012696142
782437,0.48614106
782438,0.2150684
782439,0.022225756
782440,0.0015401612
782441,0.61956006
782442,0.76371586
782443,0.85081255
782444,0.97944146
782445,0.004019278
782446,0.9574354
782447,0.091622606
782448,0.5026972
782449,0.86297977
782450,0.8298053
782451,0.009418259
782452,0.9599913
782453,0.016166864
782454,0.98196477
782455,0.85658205
782456,0.8404345
782457,0.105986744
782458,0.027150175
782459,0.95294577
782460,0.10728135
782461,0.03132608
782462,0.09258732
782463,0.7877956
782464,0.025097117
782465,0.9421277
782466,0.16647974
782467,0.29834354
782468,0.022374012
782469,0.011913074
782470,0.5903577
782471,0.80692005
782472,0.70418537
782473,0.09850794
782474,0.041828774
782475,0.080997296
782476,0.9778127
782477,0.98919183
782478,0.99744445
782479,0.7223379
782480,0.6439699
782481,0.08433364
782482,0.12954813
782483,0.12121083
782484,0.014601757
782485,0.98890173
782486,0.89741856
782487,0.08563058
782488,0.974143
782489,0.98171335
782490,0.113210686
782491,0.093939185
782492,0.60865045
782493,0.021381954
782494,0.9443041
782495,0.0071962127
782496,0.17951448
782497,0.005236641
782498,0.038404454
782499,0.0052869776
782500,0.22487196
782501,0.028549315
782502,0.9993682
782503,0.95373154
782504,0.021763342
782505,0.17746846
782506,0.8884227
782507,0.9885844
782508,0.95452535
782509,0.0056538507
782510,0.56084484
782511,0.9853467
782512,0.03178793
782513,0.9063397
782514,0.65876615
782515,0.08262899
782516,0.055237442
782517,0.009821268
782518,0.041698907
782519,0.035939418
782520,0.95909476
782521,0.96726906
782522,0.00567734
782523,0.802963
782524,0.75580174
782525,0.0066667036
782526,0.8656198
782527,0.26807648
782528,0.6104473
782529,0.006752222
782530,0.15348148
782531,0.9270771
782532,0.35552105
782533,0.030778732
782534,0.06081893
782535,0.9243871
782536,0.90740234
782537,0.29593453
782538,0.32850674
782539,0.9962777
782540,0.94473666
782541,0.7554028
782542,0.4845541
782543,0.9979969
782544,0.9912008
782545,0.059100453
782546,0.012187727
782547,0.9510312
782548,0.9374067
782549,0.9936915
782550,0.9970235
782551,0.9938714
782552,0.07017831
782553,0.024762895
782554,0.041228943
782555,0.03311305
782556,0.55805385
782557,0.38071692
782558,0.35685396
782559,0.12769602
782560,0.045103066
782561,0.6665814
782562,0.99545383
782563,0.0070073414
782564,0.15422182
782565,0.08573504
782566,0.89486104
782567,0.040982112
782568,0.99293727
782569,0.36344925
782570,0.010934152
782571,0.010657626
782572,0.011913786
782573,0.22758287
782574,0.86470526
782575,0.966954
782576,0.12187414
782577,0.0087802615
782578,0.98875076
782579,0.039397314
782580,0.008729663
782581,0.99152905
782582,0.81691337
782583,0.14169306
782584,0.021298071
782585,0.6984922
782586,0.97561747
782587,0.023695104
782588,0.7824801
782589,0.01665895
782590,0.030966504
782591,0.12149924
782592,0.99773335
782593,0.995246
782594,0.0070344135
782595,0.026025947
782596,0.0021650544
782597,0.11054584
782598,0.025265798
782599,0.009778548
782600,0.7787396
782601,0.018151887
782602,0.032371122
782603,0.7863246
782604,0.040018074
782605,0.99564266
782606,0.9969661
782607,0.020169366
782608,0.016048694
782609,0.9555776
782610,0.012942934
782611,0.24806239
782612,0.9865893
782613,0.00251401
782614,0.7024849
782615,0.7700101
782616,0.08467777
782617,0.91106206
782618,0.15258533
782619,0.98009557
782620,0.35602045
782621,0.28710324
782622,0.15526333
782623,0.26698476
782624,0.0011952554
782625,0.11010935
782626,0.9695672
782627,0.8028403
782628,0.9974536
782629,0.4027856
782630,0.9806395
782631,0.5299338
782632,0.0077293166
782633,0.01525717
782634,0.9617964
782635,0.65914184
782636,0.01718735
782637,0.952371
782638,0.057720967
782639,0.6022594
782640,0.03213468
782641,0.05481403
782642,0.09878215
782643,0.010170994
782644,0.8670987
782645,0.024716413
782646,0.03282222
782647,0.017935429
782648,0.11472546
782649,0.86125916
782650,0.9868438
782651,0.98343086
782652,0.051443152
782653,0.63939583
782654,0.0067995274
782655,0.07667465
782656,0.38579035
782657,0.9510827
782658,0.07134332
782659,0.60704565
782660,0.12531868
782661,0.9288635
782662,0.035686195
782663,0.96284723
782664,0.7018415
782665,0.005188138
782666,0.072673805
782667,0.94955546
782668,0.02136891
782669,0.009581496
782670,0.040068842
782671,0.9879285
782672,0.36373115
782673,0.60002357
782674,0.9037885
782675,0.004173085
782676,0.5663953
782677,0.93465585
782678,0.024694894
782679,0.9913805
782680,0.03072343
782681,0.9980476
782682,0.66659737
782683,0.2859887
782684,0.011595141
782685,0.017038133
782686,0.15438858
782687,0.3006647
782688,0.5364487
782689,0.03564621
782690,0.018593475
782691,0.010919926
782692,0.0064226342
782693,0.98771906
782694,0.99790657
782695,0.99700767
782696,0.04342883
782697,0.007830394
782698,0.08348589
782699,0.07843129
782700,0.013530608
782701,0.78023165
782702,0.046673033
782703,0.09420026
782704,0.7850182
782705,0.84593344
782706,0.04444047
782707,0.12784944
782708,0.7383452
782709,0.96980906
782710,0.016334182
782711,0.02244979
782712,0.99603444
782713,0.048396908
782714,0.0062531033
782715,0.080546245
782716,0.98446405
782717,0.8729892
782718,0.072087824
782719,0.0038212382
782720,0.5257106
782721,0.13542351
782722,0.9992453
782723,0.9866955
782724,0.057946198
782725,0.0027745785
782726,0.09525825
782727,0.0044905823
782728,0.95276135
782729,0.31898034
782730,0.0023428746
782731,0.17403218
782732,0.17875347
782733,0.0074967733
782734,0.8821484
782735,0.87406814
782736,0.26329595
782737,0.6545687
782738,0.002775135
782739,0.019863723
782740,0.98305273
782741,0.014546821
782742,0.9590071
782743,0.98195726
782744,0.5847464
782745,0.022769684
782746,0.98513055
782747,0.008265699
782748,0.71713984
782749,0.030983457
782750,0.01482227
782751,0.53180104
782752,0.015481513
782753,0.8344533
782754,0.027811278
782755,0.27323762
782756,0.019065533
782757,0.20875095
782758,0.9794303
782759,0.65551037
782760,0.91184723
782761,0.9543699
782762,0.026340222
782763,0.044335715
782764,0.091037355
782765,0.47849762
782766,0.027994525
782767,0.013791576
782768,0.00777027
782769,0.94224113
782770,0.060230367
782771,0.95884705
782772,0.011693792
782773,0.39145458
782774,0.0077202623
782775,0.9961276
782776,0.016486991
782777,0.025703859
782778,0.89055115
782779,0.06572874
782780,0.07112401
782781,0.53612846
782782,0.97925663
782783,0.99495417
782784,0.052055996
782785,0.40018737
782786,0.98121583
782787,0.9818959
782788,0.09650302
782789,0.646613
782790,0.21920207
782791,0.9498058
782792,0.8508041
782793,0.905171
782794,0.2252584
782795,0.87880385
782796,0.032271903
782797,0.0013776966
782798,0.93451345
782799,0.067173116
782800,0.8269922
782801,0.011483988
782802,0.50049686
782803,0.040096235
782804,0.9964218
782805,0.05955867
782806,0.98592865
782807,0.0031686404
782808,0.8534602
782809,0.9965679
782810,0.71056145
782811,0.11571285
782812,0.91620183
782813,0.011150027
782814,0.978723
782815,0.98981756
782816,0.06114617
782817,0.9942916
782818,0.8563936
782819,0.9457779
782820,0.35750592
782821,0.97866416
782822,0.7604854
782823,0.9979232
782824,0.01761256
782825,0.89639384
782826,0.9901285
782827,0.012277059
782828,0.011771381
782829,0.16007145
782830,0.031126177
782831,0.024679206
782832,0.99060094
782833,0.17429379
782834,0.9693864
782835,0.0014905232
782836,0.27143887
782837,0.8806253
782838,0.9831162
782839,0.0034326888
782840,0.05242083
782841,0.9633166
782842,0.020514872
782843,0.99933815
782844,0.09169007
782845,0.0045025405
782846,0.54355127
782847,0.085858226
782848,0.9787226
782849,0.027961344
782850,0.03665416
782851,0.97931457
782852,0.5651351
782853,0.988202
782854,0.07237914
782855,0.12677538
782856,0.087377414
782857,0.48557866
782858,0.9199722
782859,0.058805708
782860,0.61432654
782861,0.8644277
782862,0.022407746
782863,0.978107
782864,0.9981208
782865,0.12490516
782866,0.056341913
782867,0.34775263
782868,0.9911865
782869,0.7074818
782870,0.17898345
782871,0.79985934
782872,0.12998825
782873,0.0037523666
782874,0.92665756
782875,0.040771022
782876,0.028591331
782877,0.9292598
782878,0.2493931
782879,0.3740865
782880,0.029613286
782881,0.01471182
782882,0.012521303
782883,0.025192179
782884,0.0057425327
782885,0.91961265
782886,0.14268193
782887,0.92853916
782888,0.01757304
782889,0.20470381
782890,0.018524112
782891,0.005035648
782892,0.99438965
782893,0.97976375
782894,0.11171381
782895,0.96516865
782896,0.904448
782897,0.9920722
782898,0.3307311
782899,0.8956838
782900,0.9982301
782901,0.019938784
782902,0.02194782
782903,0.15958525
782904,0.18679635
782905,0.75730693
782906,0.8742446
782907,0.89287335
782908,0.9660382
782909,0.8697134
782910,0.9453303
782911,0.9624381
782912,0.016784575
782913,0.98958945
782914,0.042778082
782915,0.07487717
782916,0.01889113
782917,0.061958745
782918,0.045207817
782919,0.83447
782920,0.07200141
782921,0.98855174
782922,0.04678493
782923,0.6831639
782924,0.03789376
782925,0.07585101
782926,0.9929194
782927,0.023421014
782928,0.13129056
782929,0.88843656
782930,0.17137413
782931,0.90900725
782932,0.0044991914
782933,0.019315682
782934,0.90770805
782935,0.98703253
782936,0.26408896
782937,0.99604213
782938,0.81139547
782939,0.9885714
782940,0.02546677
782941,0.017261228
782942,0.019348739
782943,0.96816266
782944,0.957234
782945,0.023670567
782946,0.42273772
782947,0.6843102
782948,0.99360394
782949,0.8677099
782950,0.99730295
782951,0.6165953
782952,0.9774433
782953,0.9940762
782954,0.9968515
782955,0.42307985
782956,0.9019279
782957,0.9929899
782958,0.9938595
782959,0.9533577
782960,0.04442841
782961,0.9781234
782962,0.9502387
782963,0.98834085
782964,0.67415696
782965,0.8513418
782966,0.8812845
782967,0.066489145
782968,0.99503875
782969,0.024629124
782970,0.9825816
782971,0.9947614
782972,0.034590703
782973,0.84277
782974,0.9986319
782975,0.109320804
782976,0.08554305
782977,0.940725
782978,0.14004341
782979,0.9993976
782980,0.9976822
782981,0.0070556616
782982,0.22080661
782983,0.960399
782984,0.09921719
782985,0.018192489
782986,0.4969627
782987,0.013690537
782988,0.11112897
782989,0.017792791
782990,0.10697813
782991,0.04686903
782992,0.9968595
782993,0.0513562
782994,0.9846689
782995,0.18318221
782996,0.5507207
782997,0.05680347
782998,0.93380225
782999,0.016800577
783000,0.012605575
783001,0.9826615
783002,0.85288817
783003,0.9978125
783004,0.4524217
783005,0.8923472
783006,0.11890418
783007,0.0034865928
783008,0.008954262
783009,0.03275871
783010,0.0056152404
783011,0.39305112
783012,0.99326414
783013,0.4180608
783014,0.08674213
783015,0.08295302
783016,0.11113561
783017,0.9939911
783018,0.54120386
783019,0.17386973
783020,0.99812424
783021,0.07436888
783022,0.07623859
783023,0.95218414
783024,0.009476976
783025,0.021751866
783026,0.468623
783027,0.9609678
783028,0.968704
783029,0.5418974
783030,0.58393186
783031,0.043860592
783032,0.93589747
783033,0.03354221
783034,0.294674
783035,0.19804011
783036,0.57355
783037,0.998358
783038,0.09887817
783039,0.36031613
783040,0.8292121
783041,0.11749449
783042,0.8714806
783043,0.94296914
783044,0.30818418
783045,0.042070605
783046,0.16168806
783047,0.9180364
783048,0.001687264
783049,0.97406626
783050,0.0184215
783051,0.20474097
783052,0.99202186
783053,0.8502269
783054,0.9958703
783055,0.99010944
783056,0.108562484
783057,0.4917856
783058,0.026849145
783059,0.92227054
783060,0.17946959
783061,0.023786612
783062,0.013913699
783063,0.96231997
783064,0.007891621
783065,0.9338624
783066,0.033080105
783067,0.06255799
783068,0.89012015
783069,0.920184
783070,0.4191676
783071,0.012085279
783072,0.9191763
783073,0.9894568
783074,0.9722514
783075,0.98810625
783076,0.017681196
783077,0.89461863
783078,0.43790781
783079,0.34296644
783080,0.024198206
783081,0.98847115
783082,0.0058153467
783083,0.038040925
783084,0.75063825
783085,0.04215838
783086,0.8725303
783087,0.010411123
783088,0.85225
783089,0.99954087
783090,0.9378501
783091,0.4165476
783092,0.5829987
783093,0.081073835
783094,0.038124207
783095,0.95280266
783096,0.12805034
783097,0.9718056
783098,0.06952091
783099,0.9965292
783100,0.015928153
783101,0.009028644
783102,0.23541746
783103,0.87358606
783104,0.08805596
783105,0.9875718
783106,0.14617321
783107,0.94599795
783108,0.0040419027
783109,0.9914037
783110,0.16988748
783111,0.7245226
783112,0.3400197
783113,0.040083285
783114,0.02031187
783115,0.073806345
783116,0.17392966
783117,0.058221202
783118,0.22545308
783119,0.9985931
783120,0.0074041435
783121,0.95977515
783122,0.153512
783123,0.007003065
783124,0.013956185
783125,0.009231927
783126,0.011707226
783127,0.59583247
783128,0.0546903
783129,0.9991908
783130,0.6301911
783131,0.021416476
783132,0.046925344
783133,0.1620887
783134,0.06372388
783135,0.00516574
783136,0.7799869
783137,0.7975139
783138,0.43595964
783139,0.98403597
783140,0.9756415
783141,0.4602861
783142,0.40522733
783143,0.30389237
783144,0.47681156
783145,0.99376476
783146,0.019732915
783147,0.08528027
783148,0.98657554
783149,0.9679942
783150,0.021201992
783151,0.13423766
783152,0.011954052
783153,0.93779844
783154,0.9850923
783155,0.0010947147
783156,0.98589295
783157,0.28030735
783158,0.012286187
783159,0.74341166
783160,0.996056
783161,0.005423762
783162,0.5533868
783163,0.8720749
783164,0.03843894
783165,0.021275517
783166,0.28218257
783167,0.96992576
783168,0.042432547
783169,0.82909757
783170,0.5883188
783171,0.028875588
783172,0.97137636
783173,0.9966866
783174,0.7841269
783175,0.06481424
783176,0.124608904
783177,0.0066165873
783178,0.07065288
783179,0.9667629
783180,0.007159666
783181,0.0020016762
783182,0.41714543
783183,0.8839628
783184,0.0034507788
783185,0.8846343
783186,0.9946874
783187,0.047825858
783188,0.94245815
783189,0.993158
783190,0.9893387
783191,0.069098264
783192,0.998879
783193,0.11743026
783194,0.908406
783195,0.975143
783196,0.8284428
783197,0.024157865
783198,0.9947257
783199,0.01005712
783200,0.0037424692
783201,0.5326225
783202,0.8811389
783203,0.88115025
783204,0.27157715
783205,0.06605661
783206,0.008242455
783207,0.026987636
783208,0.022318903
783209,0.019953167
783210,0.80673504
783211,0.027548775
783212,0.3201781
783213,0.033986524
783214,0.071962245
783215,0.96932024
783216,0.0074709365
783217,0.005911823
783218,0.028305437
783219,0.126417
783220,0.010770261
783221,0.07737824
783222,0.009534011
783223,0.9929775
783224,0.6511498
783225,0.9564756
783226,0.99397564
783227,0.16399482
783228,0.028906327
783229,0.9895861
783230,0.013475953
783231,0.066738605
783232,0.9848205
783233,0.99172246
783234,0.30485803
783235,0.14901811
783236,0.0053074136
783237,0.42885935
783238,0.0152405165
783239,0.02022492
783240,0.99668515
783241,0.02673258
783242,0.019485136
783243,0.98784626
783244,0.047229547
783245,0.12147902
783246,0.94988406
783247,0.4465922
783248,0.99238324
783249,0.9919044
783250,0.023010982
783251,0.98669773
783252,0.029816166
783253,0.054468926
783254,0.98397875
783255,0.012092242
783256,0.39238423
783257,0.008456621
783258,0.18277037
783259,0.99520564
783260,0.014554117
783261,0.9822279
783262,0.023355871
783263,0.25224137
783264,0.96807945
783265,0.9881412
783266,0.64739025
783267,0.9811635
783268,0.022420079
783269,0.99353254
783270,0.30977196
783271,0.98891866
783272,0.81777054
783273,0.0053061554
783274,0.086301945
783275,0.010865477
783276,0.26282245
783277,0.01903949
783278,0.04455312
783279,0.9991922
783280,0.108372346
783281,0.7889292
783282,0.050908275
783283,0.9085088
783284,0.97577924
783285,0.9594757
783286,0.43587592
783287,0.98495287
783288,0.0077753565
783289,0.6591376
783290,0.03182348
783291,0.025872543
783292,0.0030621279
783293,0.007084449
783294,0.9228569
783295,0.9790846
783296,0.25903198
783297,0.9994005
783298,0.0058636125
783299,0.014294146
783300,0.013397313
783301,0.9884431
783302,0.6788567
783303,0.9605033
783304,0.9787524
783305,0.7524973
783306,0.028329063
783307,0.15526292
783308,0.99514717
783309,0.08240435
783310,0.025906516
783311,0.5000009
783312,0.23080045
783313,0.9978042
783314,0.99582
783315,0.9101486
783316,0.0350017
783317,0.20505553
783318,0.7917886
783319,0.117791295
783320,0.009139104
783321,0.9548432
783322,0.0676293
783323,0.97995096
783324,0.028231695
783325,0.86520123
783326,0.9251921
783327,0.022626286
783328,0.077646814
783329,0.025427094
783330,0.04304727
783331,0.1086964
783332,0.7964301
783333,0.9493727
783334,0.04374572
783335,0.0754058
783336,0.99034303
783337,0.06920375
783338,0.94278896
783339,0.34143013
783340,0.03445548
783341,0.001498596
783342,0.3078472
783343,0.05313218
783344,0.047034785
783345,0.9732612
783346,0.76702344
783347,0.609103
783348,0.95719874
783349,0.8178361
783350,0.044763576
783351,0.115749106
783352,0.29436398
783353,0.0024593323
783354,0.08581625
783355,0.9739586
783356,0.99331594
783357,0.65406775
783358,0.03586044
783359,0.3432615
783360,0.04337376
783361,0.96963865
783362,0.023816902
783363,0.9377922
783364,0.26525846
783365,0.19621357
783366,0.20515744
783367,0.0013847138
783368,0.34920162
783369,0.97393674
783370,0.823207
783371,0.10026108
783372,0.02995538
783373,0.37267125
783374,0.007945309
783375,0.014305284
783376,0.015094385
783377,0.8658741
783378,0.012361457
783379,0.022101084
783380,0.9816773
783381,0.020963848
783382,0.9416817
783383,0.022553332
783384,0.9923225
783385,0.013906048
783386,0.9311302
783387,0.0018693754
783388,0.021951238
783389,0.9485198
783390,0.6168135
783391,0.0080936
783392,0.007055467
783393,0.88032967
783394,0.9312862
783395,0.07234252
783396,0.010886146
783397,0.13251366
783398,0.005919095
783399,0.13757215
783400,0.9995395
783401,0.9406887
783402,0.59855187
783403,0.46076384
783404,0.6187099
783405,0.7237824
783406,0.012179212
783407,0.986091
783408,0.96732986
783409,0.12684762
783410,0.22038661
783411,0.96864337
783412,0.089961216
783413,0.6538366
783414,0.060077064
783415,0.94720405
783416,0.07972233
783417,0.07917401
783418,0.92047274
783419,0.39833575
783420,0.14431235
783421,0.013992244
783422,0.04110468
783423,0.99932027
783424,0.6020675
783425,0.033616062
783426,0.99210846
783427,0.4908602
783428,0.93619084
783429,0.0746398
783430,0.016403154
783431,0.17718802
783432,0.9039844
783433,0.9882458
783434,0.99737334
783435,0.16157861
783436,0.6332924
783437,0.09610014
783438,0.13109043
783439,0.7139976
783440,0.9603406
783441,0.008650706
783442,0.038137797
783443,0.55418956
783444,0.52143025
783445,0.5432831
783446,0.06837656
783447,0.22743642
783448,0.91767645
783449,0.9616931
783450,0.9988358
783451,0.99404985
783452,0.05393187
783453,0.9862145
783454,0.9103552
783455,0.8728323
783456,0.013750707
783457,0.919384
783458,0.026958192
783459,0.020187685
783460,0.99736273
783461,0.9332311
783462,0.9813693
783463,0.95884085
783464,0.99650645
783465,0.022345886
783466,0.984661
783467,0.30328017
783468,0.16356643
783469,0.356555
783470,0.029401053
783471,0.98373896
783472,0.055353105
783473,0.99745023
783474,0.1041224
783475,0.20671737
783476,0.051447973
783477,0.27364975
783478,0.96953845
783479,0.7101644
783480,0.03941997
783481,0.23276052
783482,0.29006872
783483,0.99854434
783484,0.051708408
783485,0.96464884
783486,0.014004042
783487,0.5461587
783488,0.07879494
783489,0.92116296
783490,0.0056245592
783491,0.5803671
783492,0.003317406
783493,0.97334075
783494,0.9479219
783495,0.009430207
783496,0.11348538
783497,0.9511384
783498,0.9385892
783499,0.003952781
783500,0.009466274
783501,0.9861349
783502,0.016948305
783503,0.24093233
783504,0.8665425
783505,0.031052513
783506,0.98521674
783507,0.9965957
783508,0.008185137
783509,0.015299707
783510,0.0062710387
783511,0.98860824
783512,0.98612314
783513,0.0053370437
783514,0.00095906144
783515,0.26222977
783516,0.4307744
783517,0.12463623
783518,0.9227404
783519,0.053904753
783520,0.98157835
783521,0.07767296
783522,0.1915113
783523,0.09573078
783524,0.12546465
783525,0.6347934
783526,0.13178337
783527,0.039608777
783528,0.99468553
783529,0.0019297417
783530,0.088014826
783531,0.03347535
783532,0.9992523
783533,0.00805403
783534,0.21074836
783535,0.08337037
783536,0.677735
783537,0.065022826
783538,0.95325947
783539,0.019074455
783540,0.8009781
783541,0.32032478
783542,0.035535954
783543,0.9943143
783544,0.9789837
783545,0.79892254
783546,0.008897419
783547,0.0147611005
783548,0.9880634
783549,0.011640237
783550,0.9981404
783551,0.006795449
783552,0.91809857
783553,0.9729997
783554,0.92396826
783555,0.9993926
783556,0.011730293
783557,0.99824345
783558,0.043185994
783559,0.06694524
783560,0.9964492
783561,0.027850548
783562,0.91848564
783563,0.98879945
783564,0.9964646
783565,0.16251582
783566,0.9811129
783567,0.01594815
783568,0.94753754
783569,0.0171256
783570,0.9865328
783571,0.035889983
783572,0.44871092
783573,0.015424377
783574,0.648973
783575,0.5333154
783576,0.970848
783577,0.058999084
783578,0.3506837
783579,0.011026375
783580,0.9957549
783581,0.019960884
783582,0.6623409
783583,0.89446217
783584,0.92658424
783585,0.075843565
783586,0.04760355
783587,0.04367059
783588,0.9212125
783589,0.31572875
783590,0.023892576
783591,0.008334846
783592,0.03334092
783593,0.084960125
783594,0.99237865
783595,0.99768656
783596,0.2960579
783597,0.005328005
783598,0.11351501
783599,0.04671459
783600,0.97395146
783601,0.7898323
783602,0.047772534
783603,0.10146059
783604,0.01856945
783605,0.9993491
783606,0.00711636
783607,0.0052798903
783608,0.99330664
783609,0.2273706
783610,0.005097187
783611,0.95212233
783612,0.016907874
783613,0.014907004
783614,0.0076379254
783615,0.060480427
783616,0.5346444
783617,0.06691012
783618,0.06454637
783619,0.01723981
783620,0.07369641
783621,0.11632385
783622,0.24542552
783623,0.044573728
783624,0.002597756
783625,0.25592253
783626,0.0034594012
783627,0.10491873
783628,0.9427223
783629,0.06652511
783630,0.08072618
783631,0.397997
783632,0.8788573
783633,0.9868021
783634,0.0025722503
783635,0.9062478
783636,0.36666742
783637,0.13149796
783638,0.24375486
783639,0.09657493
783640,0.9280601
783641,0.065846324
783642,0.17661673
783643,0.4195505
783644,0.1542533
783645,0.049191892
783646,0.33782753
783647,0.12494607
783648,0.19160849
783649,0.9940601
783650,0.99859357
783651,0.6066264
783652,0.8414474
783653,0.99335617
783654,0.038128532
783655,0.066426605
783656,0.9944175
783657,0.5165031
783658,0.102829695
783659,0.7707346
783660,0.013614645
783661,0.044578884
783662,0.0147416545
783663,0.22802165
783664,0.28668678
783665,0.6395889
783666,0.020828387
783667,0.050847065
783668,0.906646
783669,0.095217474
783670,0.988793
783671,0.99485993
783672,0.004295224
783673,0.98305213
783674,0.10494754
783675,0.040562414
783676,0.98711425
783677,0.8876376
783678,0.21109919
783679,0.10266051
783680,0.11892731
783681,0.02819231
783682,0.9418994
783683,0.9966124
783684,0.93203074
783685,0.008845947
783686,0.012663541
783687,0.079781465
783688,0.7284156
783689,0.11177251
783690,0.7106023
783691,0.97655356
783692,0.093628645
783693,0.9909069
783694,0.030399952
783695,0.07886422
783696,0.14918186
783697,0.9533282
783698,0.9977423
783699,0.23108602
783700,0.030651566
783701,0.0046388637
783702,0.964213
783703,0.1623416
783704,0.96378744
783705,0.016199179
783706,0.92887485
783707,0.060996793
783708,0.8202102
783709,0.048301157
783710,0.011025896
783711,0.031943925
783712,0.9913612
783713,0.0068031745
783714,0.9963666
783715,0.0081198
783716,0.9993059
783717,0.9882241
783718,0.9815459
783719,0.58784837
783720,0.7685158
783721,0.01839981
783722,0.9444211
783723,0.012702667
783724,0.0063764458
783725,0.123754114
783726,0.2992249
783727,0.02073505
783728,0.17032981
783729,0.53805447
783730,0.9812351
783731,0.19391267
783732,0.13212068
783733,0.783491
783734,0.30467853
783735,0.12953398
783736,0.018238451
783737,0.8354323
783738,0.9906603
783739,0.901185
783740,0.78187835
783741,0.57028383
783742,0.057613365
783743,0.99182725
783744,0.7049901
783745,0.087303594
783746,0.0031455765
783747,0.68127036
783748,0.022406537
783749,0.9911947
783750,0.92690045
783751,0.3211944
783752,0.9552123
783753,0.76515263
783754,0.7998107
783755,0.006948808
783756,0.88710016
783757,0.9996773
783758,0.0018354618
783759,0.13074766
783760,0.96255636
783761,0.27139327
783762,0.022949655
783763,0.027728908
783764,0.9733175
783765,0.0021779344
783766,0.55201054
783767,0.07646542
783768,0.9707593
783769,0.062269256
783770,0.07793025
783771,0.973609
783772,0.18710466
783773,0.09450369
783774,0.009034638
783775,0.010033016
783776,0.94251615
783777,0.37332666
783778,0.0030647353
783779,0.86897147
783780,0.016682476
783781,0.83029366
783782,0.011546019
783783,0.03284457
783784,0.9120028
783785,0.00995525
783786,0.8670001
783787,0.9767979
783788,0.0016008706
783789,0.19152382
783790,0.45698482
783791,0.99295497
783792,0.09582335
783793,0.86648595
783794,0.8750993
783795,0.93968606
783796,0.21840554
783797,0.011033478
783798,0.022070467
783799,0.15108767
783800,0.08096148
783801,0.62710917
783802,0.9467481
783803,0.31033713
783804,0.9983244
783805,0.77319294
783806,0.012960619
783807,0.28101438
783808,0.41668922
783809,0.8949067
783810,0.03571546
783811,0.9834229
783812,0.94738483
783813,0.03277481
783814,0.9969516
783815,0.99348843
783816,0.0066703833
783817,0.9461608
783818,0.685596
783819,0.084538095
783820,0.59839964
783821,0.50844574
783822,0.021950185
783823,0.858389
783824,0.99887335
783825,0.30196595
783826,0.9978547
783827,0.18839094
783828,0.9632233
783829,0.0043860665
783830,0.9640679
783831,0.84153533
783832,0.9761667
783833,0.7625737
783834,0.012947121
783835,0.98481774
783836,0.69017595
783837,0.07780925
783838,0.83839524
783839,0.15994692
783840,0.003788885
783841,0.16461197
783842,0.9870219
783843,0.4130658
783844,0.9860413
783845,0.03862039
783846,0.017352602
783847,0.20715605
783848,0.014133306
783849,0.058339655
783850,0.57435954
783851,0.9942056
783852,0.044603433
783853,0.845851
783854,0.95283836
783855,0.02977632
783856,0.06344645
783857,0.12966022
783858,0.95442945
783859,0.03150944
783860,0.989589
783861,0.84074736
783862,0.1571907
783863,0.033141676
783864,0.054547902
783865,0.94355583
783866,0.9972806
783867,0.08556773
783868,0.0010204075
783869,0.8314506
783870,0.027655449
783871,0.14185798
783872,0.1783239
783873,0.99323106
783874,0.8246909
783875,0.9814486
783876,0.016628873
783877,0.9782159
783878,0.018324994
783879,0.88326395
783880,0.9337504
783881,0.9911946
783882,0.05401597
783883,0.05499456
783884,0.16338593
783885,0.008941126
783886,0.0015272087
783887,0.011682132
783888,0.027300563
783889,0.77543217
783890,0.8124936
783891,0.028547294
783892,0.85040826
783893,0.032138567
783894,0.0029192981
783895,0.52776146
783896,0.99470896
783897,0.05496502
783898,0.16493586
783899,0.2823184
783900,0.70955753
783901,0.02558009
783902,0.51693857
783903,0.99553895
783904,0.017669644
783905,0.047364336
783906,0.9878813
783907,0.9927907
783908,0.2535417
783909,0.0014827438
783910,0.67138696
783911,0.99374104
783912,0.003919537
783913,0.9295028
783914,0.04610546
783915,0.98387754
783916,0.2387001
783917,0.62587434
783918,0.011370681
783919,0.010589301
783920,0.0252044
783921,0.102151655
783922,0.95211047
783923,0.4183674
783924,0.062491454
783925,0.9943019
783926,0.5810687
783927,0.9714262
783928,0.046671074
783929,0.013933791
783930,0.014099853
783931,0.9888252
783932,0.9810543
783933,0.9833128
783934,0.023196138
783935,0.11452849
783936,0.011530202
783937,0.8027687
783938,0.7871201
783939,0.9831
783940,0.9976502
783941,0.9912645
783942,0.22339225
783943,0.23302221
783944,0.6971571
783945,0.009698921
783946,0.8828613
783947,0.9430721
783948,0.31019217
783949,0.53093183
783950,0.015964754
783951,0.97950757
783952,0.9697319
783953,0.010867982
783954,0.17138082
783955,0.0051784674
783956,0.029233169
783957,0.95749557
783958,0.8529369
783959,0.34939647
783960,0.99594265
783961,0.054329876
783962,0.9473964
783963,0.0031927228
783964,0.9827584
783965,0.024085546
783966,0.018222742
783967,0.99427456
783968,0.8738904
783969,0.7407732
783970,0.7455081
783971,0.2593607
783972,0.029304417
783973,0.47380608
783974,0.02521279
783975,0.043719146
783976,0.9928814
783977,0.63305926
783978,0.0055146907
783979,0.89211106
783980,0.05774115
783981,0.03249278
783982,0.43375182
783983,0.12481138
783984,0.70851713
783985,0.03195156
783986,0.3019597
783987,0.7876021
783988,0.79722315
783989,0.9381898
783990,0.07687874
783991,0.9896063
783992,0.99372494
783993,0.89152324
783994,0.8507638
783995,0.8509175
783996,0.879216
783997,0.37944365
783998,0.582824
783999,0.8252402
784000,0.31645802
784001,0.0057345806
784002,0.993721
784003,0.9028843
784004,0.6043728
784005,0.99498546
784006,0.009044407
784007,0.9992447
784008,0.8557685
784009,0.9154557
784010,0.938782
784011,0.32869762
784012,0.6511576
784013,0.75272226
784014,0.004890787
784015,0.9909259
784016,0.98595566
784017,0.52264243
784018,0.016008196
784019,0.008671018
784020,0.9610624
784021,0.92017746
784022,0.6712048
784023,0.8968208
784024,0.8927294
784025,0.0023393654
784026,0.8287726
784027,0.026122164
784028,0.988972
784029,0.69747305
784030,0.13301565
784031,0.119653374
784032,0.29533964
784033,0.6072477
784034,0.40654764
784035,0.2203502
784036,0.008987026
784037,0.20953806
784038,0.461168
784039,0.9730588
784040,0.9935638
784041,0.87611085
784042,0.9305482
784043,0.5759096
784044,0.961119
784045,0.01141511
784046,0.9567258
784047,0.65849435
784048,0.9278669
784049,0.87163216
784050,0.001412536
784051,0.06340991
784052,0.92688316
784053,0.06568259
784054,0.97672504
784055,0.27354538
784056,0.027888771
784057,0.24206051
784058,0.4862582
784059,0.007022441
784060,0.021192707
784061,0.023294628
784062,0.14460883
784063,0.04065996
784064,0.2442844
784065,0.7126462
784066,0.021736555
784067,0.0018413926
784068,0.042874165
784069,0.9782971
784070,0.017313361
784071,0.9977243
784072,0.98335814
784073,0.019186508
784074,0.0025371083
784075,0.0065088635
784076,0.208078
784077,0.011350557
784078,0.0887331
784079,0.015443321
784080,0.98002315
784081,0.032671697
784082,0.5949946
784083,0.95062757
784084,0.03224905
784085,0.963583
784086,0.029332941
784087,0.9820486
784088,0.013124112
784089,0.8754971
784090,0.9972244
784091,0.123488784
784092,0.98269725
784093,0.5594689
784094,0.9204024
784095,0.38168973
784096,0.038720425
784097,0.04184142
784098,0.693905
784099,0.021453364
784100,0.7837304
784101,0.97020316
784102,0.57603717
784103,0.007860227
784104,0.038058143
784105,0.067405835
784106,0.1793454
784107,0.9907619
784108,0.03055749
784109,0.1353501
784110,0.010677195
784111,0.5306695
784112,0.027202941
784113,0.43072844
784114,0.006578366
784115,0.7350353
784116,0.039393984
784117,0.9516332
784118,0.8714086
784119,0.018453246
784120,0.1500601
784121,0.04398051
784122,0.52995783
784123,0.9981251
784124,0.0347261
784125,0.9401919
784126,0.5313897
784127,0.019491576
784128,0.025141742
784129,0.027340814
784130,0.15205832
784131,0.022559721
784132,0.044148
784133,0.7018881
784134,0.83938974
784135,0.99794763
784136,0.8831597
784137,0.98830676
784138,0.023574617
784139,0.004484977
784140,0.056814015
784141,0.03865984
784142,0.16518474
784143,0.9907628
784144,0.78676504
784145,0.030009925
784146,0.032108005
784147,0.017821439
784148,0.05862551
784149,0.9899197
784150,0.023917658
784151,0.013225514
784152,0.025782388
784153,0.95776546
784154,0.029744126
784155,0.029177938
784156,0.023732508
784157,0.013195667
784158,0.29227784
784159,0.9971223
784160,0.9529647
784161,0.7624986
784162,0.82751054
784163,0.13381968
784164,0.5173485
784165,0.551891
784166,0.04351785
784167,0.05658046
784168,0.17432037
784169,0.018628886
784170,0.9860853
784171,0.013938467
784172,0.007106051
784173,0.011490912
784174,0.05140609
784175,0.99570864
784176,0.9799689
784177,0.008037621
784178,0.014878485
784179,0.0018189313
784180,0.02570308
784181,0.23738956
784182,0.0040881154
784183,0.02234762
784184,0.8746809
784185,0.077007905
784186,0.07688779
784187,0.8004539
784188,0.515485
784189,0.059377007
784190,0.038590305
784191,0.05401233
784192,0.9591027
784193,0.014753845
784194,0.050188087
784195,0.2164196
784196,0.20460999
784197,0.013755005
784198,0.32528627
784199,0.96618104
784200,0.037998233
784201,0.121138975
784202,0.028795231
784203,0.9020593
784204,0.95498776
784205,0.96495414
784206,0.04272643
784207,0.97873676
784208,0.70582765
784209,0.015471688
784210,0.97982407
784211,0.08711536
784212,0.14789978
784213,0.008801485
784214,0.10506644
784215,0.004684617
784216,0.47207236
784217,0.013595395
784218,0.9504742
784219,0.46619496
784220,0.95803237
784221,0.7470593
784222,0.5857602
784223,0.2564652
784224,0.96866196
784225,0.887676
784226,0.21297565
784227,0.9267842
784228,0.7652761
784229,0.7948816
784230,0.6302848
784231,0.41813836
784232,0.19063382
784233,0.97034776
784234,0.666631
784235,0.0047092577
784236,0.020326382
784237,0.06743275
784238,0.5309305
784239,0.00088194356
784240,0.9551558
784241,0.11068232
784242,0.030678572
784243,0.9959158
784244,0.004497772
784245,0.066054925
784246,0.70890415
784247,0.9505005
784248,0.008459298
784249,0.039852086
784250,0.9990748
784251,0.96521026
784252,0.03895194
784253,0.015144297
784254,0.002039588
784255,0.7196597
784256,0.8764183
784257,0.8163446
784258,0.9908892
784259,0.006990564
784260,0.018870726
784261,0.97810686
784262,0.10178452
784263,0.25547558
784264,0.8903499
784265,0.31739846
784266,0.23323493
784267,0.21560271
784268,0.94281316
784269,0.035012342
784270,0.8906622
784271,0.2826354
784272,0.9980116
784273,0.43482548
784274,0.9973608
784275,0.027874699
784276,0.7763934
784277,0.04527764
784278,0.014445843
784279,0.9405385
784280,0.29934913
784281,0.03113804
784282,0.011499441
784283,0.29156002
784284,0.02601568
784285,0.05504645
784286,0.018364795
784287,0.63897383
784288,0.005832916
784289,0.12825494
784290,0.57552695
784291,0.046346646
784292,0.97416866
784293,0.8210044
784294,0.006879364
784295,0.7989486
784296,0.95125026
784297,0.38534564
784298,0.05913698
784299,0.84184027
784300,0.2547944
784301,0.20078938
784302,0.98272854
784303,0.0016440962
784304,0.95368046
784305,0.041010972
784306,0.03314976
784307,0.4949027
784308,0.06313737
784309,0.22222036
784310,0.7737083
784311,0.98536056
784312,0.025761975
784313,0.13712633
784314,0.97700405
784315,0.020109007
784316,0.20840685
784317,0.7738042
784318,0.042273395
784319,0.30165184
784320,0.9428273
784321,0.16633497
784322,0.9311801
784323,0.98785955
784324,0.1318667
784325,0.24887462
784326,0.98623043
784327,0.05985917
784328,0.023914257
784329,0.46489257
784330,0.9851703
784331,0.96125495
784332,0.023091778
784333,0.98183966
784334,0.06586358
784335,0.8826922
784336,0.06341843
784337,0.9965545
784338,0.19867504
784339,0.9679558
784340,0.16565052
784341,0.028671565
784342,0.04342882
784343,0.7703606
784344,0.993773
784345,0.8186816
784346,0.68020606
784347,0.9965159
784348,0.067144886
784349,0.47012597
784350,0.13200599
784351,0.061480403
784352,0.10762268
784353,0.7193576
784354,0.97610295
784355,0.004157
784356,0.7895237
784357,0.19224249
784358,0.007290138
784359,0.015457366
784360,0.9511507
784361,0.9953816
784362,0.9940267
784363,0.989537
784364,0.008590279
784365,0.9284923
784366,0.0035076528
784367,0.9062698
784368,0.81896687
784369,0.08863084
784370,0.98805124
784371,0.99441165
784372,0.047655795
784373,0.89558
784374,0.019282268
784375,0.03428863
784376,0.2332813
784377,0.86800826
784378,0.44632745
784379,0.37072498
784380,0.09123447
784381,0.044481188
784382,0.54367816
784383,0.88769984
784384,0.15180948
784385,0.9883419
784386,0.15966243
784387,0.7245591
784388,0.3692525
784389,0.12866554
784390,0.083132476
784391,0.9857393
784392,0.29613855
784393,0.0040735668
784394,0.9905144
784395,0.5877291
784396,0.9053921
784397,0.6232262
784398,0.96771514
784399,0.9756123
784400,0.045904424
784401,0.4040569
784402,0.9540266
784403,0.96445715
784404,0.117627874
784405,0.98790145
784406,0.89313567
784407,0.041640554
784408,0.23430493
784409,0.8610626
784410,0.00704241
784411,0.22763115
784412,0.93319964
784413,0.44686007
784414,0.12864643
784415,0.0028660765
784416,0.9958216
784417,0.018290134
784418,0.17820784
784419,0.016045587
784420,0.9890591
784421,0.90930575
784422,0.49084157
784423,0.7935479
784424,0.7534188
784425,0.9553254
784426,0.041480653
784427,0.49292988
784428,0.005408881
784429,0.5464908
784430,0.009274192
784431,0.8525712
784432,0.8961483
784433,0.96570235
784434,0.064362995
784435,0.9949545
784436,0.28666472
784437,0.43541664
784438,0.7411754
784439,0.023529112
784440,0.8168237
784441,0.9871208
784442,0.8709855
784443,0.9927877
784444,0.0067235297
784445,0.020826101
784446,0.9487783
784447,0.008774426
784448,0.0697217
784449,0.23755139
784450,0.7627168
784451,0.003970783
784452,0.7923303
784453,0.091825895
784454,0.033756223
784455,0.008164975
784456,0.9982773
784457,0.012273452
784458,0.06235204
784459,0.03190729
784460,0.96222425
784461,0.01641111
784462,0.0049876296
784463,0.30200255
784464,0.86030877
784465,0.81798947
784466,0.0056913267
784467,0.061499834
784468,0.43500006
784469,0.37812448
784470,0.959608
784471,0.05402016
784472,0.9323895
784473,0.68272626
784474,0.031258713
784475,0.93859893
784476,0.9626032
784477,0.6821616
784478,0.19155839
784479,0.021117808
784480,0.07201524
784481,0.40571707
784482,0.008685234
784483,0.7560163
784484,0.0033774488
784485,0.3811417
784486,0.055851076
784487,0.18938729
784488,0.07673122
784489,0.058564708
784490,0.626206
784491,0.9912029
784492,0.10663575
784493,0.94464624
784494,0.0074469866
784495,0.04488046
784496,0.9929432
784497,0.035394654
784498,0.91720146
784499,0.89233285
784500,0.38980985
784501,0.014030827
784502,0.83635634
784503,0.91420543
784504,0.9712107
784505,0.050900564
784506,0.075259775
784507,0.0022946498
784508,0.93794966
784509,0.09684844
784510,0.99220663
784511,0.990817
784512,0.9893499
784513,0.885524
784514,0.15991259
784515,0.08020949
784516,0.77966917
784517,0.9521706
784518,0.01606125
784519,0.039405514
784520,0.19054659
784521,0.01783834
784522,0.050039202
784523,0.03887687
784524,0.87221897
784525,0.18317243
784526,0.23979533
784527,0.95335305
784528,0.2336488
784529,0.039567526
784530,0.9819057
784531,0.016912987
784532,0.106444255
784533,0.15121143
784534,0.9658053
784535,0.022154575
784536,0.065595776
784537,0.99333215
784538,0.84275526
784539,0.86197805
784540,0.9846035
784541,0.6573414
784542,0.12347235
784543,0.9992257
784544,0.7238883
784545,0.9513319
784546,0.8758128
784547,0.984375
784548,0.9662112
784549,0.054419354
784550,0.9740234
784551,0.95523393
784552,0.9549058
784553,0.62322474
784554,0.93359745
784555,0.017018868
784556,0.011834018
784557,0.03607414
784558,0.3190737
784559,0.20930861
784560,0.06460915
784561,0.94809335
784562,0.023537328
784563,0.29199412
784564,0.3923737
784565,0.0034714078
784566,0.077372685
784567,0.71266514
784568,0.10783134
784569,0.7859484
784570,0.022933003
784571,0.0019626685
784572,0.97842
784573,0.9569828
784574,0.28623235
784575,0.95099795
784576,0.019974
784577,0.08970858
784578,0.99442905
784579,0.3943032
784580,0.48490852
784581,0.07947315
784582,0.7768454
784583,0.04734543
784584,0.11367622
784585,0.015007515
784586,0.008288636
784587,0.8482553
784588,0.9481004
784589,0.5728287
784590,0.30199733
784591,0.7340467
784592,0.2897799
784593,0.06437948
784594,0.9855403
784595,0.010928143
784596,0.10228614
784597,0.17117558
784598,0.92681026
784599,0.036766626
784600,0.4850326
784601,0.9964634
784602,0.9182428
784603,0.004783028
784604,0.5418595
784605,0.955424
784606,0.013929821
784607,0.022714768
784608,0.016294923
784609,0.12493879
784610,0.036381498
784611,0.27920663
784612,0.11757757
784613,0.44334963
784614,0.98858696
784615,0.007063935
784616,0.99143
784617,0.09510483
784618,0.18753044
784619,0.08212734
784620,0.20109035
784621,0.7323501
784622,0.2660607
784623,0.9796078
784624,0.1476714
784625,0.823672
784626,0.9858041
784627,0.007179739
784628,0.027680486
784629,0.9444141
784630,0.067279726
784631,0.87689143
784632,0.6208767
784633,0.8011897
784634,0.0063484143
784635,0.48569438
784636,0.9875188
784637,0.92739296
784638,0.92798126
784639,0.19040078
784640,0.99236244
784641,0.17886792
784642,0.0032211505
784643,0.31421077
784644,0.896086
784645,0.028542988
784646,0.5154957
784647,0.0064606373
784648,0.92336714
784649,0.036013003
784650,0.102843136
784651,0.009337392
784652,0.85991347
784653,0.059437897
784654,0.82622206
784655,0.865782
784656,0.0319066
784657,0.08507292
784658,0.7769617
784659,0.0073214434
784660,0.9883469
784661,0.023775643
784662,0.13625929
784663,0.9856304
784664,0.40022007
784665,0.54355896
784666,0.02558096
784667,0.01023438
784668,0.020137627
784669,0.3935291
784670,0.019585963
784671,0.99691546
784672,0.015694614
784673,0.070731476
784674,0.9710375
784675,0.99871343
784676,0.9949838
784677,0.9927711
784678,0.9957555
784679,0.115193896
784680,0.44824004
784681,0.027020525
784682,0.98523694
784683,0.090507984
784684,0.97420883
784685,0.012101887
784686,0.65105414
784687,0.9716124
784688,0.90552056
784689,0.99524766
784690,0.9765755
784691,0.763946
784692,0.99131894
784693,0.06942409
784694,0.04592451
784695,0.47269255
784696,0.27505842
784697,0.22070661
784698,0.59737104
784699,0.968226
784700,0.9963418
784701,0.7941618
784702,0.09490355
784703,0.008707142
784704,0.02138535
784705,0.07472943
784706,0.33014554
784707,0.0030338173
784708,0.0059357104
784709,0.04538354
784710,0.07423882
784711,0.87951624
784712,0.9790614
784713,0.6635261
784714,0.9568814
784715,0.9952018
784716,0.9932412
784717,0.48040023
784718,0.02046886
784719,0.81211364
784720,0.92030364
784721,0.991315
784722,0.81592786
784723,0.025513938
784724,0.9112592
784725,0.08718861
784726,0.035713576
784727,0.17962112
784728,0.026115563
784729,0.059587665
784730,0.048834987
784731,0.04572025
784732,0.9136367
784733,0.9497701
784734,0.99902934
784735,0.4713622
784736,0.8843287
784737,0.98225373
784738,0.99720865
784739,0.46179727
784740,0.1434654
784741,0.006258777
784742,0.12090635
784743,0.07996128
784744,0.64200294
784745,0.057639867
784746,0.9931262
784747,0.066796795
784748,0.9987856
784749,0.019605182
784750,0.31662148
784751,0.43694443
784752,0.27816072
784753,0.18589783
784754,0.09420772
784755,0.0857486
784756,0.0055553834
784757,0.015765814
784758,0.11525265
784759,0.14039618
784760,0.78977704
784761,0.99508965
784762,0.005313559
784763,0.09682914
784764,0.06424112
784765,0.9508269
784766,0.011829537
784767,0.48136833
784768,0.073582105
784769,0.07330988
784770,0.0055839405
784771,0.40298784
784772,0.18842633
784773,0.012902444
784774,0.18391602
784775,0.024557024
784776,0.90458
784777,0.6217845
784778,0.886706
784779,0.034382746
784780,0.9263903
784781,0.42515787
784782,0.012436359
784783,0.03201658
784784,0.95653874
784785,0.9659849
784786,0.012930112
784787,0.12801692
784788,0.38405997
784789,0.27010512
784790,0.08576772
784791,0.010152771
784792,0.68357056
784793,0.9983156
784794,0.16937263
784795,0.99065727
784796,0.93710613
784797,0.067088366
784798,0.8856423
784799,0.6453421
784800,0.025792675
784801,0.9334282
784802,0.03064696
784803,0.025691263
784804,0.04403711
784805,0.21112816
784806,0.6953383
784807,0.9954332
784808,0.97483903
784809,0.007913999
784810,0.9454324
784811,0.037857853
784812,0.14281994
784813,0.0041737794
784814,0.64507
784815,0.31145638
784816,0.0056235716
784817,0.26166594
784818,0.22331083
784819,0.97539485
784820,0.07059007
784821,0.9789095
784822,0.63621485
784823,0.8894389
784824,0.011779005
784825,0.945717
784826,0.8261936
784827,0.988099
784828,0.8535469
784829,0.011347637
784830,0.010090336
784831,0.0055017425
784832,0.11466996
784833,0.05841127
784834,0.01007307
784835,0.047152117
784836,0.9693279
784837,0.5299493
784838,0.47628647
784839,0.19807759
784840,0.136447
784841,0.76986676
784842,0.1881867
784843,0.03569179
784844,0.06273477
784845,0.99626034
784846,0.9635044
784847,0.9237346
784848,0.059303742
784849,0.01861031
784850,0.75396365
784851,0.009940902
784852,0.008265692
784853,0.85617584
784854,0.98932266
784855,0.9860688
784856,0.051615287
784857,0.22929974
784858,0.065118976
784859,0.1218729
784860,0.13615072
784861,0.045812048
784862,0.0084198015
784863,0.50381184
784864,0.9165416
784865,0.48622286
784866,0.9692769
784867,0.9654631
784868,0.52120715
784869,0.021782538
784870,0.9953383
784871,0.024201408
784872,0.92043626
784873,0.9749428
784874,0.21735907
784875,0.6562319
784876,0.9507311
784877,0.8930789
784878,0.9981472
784879,0.02005012
784880,0.9718602
784881,0.99658173
784882,0.011247565
784883,0.99605066
784884,0.518912
784885,0.23534401
784886,0.995415
784887,0.91883177
784888,0.1103558
784889,0.276017
784890,0.9445829
784891,0.34651792
784892,0.03783249
784893,0.049285714
784894,0.066974476
784895,0.064276986
784896,0.46743816
784897,0.9994955
784898,0.032436214
784899,0.035118625
784900,0.031488508
784901,0.06302218
784902,0.6060553
784903,0.022772197
784904,0.98600304
784905,0.06486354
784906,0.012742998
784907,0.006355976
784908,0.9879137
784909,0.5355501
784910,0.005533349
784911,0.0115742935
784912,0.007885482
784913,0.2385644
784914,0.06683111
784915,0.01049222
784916,0.28478652
784917,0.983121
784918,0.9730942
784919,0.3989521
784920,0.13415052
784921,0.0039306795
784922,0.025022408
784923,0.09410612
784924,0.0061168456
784925,0.026688918
784926,0.061685905
784927,0.769521
784928,0.024797091
784929,0.011609697
784930,0.9797914
784931,0.986994
784932,0.9428619
784933,0.09308189
784934,0.9282824
784935,0.91991997
784936,0.039106105
784937,0.86766094
784938,0.9161416
784939,0.9585805
784940,0.101097375
784941,0.051381063
784942,0.1342895
784943,0.7809006
784944,0.99598116
784945,0.20823465
784946,0.9965082
784947,0.9824603
784948,0.06550874
784949,0.9512528
784950,0.053388167
784951,0.8241025
784952,0.9765771
784953,0.076996274
784954,0.0981638
784955,0.9854041
784956,0.026175408
784957,0.60312575
784958,0.5492106
784959,0.016193397
784960,0.252963
784961,0.8055248
784962,0.021554844
784963,0.25686687
784964,0.9840753
784965,0.98940885
784966,0.17818344
784967,0.16770655
784968,0.005322836
784969,0.992799
784970,0.30744877
784971,0.9689989
784972,0.14082775
784973,0.043434348
784974,0.2600509
784975,0.0036615515
784976,0.016014537
784977,0.17905647
784978,0.00655997
784979,0.9604761
784980,0.054768957
784981,0.10318191
784982,0.068772435
784983,0.9934312
784984,0.50717473
784985,0.009255793
784986,0.007935712
784987,0.016456295
784988,0.71254313
784989,0.9938673
784990,0.020748299
784991,0.39957756
784992,0.012893757
784993,0.98645043
784994,0.56803524
784995,0.9259678
784996,0.29007006
784997,0.95660627
784998,0.006501019
784999,0.28605974
785000,0.19882117
785001,0.011767131
785002,0.037160143
785003,0.9004299
785004,0.03230312
785005,0.0014044615
785006,0.106024295
785007,0.280555
785008,0.08246171
785009,0.25419462
785010,0.93107015
785011,0.93146795
785012,0.025670622
785013,0.9969077
785014,0.023976509
785015,0.6481461
785016,0.016711097
785017,0.8541605
785018,0.9889883
785019,0.91268814
785020,0.5964059
785021,0.9946635
785022,0.51585674
785023,0.21311814
785024,0.98145026
785025,0.008859867
785026,0.93328595
785027,0.99781483
785028,0.027195532
785029,0.24785337
785030,0.002004475
785031,0.9618341
785032,0.0041015754
785033,0.007809272
785034,0.5883496
785035,0.96699136
785036,0.0030786972
785037,0.90876544
785038,0.8466196
785039,0.0025741004
785040,0.098499894
785041,0.5047885
785042,0.35510868
785043,0.9514145
785044,0.19792508
785045,0.48214653
785046,0.913352
785047,0.05388491
785048,0.96885467
785049,0.99599564
785050,0.7573385
785051,0.9061847
785052,0.014502015
785053,0.6264565
785054,0.9972664
785055,0.9929409
785056,0.9998132
785057,0.02053672
785058,0.98165536
785059,0.060070246
785060,0.4715578
785061,0.02474561
785062,0.07988258
785063,0.987464
785064,0.097609565
785065,0.059175767
785066,0.027049214
785067,0.067512296
785068,0.0029632077
785069,0.028710082
785070,0.9162101
785071,0.26845688
785072,0.1508203
785073,0.04265994
785074,0.9175414
785075,0.026671369
785076,0.99784184
785077,0.8684209
785078,0.031946585
785079,0.025376048
785080,0.42012993
785081,0.009962548
785082,0.9977111
785083,0.97040033
785084,0.08795377
785085,0.06035246
785086,0.11475816
785087,0.22597487
785088,0.9991579
785089,0.97488284
785090,0.17598887
785091,0.9642234
785092,0.15119061
785093,0.0129025765
785094,0.5609241
785095,0.9684868
785096,0.9457574
785097,0.98976177
785098,0.70186657
785099,0.9143568
785100,0.3234133
785101,0.02400325
785102,0.7354392
785103,0.11446442
785104,0.9786829
785105,0.022221133
785106,0.0031807383
785107,0.031171605
785108,0.6404496
785109,0.010430888
785110,0.9080137
785111,0.015927557
785112,0.5392722
785113,0.33358604
785114,0.007053946
785115,0.0016129296
785116,0.89589554
785117,0.8450498
785118,0.106706396
785119,0.5500186
785120,0.39511442
785121,0.17724425
785122,0.8623544
785123,0.1547021
785124,0.9301856
785125,0.06656624
785126,0.056060847
785127,0.9963224
785128,0.96849847
785129,0.9860251
785130,0.09905758
785131,0.017067593
785132,0.028580897
785133,0.025017165
785134,0.99894345
785135,0.21609297
785136,0.019341305
785137,0.44938567
785138,0.24051419
785139,0.01229231
785140,0.02438508
785141,0.0943768
785142,0.21643978
785143,0.031761672
785144,0.0059771286
785145,0.08455291
785146,0.056910343
785147,0.8959852
785148,0.073087424
785149,0.8715071
785150,0.22346562
785151,0.43724582
785152,0.9483615
785153,0.20025674
785154,0.0027085482
785155,0.9939153
785156,0.9301021
785157,0.010287897
785158,0.88197523
785159,0.001986606
785160,0.019262232
785161,0.01391091
785162,0.98891175
785163,0.017784717
785164,0.28841493
785165,0.7911724
785166,0.38787085
785167,0.86110175
785168,0.01502361
785169,0.46624488
785170,0.022662533
785171,0.038910482
785172,0.11745481
785173,0.3121732
785174,0.02300854
785175,0.9906635
785176,0.96848875
785177,0.0113922665
785178,0.006621694
785179,0.045169733
785180,0.9819033
785181,0.99194956
785182,0.984748
785183,0.37645233
785184,0.033051
785185,0.33937392
785186,0.09594506
785187,0.72742504
785188,0.020671522
785189,0.6436186
785190,0.01415045
785191,0.94058555
785192,0.8903961
785193,0.016653558
785194,0.34140325
785195,0.74574685
785196,0.020010114
785197,0.00789746
785198,0.5885188
785199,0.1623785
785200,0.227011
785201,0.19230193
785202,0.0017004363
785203,0.007929564
785204,0.006069985
785205,0.5005906
785206,0.026673762
785207,0.8925375
785208,0.9285262
785209,0.036311805
785210,0.3478526
785211,0.5294372
785212,0.8354478
785213,0.97718614
785214,0.41887835
785215,0.022981197
785216,0.010428354
785217,0.8875354
785218,0.0045836363
785219,0.99445844
785220,0.9971335
785221,0.88293755
785222,0.054211374
785223,0.0063675544
785224,0.028686792
785225,0.01332943
785226,0.9709828
785227,0.9472934
785228,0.99707174
785229,0.48655048
785230,0.8147578
785231,0.99713945
785232,0.03768934
785233,0.9996834
785234,0.20467094
785235,0.005920262
785236,0.8563073
785237,0.9944317
785238,0.7983961
785239,0.006978934
785240,0.0014848385
785241,0.010313591
785242,0.99429417
785243,0.98361015
785244,0.043233395
785245,0.941136
785246,0.035693474
785247,0.04617825
785248,0.03334429
785249,0.76210785
785250,0.19683301
785251,0.15060724
785252,0.98452604
785253,0.75257194
785254,0.939978
785255,0.04552026
785256,0.036717746
785257,0.8549579
785258,0.31901112
785259,0.020556875
785260,0.88829595
785261,0.8770446
785262,0.0070868945
785263,0.0014253077
785264,0.13192356
785265,0.0048889793
785266,0.011010025
785267,0.64987206
785268,0.009124827
785269,0.9884368
785270,0.95251477
785271,0.99632305
785272,0.9491803
785273,0.63004196
785274,0.106666476
785275,0.0090823425
785276,0.44033974
785277,0.3056252
785278,0.4545464
785279,0.5656328
785280,0.20770502
785281,0.97115684
785282,0.26569661
785283,0.9932244
785284,0.04111026
785285,0.9561731
785286,0.5731004
785287,0.54644465
785288,0.84432167
785289,0.8956795
785290,0.06851898
785291,0.97940904
785292,0.93199843
785293,0.057636578
785294,0.45336127
785295,0.0032502173
785296,0.89643687
785297,0.3060574
785298,0.041089576
785299,0.025298888
785300,0.039957996
785301,0.010343887
785302,0.024695665
785303,0.9971433
785304,0.7812915
785305,0.0060537243
785306,0.96746933
785307,0.96575963
785308,0.9996572
785309,0.00433075
785310,0.65999246
785311,0.0021386081
785312,0.71521175
785313,0.88158536
785314,0.021582227
785315,0.9256157
785316,0.98780435
785317,0.15703903
785318,0.8853519
785319,0.009427592
785320,0.083654806
785321,0.013547266
785322,0.12126956
785323,0.9827008
785324,0.9623531
785325,0.010402736
785326,0.23077045
785327,0.014466939
785328,0.98792964
785329,0.11186776
785330,0.024462016
785331,0.013209966
785332,0.020806279
785333,0.045034625
785334,0.0075337663
785335,0.80687964
785336,0.9360151
785337,0.97348523
785338,0.9816871
785339,0.08697286
785340,0.99902976
785341,0.1891608
785342,0.0053186095
785343,0.0037054163
785344,0.12457106
785345,0.47211528
785346,0.3687479
785347,0.99065226
785348,0.13491386
785349,0.87503755
785350,0.75161785
785351,0.97845906
785352,0.90654737
785353,0.48180476
785354,0.010797684
785355,0.06792291
785356,0.18173793
785357,0.98775977
785358,0.9717153
785359,0.026529575
785360,0.050842363
785361,0.15529484
785362,0.033801086
785363,0.972517
785364,0.9766591
785365,0.18355356
785366,0.66325
785367,0.3169529
785368,0.0065138834
785369,0.36104143
785370,0.06070479
785371,0.0346649
785372,0.0061339387
785373,0.026841912
785374,0.034427747
785375,0.99250764
785376,0.99707377
785377,0.07354996
785378,0.0028855745
785379,0.20157623
785380,0.9914979
785381,0.55818015
785382,0.008467715
785383,0.005803729
785384,0.9873661
785385,0.9916538
785386,0.9145384
785387,0.99429685
785388,0.0033873008
785389,0.22619501
785390,0.99467045
785391,0.9900864
785392,0.89332116
785393,0.6657711
785394,0.07065194
785395,0.076927066
785396,0.90620327
785397,0.023963504
785398,0.8204212
785399,0.2565687
785400,0.9969722
785401,0.015597818
785402,0.021375187
785403,0.17954044
785404,0.016485952
785405,0.53547066
785406,0.8858026
785407,0.40070134
785408,0.81546223
785409,0.029429981
785410,0.6915237
785411,0.9977274
785412,0.01806149
785413,0.9880879
785414,0.82422626
785415,0.053670928
785416,0.120255776
785417,0.012235673
785418,0.17800657
785419,0.047547802
785420,0.9708207
785421,0.07218997
785422,0.89536977
785423,0.055563442
785424,0.9951248
785425,0.023972113
785426,0.012494819
785427,0.0061075054
785428,0.0042092884
785429,0.034017228
785430,0.97962034
785431,0.971092
785432,0.037818115
785433,0.9730677
785434,0.99805784
785435,0.9903832
785436,0.86503345
785437,0.07324754
785438,0.85064876
785439,0.8827833
785440,0.004993783
785441,0.3095929
785442,0.069567636
785443,0.007441951
785444,0.006568568
785445,0.89504266
785446,0.9372237
785447,0.2230517
785448,0.479939
785449,0.7476704
785450,0.011050763
785451,0.91090786
785452,0.030007845
785453,0.013702288
785454,0.8409951
785455,0.9682044
785456,0.98903656
785457,0.11809779
785458,0.15801197
785459,0.84470123
785460,0.95555156
785461,0.96977186
785462,0.013939371
785463,0.011946409
785464,0.15442456
785465,0.04226844
785466,0.9531432
785467,0.3962884
785468,0.21897379
785469,0.44954568
785470,0.9790135
785471,0.020151924
785472,0.047176722
785473,0.5690373
785474,0.29137373
785475,0.44045493
785476,0.06688915
785477,0.024551721
785478,0.027794724
785479,0.17305002
785480,0.8867628
785481,0.010455735
785482,0.99821377
785483,0.069001645
785484,0.25066563
785485,0.98438644
785486,0.9674336
785487,0.0138273295
785488,0.98539543
785489,0.895138
785490,0.016144566
785491,0.0926585
785492,0.96947694
785493,0.97165763
785494,0.8767843
785495,0.31079054
785496,0.033569954
785497,0.020258145
785498,0.50327986
785499,0.9963909
785500,0.053012025
785501,0.0021233435
785502,0.026592152
785503,0.47725987
785504,0.18382943
785505,0.17139587
785506,0.047941506
785507,0.6718335
785508,0.2677197
785509,0.989763
785510,0.08496773
785511,0.36529094
785512,0.97254145
785513,0.009342455
785514,0.9405945
785515,0.17430958
785516,0.094932005
785517,0.011288576
785518,0.9445192
785519,0.8963765
785520,0.9625638
785521,0.22930863
785522,0.9781041
785523,0.90040654
785524,0.015172072
785525,0.97346956
785526,0.032625142
785527,0.033044368
785528,0.6144815
785529,0.2540739
785530,0.43338573
785531,0.43596867
785532,0.942852
785533,0.8909595
785534,0.97523105
785535,0.11357635
785536,0.27097365
785537,0.9724256
785538,0.020561013
785539,0.08506489
785540,0.0033121805
785541,0.74258953
785542,0.9936323
785543,0.07329013
785544,0.51892215
785545,0.033796683
785546,0.014257196
785547,0.9902849
785548,0.04241986
785549,0.014454091
785550,0.014079012
785551,0.99722517
785552,0.013638543
785553,0.03090956
785554,0.10283249
785555,0.8285314
785556,0.068699874
785557,0.22541201
785558,0.9950308
785559,0.024601754
785560,0.06085505
785561,0.00837567
785562,0.7638167
785563,0.95696884
785564,0.98283774
785565,0.012923088
785566,0.52471936
785567,0.9885189
785568,0.9858927
785569,0.97646314
785570,0.06906317
785571,0.06486226
785572,0.008594331
785573,0.023153657
785574,0.84211284
785575,0.99735844
785576,0.34262228
785577,0.007226118
785578,0.027207112
785579,0.0064873216
785580,0.25193983
785581,0.062032737
785582,0.050314903
785583,0.5177345
785584,0.9720512
785585,0.027732998
785586,0.9954316
785587,0.026247934
785588,0.10458414
785589,0.93268037
785590,0.97511506
785591,0.10844721
785592,0.4791276
785593,0.038306586
785594,0.29117686
785595,0.007035332
785596,0.9975812
785597,0.008444247
785598,0.975467
785599,0.8253813
785600,0.48358122
785601,0.033287823
785602,0.025396682
785603,0.38629574
785604,0.05555794
785605,0.12930968
785606,0.022878088
785607,0.021422146
785608,0.056483317
785609,0.9660627
785610,0.019640766
785611,0.68434906
785612,0.98318446
785613,0.5421426
785614,0.26061592
785615,0.0043553268
785616,0.10721881
785617,0.03517083
785618,0.013267016
785619,0.9760414
785620,0.98103887
785621,0.31326672
785622,0.010674569
785623,0.9675163
785624,0.0066429256
785625,0.030319465
785626,0.035200562
785627,0.9779512
785628,0.8624648
785629,0.020110022
785630,0.08696952
785631,0.010805841
785632,0.98145694
785633,0.03841813
785634,0.7514466
785635,0.5292372
785636,0.24010509
785637,0.12162093
785638,0.003908228
785639,0.024073232
785640,0.9837616
785641,0.01620673
785642,0.9850795
785643,0.999331
785644,0.95644456
785645,0.028897261
785646,0.022753987
785647,0.29638386
785648,0.057169482
785649,0.4157555
785650,0.02553472
785651,0.7517292
785652,0.9440622
785653,0.7644531
785654,0.9520601
785655,0.08894855
785656,0.0798186
785657,0.56241256
785658,0.054655273
785659,0.017900473
785660,0.042964853
785661,0.45678315
785662,0.018007766
785663,0.032612305
785664,0.10214094
785665,0.99197245
785666,0.113593884
785667,0.9922567
785668,0.96983224
785669,0.06770213
785670,0.025316894
785671,0.99937624
785672,0.16525382
785673,0.97490066
785674,0.020821087
785675,0.94822896
785676,0.9968375
785677,0.0019307253
785678,0.96972764
785679,0.9880033
785680,0.017323459
785681,0.9901709
785682,0.01781597
785683,0.009971861
785684,0.5435097
785685,0.9483385
785686,0.64716554
785687,0.57388675
785688,0.92190224
785689,0.042820513
785690,0.9178936
785691,0.9605421
785692,0.049767494
785693,0.053004473
785694,0.9721329
785695,0.024305075
785696,0.09448509
785697,0.9893756
785698,0.27807897
785699,0.7089493
785700,0.9655695
785701,0.5531221
785702,0.91117734
785703,0.0061039254
785704,0.029278405
785705,0.4049006
785706,0.0405449
785707,0.012188228
785708,0.0048202
785709,0.5199961
785710,0.92410815
785711,0.45497853
785712,0.43738896
785713,0.8535627
785714,0.9556469
785715,0.19983652
785716,0.9818026
785717,0.9473047
785718,0.04607761
785719,0.8032351
785720,0.4660238
785721,0.9620758
785722,0.98468566
785723,0.9119508
785724,0.01212169
785725,0.9900882
785726,0.073078945
785727,0.50022864
785728,0.85694027
785729,0.39659
785730,0.009441062
785731,0.92151016
785732,0.5384648
785733,0.5557495
785734,0.43586433
785735,0.3722156
785736,0.99377257
785737,0.98736715
785738,0.98436373
785739,0.062229894
785740,0.62185663
785741,0.0570198
785742,0.6803793
785743,0.7229282
785744,0.953809
785745,0.1992907
785746,0.038566977
785747,0.9741725
785748,0.99304056
785749,0.06907366
785750,0.054155514
785751,0.013747648
785752,0.0798055
785753,0.058529973
785754,0.038707152
785755,0.009028565
785756,0.21267444
785757,0.945858
785758,0.026616443
785759,0.028383385
785760,0.57468975
785761,0.87470245
785762,0.038841736
785763,0.9986401
785764,0.954285
785765,0.5187613
785766,0.121894106
785767,0.17164488
785768,0.9818307
785769,0.95559174
785770,0.23178938
785771,0.19519168
785772,0.006798594
785773,0.65567786
785774,0.8171952
785775,0.010899616
785776,0.55645484
785777,0.88479275
785778,0.45800394
785779,0.06764953
785780,0.9556337
785781,0.0864657
785782,0.98666734
785783,0.8130171
785784,0.004807784
785785,0.99457103
785786,0.4551796
785787,0.07908352
785788,0.6940915
785789,0.8033998
785790,0.40867427
785791,0.9895008
785792,0.027784875
785793,0.63635826
785794,0.045481935
785795,0.015906926
785796,0.8146208
785797,0.9568795
785798,0.15197805
785799,0.68327343
785800,0.9175763
785801,0.9730813
785802,0.10109452
785803,0.1849598
785804,0.13830188
785805,0.6701212
785806,0.159947
785807,0.995977
785808,0.14670074
785809,0.52682734
785810,0.0082513895
785811,0.30510154
785812,0.9634442
785813,0.010195059
785814,0.024976496
785815,0.004654279
785816,0.880752
785817,0.98882985
785818,0.6710901
785819,0.16559003
785820,0.015424406
785821,0.051144503
785822,0.055072967
785823,0.027681049
785824,0.70812714
785825,0.012688881
785826,0.20635852
785827,0.09688182
785828,0.061259307
785829,0.374693
785830,0.116145745
785831,0.86350167
785832,0.21051726
785833,0.27442884
785834,0.2607429
785835,0.48846203
785836,0.65713847
785837,0.051646013
785838,0.048245735
785839,0.013302053
785840,0.14117813
785841,0.00897468
785842,0.96128654
785843,0.99584687
785844,0.051617336
785845,0.8522065
785846,0.9967431
785847,0.981695
785848,0.9409566
785849,0.5108504
785850,0.028394293
785851,0.9306117
785852,0.83169883
785853,0.8669735
785854,0.92268646
785855,0.9897769
785856,0.36997214
785857,0.226107
785858,0.9730121
785859,0.016311219
785860,0.0055999
785861,0.95432496
785862,0.9262959
785863,0.63535845
785864,0.22896849
785865,0.9869112
785866,0.01498431
785867,0.9736016
785868,0.006395503
785869,0.9803767
785870,0.08335921
785871,0.9879421
785872,0.027162347
785873,0.95361906
785874,0.9274981
785875,0.04350646
785876,0.765009
785877,0.4788558
785878,0.9882184
785879,0.97155184
785880,0.99865717
785881,0.031397853
785882,0.0039180014
785883,0.97936165
785884,0.31739283
785885,0.978468
785886,0.10590521
785887,0.012539708
785888,0.00538886
785889,0.05284911
785890,0.29085943
785891,0.95392966
785892,0.59830433
785893,0.6775626
785894,0.9990443
785895,0.017378867
785896,0.96573997
785897,0.83239865
785898,0.006831648
785899,0.006895453
785900,0.97519827
785901,0.949502
785902,0.98959863
785903,0.08087633
785904,0.2509037
785905,0.014718053
785906,0.98096603
785907,0.9877564
785908,0.010941013
785909,0.7724186
785910,0.021417974
785911,0.20860912
785912,0.0072649517
785913,0.94190836
785914,0.005344406
785915,0.0028718899
785916,0.4018219
785917,0.91469646
785918,0.66023356
785919,0.07326286
785920,0.07768403
785921,0.029205862
785922,0.5478375
785923,0.011116396
785924,0.38287288
785925,0.38113818
785926,0.9847154
785927,0.044724494
785928,0.87447256
785929,0.9257037
785930,0.005050053
785931,0.004154962
785932,0.008528145
785933,0.8014931
785934,0.01197657
785935,0.9956102
785936,0.23932618
785937,0.054880563
785938,0.11776511
785939,0.94115216
785940,0.14034343
785941,0.0035446319
785942,0.97118384
785943,0.9638103
785944,0.98006666
785945,0.9821979
785946,0.04713805
785947,0.16984278
785948,0.012401766
785949,0.9894129
785950,0.9858856
785951,0.024593472
785952,0.5339334
785953,0.25472498
785954,0.9953923
785955,0.8438339
785956,0.028351631
785957,0.9557853
785958,0.8926489
785959,0.99805707
785960,0.68057066
785961,0.9118968
785962,0.99360937
785963,0.019305943
785964,0.79598176
785965,0.14549159
785966,0.021995088
785967,0.13024977
785968,0.0145845115
785969,0.009735978
785970,0.05101692
785971,0.27300173
785972,0.9872217
785973,0.025489474
785974,0.007282011
785975,0.0014805502
785976,0.0031061936
785977,0.067456126
785978,0.26513696
785979,0.9913263
785980,0.97842944
785981,0.9988042
785982,0.41040802
785983,0.21323076
785984,0.20647256
785985,0.4229682
785986,0.92425394
785987,0.5490922
785988,0.8124465
785989,0.0434392
785990,0.966272
785991,0.009494558
785992,0.6624444
785993,0.86362803
785994,0.97419965
785995,0.0055402573
785996,0.59326917
785997,0.9732463
785998,0.07256227
785999,0.20893392
786000,0.8688655
786001,0.15889554
786002,0.15767926
786003,0.016826132
786004,0.0068977526
786005,0.93273634
786006,0.20974982
786007,0.020317236
786008,0.039080538
786009,0.7961977
786010,0.017811127
786011,0.9941334
786012,0.29105005
786013,0.008117657
786014,0.16882409
786015,0.45237815
786016,0.9219409
786017,0.99005103
786018,0.9077974
786019,0.039511226
786020,0.8967483
786021,0.33642775
786022,0.038538918
786023,0.021444729
786024,0.010238075
786025,0.9970931
786026,0.24348488
786027,0.009657238
786028,0.8468478
786029,0.84420526
786030,0.07065327
786031,0.99798787
786032,0.83879143
786033,0.35795426
786034,0.005331291
786035,0.028439676
786036,0.9983289
786037,0.026295615
786038,0.05873046
786039,0.21016349
786040,0.16362143
786041,0.045521308
786042,0.042038
786043,0.30012685
786044,0.71114624
786045,0.08882487
786046,0.00872063
786047,0.99141014
786048,0.011079663
786049,0.69412947
786050,0.9861915
786051,0.13271509
786052,0.008469889
786053,0.49483705
786054,0.45121402
786055,0.6809823
786056,0.99540025
786057,0.025858652
786058,0.058511715
786059,0.99496275
786060,0.9850384
786061,0.9385035
786062,0.6001199
786063,0.02069809
786064,0.61674505
786065,0.042479917
786066,0.8223756
786067,0.9093216
786068,0.99612546
786069,0.031958416
786070,0.013763068
786071,0.21905714
786072,0.02176792
786073,0.10982279
786074,0.08009062
786075,0.23989792
786076,0.71135336
786077,0.9090853
786078,0.7261474
786079,0.0027800496
786080,0.022086337
786081,0.07186482
786082,0.40384623
786083,0.99228585
786084,0.673411
786085,0.11665221
786086,0.020125395
786087,0.14853653
786088,0.10895483
786089,0.87479734
786090,0.09350526
786091,0.990211
786092,0.005797715
786093,0.95607156
786094,0.018602546
786095,0.00506364
786096,0.67880917
786097,0.0054685567
786098,0.08358753
786099,0.8138122
786100,0.13949832
786101,0.081032574
786102,0.35544452
786103,0.63931984
786104,0.44166395
786105,0.049104083
786106,0.33388492
786107,0.031789888
786108,0.9136565
786109,0.0016091148
786110,0.9736295
786111,0.93851584
786112,0.0071314056
786113,0.17907792
786114,0.06619084
786115,0.12058608
786116,0.08008871
786117,0.0060449243
786118,0.014259582
786119,0.9491149
786120,0.04014226
786121,0.0012225317
786122,0.034341406
786123,0.8432129
786124,0.0514777
786125,0.12440571
786126,0.09574415
786127,0.030726977
786128,0.99694514
786129,0.74449795
786130,0.11384327
786131,0.9257007
786132,0.0022494218
786133,0.025483606
786134,0.014290234
786135,0.0201638
786136,0.9865859
786137,0.020841636
786138,0.19327007
786139,0.46323755
786140,0.98527706
786141,0.01672839
786142,0.74304444
786143,0.034792274
786144,0.4577184
786145,0.8550311
786146,0.0059859324
786147,0.010310667
786148,0.0049354522
786149,0.98454416
786150,0.9938057
786151,0.020385245
786152,0.9408125
786153,0.019341962
786154,0.9738325
786155,0.6106411
786156,0.21037647
786157,0.034347504
786158,0.9379183
786159,0.74764323
786160,0.7924731
786161,0.016371524
786162,0.009368661
786163,0.84722495
786164,0.0054723006
786165,0.75310713
786166,0.00974323
786167,0.06008342
786168,0.1330457
786169,0.26518214
786170,0.51757
786171,0.99507284
786172,0.36624202
786173,0.37192675
786174,0.0158128
786175,0.15105437
786176,0.0059888586
786177,0.91855353
786178,0.8721416
786179,0.80690706
786180,0.033379342
786181,0.697871
786182,0.24829456
786183,0.9979888
786184,0.4778939
786185,0.096802026
786186,0.023995444
786187,0.8957503
786188,0.02247053
786189,0.051701657
786190,0.6568501
786191,0.012968955
786192,0.016409041
786193,0.028751478
786194,0.32549658
786195,0.8919851
786196,0.01866971
786197,0.33168027
786198,0.98751634
786199,0.03289766
786200,0.0070172236
786201,0.15905288
786202,0.523545
786203,0.56569546
786204,0.06696818
786205,0.0056277714
786206,0.9599785
786207,0.02841244
786208,0.00877095
786209,0.039811827
786210,0.8313277
786211,0.98800635
786212,0.04725584
786213,0.39966226
786214,0.33523834
786215,0.98778915
786216,0.014263988
786217,0.069268644
786218,0.06287114
786219,0.99655527
786220,0.808493
786221,0.8080112
786222,0.99551046
786223,0.007166506
786224,0.9815415
786225,0.01438899
786226,0.99529934
786227,0.056339435
786228,0.0086736325
786229,0.99195397
786230,0.04955496
786231,0.0051047183
786232,0.9987843
786233,0.98827416
786234,0.7581043
786235,0.6933131
786236,0.3102599
786237,0.0038079852
786238,0.79706335
786239,0.059225924
786240,0.91520864
786241,0.24595192
786242,0.9961168
786243,0.020770052
786244,0.5792851
786245,0.99979013
786246,0.998751
786247,0.79366153
786248,0.89285445
786249,0.9179183
786250,0.5851526
786251,0.9990896
786252,0.2980823
786253,0.6765875
786254,0.4701013
786255,0.028077878
786256,0.5435959
786257,0.81950665
786258,0.99425054
786259,0.024261279
786260,0.03492885
786261,0.07459487
786262,0.70302695
786263,0.009834928
786264,0.16235825
786265,0.99231434
786266,0.26011997
786267,0.016721677
786268,0.4068988
786269,0.40594655
786270,0.40506586
786271,0.028852994
786272,0.038632218
786273,0.176882
786274,0.13330723
786275,0.0042009694
786276,0.8903019
786277,0.9746881
786278,0.023527525
786279,0.98725283
786280,0.27878875
786281,0.9983757
786282,0.9105875
786283,0.00738318
786284,0.016158875
786285,0.98556286
786286,0.3772743
786287,0.06772259
786288,0.50421065
786289,0.95837146
786290,0.89419043
786291,0.98512435
786292,0.7563334
786293,0.77070546
786294,0.15743276
786295,0.81998104
786296,0.9651703
786297,0.09127082
786298,0.07917691
786299,0.050356343
786300,0.029910691
786301,0.56405973
786302,0.030048301
786303,0.82397103
786304,0.95063585
786305,0.14246894
786306,0.10223242
786307,0.0045859776
786308,0.9526125
786309,0.550506
786310,0.045169335
786311,0.9794645
786312,0.07383595
786313,0.038743984
786314,0.3243948
786315,0.97661877
786316,0.34139633
786317,0.9922265
786318,0.036505524
786319,0.0043882867
786320,0.7439838
786321,0.010520336
786322,0.014908684
786323,0.99938875
786324,0.03472974
786325,0.1105144
786326,0.99709296
786327,0.50393033
786328,0.04623958
786329,0.84116715
786330,0.005111365
786331,0.03288486
786332,0.011880754
786333,0.9945101
786334,0.99415547
786335,0.92000234
786336,0.99359965
786337,0.72820485
786338,0.37188983
786339,0.9567965
786340,0.003717912
786341,0.45456845
786342,0.36950824
786343,0.10619388
786344,0.054127898
786345,0.97844553
786346,0.15304264
786347,0.61164665
786348,0.88747406
786349,0.5198145
786350,0.059032727
786351,0.99967086
786352,0.98773795
786353,0.56673634
786354,0.023320422
786355,0.94597113
786356,0.023879554
786357,0.99776936
786358,0.9723775
786359,0.8733765
786360,0.1012426
786361,0.9690321
786362,0.9823854
786363,0.766212
786364,0.9241585
786365,0.046319433
786366,0.9784852
786367,0.0029765358
786368,0.73097175
786369,0.023141118
786370,0.056372877
786371,0.9936429
786372,0.93445957
786373,0.6040056
786374,0.9549547
786375,0.06787632
786376,0.064534776
786377,0.90560097
786378,0.9613352
786379,0.94449556
786380,0.9993459
786381,0.006109473
786382,0.005463815
786383,0.0053768996
786384,0.0016334694
786385,0.08394657
786386,0.9397195
786387,0.93310225
786388,0.8161311
786389,0.032844033
786390,0.95266294
786391,0.015645752
786392,0.93284905
786393,0.9860947
786394,0.7174448
786395,0.016457682
786396,0.015342595
786397,0.0795852
786398,0.68675953
786399,0.6659225
786400,0.9703373
786401,0.9661405
786402,0.98565865
786403,0.037917238
786404,0.83685064
786405,0.0049705217
786406,0.07572961
786407,0.017615078
786408,0.76566553
786409,0.8573077
786410,0.029769676
786411,0.015710013
786412,0.053680178
786413,0.9955163
786414,0.97815573
786415,0.9031495
786416,0.33210567
786417,0.93582284
786418,0.93812585
786419,0.009356518
786420,0.012398098
786421,0.9972286
786422,0.037343226
786423,0.022218293
786424,0.011641716
786425,0.047908954
786426,0.0059528835
786427,0.07515548
786428,0.5160929
786429,0.09127203
786430,0.042692162
786431,0.1317423
786432,0.028580807
786433,0.02674831
786434,0.7112701
786435,0.03697672
786436,0.9900885
786437,0.0043002274
786438,0.058115833
786439,0.965365
786440,0.8656348
786441,0.15875137
786442,0.10462799
786443,0.06933852
786444,0.99751306
786445,0.9987575
786446,0.44555852
786447,0.9992203
786448,0.9972172
786449,0.9564355
786450,0.096887246
786451,0.008741644
786452,0.20944135
786453,0.9179333
786454,0.040370114
786455,0.25719586
786456,0.0068806647
786457,0.0057817805
786458,0.062487997
786459,0.9779221
786460,0.90500927
786461,0.09889394
786462,0.99882066
786463,0.92615795
786464,0.026424136
786465,0.35268354
786466,0.7113692
786467,0.0067661875
786468,0.028083147
786469,0.023138784
786470,0.96478355
786471,0.0110884365
786472,0.040629607
786473,0.64024377
786474,0.006615144
786475,0.011958492
786476,0.00310722
786477,0.01954024
786478,0.9416732
786479,0.94176066
786480,0.95678234
786481,0.20148876
786482,0.03967177
786483,0.91592216
786484,0.9933855
786485,0.07501066
786486,0.96455747
786487,0.24283597
786488,0.017476141
786489,0.038462125
786490,0.9237715
786491,0.018138627
786492,0.0037783296
786493,0.6233461
786494,0.14226323
786495,0.9327714
786496,0.07303259
786497,0.76212317
786498,0.20538819
786499,0.096910074
786500,0.9855021
786501,0.1317829
786502,0.04108847
786503,0.7405313
786504,0.3088597
786505,0.06643868
786506,0.02212613
786507,0.010979963
786508,0.9635712
786509,0.011211996
786510,0.965508
786511,0.29588774
786512,0.0054926896
786513,0.9254035
786514,0.48431537
786515,0.010568304
786516,0.9979871
786517,0.7909276
786518,0.010905426
786519,0.0043956162
786520,0.01114009
786521,0.87862676
786522,0.9905305
786523,0.0050092083
786524,0.021898208
786525,0.25801888
786526,0.5622978
786527,0.9425371
786528,0.023523463
786529,0.9517092
786530,0.41552687
786531,0.029141204
786532,0.99831593
786533,0.47299555
786534,0.9961475
786535,0.028780095
786536,0.63749003
786537,0.9282465
786538,0.3103907
786539,0.96483386
786540,0.03197445
786541,0.96900743
786542,0.96336436
786543,0.0043110824
786544,0.036527403
786545,0.859157
786546,0.81054676
786547,0.009747994
786548,0.0154433455
786549,0.96753854
786550,0.9499211
786551,0.01799032
786552,0.028732564
786553,0.7783162
786554,0.59354043
786555,0.86157304
786556,0.023523558
786557,0.6552939
786558,0.13260283
786559,0.02059632
786560,0.20487314
786561,0.9798451
786562,0.009981447
786563,0.9742296
786564,0.04954588
786565,0.8331109
786566,0.93532807
786567,0.017488044
786568,0.99777937
786569,0.52065384
786570,0.02972249
786571,0.9690016
786572,0.0073841275
786573,0.9985585
786574,0.040267885
786575,0.43562356
786576,0.45140836
786577,0.15169549
786578,0.024763104
786579,0.029590208
786580,0.9956338
786581,0.06464675
786582,0.06109245
786583,0.13698588
786584,0.77481925
786585,0.553083
786586,0.9462877
786587,0.32796684
786588,0.02429197
786589,0.7328188
786590,0.010442594
786591,0.0052836346
786592,0.99310756
786593,0.12972395
786594,0.06346765
786595,0.3664781
786596,0.3385949
786597,0.9957375
786598,0.9866543
786599,0.9985524
786600,0.9868544
786601,0.15937898
786602,0.9990037
786603,0.44473833
786604,0.97631335
786605,0.010818112
786606,0.039359532
786607,0.1469843
786608,0.9992552
786609,0.057278585
786610,0.9678918
786611,0.026766893
786612,0.9955718
786613,0.97319686
786614,0.017189434
786615,0.6143915
786616,0.026717927
786617,0.94733554
786618,0.012816617
786619,0.8539083
786620,0.9858799
786621,0.26267073
786622,0.24101412
786623,0.1530198
786624,0.9573119
786625,0.3166221
786626,0.697129
786627,0.011704378
786628,0.33331442
786629,0.71375537
786630,0.98189026
786631,0.43610635
786632,0.98775774
786633,0.022668751
786634,0.199972
786635,0.56926125
786636,0.3404194
786637,0.9117075
786638,0.112377
786639,0.37533298
786640,0.1814019
786641,0.45054197
786642,0.21260917
786643,0.0046294993
786644,0.98321843
786645,0.019239336
786646,0.013046948
786647,0.98054075
786648,0.26628932
786649,0.9914378
786650,0.7670148
786651,0.66925955
786652,0.9838198
786653,0.9049131
786654,0.28909183
786655,0.017323367
786656,0.06686501
786657,0.5161749
786658,0.077042505
786659,0.8400065
786660,0.13111757
786661,0.111761734
786662,0.020849656
786663,0.9638498
786664,0.048914067
786665,0.021716842
786666,0.89884984
786667,0.9753938
786668,0.95530075
786669,0.080235936
786670,0.36677212
786671,0.27346933
786672,0.97143865
786673,0.010321359
786674,0.0138901435
786675,0.07566038
786676,0.70725644
786677,0.00691608
786678,0.89651287
786679,0.9979443
786680,0.01957937
786681,0.8703735
786682,0.87008286
786683,0.057890758
786684,0.00085822225
786685,0.14529702
786686,0.99016035
786687,0.0088364035
786688,0.22968835
786689,0.014420643
786690,0.0031146586
786691,0.28232253
786692,0.044691022
786693,0.012763388
786694,0.04116515
786695,0.96406406
786696,0.11970468
786697,0.993467
786698,0.1838576
786699,0.010119689
786700,0.02038964
786701,0.14935048
786702,0.9734898
786703,0.87127745
786704,0.015345802
786705,0.13441567
786706,0.30633825
786707,0.7788363
786708,0.9973655
786709,0.014186396
786710,0.5096536
786711,0.786775
786712,0.078980014
786713,0.0038152456
786714,0.025312923
786715,0.022327218
786716,0.050229803
786717,0.012488298
786718,0.024416056
786719,0.9259172
786720,0.016079595
786721,0.56608737
786722,0.066747874
786723,0.008008853
786724,0.11263649
786725,0.47047886
786726,0.12544633
786727,0.9963797
786728,0.015662957
786729,0.13447009
786730,0.90893495
786731,0.017086096
786732,0.9957394
786733,0.04182638
786734,0.093306124
786735,0.016118683
786736,0.83189964
786737,0.7272794
786738,0.022044312
786739,0.9799386
786740,0.9937986
786741,0.98135096
786742,0.018401802
786743,0.06844424
786744,0.9727336
786745,0.06307203
786746,0.25342315
786747,0.9722816
786748,0.004501521
786749,0.7539793
786750,0.89951646
786751,0.029767485
786752,0.8900571
786753,0.07560536
786754,0.9824817
786755,0.81860256
786756,0.0132441055
786757,0.09689984
786758,0.9996897
786759,0.0435349
786760,0.20367785
786761,0.008265612
786762,0.57438064
786763,0.23581603
786764,0.0063934475
786765,0.018376213
786766,0.9877114
786767,0.007875361
786768,0.5247917
786769,0.038218424
786770,0.94318247
786771,0.24069814
786772,0.9973948
786773,0.68259346
786774,0.9943025
786775,0.017017415
786776,0.9987194
786777,0.07886383
786778,0.9990981
786779,0.97622675
786780,0.016237888
786781,0.31618723
786782,0.9820816
786783,0.69042337
786784,0.037630156
786785,0.2465736
786786,0.800751
786787,0.038846664
786788,0.9075173
786789,0.038799074
786790,0.99681735
786791,0.37977
786792,0.023944505
786793,0.0035945117
786794,0.29983422
786795,0.15510727
786796,0.04557486
786797,0.014987372
786798,0.9777088
786799,0.09905151
786800,0.026693124
786801,0.95654047
786802,0.68091965
786803,0.57914776
786804,0.9962453
786805,0.004000983
786806,0.9658362
786807,0.037539437
786808,0.07663348
786809,0.98822856
786810,0.5843757
786811,0.009489104
786812,0.2437443
786813,0.17340787
786814,0.99157757
786815,0.21313736
786816,0.77292836
786817,0.7442302
786818,0.57712424
786819,0.95793456
786820,0.068487376
786821,0.8732745
786822,0.036504142
786823,0.04893049
786824,0.011293225
786825,0.8587285
786826,0.16333799
786827,0.973538
786828,0.99673855
786829,0.7216259
786830,0.7392135
786831,0.7079593
786832,0.96159387
786833,0.019637799
786834,0.020906791
786835,0.0013676167
786836,0.96444666
786837,0.0049934993
786838,0.98765814
786839,0.34527013
786840,0.9737614
786841,0.073700584
786842,0.9470006
786843,0.9005349
786844,0.97758347
786845,0.47561634
786846,0.07515642
786847,0.63722765
786848,0.034727283
786849,0.88514495
786850,0.07478626
786851,0.973812
786852,0.9882662
786853,0.17536275
786854,0.077154905
786855,0.8760449
786856,0.96191
786857,0.9984692
786858,0.9810391
786859,0.025235578
786860,0.32687107
786861,0.9490771
786862,0.97763157
786863,0.9917236
786864,0.598312
786865,0.06295454
786866,0.057688586
786867,0.3185323
786868,0.75667745
786869,0.75803685
786870,0.8540957
786871,0.01669494
786872,0.016313123
786873,0.9928346
786874,0.002962678
786875,0.11585136
786876,0.036139995
786877,0.99798775
786878,0.9940544
786879,0.043120272
786880,0.01901039
786881,0.4119433
786882,0.00549469
786883,0.113094695
786884,0.041998472
786885,0.32173562
786886,0.94820356
786887,0.101810575
786888,0.029635059
786889,0.2717215
786890,0.0020610597
786891,0.9833552
786892,0.003481878
786893,0.016939372
786894,0.031858243
786895,0.3857264
786896,0.9978499
786897,0.037314966
786898,0.99904346
786899,0.035760716
786900,0.8459402
786901,0.05033216
786902,0.0439097
786903,0.32341945
786904,0.0020639836
786905,0.057119854
786906,0.22680475
786907,0.97882247
786908,0.102912456
786909,0.75404656
786910,0.21644203
786911,0.0160009
786912,0.599457
786913,0.9935182
786914,0.09792044
786915,0.83337915
786916,0.39410627
786917,0.9594192
786918,0.022116857
786919,0.044625565
786920,0.0036608647
786921,0.004400709
786922,0.024245756
786923,0.03811886
786924,0.004761819
786925,0.9617691
786926,0.9467183
786927,0.012586473
786928,0.9978776
786929,0.4073125
786930,0.64859205
786931,0.9524367
786932,0.07947854
786933,0.008031979
786934,0.9484367
786935,0.4127993
786936,0.2522614
786937,0.013015373
786938,0.0078861
786939,0.9892973
786940,0.34517354
786941,0.23121074
786942,0.97001314
786943,0.2357882
786944,0.39006197
786945,0.02613783
786946,0.6185633
786947,0.2484807
786948,0.9763489
786949,0.018567631
786950,0.00761941
786951,0.9567455
786952,0.93943805
786953,0.11521082
786954,0.01733726
786955,0.016465483
786956,0.044427656
786957,0.65458095
786958,0.98739964
786959,0.88075364
786960,0.012062011
786961,0.17185187
786962,0.009093686
786963,0.10412799
786964,0.060450226
786965,0.13738504
786966,0.87860584
786967,0.98615193
786968,0.03291972
786969,0.012926114
786970,0.78387564
786971,0.060761962
786972,0.005960478
786973,0.11347838
786974,0.7352843
786975,0.018494952
786976,0.976093
786977,0.0731905
786978,0.1899764
786979,0.9757191
786980,0.613636
786981,0.9953436
786982,0.2694028
786983,0.76729894
786984,0.16036281
786985,0.9972352
786986,0.8494921
786987,0.025536671
786988,0.97741765
786989,0.9069084
786990,0.9467846
786991,0.13558948
786992,0.54475296
786993,0.40342435
786994,0.373387
786995,0.029073967
786996,0.81965494
786997,0.0398319
786998,0.5248305
786999,0.005901678
787000,0.18964975
787001,0.03421446
787002,0.039697006
787003,0.023025949
787004,0.85138655
787005,0.95472
787006,0.036138196
787007,0.73820055
787008,0.81580603
787009,0.7097479
787010,0.02502608
787011,0.0142620085
787012,0.98919827
787013,0.2916248
787014,0.8326024
787015,0.9477929
787016,0.40959263
787017,0.013357907
787018,0.99034035
787019,0.0028987462
787020,0.13043499
787021,0.049801275
787022,0.0077478765
787023,0.4584461
787024,0.9541912
787025,0.9959375
787026,0.98643714
787027,0.17042527
787028,0.8566282
787029,0.0049172826
787030,0.008873729
787031,0.02374002
787032,0.018747337
787033,0.017462637
787034,0.14363399
787035,0.47388732
787036,0.07325371
787037,0.2926914
787038,0.99478066
787039,0.010129013
787040,0.9970703
787041,0.020275498
787042,0.0112805925
787043,0.99766946
787044,0.056787744
787045,0.9810368
787046,0.03305056
787047,0.96921915
787048,0.06958784
787049,0.96889234
787050,0.0029758872
787051,0.63901913
787052,0.059981577
787053,0.6208625
787054,0.61579007
787055,0.56652457
787056,0.0026680946
787057,0.92138636
787058,0.012257764
787059,0.0064250496
787060,0.1301683
787061,0.8972367
787062,0.9251523
787063,0.025332661
787064,0.066940725
787065,0.9910129
787066,0.06988244
787067,0.9976274
787068,0.9969633
787069,0.95596397
787070,0.42323777
787071,0.5793523
787072,0.019501634
787073,0.6837125
787074,0.02018296
787075,0.086890645
787076,0.29186165
787077,0.08551615
787078,0.97444296
787079,0.040435977
787080,0.07029451
787081,0.014761339
787082,0.91634333
787083,0.58508337
787084,0.018090406
787085,0.16281569
787086,0.95404655
787087,0.8837388
787088,0.10038223
787089,0.008066697
787090,0.06420434
787091,0.16691095
787092,0.012705875
787093,0.008065665
787094,0.025912255
787095,0.022618089
787096,0.9913297
787097,0.6792148
787098,0.0039619333
787099,0.99723214
787100,0.076007836
787101,0.15031338
787102,0.005489145
787103,0.5017451
787104,0.034618556
787105,0.98789537
787106,0.8936195
787107,0.80399704
787108,0.011635348
787109,0.6959366
787110,0.05811014
787111,0.03065692
787112,0.6880866
787113,0.15642318
787114,0.8783726
787115,0.9961553
787116,0.96349376
787117,0.9614531
787118,0.074377365
787119,0.97543263
787120,0.9476038
787121,0.84665966
787122,0.40963715
787123,0.05305166
787124,0.10169475
787125,0.6679828
787126,0.97594655
787127,0.70469576
787128,0.035355046
787129,0.014319622
787130,0.12797986
787131,0.9907075
787132,0.03607528
787133,0.0124743655
787134,0.07545048
787135,0.012978009
787136,0.02791227
787137,0.6061419
787138,0.9979725
787139,0.010676657
787140,0.007119726
787141,0.008927327
787142,0.016885359
787143,0.3725657
787144,0.904073
787145,0.0057187993
787146,0.9303212
787147,0.9850092
787148,0.99721694
787149,0.9244923
787150,0.09251468
787151,0.03582553
787152,0.96335196
787153,0.15853754
787154,0.04729391
787155,0.5611633
787156,0.010700669
787157,0.19301382
787158,0.9803198
787159,0.6827222
787160,0.6970595
787161,0.09678064
787162,0.068044335
787163,0.03749679
787164,0.21846294
787165,0.9912997
787166,0.73887455
787167,0.9105237
787168,0.017336791
787169,0.98146737
787170,0.02522929
787171,0.036904212
787172,0.9745376
787173,0.6381809
787174,0.73002076
787175,0.55389065
787176,0.023001665
787177,0.0149856955
787178,0.98822266
787179,0.8897924
787180,0.73592216
787181,0.9443983
787182,0.91242814
787183,0.034638435
787184,0.910763
787185,0.04083322
787186,0.9743458
787187,0.9276563
787188,0.9592977
787189,0.0045537627
787190,0.7884258
787191,0.13934249
787192,0.005170836
787193,0.031200144
787194,0.99713606
787195,0.9834981
787196,0.089939475
787197,0.45095414
787198,0.045325026
787199,0.0061737252
787200,0.7671117
787201,0.96118855
787202,0.962891
787203,0.9162983
787204,0.46416688
787205,0.31226397
787206,0.9825544
787207,0.010671621
787208,0.030515471
787209,0.023276739
787210,0.26436746
787211,0.015478221
787212,0.028664723
787213,0.99895215
787214,0.61744404
787215,0.023458518
787216,0.16108981
787217,0.24957617
787218,0.9869299
787219,0.041772705
787220,0.58287984
787221,0.010507587
787222,0.010029562
787223,0.914925
787224,0.031583633
787225,0.0032505137
787226,0.7560561
787227,0.012155151
787228,0.02689743
787229,0.578935
787230,0.9754422
787231,0.9876582
787232,0.051939957
787233,0.008312383
787234,0.8575995
787235,0.9748764
787236,0.97891045
787237,0.9672655
787238,0.013249908
787239,0.73949677
787240,0.029370692
787241,0.90440595
787242,0.93063277
787243,0.78197664
787244,0.9924667
787245,0.004712193
787246,0.99659294
787247,0.079976976
787248,0.03529528
787249,0.011244498
787250,0.28911698
787251,0.03923564
787252,0.9914565
787253,0.8969436
787254,0.3292059
787255,0.02462956
787256,0.011679102
787257,0.9985551
787258,0.95891327
787259,0.53960913
787260,0.9766607
787261,0.28469482
787262,0.08378826
787263,0.15523708
787264,0.17169592
787265,0.9041535
787266,0.9979516
787267,0.9758118
787268,0.045604553
787269,0.97712624
787270,0.85955685
787271,0.9688607
787272,0.07241008
787273,0.15396339
787274,0.6859953
787275,0.02220226
787276,0.03316177
787277,0.022734739
787278,0.99613404
787279,0.9483408
787280,0.7437459
787281,0.99828464
787282,0.9837334
787283,0.014665159
787284,0.9876775
787285,0.44298154
787286,0.97635293
787287,0.1191022
787288,0.13195333
787289,0.94247353
787290,0.76785064
787291,0.99250925
787292,0.7863376
787293,0.6668363
787294,0.1879041
787295,0.019250369
787296,0.0029428788
787297,0.97477496
787298,0.40028095
787299,0.956275
787300,0.22679135
787301,0.03532941
787302,0.8991554
787303,0.98682153
787304,0.010285191
787305,0.07115923
787306,0.077862054
787307,0.950821
787308,0.010980108
787309,0.23694667
787310,0.025906667
787311,0.0100633325
787312,0.35618532
787313,0.86269546
787314,0.06668581
787315,0.46536386
787316,0.024697386
787317,0.015874948
787318,0.0032193032
787319,0.9986231
787320,0.99587107
787321,0.037174784
787322,0.9823279
787323,0.15422632
787324,0.02371859
787325,0.96309096
787326,0.030724455
787327,0.008641686
787328,0.99569446
787329,0.76560056
787330,0.14808637
787331,0.016815916
787332,0.04587616
787333,0.036263302
787334,0.757105
787335,0.017672654
787336,0.68868893
787337,0.9585887
787338,0.14129615
787339,0.98199296
787340,0.4972079
787341,0.9995423
787342,0.8157924
787343,0.198942
787344,0.61785
787345,0.022968385
787346,0.027426217
787347,0.8456193
787348,0.40785432
787349,0.012949862
787350,0.7328786
787351,0.7027357
787352,0.046239868
787353,0.008883186
787354,0.8236842
787355,0.97084063
787356,0.071341604
787357,0.014439495
787358,0.8446084
787359,0.019391984
787360,0.0014648932
787361,0.905045
787362,0.020333834
787363,0.99611247
787364,0.9955874
787365,0.71623075
787366,0.4789722
787367,0.22935328
787368,0.97135067
787369,0.025030395
787370,0.1799901
787371,0.1467767
787372,0.93468
787373,0.0041743945
787374,0.9906591
787375,0.0268429
787376,0.9935655
787377,0.11897892
787378,0.9923949
787379,0.016377993
787380,0.9979992
787381,0.021450965
787382,0.98001236
787383,0.5143465
787384,0.050439265
787385,0.9993575
787386,0.9675278
787387,0.9177765
787388,0.9973484
787389,0.82435167
787390,0.04217104
787391,0.9864459
787392,0.8808067
787393,0.06433522
787394,0.023033237
787395,0.01590261
787396,0.9635975
787397,0.5915706
787398,0.003910222
787399,0.5086966
787400,0.039781034
787401,0.031941134
787402,0.04853569
787403,0.15536773
787404,0.017425219
787405,0.9943025
787406,0.08882579
787407,0.0036947038
787408,0.03241081
787409,0.33325535
787410,0.21975487
787411,0.24838613
787412,0.98154926
787413,0.007947336
787414,0.98155534
787415,0.95199895
787416,0.13999662
787417,0.3610516
787418,0.15263493
787419,0.020817693
787420,0.041930966
787421,0.025086826
787422,0.9714378
787423,0.0065785563
787424,0.998361
787425,0.0098245805
787426,0.31863385
787427,0.014334064
787428,0.039240077
787429,0.08932993
787430,0.05437562
787431,0.64062136
787432,0.14564301
787433,0.9919425
787434,0.9797321
787435,0.017208433
787436,0.03446035
787437,0.19418132
787438,0.5816504
787439,0.9848789
787440,0.9292929
787441,0.13013831
787442,0.097689986
787443,0.13469744
787444,0.14378785
787445,0.17538938
787446,0.41394544
787447,0.044432905
787448,0.9992613
787449,0.02688447
787450,0.4265674
787451,0.029246258
787452,0.2840497
787453,0.7350513
787454,0.006780843
787455,0.982704
787456,0.08066139
787457,0.3368865
787458,0.039893355
787459,0.8461466
787460,0.021808144
787461,0.23861597
787462,0.006919153
787463,0.7411989
787464,0.9947655
787465,0.040692363
787466,0.4224308
787467,0.0025888986
787468,0.7764296
787469,0.9527894
787470,0.967119
787471,0.97173107
787472,0.9748982
787473,0.018343601
787474,0.99087894
787475,0.119891815
787476,0.013382677
787477,0.30353624
787478,0.98526716
787479,0.8115116
787480,0.9932656
787481,0.9748272
787482,0.4222991
787483,0.9854531
787484,0.99363935
787485,0.059963353
787486,0.04578853
787487,0.016350854
787488,0.124270454
787489,0.84124833
787490,0.9865948
787491,0.05738727
787492,0.99403536
787493,0.9920497
787494,0.014768238
787495,0.0143175125
787496,0.13829559
787497,0.13392043
787498,0.021578383
787499,0.19701311
787500,0.041432172
787501,0.041929785
787502,0.027334116
787503,0.87767667
787504,0.9971479
787505,0.45674682
787506,0.982438
787507,0.697428
787508,0.9990063
787509,0.059341684
787510,0.6278655
787511,0.058107913
787512,0.03725399
787513,0.055132635
787514,0.9864744
787515,0.25280178
787516,0.72685087
787517,0.97009826
787518,0.06701217
787519,0.12881075
787520,0.67303467
787521,0.24320674
787522,0.0015454832
787523,0.001360185
787524,0.027136253
787525,0.9762224
787526,0.34860566
787527,0.98437923
787528,0.24967848
787529,0.03291329
787530,0.13699327
787531,0.13992906
787532,0.91728157
787533,0.012613667
787534,0.8756356
787535,0.018716369
787536,0.94051075
787537,0.9976249
787538,0.9782673
787539,0.03220916
787540,0.98782265
787541,0.4797756
787542,0.051861096
787543,0.10564585
787544,0.85078216
787545,0.24424607
787546,0.15518814
787547,0.11225303
787548,0.01573802
787549,0.98266387
787550,0.9352664
787551,0.0116375275
787552,0.33641768
787553,0.71635884
787554,0.1982832
787555,0.47199443
787556,0.11972472
787557,0.020010207
787558,0.1978237
787559,0.71034753
787560,0.047811233
787561,0.15727502
787562,0.9948026
787563,0.16371211
787564,0.99883807
787565,0.028769044
787566,0.93744266
787567,0.9640099
787568,0.013646301
787569,0.35678732
787570,0.052593432
787571,0.9966237
787572,0.94057107
787573,0.84501976
787574,0.67047906
787575,0.7611851
787576,0.9802845
787577,0.28841054
787578,0.2204012
787579,0.30124483
787580,0.9202206
787581,0.96095026
787582,0.98547167
787583,0.020749638
787584,0.60854304
787585,0.90014875
787586,0.8390317
787587,0.06835505
787588,0.8870452
787589,0.011475554
787590,0.26978222
787591,0.003223046
787592,0.499191
787593,0.27548197
787594,0.52928704
787595,0.006698458
787596,0.11677611
787597,0.023200521
787598,0.8125659
787599,0.4647552
787600,0.061357982
787601,0.82132304
787602,0.9762323
787603,0.6810787
787604,0.96282196
787605,0.017777458
787606,0.13353956
787607,0.018351426
787608,0.9749148
787609,0.065859266
787610,0.054978665
787611,0.9374203
787612,0.9775649
787613,0.011559944
787614,0.4591001
787615,0.081880935
787616,0.0033408673
787617,0.9715861
787618,0.022294067
787619,0.9743665
787620,0.014915682
787621,0.9133061
787622,0.84440017
787623,0.22612968
787624,0.9953141
787625,0.0069462573
787626,0.99655706
787627,0.16938451
787628,0.022763446
787629,0.025451872
787630,0.9923688
787631,0.96717256
787632,0.17719014
787633,0.013629595
787634,0.9566556
787635,0.66675293
787636,0.004024485
787637,0.03582283
787638,0.1356534
787639,0.009688174
787640,0.008480068
787641,0.2846185
787642,0.7879908
787643,0.39974052
787644,0.003671987
787645,0.19328494
787646,0.9605999
787647,0.017597273
787648,0.0060514566
787649,0.970069
787650,0.06506533
787651,0.95857316
787652,0.40258414
787653,0.9167237
787654,0.9924567
787655,0.37062663
787656,0.96549845
787657,0.3010599
787658,0.11679592
787659,0.83983624
787660,0.02765312
787661,0.92534596
787662,0.19133686
787663,0.112165526
787664,0.9689529
787665,0.001968375
787666,0.9343294
787667,0.0111431405
787668,0.9821216
787669,0.9963702
787670,0.2064865
787671,0.22245616
787672,0.6555806
787673,0.97284704
787674,0.12174615
787675,0.92096347
787676,0.81494373
787677,0.9937351
787678,0.07153008
787679,0.8317828
787680,0.014026616
787681,0.012010647
787682,0.6407596
787683,0.9905565
787684,0.9886587
787685,0.83625275
787686,0.03367044
787687,0.19890055
787688,0.9668489
787689,0.8782082
787690,0.345301
787691,0.9844847
787692,0.67602766
787693,0.84731185
787694,0.03860652
787695,0.87588644
787696,0.012856283
787697,0.99362576
787698,0.8937309
787699,0.9983017
787700,0.172179
787701,0.14790028
787702,0.0027579064
787703,0.41271088
787704,0.03487736
787705,0.8735614
787706,0.2020882
787707,0.028254436
787708,0.7000021
787709,0.15256406
787710,0.9879205
787711,0.9685371
787712,0.013989384
787713,0.8012409
787714,0.7298192
787715,0.16175556
787716,0.8654813
787717,0.20101067
787718,0.9680331
787719,0.9698802
787720,0.16439742
787721,0.9622364
787722,0.012637771
787723,0.36347547
787724,0.36117643
787725,0.04565283
787726,0.98041147
787727,0.034279905
787728,0.84502554
787729,0.0037790718
787730,0.094350696
787731,0.025011975
787732,0.9837917
787733,0.01522729
787734,0.9967787
787735,0.51838565
787736,0.19283034
787737,0.9227129
787738,0.97523487
787739,0.14673407
787740,0.070601076
787741,0.22460245
787742,0.9935111
787743,0.9877374
787744,0.751649
787745,0.2273641
787746,0.96293086
787747,0.040293775
787748,0.9322884
787749,0.27154586
787750,0.48328653
787751,0.67114663
787752,0.6558198
787753,0.9947713
787754,0.78791916
787755,0.9381258
787756,0.08938452
787757,0.9308007
787758,0.15029669
787759,0.13892716
787760,0.94331515
787761,0.8988212
787762,0.5834013
787763,0.16120757
787764,0.0027145431
787765,0.0040382296
787766,0.85082555
787767,0.046213213
787768,0.04175413
787769,0.028833019
787770,0.9886501
787771,0.71517926
787772,0.04017976
787773,0.9272933
787774,0.045375932
787775,0.9985675
787776,0.048810374
787777,0.035857297
787778,0.06913113
787779,0.18298745
787780,0.019008461
787781,0.8394433
787782,0.04845427
787783,0.9915439
787784,0.24321583
787785,0.781589
787786,0.9981903
787787,0.018727954
787788,0.9697332
787789,0.67395
787790,0.8944768
787791,0.04603233
787792,0.052691653
787793,0.9325479
787794,0.112551376
787795,0.8604773
787796,0.17532676
787797,0.86750066
787798,0.053945906
787799,0.38358718
787800,0.008266134
787801,0.074977726
787802,0.9832076
787803,0.9552598
787804,0.2664367
787805,0.049801797
787806,0.1597915
787807,0.9874929
787808,0.041692425
787809,0.16560791
787810,0.029515684
787811,0.099404156
787812,0.37432128
787813,0.009383676
787814,0.998032
787815,0.50200963
787816,0.2712378
787817,0.48746845
787818,0.008268431
787819,0.8818637
787820,0.98884493
787821,0.025261754
787822,0.24328348
787823,0.047959205
787824,0.0044537466
787825,0.014510953
787826,0.024961768
787827,0.98988795
787828,0.9558782
787829,0.005064021
787830,0.9876032
787831,0.38280404
787832,0.0040131956
787833,0.009581428
787834,0.036090747
787835,0.018056972
787836,0.9812662
787837,0.11634733
787838,0.035477504
787839,0.49420768
787840,0.18307422
787841,0.016066281
787842,0.013925593
787843,0.13194798
787844,0.00096184807
787845,0.011611901
787846,0.5279151
787847,0.026317863
787848,0.010064786
787849,0.0070243864
787850,0.98072207
787851,0.07724977
787852,0.008506933
787853,0.53836936
787854,0.031243013
787855,0.76380956
787856,0.013610956
787857,0.999318
787858,0.016206283
787859,0.9380362
787860,0.071412586
787861,0.07983208
787862,0.021002626
787863,0.06428178
787864,0.010118599
787865,0.014639225
787866,0.8831761
787867,0.031032547
787868,0.0070296284
787869,0.008503897
787870,0.5171534
787871,0.99784076
787872,0.95113915
787873,0.9981749
787874,0.012427634
787875,0.9909628
787876,0.273492
787877,0.07040777
787878,0.0038777902
787879,0.13174137
787880,0.02614497
787881,0.3724982
787882,0.084725566
787883,0.8889961
787884,0.99425817
787885,0.04740604
787886,0.78293
787887,0.9709795
787888,0.6505955
787889,0.99055797
787890,0.99281967
787891,0.13363524
787892,0.3591717
787893,0.9708921
787894,0.0674158
787895,0.98868424
787896,0.015163651
787897,0.9605478
787898,0.8303755
787899,0.99408674
787900,0.015071668
787901,0.020000206
787902,0.98915035
787903,0.87747717
787904,0.13322785
787905,0.99363995
787906,0.011393597
787907,0.035691902
787908,0.91088337
787909,0.010820683
787910,0.7275201
787911,0.98762286
787912,0.9247802
787913,0.7354334
787914,0.99305296
787915,0.8108456
787916,0.9990883
787917,0.0073962873
787918,0.36336276
787919,0.9669066
787920,0.24851216
787921,0.021246914
787922,0.70746624
787923,0.32693312
787924,0.004937912
787925,0.14196405
787926,0.9002757
787927,0.9310671
787928,0.98521906
787929,0.14043672
787930,0.031241875
787931,0.018137636
787932,0.030555915
787933,0.84281546
787934,0.008447415
787935,0.06935185
787936,0.84764165
787937,0.113016345
787938,0.6018069
787939,0.7460175
787940,0.043830477
787941,0.17335925
787942,0.04775711
787943,0.21001919
787944,0.007413795
787945,0.053695135
787946,0.2226589
787947,0.003390097
787948,0.9495024
787949,0.03093124
787950,0.6300979
787951,0.012822823
787952,0.056229755
787953,0.02121016
787954,0.7091594
787955,0.03962826
787956,0.59095633
787957,0.050155208
787958,0.92653877
787959,0.86921966
787960,0.0028460394
787961,0.07961432
787962,0.017312024
787963,0.9895946
787964,0.74547684
787965,0.054079186
787966,0.937343
787967,0.026714237
787968,0.9900893
787969,0.95824194
787970,0.029387154
787971,0.9814798
787972,0.026448209
787973,0.9028911
787974,0.9835806
787975,0.9938177
787976,0.11773245
787977,0.4008902
787978,0.7546343
787979,0.99360514
787980,0.26907578
787981,0.8644389
787982,0.10556361
787983,0.024641978
787984,0.5144799
787985,0.8069422
787986,0.9899731
787987,0.97679025
787988,0.004628285
787989,0.42832598
787990,0.011095968
787991,0.5637148
787992,0.9661962
787993,0.06937925
787994,0.049901925
787995,0.029107913
787996,0.4168438
787997,0.93623537
787998,0.5352448
787999,0.98585665
788000,0.018200276
788001,0.016559443
788002,0.9307503
788003,0.9979556
788004,0.95891035
788005,0.018963024
788006,0.038830888
788007,0.009474479
788008,0.9196205
788009,0.9918603
788010,0.9215724
788011,0.9990572
788012,0.007282978
788013,0.044333078
788014,0.9096458
788015,0.98073244
788016,0.06805384
788017,0.022771664
788018,0.7277627
788019,0.95890224
788020,0.022509618
788021,0.0038355626
788022,0.05036933
788023,0.010393882
788024,0.034922022
788025,0.013268718
788026,0.04003086
788027,0.9890294
788028,0.16243953
788029,0.032567464
788030,0.98433566
788031,0.0033004847
788032,0.0027091666
788033,0.028592397
788034,0.018193483
788035,0.58729476
788036,0.9213481
788037,0.041172076
788038,0.110209405
788039,0.22458607
788040,0.024857588
788041,0.9967943
788042,0.67715013
788043,0.7885268
788044,0.6968939
788045,0.077740565
788046,0.10670437
788047,0.23171136
788048,0.99413323
788049,0.997553
788050,0.99822164
788051,0.72788584
788052,0.25870252
788053,0.04052621
788054,0.087595426
788055,0.002434391
788056,0.9993905
788057,0.010068496
788058,0.980922
788059,0.45295644
788060,0.108036734
788061,0.93957436
788062,0.008873225
788063,0.052003704
788064,0.9579697
788065,0.7320713
788066,0.043383095
788067,0.94488937
788068,0.019930383
788069,0.21118134
788070,0.98531896
788071,0.021389298
788072,0.2555264
788073,0.099080704
788074,0.7593101
788075,0.99332446
788076,0.99369526
788077,0.013689845
788078,0.5672752
788079,0.035662107
788080,0.06742677
788081,0.14733504
788082,0.016757583
788083,0.029006623
788084,0.84401906
788085,0.053434514
788086,0.478052
788087,0.98944867
788088,0.8100901
788089,0.117205665
788090,0.9980567
788091,0.87682307
788092,0.46917963
788093,0.14178419
788094,0.907536
788095,0.9974314
788096,0.2187106
788097,0.6367817
788098,0.99087024
788099,0.5389992
788100,0.40820187
788101,0.45664063
788102,0.03884206
788103,0.10243814
788104,0.10222722
788105,0.2249181
788106,0.9985027
788107,0.16508755
788108,0.95857704
788109,0.9414875
788110,0.007221001
788111,0.09704992
788112,0.004863669
788113,0.90994936
788114,0.70958847
788115,0.91312313
788116,0.15541798
788117,0.018909713
788118,0.15732655
788119,0.27395272
788120,0.024803812
788121,0.9259473
788122,0.743786
788123,0.018446676
788124,0.13291927
788125,0.9863727
788126,0.9963261
788127,0.2885937
788128,0.027248258
788129,0.44066682
788130,0.0075141783
788131,0.9502518
788132,0.1241161
788133,0.09484774
788134,0.9925269
788135,0.017953964
788136,0.018796582
788137,0.043028474
788138,0.9760916
788139,0.9551039
788140,0.98632133
788141,0.9916942
788142,0.09653923
788143,0.6456889
788144,0.8924445
788145,0.87349904
788146,0.20896351
788147,0.1384874
788148,0.1585306
788149,0.9844757
788150,0.21698329
788151,0.16560185
788152,0.061762042
788153,0.995315
788154,0.02925648
788155,0.09421368
788156,0.5356351
788157,0.038572684
788158,0.87429094
788159,0.34184003
788160,0.1723583
788161,0.9931449
788162,0.02634685
788163,0.066399604
788164,0.70514494
788165,0.013725942
788166,0.06822744
788167,0.022857267
788168,0.06697632
788169,0.11567795
788170,0.01053069
788171,0.0056761755
788172,0.9995711
788173,0.04194544
788174,0.5311125
788175,0.40035814
788176,0.92653954
788177,0.017326072
788178,0.7434319
788179,0.026705189
788180,0.011994657
788181,0.9736311
788182,0.1467498
788183,0.8542388
788184,0.9679144
788185,0.06811503
788186,0.007985178
788187,0.8465196
788188,0.9378482
788189,0.008276524
788190,0.6308907
788191,0.015970431
788192,0.04844508
788193,0.044361643
788194,0.9868866
788195,0.7469242
788196,0.09665498
788197,0.9924092
788198,0.029479178
788199,0.030460665
788200,0.3359465
788201,0.99750984
788202,0.9897218
788203,0.9947534
788204,0.0770022
788205,0.35044608
788206,0.13300821
788207,0.95250976
788208,0.90460885
788209,0.889723
788210,0.013799498
788211,0.022602497
788212,0.96283257
788213,0.960814
788214,0.9895795
788215,0.030877775
788216,0.014044915
788217,0.020882038
788218,0.8913734
788219,0.0076332893
788220,0.01407008
788221,0.115541376
788222,0.011716033
788223,0.9311274
788224,0.7443264
788225,0.82820314
788226,0.78018695
788227,0.8978037
788228,0.87588596
788229,0.9205218
788230,0.7705288
788231,0.7452955
788232,0.23588517
788233,0.08834406
788234,0.11845097
788235,0.35835007
788236,0.1281302
788237,0.010886499
788238,0.01919128
788239,0.52995825
788240,0.6197714
788241,0.9625135
788242,0.99648803
788243,0.36521763
788244,0.91590166
788245,0.0024682977
788246,0.9825587
788247,0.90112233
788248,0.08638936
788249,0.89024913
788250,0.2563663
788251,0.02613466
788252,0.9949707
788253,0.041685004
788254,0.99246705
788255,0.9500303
788256,0.01784629
788257,0.10370889
788258,0.89968574
788259,0.18712726
788260,0.9958339
788261,0.5747289
788262,0.97194207
788263,0.01821355
788264,0.9845536
788265,0.94216126
788266,0.040561173
788267,0.99765944
788268,0.9589065
788269,0.2334747
788270,0.22415799
788271,0.99265546
788272,0.93141305
788273,0.8641951
788274,0.12936002
788275,0.9789393
788276,0.28997013
788277,0.9312764
788278,0.86202836
788279,0.0069790613
788280,0.13290025
788281,0.98386425
788282,0.83424425
788283,0.995714
788284,0.17364842
788285,0.92748046
788286,0.22552836
788287,0.594803
788288,0.8979968
788289,0.99462557
788290,0.9873344
788291,0.60181105
788292,0.77719855
788293,0.87986207
788294,0.98285794
788295,0.027436644
788296,0.019002188
788297,0.46589655
788298,0.041006487
788299,0.33093607
788300,0.9786358
788301,0.98047674
788302,0.7252306
788303,0.72141945
788304,0.9523878
788305,0.96066266
788306,0.53523344
788307,0.00040513527
788308,0.017341256
788309,0.89414006
788310,0.09814987
788311,0.99796635
788312,0.63470006
788313,0.3187759
788314,0.008376075
788315,0.12222529
788316,0.994715
788317,0.9860374
788318,0.9979476
788319,0.75421876
788320,0.003405034
788321,0.04241259
788322,0.0049598976
788323,0.04175436
788324,0.0069267093
788325,0.52842635
788326,0.600229
788327,0.007252753
788328,0.49836093
788329,0.29614294
788330,0.98078907
788331,0.6179477
788332,0.727762
788333,0.95069695
788334,0.8534981
788335,0.98849463
788336,0.9848236
788337,0.004261542
788338,0.043674864
788339,0.09996093
788340,0.78128153
788341,0.9191044
788342,0.0138505865
788343,0.97281504
788344,0.10258925
788345,0.6856855
788346,0.045274563
788347,0.044634085
788348,0.96703815
788349,0.9718457
788350,0.30020982
788351,0.9794491
788352,0.8443869
788353,0.7751127
788354,0.015780661
788355,0.9961533
788356,0.0052690012
788357,0.20349766
788358,0.014142445
788359,0.02202964
788360,0.041152373
788361,0.98941773
788362,0.08371155
788363,0.03238213
788364,0.82554096
788365,0.98242575
788366,0.0023106884
788367,0.7937725
788368,0.16896762
788369,0.06330017
788370,0.063713826
788371,0.99729264
788372,0.0121943075
788373,0.03338185
788374,0.009913798
788375,0.0114026815
788376,0.99828327
788377,0.508193
788378,0.09715317
788379,0.0035358786
788380,0.975622
788381,0.077611
788382,0.017262552
788383,0.9956264
788384,0.7968507
788385,0.58955276
788386,0.045365255
788387,0.20988287
788388,0.007925504
788389,0.6625881
788390,0.9885445
788391,0.029640341
788392,0.9444811
788393,0.03265018
788394,0.005641399
788395,0.92302525
788396,0.9938452
788397,0.10288121
788398,0.0072326604
788399,0.9946401
788400,0.98223114
788401,0.0023423259
788402,0.017975232
788403,0.015226591
788404,0.9979295
788405,0.04790302
788406,0.93925625
788407,0.99677867
788408,0.9321187
788409,0.026279721
788410,0.7743568
788411,0.9269217
788412,0.82614976
788413,0.98344725
788414,0.63590825
788415,0.98105776
788416,0.34587064
788417,0.109019406
788418,0.003167416
788419,0.0144223645
788420,0.032245833
788421,0.93448645
788422,0.026697662
788423,0.9990252
788424,0.9537252
788425,0.0069663385
788426,0.30284408
788427,0.9492563
788428,0.011782691
788429,0.01986506
788430,0.9813527
788431,0.6298512
788432,0.26392817
788433,0.048856214
788434,0.18691693
788435,0.9456208
788436,0.9862872
788437,0.9364603
788438,0.9822879
788439,0.9789567
788440,0.9804277
788441,0.24798815
788442,0.29200393
788443,0.99812245
788444,0.9216484
788445,0.056186937
788446,0.18344253
788447,0.99637085
788448,0.0051975017
788449,0.98032147
788450,0.011203195
788451,0.98253727
788452,0.99699783
788453,0.103740185
788454,0.76463884
788455,0.9964057
788456,0.13286762
788457,0.008940701
788458,0.24744359
788459,0.89620554
788460,0.02700747
788461,0.07420425
788462,0.9273827
788463,0.036349274
788464,0.87394166
788465,0.7821169
788466,0.0037196437
788467,0.0012587698
788468,0.26292324
788469,0.02644008
788470,0.027681204
788471,0.004482173
788472,0.2009565
788473,0.9625333
788474,0.9941868
788475,0.049015053
788476,0.6112183
788477,0.9932356
788478,0.0053252666
788479,0.005853754
788480,0.06316278
788481,0.97935164
788482,0.2225042
788483,0.0025512567
788484,0.9712855
788485,0.98382103
788486,0.9685043
788487,0.86627316
788488,0.016461637
788489,0.987913
788490,0.043854542
788491,0.006906679
788492,0.007714426
788493,0.07445027
788494,0.9977655
788495,0.9954212
788496,0.9436585
788497,0.035120364
788498,0.08956315
788499,0.009465862
788500,0.8070927
788501,0.9872626
788502,0.9806188
788503,0.998636
788504,0.88428515
788505,0.91940284
788506,0.86830103
788507,0.1158289
788508,0.9254471
788509,0.0045712963
788510,0.9687882
788511,0.006168464
788512,0.040923588
788513,0.2292013
788514,0.045755066
788515,0.9530263
788516,0.74962133
788517,0.44047093
788518,0.47626823
788519,0.019842274
788520,0.91451454
788521,0.11219147
788522,0.040710613
788523,0.8022261
788524,0.9016429
788525,0.019083917
788526,0.018030107
788527,0.3945059
788528,0.9984528
788529,0.9481428
788530,0.20861086
788531,0.03739684
788532,0.60697657
788533,0.019356448
788534,0.015217783
788535,0.36876503
788536,0.007782261
788537,0.91045785
788538,0.8716042
788539,0.2135265
788540,0.9973836
788541,0.8361643
788542,0.91169703
788543,0.9943531
788544,0.047757868
788545,0.012975782
788546,0.9175626
788547,0.013108531
788548,0.59879494
788549,0.35711938
788550,0.07974671
788551,0.27802005
788552,0.44572067
788553,0.68508697
788554,0.103285745
788555,0.8269881
788556,0.03086586
788557,0.09709081
788558,0.008683161
788559,0.08332868
788560,0.9750388
788561,0.018507794
788562,0.99702847
788563,0.10275122
788564,0.08477726
788565,0.97501874
788566,0.9087034
788567,0.026929436
788568,0.9409266
788569,0.008246456
788570,0.95669776
788571,0.005457797
788572,0.009809533
788573,0.7728865
788574,0.97117233
788575,0.87471664
788576,0.017278973
788577,0.9558642
788578,0.47821146
788579,0.010838944
788580,0.051055327
788581,0.19165653
788582,0.24026807
788583,0.035378315
788584,0.99166197
788585,0.9720611
788586,0.8808499
788587,0.013039017
788588,0.08621713
788589,0.97301674
788590,0.19466148
788591,0.021536415
788592,0.03680722
788593,0.9333566
788594,0.053974204
788595,0.14791468
788596,0.93757087
788597,0.037910435
788598,0.9880176
788599,0.97846586
788600,0.008031613
788601,0.95033765
788602,0.9724898
788603,0.34410453
788604,0.06780499
788605,0.016265418
788606,0.6736243
788607,0.9137611
788608,0.9687875
788609,0.010313845
788610,0.011338989
788611,0.25769913
788612,0.72292686
788613,0.9958645
788614,0.8257726
788615,0.107451886
788616,0.9928129
788617,0.014517622
788618,0.0072236285
788619,0.8601071
788620,0.7899459
788621,0.9768284
788622,0.080070704
788623,0.07916643
788624,0.62394524
788625,0.07760105
788626,0.15164292
788627,0.9912239
788628,0.93485254
788629,0.9911591
788630,0.07745712
788631,0.92473173
788632,0.47449625
788633,0.068953395
788634,0.13610965
788635,0.00040933187
788636,0.015456258
788637,0.004911761
788638,0.16372037
788639,0.9925143
788640,0.8056598
788641,0.94481075
788642,0.9968015
788643,0.39689392
788644,0.011687363
788645,0.9942914
788646,0.0050575603
788647,0.17962775
788648,0.022407288
788649,0.9410385
788650,0.11832553
788651,0.9936045
788652,0.14058018
788653,0.018731322
788654,0.28025454
788655,0.77594775
788656,0.1245815
788657,0.020655982
788658,0.02221169
788659,0.9899841
788660,0.022724025
788661,0.0065345666
788662,0.95196927
788663,0.26661283
788664,0.034160096
788665,0.007208038
788666,0.06780605
788667,0.9214128
788668,0.48922098
788669,0.14795363
788670,0.64454275
788671,0.2695397
788672,0.22594059
788673,0.023705874
788674,0.052843884
788675,0.009341186
788676,0.0062971385
788677,0.9848175
788678,0.021017652
788679,0.99425876
788680,0.0166664
788681,0.60429955
788682,0.8809661
788683,0.0368895
788684,0.08983773
788685,0.34047753
788686,0.99920803
788687,0.48592025
788688,0.008365924
788689,0.67845416
788690,0.108796194
788691,0.017870588
788692,0.9926263
788693,0.014504684
788694,0.26239043
788695,0.45600912
788696,0.036390465
788697,0.42992496
788698,0.053396113
788699,0.09423943
788700,0.9995173
788701,0.96197295
788702,0.90485966
788703,0.90909886
788704,0.051946647
788705,0.015661567
788706,0.50436187
788707,0.17188318
788708,0.7134601
788709,0.9872491
788710,0.019121971
788711,0.9961875
788712,0.9990932
788713,0.004270247
788714,0.2000997
788715,0.0058592446
788716,0.006994455
788717,0.86305296
788718,0.040922016
788719,0.9582539
788720,0.030778658
788721,0.014506327
788722,0.1641672
788723,0.0935715
788724,0.007940301
788725,0.9721492
788726,0.0033224863
788727,0.98218584
788728,0.1142397
788729,0.280014
788730,0.17529905
788731,0.035132978
788732,0.011847995
788733,0.018553343
788734,0.0907013
788735,0.035982423
788736,0.43834427
788737,0.044804506
788738,0.9898176
788739,0.87077117
788740,0.6367553
788741,0.042569734
788742,0.41191262
788743,0.047071755
788744,0.9637436
788745,0.093212605
788746,0.87209076
788747,0.7384122
788748,0.058676496
788749,0.014041816
788750,0.9200882
788751,0.009750814
788752,0.0058752294
788753,0.078172654
788754,0.045168243
788755,0.7564572
788756,0.5202129
788757,0.05375042
788758,0.12464918
788759,0.96307504
788760,0.0630509
788761,0.012341194
788762,0.002855796
788763,0.9683736
788764,0.76717865
788765,0.751813
788766,0.28389704
788767,0.52384126
788768,0.032325443
788769,0.24437195
788770,0.29454854
788771,0.95078933
788772,0.9145082
788773,0.16486311
788774,0.36247265
788775,0.002466635
788776,0.99798965
788777,0.5398066
788778,0.9438051
788779,0.15745175
788780,0.08568706
788781,0.025187064
788782,0.13305917
788783,0.26336417
788784,0.20647168
788785,0.998479
788786,0.5330568
788787,0.99056756
788788,0.18584283
788789,0.9809301
788790,0.9247787
788791,0.009542486
788792,0.18922502
788793,0.011284085
788794,0.07057261
788795,0.9901326
788796,0.9765073
788797,0.99466026
788798,0.01690016
788799,0.028442493
788800,0.09998357
788801,0.8901001
788802,0.98881245
788803,0.058897827
788804,0.17455438
788805,0.013050815
788806,0.0628018
788807,0.1932576
788808,0.051807664
788809,0.7318659
788810,0.211889
788811,0.47337756
788812,0.0514454
788813,0.012179697
788814,0.3759781
788815,0.91344774
788816,0.7602291
788817,0.19954483
788818,0.8622278
788819,0.7249032
788820,0.031891637
788821,0.03455732
788822,0.0016693271
788823,0.9496032
788824,0.02678184
788825,0.005673115
788826,0.66511405
788827,0.9959221
788828,0.97300303
788829,0.71397084
788830,0.99343514
788831,0.57946557
788832,0.95430475
788833,0.11830777
788834,0.001180839
788835,0.05556776
788836,0.19779703
788837,0.9647609
788838,0.20746836
788839,0.98169506
788840,0.37069464
788841,0.99974173
788842,0.050399944
788843,0.8766375
788844,0.6187049
788845,0.0013127576
788846,0.94082266
788847,0.8113152
788848,0.009883583
788849,0.01289083
788850,0.12263763
788851,0.7363809
788852,0.6646769
788853,0.9523767
788854,0.015151761
788855,0.023420677
788856,0.97540873
788857,0.13897431
788858,0.24824241
788859,0.025954733
788860,0.13366218
788861,0.93311673
788862,0.12942572
788863,0.0026413235
788864,0.97843856
788865,0.058175594
788866,0.8735346
788867,0.008039386
788868,0.8415967
788869,0.7251961
788870,0.251715
788871,0.014264881
788872,0.7740917
788873,0.060295615
788874,0.15803121
788875,0.85363984
788876,0.9961087
788877,0.03750152
788878,0.7471826
788879,0.9984152
788880,0.89227057
788881,0.8955637
788882,0.023774356
788883,0.02169918
788884,0.8383044
788885,0.15198702
788886,0.8055355
788887,0.8491714
788888,0.069020465
788889,0.012128984
788890,0.9830796
788891,0.7296785
788892,0.9098804
788893,0.004001852
788894,0.9975654
788895,0.73891497
788896,0.98728573
788897,0.01182133
788898,0.23390196
788899,0.055171106
788900,0.042119954
788901,0.10752256
788902,0.14737894
788903,0.8968358
788904,0.9818491
788905,0.42163903
788906,0.023445519
788907,0.060117368
788908,0.98482376
788909,0.03363388
788910,0.03497566
788911,0.38886353
788912,0.57002276
788913,0.046525545
788914,0.009879071
788915,0.023396
788916,0.098986425
788917,0.097433195
788918,0.018919282
788919,0.479888
788920,0.4189459
788921,0.99422693
788922,0.56498855
788923,0.21040228
788924,0.06409956
788925,0.98635924
788926,0.117480576
788927,0.22723553
788928,0.9969934
788929,0.99333036
788930,0.97632426
788931,0.94055283
788932,0.24903008
788933,0.0036298602
788934,0.9956798
788935,0.9153076
788936,0.90084845
788937,0.04934814
788938,0.1522741
788939,0.9948965
788940,0.67439646
788941,0.20256849
788942,0.01376223
788943,0.9997011
788944,0.81279063
788945,0.9962945
788946,0.32674503
788947,0.737635
788948,0.018406697
788949,0.03692758
788950,0.4613219
788951,0.0057181935
788952,0.6449201
788953,0.0028357366
788954,0.007908675
788955,0.020702738
788956,0.03296194
788957,0.9592529
788958,0.008728985
788959,0.9464183
788960,0.96723646
788961,0.8564409
788962,0.65937644
788963,0.038170632
788964,0.009553321
788965,0.9913748
788966,0.064217456
788967,0.9826181
788968,0.4483035
788969,0.238581
788970,0.99462193
788971,0.003564082
788972,0.98421943
788973,0.010540482
788974,0.0057560634
788975,0.017519213
788976,0.013965511
788977,0.0047158273
788978,0.33629468
788979,0.014060061
788980,0.0942648
788981,0.035185434
788982,0.60475224
788983,0.7222128
788984,0.6773336
788985,0.44364452
788986,0.035367362
788987,0.38251615
788988,0.005829192
788989,0.7156139
788990,0.99472517
788991,0.022160107
788992,0.12407993
788993,0.9742457
788994,0.04610197
788995,0.029227782
788996,0.9976635
788997,0.47537747
788998,0.009543674
788999,0.042959996
789000,0.9404936
789001,0.99802244
789002,0.032163106
789003,0.097467974
789004,0.015204107
789005,0.14164914
789006,0.9988911
789007,0.09051654
789008,0.55472785
789009,0.98029566
789010,0.022999175
789011,0.436036
789012,0.015003122
789013,0.0745754
789014,0.6068752
789015,0.9862229
789016,0.051795535
789017,0.96758735
789018,0.58438593
789019,0.21128324
789020,0.062375683
789021,0.06377917
789022,0.31952906
789023,0.0075595123
789024,0.6174523
789025,0.9868727
789026,0.8457453
789027,0.0061219507
789028,0.7434651
789029,0.05051963
789030,0.8002167
789031,0.0065185903
789032,0.54492825
789033,0.8479671
789034,0.029533511
789035,0.99532276
789036,0.96204746
789037,0.006567214
789038,0.21085887
789039,0.045301378
789040,0.0068659545
789041,0.99636173
789042,0.00713446
789043,0.0066046095
789044,0.093356095
789045,0.04143363
789046,0.82012653
789047,0.80063385
789048,0.0075041996
789049,0.8952457
789050,0.2284637
789051,0.9863779
789052,0.06377205
789053,0.15160324
789054,0.16160332
789055,0.042379938
789056,0.97688997
789057,0.10624038
789058,0.0034340657
789059,0.167144
789060,0.08448939
789061,0.41565064
789062,0.031745516
789063,0.010749008
789064,0.05084597
789065,0.96648794
789066,0.9953952
789067,0.24343354
789068,0.041043848
789069,0.5654281
789070,0.101541094
789071,0.014912141
789072,0.03692575
789073,0.055311635
789074,0.96794933
789075,0.99498445
789076,0.9286077
789077,0.43125919
789078,0.78595537
789079,0.8698218
789080,0.012687808
789081,0.08587748
789082,0.995092
789083,0.057750575
789084,0.41192624
789085,0.12985054
789086,0.035157956
789087,0.051344343
789088,0.7512238
789089,0.4225481
789090,0.9798043
789091,0.030340899
789092,0.60964483
789093,0.84774584
789094,0.07718273
789095,0.7009473
789096,0.0062763346
789097,0.9965766
789098,0.9114763
789099,0.009114741
789100,0.10046395
789101,0.10859401
789102,0.91002166
789103,0.16942129
789104,0.9610506
789105,0.013246231
789106,0.9987389
789107,0.9994426
789108,0.31879282
789109,0.035168707
789110,0.08240312
789111,0.007003051
789112,0.99600565
789113,0.7108754
789114,0.71012616
789115,0.012587847
789116,0.9378639
789117,0.19958323
789118,0.004863061
789119,0.99645716
789120,0.0045298357
789121,0.965763
789122,0.90999025
789123,0.21862893
789124,0.95669323
789125,0.0030892086
789126,0.98110354
789127,0.018360512
789128,0.09788215
789129,0.47575444
789130,0.65822035
789131,0.9860153
789132,0.742239
789133,0.9959918
789134,0.031457208
789135,0.99952596
789136,0.0011077031
789137,0.26492447
789138,0.004142201
789139,0.2653696
789140,0.044012815
789141,0.0043713814
789142,0.057696573
789143,0.9960731
789144,0.04516265
789145,0.90750724
789146,0.8845416
789147,0.04407149
789148,0.16973585
789149,0.89910036
789150,0.13124365
789151,0.99577785
789152,0.054099873
789153,0.21186249
789154,0.9795043
789155,0.56253284
789156,0.9646702
789157,0.012139612
789158,0.03194932
789159,0.023093773
789160,0.045356408
789161,0.07719144
789162,0.006593132
789163,0.93091035
789164,0.61750436
789165,0.8654633
789166,0.050745234
789167,0.000979532
789168,0.024633646
789169,0.033518285
789170,0.9531175
789171,0.22195575
789172,0.95809823
789173,0.959452
789174,0.989737
789175,0.26820058
789176,0.9917073
789177,0.087009154
789178,0.68739414
789179,0.99835134
789180,0.0070625385
789181,0.007129783
789182,0.02599537
789183,0.0014755941
789184,0.0068561947
789185,0.16509831
789186,0.80447304
789187,0.12657018
789188,0.013281783
789189,0.98123276
789190,0.013398836
789191,0.031305995
789192,0.99293697
789193,0.84221655
789194,0.013288425
789195,0.022598363
789196,0.8523594
789197,0.023278985
789198,0.9913942
789199,0.016061747
789200,0.99247825
789201,0.044242352
789202,0.107746735
789203,0.9967853
789204,0.76573706
789205,0.7191919
789206,0.008421038
789207,0.02009738
789208,0.44357175
789209,0.950529
789210,0.030839013
789211,0.9868989
789212,0.77100736
789213,0.17766987
789214,0.97014135
789215,0.021463396
789216,0.9967379
789217,0.034636244
789218,0.96916986
789219,0.98411095
789220,0.98508894
789221,0.05415129
789222,0.696657
789223,0.05617056
789224,0.98919535
789225,0.044917747
789226,0.9223584
789227,0.01455032
789228,0.55664647
789229,0.10747132
789230,0.4783764
789231,0.9929364
789232,0.99646497
789233,0.9898962
789234,0.031219067
789235,0.9162735
789236,0.0627578
789237,0.97515464
789238,0.047012858
789239,0.008704495
789240,0.82911503
789241,0.04582711
789242,0.6846634
789243,0.974656
789244,0.6065738
789245,0.45986092
789246,0.15458858
789247,0.7459786
789248,0.9954111
789249,0.9716917
789250,0.9812872
789251,0.031851135
789252,0.023510717
789253,0.018553179
789254,0.980679
789255,0.98317915
789256,0.032157246
789257,0.022730283
789258,0.84010917
789259,0.009739666
789260,0.9770411
789261,0.97108454
789262,0.908479
789263,0.95024747
789264,0.101419516
789265,0.9780251
789266,0.09680998
789267,0.508644
789268,0.034710348
789269,0.012857008
789270,0.011026926
789271,0.38391292
789272,0.9833138
789273,0.7834728
789274,0.82897174
789275,0.9933448
789276,0.17127971
789277,0.30259684
789278,0.034059584
789279,0.86691874
789280,0.9956581
789281,0.01926608
789282,0.04932069
789283,0.9918825
789284,0.4265015
789285,0.0882785
789286,0.01786286
789287,0.18423375
789288,0.051412437
789289,0.24639307
789290,0.020702222
789291,0.86079675
789292,0.9758279
789293,0.9575923
789294,0.9228391
789295,0.9928359
789296,0.9967954
789297,0.47878948
789298,0.0033452355
789299,0.9949858
789300,0.021283345
789301,0.8985092
789302,0.9373502
789303,0.4664607
789304,0.36613286
789305,0.9941013
789306,0.025659215
789307,0.0061364644
789308,0.9520447
789309,0.027075714
789310,0.90182346
789311,0.042648155
789312,0.046676382
789313,0.9113621
789314,0.118063375
789315,0.81666774
789316,0.11286211
789317,0.97628427
789318,0.94853276
789319,0.091995716
789320,0.073403314
789321,0.2985009
789322,0.09975623
789323,0.71793705
789324,0.992856
789325,0.6546473
789326,0.83387965
789327,0.07339618
789328,0.69856274
789329,0.70723593
789330,0.83293927
789331,0.15973228
789332,0.12441307
789333,0.008060455
789334,0.08985014
789335,0.042648513
789336,0.1638731
789337,0.21151903
789338,0.0031221253
789339,0.92482257
789340,0.7961133
789341,0.7674457
789342,0.95299387
789343,0.35939917
789344,0.06123902
789345,0.95945954
789346,0.83439386
789347,0.001724063
789348,0.06753075
789349,0.018642545
789350,0.95063686
789351,0.9822186
789352,0.008253545
789353,0.99094045
789354,0.009056372
789355,0.9936871
789356,0.97904056
789357,0.015516497
789358,0.30571973
789359,0.0008890934
789360,0.5120046
789361,0.017771497
789362,0.0015362625
789363,0.8922446
789364,0.99063283
789365,0.9504359
789366,0.06285637
789367,0.42995873
789368,0.96516585
789369,0.95064497
789370,0.7804061
789371,0.06509259
789372,0.07424321
789373,0.81002307
789374,0.9935487
789375,0.63451225
789376,0.8816829
789377,0.13070852
789378,0.8841758
789379,0.9219839
789380,0.26947957
789381,0.89076376
789382,0.91647214
789383,0.0029525326
789384,0.24134362
789385,0.1698689
789386,0.5500679
789387,0.08697011
789388,0.013974439
789389,0.9641137
789390,0.042456724
789391,0.8928023
789392,0.0030590198
789393,0.9200912
789394,0.3963294
789395,0.11446093
789396,0.0151676135
789397,0.9878743
789398,0.010468046
789399,0.38735414
789400,0.98243994
789401,0.93554276
789402,0.007455797
789403,0.24808729
789404,0.9238956
789405,0.0020301621
789406,0.014912773
789407,0.5050446
789408,0.0495689
789409,0.013241456
789410,0.98484206
789411,0.11260727
789412,0.9942141
789413,0.7510803
789414,0.21099015
789415,0.009294447
789416,0.93853873
789417,0.80772287
789418,0.9745724
789419,0.09552587
789420,0.04276023
789421,0.7512429
789422,0.99854815
789423,0.9922055
789424,0.3263731
789425,0.9945539
789426,0.07294302
789427,0.008485657
789428,0.023746531
789429,0.062837444
789430,0.9006668
789431,0.81525135
789432,0.035733074
789433,0.72356176
789434,0.98234355
789435,0.54671276
789436,0.6752473
789437,0.86722803
789438,0.06470996
789439,0.9960901
789440,0.0061249495
789441,0.98135906
789442,0.71281487
789443,0.40427166
789444,0.24507353
789445,0.017886855
789446,0.0795813
789447,0.12877028
789448,0.91934687
789449,0.016224688
789450,0.010367486
789451,0.27237266
789452,0.79380316
789453,0.99082994
789454,0.024550363
789455,0.9828355
789456,0.035161678
789457,0.08536911
789458,0.42349523
789459,0.005020732
789460,0.92543095
789461,0.17572263
789462,0.05134633
789463,0.2914447
789464,0.030150296
789465,0.9781425
789466,0.9671725
789467,0.057472445
789468,0.038747873
789469,0.01704068
789470,0.7483642
789471,0.98445624
789472,0.981495
789473,0.0068438295
789474,0.9919424
789475,0.9861297
789476,0.0059586726
789477,0.04625334
789478,0.97425973
789479,0.9773389
789480,0.82509
789481,0.039624356
789482,0.9822144
789483,0.029143305
789484,0.9984655
789485,0.8605551
789486,0.9932144
789487,0.08044456
789488,0.96987474
789489,0.7922274
789490,0.3084478
789491,0.19659096
789492,0.021949345
789493,0.9771168
789494,0.01723404
789495,0.025798298
789496,0.0037415659
789497,0.87614363
789498,0.47793004
789499,0.98546815
789500,0.0421578
789501,0.96850383
789502,0.996173
789503,0.6014469
789504,0.003928107
789505,0.9183451
789506,0.99207
789507,0.018355688
789508,0.35774636
789509,0.6794114
789510,0.9674577
789511,0.06353296
789512,0.6054528
789513,0.32708323
789514,0.18348882
789515,0.99735916
789516,0.5381287
789517,0.020778332
789518,0.18246089
789519,0.9702307
789520,0.30743617
789521,0.11248454
789522,0.8838659
789523,0.9054648
789524,0.047602467
789525,0.2602522
789526,0.003007531
789527,0.04062244
789528,0.041361883
789529,0.9690644
789530,0.9274605
789531,0.15838003
789532,0.9146646
789533,0.9725697
789534,0.9327422
789535,0.97052866
789536,0.9093948
789537,0.0028510294
789538,0.013790818
789539,0.22389624
789540,0.8730927
789541,0.087752126
789542,0.99770766
789543,0.99211895
789544,0.024958383
789545,0.029403392
789546,0.93705
789547,0.05830248
789548,0.64280504
789549,0.8473613
789550,0.015903817
789551,0.82269967
789552,0.007952962
789553,0.39076123
789554,0.10800107
789555,0.030528346
789556,0.023631968
789557,0.7906875
789558,0.7924448
789559,0.0025882982
789560,0.107389376
789561,0.08603427
789562,0.03911211
789563,0.2876127
789564,0.99307936
789565,0.86666477
789566,0.24430786
789567,0.03584146
789568,0.0046158964
789569,0.9188293
789570,0.052178416
789571,0.99739075
789572,0.041929282
789573,0.37124357
789574,0.02099658
789575,0.054234616
789576,0.22168535
789577,0.5004618
789578,0.11368067
789579,0.09518722
789580,0.9956229
789581,0.045113884
789582,0.04414514
789583,0.017926693
789584,0.04146631
789585,0.021541798
789586,0.99271476
789587,0.012479613
789588,0.4662156
789589,0.95683503
789590,0.95592445
789591,0.6033285
789592,0.5191043
789593,0.71343166
789594,0.008851642
789595,0.8321221
789596,0.9966059
789597,0.29778224
789598,0.04222222
789599,0.006581637
789600,0.5509533
789601,0.7703587
789602,0.00405805
789603,0.018959358
789604,0.58235
789605,0.026448395
789606,0.97391737
789607,0.063576385
789608,0.81750417
789609,0.9800545
789610,0.92766
789611,0.087561764
789612,0.012586924
789613,0.99558896
789614,0.013592209
789615,0.0058778184
789616,0.88320935
789617,0.98782146
789618,0.8348104
789619,0.08878975
789620,0.99056447
789621,0.04474665
789622,0.1227987
789623,0.67775476
789624,0.031681877
789625,0.9935636
789626,0.51714826
789627,0.21575388
789628,0.5350233
789629,0.003183334
789630,0.22120278
789631,0.21835294
789632,0.36611044
789633,0.09065279
789634,0.015573683
789635,0.0106299445
789636,0.092145436
789637,0.012587685
789638,0.021543574
789639,0.8306821
789640,0.9471526
789641,0.94251865
789642,0.860083
789643,0.0038442789
789644,0.998771
789645,0.0053641847
789646,0.89308023
789647,0.684306
789648,0.070141
789649,0.035293583
789650,0.016494568
789651,0.9682816
789652,0.066242225
789653,0.9351644
789654,0.6576329
789655,0.010079455
789656,0.104065955
789657,0.060676377
789658,0.53623104
789659,0.93875176
789660,0.0071093226
789661,0.0073974375
789662,0.99412656
789663,0.9931016
789664,0.9810145
789665,0.9805571
789666,0.03952033
789667,0.97242904
789668,0.099244475
789669,0.00699148
789670,0.9859395
789671,0.0110489195
789672,0.46322402
789673,0.9401093
789674,0.034057304
789675,0.0070042633
789676,0.2602709
789677,0.010758854
789678,0.043074843
789679,0.16837177
789680,0.9900617
789681,0.0029525603
789682,0.9789599
789683,0.06100763
789684,0.8131763
789685,0.30035824
789686,0.024930242
789687,0.005486125
789688,0.002483613
789689,0.013866374
789690,0.010027674
789691,0.009939913
789692,0.9985269
789693,0.36526623
789694,0.22035392
789695,0.9634442
789696,0.5956337
789697,0.51555634
789698,0.9687617
789699,0.46734732
789700,0.0062545016
789701,0.98700404
789702,0.018535249
789703,0.98679775
789704,0.1308333
789705,0.036279134
789706,0.9969419
789707,0.10312143
789708,0.16192207
789709,0.11403703
789710,0.9915782
789711,0.0449793
789712,0.017864965
789713,0.87116265
789714,0.5506993
789715,0.36163867
789716,0.99879986
789717,0.2505833
789718,0.051994637
789719,0.9540343
789720,0.1749924
789721,0.9849052
789722,0.99861723
789723,0.9943718
789724,0.98875016
789725,0.036465112
789726,0.078929566
789727,0.037403896
789728,0.9935236
789729,0.43379182
789730,0.9955171
789731,0.41355214
789732,0.019259958
789733,0.08098242
789734,0.9956958
789735,0.026516637
789736,0.0051619047
789737,0.053716652
789738,0.9653668
789739,0.013083565
789740,0.97699124
789741,0.84538406
789742,0.81739193
789743,0.62523603
789744,0.3065489
789745,0.1307162
789746,0.020059818
789747,0.3179796
789748,0.009541362
789749,0.9953823
789750,0.95047885
789751,0.011891979
789752,0.005271579
789753,0.9359295
789754,0.13141611
789755,0.005265797
789756,0.9246285
789757,0.034997642
789758,0.00821647
789759,0.75845975
789760,0.97622883
789761,0.97988397
789762,0.89022225
789763,0.022664463
789764,0.01637899
789765,0.99458265
789766,0.02903897
789767,0.055374578
789768,0.018420856
789769,0.99004436
789770,0.96346456
789771,0.58671635
789772,0.008371546
789773,0.021100832
789774,0.0044210115
789775,0.055565573
789776,0.50109434
789777,0.9711488
789778,0.009721011
789779,0.091078885
789780,0.0025808811
789781,0.012668612
789782,0.83510363
789783,0.985304
789784,0.8155741
789785,0.022939801
789786,0.8939377
789787,0.037287734
789788,0.04057029
789789,0.99263394
789790,0.97910273
789791,0.028007898
789792,0.2672505
789793,0.99822855
789794,0.9424219
789795,0.72245395
789796,0.97810626
789797,0.0031294734
789798,0.28238994
789799,0.21990728
789800,0.532245
789801,0.11294855
789802,0.07324622
789803,0.6033782
789804,0.917642
789805,0.9538967
789806,0.046316832
789807,0.020208528
789808,0.13979264
789809,0.9156132
789810,0.8553511
789811,0.027744774
789812,0.14957401
789813,0.9903336
789814,0.074632734
789815,0.986128
789816,0.6332761
789817,0.008190298
789818,0.2923781
789819,0.061355386
789820,0.016511079
789821,0.14053835
789822,0.24783239
789823,0.032722548
789824,0.8097176
789825,0.014618041
789826,0.9883355
789827,0.003425281
789828,0.011139467
789829,0.017709449
789830,0.05480474
789831,0.3486544
789832,0.45210665
789833,0.99017304
789834,0.7897788
789835,0.9096562
789836,0.017267626
789837,0.038809836
789838,0.053115536
789839,0.026966652
789840,0.98527133
789841,0.99563605
789842,0.99842453
789843,0.018468099
789844,0.05247812
789845,0.9716508
789846,0.9661106
789847,0.68703705
789848,0.9982127
789849,0.037753787
789850,0.042560123
789851,0.9503323
789852,0.0034843136
789853,0.008437554
789854,0.40970683
789855,0.3255307
789856,0.057211056
789857,0.061005153
789858,0.6470361
789859,0.7469529
789860,0.97011757
789861,0.06434635
789862,0.05055809
789863,0.22729489
789864,0.04574909
789865,0.35497877
789866,0.03725565
789867,0.7798496
789868,0.98984826
789869,0.20784861
789870,0.12539136
789871,0.026279729
789872,0.012459528
789873,0.6446761
789874,0.9083264
789875,0.81078386
789876,0.18371382
789877,0.1351306
789878,0.01526251
789879,0.43089387
789880,0.99492586
789881,0.75022817
789882,0.9874446
789883,0.9390035
789884,0.21655011
789885,0.9980384
789886,0.9983701
789887,0.29792538
789888,0.9254306
789889,0.3607161
789890,0.15382445
789891,0.98343205
789892,0.48683292
789893,0.16757977
789894,0.9962883
789895,0.73620594
789896,0.1273576
789897,0.11508137
789898,0.0049245805
789899,0.9964633
789900,0.011496594
789901,0.97096574
789902,0.008085622
789903,0.13457134
789904,0.05375137
789905,0.0063879914
789906,0.98206604
789907,0.005187682
789908,0.028785728
789909,0.9598867
789910,0.7520415
789911,0.07510803
789912,0.0033765303
789913,0.010017924
789914,0.110661164
789915,0.11227275
789916,0.83787787
789917,0.19906718
789918,0.98097813
789919,0.007102097
789920,0.44440058
789921,0.60003227
789922,0.9946779
789923,0.95085603
789924,0.13656612
789925,0.9062727
789926,0.91676545
789927,0.8538485
789928,0.0009996758
789929,0.9386864
789930,0.51947266
789931,0.13318358
789932,0.85278976
789933,0.3413772
789934,0.09830083
789935,0.32809502
789936,0.99302584
789937,0.34325236
789938,0.026163682
789939,0.9115947
789940,0.24781811
789941,0.006656548
789942,0.95453197
789943,0.75570965
789944,0.98872054
789945,0.9931526
789946,0.107471116
789947,0.9707849
789948,0.046437856
789949,0.7801735
789950,0.01576344
789951,0.020867694
789952,0.030067533
789953,0.9956608
789954,0.15778404
789955,0.01667521
789956,0.4503267
789957,0.9805159
789958,0.30495307
789959,0.7745244
789960,0.9149036
789961,0.039316174
789962,0.92567754
789963,0.22638756
789964,0.9542725
789965,0.04251466
789966,0.28719836
789967,0.009609342
789968,0.58784294
789969,0.011042719
789970,0.9943259
789971,0.46710616
789972,0.49130103
789973,0.28998315
789974,0.8618815
789975,0.039566465
789976,0.005481673
789977,0.01881612
789978,0.99182177
789979,0.9420224
789980,0.120649725
789981,0.52735597
789982,0.034976996
789983,0.048788372
789984,0.0055822665
789985,0.121459365
789986,0.16597037
789987,0.04756964
789988,0.5354116
789989,0.6485996
789990,0.4969204
789991,0.9952121
789992,0.2603059
789993,0.16129236
789994,0.6280931
789995,0.50224483
789996,0.8807444
789997,0.69343305
789998,0.09317315
789999,0.9414313
790000,0.14384702
790001,0.80521345
790002,0.2481662
790003,0.043482948
790004,0.42426914
790005,0.47159544
790006,0.9695765
790007,0.17223535
790008,0.01866726
790009,0.8872709
790010,0.99070454
790011,0.9946308
790012,0.92033273
790013,0.059538197
790014,0.042397164
790015,0.0048752693
790016,0.029283846
790017,0.872425
790018,0.98260975
790019,0.9906157
790020,0.99823076
790021,0.8326716
790022,0.02425355
790023,0.2537942
790024,0.21549296
790025,0.12955198
790026,0.99425197
790027,0.40554044
790028,0.013220953
790029,0.9499039
790030,0.035851717
790031,0.005441527
790032,0.09466778
790033,0.016238352
790034,0.020668184
790035,0.7979798
790036,0.0032127742
790037,0.01796061
790038,0.05498991
790039,0.70372677
790040,0.2333993
790041,0.02782978
790042,0.8087693
790043,0.07026594
790044,0.89181525
790045,0.046146527
790046,0.4750142
790047,0.9959397
790048,0.02873267
790049,0.015440399
790050,0.101443596
790051,0.8804369
790052,0.35396272
790053,0.11400164
790054,0.8820158
790055,0.78716105
790056,0.09967312
790057,0.88845766
790058,0.053228848
790059,0.011499856
790060,0.3371483
790061,0.94404614
790062,0.5882279
790063,0.12372476
790064,0.35754272
790065,0.020665575
790066,0.9905277
790067,0.99403584
790068,0.052391324
790069,0.9515019
790070,0.0075056637
790071,0.88209903
790072,0.9680301
790073,0.010374853
790074,0.95488864
790075,0.04718896
790076,0.008877218
790077,0.98269975
790078,0.03930959
790079,0.1007209
790080,0.046643853
790081,0.99486023
790082,0.11459866
790083,0.060802683
790084,0.0081724
790085,0.97254246
790086,0.8577016
790087,0.26696783
790088,0.9966356
790089,0.047214847
790090,0.07309729
790091,0.05367007
790092,0.99414927
790093,0.020640727
790094,0.01827259
790095,0.055961736
790096,0.008483523
790097,0.01028344
790098,0.24354987
790099,0.09234477
790100,0.64273596
790101,0.48604375
790102,0.019432332
790103,0.9186712
790104,0.9751266
790105,0.92142546
790106,0.012326347
790107,0.14372766
790108,0.92766917
790109,0.0145249255
790110,0.05394878
790111,0.014033046
790112,0.97496057
790113,0.6287385
790114,0.14279577
790115,0.022408284
790116,0.01347757
790117,0.9613101
790118,0.051551722
790119,0.037198756
790120,0.92371106
790121,0.0043272087
790122,0.05248724
790123,0.27523774
790124,0.9828933
790125,0.96865875
790126,0.011273318
790127,0.70540345
790128,0.003738477
790129,0.018704854
790130,0.005832599
790131,0.96981484
790132,0.7952086
790133,0.95948666
790134,0.06730272
790135,0.9566996
790136,0.9714965
790137,0.9919136
790138,0.98016965
790139,0.97569585
790140,0.12933132
790141,0.6596488
790142,0.035315223
790143,0.64291316
790144,0.9691927
790145,0.6189327
790146,0.6270845
790147,0.07487788
790148,0.14847696
790149,0.30281442
790150,0.0077681737
790151,0.0056418516
790152,0.09934032
790153,0.9970996
790154,0.23870611
790155,0.96042055
790156,0.92242444
790157,0.024026014
790158,0.94556046
790159,0.6324156
790160,0.9816839
790161,0.012067575
790162,0.8558979
790163,0.086923696
790164,0.059031136
790165,0.009497475
790166,0.71571594
790167,0.023641728
790168,0.01117778
790169,0.9762852
790170,0.10110994
790171,0.98235095
790172,0.9578697
790173,0.5793599
790174,0.990733
790175,0.99736625
790176,0.7915316
790177,0.08850569
790178,0.9946933
790179,0.9885355
790180,0.051293045
790181,0.018967502
790182,0.48047805
790183,0.023800887
790184,0.04325141
790185,0.94147635
790186,0.97868305
790187,0.078912385
790188,0.022953156
790189,0.008749983
790190,0.07774979
790191,0.9311278
790192,0.012458253
790193,0.38269785
790194,0.76423955
790195,0.09819092
790196,0.95336306
790197,0.016811278
790198,0.12967859
790199,0.00942616
790200,0.5307991
790201,0.9930526
790202,0.8670345
790203,0.029133797
790204,0.53195405
790205,0.015388693
790206,0.115817904
790207,0.013063037
790208,0.9970305
790209,0.17585771
790210,0.56714016
790211,0.7615051
790212,0.02322023
790213,0.057876255
790214,0.012130024
790215,0.07529563
790216,0.11029512
790217,0.38672736
790218,0.4982601
790219,0.081671745
790220,0.7864306
790221,0.98901504
790222,0.979545
790223,0.033508312
790224,0.7996995
790225,0.012079886
790226,0.7827641
790227,0.5195366
790228,0.23062621
790229,0.9557776
790230,0.00328396
790231,0.10826015
790232,0.97064495
790233,0.99541223
790234,0.3766684
790235,0.7759615
790236,0.0079405755
790237,0.8646604
790238,0.82780766
790239,0.012003324
790240,0.9969176
790241,0.0346169
790242,0.016187903
790243,0.97904724
790244,0.016814038
790245,0.038340937
790246,0.9931046
790247,0.039305076
790248,0.016607087
790249,0.5599377
790250,0.99035656
790251,0.99877036
790252,0.01563551
790253,0.96831656
790254,0.030852165
790255,0.016337816
790256,0.032007772
790257,0.9184165
790258,0.26713276
790259,0.96049076
790260,0.7757405
790261,0.6643323
790262,0.04387407
790263,0.9242418
790264,0.057916667
790265,0.015294855
790266,0.020767298
790267,0.19384828
790268,0.29291183
790269,0.087328285
790270,0.8744084
790271,0.90684944
790272,0.7457942
790273,0.19488442
790274,0.14662135
790275,0.27924585
790276,0.10368646
790277,0.981447
790278,0.49160683
790279,0.20438555
790280,0.008153311
790281,0.9832559
790282,0.010372789
790283,0.99790907
790284,0.010886759
790285,0.7066659
790286,0.9783586
790287,0.019653022
790288,0.99546164
790289,0.8411946
790290,0.9796965
790291,0.96518713
790292,0.00738464
790293,0.99745977
790294,0.021157855
790295,0.6561991
790296,0.9155842
790297,0.98368996
790298,0.31572592
790299,0.9983016
790300,0.11611891
790301,0.12487459
790302,0.99109125
790303,0.013197279
790304,0.47537333
790305,0.97693145
790306,0.52864885
790307,0.84658647
790308,0.31748936
790309,0.33080342
790310,0.7324188
790311,0.1020931
790312,0.9558254
790313,0.5327551
790314,0.043775667
790315,0.0066956943
790316,0.73850435
790317,0.989081
790318,0.9328954
790319,0.006965447
790320,0.9668647
790321,0.9789753
790322,0.026457585
790323,0.9959648
790324,0.9860605
790325,0.0022426972
790326,0.8176925
790327,0.8755175
790328,0.011999458
790329,0.80794775
790330,0.12139395
790331,0.0048418
790332,0.85429454
790333,0.8232206
790334,0.9798217
790335,0.9814838
790336,0.99179125
790337,0.096098244
790338,0.8199447
790339,0.028685065
790340,0.5458965
790341,0.9508329
790342,0.0144197475
790343,0.15285055
790344,0.034259334
790345,0.4536136
790346,0.07902066
790347,0.079459265
790348,0.07331707
790349,0.019718198
790350,0.0036544935
790351,0.26598307
790352,0.121669315
790353,0.7842978
790354,0.16018423
790355,0.9987627
790356,0.2393976
790357,0.8902947
790358,0.5580267
790359,0.09151379
790360,0.99213123
790361,0.5025525
790362,0.9988872
790363,0.0081848875
790364,0.9457014
790365,0.070199415
790366,0.08179139
790367,0.7279503
790368,0.98678094
790369,0.093284175
790370,0.0055602533
790371,0.036280174
790372,0.02585797
790373,0.9936046
790374,0.24727514
790375,0.08421768
790376,0.7719702
790377,0.02791544
790378,0.99356234
790379,0.9840841
790380,0.061164822
790381,0.70817995
790382,0.8564874
790383,0.075752296
790384,0.7534323
790385,0.011951278
790386,0.5508318
790387,0.27750605
790388,0.0006063362
790389,0.97215724
790390,0.76551425
790391,0.65176356
790392,0.11684761
790393,0.9951433
790394,0.94031006
790395,0.39324376
790396,0.9743796
790397,0.017620424
790398,0.19716308
790399,0.69914883
790400,0.7723487
790401,0.96078885
790402,0.01668347
790403,0.0076902257
790404,0.8152899
790405,0.9396754
790406,0.9976792
790407,0.66848177
790408,0.9718388
790409,0.84832364
790410,0.98529065
790411,0.90301293
790412,0.9817063
790413,0.898661
790414,0.0050895372
790415,0.9984563
790416,0.13575093
790417,0.0037659672
790418,0.8124256
790419,0.016735341
790420,0.023765614
790421,0.7077379
790422,0.042669266
790423,0.011254244
790424,0.00623031
790425,0.4606516
790426,0.9933936
790427,0.9957471
790428,0.04462995
790429,0.509879
790430,0.0053366655
790431,0.04251403
790432,0.1791032
790433,0.84775186
790434,0.8353387
790435,0.3049326
790436,0.015111115
790437,0.042074744
790438,0.96428674
790439,0.03292715
790440,0.0008357896
790441,0.017774986
790442,0.9599169
790443,0.02951069
790444,0.9645047
790445,0.96817225
790446,0.81818193
790447,0.0315726
790448,0.120439366
790449,0.21732733
790450,0.9936744
790451,0.99484247
790452,0.98631555
790453,0.027011503
790454,0.8185394
790455,0.8727888
790456,0.012712149
790457,0.044936903
790458,0.98379034
790459,0.055379428
790460,0.9832268
790461,0.18970594
790462,0.9310989
790463,0.060163584
790464,0.70318705
790465,0.0066147977
790466,0.7982427
790467,0.48027396
790468,0.93023574
790469,0.9860014
790470,0.026378535
790471,0.89769155
790472,0.56927454
790473,0.99659073
790474,0.9909715
790475,0.018516693
790476,0.140407
790477,0.9843323
790478,0.929651
790479,0.04002612
790480,0.78979266
790481,0.63098353
790482,0.006211064
790483,0.98570615
790484,0.013162827
790485,0.120996185
790486,0.3120622
790487,0.65182215
790488,0.96107084
790489,0.09328425
790490,0.091977485
790491,0.9749844
790492,0.024502985
790493,0.25380063
790494,0.9974054
790495,0.92871916
790496,0.042467125
790497,0.0025133754
790498,0.87083757
790499,0.9963365
790500,0.020342603
790501,0.1734342
790502,0.005689823
790503,0.020538364
790504,0.0074860593
790505,0.074445054
790506,0.11985159
790507,0.039451983
790508,0.9839663
790509,0.9436899
790510,0.004491684
790511,0.914951
790512,0.03087353
790513,0.8177796
790514,0.10353728
790515,0.95645666
790516,0.03713686
790517,0.01580012
790518,0.99367994
790519,0.009671412
790520,0.0064839534
790521,0.36843175
790522,0.0356585
790523,0.9679169
790524,0.5345238
790525,0.948175
790526,0.87068903
790527,0.031385772
790528,0.34960172
790529,0.70161116
790530,0.11519681
790531,0.2830773
790532,0.9979091
790533,0.07290855
790534,0.9842114
790535,0.016826022
790536,0.9974239
790537,0.16985095
790538,0.64873815
790539,0.51898056
790540,0.97824806
790541,0.40065157
790542,0.035736687
790543,0.9855114
790544,0.9894211
790545,0.1425097
790546,0.5376569
790547,0.35360515
790548,0.9743733
790549,0.9906213
790550,0.04699094
790551,0.98953104
790552,0.70614445
790553,0.12911361
790554,0.9782992
790555,0.0064022476
790556,0.02121547
790557,0.4534176
790558,0.011746682
790559,0.0040400354
790560,0.7938219
790561,0.009912403
790562,0.062628806
790563,0.08607209
790564,0.9467644
790565,0.005408523
790566,0.27225918
790567,0.009611864
790568,0.15992285
790569,0.27275646
790570,0.8675351
790571,0.018368592
790572,0.6648495
790573,0.2772588
790574,0.05120942
790575,0.62344366
790576,0.53551364
790577,0.9690788
790578,0.012236209
790579,0.97571915
790580,0.0032743444
790581,0.0029315536
790582,0.9806235
790583,0.120602265
790584,0.99006957
790585,0.045548905
790586,0.9366062
790587,0.053745687
790588,0.8038158
790589,0.9969012
790590,0.84896576
790591,0.0015178137
790592,0.0011900484
790593,0.23605715
790594,0.9019471
790595,0.9412077
790596,0.99550974
790597,0.008378839
790598,0.01374553
790599,0.001570238
790600,0.07048321
790601,0.01183328
790602,0.9977328
790603,0.21276501
790604,0.22537363
790605,0.9843429
790606,0.79225296
790607,0.015746083
790608,0.8219585
790609,0.16663119
790610,0.9739663
790611,0.0012490319
790612,0.15046532
790613,0.8599814
790614,0.79604363
790615,0.025873201
790616,0.0034612743
790617,0.8190829
790618,0.027791541
790619,0.9752082
790620,0.025790978
790621,0.9965008
790622,0.6583101
790623,0.038193528
790624,0.119195186
790625,0.0074902177
790626,0.16578291
790627,0.5529096
790628,0.0074186283
790629,0.7393375
790630,0.9925361
790631,0.91444874
790632,0.24239132
790633,0.03201771
790634,0.966434
790635,0.14333078
790636,0.027059363
790637,0.93583614
790638,0.98862624
790639,0.04301685
790640,0.006608207
790641,0.0039980304
790642,0.06563479
790643,0.9020732
790644,0.07031056
790645,0.97843194
790646,0.056138247
790647,0.03616885
790648,0.9845388
790649,0.014805953
790650,0.9981469
790651,0.08302188
790652,0.14293958
790653,0.9781207
790654,0.9785104
790655,0.3151089
790656,0.5606259
790657,0.0149471685
790658,0.009988339
790659,0.97765183
790660,0.82702464
790661,0.13619868
790662,0.05571539
790663,0.044080313
790664,0.9912098
790665,0.9934869
790666,0.009319733
790667,0.063893184
790668,0.99913174
790669,0.97679263
790670,0.9965685
790671,0.07398384
790672,0.9983055
790673,0.06861363
790674,0.80744654
790675,0.6733104
790676,0.17606175
790677,0.21798174
790678,0.74585027
790679,0.04967363
790680,0.1441198
790681,0.09625741
790682,0.9738547
790683,0.0024745585
790684,0.03274814
790685,0.23512161
790686,0.0029574595
790687,0.04040404
790688,0.0038891279
790689,0.018608753
790690,0.0057317456
790691,0.0073918668
790692,0.95329034
790693,0.17334099
790694,0.25583565
790695,0.0073053287
790696,0.5195844
790697,0.9727274
790698,0.07468166
790699,0.006572442
790700,0.034874957
790701,0.6225818
790702,0.19152409
790703,0.063805774
790704,0.94748914
790705,0.5500926
790706,0.9989315
790707,0.99542564
790708,0.7230206
790709,0.90634406
790710,0.9581066
790711,0.99358827
790712,0.0100932205
790713,0.0139540415
790714,0.031989142
790715,0.8228233
790716,0.9988048
790717,0.4513582
790718,0.73968196
790719,0.060764212
790720,0.94072086
790721,0.2222346
790722,0.961681
790723,0.9918087
790724,0.3896394
790725,0.030842934
790726,0.020897547
790727,0.45124996
790728,0.09457205
790729,0.024944881
790730,0.00351073
790731,0.06979641
790732,0.100462936
790733,0.1047831
790734,0.7568904
790735,0.90220153
790736,0.6505069
790737,0.035429742
790738,0.18109307
790739,0.7311621
790740,0.53821886
790741,0.99735594
790742,0.020708054
790743,0.020995969
790744,0.7138852
790745,0.0676996
790746,0.24769756
790747,0.5494638
790748,0.9858053
790749,0.08048603
790750,0.0011532976
790751,0.06906516
790752,0.59333485
790753,0.9889807
790754,0.027668491
790755,0.81828606
790756,0.6340892
790757,0.02400462
790758,0.0066522947
790759,0.969438
790760,0.025976092
790761,0.025858458
790762,0.8866879
790763,0.9333651
790764,0.005885411
790765,0.053193472
790766,0.995302
790767,0.70686674
790768,0.77567625
790769,0.89896905
790770,0.06694147
790771,0.6922401
790772,0.95740306
790773,0.038938396
790774,0.09588994
790775,0.875926
790776,0.94625556
790777,0.29827347
790778,0.73549855
790779,0.78148377
790780,0.028750828
790781,0.14591965
790782,0.0041192183
790783,0.032019716
790784,0.8560976
790785,0.016900597
790786,0.017511986
790787,0.042839333
790788,0.56888586
790789,0.011122341
790790,0.014282485
790791,0.064012356
790792,0.037273705
790793,0.2608036
790794,0.9912526
790795,0.122992456
790796,0.25353074
790797,0.16626771
790798,0.07915553
790799,0.9331671
790800,0.8317136
790801,0.347356
790802,0.9957527
790803,0.30609757
790804,0.62568635
790805,0.075717546
790806,0.035915606
790807,0.015138751
790808,0.992393
790809,0.20254989
790810,0.1425717
790811,0.7301031
790812,0.9986043
790813,0.31441993
790814,0.6326069
790815,0.0072137797
790816,0.61792123
790817,0.20928869
790818,0.626404
790819,0.14471926
790820,0.034829415
790821,0.23949416
790822,0.0077073313
790823,0.013479754
790824,0.9940454
790825,0.0966548
790826,0.021804102
790827,0.18199822
790828,0.090033025
790829,0.05231943
790830,0.9246869
790831,0.9650372
790832,0.067135036
790833,0.15192857
790834,0.93292475
790835,0.24051246
790836,0.99825203
790837,0.015132671
790838,0.9470497
790839,0.37527865
790840,0.7801213
790841,0.90188146
790842,0.108747356
790843,0.048322555
790844,0.8643571
790845,0.99523646
790846,0.06390027
790847,0.9952091
790848,0.67458314
790849,0.9377588
790850,0.06776248
790851,0.4242897
790852,0.8993067
790853,0.18557447
790854,0.23758292
790855,0.010484435
790856,0.08595322
790857,0.98141325
790858,0.06667699
790859,0.82128555
790860,0.13237858
790861,0.30890372
790862,0.11168914
790863,0.200681
790864,0.8157786
790865,0.23128352
790866,0.13372532
790867,0.55943304
790868,0.92436534
790869,0.06337449
790870,0.09370358
790871,0.03370928
790872,0.02901819
790873,0.6211623
790874,0.12215681
790875,0.007021574
790876,0.95742106
790877,0.8636899
790878,0.053754635
790879,0.87027717
790880,0.13003406
790881,0.901211
790882,0.9883983
790883,0.05200656
790884,0.013336814
790885,0.97891605
790886,0.9117607
790887,0.5866289
790888,0.056982722
790889,0.802706
790890,0.77380455
790891,0.012845164
790892,0.91418886
790893,0.0037207818
790894,0.97381383
790895,0.9747759
790896,0.44479275
790897,0.9946331
790898,0.010366352
790899,0.8994274
790900,0.19540063
790901,0.15276909
790902,0.23136994
790903,0.3147789
790904,0.9385557
790905,0.14941327
790906,0.9723092
790907,0.030314257
790908,0.015888246
790909,0.9813885
790910,0.15100884
790911,0.9729633
790912,0.03676241
790913,0.2840407
790914,0.7384443
790915,0.062433112
790916,0.0018435924
790917,0.016267363
790918,0.9989867
790919,0.99431
790920,0.0054959496
790921,0.6092936
790922,0.07820615
790923,0.9551225
790924,0.9891953
790925,0.24475756
790926,0.0055593005
790927,0.0035752947
790928,0.997632
790929,0.003993648
790930,0.011786489
790931,0.44419825
790932,0.027754853
790933,0.019979421
790934,0.99043155
790935,0.08895173
790936,0.07879808
790937,0.0046324884
790938,0.86807793
790939,0.016974835
790940,0.024431482
790941,0.99654114
790942,0.025831716
790943,0.31020042
790944,0.77683336
790945,0.0041306037
790946,0.25846264
790947,0.02072316
790948,0.022167087
790949,0.9919995
790950,0.07494515
790951,0.9872554
790952,0.05769731
790953,0.894908
790954,0.21015103
790955,0.9608702
790956,0.6914687
790957,0.014680236
790958,0.68031704
790959,0.093180396
790960,0.97619456
790961,0.081847906
790962,0.9133778
790963,0.008314116
790964,0.9175805
790965,0.9922588
790966,0.6105525
790967,0.993992
790968,0.9940285
790969,0.9973477
790970,0.17550558
790971,0.99567604
790972,0.9209869
790973,0.9118943
790974,0.01155716
790975,0.97396624
790976,0.02366686
790977,0.9748996
790978,0.005586289
790979,0.05273573
790980,0.15907627
790981,0.023540823
790982,0.9057233
790983,0.00045455043
790984,0.8581116
790985,0.95623165
790986,0.83068156
790987,0.989839
790988,0.9569725
790989,0.12315868
790990,0.86195344
790991,0.007425842
790992,0.0059956955
790993,0.010784989
790994,0.042284008
790995,0.13230789
790996,0.9464748
790997,0.028015498
790998,0.2842598
790999,0.92800474
791000,0.25201815
791001,0.15240493
791002,0.87768316
791003,0.00660284
791004,0.0117294295
791005,0.9951088
791006,0.06496434
791007,0.99377114
791008,0.039018877
791009,0.24964313
791010,0.9961363
791011,0.19054249
791012,0.84665835
791013,0.9023452
791014,0.14887302
791015,0.6837257
791016,0.75813806
791017,0.010762734
791018,0.95523363
791019,0.016332425
791020,0.56454873
791021,0.26345265
791022,0.6432423
791023,0.21816519
791024,0.026969377
791025,0.9985684
791026,0.99112844
791027,0.9103599
791028,0.9924068
791029,0.09157063
791030,0.038240094
791031,0.86434627
791032,0.17440319
791033,0.39694273
791034,0.050794963
791035,0.99491715
791036,0.9468462
791037,0.028715959
791038,0.9827331
791039,0.3234532
791040,0.342298
791041,0.24786389
791042,0.026559487
791043,0.8658089
791044,0.0076073734
791045,0.4256385
791046,0.6629924
791047,0.3235101
791048,0.96629375
791049,0.6777953
791050,0.16015366
791051,0.001989954
791052,0.9968312
791053,0.55819446
791054,0.15335526
791055,0.9572499
791056,0.12920462
791057,0.31898007
791058,0.31642413
791059,0.009933943
791060,0.5739354
791061,0.035625994
791062,0.9738908
791063,0.984402
791064,0.010884298
791065,0.025801778
791066,0.023211876
791067,0.7680104
791068,0.95202875
791069,0.99721134
791070,0.92486596
791071,0.005021647
791072,0.14423673
791073,0.9782896
791074,0.12957579
791075,0.15850265
791076,0.98161435
791077,0.9100627
791078,0.0036514194
791079,0.9942031
791080,0.007796867
791081,0.019847227
791082,0.97118276
791083,0.8970037
791084,0.8392433
791085,0.009599383
791086,0.019544417
791087,0.99940324
791088,0.19662508
791089,0.5128878
791090,0.620416
791091,0.27520496
791092,0.89749813
791093,0.87949
791094,0.021368288
791095,0.013782033
791096,0.45930728
791097,0.9685875
791098,0.97528434
791099,0.011916408
791100,0.8822669
791101,0.06846933
791102,0.0008836134
791103,0.98652124
791104,0.074474625
791105,0.046568625
791106,0.23950268
791107,0.12699
791108,0.023133393
791109,0.97212756
791110,0.99878174
791111,0.015367253
791112,0.96832323
791113,0.01605244
791114,0.049108505
791115,0.6761579
791116,0.9198904
791117,0.1563711
791118,0.06534557
791119,0.020995608
791120,0.013987413
791121,0.86840767
791122,0.19821571
791123,0.08085266
791124,0.02793063
791125,0.9377161
791126,0.7073407
791127,0.9977359
791128,0.09636164
791129,0.12995203
791130,0.07594052
791131,0.9903038
791132,0.008828272
791133,0.0075443466
791134,0.27840024
791135,0.06339626
791136,0.063642204
791137,0.898215
791138,0.9464474
791139,0.9079041
791140,0.96150076
791141,0.03190082
791142,0.7227164
791143,0.9918722
791144,0.12876384
791145,0.12916909
791146,0.49212056
791147,0.24227747
791148,0.9891663
791149,0.009492283
791150,0.7264421
791151,0.039830465
791152,0.007342674
791153,0.12658271
791154,0.12595609
791155,0.89801145
791156,0.03185203
791157,0.5468436
791158,0.9958565
791159,0.9709672
791160,0.0053919433
791161,0.27689332
791162,0.012810783
791163,0.77589613
791164,0.9887563
791165,0.9752364
791166,0.93844986
791167,0.97442967
791168,0.32182702
791169,0.6745558
791170,0.9938837
791171,0.23429945
791172,0.01956924
791173,0.9854068
791174,0.954829
791175,0.09512782
791176,0.04049457
791177,0.8205306
791178,0.266627
791179,0.011468789
791180,0.9882202
791181,0.8251903
791182,0.033653717
791183,0.99215966
791184,0.17942679
791185,0.002271662
791186,0.014907372
791187,0.86215717
791188,0.9745874
791189,0.5433359
791190,0.0101733105
791191,0.6003127
791192,0.3539943
791193,0.80551225
791194,0.51762676
791195,0.82949185
791196,0.934919
791197,0.008734802
791198,0.042864777
791199,0.3187477
791200,0.0020662453
791201,0.01675268
791202,0.7455606
791203,0.9884857
791204,0.032419227
791205,0.38003212
791206,0.97042614
791207,0.06560755
791208,0.15981601
791209,0.073782675
791210,0.9972143
791211,0.98816234
791212,0.99610776
791213,0.0699103
791214,0.14342892
791215,0.015899414
791216,0.016948357
791217,0.2296552
791218,0.47157192
791219,0.0027998907
791220,0.7690365
791221,0.013147923
791222,0.14740402
791223,0.022750214
791224,0.0023698283
791225,0.99362826
791226,0.0123336
791227,0.9257756
791228,0.7050072
791229,0.2823472
791230,0.008492515
791231,0.9563505
791232,0.85962987
791233,0.9969809
791234,0.043107092
791235,0.9966804
791236,0.15933836
791237,0.016395979
791238,0.04589588
791239,0.45356697
791240,0.1903289
791241,0.99575114
791242,0.13536456
791243,0.8188149
791244,0.021550376
791245,0.049299896
791246,0.8270913
791247,0.02913224
791248,0.014902408
791249,0.14886488
791250,0.04341904
791251,0.035903014
791252,0.26169467
791253,0.19248879
791254,0.99867207
791255,0.0030653302
791256,0.01425436
791257,0.0037776222
791258,0.12452051
791259,0.98650527
791260,0.016057841
791261,0.93488705
791262,0.98890185
791263,0.09629589
791264,0.006672766
791265,0.39651516
791266,0.26755324
791267,0.21767876
791268,0.5139858
791269,0.009655302
791270,0.029960558
791271,0.030953333
791272,0.45040506
791273,0.9850035
791274,0.693982
791275,0.0016548963
791276,0.0049024383
791277,0.02170651
791278,0.009922012
791279,0.9964974
791280,0.62364
791281,0.976115
791282,0.89032
791283,0.11036802
791284,0.025179673
791285,0.37127787
791286,0.31161422
791287,0.011615977
791288,0.9457706
791289,0.08681488
791290,0.035091083
791291,0.99650526
791292,0.9836013
791293,0.9972636
791294,0.33428228
791295,0.071286716
791296,0.9948914
791297,0.101111814
791298,0.99336547
791299,0.33658376
791300,0.0028168417
791301,0.07215269
791302,0.050007373
791303,0.16249913
791304,0.9957934
791305,0.7568505
791306,0.07130371
791307,0.70679796
791308,0.99478734
791309,0.829484
791310,0.7416603
791311,0.9298803
791312,0.332935
791313,0.04717465
791314,0.9430854
791315,0.35334972
791316,0.025956886
791317,0.9906179
791318,0.98709065
791319,0.9576616
791320,0.7317163
791321,0.9940636
791322,0.4505505
791323,0.81869966
791324,0.98201644
791325,0.03172653
791326,0.0033027246
791327,0.97897583
791328,0.01863838
791329,0.9972043
791330,0.32545236
791331,0.0036712424
791332,0.9970282
791333,0.0010470881
791334,0.9964906
791335,0.99050283
791336,0.91875523
791337,0.91116965
791338,0.024854623
791339,0.794418
791340,0.056986697
791341,0.97576165
791342,0.92777383
791343,0.06848251
791344,0.9397176
791345,0.027173119
791346,0.13801306
791347,0.021704715
791348,0.035812184
791349,0.9815144
791350,0.8817654
791351,0.043225903
791352,0.022108361
791353,0.46829888
791354,0.00849105
791355,0.76370275
791356,0.95265615
791357,0.015293987
791358,0.8845722
791359,0.059446722
791360,0.0779448
791361,0.06728567
791362,0.077666625
791363,0.084457114
791364,0.44385025
791365,0.037023395
791366,0.025482666
791367,0.19862852
791368,0.005527493
791369,0.9792751
791370,0.0133728925
791371,0.112829
791372,0.2935435
791373,0.93541825
791374,0.009815265
791375,0.057032336
791376,0.11343209
791377,0.1153211
791378,0.10468169
791379,0.99389225
791380,0.8781303
791381,0.13139138
791382,0.9967759
791383,0.059954904
791384,0.21665987
791385,0.35517442
791386,0.95877665
791387,0.10052718
791388,0.6657289
791389,0.014726406
791390,0.95980304
791391,0.014863128
791392,0.9788633
791393,0.98534954
791394,0.9829855
791395,0.4687889
791396,0.011804914
791397,0.030973984
791398,0.9783094
791399,0.040077865
791400,0.018184677
791401,0.20679516
791402,0.75678575
791403,0.9964818
791404,0.009859103
791405,0.9882113
791406,0.26990706
791407,0.03427553
791408,0.9136954
791409,0.025705
791410,0.99500716
791411,0.988768
791412,0.13322233
791413,0.40007728
791414,0.649179
791415,0.0073761167
791416,0.9552195
791417,0.023242677
791418,0.9959642
791419,0.67419887
791420,0.006601202
791421,0.02017323
791422,0.8111114
791423,0.021304756
791424,0.9862576
791425,0.98931825
791426,0.004961977
791427,0.97848195
791428,0.9945661
791429,0.62586796
791430,0.017676614
791431,0.006890195
791432,0.0020099748
791433,0.09575279
791434,0.71192443
791435,0.0075510927
791436,0.014937215
791437,0.040896542
791438,0.013151585
791439,0.04879275
791440,0.9935152
791441,0.22940531
791442,0.607935
791443,0.35683647
791444,0.054910604
791445,0.7253167
791446,0.028583601
791447,0.9492951
791448,0.0946918
791449,0.41582733
791450,0.0055670138
791451,0.42879692
791452,0.8963256
791453,0.048081614
791454,0.99196
791455,0.9950025
791456,0.6512498
791457,0.0065760985
791458,0.21998145
791459,0.018749591
791460,0.018589739
791461,0.9633686
791462,0.3677111
791463,0.02520161
791464,0.005546668
791465,0.7243612
791466,0.63557684
791467,0.99794334
791468,0.88895416
791469,0.73201257
791470,0.014816568
791471,0.98245054
791472,0.006198044
791473,0.082743645
791474,0.3128044
791475,0.9875242
791476,0.027308457
791477,0.9399313
791478,0.9057831
791479,0.9922999
791480,0.2217118
791481,0.9875025
791482,0.90895295
791483,0.06390579
791484,0.34666705
791485,0.041118085
791486,0.9853132
791487,0.964212
791488,0.24672277
791489,0.98109895
791490,0.04016546
791491,0.9797351
791492,0.21356568
791493,0.8093476
791494,0.9923455
791495,0.09051926
791496,0.022568885
791497,0.18305852
791498,0.9792341
791499,0.0405723
791500,0.19680668
791501,0.8514587
791502,0.5181086
791503,0.3762474
791504,0.31155396
791505,0.809788
791506,0.6617366
791507,0.010559847
791508,0.88274145
791509,0.017584177
791510,0.84889233
791511,0.9873729
791512,0.008744134
791513,0.31253162
791514,0.022350064
791515,0.0033870942
791516,0.93388873
791517,0.58700526
791518,0.043584347
791519,0.95260453
791520,0.3972439
791521,0.99665314
791522,0.95974994
791523,0.21743524
791524,0.030913822
791525,0.55994534
791526,0.9749594
791527,0.43499961
791528,0.9605506
791529,0.5483919
791530,0.9462597
791531,0.774988
791532,0.057550065
791533,0.9738933
791534,0.9220023
791535,0.109370135
791536,0.012963176
791537,0.0069106296
791538,0.8148376
791539,0.041534476
791540,0.8816049
791541,0.99906373
791542,0.007979646
791543,0.49510834
791544,0.9447067
791545,0.99114454
791546,0.15401381
791547,0.03073
791548,0.0025502602
791549,0.55184245
791550,0.014973495
791551,0.015478012
791552,0.9433274
791553,0.77267766
791554,0.038298506
791555,0.17736927
791556,0.92269325
791557,0.7540896
791558,0.98724496
791559,0.99546933
791560,0.94156295
791561,0.073879234
791562,0.9755588
791563,0.68767315
791564,0.05695974
791565,0.93698925
791566,0.22018294
791567,0.030188015
791568,0.037710994
791569,0.72540545
791570,0.86156255
791571,0.036638357
791572,0.004908255
791573,0.8955695
791574,0.83273566
791575,0.87140656
791576,0.01968981
791577,0.88592017
791578,0.0043711388
791579,0.01440921
791580,0.12595744
791581,0.101777494
791582,0.17220977
791583,0.99089533
791584,0.07273727
791585,0.008524612
791586,0.010539347
791587,0.11509596
791588,0.1628207
791589,0.0059812036
791590,0.0070412955
791591,0.4661443
791592,0.005875439
791593,0.0023811306
791594,0.05993981
791595,0.42244095
791596,0.95688987
791597,0.9390378
791598,0.07236559
791599,0.098392375
791600,0.8535423
791601,0.9311603
791602,0.03042816
791603,0.49155617
791604,0.3431991
791605,0.26539132
791606,0.66914964
791607,0.031878233
791608,0.06256149
791609,0.059335668
791610,0.055973347
791611,0.4376781
791612,0.0048957686
791613,0.97437894
791614,0.88528126
791615,0.66524273
791616,0.8772892
791617,0.7375132
791618,0.9727503
791619,0.09364784
791620,0.04150963
791621,0.9962648
791622,0.81125677
791623,0.2279622
791624,0.017529406
791625,0.30240846
791626,0.05660153
791627,0.5431527
791628,0.99494517
791629,0.10921138
791630,0.99505913
791631,0.080464795
791632,0.0018242726
791633,0.721668
791634,0.94100374
791635,0.9832821
791636,0.82708204
791637,0.00299101
791638,0.98259103
791639,0.9907055
791640,0.60430145
791641,0.7960787
791642,0.3149928
791643,0.99511003
791644,0.9975166
791645,0.10523218
791646,0.92625874
791647,0.011551718
791648,0.99000466
791649,0.25827587
791650,0.0770178
791651,0.029472463
791652,0.9154443
791653,0.023284703
791654,0.81497735
791655,0.96642363
791656,0.9986429
791657,0.3497666
791658,0.9686899
791659,0.8845557
791660,0.11155766
791661,0.0057463106
791662,0.9351423
791663,0.19770321
791664,0.0026470083
791665,0.9298543
791666,0.050429426
791667,0.75890505
791668,0.07293823
791669,0.6812527
791670,0.005351441
791671,0.99875426
791672,0.47643605
791673,0.9947914
791674,0.11939371
791675,0.9962554
791676,0.5495528
791677,0.06615579
791678,0.006637323
791679,0.032456372
791680,0.7780521
791681,0.71882343
791682,0.9928134
791683,0.095795386
791684,0.67045444
791685,0.35495383
791686,0.69529796
791687,0.027517455
791688,0.36283767
791689,0.020985335
791690,0.1003887
791691,0.019056479
791692,0.01306547
791693,0.8227997
791694,0.0662759
791695,0.86910754
791696,0.9906318
791697,0.13218081
791698,0.9960474
791699,0.007872453
791700,0.24504516
791701,0.36593336
791702,0.91510093
791703,0.9869911
791704,0.9006264
791705,0.16220388
791706,0.97518605
791707,0.10084106
791708,0.3507051
791709,0.99139744
791710,0.04752357
791711,0.13055694
791712,0.14564842
791713,0.97326565
791714,0.9770812
791715,0.008119398
791716,0.13036916
791717,0.1846183
791718,0.013880662
791719,0.5088476
791720,0.08572693
791721,0.5040508
791722,0.9660882
791723,0.81492007
791724,0.9950705
791725,0.023664154
791726,0.13457593
791727,0.9465745
791728,0.90474963
791729,0.1956035
791730,0.60883665
791731,0.009528681
791732,0.012128154
791733,0.7076925
791734,0.65292054
791735,0.02160088
791736,0.07720227
791737,0.9973954
791738,0.93561673
791739,0.026663072
791740,0.9648272
791741,0.8924959
791742,0.27630833
791743,0.018251091
791744,0.7808707
791745,0.8320508
791746,0.0042123524
791747,0.0047026537
791748,0.0070763077
791749,0.8813803
791750,0.089876264
791751,0.001645494
791752,0.20495644
791753,0.05184245
791754,0.971849
791755,0.40649575
791756,0.8890177
791757,0.20273295
791758,0.97408307
791759,0.17994311
791760,0.8488772
791761,0.90607727
791762,0.9722259
791763,0.9080286
791764,0.2568678
791765,0.03886905
791766,0.95126057
791767,0.9916992
791768,0.07988723
791769,0.9903243
791770,0.65916544
791771,0.9744497
791772,0.011191695
791773,0.028862081
791774,0.15987085
791775,0.029106133
791776,0.92995274
791777,0.3708725
791778,0.95132494
791779,0.38045955
791780,0.9189409
791781,0.046949923
791782,0.8936302
791783,0.91451263
791784,0.10742496
791785,0.084551856
791786,0.98721045
791787,0.0581963
791788,0.8610194
791789,0.004786506
791790,0.84525275
791791,0.07813786
791792,0.021239895
791793,0.57282764
791794,0.98872924
791795,0.0047338293
791796,0.9322174
791797,0.9711861
791798,0.01514335
791799,0.98617864
791800,0.020571353
791801,0.0099185435
791802,0.93460506
791803,0.9741241
791804,0.83033776
791805,0.8455558
791806,0.9796186
791807,0.12504776
791808,0.053114947
791809,0.94918054
791810,0.9943081
791811,0.07689935
791812,0.072082356
791813,0.110841945
791814,0.89291203
791815,0.048140932
791816,0.029493913
791817,0.9145555
791818,0.9862199
791819,0.42826787
791820,0.061767362
791821,0.935983
791822,0.0133446865
791823,0.0659497
791824,0.3812097
791825,0.040178984
791826,0.024439007
791827,0.8176873
791828,0.97989255
791829,0.3810365
791830,0.80075574
791831,0.26508534
791832,0.34976724
791833,0.5773808
791834,0.043811426
791835,0.9932819
791836,0.9599104
791837,0.050677266
791838,0.1140306
791839,0.31240845
791840,0.22583336
791841,0.9234071
791842,0.99193394
791843,0.0410444
791844,0.86996907
791845,0.03436423
791846,0.5028789
791847,0.9816102
791848,0.88352305
791849,0.09217857
791850,0.0441984
791851,0.062060244
791852,0.022094019
791853,0.96968997
791854,0.66333604
791855,0.053103384
791856,0.0048183934
791857,0.54840463
791858,0.15837017
791859,0.80245215
791860,0.9916154
791861,0.99788195
791862,0.022062346
791863,0.056706898
791864,0.8957033
791865,0.88759184
791866,0.9961976
791867,0.2111153
791868,0.008113736
791869,0.90512836
791870,0.026591765
791871,0.3733992
791872,0.88964933
791873,0.14993756
791874,0.075020656
791875,0.004726328
791876,0.9952716
791877,0.99800825
791878,0.12897143
791879,0.99394804
791880,0.86801964
791881,0.9916691
791882,0.0052000517
791883,0.9943341
791884,0.617178
791885,0.2876236
791886,0.6784643
791887,0.6716291
791888,0.014674196
791889,0.8769635
791890,0.97336316
791891,0.9187342
791892,0.17237023
791893,0.5836895
791894,0.17540227
791895,0.54993343
791896,0.9941343
791897,0.09075323
791898,0.9648155
791899,0.05986693
791900,0.23422776
791901,0.30726683
791902,0.0042246277
791903,0.1258313
791904,0.97133297
791905,0.9456735
791906,0.94285023
791907,0.87357295
791908,0.108975485
791909,0.111300744
791910,0.8542614
791911,0.9294121
791912,0.10627995
791913,0.45020613
791914,0.12549901
791915,0.00884556
791916,0.4081379
791917,0.90019476
791918,0.0054982947
791919,0.45460278
791920,0.8743723
791921,0.9914596
791922,0.9033768
791923,0.022885129
791924,0.56898564
791925,0.005005992
791926,0.06054128
791927,0.98972124
791928,0.8738274
791929,0.99356747
791930,0.77452064
791931,0.9070523
791932,0.0060658734
791933,0.14203739
791934,0.99969804
791935,0.13005097
791936,0.054407276
791937,0.10299694
791938,0.98240995
791939,0.98068106
791940,0.7421925
791941,0.10640639
791942,0.007702588
791943,0.23068413
791944,0.32526767
791945,0.044134323
791946,0.0029197906
791947,0.8453863
791948,0.01141612
791949,0.009341628
791950,0.21961981
791951,0.05074195
791952,0.008017989
791953,0.96536183
791954,0.0071401815
791955,0.03158479
791956,0.9077606
791957,0.43672872
791958,0.01564283
791959,0.7442648
791960,0.0039418885
791961,0.9931777
791962,0.9966107
791963,0.0048596426
791964,0.9711357
791965,0.27473137
791966,0.9864874
791967,0.19843328
791968,0.9984625
791969,0.9347879
791970,0.29362318
791971,0.3734229
791972,0.051794507
791973,0.29463327
791974,0.943516
791975,0.9993744
791976,0.9961402
791977,0.45132005
791978,0.9902894
791979,0.17584138
791980,0.030568043
791981,0.9343848
791982,0.04413158
791983,0.90291643
791984,0.721143
791985,0.985293
791986,0.074158795
791987,0.0502186
791988,0.011043274
791989,0.2559927
791990,0.027384322
791991,0.9373451
791992,0.8605062
791993,0.78789246
791994,0.016591657
791995,0.6129037
791996,0.017636733
791997,0.7151225
791998,0.03082555
791999,0.6294526
792000,0.9700663
792001,0.025568211
792002,0.99956936
792003,0.946601
792004,0.01187054
792005,0.007820977
792006,0.024466882
792007,0.123242535
792008,0.024319818
792009,0.98779225
792010,0.33264315
792011,0.033886056
792012,0.9892776
792013,0.039165244
792014,0.97329956
792015,0.24309103
792016,0.0011387572
792017,0.2039884
792018,0.025654845
792019,0.0007882583
792020,0.68095547
792021,0.96789634
792022,0.9944563
792023,0.42494467
792024,0.6997798
792025,0.0286008
792026,0.6284693
792027,0.00690536
792028,0.021909412
792029,0.121613294
792030,0.8915775
792031,0.9867213
792032,0.07131037
792033,0.011417737
792034,0.98653996
792035,0.028455844
792036,0.42706385
792037,0.21983191
792038,0.99871874
792039,0.9896765
792040,0.9144317
792041,0.09927222
792042,0.019317936
792043,0.9214327
792044,0.04788073
792045,0.23838748
792046,0.9613951
792047,0.038185664
792048,0.03777617
792049,0.04865015
792050,0.930799
792051,0.9983697
792052,0.037647955
792053,0.30762053
792054,0.037764527
792055,0.5076352
792056,0.9870484
792057,0.24102128
792058,0.13096958
792059,0.90443206
792060,0.027934294
792061,0.87657714
792062,0.00402695
792063,0.96953595
792064,0.9807583
792065,0.4671665
792066,0.36049882
792067,0.9267795
792068,0.9325825
792069,0.0040426105
792070,0.95803726
792071,0.002855215
792072,0.02817646
792073,0.49357957
792074,0.099313945
792075,0.80881673
792076,0.75344133
792077,0.72036314
792078,0.33515117
792079,0.13179862
792080,0.82738304
792081,0.9705317
792082,0.059834365
792083,0.032200366
792084,0.9890218
792085,0.005998125
792086,0.007920209
792087,0.18656218
792088,0.8176054
792089,0.49154365
792090,0.23416425
792091,0.9958193
792092,0.018445347
792093,0.97693914
792094,0.30628124
792095,0.9895479
792096,0.98633677
792097,0.97913414
792098,0.13444033
792099,0.3971452
792100,0.070115335
792101,0.03516967
792102,0.714113
792103,0.10022745
792104,0.042812414
792105,0.119120464
792106,0.20479915
792107,0.6100968
792108,0.032372706
792109,0.93191564
792110,0.081735425
792111,0.054815385
792112,0.0125993835
792113,0.004106078
792114,0.993442
792115,0.34277946
792116,0.077503964
792117,0.010480709
792118,0.8004582
792119,0.17155753
792120,0.9029599
792121,0.9433192
792122,0.06455881
792123,0.096267544
792124,0.9843612
792125,0.014757473
792126,0.9992796
792127,0.121635884
792128,0.006119492
792129,0.0035551141
792130,0.7755099
792131,0.97409624
792132,0.009704654
792133,0.0091944095
792134,0.9366888
792135,0.042889092
792136,0.009488657
792137,0.02104012
792138,0.015411962
792139,0.5014396
792140,0.0028538133
792141,0.238651
792142,0.23073259
792143,0.0353502
792144,0.9965677
792145,0.94420433
792146,0.976861
792147,0.9043351
792148,0.036548488
792149,0.9920737
792150,0.033376176
792151,0.056364138
792152,0.7029747
792153,0.001337517
792154,0.22634132
792155,0.9876045
792156,0.52747345
792157,0.98443854
792158,0.9952705
792159,0.25547406
792160,0.03948598
792161,0.19014266
792162,0.026203832
792163,0.85050046
792164,0.22195241
792165,0.020987798
792166,0.9304574
792167,0.95112294
792168,0.32156104
792169,0.038633358
792170,0.9790951
792171,0.25242049
792172,0.012773718
792173,0.9994347
792174,0.87892574
792175,0.009030094
792176,0.9950355
792177,0.021771751
792178,0.9854673
792179,0.06583877
792180,0.2784528
792181,0.0024468985
792182,0.00482308
792183,0.5080299
792184,0.044156943
792185,0.9976191
792186,0.01469541
792187,0.7117301
792188,0.8082236
792189,0.040225614
792190,0.0057893787
792191,0.005938513
792192,0.9996784
792193,0.0024866923
792194,0.9293458
792195,0.9355726
792196,0.939023
792197,0.18060173
792198,0.92511445
792199,0.0054162666
792200,0.6574924
792201,0.0105546815
792202,0.6766825
792203,0.002539286
792204,0.019832026
792205,0.005577233
792206,0.0057883617
792207,0.9832497
792208,0.4777451
792209,0.16659686
792210,0.9801431
792211,0.77299285
792212,0.63494456
792213,0.999115
792214,0.9533324
792215,0.8755293
792216,0.18045995
792217,0.015721247
792218,0.08375644
792219,0.0042562457
792220,0.9950601
792221,0.9918493
792222,0.99027145
792223,0.89976525
792224,0.93113995
792225,0.9619599
792226,0.8677923
792227,0.020861804
792228,0.0021668395
792229,0.024454564
792230,0.007479067
792231,0.62538093
792232,0.119817674
792233,0.68964875
792234,0.9693617
792235,0.9135745
792236,0.023219474
792237,0.13677776
792238,0.9982082
792239,0.99882454
792240,0.60011464
792241,0.056736425
792242,0.011471897
792243,0.9967967
792244,0.56393796
792245,0.062124472
792246,0.79937816
792247,0.97340804
792248,0.026948571
792249,0.04798148
792250,0.8998833
792251,0.016195334
792252,0.039477825
792253,0.49206197
792254,0.9967134
792255,0.015237133
792256,0.011146329
792257,0.0041331956
792258,0.8214154
792259,0.05581089
792260,0.5444704
792261,0.21090695
792262,0.016574446
792263,0.92042994
792264,0.022647
792265,0.44867975
792266,0.12384737
792267,0.9187442
792268,0.04384417
792269,0.5019086
792270,0.21950808
792271,0.11161067
792272,0.9909978
792273,0.0016726077
792274,0.05565773
792275,0.26394105
792276,0.41741827
792277,0.93738717
792278,0.11971134
792279,0.11521788
792280,0.011186425
792281,0.019737775
792282,0.28802916
792283,0.3928428
792284,0.99018526
792285,0.9810995
792286,0.0027285118
792287,0.6623856
792288,0.097736955
792289,0.9936094
792290,0.987306
792291,0.31307316
792292,0.018780727
792293,0.14392115
792294,0.054998167
792295,0.118058845
792296,0.011895551
792297,0.028792161
792298,0.031059457
792299,0.98811346
792300,0.73560935
792301,0.0038710646
792302,0.016522296
792303,0.9874667
792304,0.0033589255
792305,0.07972397
792306,0.031272672
792307,0.9426913
792308,0.23002496
792309,0.10512331
792310,0.009407159
792311,0.011239788
792312,0.6489011
792313,0.010228682
792314,0.94487584
792315,0.047698222
792316,0.99649346
792317,0.03137489
792318,0.86093456
792319,0.89042103
792320,0.10608883
792321,0.061234444
792322,0.21128722
792323,0.8761059
792324,0.06950702
792325,0.9579142
792326,0.9018215
792327,0.020478752
792328,0.032212757
792329,0.6547971
792330,0.9778571
792331,0.0054609887
792332,0.038062524
792333,0.00824176
792334,0.6086026
792335,0.7232561
792336,0.07443598
792337,0.04336884
792338,0.9811684
792339,0.9892731
792340,0.07382437
792341,0.03626234
792342,0.93163705
792343,0.60879385
792344,0.971723
792345,0.023858797
792346,0.08571234
792347,0.16762574
792348,0.70830977
792349,0.99235106
792350,0.9851155
792351,0.6828569
792352,0.015458185
792353,0.29296228
792354,0.08742698
792355,0.9985075
792356,0.014071044
792357,0.60410583
792358,0.3899075
792359,0.046933115
792360,0.007966303
792361,0.018217884
792362,0.99712324
792363,0.09203848
792364,0.67050093
792365,0.03322627
792366,0.13386941
792367,0.3911394
792368,0.6675534
792369,0.12400867
792370,0.9931166
792371,0.9351746
792372,0.9920007
792373,0.017818483
792374,0.5364818
792375,0.99924403
792376,0.942655
792377,0.5657216
792378,0.8104006
792379,0.96161366
792380,0.97402066
792381,0.8308908
792382,0.98365366
792383,0.0132367555
792384,0.9650565
792385,0.905118
792386,0.9781589
792387,0.102901846
792388,0.00033798465
792389,0.9937471
792390,0.99543
792391,0.2955398
792392,0.9784273
792393,0.9474484
792394,0.65025353
792395,0.80926234
792396,0.99788696
792397,0.6356523
792398,0.016111244
792399,0.05006863
792400,0.09094355
792401,0.0054082535
792402,0.9207658
792403,0.46472472
792404,0.25302282
792405,0.031642996
792406,0.6116301
792407,0.011671767
792408,0.9884005
792409,0.0092995195
792410,0.28165275
792411,0.0087728845
792412,0.121251985
792413,0.029436076
792414,0.029874492
792415,0.99363124
792416,0.972301
792417,0.003124109
792418,0.81424546
792419,0.2311009
792420,0.9943055
792421,0.014070382
792422,0.17206377
792423,0.9418169
792424,0.88191074
792425,0.007606749
792426,0.99672043
792427,0.012922293
792428,0.010879599
792429,0.9505077
792430,0.0121756
792431,0.09564009
792432,0.9869262
792433,0.015352365
792434,0.07896815
792435,0.98608005
792436,0.005913971
792437,0.119482815
792438,0.9369216
792439,0.11392112
792440,0.54651725
792441,0.99316084
792442,0.0027925048
792443,0.79106444
792444,0.9505778
792445,0.009093904
792446,0.9948444
792447,0.029788777
792448,0.98782337
792449,0.06624158
792450,0.37472814
792451,0.05900211
792452,0.051347386
792453,0.98900014
792454,0.01587103
792455,0.042818114
792456,0.015654594
792457,0.09167722
792458,0.9881083
792459,0.6313219
792460,0.98983085
792461,0.16172406
792462,0.010190913
792463,0.019616127
792464,0.28833264
792465,0.8869436
792466,0.027339855
792467,0.48791087
792468,0.9774289
792469,0.7801438
792470,0.024831606
792471,0.018109502
792472,0.010063607
792473,0.70398086
792474,0.12879393
792475,0.9512829
792476,0.011348569
792477,0.015823115
792478,0.8876593
792479,0.011829802
792480,0.16145577
792481,0.24638817
792482,0.03254817
792483,0.06094089
792484,0.192244
792485,0.93734515
792486,0.10057714
792487,0.9935936
792488,0.20679648
792489,0.43215966
792490,0.08862798
792491,0.9662973
792492,0.0553163
792493,0.5695262
792494,0.7473227
792495,0.9979692
792496,0.48806262
792497,0.9786442
792498,0.046338916
792499,0.017588707
792500,0.9817222
792501,0.22532457
792502,0.15206814
792503,0.9639316
792504,0.18870878
792505,0.61670315
792506,0.006768753
792507,0.50750166
792508,0.025091711
792509,0.74696195
792510,0.12493045
792511,0.98322916
792512,0.8352865
792513,0.39573148
792514,0.11412406
792515,0.18589783
792516,0.14179552
792517,0.9934932
792518,0.9814284
792519,0.99629045
792520,0.7016516
792521,0.10648632
792522,0.98130506
792523,0.045543253
792524,0.23701584
792525,0.9935117
792526,0.12501541
792527,0.9890104
792528,0.9624872
792529,0.9097114
792530,0.97908527
792531,0.035300426
792532,0.96888876
792533,0.37700117
792534,0.98390317
792535,0.0201221
792536,0.011459072
792537,0.8122598
792538,0.012670931
792539,0.1969845
792540,0.75048697
792541,0.96869755
792542,0.0046455967
792543,0.54079485
792544,0.2219486
792545,0.85518646
792546,0.3741779
792547,0.0065357573
792548,0.34068877
792549,0.05736623
792550,0.9964255
792551,0.047973897
792552,0.79933643
792553,0.5946559
792554,0.9806343
792555,0.46749735
792556,0.92751247
792557,0.003973444
792558,0.82733506
792559,0.79487264
792560,0.027211927
792561,0.057361633
792562,0.9965345
792563,0.94791645
792564,0.014366481
792565,0.02049779
792566,0.9908153
792567,0.022334117
792568,0.85292244
792569,0.23075318
792570,0.99466693
792571,0.7173503
792572,0.03391958
792573,0.8695498
792574,0.24089564
792575,0.9990097
792576,0.8209282
792577,0.018999945
792578,0.9589462
792579,0.037216026
792580,0.4555525
792581,0.054576043
792582,0.01859937
792583,0.93282586
792584,0.9635082
792585,0.99649537
792586,0.19728884
792587,0.8571315
792588,0.95566
792589,0.8864952
792590,0.8069086
792591,0.32229716
792592,0.9934358
792593,0.5904645
792594,0.9901406
792595,0.97476
792596,0.99064887
792597,0.009514764
792598,0.9980527
792599,0.039276265
792600,0.060894188
792601,0.018050227
792602,0.9793252
792603,0.7588821
792604,0.9578573
792605,0.051897943
792606,0.9238808
792607,0.05112096
792608,0.03738476
792609,0.05116533
792610,0.99220896
792611,0.99466294
792612,0.9532255
792613,0.60625094
792614,0.0034173785
792615,0.014166262
792616,0.9989155
792617,0.04574242
792618,0.81010205
792619,0.77642685
792620,0.007322867
792621,0.99039817
792622,0.12519921
792623,0.0016489953
792624,0.002070958
792625,0.03505346
792626,0.029519768
792627,0.019452205
792628,0.94341385
792629,0.9899947
792630,0.077786185
792631,0.69623065
792632,0.026802585
792633,0.0030446372
792634,0.0034771978
792635,0.016503032
792636,0.906425
792637,0.4281606
792638,0.9860725
792639,0.36735004
792640,0.6387727
792641,0.032620724
792642,0.049930453
792643,0.95331895
792644,0.39565456
792645,0.90755343
792646,0.015326329
792647,0.8559518
792648,0.993154
792649,0.023721792
792650,0.199791
792651,0.26590097
792652,0.0133211035
792653,0.11485985
792654,0.9229924
792655,0.005059097
792656,0.019904403
792657,0.32236236
792658,0.58823323
792659,0.028627146
792660,0.9769368
792661,0.53283334
792662,0.84532595
792663,0.5980044
792664,0.0073427977
792665,0.10756621
792666,0.01572762
792667,0.8760653
792668,0.014650874
792669,0.019350782
792670,0.9334977
792671,0.014554343
792672,0.99747396
792673,0.8290807
792674,0.9821313
792675,0.011504376
792676,0.9861285
792677,0.82732105
792678,0.15112934
792679,0.031732723
792680,0.009664068
792681,0.9590006
792682,0.026708664
792683,0.8969249
792684,0.9892696
792685,0.9720683
792686,0.91340625
792687,0.009798269
792688,0.6713005
792689,0.006074459
792690,0.037654422
792691,0.04767092
792692,0.01584565
792693,0.033640288
792694,0.9366994
792695,0.045124903
792696,0.9613879
792697,0.020593628
792698,0.105528034
792699,0.81732434
792700,0.05042811
792701,0.8732214
792702,0.15076013
792703,0.32389727
792704,0.64735687
792705,0.07131842
792706,0.24258089
792707,0.010192752
792708,0.9962427
792709,0.017442457
792710,0.95671177
792711,0.98378885
792712,0.83431137
792713,0.97890675
792714,0.010541229
792715,0.68753535
792716,0.28274816
792717,0.98626184
792718,0.0066569233
792719,0.030996041
792720,0.9849575
792721,0.13302852
792722,0.9702692
792723,0.018339105
792724,0.5811744
792725,0.015380822
792726,0.027269712
792727,0.011888021
792728,0.006683579
792729,0.52649117
792730,0.22209543
792731,0.84403694
792732,0.0149553
792733,0.8143439
792734,0.9841199
792735,0.9934522
792736,0.0064305533
792737,0.09884252
792738,0.030462097
792739,0.99241436
792740,0.013191133
792741,0.010969832
792742,0.037443776
792743,0.6872132
792744,0.045606874
792745,0.1410034
792746,0.029663358
792747,0.020392317
792748,0.95681405
792749,0.003832031
792750,0.0237254
792751,0.11714479
792752,0.21278276
792753,0.01814706
792754,0.4312725
792755,0.21481325
792756,0.027199212
792757,0.0104029225
792758,0.008177753
792759,0.97956145
792760,0.9895278
792761,0.9860726
792762,0.8151033
792763,0.9045996
792764,0.19701959
792765,0.037382957
792766,0.004085131
792767,0.51933396
792768,0.21038374
792769,0.0036359308
792770,0.9943195
792771,0.33295426
792772,0.96396923
792773,0.95147556
792774,0.33421874
792775,0.89069647
792776,0.9588938
792777,0.013457121
792778,0.9537709
792779,0.9642342
792780,0.9639341
792781,0.005832507
792782,0.98893464
792783,0.48893926
792784,0.80058014
792785,0.065040216
792786,0.0072781574
792787,0.0039746263
792788,0.75318426
792789,0.010746512
792790,0.02536047
792791,0.9414358
792792,0.9376292
792793,0.90709126
792794,0.71836525
792795,0.5602304
792796,0.5238072
792797,0.22873122
792798,0.9488535
792799,0.054214824
792800,0.9830349
792801,0.014807828
792802,0.9652927
792803,0.95402247
792804,0.028706122
792805,0.073381886
792806,0.17623664
792807,0.14845271
792808,0.9759272
792809,0.0042685526
792810,0.013840618
792811,0.90771824
792812,0.03577821
792813,0.11373295
792814,0.008717099
792815,0.035821818
792816,0.13856006
792817,0.26921013
792818,0.98220545
792819,0.0020042635
792820,0.018294921
792821,0.010333309
792822,0.38371223
792823,0.04297411
792824,0.044328712
792825,0.2981786
792826,0.9712582
792827,0.012323578
792828,0.0046482934
792829,0.009295585
792830,0.955682
792831,0.18193485
792832,0.09159008
792833,0.0036739276
792834,0.6614152
792835,0.045535527
792836,0.68364394
792837,0.23244627
792838,0.91291666
792839,0.9991227
792840,0.01782586
792841,0.14864077
792842,0.01200975
792843,0.08617387
792844,0.9261113
792845,0.017058989
792846,0.88910586
792847,0.983621
792848,0.024550272
792849,0.9762458
792850,0.012115568
792851,0.9742136
792852,0.09084187
792853,0.9290143
792854,0.98945516
792855,0.19947416
792856,0.3408267
792857,0.032351516
792858,0.0828334
792859,0.057469416
792860,0.17985158
792861,0.13195041
792862,0.9663441
792863,0.9940312
792864,0.08737054
792865,0.024050696
792866,0.04148342
792867,0.25260326
792868,0.014317732
792869,0.6544908
792870,0.19780955
792871,0.9700607
792872,0.26991406
792873,0.17854108
792874,0.9259646
792875,0.9188273
792876,0.93783784
792877,0.00049292826
792878,0.011116856
792879,0.25703847
792880,0.040114354
792881,0.70491153
792882,0.20930362
792883,0.978366
792884,0.9873803
792885,0.92796904
792886,0.057858683
792887,0.029121038
792888,0.9300699
792889,0.11293642
792890,0.49332482
792891,0.07389132
792892,0.93252665
792893,0.15206099
792894,0.004331691
792895,0.10772999
792896,0.35983217
792897,0.27854493
792898,0.8547091
792899,0.93248224
792900,0.0038617512
792901,0.9440093
792902,0.0091349445
792903,0.9486605
792904,0.7863697
792905,0.9673562
792906,0.014255445
792907,0.03191386
792908,0.16935275
792909,0.97840214
792910,0.7813351
792911,0.030231856
792912,0.005502017
792913,0.23513034
792914,0.2387624
792915,0.009399776
792916,0.0148310745
792917,0.010086356
792918,0.87832415
792919,0.05139693
792920,0.12476102
792921,0.012428969
792922,0.021306645
792923,0.9776488
792924,0.3527544
792925,0.95840734
792926,0.99868447
792927,0.9940546
792928,0.0061441967
792929,0.8448184
792930,0.004369617
792931,0.07073006
792932,0.03584198
792933,0.7788542
792934,0.9879722
792935,0.007056242
792936,0.048964344
792937,0.070109084
792938,0.9700205
792939,0.15037058
792940,0.054043964
792941,0.9217662
792942,0.50626934
792943,0.035023738
792944,0.9882396
792945,0.9218158
792946,0.92626244
792947,0.9954351
792948,0.020323297
792949,0.9762567
792950,0.66410315
792951,0.91329324
792952,0.20583108
792953,0.47874054
792954,0.08097994
792955,0.98766327
792956,0.9972002
792957,0.144357
792958,0.9860971
792959,0.016263587
792960,0.3876204
792961,0.9846387
792962,0.99172425
792963,0.9961138
792964,0.98946655
792965,0.43633848
792966,0.8341821
792967,0.025703793
792968,0.86187315
792969,0.057941593
792970,0.18092512
792971,0.98107624
792972,0.07655335
792973,0.9949398
792974,0.42704183
792975,0.8443434
792976,0.9301497
792977,0.09252181
792978,0.69706273
792979,0.94612056
792980,0.83450377
792981,0.021792157
792982,0.8016807
792983,0.6006502
792984,0.90934855
792985,0.9872206
792986,0.36053175
792987,0.9968949
792988,0.428497
792989,0.9628583
792990,0.09660396
792991,0.7443161
792992,0.17164978
792993,0.0074442937
792994,0.6732706
792995,0.014279902
792996,0.03229477
792997,0.007607922
792998,0.014216553
792999,0.10053512
793000,0.053487286
793001,0.85723495
793002,0.4460442
793003,0.009309141
793004,0.13196953
793005,0.030560607
793006,0.83517915
793007,0.8757737
793008,0.011457468
793009,0.99088854
793010,0.9736176
793011,0.013414053
793012,0.006843595
793013,0.31474394
793014,0.9949192
793015,0.91641617
793016,0.117963955
793017,0.039970465
793018,0.96261024
793019,0.09762196
793020,0.9972962
793021,0.013157465
793022,0.99421716
793023,0.027325146
793024,0.9552285
793025,0.9944347
793026,0.12288284
793027,0.99671113
793028,0.080741145
793029,0.9419048
793030,0.98834896
793031,0.999038
793032,0.0023929307
793033,0.6584864
793034,0.147424
793035,0.0052851834
793036,0.9918176
793037,0.010151459
793038,0.0047418014
793039,0.99773395
793040,0.0033500479
793041,0.90803564
793042,0.0023700148
793043,0.83988094
793044,0.05417251
793045,0.013143976
793046,0.009392697
793047,0.21492814
793048,0.33161542
793049,0.065408036
793050,0.70029956
793051,0.86731696
793052,0.9792187
793053,0.02456373
793054,0.016567491
793055,0.9913696
793056,0.06444736
793057,0.031948783
793058,0.026787495
793059,0.018374171
793060,0.13836811
793061,0.022646075
793062,0.0041690897
793063,0.6030011
793064,0.73342514
793065,0.19272903
793066,0.11616748
793067,0.9355259
793068,0.19679129
793069,0.93964636
793070,0.09002433
793071,0.005508787
793072,0.0221976
793073,0.31171373
793074,0.039134175
793075,0.6094638
793076,0.98855865
793077,0.20949475
793078,0.03899553
793079,0.9934623
793080,0.92873836
793081,0.01014393
793082,0.1334511
793083,0.9667706
793084,0.23312551
793085,0.6896129
793086,0.24358927
793087,0.5758538
793088,0.004830684
793089,0.5917374
793090,0.03515854
793091,0.006796827
793092,0.019567784
793093,0.981906
793094,0.002414979
793095,0.035957295
793096,0.2145838
793097,0.0143520385
793098,0.9840571
793099,0.5154505
793100,0.9949614
793101,0.013513811
793102,0.97749215
793103,0.099129416
793104,0.32768232
793105,0.0117422845
793106,0.99206483
793107,0.8986218
793108,0.7163592
793109,0.122527204
793110,0.009154854
793111,0.9979752
793112,0.23649907
793113,0.9987243
793114,0.01018875
793115,0.92755747
793116,0.023443602
793117,0.011890128
793118,0.7419727
793119,0.0051694615
793120,0.2030352
793121,0.9892471
793122,0.89304554
793123,0.042920973
793124,0.0120217465
793125,0.63195336
793126,0.9908881
793127,0.9781424
793128,0.0028130277
793129,0.005182601
793130,0.9976667
793131,0.8415673
793132,0.96612155
793133,0.039818242
793134,0.8257762
793135,0.08681482
793136,0.9551852
793137,0.4707453
793138,0.027614495
793139,0.04990857
793140,0.010579748
793141,0.8607775
793142,0.029058155
793143,0.8346641
793144,0.3756683
793145,0.49669307
793146,0.07905096
793147,0.96799964
793148,0.38124833
793149,0.98708355
793150,0.00499388
793151,0.004921566
793152,0.03954791
793153,0.9355988
793154,0.96474826
793155,0.14942975
793156,0.003170947
793157,0.29166332
793158,0.0077484176
793159,0.992708
793160,0.9111628
793161,0.6926205
793162,0.8927809
793163,0.13435121
793164,0.49622896
793165,0.014552187
793166,0.0825095
793167,0.035230532
793168,0.39797193
793169,0.9003228
793170,0.54805773
793171,0.013229851
793172,0.9852825
793173,0.017544966
793174,0.9498853
793175,0.005247432
793176,0.997439
793177,0.011131167
793178,0.9664471
793179,0.035525445
793180,0.41101947
793181,0.029737607
793182,0.0056839595
793183,0.9956225
793184,0.017386096
793185,0.1852959
793186,0.025595985
793187,0.93862164
793188,0.0049114614
793189,0.0057738163
793190,0.08962901
793191,0.2457535
793192,0.8626764
793193,0.007871666
793194,0.0028329992
793195,0.05612585
793196,0.030675575
793197,0.93616116
793198,0.43400085
793199,0.93786097
793200,0.5417142
793201,0.9877632
793202,0.9489481
793203,0.29535592
793204,0.96349347
793205,0.9960028
793206,0.63461983
793207,0.99471694
793208,0.16872846
793209,0.047524806
793210,0.01238079
793211,0.08624453
793212,0.4620596
793213,0.09297962
793214,0.016109403
793215,0.19608882
793216,0.63177073
793217,0.049056955
793218,0.014295754
793219,0.98510325
793220,0.012551494
793221,0.030299768
793222,0.033128895
793223,0.9947427
793224,0.7546123
793225,0.9933786
793226,0.76404667
793227,0.009845287
793228,0.037422962
793229,0.9880679
793230,0.009458747
793231,0.9878689
793232,0.18682878
793233,0.95130336
793234,0.38626885
793235,0.046932563
793236,0.9927402
793237,0.2776157
793238,0.029475767
793239,0.3374059
793240,0.9455869
793241,0.006249233
793242,0.18620919
793243,0.6267095
793244,0.9960267
793245,0.97583216
793246,0.51372135
793247,0.36806297
793248,0.8146786
793249,0.94702244
793250,0.05464435
793251,0.84878045
793252,0.9458001
793253,0.99571854
793254,0.9574857
793255,0.05065786
793256,0.007925266
793257,0.95370567
793258,0.7713202
793259,0.29162726
793260,0.9689346
793261,0.9976602
793262,0.99626744
793263,0.9996987
793264,0.995708
793265,0.017112784
793266,0.019953858
793267,0.80291545
793268,0.99642634
793269,0.6048056
793270,0.10590817
793271,0.030056661
793272,0.91770935
793273,0.86404324
793274,0.99547446
793275,0.49583408
793276,0.9871325
793277,0.6839736
793278,0.6792795
793279,0.29952103
793280,0.63821983
793281,0.026738938
793282,0.20438424
793283,0.005338692
793284,0.9554177
793285,0.17023605
793286,0.6676458
793287,0.9933298
793288,0.004110989
793289,0.100801244
793290,0.34946945
793291,0.06954771
793292,0.75696456
793293,0.99498427
793294,0.9943944
793295,0.94363344
793296,0.063029155
793297,0.88731766
793298,0.9390397
793299,0.02974284
793300,0.8326179
793301,0.027460407
793302,0.96746576
793303,0.41189092
793304,0.0021797507
793305,0.012128379
793306,0.012840282
793307,0.9491887
793308,0.20080006
793309,0.5818273
793310,0.94859356
793311,0.9851421
793312,0.997915
793313,0.046950735
793314,0.60703176
793315,0.8582152
793316,0.14950418
793317,0.9726479
793318,0.15012811
793319,0.7096482
793320,0.9724522
793321,0.08393941
793322,0.013637533
793323,0.3056659
793324,0.0037155696
793325,0.38130552
793326,0.02239388
793327,0.069773816
793328,0.024745809
793329,0.7828115
793330,0.024449846
793331,0.7861582
793332,0.99224037
793333,0.25554258
793334,0.9864832
793335,0.004066685
793336,0.5755104
793337,0.025994428
793338,0.99832654
793339,0.99838924
793340,0.758525
793341,0.31999898
793342,0.97051066
793343,0.2501871
793344,0.91022044
793345,0.008060424
793346,0.14143254
793347,0.86258143
793348,0.9463451
793349,0.9929985
793350,0.7043688
793351,0.0056114
793352,0.45016533
793353,0.2064926
793354,0.9921959
793355,0.41491914
793356,0.18992531
793357,0.9680175
793358,0.15687798
793359,0.9667143
793360,0.9985055
793361,0.06963192
793362,0.9052066
793363,0.99002385
793364,0.018609252
793365,0.9616103
793366,0.99818337
793367,0.8158778
793368,0.011126186
793369,0.85354054
793370,0.9976992
793371,0.9815631
793372,0.9715833
793373,0.97027147
793374,0.3821753
793375,0.9965704
793376,0.96925926
793377,0.95506734
793378,0.0084839845
793379,0.012718483
793380,0.026915375
793381,0.99602664
793382,0.047019478
793383,0.9653702
793384,0.5462812
793385,0.5664362
793386,0.08347647
793387,0.09961122
793388,0.041341037
793389,0.14058188
793390,0.9446316
793391,0.014047339
793392,0.9899143
793393,0.3442324
793394,0.16255757
793395,0.03404984
793396,0.5622418
793397,0.0039079846
793398,0.5694991
793399,0.9677777
793400,0.9756354
793401,0.15735334
793402,0.090142004
793403,0.1794645
793404,0.9919295
793405,0.8480308
793406,0.50777996
793407,0.9961811
793408,0.86101216
793409,0.0035826094
793410,0.0223026
793411,0.012991043
793412,0.0068284734
793413,0.012882527
793414,0.9990166
793415,0.14880162
793416,0.9838599
793417,0.972503
793418,0.03440031
793419,0.286816
793420,0.23791309
793421,0.8570018
793422,0.4621045
793423,0.99591404
793424,0.026446495
793425,0.028272834
793426,0.9984001
793427,0.9418141
793428,0.07140346
793429,0.0017678014
793430,0.011551568
793431,0.004143493
793432,0.15417194
793433,0.9833604
793434,0.33589718
793435,0.95215607
793436,0.014070732
793437,0.21004394
793438,0.0362167
793439,0.9936361
793440,0.038165577
793441,0.2576275
793442,0.99235487
793443,0.003197728
793444,0.91401345
793445,0.724818
793446,0.99186903
793447,0.01584385
793448,0.93119365
793449,0.60041165
793450,0.87406874
793451,0.41664103
793452,0.99770296
793453,0.012674355
793454,0.998099
793455,0.09856861
793456,0.560875
793457,0.13034324
793458,0.024847556
793459,0.15400259
793460,0.013640016
793461,0.21785338
793462,0.016612636
793463,0.05317823
793464,0.002590897
793465,0.042203188
793466,0.98161274
793467,0.019904545
793468,0.06316931
793469,0.9050172
793470,0.023639617
793471,0.11860178
793472,0.982038
793473,0.03787906
793474,0.007782382
793475,0.977183
793476,0.63762224
793477,0.99727213
793478,0.039385833
793479,0.39332417
793480,0.08149581
793481,0.24509937
793482,0.1013715
793483,0.40722492
793484,0.9975245
793485,0.08626594
793486,0.06160661
793487,0.0029557648
793488,0.8460137
793489,0.39887327
793490,0.98879284
793491,0.17994048
793492,0.15230897
793493,0.9188373
793494,0.17326215
793495,0.31372637
793496,0.8393887
793497,0.14546588
793498,0.18416734
793499,0.011887158
793500,0.95128334
793501,0.5859739
793502,0.019396909
793503,0.14231412
793504,0.6528516
793505,0.11709433
793506,0.05304407
793507,0.9877919
793508,0.15375638
793509,0.02237848
793510,0.040601023
793511,0.8020496
793512,0.9892577
793513,0.6783886
793514,0.8436123
793515,0.024504855
793516,0.9840557
793517,0.55309397
793518,0.9400086
793519,0.9805756
793520,0.07526513
793521,0.8663845
793522,0.9046756
793523,0.15729608
793524,0.5481738
793525,0.083233155
793526,0.0033731617
793527,0.0013627566
793528,0.3590492
793529,0.3116516
793530,0.19997677
793531,0.3269028
793532,0.038752466
793533,0.0022074366
793534,0.013952237
793535,0.21009848
793536,0.77791315
793537,0.0034632348
793538,0.010044984
793539,0.9978434
793540,0.013827691
793541,0.02347313
793542,0.824903
793543,0.8783232
793544,0.13668996
793545,0.64905787
793546,0.44306156
793547,0.82223135
793548,0.010872295
793549,0.004336768
793550,0.03394443
793551,0.89295363
793552,0.0055648214
793553,0.9484966
793554,0.41999286
793555,0.19326934
793556,0.13359644
793557,0.24358107
793558,0.20382904
793559,0.1027875
793560,0.9557437
793561,0.029435474
793562,0.9430926
793563,0.568743
793564,0.024555119
793565,0.2529829
793566,0.09435989
793567,0.009995453
793568,0.98962384
793569,0.018831544
793570,0.08532505
793571,0.017153542
793572,0.10950343
793573,0.0840839
793574,0.018648814
793575,0.95381576
793576,0.64971846
793577,0.65152985
793578,0.71043324
793579,0.98028564
793580,0.015037441
793581,0.96580696
793582,0.054476917
793583,0.9714816
793584,0.08066944
793585,0.9886443
793586,0.06339832
793587,0.3140033
793588,0.098855436
793589,0.29540294
793590,0.008878868
793591,0.00622405
793592,0.99791193
793593,0.07027641
793594,0.9946471
793595,0.98664904
793596,0.76310706
793597,0.031321365
793598,0.574507
793599,0.010148656
793600,0.926231
793601,0.84297156
793602,0.034238536
793603,0.08618486
793604,0.010102825
793605,0.9656602
793606,0.92158777
793607,0.9562583
793608,0.99713296
793609,0.024260988
793610,0.17661512
793611,0.040892076
793612,0.01066564
793613,0.007242472
793614,0.05427387
793615,0.8299621
793616,0.20498286
793617,0.97141135
793618,0.5813298
793619,0.79949844
793620,0.93756014
793621,0.9506669
793622,0.10304497
793623,0.9853742
793624,0.99162364
793625,0.007841537
793626,0.99578494
793627,0.042507343
793628,0.98337644
793629,0.2969848
793630,0.67389476
793631,0.060762446
793632,0.00854118
793633,0.014158174
793634,0.012127261
793635,0.81977546
793636,0.022750296
793637,0.9730609
793638,0.056816794
793639,0.021104835
793640,0.21020645
793641,0.1739155
793642,0.023747858
793643,0.051826183
793644,0.944326
793645,0.35133278
793646,0.07765277
793647,0.27849513
793648,0.030224757
793649,0.0659671
793650,0.6728298
793651,0.82305247
793652,0.049797017
793653,0.009712889
793654,0.8140914
793655,0.021217672
793656,0.0029771717
793657,0.045256335
793658,0.0028278735
793659,0.045369584
793660,0.071899
793661,0.9919145
793662,0.98774135
793663,0.9359663
793664,0.016303694
793665,0.9782334
793666,0.99627656
793667,0.06320675
793668,0.95748097
793669,0.029353205
793670,0.88095975
793671,0.022122512
793672,0.15909484
793673,0.9963901
793674,0.13412648
793675,0.0026581497
793676,0.0141425
793677,0.104821384
793678,0.9876903
793679,0.55967313
793680,0.066039145
793681,0.79751
793682,0.78054523
793683,0.07712531
793684,0.5815672
793685,0.25133303
793686,0.011071478
793687,0.015338743
793688,0.056294464
793689,0.7989805
793690,0.28852928
793691,0.059302855
793692,0.9960689
793693,0.04726457
793694,0.01953711
793695,0.9654317
793696,0.963835
793697,0.35260144
793698,0.002507736
793699,0.933333
793700,0.9946522
793701,0.5156257
793702,0.9404292
793703,0.26223665
793704,0.4838688
793705,0.006096397
793706,0.26276994
793707,0.9916028
793708,0.9607929
793709,0.02948364
793710,0.028441899
793711,0.8331283
793712,0.33024865
793713,0.9957546
793714,0.023692783
793715,0.05598817
793716,0.99806285
793717,0.8331812
793718,0.97857225
793719,0.1081383
793720,0.99917185
793721,0.629009
793722,0.07562988
793723,0.2438
793724,0.16118202
793725,0.089200586
793726,0.07762152
793727,0.008895908
793728,0.4141824
793729,0.06663192
793730,0.020425841
793731,0.011747334
793732,0.99711263
793733,0.40008345
793734,0.88713735
793735,0.67228115
793736,0.9894268
793737,0.6316109
793738,0.73273313
793739,0.17144342
793740,0.050116535
793741,0.9673998
793742,0.019031085
793743,0.9195499
793744,0.5582273
793745,0.98870426
793746,0.9541044
793747,0.0017267535
793748,0.9305466
793749,0.00990347
793750,0.6352172
793751,0.610026
793752,0.46705902
793753,0.072586715
793754,0.973693
793755,0.9190314
793756,0.9965775
793757,0.24145915
793758,0.09368408
793759,0.112366565
793760,0.14961904
793761,0.026958957
793762,0.26101026
793763,0.96647644
793764,0.6436975
793765,0.009656392
793766,0.03655155
793767,0.017937012
793768,0.2942663
793769,0.014033669
793770,0.9127975
793771,0.0056556147
793772,0.034853913
793773,0.9850577
793774,0.025667232
793775,0.92907816
793776,0.9680192
793777,0.32484975
793778,0.21067865
793779,0.0701551
793780,0.99568677
793781,0.96558714
793782,0.13448788
793783,0.9976698
793784,0.296872
793785,0.9871638
793786,0.9834273
793787,0.9843895
793788,0.997561
793789,0.9974724
793790,0.021944389
793791,0.33968824
793792,0.13541454
793793,0.9949254
793794,0.050461285
793795,0.9926685
793796,0.013317974
793797,0.20356
793798,0.002888681
793799,0.1667899
793800,0.9189795
793801,0.84459794
793802,0.9797865
793803,0.19079465
793804,0.75469637
793805,0.04502705
793806,0.9833265
793807,0.63620126
793808,0.16665284
793809,0.68325055
793810,0.14152312
793811,0.33091742
793812,0.105707005
793813,0.05440987
793814,0.044124007
793815,0.029074198
793816,0.9057785
793817,0.9491688
793818,0.92487687
793819,0.6639804
793820,0.043724667
793821,0.14281262
793822,0.98743856
793823,0.06364913
793824,0.96380764
793825,0.9927373
793826,0.12926841
793827,0.02429526
793828,0.9886102
793829,0.7742777
793830,0.27080336
793831,0.88289547
793832,0.5079502
793833,0.1869069
793834,0.09342458
793835,0.95361847
793836,0.938461
793837,0.81938285
793838,0.9837846
793839,0.09136719
793840,0.03339786
793841,0.3331049
793842,0.9460262
793843,0.9985839
793844,0.0034450423
793845,0.11091348
793846,0.016991116
793847,0.4514871
793848,0.9980784
793849,0.007153486
793850,0.052573822
793851,0.21395907
793852,0.18387656
793853,0.008138392
793854,0.00443104
793855,0.086075485
793856,0.11937014
793857,0.0075977156
793858,0.96737856
793859,0.7140296
793860,0.986713
793861,0.2809488
793862,0.48557246
793863,0.042289756
793864,0.003627894
793865,0.95592916
793866,0.85007787
793867,0.8070462
793868,0.867691
793869,0.9935158
793870,0.37715355
793871,0.0065592634
793872,0.9671798
793873,0.14025114
793874,0.009797204
793875,0.87425923
793876,0.011692817
793877,0.50628203
793878,0.050836697
793879,0.91963387
793880,0.9360062
793881,0.050561544
793882,0.017717473
793883,0.9436921
793884,0.0123102255
793885,0.473284
793886,0.5256914
793887,0.93593174
793888,0.026491884
793889,0.9893862
793890,0.9802305
793891,0.99123013
793892,0.86265045
793893,0.89984226
793894,0.9965509
793895,0.80196774
793896,0.008758716
793897,0.05082212
793898,0.66866225
793899,0.59866977
793900,0.36150074
793901,0.9943545
793902,0.15087312
793903,0.2958018
793904,0.86554193
793905,0.9892933
793906,0.00480161
793907,0.99481344
793908,0.5749402
793909,0.03156615
793910,0.16883871
793911,0.010197122
793912,0.001041319
793913,0.49159276
793914,0.7886063
793915,0.9835526
793916,0.3842306
793917,0.291076
793918,0.98845655
793919,0.18740189
793920,0.99430764
793921,0.9550346
793922,0.60392535
793923,0.03522477
793924,0.9796946
793925,0.06770317
793926,0.92556995
793927,0.9994229
793928,0.9978448
793929,0.92783225
793930,0.06975264
793931,0.019456746
793932,0.8570168
793933,0.46643138
793934,0.020404022
793935,0.71694565
793936,0.005764257
793937,0.045850515
793938,0.027977914
793939,0.09376447
793940,0.0123665
793941,0.09617069
793942,0.9988746
793943,0.2389235
793944,0.24666058
793945,0.93897784
793946,0.99711394
793947,0.9737321
793948,0.010293335
793949,0.9969825
793950,0.0033979951
793951,0.04257847
793952,0.9471026
793953,0.29617316
793954,0.45944643
793955,0.8832082
793956,0.98665345
793957,0.05998025
793958,0.8492698
793959,0.9942656
793960,0.5482925
793961,0.011685289
793962,0.8848098
793963,0.83692235
793964,0.008183859
793965,0.9987673
793966,0.98880196
793967,0.04989989
793968,0.8795472
793969,0.05264015
793970,0.04344789
793971,0.012133386
793972,0.05376613
793973,0.38361874
793974,0.99562085
793975,0.19074345
793976,0.0071310215
793977,0.017901154
793978,0.009208826
793979,0.4418615
793980,0.031446446
793981,0.14920802
793982,0.6594719
793983,0.007320604
793984,0.848546
793985,0.90756786
793986,0.97761506
793987,0.7824018
793988,0.8172141
793989,0.9897479
793990,0.71076816
793991,0.7857925
793992,0.3063215
793993,0.018818676
793994,0.14740476
793995,0.010894785
793996,0.99499243
793997,0.9920267
793998,0.102195054
793999,0.0044751717
794000,0.013382175
794001,0.8651681
794002,0.2536416
794003,0.037317343
794004,0.99455106
794005,0.021737954
794006,0.69560397
794007,0.84133494
794008,0.0092823785
794009,0.9096109
794010,0.9935089
794011,0.21891
794012,0.99049896
794013,0.81467927
794014,0.07334201
794015,0.002927069
794016,0.00248787
794017,0.5793711
794018,0.8643312
794019,0.99734914
794020,0.92040926
794021,0.08514886
794022,0.866538
794023,0.9806279
794024,0.058105938
794025,0.02022235
794026,0.02761354
794027,0.012504698
794028,0.7939116
794029,0.060525782
794030,0.02862779
794031,0.008259804
794032,0.07337067
794033,0.27039385
794034,0.7330605
794035,0.9874418
794036,0.46922433
794037,0.14240451
794038,0.93419594
794039,0.7650746
794040,0.27962792
794041,0.19225182
794042,0.006928726
794043,0.98068285
794044,0.1093422
794045,0.9289816
794046,0.63300395
794047,0.980332
794048,0.95875907
794049,0.9961036
794050,0.97958034
794051,0.07408052
794052,0.6343782
794053,0.048829664
794054,0.03602668
794055,0.0076513886
794056,0.40184212
794057,0.00524652
794058,0.3851321
794059,0.046575636
794060,0.9910467
794061,0.5657709
794062,0.9974037
794063,0.0738253
794064,0.99202406
794065,0.9849422
794066,0.022836337
794067,0.007551573
794068,0.030257525
794069,0.99683285
794070,0.5417235
794071,0.028635912
794072,0.38363403
794073,0.4920299
794074,0.0134500805
794075,0.74631333
794076,0.93775904
794077,0.023889422
794078,0.48006
794079,0.28079796
794080,0.03168352
794081,0.5739997
794082,0.9969059
794083,0.0037475177
794084,0.005627068
794085,0.5785067
794086,0.3196803
794087,0.37416536
794088,0.9004071
794089,0.012871245
794090,0.4733823
794091,0.9932516
794092,0.92792094
794093,0.9318298
794094,0.061507657
794095,0.4775646
794096,0.93290174
794097,0.003899531
794098,0.06691594
794099,0.044624023
794100,0.9682223
794101,0.8580814
794102,0.006191873
794103,0.009088945
794104,0.40319717
794105,0.030134872
794106,0.03350152
794107,0.9909079
794108,0.02588401
794109,0.9972069
794110,0.016630955
794111,0.9967879
794112,0.92296773
794113,0.94257426
794114,0.96259594
794115,0.024249192
794116,0.002186682
794117,0.7781882
794118,0.65118504
794119,0.23611972
794120,0.9713103
794121,0.9961862
794122,0.48811966
794123,0.7759689
794124,0.093479306
794125,0.9288612
794126,0.0049968255
794127,0.9458648
794128,0.020342126
794129,0.05606849
794130,0.9465947
794131,0.39110503
794132,0.045900732
794133,0.45815146
794134,0.9875561
794135,0.0037084967
794136,0.70269084
794137,0.99776864
794138,0.794592
794139,0.061198197
794140,0.96028435
794141,0.9973802
794142,0.0059926743
794143,0.084295884
794144,0.121816374
794145,0.07452754
794146,0.03313628
794147,0.061505497
794148,0.8392398
794149,0.41082606
794150,0.5444575
794151,0.10180177
794152,0.04430504
794153,0.0942879
794154,0.007602383
794155,0.053200565
794156,0.9368646
794157,0.23631708
794158,0.99826837
794159,0.03710629
794160,0.57540536
794161,0.9879704
794162,0.28577083
794163,0.6067912
794164,0.1694347
794165,0.9860063
794166,0.9980019
794167,0.95371926
794168,0.10382645
794169,0.050645012
794170,0.26974788
794171,0.018144485
794172,0.0494129
794173,0.9962125
794174,0.024345031
794175,0.019917203
794176,0.99616146
794177,0.8526797
794178,0.07458338
794179,0.6633231
794180,0.8320476
794181,0.0063961614
794182,0.9536642
794183,0.013593213
794184,0.9911326
794185,0.99910825
794186,0.022129495
794187,0.42130044
794188,0.63007236
794189,0.98343635
794190,0.020567842
794191,0.99756193
794192,0.019610811
794193,0.99075645
794194,0.83645606
794195,0.9998065
794196,0.97115195
794197,0.0071542026
794198,0.990221
794199,0.99859333
794200,0.013158877
794201,0.80691814
794202,0.9960855
794203,0.98220253
794204,0.10947961
794205,0.010083094
794206,0.4828201
794207,0.23604327
794208,0.97139466
794209,0.89818263
794210,0.0058621364
794211,0.99842405
794212,0.2979138
794213,0.347773
794214,0.88369924
794215,0.030111477
794216,0.057144914
794217,0.053755604
794218,0.7164104
794219,0.25771454
794220,0.9531449
794221,0.12343134
794222,0.022665048
794223,0.025150709
794224,0.9993004
794225,0.36663967
794226,0.017839652
794227,0.036510322
794228,0.1886681
794229,0.61021113
794230,0.99676037
794231,0.546475
794232,0.96187115
794233,0.9550876
794234,0.012034005
794235,0.8881487
794236,0.015499134
794237,0.9782181
794238,0.98844725
794239,0.94603807
794240,0.8230968
794241,0.12776063
794242,0.9733941
794243,0.6589502
794244,0.018156476
794245,0.020192906
794246,0.04370043
794247,0.9746531
794248,0.9721836
794249,0.9667561
794250,0.39159152
794251,0.98630625
794252,0.97829217
794253,0.54711163
794254,0.049323767
794255,0.32928354
794256,0.052513886
794257,0.8212259
794258,0.19603875
794259,0.13249448
794260,0.25792748
794261,0.7788083
794262,0.13754942
794263,0.99885374
794264,0.047401354
794265,0.99554324
794266,0.02400302
794267,0.002053926
794268,0.01849518
794269,0.98819304
794270,0.56176513
794271,0.5984705
794272,0.89717126
794273,0.98548937
794274,0.20056504
794275,0.969156
794276,0.6382818
794277,0.009349642
794278,0.36162847
794279,0.9816964
794280,0.65262264
794281,0.5274028
794282,0.19003747
794283,0.9270463
794284,0.9976287
794285,0.6259353
794286,0.93486226
794287,0.00736501
794288,0.11761976
794289,0.9900218
794290,0.9957606
794291,0.9964201
794292,0.674062
794293,0.004087431
794294,0.04183157
794295,0.006802423
794296,0.09553847
794297,0.0035009473
794298,0.030248262
794299,0.9485425
794300,0.44327176
794301,0.4025985
794302,0.49909317
794303,0.38398656
794304,0.016243704
794305,0.015744736
794306,0.9835414
794307,0.96079695
794308,0.9873033
794309,0.01809368
794310,0.0064956592
794311,0.024224428
794312,0.8335544
794313,0.119207546
794314,0.06891108
794315,0.9972444
794316,0.36435896
794317,0.9679346
794318,0.99960136
794319,0.99877733
794320,0.021603033
794321,0.029343925
794322,0.054275673
794323,0.08455524
794324,0.16426457
794325,0.9035122
794326,0.97471005
794327,0.22882795
794328,0.055936556
794329,0.9731463
794330,0.01738998
794331,0.5828097
794332,0.9650111
794333,0.0097301835
794334,0.5028803
794335,0.119990006
794336,0.316635
794337,0.9696073
794338,0.99734133
794339,0.894974
794340,0.13384831
794341,0.12801595
794342,0.97127914
794343,0.96023905
794344,0.0630357
794345,0.2232522
794346,0.684348
794347,0.08610893
794348,0.051274095
794349,0.2608508
794350,0.99357677
794351,0.029340042
794352,0.22584265
794353,0.99857235
794354,0.5317953
794355,0.012530475
794356,0.9762352
794357,0.56606567
794358,0.9011727
794359,0.13557799
794360,0.6473334
794361,0.9904164
794362,0.13717385
794363,0.037956
794364,0.0058605596
794365,0.58742213
794366,0.008651436
794367,0.99924743
794368,0.010763303
794369,0.97745025
794370,0.0069570756
794371,0.073046975
794372,0.9658537
794373,0.10329099
794374,0.01393757
794375,0.978162
794376,0.35418874
794377,0.97687775
794378,0.85343933
794379,0.95898813
794380,0.9159741
794381,0.7520368
794382,0.9643839
794383,0.97490954
794384,0.9927359
794385,0.4795606
794386,0.014310458
794387,0.2257539
794388,0.986375
794389,0.90054554
794390,0.86541486
794391,0.93969816
794392,0.768636
794393,0.9499707
794394,0.73085946
794395,0.93326837
794396,0.0028870804
794397,0.081020765
794398,0.7265739
794399,0.9916511
794400,0.9353947
794401,0.006058466
794402,0.0019363486
794403,0.08919111
794404,0.046011638
794405,0.010871323
794406,0.9815505
794407,0.4400488
794408,0.9864968
794409,0.097875565
794410,0.80343753
794411,0.97997856
794412,0.47709188
794413,0.0049614236
794414,0.2801696
794415,0.3013595
794416,0.993924
794417,0.005517057
794418,0.99266756
794419,0.009463966
794420,0.46091104
794421,0.67724216
794422,0.1645688
794423,0.9271354
794424,0.0042613246
794425,0.14500664
794426,0.9914613
794427,0.5887943
794428,0.9954035
794429,0.58228356
794430,0.9424546
794431,0.20248753
794432,0.047833428
794433,0.9983213
794434,0.8361118
794435,0.55933315
794436,0.08193771
794437,0.9920002
794438,0.24081144
794439,0.22694767
794440,0.006556174
794441,0.9682153
794442,0.12163178
794443,0.21972157
794444,0.97918135
794445,0.0146067515
794446,0.022355836
794447,0.2126834
794448,0.00748349
794449,0.9587041
794450,0.26969698
794451,0.77435607
794452,0.03666501
794453,0.2418066
794454,0.054125655
794455,0.10279814
794456,0.9631218
794457,0.27018392
794458,0.9771085
794459,0.35527816
794460,0.91133624
794461,0.9878082
794462,0.2022852
794463,0.0061904797
794464,0.063433915
794465,0.47827077
794466,0.7560098
794467,0.9857956
794468,0.99161595
794469,0.5754139
794470,0.19164707
794471,0.06396772
794472,0.004461077
794473,0.9960519
794474,0.99384433
794475,0.010847193
794476,0.10334897
794477,0.10080652
794478,0.14610694
794479,0.21102946
794480,0.55611455
794481,0.07033922
794482,0.98610854
794483,0.9558768
794484,0.04210405
794485,0.07171494
794486,0.8559385
794487,0.9939614
794488,0.98792654
794489,0.012108308
794490,0.99503756
794491,0.056776997
794492,0.0150313545
794493,0.03832432
794494,0.059690855
794495,0.0077134334
794496,0.0065445784
794497,0.0020548587
794498,0.004271677
794499,0.04650218
794500,0.005560729
794501,0.13746601
794502,0.9725964
794503,0.036894485
794504,0.27772537
794505,0.2753206
794506,0.9002651
794507,0.030106822
794508,0.0032279124
794509,0.010931911
794510,0.02559186
794511,0.97350067
794512,0.9526436
794513,0.22715084
794514,0.98169804
794515,0.9810201
794516,0.071654476
794517,0.08998102
794518,0.46427518
794519,0.9229055
794520,0.97138125
794521,0.32303134
794522,0.07226762
794523,0.07800789
794524,0.9939328
794525,0.9906928
794526,0.30713743
794527,0.056023076
794528,0.007300175
794529,0.01265579
794530,0.40669113
794531,0.07788629
794532,0.8563955
794533,0.027543262
794534,0.61328954
794535,0.9682159
794536,0.3461637
794537,0.95117
794538,0.8522388
794539,0.46701574
794540,0.9798476
794541,0.9752507
794542,0.9766336
794543,0.92411864
794544,0.07351178
794545,0.58332384
794546,0.37582433
794547,0.66082036
794548,0.009704115
794549,0.87578577
794550,0.0102998875
794551,0.05298695
794552,0.006760989
794553,0.99830484
794554,0.9484915
794555,0.08700819
794556,0.072851114
794557,0.19582045
794558,0.008813942
794559,0.9982808
794560,0.9039177
794561,0.019990895
794562,0.0070875445
794563,0.6772873
794564,0.015995048
794565,0.96419454
794566,0.011367856
794567,0.026831493
794568,0.99895674
794569,0.057041835
794570,0.9771417
794571,0.016488964
794572,0.2550161
794573,0.7705059
794574,0.12285477
794575,0.03469137
794576,0.98520577
794577,0.2311472
794578,0.008348698
794579,0.5617375
794580,0.19048016
794581,0.9912892
794582,0.9621107
794583,0.1687808
794584,0.003603051
794585,0.78945774
794586,0.012497299
794587,0.005291971
794588,0.022216652
794589,0.9965915
794590,0.02118304
794591,0.12197024
794592,0.073140725
794593,0.019628681
794594,0.060854677
794595,0.9604001
794596,0.035492998
794597,0.06841756
794598,0.0067770532
794599,0.99800444
794600,0.11057052
794601,0.09247052
794602,0.98665786
794603,0.14772177
794604,0.08318192
794605,0.45337182
794606,0.43759078
794607,0.9975498
794608,0.008173893
794609,0.021006608
794610,0.013255814
794611,0.4821763
794612,0.05299051
794613,0.19735284
794614,0.988361
794615,0.82229406
794616,0.66047907
794617,0.0029315753
794618,0.0273436
794619,0.725692
794620,0.58064175
794621,0.07900947
794622,0.72166735
794623,0.9993635
794624,0.8614843
794625,0.63383603
794626,0.0020006285
794627,0.012201624
794628,0.9679054
794629,0.12797481
794630,0.8448355
794631,0.060654037
794632,0.9528923
794633,0.02759244
794634,0.798167
794635,0.030705858
794636,0.15598664
794637,0.9348909
794638,0.9930812
794639,0.006803602
794640,0.9731052
794641,0.020835085
794642,0.17427328
794643,0.29606462
794644,0.13346408
794645,0.067032725
794646,0.5863669
794647,0.008431301
794648,0.006372273
794649,0.019602533
794650,0.024463285
794651,0.954354
794652,0.73245275
794653,0.10701674
794654,0.17403488
794655,0.02680147
794656,0.06329174
794657,0.010414744
794658,0.025277494
794659,0.98359084
794660,0.013343385
794661,0.029850202
794662,0.037514355
794663,0.06334724
794664,0.49983573
794665,0.98263884
794666,0.836514
794667,0.98586404
794668,0.37442675
794669,0.92448765
794670,0.053140666
794671,0.017341249
794672,0.006098223
794673,0.9828682
794674,0.7313325
794675,0.13774954
794676,0.0860569
794677,0.9962773
794678,0.17525357
794679,0.9977177
794680,0.3117586
794681,0.10375486
794682,0.7529689
794683,0.28943855
794684,0.12792271
794685,0.059503317
794686,0.9959678
794687,0.0062875305
794688,0.19300696
794689,0.0039348616
794690,0.95776516
794691,0.7623733
794692,0.12920342
794693,0.94340175
794694,0.99954855
794695,0.30176356
794696,0.1444242
794697,0.61434984
794698,0.62742716
794699,0.095432915
794700,0.04352257
794701,0.989619
794702,0.036197353
794703,0.110781424
794704,0.041482337
794705,0.011263303
794706,0.10110769
794707,0.04787489
794708,0.98894024
794709,0.96884423
794710,0.9304934
794711,0.055242926
794712,0.9991334
794713,0.13336019
794714,0.48251256
794715,0.024287092
794716,0.910305
794717,0.9382881
794718,0.2164355
794719,0.9923478
794720,0.99404085
794721,0.20283931
794722,0.99372995
794723,0.009614009
794724,0.028003778
794725,0.9198612
794726,0.49959296
794727,0.055025835
794728,0.008419508
794729,0.19215244
794730,0.9947256
794731,0.5448007
794732,0.10453463
794733,0.019392733
794734,0.601978
794735,0.9168037
794736,0.017334102
794737,0.048528403
794738,0.83830714
794739,0.99620634
794740,0.0293565
794741,0.004155688
794742,0.023834135
794743,0.9841745
794744,0.045174785
794745,0.24714144
794746,0.016301537
794747,0.99818397
794748,0.9316533
794749,0.05025346
794750,0.16562368
794751,0.97452164
794752,0.047012508
794753,0.6526602
794754,0.10883453
794755,0.121686265
794756,0.69845784
794757,0.014443188
794758,0.14030212
794759,0.93315643
794760,0.014729384
794761,0.009221774
794762,0.9957329
794763,0.9893129
794764,0.012994345
794765,0.18175954
794766,0.9953749
794767,0.8556121
794768,0.9890044
794769,0.9775975
794770,0.3635292
794771,0.5609278
794772,0.9451665
794773,0.8479225
794774,0.7307651
794775,0.03331107
794776,0.077711865
794777,0.20898765
794778,0.08943636
794779,0.81335306
794780,0.0041755103
794781,0.38059574
794782,0.99457896
794783,0.021702267
794784,0.9911387
794785,0.99075663
794786,0.023654617
794787,0.8439234
794788,0.2305888
794789,0.30385414
794790,0.08329098
794791,0.88348997
794792,0.6683735
794793,0.63301665
794794,0.23844837
794795,0.73542076
794796,0.02600811
794797,0.4997505
794798,0.24287464
794799,0.9536895
794800,0.29686618
794801,0.7112164
794802,0.016290283
794803,0.025969805
794804,0.28992307
794805,0.03144399
794806,0.057224024
794807,0.97665024
794808,0.010051372
794809,0.0048888507
794810,0.03123758
794811,0.36630785
794812,0.9782923
794813,0.99667364
794814,0.13700098
794815,0.9938604
794816,0.4025584
794817,0.019377584
794818,0.96090806
794819,0.02265393
794820,0.936158
794821,0.04187899
794822,0.46920937
794823,0.99560183
794824,0.62970424
794825,0.023319567
794826,0.78967905
794827,0.029515002
794828,0.005119042
794829,0.035841297
794830,0.991173
794831,0.9965538
794832,0.10816598
794833,0.004305476
794834,0.017547214
794835,0.99300784
794836,0.9859597
794837,0.20747653
794838,0.9965379
794839,0.97057325
794840,0.034886375
794841,0.8817677
794842,0.92741895
794843,0.9803922
794844,0.1645911
794845,0.042833067
794846,0.21576397
794847,0.40549108
794848,0.8529529
794849,0.9277263
794850,0.01446093
794851,0.36935848
794852,0.9893295
794853,0.60017794
794854,0.12865697
794855,0.96843565
794856,0.87930286
794857,0.94671476
794858,0.999246
794859,0.025521163
794860,0.7990324
794861,0.8831697
794862,0.9848278
794863,0.38120162
794864,0.6656687
794865,0.96481115
794866,0.9896579
794867,0.6028292
794868,0.8817723
794869,0.17292702
794870,0.026336662
794871,0.015336193
794872,0.01732403
794873,0.92359215
794874,0.9923698
794875,0.08298387
794876,0.0059714406
794877,0.20855789
794878,0.8862599
794879,0.8625955
794880,0.013924338
794881,0.29207665
794882,0.99747396
794883,0.026328571
794884,0.10597955
794885,0.9735454
794886,0.9917981
794887,0.010546132
794888,0.9948976
794889,0.021328319
794890,0.45820668
794891,0.9198202
794892,0.9937773
794893,0.14338739
794894,0.038042024
794895,0.58165276
794896,0.9192792
794897,0.9938809
794898,0.0073397714
794899,0.12573291
794900,0.9961085
794901,0.5424247
794902,0.42203656
794903,0.85805464
794904,0.07345465
794905,0.00437415
794906,0.0061490554
794907,0.5535983
794908,0.0108965095
794909,0.39441592
794910,0.65000975
794911,0.8222502
794912,0.589241
794913,0.18193914
794914,0.7231682
794915,0.1778316
794916,0.93807197
794917,0.97071683
794918,0.017969098
794919,0.0123465555
794920,0.03185439
794921,0.98478985
794922,0.9084501
794923,0.9082109
794924,0.026043123
794925,0.12309818
794926,0.98305297
794927,0.9646763
794928,0.036494993
794929,0.38603693
794930,0.93636644
794931,0.034959655
794932,0.73222286
794933,0.18227199
794934,0.8524863
794935,0.80227166
794936,0.0023957607
794937,0.5621995
794938,0.6184133
794939,0.045894112
794940,0.9483936
794941,0.4314223
794942,0.9684416
794943,0.0105210785
794944,0.33325046
794945,0.98945874
794946,0.8554959
794947,0.28311753
794948,0.0050220513
794949,0.99733293
794950,0.4697657
794951,0.0016382781
794952,0.8165013
794953,0.86811763
794954,0.9943136
794955,0.9761647
794956,0.9046763
794957,0.1634047
794958,0.9620684
794959,0.9227148
794960,0.9487338
794961,0.004473896
794962,0.0164188
794963,0.63174534
794964,0.33077568
794965,0.8528123
794966,0.021713197
794967,0.8708103
794968,0.44797596
794969,0.8421755
794970,0.00432661
794971,0.96231514
794972,0.06650841
794973,0.090046935
794974,0.03546
794975,0.0100209685
794976,0.9924389
794977,0.9667485
794978,0.42532974
794979,0.1862428
794980,0.9986337
794981,0.02053223
794982,0.1852713
794983,0.65377176
794984,0.24195716
794985,0.014953988
794986,0.011249239
794987,0.0128086
794988,0.28564066
794989,0.9945073
794990,0.0025961353
794991,0.008319486
794992,0.0780047
794993,0.0092129
794994,0.0894033
794995,0.9479193
794996,0.024914123
794997,0.88246393
794998,0.087790065
794999,0.88717556
795000,0.042372633
795001,0.11025463
795002,0.99868035
795003,0.021724254
795004,0.004684355
795005,0.99570024
795006,0.019575562
795007,0.22973037
795008,0.12321493
795009,0.24479586
795010,0.053932276
795011,0.15525353
795012,0.9180063
795013,0.6907583
795014,0.008365974
795015,0.4899132
795016,0.9272504
795017,0.4072258
795018,0.0091912765
795019,0.0073936265
795020,0.25837564
795021,0.09210183
795022,0.9043656
795023,0.39057523
795024,0.9131241
795025,0.07805133
795026,0.11781665
795027,0.18028003
795028,0.9926539
795029,0.026971739
795030,0.015215136
795031,0.022296151
795032,0.082546204
795033,0.8276291
795034,0.9880976
795035,0.013627192
795036,0.3437008
795037,0.050262507
795038,0.055409
795039,0.8707712
795040,0.9733931
795041,0.002128543
795042,0.9852922
795043,0.0028590865
795044,0.0497183
795045,0.04129004
795046,0.03911429
795047,0.12239225
795048,0.88648266
795049,0.061466172
795050,0.8234096
795051,0.011521167
795052,0.8838959
795053,0.27575222
795054,0.21207562
795055,0.042557094
795056,0.6557158
795057,0.17417817
795058,0.93842816
795059,0.30747074
795060,0.9892553
795061,0.36781332
795062,0.94083405
795063,0.8212548
795064,0.9885586
795065,0.8390919
795066,0.9872469
795067,0.5500423
795068,0.87553144
795069,0.028839983
795070,0.4021678
795071,0.35656297
795072,0.8430141
795073,0.97419286
795074,0.75346905
795075,0.19093618
795076,0.2776873
795077,0.12460007
795078,0.024204455
795079,0.61427057
795080,0.036243875
795081,0.35155198
795082,0.04530952
795083,0.00935092
795084,0.9526191
795085,0.19545442
795086,0.11758547
795087,0.23467885
795088,0.98854566
795089,0.9890174
795090,0.058169357
795091,0.05434436
795092,0.043616112
795093,0.8519326
795094,0.74700916
795095,0.0023348208
795096,0.76483196
795097,0.5534761
795098,0.90011835
795099,0.9191859
795100,0.016391996
795101,0.059881847
795102,0.9116544
795103,0.03897681
795104,0.9928568
795105,0.9250789
795106,0.049235687
795107,0.72733146
795108,0.7377302
795109,0.44940048
795110,0.99818087
795111,0.25443077
795112,0.54919636
795113,0.1008682
795114,0.03233224
795115,0.99689335
795116,0.01013522
795117,0.091367014
795118,0.03621426
795119,0.88239735
795120,0.01428421
795121,0.97827935
795122,0.9971373
795123,0.00312398
795124,0.003038681
795125,0.29200083
795126,0.6617358
795127,0.0044107656
795128,0.99805963
795129,0.1899212
795130,0.22457099
795131,0.0055752825
795132,0.99092364
795133,0.9920176
795134,0.0328077
795135,0.013936993
795136,0.022060271
795137,0.01374852
795138,0.06884263
795139,0.94788635
795140,0.028738467
795141,0.059292447
795142,0.97315013
795143,0.96757746
795144,0.14630678
795145,0.75710464
795146,0.011369827
795147,0.9515406
795148,0.0062304176
795149,0.005191714
795150,0.043115538
795151,0.018097958
795152,0.6872788
795153,0.75941914
795154,0.9738473
795155,0.113629766
795156,0.9145113
795157,0.018702708
795158,0.9771799
795159,0.99532294
795160,0.023716178
795161,0.008610552
795162,0.03196259
795163,0.020764431
795164,0.03359368
795165,0.4221212
795166,0.009200889
795167,0.09986002
795168,0.051572133
795169,0.02750939
795170,0.0048221904
795171,0.119843155
795172,0.88219225
795173,0.0851707
795174,0.9961268
795175,0.5816011
795176,0.091032736
795177,0.03681063
795178,0.033126574
795179,0.98707217
795180,0.05155993
795181,0.99627376
795182,0.99129057
795183,0.9654664
795184,0.024814578
795185,0.9944
795186,0.0006625451
795187,0.13589677
795188,0.0051430883
795189,0.22725156
795190,0.82256055
795191,0.003742671
795192,0.82366526
795193,0.066573724
795194,0.053525366
795195,0.9782963
795196,0.949026
795197,0.06477847
795198,0.01610319
795199,0.014445159
795200,0.0011303996
795201,0.0077762636
795202,0.077370055
795203,0.98943484
795204,0.013386838
795205,0.011838252
795206,0.99699724
795207,0.96527946
795208,0.9867334
795209,0.94783765
795210,0.051394843
795211,0.74391574
795212,0.43998003
795213,0.057916146
795214,0.0033567485
795215,0.11272769
795216,0.93791056
795217,0.010640988
795218,0.032280095
795219,0.06438939
795220,0.4288051
795221,0.61288655
795222,0.037271027
795223,0.06318029
795224,0.87953645
795225,0.003849804
795226,0.03806132
795227,0.601511
795228,0.97422147
795229,0.74901545
795230,0.66719437
795231,0.9696792
795232,0.0057187937
795233,0.06205286
795234,0.05776147
795235,0.9770431
795236,0.005797032
795237,0.61162233
795238,0.003367195
795239,0.06282836
795240,0.025125261
795241,0.006572474
795242,0.09422792
795243,0.70631814
795244,0.97653997
795245,0.20746946
795246,0.99173874
795247,0.8679933
795248,0.014563448
795249,0.9998219
795250,0.016185489
795251,0.94751865
795252,0.18309253
795253,0.8805027
795254,0.017790318
795255,0.49041244
795256,0.97653836
795257,0.8477896
795258,0.15258029
795259,0.07880941
795260,0.9959884
795261,0.011552327
795262,0.99831927
795263,0.031347003
795264,0.8424457
795265,0.9641552
795266,0.9757528
795267,0.99887353
795268,0.01361106
795269,0.23182172
795270,0.84622216
795271,0.0053018928
795272,0.030493543
795273,0.9203899
795274,0.039946273
795275,0.5940064
795276,0.982034
795277,0.013359534
795278,0.043715943
795279,0.05868826
795280,0.11836604
795281,0.26879406
795282,0.527539
795283,0.99717605
795284,0.09341396
795285,0.87399054
795286,0.9786214
795287,0.99627596
795288,0.011518791
795289,0.99625695
795290,0.99664134
795291,0.011266152
795292,0.34547913
795293,0.01808754
795294,0.00944257
795295,0.9218193
795296,0.017679881
795297,0.064560466
795298,0.0033047993
795299,0.93931925
795300,0.4304578
795301,0.99084723
795302,0.17073444
795303,0.006960819
795304,0.7670258
795305,0.5843936
795306,0.46747464
795307,0.046620566
795308,0.0019846796
795309,0.9873261
795310,0.024465622
795311,0.99917305
795312,0.98939025
795313,0.9904235
795314,0.012694161
795315,0.19874313
795316,0.1257619
795317,0.006567023
795318,0.97077835
795319,0.124667525
795320,0.522879
795321,0.81227374
795322,0.97137684
795323,0.9387207
795324,0.9307081
795325,0.014539501
795326,0.7918811
795327,0.3675288
795328,0.52089995
795329,0.92232966
795330,0.08759494
795331,0.8656593
795332,0.98822355
795333,0.951727
795334,0.36545813
795335,0.017492237
795336,0.0630283
795337,0.9987727
795338,0.022129344
795339,0.9504801
795340,0.07668902
795341,0.024777345
795342,0.9931178
795343,0.7541239
795344,0.43146855
795345,0.35071424
795346,0.4081078
795347,0.03282928
795348,0.26721513
795349,0.091536716
795350,0.2375409
795351,0.0023389938
795352,0.75265706
795353,0.08202513
795354,0.99860024
795355,0.007830443
795356,0.9989183
795357,0.95567036
795358,0.021103196
795359,0.57723445
795360,0.43121055
795361,0.04554607
795362,0.14813344
795363,0.99402773
795364,0.9806295
795365,0.8326514
795366,0.04106856
795367,0.0046557593
795368,0.04980206
795369,0.9796345
795370,0.9063945
795371,0.9997252
795372,0.800449
795373,0.03742489
795374,0.003994259
795375,0.94057524
795376,0.9870995
795377,0.8349458
795378,0.0079215495
795379,0.9965515
795380,0.040265467
795381,0.029537562
795382,0.022249833
795383,0.5317782
795384,0.007084532
795385,0.012641613
795386,0.799553
795387,0.6928016
795388,0.42564744
795389,0.98523253
795390,0.9945564
795391,0.9929811
795392,0.3068269
795393,0.022762937
795394,0.9475551
795395,0.010410549
795396,0.698418
795397,0.5555175
795398,0.96044624
795399,0.5880205
795400,0.26641226
795401,0.1895076
795402,0.8321759
795403,0.06376186
795404,0.13972862
795405,0.016547384
795406,0.94627196
795407,0.827071
795408,0.0035439092
795409,0.04503311
795410,0.047958195
795411,0.13973713
795412,0.08510298
795413,0.0058955178
795414,0.21937951
795415,0.9648354
795416,0.98911875
795417,0.8826518
795418,0.42038965
795419,0.0018963454
795420,0.97873926
795421,0.99441254
795422,0.636867
795423,0.043315828
795424,0.9962308
795425,0.07214472
795426,0.31771332
795427,0.011418758
795428,0.02643499
795429,0.043639828
795430,0.7527938
795431,0.018204626
795432,0.014484165
795433,0.08544223
795434,0.7368803
795435,0.8289038
795436,0.96501076
795437,0.013598243
795438,0.3320824
795439,0.14698918
795440,0.40956616
795441,0.49034336
795442,0.94306475
795443,0.8094809
795444,0.03158591
795445,0.04093544
795446,0.2432576
795447,0.015981767
795448,0.94549596
795449,0.714296
795450,0.027004642
795451,0.003579472
795452,0.013100359
795453,0.1166921
795454,0.08987524
795455,0.04553094
795456,0.06505365
795457,0.9912758
795458,0.953835
795459,0.92644894
795460,0.0065375227
795461,0.57242656
795462,0.09200698
795463,0.99403626
795464,0.9745717
795465,0.78518975
795466,0.9922558
795467,0.8694307
795468,0.018298855
795469,0.86553663
795470,0.021358196
795471,0.96324366
795472,0.226369
795473,0.013919044
795474,0.72431886
795475,0.5566195
795476,0.0082773315
795477,0.85224044
795478,0.9854377
795479,0.4491552
795480,0.9752545
795481,0.1580496
795482,0.22477026
795483,0.0148706045
795484,0.9766929
795485,0.7730836
795486,0.012822583
795487,0.015115537
795488,0.0817817
795489,0.0043836115
795490,0.0018430614
795491,0.7800571
795492,0.9654478
795493,0.14925767
795494,0.99107033
795495,0.5652961
795496,0.11725046
795497,0.10136598
795498,0.2564609
795499,0.9939816
795500,0.9135661
795501,0.13723429
795502,0.0303176
795503,0.050162766
795504,0.009005281
795505,0.99527025
795506,0.997875
795507,0.9653039
795508,0.23729339
795509,0.30003726
795510,0.86531436
795511,0.61702746
795512,0.12330921
795513,0.025051994
795514,0.009035425
795515,0.038670104
795516,0.99755025
795517,0.9992999
795518,0.08411707
795519,0.83073676
795520,0.006442259
795521,0.9983924
795522,0.9563671
795523,0.015759695
795524,0.02754293
795525,0.015688414
795526,0.016855475
795527,0.017690301
795528,0.21243866
795529,0.008491206
795530,0.039528195
795531,0.003397623
795532,0.9936847
795533,0.9970427
795534,0.99427575
795535,0.9103204
795536,0.7461318
795537,0.079612546
795538,0.9863637
795539,0.03605851
795540,0.3143263
795541,0.1154507
795542,0.02455244
795543,0.18042703
795544,0.6680364
795545,0.021157943
795546,0.9904713
795547,0.9050266
795548,0.0021201088
795549,0.31943908
795550,0.008129449
795551,0.21098797
795552,0.34898546
795553,0.86624324
795554,0.026003532
795555,0.97625166
795556,0.99060845
795557,0.9608271
795558,0.035526168
795559,0.6682019
795560,0.05881027
795561,0.545289
795562,0.01707652
795563,0.6203652
795564,0.9393766
795565,0.97804046
795566,0.051063474
795567,0.97991794
795568,0.3631373
795569,0.007831085
795570,0.85278744
795571,0.35611796
795572,0.99549913
795573,0.9423903
795574,0.6587135
795575,0.79555345
795576,0.41824436
795577,0.9881215
795578,0.8555452
795579,0.014749917
795580,0.26747835
795581,0.019385606
795582,0.86285746
795583,0.059862368
795584,0.0126779275
795585,0.5990652
795586,0.009941103
795587,0.042950314
795588,0.96242315
795589,0.0024437653
795590,0.009692882
795591,0.0039721346
795592,0.8067311
795593,0.91160506
795594,0.97068506
795595,0.008562662
795596,0.35506544
795597,0.86638176
795598,0.446752
795599,0.993287
795600,0.016129397
795601,0.03849494
795602,0.81505513
795603,0.9605018
795604,0.98034614
795605,0.06702265
795606,0.04126834
795607,0.6266919
795608,0.16322404
795609,0.42459923
795610,0.9283948
795611,0.5159887
795612,0.0140348505
795613,0.2057052
795614,0.97297496
795615,0.50751996
795616,0.634323
795617,0.007632751
795618,0.9775621
795619,0.94897693
795620,0.9875764
795621,0.0077928836
795622,0.12335469
795623,0.042943414
795624,0.9792229
795625,0.5995711
795626,0.29330435
795627,0.0039670784
795628,0.017713362
795629,0.018281005
795630,0.9820782
795631,0.74093944
795632,0.7619481
795633,0.05830685
795634,0.036593545
795635,0.014726546
795636,0.77164316
795637,0.9974934
795638,0.9984412
795639,0.71700794
795640,0.004122849
795641,0.01811424
795642,0.9816866
795643,0.6510459
795644,0.042865768
795645,0.92326283
795646,0.7925633
795647,0.61538994
795648,0.92922205
795649,0.9686961
795650,0.018566687
795651,0.35141295
795652,0.17041183
795653,0.31942606
795654,0.010423976
795655,0.0069404403
795656,0.13446456
795657,0.11859271
795658,0.23211716
795659,0.10437624
795660,0.99886864
795661,0.98601973
795662,0.94754255
795663,0.013759105
795664,0.085617945
795665,0.05934325
795666,0.1697752
795667,0.019494252
795668,0.924957
795669,0.42247778
795670,0.160164
795671,0.73538935
795672,0.92616475
795673,0.797345
795674,0.013748533
795675,0.9507754
795676,0.38905877
795677,0.13113385
795678,0.007600386
795679,0.97824126
795680,0.9958256
795681,0.8127542
795682,0.6288651
795683,0.27073622
795684,0.9952354
795685,0.11550867
795686,0.40843794
795687,0.004864473
795688,0.8700226
795689,0.9585439
795690,0.9984035
795691,0.9230211
795692,0.24744275
795693,0.49792928
795694,0.8949481
795695,0.43636584
795696,0.88905925
795697,0.0032808743
795698,0.19398755
795699,0.34832337
795700,0.018402351
795701,0.08035815
795702,0.923967
795703,0.9940495
795704,0.8578007
795705,0.9986549
795706,0.8594573
795707,0.011675411
795708,0.13321534
795709,0.9698093
795710,0.93544704
795711,0.5339568
795712,0.93693423
795713,0.9721399
795714,0.16858786
795715,0.010211527
795716,0.9832368
795717,0.3237031
795718,0.020687759
795719,0.1052294
795720,0.9714909
795721,0.97329074
795722,0.07388034
795723,0.010621747
795724,0.6492793
795725,0.026672453
795726,0.8552097
795727,0.06374622
795728,0.9935792
795729,0.07601762
795730,0.8058728
795731,0.94890815
795732,0.99263984
795733,0.9542205
795734,0.030027246
795735,0.019300858
795736,0.99283856
795737,0.9993577
795738,0.32636964
795739,0.51444733
795740,0.039116137
795741,0.483733
795742,0.8395718
795743,0.97335166
795744,0.9921117
795745,0.70028067
795746,0.9958482
795747,0.9514693
795748,0.449541
795749,0.023887172
795750,0.0024342418
795751,0.138127
795752,0.9229866
795753,0.019275865
795754,0.05563579
795755,0.4573055
795756,0.1596865
795757,0.9902768
795758,0.1752918
795759,0.9964967
795760,0.8651512
795761,0.8197058
795762,0.04504374
795763,0.0045440486
795764,0.010778106
795765,0.81990665
795766,0.9965851
795767,0.012215705
795768,0.9756306
795769,0.00441859
795770,0.28282788
795771,0.98319256
795772,0.073149264
795773,0.076703586
795774,0.11826961
795775,0.95517796
795776,0.19754778
795777,0.90849304
795778,0.07524937
795779,0.07610713
795780,0.97285783
795781,0.0053168866
795782,0.0048457133
795783,0.6644255
795784,0.033395026
795785,0.53939253
795786,0.9982054
795787,0.2906912
795788,0.9464721
795789,0.012173953
795790,0.88580656
795791,0.0185998
795792,0.19179173
795793,0.022940617
795794,0.94241905
795795,0.20686403
795796,0.15407193
795797,0.0026305951
795798,0.011101717
795799,0.058123153
795800,0.99649376
795801,0.086776085
795802,0.03847082
795803,0.9960804
795804,0.011653872
795805,0.4896635
795806,0.13170017
795807,0.008060511
795808,0.93780524
795809,0.17900383
795810,0.118711114
795811,0.69809663
795812,0.48390785
795813,0.96291447
795814,0.032829493
795815,0.0068108877
795816,0.03365394
795817,0.07592247
795818,0.54869944
795819,0.06870115
795820,0.9831275
795821,0.08254268
795822,0.91160333
795823,0.86757314
795824,0.80080545
795825,0.9503877
795826,0.4901823
795827,0.010422607
795828,0.62480783
795829,0.99075675
795830,0.34281233
795831,0.51912844
795832,0.8009683
795833,0.40485078
795834,0.98992926
795835,0.09922312
795836,0.08531489
795837,0.26897553
795838,0.047393575
795839,0.078352
795840,0.035020065
795841,0.9996289
795842,0.015852712
795843,0.020175014
795844,0.19386752
795845,0.025699299
795846,0.99194515
795847,0.009488969
795848,0.058839984
795849,0.97532207
795850,0.92348313
795851,0.9971158
795852,0.05711539
795853,0.96735764
795854,0.6648426
795855,0.28359413
795856,0.026768394
795857,0.76723176
795858,0.7512786
795859,0.76894087
795860,0.008823728
795861,0.046394877
795862,0.03452834
795863,0.9655206
795864,0.7010797
795865,0.98784345
795866,0.09521898
795867,0.0071236123
795868,0.8643967
795869,0.43113473
795870,0.07572821
795871,0.02281531
795872,0.2978248
795873,0.01586629
795874,0.73337585
795875,0.9989127
795876,0.15704362
795877,0.18435067
795878,0.028165996
795879,0.025057014
795880,0.0118658235
795881,0.103683926
795882,0.9945644
795883,0.23603944
795884,0.83978474
795885,0.98860425
795886,0.34339133
795887,0.0064555947
795888,0.4185458
795889,0.9629977
795890,0.95444447
795891,0.9674469
795892,0.11855742
795893,0.82045895
795894,0.33544716
795895,0.030282032
795896,0.9431066
795897,0.49124426
795898,0.009173938
795899,0.16949777
795900,0.99496186
795901,0.9113215
795902,0.62179595
795903,0.9974607
795904,0.031142166
795905,0.4851756
795906,0.0037737007
795907,0.46646327
795908,0.086163655
795909,0.013073515
795910,0.99965465
795911,0.7519413
795912,0.31913888
795913,0.97090673
795914,0.8803214
795915,0.9931121
795916,0.4956651
795917,0.01879673
795918,0.12228906
795919,0.99901086
795920,0.79344004
795921,0.025332466
795922,0.018425234
795923,0.07709995
795924,0.00916169
795925,0.036353506
795926,0.79447293
795927,0.98276496
795928,0.9659268
795929,0.7706804
795930,0.9411057
795931,0.022136357
795932,0.7575406
795933,0.70348525
795934,0.9883075
795935,0.5014548
795936,0.052661166
795937,0.94875824
795938,0.99944746
795939,0.08501953
795940,0.9880917
795941,0.028703105
795942,0.539133
795943,0.8299182
795944,0.939467
795945,0.11963988
795946,0.5632811
795947,0.0831875
795948,0.0053192265
795949,0.01388767
795950,0.9968253
795951,0.67346084
795952,0.9895098
795953,0.9507865
795954,0.8915019
795955,0.033076536
795956,0.04684552
795957,0.008243325
795958,0.9972577
795959,0.06316322
795960,0.9314198
795961,0.025881097
795962,0.9935905
795963,0.048014574
795964,0.6774155
795965,0.9719955
795966,0.6876986
795967,0.003611735
795968,0.99276346
795969,0.026692158
795970,0.06459248
795971,0.8713306
795972,0.9132142
795973,0.7978148
795974,0.87505287
795975,0.4658153
795976,0.11326387
795977,0.081691265
795978,0.15738228
795979,0.9840956
795980,0.89449894
795981,0.9660637
795982,0.9379736
795983,0.006470555
795984,0.95876586
795985,0.95335186
795986,0.9913732
795987,0.9574872
795988,0.9774421
795989,0.018558342
795990,0.07123097
795991,0.06646252
795992,0.8765249
795993,0.016999537
795994,0.047691494
795995,0.10321006
795996,0.5494669
795997,0.06325064
795998,0.8185344
795999,0.013031581
796000,0.4238519
796001,0.0114525035
796002,0.0063842977
796003,0.029421695
796004,0.23504233
796005,0.9104371
796006,0.72887754
796007,0.98442847
796008,0.9944804
796009,0.8761128
796010,0.08489736
796011,0.3059603
796012,0.07799387
796013,0.1336677
796014,0.25789487
796015,0.2870845
796016,0.99481094
796017,0.6885845
796018,0.9867024
796019,0.8890815
796020,0.0037301183
796021,0.014974741
796022,0.05474286
796023,0.001151449
796024,0.011021556
796025,0.041767016
796026,0.98018426
796027,0.8637337
796028,0.18647332
796029,0.9945078
796030,0.98273575
796031,0.04335192
796032,0.046580214
796033,0.9609789
796034,0.039068848
796035,0.08498363
796036,0.0039244783
796037,0.25177175
796038,0.018149411
796039,0.35234952
796040,0.019900523
796041,0.012071946
796042,0.7236915
796043,0.003625577
796044,0.120574564
796045,0.0067387987
796046,0.9976628
796047,0.76303583
796048,0.035018526
796049,0.0063122343
796050,0.994259
796051,0.6313333
796052,0.76403314
796053,0.030437887
796054,0.04308734
796055,0.09131163
796056,0.94206494
796057,0.99261695
796058,0.0423406
796059,0.8224367
796060,0.97761345
796061,0.008477952
796062,0.5263618
796063,0.98036206
796064,0.10518243
796065,0.15930945
796066,0.042664386
796067,0.003008284
796068,0.1291295
796069,0.9795334
796070,0.95891976
796071,0.14304447
796072,0.9959285
796073,0.11770085
796074,0.9875816
796075,0.49743515
796076,0.023484759
796077,0.49815375
796078,0.070672855
796079,0.99031866
796080,0.9207739
796081,0.3051458
796082,0.104343615
796083,0.11091218
796084,0.5885873
796085,0.017625382
796086,0.9524025
796087,0.09904618
796088,0.014449427
796089,0.9954424
796090,0.6595765
796091,0.825115
796092,0.017611012
796093,0.98214936
796094,0.016678654
796095,0.98755574
796096,0.9970222
796097,0.98582834
796098,0.96842253
796099,0.006994539
796100,0.0036831826
796101,0.9980452
796102,0.9330567
796103,0.96608925
796104,0.22299385
796105,0.9949917
796106,0.007985516
796107,0.040063873
796108,0.01835694
796109,0.9771938
796110,0.004619668
796111,0.010562718
796112,0.19441041
796113,0.977966
796114,0.91894317
796115,0.87824965
796116,0.82785726
796117,0.021147136
796118,0.9901805
796119,0.792876
796120,0.98076195
796121,0.93140095
796122,0.02057485
796123,0.40860328
796124,0.04142289
796125,0.003938759
796126,0.02534361
796127,0.8947302
796128,0.99535394
796129,0.044174194
796130,0.013730861
796131,0.9759678
796132,0.1351026
796133,0.024890019
796134,0.37037322
796135,0.024822118
796136,0.9908453
796137,0.9415564
796138,0.9783745
796139,0.9684043
796140,0.9868382
796141,0.4490559
796142,0.0676634
796143,0.55470467
796144,0.04100609
796145,0.9177762
796146,0.0013040674
796147,0.06745327
796148,0.9897558
796149,0.99823964
796150,0.75935525
796151,0.49877974
796152,0.9746754
796153,0.021894947
796154,0.9930935
796155,0.0027900068
796156,0.0069267745
796157,0.009716835
796158,0.0519168
796159,0.974516
796160,0.22642305
796161,0.17535716
796162,0.03535998
796163,0.099103704
796164,0.76996696
796165,0.30730894
796166,0.0051789945
796167,0.8040993
796168,0.006620075
796169,0.6634994
796170,0.11022423
796171,0.92840356
796172,0.98517853
796173,0.9948382
796174,0.17330968
796175,0.9958583
796176,0.0026603756
796177,0.99866533
796178,0.1534242
796179,0.010041188
796180,0.015450777
796181,0.97956896
796182,0.3454225
796183,0.5438054
796184,0.83186966
796185,0.9765321
796186,0.9914744
796187,0.015504477
796188,0.40117067
796189,0.01176817
796190,0.17361543
796191,0.99042666
796192,0.9915401
796193,0.013836504
796194,0.0093078455
796195,0.88621664
796196,0.23436424
796197,0.107964605
796198,0.99852264
796199,0.9968952
796200,0.1707263
796201,0.27454716
796202,0.042749986
796203,0.009338012
796204,0.27356857
796205,0.014584901
796206,0.9856235
796207,0.9908661
796208,0.23496385
796209,0.75736976
796210,0.0037728478
796211,0.03484252
796212,0.83001584
796213,0.023047917
796214,0.28814465
796215,0.9648971
796216,0.98910296
796217,0.009617921
796218,0.0860426
796219,0.99911606
796220,0.03285172
796221,0.8588381
796222,0.9805784
796223,0.055463605
796224,0.025437934
796225,0.036341667
796226,0.9799162
796227,0.5327182
796228,0.33799678
796229,0.01580062
796230,0.33452904
796231,0.4209783
796232,0.044029165
796233,0.027342949
796234,0.003384271
796235,0.0428219
796236,0.7643155
796237,0.09980481
796238,0.020200577
796239,0.98425955
796240,0.6699881
796241,0.047548342
796242,0.01235892
796243,0.06692363
796244,0.005471006
796245,0.014103342
796246,0.9945607
796247,0.94073325
796248,0.0089727165
796249,0.7732269
796250,0.70896465
796251,0.99602467
796252,0.9836527
796253,0.010367622
796254,0.912629
796255,0.008916042
796256,0.40386748
796257,0.039058268
796258,0.99550974
796259,0.023568986
796260,0.040432468
796261,0.020670816
796262,0.01830725
796263,0.017132564
796264,0.9726393
796265,0.005571409
796266,0.005019326
796267,0.03109952
796268,0.33852467
796269,0.008657458
796270,0.030682117
796271,0.026298989
796272,0.9916988
796273,0.96195966
796274,0.02207254
796275,0.43234804
796276,0.96523166
796277,0.10559216
796278,0.023780767
796279,0.02171827
796280,0.0149856955
796281,0.72538275
796282,0.9972175
796283,0.25997335
796284,0.114656195
796285,0.12824064
796286,0.99845046
796287,0.9784828
796288,0.9720351
796289,0.9904188
796290,0.24325025
796291,0.9331573
796292,0.019359116
796293,0.015631357
796294,0.4624185
796295,0.9796438
796296,0.8320479
796297,0.99834806
796298,0.99606735
796299,0.5777693
796300,0.026385412
796301,0.88139206
796302,0.9715793
796303,0.07467292
796304,0.9561889
796305,0.0023184444
796306,0.05899097
796307,0.01996168
796308,0.9998058
796309,0.81902075
796310,0.062492568
796311,0.008257819
796312,0.091354236
796313,0.9218426
796314,0.8817198
796315,0.11801145
796316,0.03897415
796317,0.017567333
796318,0.6029974
796319,0.058610216
796320,0.86490977
796321,0.040603332
796322,0.01860382
796323,0.0034111897
796324,0.9367879
796325,0.80531687
796326,0.99395233
796327,0.7610026
796328,0.03387705
796329,0.05030286
796330,0.994727
796331,0.5690293
796332,0.08257912
796333,0.13289082
796334,0.97599435
796335,0.11557825
796336,0.61938643
796337,0.0049268743
796338,0.9769543
796339,0.11932226
796340,0.008950968
796341,0.9902956
796342,0.29383898
796343,0.022188453
796344,0.9950269
796345,0.06832892
796346,0.0033338182
796347,0.8862498
796348,0.9619705
796349,0.021426449
796350,0.1252005
796351,0.3571705
796352,0.6243751
796353,0.8696518
796354,0.9450056
796355,0.8520372
796356,0.068283245
796357,0.9540946
796358,0.99951077
796359,0.9705674
796360,0.1292032
796361,0.7272538
796362,0.23588818
796363,0.12249733
796364,0.4383974
796365,0.1388322
796366,0.35014844
796367,0.7489269
796368,0.8727062
796369,0.026826505
796370,0.9876133
796371,0.017581217
796372,0.9798533
796373,0.6074048
796374,0.09700524
796375,0.013400256
796376,0.13472287
796377,0.08554639
796378,0.9261163
796379,0.13119934
796380,0.003286983
796381,0.0055877296
796382,0.7734746
796383,0.07785541
796384,0.9911421
796385,0.01862533
796386,0.33469224
796387,0.013087078
796388,0.22185409
796389,0.19706371
796390,0.86893916
796391,0.31775466
796392,0.07224138
796393,0.011452267
796394,0.033108033
796395,0.34240884
796396,0.06706412
796397,0.1910901
796398,0.22015876
796399,0.7478459
796400,0.010322949
796401,0.021085033
796402,0.7045107
796403,0.058566585
796404,0.14374393
796405,0.96708214
796406,0.3014928
796407,0.09496178
796408,0.8423777
796409,0.7017971
796410,0.5933265
796411,0.6070716
796412,0.49410614
796413,0.89084816
796414,0.15551569
796415,0.9522841
796416,0.7108138
796417,0.87417305
796418,0.15741894
796419,0.7926368
796420,0.04113233
796421,0.9954157
796422,0.0035226364
796423,0.99095917
796424,0.07566408
796425,0.93493515
796426,0.018179322
796427,0.009952175
796428,0.8095894
796429,0.004512461
796430,0.006981413
796431,0.92647064
796432,0.87681985
796433,0.9384964
796434,0.18272994
796435,0.61980367
796436,0.041284505
796437,0.010740539
796438,0.0061856825
796439,0.092089266
796440,0.16573441
796441,0.99549365
796442,0.14207064
796443,0.069963016
796444,0.9928243
796445,0.032636166
796446,0.15075654
796447,0.06799995
796448,0.6813998
796449,0.7814019
796450,0.355116
796451,0.97643346
796452,0.008493884
796453,0.5693941
796454,0.08037506
796455,0.75961435
796456,0.62780213
796457,0.9881345
796458,0.04633756
796459,0.033078205
796460,0.99830663
796461,0.0033583282
796462,0.9659899
796463,0.6763037
796464,0.06626558
796465,0.040588424
796466,0.004654483
796467,0.015285911
796468,0.97005063
796469,0.7395369
796470,0.07787565
796471,0.22198445
796472,0.9422086
796473,0.9451423
796474,0.9880508
796475,0.017561022
796476,0.012162567
796477,0.8333717
796478,0.14686748
796479,0.03348761
796480,0.11737811
796481,0.98484015
796482,0.80200434
796483,0.4911634
796484,0.9815054
796485,0.029960975
796486,0.04617978
796487,0.08323133
796488,0.949699
796489,0.008579655
796490,0.8704402
796491,0.9987086
796492,0.018169502
796493,0.010491058
796494,0.025511056
796495,0.9653223
796496,0.83313227
796497,0.046220586
796498,0.034785684
796499,0.03897274
796500,0.9808421
796501,0.997987
796502,0.9990946
796503,0.109487206
796504,0.014244902
796505,0.00861901
796506,0.94007194
796507,0.98781246
796508,0.9788211
796509,0.78614926
796510,0.99133724
796511,0.12431156
796512,0.99883544
796513,0.549077
796514,0.98107827
796515,0.55498254
796516,0.278152
796517,0.01879406
796518,0.005478018
796519,0.56906426
796520,0.12628631
796521,0.32988164
796522,0.62988114
796523,0.032829847
796524,0.09454356
796525,0.9949435
796526,0.09335978
796527,0.9842218
796528,0.0123580955
796529,0.85903096
796530,0.998405
796531,0.9924825
796532,0.3666245
796533,0.008029957
796534,0.983385
796535,0.16603115
796536,0.18528743
796537,0.78998053
796538,0.59613395
796539,0.0106787495
796540,0.43926817
796541,0.34331295
796542,0.019142997
796543,0.018908845
796544,0.9856885
796545,0.17508122
796546,0.95802116
796547,0.99884176
796548,0.8165388
796549,0.95893294
796550,0.93342686
796551,0.9602756
796552,0.5706285
796553,0.16370651
796554,0.0045580165
796555,0.889794
796556,0.17144568
796557,0.9575959
796558,0.021102974
796559,0.021671468
796560,0.50782365
796561,0.21223027
796562,0.012612058
796563,0.90333784
796564,0.99637544
796565,0.89139926
796566,0.7375508
796567,0.99936736
796568,0.0077733956
796569,0.027350202
796570,0.070864275
796571,0.009530996
796572,0.99070513
796573,0.9123895
796574,0.28862095
796575,0.026409581
796576,0.9570379
796577,0.9995783
796578,0.9443333
796579,0.933875
796580,0.16775918
796581,0.016322544
796582,0.4666164
796583,0.9906825
796584,0.038157634
796585,0.12976378
796586,0.12419076
796587,0.073275566
796588,0.6849594
796589,0.99846995
796590,0.9887068
796591,0.124616206
796592,0.7044806
796593,0.83056664
796594,0.004351151
796595,0.35354814
796596,0.04056233
796597,0.03227973
796598,0.0008319484
796599,0.007481198
796600,0.13268365
796601,0.9939289
796602,0.40976137
796603,0.9592163
796604,0.40720963
796605,0.035762694
796606,0.9983254
796607,0.009656461
796608,0.61764574
796609,0.96168065
796610,0.9945373
796611,0.46822655
796612,0.25849196
796613,0.034447465
796614,0.9911244
796615,0.8881352
796616,0.022931056
796617,0.023203477
796618,0.9944456
796619,0.9514533
796620,0.86902773
796621,0.013359284
796622,0.80926186
796623,0.4864308
796624,0.083633184
796625,0.9544176
796626,0.03984984
796627,0.016512457
796628,0.9978044
796629,0.36525887
796630,0.011636921
796631,0.99721783
796632,0.035599377
796633,0.9896605
796634,0.82761025
796635,0.9917745
796636,0.0044574216
796637,0.9935185
796638,0.0036406675
796639,0.0021605853
796640,0.014388414
796641,0.99652714
796642,0.9287748
796643,0.99645954
796644,0.38134962
796645,0.90347683
796646,0.044972993
796647,0.11150909
796648,0.02044424
796649,0.5060796
796650,0.16124968
796651,0.9031615
796652,0.02145018
796653,0.19379316
796654,0.9981007
796655,0.019852892
796656,0.00028419335
796657,0.0041930694
796658,0.77304065
796659,0.106224805
796660,0.96979535
796661,0.3236478
796662,0.012595578
796663,0.9662425
796664,0.91625035
796665,0.09570077
796666,0.102159016
796667,0.87655884
796668,0.19535734
796669,0.78469235
796670,0.10657003
796671,0.16022466
796672,0.0059611527
796673,0.67837363
796674,0.011356222
796675,0.4025803
796676,0.012153685
796677,0.6916028
796678,0.009967145
796679,0.01693508
796680,0.331839
796681,0.011212103
796682,0.5012772
796683,0.022341404
796684,0.66787565
796685,0.0060882927
796686,0.112068884
796687,0.046449766
796688,0.6296633
796689,0.36078176
796690,0.10772781
796691,0.99443126
796692,0.039565004
796693,0.013427189
796694,0.009153042
796695,0.10673823
796696,0.08048958
796697,0.40669894
796698,0.671782
796699,0.7861152
796700,0.23274319
796701,0.5182533
796702,0.3530169
796703,0.98063445
796704,0.0051772995
796705,0.52704084
796706,0.03626033
796707,0.96745753
796708,0.7576498
796709,0.05719049
796710,0.98057806
796711,0.68236554
796712,0.7140368
796713,0.052174516
796714,0.0106472615
796715,0.04068264
796716,0.8195755
796717,0.14938149
796718,0.6426846
796719,0.020552147
796720,0.021620706
796721,0.040453963
796722,0.018280964
796723,0.22526069
796724,0.9952804
796725,0.9203382
796726,0.81000644
796727,0.9982696
796728,0.76742804
796729,0.22157039
796730,0.92363364
796731,0.9489546
796732,0.5782137
796733,0.016145319
796734,0.9240489
796735,0.08315854
796736,0.9948199
796737,0.22898614
796738,0.08008209
796739,0.008681614
796740,0.9330942
796741,0.64305377
796742,0.8702649
796743,0.98776424
796744,0.0053477907
796745,0.051279336
796746,0.92548865
796747,0.9908485
796748,0.59073704
796749,0.0057736556
796750,0.29297745
796751,0.005412315
796752,0.010143683
796753,0.8933591
796754,0.9489748
796755,0.6268842
796756,0.98508763
796757,0.6198256
796758,0.15195891
796759,0.022591798
796760,0.0066148783
796761,0.0020317836
796762,0.9971873
796763,0.9282471
796764,0.015420915
796765,0.023292173
796766,0.04221137
796767,0.025072012
796768,0.9289902
796769,0.47488275
796770,0.9899159
796771,0.0041965004
796772,0.09945986
796773,0.10097009
796774,0.004552845
796775,0.029176705
796776,0.006784804
796777,0.028555872
796778,0.42219236
796779,0.008054059
796780,0.13471088
796781,0.004851888
796782,0.55677396
796783,0.0034185862
796784,0.20761552
796785,0.9095864
796786,0.042740956
796787,0.8841501
796788,0.08506051
796789,0.012201208
796790,0.012344073
796791,0.9898598
796792,0.0027755217
796793,0.9667656
796794,0.1772365
796795,0.9579048
796796,0.26544726
796797,0.825793
796798,0.30054036
796799,0.004818025
796800,0.99596894
796801,0.9227544
796802,0.9944181
796803,0.024362355
796804,0.2577285
796805,0.9720029
796806,0.0036628228
796807,0.41961315
796808,0.067226626
796809,0.9947684
796810,0.6354258
796811,0.9516783
796812,0.98814213
796813,0.0076720486
796814,0.12273049
796815,0.96721226
796816,0.98693466
796817,0.018208336
796818,0.011729453
796819,0.0054801563
796820,0.54454875
796821,0.028579328
796822,0.6204911
796823,0.38937902
796824,0.99332386
796825,0.39224094
796826,0.9931673
796827,0.9955184
796828,0.022931732
796829,0.0032309173
796830,0.011670642
796831,0.3622857
796832,0.023096964
796833,0.22674644
796834,0.0041708103
796835,0.10043965
796836,0.021335358
796837,0.9818486
796838,0.0003296741
796839,0.033169623
796840,0.8039111
796841,0.8796021
796842,0.99269503
796843,0.0012573246
796844,0.987563
796845,0.84782875
796846,0.0016634201
796847,0.9245666
796848,0.12281901
796849,0.32198745
796850,0.21154852
796851,0.56195515
796852,0.95296335
796853,0.0028447295
796854,0.46487588
796855,0.93032056
796856,0.9737687
796857,0.03158943
796858,0.035025984
796859,0.9747835
796860,0.9249834
796861,0.62507427
796862,0.013327531
796863,0.10031442
796864,0.98824507
796865,0.114419125
796866,0.13825238
796867,0.095726535
796868,0.0036600898
796869,0.06331809
796870,0.40462816
796871,0.008206399
796872,0.044093404
796873,0.013737948
796874,0.056627765
796875,0.8613532
796876,0.93915474
796877,0.3753152
796878,0.88055813
796879,0.14302668
796880,0.07136422
796881,0.93225145
796882,0.053626888
796883,0.9689455
796884,0.3384045
796885,0.017067349
796886,0.031188354
796887,0.97903943
796888,0.047846954
796889,0.0032586674
796890,0.9805867
796891,0.9948339
796892,0.055055436
796893,0.02262303
796894,0.10795267
796895,0.007496648
796896,0.0074240426
796897,0.061300874
796898,0.86576134
796899,0.9231446
796900,0.1888665
796901,0.7875365
796902,0.0534554
796903,0.05111677
796904,0.036742672
796905,0.5150924
796906,0.006498666
796907,0.996921
796908,0.98893785
796909,0.06252281
796910,0.008510173
796911,0.031223904
796912,0.37866905
796913,0.46632543
796914,0.0031697813
796915,0.94526184
796916,0.38079464
796917,0.032417208
796918,0.9698799
796919,0.9688475
796920,0.8508156
796921,0.9577403
796922,0.9772036
796923,0.16292825
796924,0.99411607
796925,0.86141515
796926,0.11961102
796927,0.9546247
796928,0.8787817
796929,0.31010804
796930,0.05549578
796931,0.996513
796932,0.99836594
796933,0.45180893
796934,0.9893974
796935,0.02827008
796936,0.96689403
796937,0.99503875
796938,0.8370197
796939,0.01057492
796940,0.0014166875
796941,0.026926704
796942,0.9772028
796943,0.9953932
796944,0.11544053
796945,0.607728
796946,0.9062147
796947,0.17726977
796948,0.134101
796949,0.96127486
796950,0.14877251
796951,0.9950577
796952,0.98897856
796953,0.99651515
796954,0.39836454
796955,0.096242726
796956,0.9730849
796957,0.78916186
796958,0.9735584
796959,0.20328096
796960,0.99592465
796961,0.3370627
796962,0.053886898
796963,0.92281175
796964,0.9423243
796965,0.360219
796966,0.0036228546
796967,0.12620336
796968,0.011473353
796969,0.9267443
796970,0.14426772
796971,0.999499
796972,0.43893874
796973,0.20003958
796974,0.16440122
796975,0.017829541
796976,0.012774851
796977,0.978195
796978,0.9358474
796979,0.05044749
796980,0.5144382
796981,0.02972091
796982,0.90259326
796983,0.014897486
796984,0.99678624
796985,0.9227301
796986,0.9658473
796987,0.992952
796988,0.18378869
796989,0.08291564
796990,0.03146536
796991,0.031352673
796992,0.9925186
796993,0.9968447
796994,0.03885613
796995,0.2614421
796996,0.98612934
796997,0.009764902
796998,0.83123606
796999,0.8894635
797000,0.9966523
797001,0.043922707
797002,0.023673981
797003,0.097687736
797004,0.02338644
797005,0.34069085
797006,0.9600884
797007,0.073212996
797008,0.051004373
797009,0.8216734
797010,0.9990265
797011,0.81710076
797012,0.0064216675
797013,0.9518306
797014,0.03143967
797015,0.9946942
797016,0.9737245
797017,0.032996505
797018,0.90821964
797019,0.9564897
797020,0.98292875
797021,0.59923935
797022,0.007933733
797023,0.97894704
797024,0.029946845
797025,0.47483093
797026,0.68794394
797027,0.98156136
797028,0.028415123
797029,0.051218513
797030,0.075134665
797031,0.86821234
797032,0.21207765
797033,0.0030810188
797034,0.20893377
797035,0.10889238
797036,0.92826474
797037,0.9698757
797038,0.9947586
797039,0.9902464
797040,0.52749497
797041,0.9377887
797042,0.18458019
797043,0.9966805
797044,0.41380173
797045,0.02966769
797046,0.11526629
797047,0.95261157
797048,0.019612774
797049,0.9933861
797050,0.96183896
797051,0.9930165
797052,0.9284957
797053,0.16140646
797054,0.30665898
797055,0.99684584
797056,0.05622393
797057,0.9170297
797058,0.9868499
797059,0.34899864
797060,0.07419513
797061,0.07410349
797062,0.44837883
797063,0.8043706
797064,0.41617373
797065,0.29770234
797066,0.9945764
797067,0.020065587
797068,0.07861743
797069,0.774314
797070,0.8908014
797071,0.018755239
797072,0.75948256
797073,0.9007537
797074,0.19760394
797075,0.929286
797076,0.20478149
797077,0.02832375
797078,0.06032405
797079,0.013618799
797080,0.99192744
797081,0.03808913
797082,0.0036629501
797083,0.9118268
797084,0.044458717
797085,0.9334417
797086,0.04296273
797087,0.30473328
797088,0.02397151
797089,0.0016126833
797090,0.9976671
797091,0.8811224
797092,0.97017866
797093,0.025908157
797094,0.07158813
797095,0.5212363
797096,0.9641645
797097,0.9480349
797098,0.04385283
797099,0.99911296
797100,0.027880209
797101,0.9744288
797102,0.96920586
797103,0.009798183
797104,0.13786156
797105,0.0050674947
797106,0.9661915
797107,0.049951717
797108,0.88782805
797109,0.13681585
797110,0.9720442
797111,0.7634434
797112,0.9819637
797113,0.7769687
797114,0.044500303
797115,0.017580885
797116,0.038935177
797117,0.99252534
797118,0.9339762
797119,0.09504045
797120,0.030026028
797121,0.9460118
797122,0.011596044
797123,0.4702632
797124,0.025078997
797125,0.07655875
797126,0.9813437
797127,0.98835766
797128,0.8230604
797129,0.9583211
797130,0.020935763
797131,0.9883455
797132,0.026133435
797133,0.0081393905
797134,0.9345125
797135,0.03586532
797136,0.8505685
797137,0.9991946
797138,0.99091023
797139,0.9995854
797140,0.9491523
797141,0.111210994
797142,0.91450155
797143,0.2563491
797144,0.10228258
797145,0.9609871
797146,0.010466533
797147,0.094861306
797148,0.03953992
797149,0.4636027
797150,0.9979747
797151,0.98242176
797152,0.9764031
797153,0.0056064054
797154,0.8489524
797155,0.024179114
797156,0.892647
797157,0.3535753
797158,0.46807396
797159,0.0008172572
797160,0.009040282
797161,0.885425
797162,0.13080889
797163,0.15293816
797164,0.018339062
797165,0.9878605
797166,0.035659947
797167,0.056689445
797168,0.11289182
797169,0.3009867
797170,0.6263673
797171,0.93767774
797172,0.332493
797173,0.26721442
797174,0.8347098
797175,0.9644158
797176,0.98636675
797177,0.98947436
797178,0.53773177
797179,0.2162195
797180,0.968485
797181,0.5101029
797182,0.6309322
797183,0.0858006
797184,0.98827136
797185,0.59128594
797186,0.98324746
797187,0.94468313
797188,0.72401214
797189,0.54458994
797190,0.9901551
797191,0.9493126
797192,0.14651674
797193,0.89513755
797194,0.8470658
797195,0.25698167
797196,0.14842215
797197,0.2538218
797198,0.8608411
797199,0.99494123
797200,0.77535963
797201,0.022863466
797202,0.8839755
797203,0.9965167
797204,0.94368976
797205,0.02787195
797206,0.018987317
797207,0.015175281
797208,0.47183764
797209,0.11580132
797210,0.85791785
797211,0.050913382
797212,0.054464214
797213,0.040047206
797214,0.81520164
797215,0.929064
797216,0.99761534
797217,0.44017908
797218,0.8278672
797219,0.0071301623
797220,0.82637167
797221,0.85675716
797222,0.042043168
797223,0.9433889
797224,0.99255437
797225,0.019937268
797226,0.17938592
797227,0.9310136
797228,0.08517055
797229,0.8950281
797230,0.83103764
797231,0.011372382
797232,0.0052778735
797233,0.2623669
797234,0.007876488
797235,0.020874565
797236,0.6761549
797237,0.012166153
797238,0.9577486
797239,0.89354753
797240,0.005616502
797241,0.009969798
797242,0.002706688
797243,0.01038795
797244,0.6294513
797245,0.27320755
797246,0.4422684
797247,0.07321458
797248,0.89346874
797249,0.10111593
797250,0.8238013
797251,0.004010124
797252,0.00879674
797253,0.046175852
797254,0.025334956
797255,0.0038107082
797256,0.24042895
797257,0.27288207
797258,0.024101462
797259,0.028914701
797260,0.55954456
797261,0.9977453
797262,0.93615097
797263,0.9744165
797264,0.5017227
797265,0.82677484
797266,0.023594081
797267,0.03577556
797268,0.31179637
797269,0.15076351
797270,0.0024456475
797271,0.014191374
797272,0.044318076
797273,0.040018603
797274,0.26213956
797275,0.053386576
797276,0.8033522
797277,0.010225824
797278,0.01088249
797279,0.02017507
797280,0.014299047
797281,0.031244352
797282,0.04802643
797283,0.18636139
797284,0.95126164
797285,0.03351748
797286,0.033382364
797287,0.003276213
797288,0.26518825
797289,0.02366092
797290,0.013080414
797291,0.9843867
797292,0.018268822
797293,0.49306342
797294,0.96266586
797295,0.98679775
797296,0.9613402
797297,0.7562827
797298,0.94635063
797299,0.80980146
797300,0.31397521
797301,0.95954406
797302,0.004686379
797303,0.18009704
797304,0.997812
797305,0.030167475
797306,0.9839821
797307,0.9881439
797308,0.028557703
797309,0.9880793
797310,0.09291011
797311,0.0086051775
797312,0.036556747
797313,0.28487673
797314,0.043931253
797315,0.01828176
797316,0.08350914
797317,0.009885769
797318,0.25770646
797319,0.5494581
797320,0.057203267
797321,0.47582403
797322,0.52583134
797323,0.14290315
797324,0.5710544
797325,0.007621745
797326,0.015735747
797327,0.027970605
797328,0.028093277
797329,0.0046867635
797330,0.72383046
797331,0.98722166
797332,0.025454924
797333,0.09100524
797334,0.49947
797335,0.98812443
797336,0.9657608
797337,0.0038084998
797338,0.06264772
797339,0.06420817
797340,0.064247794
797341,0.09169711
797342,0.03583542
797343,0.99207926
797344,0.023403227
797345,0.9977336
797346,0.9536227
797347,0.012409526
797348,0.8274734
797349,0.115771286
797350,0.007580844
797351,0.035271972
797352,0.01809604
797353,0.021575684
797354,0.8585648
797355,0.73090595
797356,0.27118018
797357,0.9962781
797358,0.080956005
797359,0.9928714
797360,0.87924236
797361,0.076883055
797362,0.9349801
797363,0.3093435
797364,0.99616355
797365,0.18419683
797366,0.0081894705
797367,0.7021762
797368,0.8141104
797369,0.652632
797370,0.019702379
797371,0.9873434
797372,0.69963074
797373,0.0674636
797374,0.19888069
797375,0.98334575
797376,0.007925229
797377,0.6400891
797378,0.17775066
797379,0.9984341
797380,0.38766238
797381,0.99066085
797382,0.9820068
797383,0.08350143
797384,0.9568287
797385,0.98505765
797386,0.41337588
797387,0.95741004
797388,0.16521111
797389,0.022572313
797390,0.99613464
797391,0.76013505
797392,0.003190527
797393,0.9909632
797394,0.14842376
797395,0.16973183
797396,0.9635527
797397,0.02571876
797398,0.9969794
797399,0.007985987
797400,0.013939324
797401,0.8891031
797402,0.8549825
797403,0.4994529
797404,0.9838478
797405,0.06053555
797406,0.093722105
797407,0.00345854
797408,0.9958978
797409,0.016317314
797410,0.9438232
797411,0.9573987
797412,0.95310676
797413,0.20681596
797414,0.83387566
797415,0.37989685
797416,0.9836654
797417,0.90356886
797418,0.022241134
797419,0.6403923
797420,0.97404635
797421,0.022790264
797422,0.99703
797423,0.007063329
797424,0.18719313
797425,0.4644674
797426,0.53594613
797427,0.9946634
797428,0.6623408
797429,0.9918232
797430,0.267004
797431,0.8783269
797432,0.0034381258
797433,0.13919911
797434,0.9806448
797435,0.8064906
797436,0.89277625
797437,0.839906
797438,0.039119676
797439,0.2875959
797440,0.17939267
797441,0.98369455
797442,0.029986717
797443,0.18326369
797444,0.013361177
797445,0.0070388094
797446,0.7490074
797447,0.03515973
797448,0.1903884
797449,0.9997303
797450,0.39951023
797451,0.020804822
797452,0.9989713
797453,0.9865359
797454,0.0047896784
797455,0.27651483
797456,0.8839865
797457,0.98974997
797458,0.020661263
797459,0.01473563
797460,0.8101742
797461,0.9550473
797462,0.8812977
797463,0.9879535
797464,0.7881257
797465,0.9119896
797466,0.97895074
797467,0.28950763
797468,0.025901828
797469,0.7140458
797470,0.0028132938
797471,0.052852925
797472,0.03514033
797473,0.93685967
797474,0.024493016
797475,0.06122525
797476,0.81310713
797477,0.028306466
797478,0.020814983
797479,0.0593525
797480,0.9990009
797481,0.02432724
797482,0.8851663
797483,0.9963036
797484,0.02620345
797485,0.12642692
797486,0.09598365
797487,0.005602749
797488,0.9950988
797489,0.7683973
797490,0.98179245
797491,0.94579315
797492,0.7542319
797493,0.9958694
797494,0.98388803
797495,0.94903064
797496,0.924893
797497,0.58874047
797498,0.77696604
797499,0.99500865
797500,0.99398893
797501,0.9819398
797502,0.75235724
797503,0.042088114
797504,0.05842607
797505,0.015289944
797506,0.99685454
797507,0.4408675
797508,0.017144192
797509,0.9381573
797510,0.0029885045
797511,0.8951757
797512,0.088
797513,0.0553816
797514,0.7765089
797515,0.0044559655
797516,0.9956668
797517,0.009957106
797518,0.21581638
797519,0.036117576
797520,0.06517109
797521,0.44702798
797522,0.95962876
797523,0.022419969
797524,0.01046874
797525,0.26774427
797526,0.96691334
797527,0.9231125
797528,0.13834047
797529,0.996366
797530,0.5383776
797531,0.023430891
797532,0.09277182
797533,0.9193384
797534,0.9582957
797535,0.3277034
797536,0.01361325
797537,0.9990168
797538,0.94660157
797539,0.775814
797540,0.99645627
797541,0.99252427
797542,0.39825535
797543,0.98494804
797544,0.88605547
797545,0.87059057
797546,0.96628535
797547,0.99433506
797548,0.015255874
797549,0.009252215
797550,0.2914964
797551,0.016818404
797552,0.95303804
797553,0.9759967
797554,0.9664379
797555,0.0097833
797556,0.9100053
797557,0.71920997
797558,0.16158526
797559,0.21422234
797560,0.045465216
797561,0.06103118
797562,0.9175955
797563,0.96761394
797564,0.005434464
797565,0.08332925
797566,0.9563972
797567,0.022284083
797568,0.3502028
797569,0.23255926
797570,0.85468113
797571,0.53720266
797572,0.7863409
797573,0.3027583
797574,0.04364667
797575,0.048111856
797576,0.980113
797577,0.01469984
797578,0.795526
797579,0.98812747
797580,0.89515096
797581,0.03390611
797582,0.9831135
797583,0.49359286
797584,0.060980797
797585,0.7384044
797586,0.97802776
797587,0.9500419
797588,0.9727324
797589,0.99723214
797590,0.21770339
797591,0.0070713507
797592,0.10803443
797593,0.93463224
797594,0.03378051
797595,0.88330036
797596,0.71199006
797597,0.21983138
797598,0.5503997
797599,0.002035233
797600,0.12848467
797601,0.9557035
797602,0.007259868
797603,0.011736488
797604,0.072105035
797605,0.9606761
797606,0.19466582
797607,0.06001371
797608,0.9979211
797609,0.07182884
797610,0.0049487315
797611,0.9938539
797612,0.78672165
797613,0.5886458
797614,0.54619724
797615,0.65940714
797616,0.030917374
797617,0.28483775
797618,0.1527095
797619,0.43579984
797620,0.022092078
797621,0.019803334
797622,0.0032152617
797623,0.56054676
797624,0.9800594
797625,0.9974062
797626,0.6772375
797627,0.9852359
797628,0.9859433
797629,0.0564485
797630,0.078364715
797631,0.90642875
797632,0.0045264163
797633,0.0420988
797634,0.9412608
797635,0.0082857385
797636,0.99399185
797637,0.056634706
797638,0.0138672115
797639,0.064771354
797640,0.11285747
797641,0.8863569
797642,0.97033703
797643,0.24546397
797644,0.55233896
797645,0.013227686
797646,0.9948916
797647,0.026445756
797648,0.20108092
797649,0.00798374
797650,0.9960711
797651,0.03742149
797652,0.20551653
797653,0.02580385
797654,0.5404982
797655,0.67619145
797656,0.92544824
797657,0.9775144
797658,0.9959935
797659,0.010336586
797660,0.2345976
797661,0.0043118224
797662,0.10750441
797663,0.02234299
797664,0.9928022
797665,0.5102462
797666,0.9221245
797667,0.98392856
797668,0.38766626
797669,0.030763596
797670,0.88513815
797671,0.020763429
797672,0.24543767
797673,0.0031034343
797674,0.008957586
797675,0.0054383357
797676,0.9953629
797677,0.96566594
797678,0.08122645
797679,0.019907128
797680,0.75001657
797681,0.3729467
797682,0.008552156
797683,0.998302
797684,0.12438291
797685,0.54577094
797686,0.9978167
797687,0.061149456
797688,0.0028059522
797689,0.9132812
797690,0.9092746
797691,0.15638268
797692,0.9278195
797693,0.0053818803
797694,0.98012835
797695,0.010372179
797696,0.46501526
797697,0.058310635
797698,0.06511677
797699,0.06796516
797700,0.42159435
797701,0.91213965
797702,0.99530834
797703,0.005938385
797704,0.050488785
797705,0.24547686
797706,0.9808023
797707,0.018958002
797708,0.88923717
797709,0.91986406
797710,0.024390554
797711,0.9627272
797712,0.121523865
797713,0.022926603
797714,0.34823638
797715,0.25678757
797716,0.09186156
797717,0.034022674
797718,0.96263814
797719,0.043706328
797720,0.021916442
797721,0.92627203
797722,0.4631492
797723,0.118474774
797724,0.019533226
797725,0.9947692
797726,0.23997399
797727,0.09604947
797728,0.82735234
797729,0.9632771
797730,0.24692678
797731,0.24277924
797732,0.006283492
797733,0.034026347
797734,0.012252979
797735,0.091475576
797736,0.010774141
797737,0.545264
797738,0.0791428
797739,0.9446814
797740,0.9982561
797741,0.69666165
797742,0.066226736
797743,0.96961427
797744,0.039304487
797745,0.06369077
797746,0.4228156
797747,0.71162915
797748,0.059657015
797749,0.037732985
797750,0.9951638
797751,0.011473008
797752,0.43206844
797753,0.2189013
797754,0.17181419
797755,0.17105508
797756,0.6123608
797757,0.005825758
797758,0.99236023
797759,0.9639407
797760,0.11847037
797761,0.002289518
797762,0.11063775
797763,0.20480882
797764,0.76929873
797765,0.0018542227
797766,0.09961752
797767,0.80129135
797768,0.041522294
797769,0.96994776
797770,0.9093993
797771,0.06050428
797772,0.5060989
797773,0.03658654
797774,0.011615286
797775,0.026954629
797776,0.04045379
797777,0.5158816
797778,0.0005956167
797779,0.004643167
797780,0.95206285
797781,0.7255144
797782,0.9268687
797783,0.89271045
797784,0.44600952
797785,0.122193694
797786,0.99867696
797787,0.8895863
797788,0.10786732
797789,0.8589747
797790,0.9990437
797791,0.9875786
797792,0.012125904
797793,0.4474839
797794,0.99380636
797795,0.9073982
797796,0.78392214
797797,0.94677246
797798,0.0027675151
797799,0.012376614
797800,0.99641454
797801,0.9870329
797802,0.0070924787
797803,0.9251175
797804,0.11559731
797805,0.991512
797806,0.9741914
797807,0.21539743
797808,0.9927341
797809,0.8409079
797810,0.7428055
797811,0.58049196
797812,0.93623674
797813,0.017380085
797814,0.45542476
797815,0.998598
797816,0.012213569
797817,0.49245316
797818,0.3201388
797819,0.06375866
797820,0.65456635
797821,0.0887484
797822,0.0052935756
797823,0.96490926
797824,0.046877142
797825,0.99683744
797826,0.9955636
797827,0.20488715
797828,0.9922396
797829,0.9741479
797830,0.09756921
797831,0.070242345
797832,0.10722297
797833,0.99307865
797834,0.89709437
797835,0.9314214
797836,0.9889499
797837,0.99528706
797838,0.13927014
797839,0.010172933
797840,0.022593949
797841,0.008208513
797842,0.101069756
797843,0.9981256
797844,0.22954045
797845,0.52101195
797846,0.98788154
797847,0.002785873
797848,0.04470717
797849,0.0072357454
797850,0.2624942
797851,0.9989124
797852,0.0068087648
797853,0.9516072
797854,0.86890733
797855,0.039239615
797856,0.99635935
797857,0.97726727
797858,0.8809939
797859,0.90456367
797860,0.89357483
797861,0.69249386
797862,0.997778
797863,0.010192178
797864,0.9799225
797865,0.99143106
797866,0.911525
797867,0.023891987
797868,0.9552723
797869,0.9993123
797870,0.98672974
797871,0.10107072
797872,0.88273406
797873,0.67980176
797874,0.012775823
797875,0.97457594
797876,0.65577906
797877,0.9402127
797878,0.98726666
797879,0.6857969
797880,0.99893636
797881,0.020201042
797882,0.9839583
797883,0.9754169
797884,0.916542
797885,0.019074116
797886,0.042572007
797887,0.75685644
797888,0.7965983
797889,0.88485646
797890,0.99634427
797891,0.300016
797892,0.017042696
797893,0.88574326
797894,0.95913476
797895,0.19080564
797896,0.0048673996
797897,0.06205345
797898,0.9193758
797899,0.42567068
797900,0.023371164
797901,0.9931396
797902,0.05205608
797903,0.0051589916
797904,0.13738854
797905,0.023083564
797906,0.07699362
797907,0.7528182
797908,0.006005884
797909,0.98298204
797910,0.14230582
797911,0.9913662
797912,0.04124635
797913,0.21202128
797914,0.0066907005
797915,0.036158368
797916,0.0073234434
797917,0.010803366
797918,0.98455703
797919,0.06676683
797920,0.20867121
797921,0.009773727
797922,0.025510723
797923,0.0033456278
797924,0.9759629
797925,0.079109795
797926,0.96060145
797927,0.0036001669
797928,0.018739196
797929,0.99851084
797930,0.9810366
797931,0.0028278634
797932,0.14350748
797933,0.9485348
797934,0.03181108
797935,0.031753898
797936,0.98690635
797937,0.9594311
797938,0.9782609
797939,0.46524754
797940,0.09911464
797941,0.992644
797942,0.0067312834
797943,0.92037404
797944,0.27503788
797945,0.07277193
797946,0.9964464
797947,0.6539051
797948,0.99617887
797949,0.14865834
797950,0.004233215
797951,0.98616016
797952,0.99251497
797953,0.34365824
797954,0.98362446
797955,0.26862335
797956,0.040804513
797957,0.8339129
797958,0.010116028
797959,0.19634558
797960,0.8675465
797961,0.0071293446
797962,0.98376715
797963,0.95228255
797964,0.27552474
797965,0.012441925
797966,0.9957193
797967,0.0019102672
797968,0.021567887
797969,0.24820964
797970,0.103056684
797971,0.9206774
797972,0.011386125
797973,0.71177185
797974,0.98330474
797975,0.31913683
797976,0.98840463
797977,0.9671607
797978,0.7158179
797979,0.99383616
797980,0.837709
797981,0.104429394
797982,0.8052382
797983,0.036130402
797984,0.23027605
797985,0.010316572
797986,0.06930751
797987,0.0053217043
797988,0.04898052
797989,0.9925878
797990,0.55473346
797991,0.98476654
797992,0.97278494
797993,0.91637665
797994,0.99304664
797995,0.965704
797996,0.9902734
797997,0.9954084
797998,0.9869873
797999,0.014128786
798000,0.9959732
798001,0.022842096
798002,0.96560836
798003,0.74523896
798004,0.04739349
798005,0.97397906
798006,0.07484467
798007,0.8526273
798008,0.10607386
798009,0.61236244
798010,0.020886132
798011,0.027867427
798012,0.9957999
798013,0.35235375
798014,0.2395407
798015,0.8487945
798016,0.9723008
798017,0.00048211234
798018,0.9321023
798019,0.9929507
798020,0.61119664
798021,0.9785075
798022,0.035126124
798023,0.7112647
798024,0.9795204
798025,0.25112706
798026,0.9849312
798027,0.024133652
798028,0.99263895
798029,0.03688032
798030,0.9581487
798031,0.976553
798032,0.9994035
798033,0.08786711
798034,0.02759258
798035,0.8998052
798036,0.2929356
798037,0.960161
798038,0.22019863
798039,0.03822276
798040,0.071204826
798041,0.9699367
798042,0.6295668
798043,0.9889411
798044,0.16337733
798045,0.0041910466
798046,0.003049767
798047,0.427666
798048,0.9658342
798049,0.018653918
798050,0.0019911039
798051,0.003952705
798052,0.9925676
798053,0.007442665
798054,0.96715796
798055,0.8281444
798056,0.96005845
798057,0.97868097
798058,0.006269002
798059,0.027672855
798060,0.99586385
798061,0.020563968
798062,0.0028446605
798063,0.04647375
798064,0.026503092
798065,0.26967567
798066,0.16938362
798067,0.9931514
798068,0.7471962
798069,0.9977071
798070,0.124021724
798071,0.6097958
798072,0.008020687
798073,0.13460182
798074,0.9231031
798075,0.13748646
798076,0.017792946
798077,0.9754063
798078,0.961076
798079,0.9935924
798080,0.7341762
798081,0.99904555
798082,0.6569001
798083,0.9842324
798084,0.041022286
798085,0.9795236
798086,0.63299227
798087,0.9881056
798088,0.02563721
798089,0.96599317
798090,0.03260258
798091,0.658603
798092,0.021921773
798093,0.7641718
798094,0.9181988
798095,0.8492287
798096,0.017734699
798097,0.29715756
798098,0.06791673
798099,0.022734491
798100,0.081208475
798101,0.9745924
798102,0.88390625
798103,0.98527426
798104,0.05595585
798105,0.0145386085
798106,0.99836254
798107,0.8694995
798108,0.0091994675
798109,0.2663269
798110,0.015021428
798111,0.9914035
798112,0.020581014
798113,0.12427247
798114,0.9962749
798115,0.0023925165
798116,0.9821568
798117,0.14878455
798118,0.060374755
798119,0.2806736
798120,0.013070627
798121,0.9945162
798122,0.8985012
798123,0.9934576
798124,0.91305965
798125,0.025120009
798126,0.021865295
798127,0.22314924
798128,0.80499876
798129,0.998443
798130,0.30498743
798131,0.86323535
798132,0.9934088
798133,0.44893226
798134,0.44673824
798135,0.13553676
798136,0.9029647
798137,0.6025795
798138,0.048851077
798139,0.009672927
798140,0.9817247
798141,0.043896712
798142,0.3970622
798143,0.5799832
798144,0.61348706
798145,0.018851528
798146,0.17958008
798147,0.041933544
798148,0.6236218
798149,0.017097555
798150,0.061427888
798151,0.0031532873
798152,0.009885389
798153,0.2264519
798154,0.02024609
798155,0.004310872
798156,0.05747938
798157,0.094271466
798158,0.64249504
798159,0.013906421
798160,0.9820825
798161,0.9983913
798162,0.9613285
798163,0.4543479
798164,0.99736565
798165,0.00518511
798166,0.66819584
798167,0.037116967
798168,0.98174053
798169,0.006294548
798170,0.02845122
798171,0.21056478
798172,0.9895092
798173,0.006856558
798174,0.2717058
798175,0.006914364
798176,0.9691494
798177,0.9550258
798178,0.04056092
798179,0.13448429
798180,0.012918682
798181,0.04144842
798182,0.022498704
798183,0.89107436
798184,0.0076105157
798185,0.0026208255
798186,0.039928578
798187,0.99608016
798188,0.8105436
798189,0.1746018
798190,0.027332319
798191,0.035407145
798192,0.037069656
798193,0.013094834
798194,0.98777264
798195,0.09484426
798196,0.9939923
798197,0.9901226
798198,0.4381248
798199,0.7288045
798200,0.9928266
798201,0.0060009123
798202,0.029788127
798203,0.070022136
798204,0.9916154
798205,0.008723008
798206,0.022265242
798207,0.9829802
798208,0.56786466
798209,0.0090504205
798210,0.0031487194
798211,0.9832263
798212,0.0015050286
798213,0.8043299
798214,0.4913854
798215,0.081448674
798216,0.30286956
798217,0.65440786
798218,0.4216637
798219,0.024517395
798220,0.0058442717
798221,0.05873909
798222,0.0448888
798223,0.9754414
798224,0.9676593
798225,0.00458064
798226,0.8822076
798227,0.037416458
798228,0.9094908
798229,0.03483496
798230,0.13108006
798231,0.9850627
798232,0.051486067
798233,0.8963062
798234,0.9993397
798235,0.96592903
798236,0.77361417
798237,0.24543393
798238,0.14366168
798239,0.022253966
798240,0.055447713
798241,0.008152447
798242,0.0017150736
798243,0.016114939
798244,0.9860161
798245,0.9931787
798246,0.99385715
798247,0.016906448
798248,0.99363655
798249,0.9832652
798250,0.97875166
798251,0.9902318
798252,0.015401674
798253,0.014537326
798254,0.04241206
798255,0.034955848
798256,0.3632434
798257,0.017733663
798258,0.9486432
798259,0.03559416
798260,0.9599213
798261,0.01693443
798262,0.022130974
798263,0.019805143
798264,0.04776681
798265,0.008934533
798266,0.7307434
798267,0.96292704
798268,0.9429256
798269,0.005814297
798270,0.118417256
798271,0.3124171
798272,0.9735603
798273,0.20215826
798274,0.9801266
798275,0.12375541
798276,0.010546076
798277,0.027314264
798278,0.003262609
798279,0.16897868
798280,0.004727084
798281,0.041061357
798282,0.5194517
798283,0.008579443
798284,0.013525922
798285,0.90964174
798286,0.31973037
798287,0.9395429
798288,0.74162394
798289,0.9832729
798290,0.959541
798291,0.6111419
798292,0.37613198
798293,0.00047026668
798294,0.23509786
798295,0.06055306
798296,0.9903819
798297,0.77771074
798298,0.24968112
798299,0.9901639
798300,0.04434554
798301,0.88822204
798302,0.02598013
798303,0.9901349
798304,0.118422106
798305,0.1319315
798306,0.014475761
798307,0.055771843
798308,0.94068396
798309,0.01676166
798310,0.9930091
798311,0.76874346
798312,0.07231493
798313,0.06860682
798314,0.028639918
798315,0.9925214
798316,0.99914634
798317,0.5725604
798318,0.055328503
798319,0.97133195
798320,0.9385739
798321,0.97059053
798322,0.9427473
798323,0.8133642
798324,0.18773298
798325,0.7148888
798326,0.047229633
798327,0.92237264
798328,0.8949273
798329,0.009060398
798330,0.34244728
798331,0.5118965
798332,0.2622599
798333,0.953438
798334,0.6783514
798335,0.88212085
798336,0.11495378
798337,0.09404525
798338,0.8005586
798339,0.857948
798340,0.75386775
798341,0.8360435
798342,0.47802
798343,0.9988184
798344,0.029828733
798345,0.14086288
798346,0.9780915
798347,0.090292655
798348,0.40206227
798349,0.02094281
798350,0.122932166
798351,0.0037532179
798352,0.98702997
798353,0.048315056
798354,0.97580683
798355,0.04511763
798356,0.050307807
798357,0.03512718
798358,0.015923562
798359,0.01431426
798360,0.33078128
798361,0.98323107
798362,0.9687187
798363,0.79396486
798364,0.79156554
798365,0.64810735
798366,0.8581213
798367,0.06650612
798368,0.9163376
798369,0.9978839
798370,0.6598922
798371,0.9139237
798372,0.0066270917
798373,0.8384815
798374,0.0141665
798375,0.9047834
798376,0.15118504
798377,0.0058506946
798378,0.91286945
798379,0.96289605
798380,0.015429692
798381,0.7714648
798382,0.033674613
798383,0.81327194
798384,0.3345995
798385,0.060218282
798386,0.043819547
798387,0.89554095
798388,0.9479482
798389,0.050045766
798390,0.8829123
798391,0.0047180164
798392,0.79495907
798393,0.03442469
798394,0.003320612
798395,0.044124573
798396,0.0062792385
798397,0.7455636
798398,0.2752579
798399,0.022906894
798400,0.11941887
798401,0.9904226
798402,0.045059036
798403,0.009004833
798404,0.2518677
798405,0.9983787
798406,0.10276346
798407,0.15013428
798408,0.00163667
798409,0.9579828
798410,0.99433935
798411,0.014752485
798412,0.009312395
798413,0.0063208938
798414,0.043856587
798415,0.25576136
798416,0.97900736
798417,0.37001818
798418,0.050817616
798419,0.0035089606
798420,0.92545664
798421,0.023201382
798422,0.32851765
798423,0.9947059
798424,0.3898384
798425,0.023898283
798426,0.27877384
798427,0.93651414
798428,0.08616439
798429,0.026272016
798430,0.92969817
798431,0.014296671
798432,0.024210075
798433,0.028987288
798434,0.2006773
798435,0.95235527
798436,0.42476293
798437,0.016053949
798438,0.87333584
798439,0.032973807
798440,0.056991987
798441,0.056436997
798442,0.69910455
798443,0.06278628
798444,0.0032938083
798445,0.06864201
798446,0.9838068
798447,0.56421584
798448,0.9494875
798449,0.015473851
798450,0.03276105
798451,0.6844601
798452,0.014604848
798453,0.064807095
798454,0.0621476
798455,0.0076390114
798456,0.044733796
798457,0.984158
798458,0.39589623
798459,0.9333204
798460,0.9724513
798461,0.9513042
798462,0.13847287
798463,0.902571
798464,0.9362699
798465,0.51728463
798466,0.0046506207
798467,0.0017359006
798468,0.20939307
798469,0.2259337
798470,0.021912042
798471,0.99615276
798472,0.9787925
798473,0.9843001
798474,0.863268
798475,0.020649811
798476,0.0512273
798477,0.0026581993
798478,0.9446185
798479,0.16979063
798480,0.990154
798481,0.06270048
798482,0.0057536066
798483,0.9523258
798484,0.29539752
798485,0.93355894
798486,0.99767035
798487,0.283116
798488,0.046280473
798489,0.7810644
798490,0.05633569
798491,0.990663
798492,0.008236822
798493,0.9075415
798494,0.0064802803
798495,0.0067259897
798496,0.020927837
798497,0.002682418
798498,0.08917038
798499,0.2883247
798500,0.15888974
798501,0.004170628
798502,0.007943063
798503,0.89559627
798504,0.13499394
798505,0.06798851
798506,0.044674806
798507,0.88026935
798508,0.025124766
798509,0.086472675
798510,0.6505256
798511,0.59651494
798512,0.053954322
798513,0.99109423
798514,0.09980325
798515,0.023588158
798516,0.21686408
798517,0.022325853
798518,0.06832623
798519,0.7179629
798520,0.010176478
798521,0.07513857
798522,0.28542358
798523,0.42028612
798524,0.81971395
798525,0.0048896004
798526,0.31806204
798527,0.045698725
798528,0.9925263
798529,0.01619893
798530,0.828452
798531,0.4170119
798532,0.14620693
798533,0.996193
798534,0.55380535
798535,0.21399637
798536,0.0341959
798537,0.8783761
798538,0.88822716
798539,0.0070290896
798540,0.06025754
798541,0.22322078
798542,0.005923142
798543,0.99480814
798544,0.99779654
798545,0.784953
798546,0.81300366
798547,0.19570017
798548,0.02454869
798549,0.95877767
798550,0.045447476
798551,0.012455146
798552,0.97462803
798553,0.9935396
798554,0.4737769
798555,0.95894897
798556,0.69622254
798557,0.008031457
798558,0.023744259
798559,0.9798678
798560,0.996214
798561,0.9708158
798562,0.029331757
798563,0.044304006
798564,0.28062347
798565,0.022690779
798566,0.9185604
798567,0.9884497
798568,0.043916732
798569,0.9020214
798570,0.7162815
798571,0.013427725
798572,0.31849816
798573,0.019574054
798574,0.061534557
798575,0.007539495
798576,0.0068393024
798577,0.8231983
798578,0.17597194
798579,0.2542039
798580,0.010416122
798581,0.45552656
798582,0.9826432
798583,0.4447633
798584,0.84435344
798585,0.5613908
798586,0.049615934
798587,0.016277494
798588,0.37683177
798589,0.9932864
798590,0.087722704
798591,0.09553545
798592,0.9978462
798593,0.03330992
798594,0.013078128
798595,0.008853733
798596,0.12181494
798597,0.055358104
798598,0.0209529
798599,0.017047875
798600,0.7879878
798601,0.025943227
798602,0.92639875
798603,0.06347146
798604,0.009575956
798605,0.111674786
798606,0.99146813
798607,0.9938453
798608,0.062953755
798609,0.05836738
798610,0.91849476
798611,0.003585281
798612,0.9933133
798613,0.594906
798614,0.47570434
798615,0.32446176
798616,0.047444835
798617,0.99258125
798618,0.94191045
798619,0.008695897
798620,0.98192203
798621,0.93940234
798622,0.39076456
798623,0.0043672835
798624,0.0082932
798625,0.8642474
798626,0.15412137
798627,0.97973907
798628,0.9831477
798629,0.8196646
798630,0.08287646
798631,0.95987284
798632,0.10699234
798633,0.9910686
798634,0.17977609
798635,0.866597
798636,0.06897491
798637,0.06106837
798638,0.0056386776
798639,0.9339814
798640,0.370274
798641,0.024051664
798642,0.26084778
798643,0.51098824
798644,0.35573298
798645,0.9774434
798646,0.22182763
798647,0.9755456
798648,0.011291325
798649,0.99206686
798650,0.98931086
798651,0.98904383
798652,0.9981366
798653,0.9651314
798654,0.023044016
798655,0.5897748
798656,0.47199327
798657,0.005597698
798658,0.9247346
798659,0.9588352
798660,0.04060328
798661,0.99119663
798662,0.5994961
798663,0.046827275
798664,0.8811513
798665,0.8959733
798666,0.95341647
798667,0.013225155
798668,0.022538207
798669,0.58454204
798670,0.26556802
798671,0.8429901
798672,0.055565536
798673,0.13295978
798674,0.050545346
798675,0.21111825
798676,0.99909467
798677,0.027877107
798678,0.042717192
798679,0.87401015
798680,0.004590811
798681,0.9925373
798682,0.0026284168
798683,0.008144045
798684,0.9563302
798685,0.009333277
798686,0.91159844
798687,0.0215258
798688,0.106848724
798689,0.28968486
798690,0.023943905
798691,0.98284626
798692,0.0062062023
798693,0.05983551
798694,0.9979851
798695,0.47415072
798696,0.9215903
798697,0.58403146
798698,0.7873862
798699,0.16207944
798700,0.55920124
798701,0.29326513
798702,0.016911227
798703,0.044989843
798704,0.9872654
798705,0.07437052
798706,0.05089902
798707,0.15760729
798708,0.02524824
798709,0.03351219
798710,0.20929772
798711,0.9981171
798712,0.48431128
798713,0.97757393
798714,0.096838474
798715,0.014298263
798716,0.9859887
798717,0.9848235
798718,0.75805974
798719,0.06937535
798720,0.010041508
798721,0.69951737
798722,0.0077975984
798723,0.9767147
798724,0.9808118
798725,0.12566355
798726,0.9944259
798727,0.9802863
798728,0.6090828
798729,0.16714266
798730,0.025940137
798731,0.014796872
798732,0.17169362
798733,0.846875
798734,0.55193484
798735,0.9942713
798736,0.6567018
798737,0.87965065
798738,0.9535557
798739,0.99350524
798740,0.9986921
798741,0.98161644
798742,0.83624494
798743,0.18964955
798744,0.03201958
798745,0.76633525
798746,0.9925215
798747,0.9975742
798748,0.005541165
798749,0.80484426
798750,0.9933809
798751,0.066012904
798752,0.99159753
798753,0.15715581
798754,0.010096663
798755,0.026621383
798756,0.41755253
798757,0.9966373
798758,0.07401911
798759,0.9893688
798760,0.10810755
798761,0.020874415
798762,0.42382103
798763,0.003213044
798764,0.955343
798765,0.06676546
798766,0.9997194
798767,0.067801416
798768,0.026930768
798769,0.97431713
798770,0.7700819
798771,0.9629435
798772,0.58490825
798773,0.84681976
798774,0.68272835
798775,0.02345048
798776,0.03919419
798777,0.97393245
798778,0.044959035
798779,0.009127045
798780,0.07366426
798781,0.017555824
798782,0.05901634
798783,0.03315074
798784,0.8693237
798785,0.007572509
798786,0.5979203
798787,0.02014428
798788,0.69708693
798789,0.54101014
798790,0.2167075
798791,0.40116176
798792,0.6709453
798793,0.12873614
798794,0.0840832
798795,0.061628032
798796,0.98065704
798797,0.17808881
798798,0.5844734
798799,0.0703823
798800,0.8126664
798801,0.6251193
798802,0.006864207
798803,0.022016672
798804,0.98960257
798805,0.99678904
798806,0.1641286
798807,0.031186052
798808,0.980036
798809,0.014035348
798810,0.34423894
798811,0.025769148
798812,0.41718256
798813,0.086447686
798814,0.03857406
798815,0.99669164
798816,0.5268767
798817,0.9863679
798818,0.028899178
798819,0.12727539
798820,0.055156905
798821,0.06050222
798822,0.009651343
798823,0.39554757
798824,0.35910442
798825,0.96838295
798826,0.99135375
798827,0.99883306
798828,0.015671218
798829,0.6224777
798830,0.04335737
798831,0.38428104
798832,0.050547093
798833,0.40069324
798834,0.9794537
798835,0.01693242
798836,0.2850858
798837,0.051608033
798838,0.9112072
798839,0.0019189571
798840,0.050552968
798841,0.06523388
798842,0.96693456
798843,0.046085387
798844,0.081118345
798845,0.972252
798846,0.735054
798847,0.97800714
798848,0.12319875
798849,0.93624055
798850,0.020159539
798851,0.9859382
798852,0.03943962
798853,0.8748906
798854,0.8903018
798855,0.09420157
798856,0.99136066
798857,0.23114678
798858,0.011104189
798859,0.2174795
798860,0.79302514
798861,0.7189411
798862,0.07548653
798863,0.007941137
798864,0.02392858
798865,0.014087428
798866,0.9434631
798867,0.0029277762
798868,0.22348456
798869,0.06870578
798870,0.044973046
798871,0.29812777
798872,0.010545754
798873,0.3449969
798874,0.008899089
798875,0.07686856
798876,0.019336738
798877,0.99892825
798878,0.0044676266
798879,0.993623
798880,0.5856283
798881,0.031481393
798882,0.5440492
798883,0.15884224
798884,0.07126081
798885,0.010032163
798886,0.03329419
798887,0.6816712
798888,0.04750786
798889,0.95662725
798890,0.046412032
798891,0.06355385
798892,0.009180524
798893,0.18371087
798894,0.5891376
798895,0.22231723
798896,0.52528894
798897,0.01926238
798898,0.045252126
798899,0.98637545
798900,0.68289626
798901,0.0083004795
798902,0.011301495
798903,0.9725323
798904,0.19812742
798905,0.013295127
798906,0.9853941
798907,0.97526646
798908,0.07099999
798909,0.050756652
798910,0.028388802
798911,0.9803296
798912,0.19447778
798913,0.7705219
798914,0.046409108
798915,0.014900869
798916,0.015500234
798917,0.7645167
798918,0.7394787
798919,0.9941232
798920,0.30792785
798921,0.88089025
798922,0.12308789
798923,0.07457068
798924,0.096471004
798925,0.8469537
798926,0.18663695
798927,0.32360902
798928,0.6796671
798929,0.006700049
798930,0.03434407
798931,0.060165875
798932,0.0057240464
798933,0.13870817
798934,0.9693051
798935,0.044179056
798936,0.9977737
798937,0.29925793
798938,0.09068303
798939,0.12015562
798940,0.9975369
798941,0.9863403
798942,0.024361312
798943,0.009974482
798944,0.98670876
798945,0.739224
798946,0.99218184
798947,0.013871475
798948,0.03047942
798949,0.012962122
798950,0.8814794
798951,0.0043994565
798952,0.9931551
798953,0.022228131
798954,0.12581676
798955,0.83343965
798956,0.05364227
798957,0.79277575
798958,0.010843609
798959,0.9887617
798960,0.02873697
798961,0.45965892
798962,0.509171
798963,0.5841069
798964,0.0069254297
798965,0.45385864
798966,0.9866497
798967,0.963815
798968,0.040353548
798969,0.9786018
798970,0.99232435
798971,0.9707403
798972,0.07367666
798973,0.8032449
798974,0.10041271
798975,0.0160738
798976,0.013033478
798977,0.8215288
798978,0.043411765
798979,0.0360028
798980,0.0030543073
798981,0.85083985
798982,0.004605256
798983,0.9695545
798984,0.012572987
798985,0.7377946
798986,0.20121443
798987,0.06488797
798988,0.29797435
798989,0.010990615
798990,0.010269606
798991,0.98359406
798992,0.018587632
798993,0.5294441
798994,0.5609706
798995,0.42924714
798996,0.0080748135
798997,0.0027065766
798998,0.036362115
798999,0.99938107
799000,0.041289512
799001,0.012356815
799002,0.26935285
799003,0.015001634
799004,0.34314737
799005,0.6336812
799006,0.9957187
799007,0.728947
799008,0.053745843
799009,0.23951767
799010,0.016037712
799011,0.019595964
799012,0.8917325
799013,0.9648607
799014,0.012628979
799015,0.9988348
799016,0.8775023
799017,0.0072393436
799018,0.87049735
799019,0.11883805
799020,0.9994482
799021,0.9485408
799022,0.95779324
799023,0.9675692
799024,0.009545862
799025,0.11969986
799026,0.9935421
799027,0.96871924
799028,0.10516535
799029,0.032277778
799030,0.91736674
799031,0.012672274
799032,0.44126207
799033,0.43886718
799034,0.99951905
799035,0.9957402
799036,0.40954143
799037,0.21080664
799038,0.044005364
799039,0.03522966
799040,0.04891163
799041,0.99611074
799042,0.60531175
799043,0.2213711
799044,0.99875534
799045,0.020532012
799046,0.9979275
799047,0.024919014
799048,0.9897121
799049,0.1249014
799050,0.9318448
799051,0.004155335
799052,0.17604901
799053,0.99930334
799054,0.9559269
799055,0.7118464
799056,0.038870044
799057,0.1833229
799058,0.008185305
799059,0.9339585
799060,0.012937995
799061,0.034157533
799062,0.5707861
799063,0.015964616
799064,0.99970347
799065,0.21500406
799066,0.02386064
799067,0.31472155
799068,0.41309768
799069,0.14901699
799070,0.07588552
799071,0.59629637
799072,0.98962
799073,0.9973446
799074,0.13712196
799075,0.018247277
799076,0.9973116
799077,0.12114084
799078,0.04165283
799079,0.9972
799080,0.054922853
799081,0.98726916
799082,0.06774664
799083,0.072390914
799084,0.9958617
799085,0.9928899
799086,0.99790937
799087,0.98466843
799088,0.4929877
799089,0.31369126
799090,0.18106574
799091,0.11503267
799092,0.03355334
799093,0.017629653
799094,0.85150373
799095,0.05857809
799096,0.99338746
799097,0.85520816
799098,0.03745604
799099,0.002507442
799100,0.015405618
799101,0.30099094
799102,0.59913075
799103,0.9993905
799104,0.79004574
799105,0.05255024
799106,0.88294417
799107,0.03293134
799108,0.520589
799109,0.018515466
799110,0.0038796477
799111,0.011331704
799112,0.46034402
799113,0.9877069
799114,0.005748206
799115,0.9855398
799116,0.133515
799117,0.15670867
799118,0.79621595
799119,0.9566718
799120,0.9937272
799121,0.042693805
799122,0.08718479
799123,0.9942638
799124,0.91287243
799125,0.021781255
799126,0.9919878
799127,0.97774017
799128,0.8984551
799129,0.17742145
799130,0.020524474
799131,0.0442373
799132,0.9394037
799133,0.5486109
799134,0.008393017
799135,0.016315358
799136,0.065662205
799137,0.5449631
799138,0.0035063177
799139,0.0069500133
799140,0.9921035
799141,0.015902258
799142,0.010581105
799143,0.45184663
799144,0.02476847
799145,0.031680625
799146,0.9594264
799147,0.9619425
799148,0.00078133773
799149,0.33051926
799150,0.9731685
799151,0.99958324
799152,0.99115777
799153,0.50476766
799154,0.0031452163
799155,0.94911456
799156,0.9905434
799157,0.01990131
799158,0.008465346
799159,0.07110352
799160,0.51950884
799161,0.053427145
799162,0.25937182
799163,0.07611893
799164,0.93798405
799165,0.967268
799166,0.99851036
799167,0.021227788
799168,0.20690411
799169,0.5569532
799170,0.93410116
799171,0.96156067
799172,0.98305094
799173,0.99726725
799174,0.004273719
799175,0.7053713
799176,0.8010081
799177,0.07613738
799178,0.99469787
799179,0.90021485
799180,0.70302385
799181,0.24754941
799182,0.023665298
799183,0.04530625
799184,0.062145337
799185,0.95736814
799186,0.04836742
799187,0.97267866
799188,0.9763628
799189,0.833833
799190,0.039525017
799191,0.006546217
799192,0.15590526
799193,0.99918437
799194,0.74617547
799195,0.8070344
799196,0.9739648
799197,0.13968655
799198,0.002699053
799199,0.98984694
799200,0.2907633
799201,0.011743973
799202,0.9645839
799203,0.04296032
799204,0.0075195357
799205,0.69256866
799206,0.02132628
799207,0.023304775
799208,0.97553444
799209,0.015403507
799210,0.013569113
799211,0.003533422
799212,0.9833988
799213,0.97189945
799214,0.28052568
799215,0.99303913
799216,0.9066423
799217,0.18426463
799218,0.9912424
799219,0.4675632
799220,0.99760085
799221,0.57348573
799222,0.9613893
799223,0.09550629
799224,0.9777351
799225,0.09181968
799226,0.9315519
799227,0.97097284
799228,0.011801804
799229,0.005616682
799230,0.004631071
799231,0.036532663
799232,0.5351267
799233,0.57737315
799234,0.005833847
799235,0.014858842
799236,0.41525275
799237,0.046403755
799238,0.98616046
799239,0.14947982
799240,0.09805933
799241,0.08177612
799242,0.7247127
799243,0.08679664
799244,0.9961505
799245,0.0069768596
799246,0.7640372
799247,0.98130244
799248,0.9770542
799249,0.9957515
799250,0.05384597
799251,0.41089314
799252,0.07010912
799253,0.01225085
799254,0.00692273
799255,0.01763723
799256,0.009933067
799257,0.019070733
799258,0.095253065
799259,0.9935968
799260,0.9966776
799261,0.9983963
799262,0.9829046
799263,0.9959899
799264,0.9529647
799265,0.97435343
799266,0.114377454
799267,0.91907334
799268,0.91986454
799269,0.95210725
799270,0.9698575
799271,0.76454717
799272,0.08390502
799273,0.22832905
799274,0.039330836
799275,0.05765024
799276,0.9872916
799277,0.01535094
799278,0.4672776
799279,0.80937374
799280,0.022781298
799281,0.9866255
799282,0.009725614
799283,0.037925754
799284,0.8254432
799285,0.0874232
799286,0.040924177
799287,0.023610601
799288,0.014198709
799289,0.9801119
799290,0.055171046
799291,0.007973675
799292,0.9411422
799293,0.017508592
799294,0.9898362
799295,0.024849098
799296,0.98308074
799297,0.32165748
799298,0.96649003
799299,0.6503378
799300,0.9886957
799301,0.0018457464
799302,0.60460883
799303,0.005707739
799304,0.04662192
799305,0.98865473
799306,0.9605672
799307,0.27352542
799308,0.06398034
799309,0.81795096
799310,0.0061989473
799311,0.022049125
799312,0.5481043
799313,0.5617858
799314,0.08765827
799315,0.9763235
799316,0.3512181
799317,0.15890259
799318,0.9664383
799319,0.9412457
799320,0.9647274
799321,0.4380258
799322,0.43603548
799323,0.03495285
799324,0.022214577
799325,0.08461297
799326,0.028894337
799327,0.823559
799328,0.11477229
799329,0.9618719
799330,0.84014535
799331,0.021538302
799332,0.9499117
799333,0.98998857
799334,0.014600714
799335,0.0010963462
799336,0.90130156
799337,0.0055985404
799338,0.14600308
799339,0.87256294
799340,0.095832445
799341,0.9815323
799342,0.14867404
799343,0.07405271
799344,0.0022833182
799345,0.011735073
799346,0.94086236
799347,0.05834879
799348,0.038162928
799349,0.13459966
799350,0.9275136
799351,0.96693224
799352,0.033223543
799353,0.0073192404
799354,0.94707066
799355,0.9869629
799356,0.99422455
799357,0.3289256
799358,0.22508518
799359,0.029281603
799360,0.4773797
799361,0.99036694
799362,0.011864167
799363,0.39354753
799364,0.9913113
799365,0.8908704
799366,0.16238928
799367,0.90563715
799368,0.9789054
799369,0.9813622
799370,0.0031135962
799371,0.11912815
799372,0.79279345
799373,0.9960438
799374,0.14069143
799375,0.012865689
799376,0.035954572
799377,0.013885693
799378,0.04278291
799379,0.97615194
799380,0.014992328
799381,0.045710362
799382,0.12092993
799383,0.970704
799384,0.11840878
799385,0.014564201
799386,0.007341389
799387,0.992432
799388,0.98939955
799389,0.0163671
799390,0.9860493
799391,0.051682398
799392,0.02159864
799393,0.91748637
799394,0.12965405
799395,0.024844341
799396,0.9981084
799397,0.026448715
799398,0.9981948
799399,0.20170353
799400,0.050080888
799401,0.04857433
799402,0.51355106
799403,0.14525834
799404,0.20654687
799405,0.6517369
799406,0.98112094
799407,0.5452523
799408,0.03062167
799409,0.23080659
799410,0.98599565
799411,0.02746195
799412,0.9350536
799413,0.9795431
799414,0.09547469
799415,0.10140005
799416,0.97619665
799417,0.06421992
799418,0.1143339
799419,0.018703979
799420,0.96311325
799421,0.96174276
799422,0.76280534
799423,0.20423962
799424,0.2536747
799425,0.10024025
799426,0.8066059
799427,0.32831424
799428,0.9192424
799429,0.0072160405
799430,0.5523961
799431,0.28662938
799432,0.99684274
799433,0.089051805
799434,0.4015864
799435,0.037286337
799436,0.1920219
799437,0.06735826
799438,0.012972095
799439,0.0035047922
799440,0.9901945
799441,0.99401975
799442,0.008515517
799443,0.28147367
799444,0.12365618
799445,0.009663789
799446,0.027485956
799447,0.9659204
799448,0.0056173955
799449,0.022234617
799450,0.99901015
799451,0.94683605
799452,0.045886107
799453,0.28495312
799454,0.9011973
799455,0.30286938
799456,0.08253411
799457,0.11413705
799458,0.99823546
799459,0.91248304
799460,0.008819232
799461,0.896466
799462,0.5234946
799463,0.14059174
799464,0.009119352
799465,0.9748221
799466,0.99066424
799467,0.003519186
799468,0.51189196
799469,0.37410685
799470,0.62653226
799471,0.111926645
799472,0.063122064
799473,0.019157
799474,0.54183674
799475,0.75030637
799476,0.04146837
799477,0.99037015
799478,0.09081396
799479,0.013975142
799480,0.29280797
799481,0.9361625
799482,0.011659833
799483,0.9797181
799484,0.054085545
799485,0.0055070044
799486,0.026713366
799487,0.6824246
799488,0.98536456
799489,0.9934708
799490,0.14327236
799491,0.47302508
799492,0.36037984
799493,0.9536612
799494,0.01158336
799495,0.13871352
799496,0.9965689
799497,0.78372693
799498,0.99410975
799499,0.0020089177
799500,0.05472171
799501,0.98182297
799502,0.9940541
799503,0.48134512
799504,0.10028878
799505,0.0053210873
799506,0.23787612
799507,0.56368613
799508,0.00459944
799509,0.084275074
799510,0.9451509
799511,0.08808478
799512,0.008600981
799513,0.090546526
799514,0.24495909
799515,0.61998403
799516,0.9906489
799517,0.61186713
799518,0.8844406
799519,0.7065578
799520,0.59725416
799521,0.9654168
799522,0.029322332
799523,0.09871209
799524,0.0046426402
799525,0.8834369
799526,0.064705044
799527,0.13394047
799528,0.9806586
799529,0.083234504
799530,0.7686415
799531,0.94041646
799532,0.95861024
799533,0.9365069
799534,0.61458486
799535,0.016728777
799536,0.051979057
799537,0.60847265
799538,0.93472826
799539,0.5008098
799540,0.02395514
799541,0.26850933
799542,0.9336064
799543,0.002470667
799544,0.4055819
799545,0.3451528
799546,0.13581116
799547,0.0074758925
799548,0.98314416
799549,0.36111706
799550,0.82679975
799551,0.0063804453
799552,0.99681616
799553,0.99862605
799554,0.9846735
799555,0.076370835
799556,0.9420015
799557,0.028834324
799558,0.0136868255
799559,0.8944028
799560,0.43245894
799561,0.10299942
799562,0.89028406
799563,0.976933
799564,0.6025672
799565,0.0006859867
799566,0.7689016
799567,0.33682245
799568,0.29619232
799569,0.004069285
799570,0.015907202
799571,0.006918996
799572,0.68063116
799573,0.995585
799574,0.9960796
799575,0.9739258
799576,0.28035495
799577,0.52615696
799578,0.103266895
799579,0.8550157
799580,0.9962828
799581,0.9874494
799582,0.0412734
799583,0.08098587
799584,0.75726044
799585,0.98010504
799586,0.033918545
799587,0.10415825
799588,0.9845436
799589,0.058208447
799590,0.038415495
799591,0.94179976
799592,0.8641
799593,0.66841435
799594,0.015758237
799595,0.046795987
799596,0.9968839
799597,0.07770172
799598,0.9387575
799599,0.028134208
799600,0.033270568
799601,0.98044956
799602,0.07516579
799603,0.14354423
799604,0.5348506
799605,0.113658346
799606,0.9747646
799607,0.9769119
799608,0.98223275
799609,0.5855005
799610,0.015149322
799611,0.07665776
799612,0.22621232
799613,0.2435583
799614,0.6797507
799615,0.018661175
799616,0.34070528
799617,0.088408
799618,0.108641066
799619,0.0084816655
799620,0.013695568
799621,0.18323961
799622,0.9989755
799623,0.04766656
799624,0.008970298
799625,0.026310794
799626,0.8194246
799627,0.010703858
799628,0.995176
799629,0.36301753
799630,0.0640167
799631,0.2938481
799632,0.00687043
799633,0.99641377
799634,0.068230666
799635,0.99560225
799636,0.9810824
799637,0.653406
799638,0.035188958
799639,0.07315998
799640,0.006791686
799641,0.0072895177
799642,0.19694428
799643,0.28579393
799644,0.5990417
799645,0.00128162
799646,0.0050992817
799647,0.37773696
799648,0.008740864
799649,0.92730737
799650,0.8027209
799651,0.933915
799652,0.012578078
799653,0.049996477
799654,0.9752341
799655,0.8359728
799656,0.020536855
799657,0.04910764
799658,0.36288482
799659,0.028632803
799660,0.0094588
799661,0.71887034
799662,0.9778065
799663,0.1508922
799664,0.11459109
799665,0.022332534
799666,0.3194121
799667,0.018456273
799668,0.7199961
799669,0.96821046
799670,0.995119
799671,0.37325567
799672,0.99389607
799673,0.010863274
799674,0.004907148
799675,0.022447973
799676,0.99096936
799677,0.11991191
799678,0.9609915
799679,0.046305154
799680,0.43244177
799681,0.9934279
799682,0.28495649
799683,0.0093343435
799684,0.64671654
799685,0.0050038896
799686,0.5475132
799687,0.9569193
799688,0.011124522
799689,0.888981
799690,0.069788575
799691,0.042345926
799692,0.04220497
799693,0.13810028
799694,0.9203615
799695,0.007674793
799696,0.17200798
799697,0.9103826
799698,0.0012149564
799699,0.9580184
799700,0.13689114
799701,0.5356913
799702,0.07310512
799703,0.99678314
799704,0.69157636
799705,0.9353745
799706,0.03688091
799707,0.14666092
799708,0.07526105
799709,0.15537947
799710,0.028524851
799711,0.5224632
799712,0.88049
799713,0.5938468
799714,0.13497806
799715,0.99908954
799716,0.011215437
799717,0.998341
799718,0.10710577
799719,0.006830263
799720,0.22713146
799721,0.33930936
799722,0.5586487
799723,0.061676685
799724,0.99739975
799725,0.9598849
799726,0.12194878
799727,0.011353274
799728,0.9858772
799729,0.44377676
799730,0.10089069
799731,0.041675963
799732,0.015482667
799733,0.65873075
799734,0.98799497
799735,0.01591866
799736,0.9766803
799737,0.023354301
799738,0.2905618
799739,0.99281853
799740,0.04147699
799741,0.95959973
799742,0.92347187
799743,0.0043764845
799744,0.84465873
799745,0.15803666
799746,0.18261692
799747,0.19315541
799748,0.47617486
799749,0.990933
799750,0.005611187
799751,0.017159916
799752,0.08212675
799753,0.995149
799754,0.026569609
799755,0.016240051
799756,0.12676676
799757,0.026247088
799758,0.023921879
799759,0.260482
799760,0.0183138
799761,0.022162724
799762,0.020418456
799763,0.98940194
799764,0.040896043
799765,0.964438
799766,0.91984254
799767,0.19400652
799768,0.9669892
799769,0.9281918
799770,0.0091686025
799771,0.8734559
799772,0.79545224
799773,0.722141
799774,0.9640895
799775,0.9885056
799776,0.050365884
799777,0.9869257
799778,0.25233543
799779,0.061855484
799780,0.012768723
799781,0.17257366
799782,0.24590543
799783,0.95452553
799784,0.1781093
799785,0.9014797
799786,0.44631952
799787,0.23304787
799788,0.07587706
799789,0.82848704
799790,0.10470129
799791,0.31526732
799792,0.040265262
799793,0.99233085
799794,0.07518849
799795,0.9878218
799796,0.024726665
799797,0.39801005
799798,0.0051142387
799799,0.8958645
799800,0.89256674
799801,0.033002436
799802,0.7562721
799803,0.021835862
799804,0.025547924
799805,0.014460558
799806,0.4175769
799807,0.9728531
799808,0.9471792
799809,0.014517306
799810,0.94694567
799811,0.9618361
799812,0.01936873
799813,0.1649977
799814,0.98182327
799815,0.19343847
799816,0.11699624
799817,0.0020292555
799818,0.116101764
799819,0.16755998
799820,0.98698103
799821,0.8428187
799822,0.027318582
799823,0.11204589
799824,0.017591186
799825,0.72696126
799826,0.0406831
799827,0.0059232945
799828,0.0020200913
799829,0.008223575
799830,0.9732095
799831,0.9270251
799832,0.36700776
799833,0.3303221
799834,0.16882706
799835,0.010496398
799836,0.9067048
799837,0.028508985
799838,0.6221169
799839,0.98401535
799840,0.0024766275
799841,0.9993478
799842,0.028961664
799843,0.030677758
799844,0.935098
799845,0.025974689
799846,0.030845461
799847,0.054954153
799848,0.058789514
799849,0.07668781
799850,0.6784307
799851,0.022792483
799852,0.038741782
799853,0.034750573
799854,0.97145677
799855,0.93964547
799856,0.9863304
799857,0.10722014
799858,0.95928884
799859,0.9723531
799860,0.9531883
799861,0.9484174
799862,0.019743476
799863,0.5369241
799864,0.007104757
799865,0.7386727
799866,0.06411693
799867,0.0014583826
799868,0.9884144
799869,0.05361405
799870,0.9779931
799871,0.99596685
799872,0.9719536
799873,0.5120156
799874,0.98769546
799875,0.62891483
799876,0.083743036
799877,0.12642634
799878,0.9924289
799879,0.94580966
799880,0.5821115
799881,0.07074655
799882,0.9480135
799883,0.009432366
799884,0.012818004
799885,0.057259593
799886,0.06858231
799887,0.0052132267
799888,0.21620703
799889,0.041310206
799890,0.35575396
799891,0.99713874
799892,0.99086004
799893,0.10514442
799894,0.13570677
799895,0.7864892
799896,0.051661503
799897,0.9087703
799898,0.97588897
799899,0.026205208
799900,0.759879
799901,0.6182945
799902,0.9762672
799903,0.018834937
799904,0.9169451
799905,0.9944439
799906,0.79214483
799907,0.162318
799908,0.8784293
799909,0.9976566
799910,0.0096676145
799911,0.04959972
799912,0.0072112014
799913,0.026534963
799914,0.0015009318
799915,0.98743165
799916,0.9808537
799917,0.9831224
799918,0.22065285
799919,0.0008061432
799920,0.9609127
799921,0.70893246
799922,0.9833633
799923,0.008576586
799924,0.3489269
799925,0.10480556
799926,0.35521144
799927,0.09151244
799928,0.9712832
799929,0.9620944
799930,0.0040093893
799931,0.027829701
799932,0.09633172
799933,0.10695556
799934,0.0050755506
799935,0.96297586
799936,0.9414357
799937,0.88891625
799938,0.87812376
799939,0.3870417
799940,0.92150164
799941,0.0030187466
799942,0.98017377
799943,0.046085928
799944,0.0029461142
799945,0.0037633441
799946,0.2580793
799947,0.025239758
799948,0.9740803
799949,0.0093042385
799950,0.935158
799951,0.3296477
799952,0.008788127
799953,0.4909491
799954,0.9973674
799955,0.9982017
799956,0.0051009757
799957,0.9970423
799958,0.035971496
799959,0.13418385
799960,0.88306713
799961,0.99480695
799962,0.0013372458
799963,0.9557636
799964,0.8998977
799965,0.99485993
799966,0.49085796
799967,0.0054927114
799968,0.038467146
799969,0.71425855
799970,0.038114846
799971,0.971422
799972,0.8769973
799973,0.96048135
799974,0.0340048
799975,0.048073053
799976,0.00837723
799977,0.033976648
799978,0.005056695
799979,0.0068590892
799980,0.5328444
799981,0.9048162
799982,0.005711458
799983,0.047030933
799984,0.094498955
799985,0.06903043
799986,0.19722505
799987,0.6606126
799988,0.03525315
799989,0.24198702
799990,0.07099975
799991,0.0183639
799992,0.99608725
799993,0.20272495
799994,0.6868719
799995,0.013627641
799996,0.3006411
799997,0.018776493
799998,0.38255817
799999,0.81912446
800000,0.76678365
800001,0.029620307
800002,0.0075944313
800003,0.97773933
800004,0.020458266
800005,0.25160855
800006,0.28182214
800007,0.98147637
800008,0.117354006
800009,0.08599216
800010,0.6293299
800011,0.9559566
800012,0.02810245
800013,0.993848
800014,0.15107618
800015,0.99828935
800016,0.0015493002
800017,0.09464578
800018,0.21444207
800019,0.53839844
800020,0.9953593
800021,0.9313249
800022,0.68399656
800023,0.55154896
800024,0.9062369
800025,0.45722494
800026,0.02874038
800027,0.5838704
800028,0.01598177
800029,0.0169786
800030,0.92333555
800031,0.00511399
800032,0.006635087
800033,0.14555602
800034,0.34539473
800035,0.0054001394
800036,0.35307786
800037,0.007740962
800038,0.06515767
800039,0.027029604
800040,0.6793364
800041,0.8151194
800042,0.95967084
800043,0.0053343684
800044,0.16121966
800045,0.1634074
800046,0.99196887
800047,0.86060256
800048,0.9819213
800049,0.023098182
800050,0.41948873
800051,0.00365793
800052,0.9923519
800053,0.0018191903
800054,0.5578223
800055,0.007784791
800056,0.6433772
800057,0.04866714
800058,0.013154727
800059,0.96714634
800060,0.084054135
800061,0.86174315
800062,0.99365205
800063,0.2932493
800064,0.13433912
800065,0.00583816
800066,0.831194
800067,0.9952645
800068,0.98437214
800069,0.83394426
800070,0.97707534
800071,0.40201813
800072,0.05014492
800073,0.97571397
800074,0.0046584667
800075,0.9936038
800076,0.042570256
800077,0.9702735
800078,0.48047325
800079,0.99633574
800080,0.0057157525
800081,0.8898637
800082,0.3543164
800083,0.96675473
800084,0.011352314
800085,0.31251785
800086,0.9726069
800087,0.010233521
800088,0.9944985
800089,0.012448854
800090,0.072235
800091,0.32034993
800092,0.8009844
800093,0.7634973
800094,0.99800086
800095,0.027428338
800096,0.9556048
800097,0.018725421
800098,0.015957052
800099,0.8138056
800100,0.02370639
800101,0.98740524
800102,0.05102455
800103,0.9171028
800104,0.97964334
800105,0.012008547
800106,0.2576216
800107,0.43183845
800108,0.92767763
800109,0.8100579
800110,0.008142132
800111,0.030135307
800112,0.9431069
800113,0.46035063
800114,0.90317297
800115,0.0109337885
800116,0.02283509
800117,0.87653685
800118,0.8980754
800119,0.07448757
800120,0.99900013
800121,0.011627463
800122,0.90887386
800123,0.029335765
800124,0.012634833
800125,0.07557964
800126,0.8920835
800127,0.88326174
800128,0.98916465
800129,0.97808844
800130,0.009595124
800131,0.012955233
800132,0.011656826
800133,0.03272178
800134,0.06451225
800135,0.9661239
800136,0.7240797
800137,0.03907064
800138,0.012883825
800139,0.9964533
800140,0.98304415
800141,0.86269367
800142,0.9491825
800143,0.7405107
800144,0.42205662
800145,0.17006297
800146,0.8270366
800147,0.99876505
800148,0.7754949
800149,0.8036884
800150,0.0033918158
800151,0.04294135
800152,0.99725854
800153,0.43765116
800154,0.9859568
800155,0.024939172
800156,0.9136456
800157,0.09051686
800158,0.5643821
800159,0.019987984
800160,0.98629916
800161,0.09701957
800162,0.98876166
800163,0.054699987
800164,0.07111831
800165,0.06758419
800166,0.9959543
800167,0.0041675167
800168,0.90498143
800169,0.034807347
800170,0.018892054
800171,0.99194276
800172,0.99305844
800173,0.95118326
800174,0.9936036
800175,0.5201541
800176,0.9697871
800177,0.9697379
800178,0.02238828
800179,0.50918335
800180,0.53505605
800181,0.9941151
800182,0.8879162
800183,0.94725335
800184,0.996508
800185,0.03188467
800186,0.9797421
800187,0.031637903
800188,0.22792068
800189,0.014564645
800190,0.035810567
800191,0.09268796
800192,0.01758642
800193,0.9239796
800194,0.9800041
800195,0.21219225
800196,0.034826912
800197,0.56583357
800198,0.08657018
800199,0.99514943
800200,0.18648918
800201,0.8318078
800202,0.113479584
800203,0.056411736
800204,0.5819415
800205,0.62730813
800206,0.9052956
800207,0.0018191893
800208,0.021435875
800209,0.030909527
800210,0.019368386
800211,0.7690126
800212,0.2844612
800213,0.013350924
800214,0.9825996
800215,0.016367022
800216,0.95411193
800217,0.99791545
800218,0.98231435
800219,0.948205
800220,0.012754366
800221,0.0075105545
800222,0.015904488
800223,0.01393611
800224,0.9857642
800225,0.07153568
800226,0.90426934
800227,0.010490444
800228,0.005772052
800229,0.0036384286
800230,0.0084041245
800231,0.98291135
800232,0.8637365
800233,0.01786751
800234,0.92477375
800235,0.0057344427
800236,0.022407558
800237,0.010795478
800238,0.3179932
800239,0.21871915
800240,0.98429114
800241,0.03751102
800242,0.06435107
800243,0.6133755
800244,0.04946401
800245,0.99468905
800246,0.0060414644
800247,0.9830986
800248,0.81003153
800249,0.9796615
800250,0.37562376
800251,0.99765545
800252,0.7744765
800253,0.99705416
800254,0.01359142
800255,0.4896585
800256,0.012339312
800257,0.06496274
800258,0.047030184
800259,0.3618091
800260,0.51804096
800261,0.34603757
800262,0.08044584
800263,0.049892016
800264,0.9317467
800265,0.011804936
800266,0.012584465
800267,0.005972461
800268,0.974583
800269,0.6052561
800270,0.006163613
800271,0.6377416
800272,0.5526399
800273,0.9618811
800274,0.15851608
800275,0.0063344026
800276,0.059063118
800277,0.020155523
800278,0.9697702
800279,0.0078317225
800280,0.05503036
800281,0.0075527783
800282,0.9531723
800283,0.02713252
800284,0.9904549
800285,0.025892545
800286,0.98271847
800287,0.9319728
800288,0.79922616
800289,0.950872
800290,0.7604337
800291,0.12608035
800292,0.99825335
800293,0.030346792
800294,0.388006
800295,0.9956318
800296,0.9748129
800297,0.11375432
800298,0.8925241
800299,0.016067239
800300,0.6507777
800301,0.008179718
800302,0.047894463
800303,0.08537246
800304,0.46103957
800305,0.060750153
800306,0.9828105
800307,0.9906394
800308,0.061287012
800309,0.1396944
800310,0.92411304
800311,0.9925709
800312,0.0056158793
800313,0.9367624
800314,0.986984
800315,0.060573004
800316,0.0045073484
800317,0.99542266
800318,0.9053428
800319,0.004552351
800320,0.9468667
800321,0.014714505
800322,0.93446606
800323,0.099361524
800324,0.7805103
800325,0.9264623
800326,0.8366458
800327,0.010801632
800328,0.0114182
800329,0.005266856
800330,0.06663094
800331,0.3443908
800332,0.05202546
800333,0.9515543
800334,0.016096877
800335,0.07941569
800336,0.030027155
800337,0.6661812
800338,0.7318282
800339,0.60241586
800340,0.9673066
800341,0.8947599
800342,0.9130732
800343,0.004056768
800344,0.9862727
800345,0.26115376
800346,0.90644586
800347,0.99442106
800348,0.8751297
800349,0.9948083
800350,0.98056775
800351,0.0130980695
800352,0.0034501299
800353,0.008694251
800354,0.035222366
800355,0.0043408377
800356,0.87852037
800357,0.27669442
800358,0.11233938
800359,0.98729575
800360,0.001720655
800361,0.013695461
800362,0.7303464
800363,0.015241012
800364,0.85233694
800365,0.98578584
800366,0.090102345
800367,0.81318307
800368,0.017526591
800369,0.4912994
800370,0.95497864
800371,0.057855837
800372,0.11148432
800373,0.9531392
800374,0.19991538
800375,0.046730723
800376,0.016537128
800377,0.6068962
800378,0.9893022
800379,0.03313466
800380,0.015143279
800381,0.98776776
800382,0.2416652
800383,0.18285987
800384,0.2671498
800385,0.97796905
800386,0.99808085
800387,0.03543094
800388,0.035377674
800389,0.9767622
800390,0.9042581
800391,0.9668406
800392,0.039164737
800393,0.9136282
800394,0.0774291
800395,0.012841295
800396,0.9918356
800397,0.15147494
800398,0.8204384
800399,0.09822489
800400,0.10702613
800401,0.015307358
800402,0.22369026
800403,0.6367934
800404,0.8620689
800405,0.9920677
800406,0.72075903
800407,0.2511125
800408,0.9273293
800409,0.028709792
800410,0.8113191
800411,0.5254394
800412,0.1966949
800413,0.7742096
800414,0.981511
800415,0.5837853
800416,0.9952957
800417,0.0027476726
800418,0.0048846183
800419,0.2175545
800420,0.19525498
800421,0.99484205
800422,0.14058906
800423,0.07868376
800424,0.77663475
800425,0.021775847
800426,0.07093091
800427,0.98971856
800428,0.96562386
800429,0.6881596
800430,0.99861073
800431,0.9956484
800432,0.99789023
800433,0.35745725
800434,0.056114536
800435,0.03250392
800436,0.9913984
800437,0.005339667
800438,0.01070747
800439,0.75411344
800440,0.04588535
800441,0.64793086
800442,0.05983103
800443,0.003140185
800444,0.94002914
800445,0.07358567
800446,0.012915129
800447,0.77164435
800448,0.035689533
800449,0.009776377
800450,0.9882397
800451,0.019379113
800452,0.2517875
800453,0.07481165
800454,0.013740061
800455,0.31851962
800456,0.96691257
800457,0.06666648
800458,0.6741413
800459,0.9848419
800460,0.9952069
800461,0.011008277
800462,0.0780365
800463,0.97555554
800464,0.48154396
800465,0.0103168
800466,0.00063298136
800467,0.9052081
800468,0.28335783
800469,0.107609265
800470,0.030717134
800471,0.15714525
800472,0.021237293
800473,0.006839331
800474,0.0018202694
800475,0.8754375
800476,0.8102653
800477,0.6048943
800478,0.02227857
800479,0.022962864
800480,0.038602263
800481,0.015359536
800482,0.15315667
800483,0.0441838
800484,0.02317074
800485,0.016630953
800486,0.027405174
800487,0.026079707
800488,0.039049707
800489,0.005547891
800490,0.024523893
800491,0.91664636
800492,0.7761185
800493,0.9896853
800494,0.9954271
800495,0.99872017
800496,0.9899038
800497,0.0256062
800498,0.6338102
800499,0.06565114
800500,0.03793768
800501,0.18419796
800502,0.040854707
800503,0.9821913
800504,0.024867794
800505,0.8605095
800506,0.019420417
800507,0.17923932
800508,0.99578303
800509,0.5879436
800510,0.038571417
800511,0.05683529
800512,0.9944626
800513,0.1160963
800514,0.40660813
800515,0.9892985
800516,0.088432446
800517,0.0880786
800518,0.8915111
800519,0.97622335
800520,0.027941978
800521,0.028811345
800522,0.2596477
800523,0.02575441
800524,0.06374654
800525,0.950378
800526,0.7429625
800527,0.5949806
800528,0.9422916
800529,0.9967803
800530,0.06258281
800531,0.9971312
800532,0.45398906
800533,0.79206455
800534,0.97892994
800535,0.8518673
800536,0.68839073
800537,0.5705574
800538,0.8970782
800539,0.7381742
800540,0.0057236864
800541,0.9908841
800542,0.9933726
800543,0.6784933
800544,0.4989709
800545,0.0020768826
800546,0.0033946566
800547,0.90942556
800548,0.003956339
800549,0.9335779
800550,0.17637134
800551,0.9936237
800552,0.79027486
800553,0.024286289
800554,0.046507433
800555,0.9948
800556,0.6193284
800557,0.30591172
800558,0.031106293
800559,0.05869395
800560,0.0064030173
800561,0.9544009
800562,0.025045563
800563,0.936679
800564,0.97025216
800565,0.0064424784
800566,0.09650485
800567,0.005690386
800568,0.12532298
800569,0.65492785
800570,0.018258035
800571,0.12345148
800572,0.5444536
800573,0.0168067
800574,0.00562369
800575,0.03535102
800576,0.295579
800577,0.90289485
800578,0.55563915
800579,0.009339802
800580,0.12108219
800581,0.0791471
800582,0.6104306
800583,0.21401215
800584,0.026324075
800585,0.121514216
800586,0.4049101
800587,0.0177135
800588,0.34671676
800589,0.018147241
800590,0.98491216
800591,0.026984157
800592,0.98110133
800593,0.7512553
800594,0.12728396
800595,0.018570837
800596,0.20119049
800597,0.1905065
800598,0.5502445
800599,0.10638943
800600,0.1189098
800601,0.99333984
800602,0.018910717
800603,0.106941335
800604,0.9877963
800605,0.030291185
800606,0.4551609
800607,0.01153775
800608,0.011344076
800609,0.89653134
800610,0.021044554
800611,0.021689113
800612,0.4144367
800613,0.4742209
800614,0.9969556
800615,0.03315832
800616,0.95505136
800617,0.22743054
800618,0.42954737
800619,0.057952236
800620,0.5208645
800621,0.99495536
800622,0.37487245
800623,0.019160332
800624,0.028764311
800625,0.91269904
800626,0.8715844
800627,0.9350283
800628,0.42103967
800629,0.02218756
800630,0.99403644
800631,0.084820434
800632,0.33695057
800633,0.10246751
800634,0.0142921815
800635,0.9777151
800636,0.009843293
800637,0.98735243
800638,0.50056225
800639,0.98210365
800640,0.04286837
800641,0.6169412
800642,0.0038202233
800643,0.97324705
800644,0.6507337
800645,0.052358337
800646,0.15280548
800647,0.030746212
800648,0.9757108
800649,0.0056995344
800650,0.9231904
800651,0.098435976
800652,0.7949426
800653,0.9970529
800654,0.79338515
800655,0.966163
800656,0.01047025
800657,0.029124623
800658,0.03925273
800659,0.9552169
800660,0.021537857
800661,0.99557424
800662,0.023371173
800663,0.08489488
800664,0.8553065
800665,0.010718679
800666,0.0023264866
800667,0.0043605315
800668,0.021391883
800669,0.066114865
800670,0.004331926
800671,0.8703752
800672,0.053608917
800673,0.17344877
800674,0.99836457
800675,0.67282414
800676,0.7719153
800677,0.9484286
800678,0.759387
800679,0.00785852
800680,0.051036626
800681,0.9567097
800682,0.14240666
800683,0.10931122
800684,0.99154437
800685,0.057632998
800686,0.03030965
800687,0.03668292
800688,0.05183156
800689,0.007825062
800690,0.98694533
800691,0.003379793
800692,0.015836813
800693,0.007212391
800694,0.9909437
800695,0.05425637
800696,0.0046070213
800697,0.024106575
800698,0.14045525
800699,0.89058304
800700,0.041757107
800701,0.9922692
800702,0.027881736
800703,0.028429458
800704,0.04270056
800705,0.009810716
800706,0.012774542
800707,0.062102333
800708,0.02905045
800709,0.027350629
800710,0.17998388
800711,0.9096279
800712,0.019457571
800713,0.90817875
800714,0.99551886
800715,0.07213568
800716,0.9928191
800717,0.70004785
800718,0.24652958
800719,0.008746068
800720,0.9930853
800721,0.005433687
800722,0.2251417
800723,0.99944293
800724,0.078821965
800725,0.010984555
800726,0.15181689
800727,0.1404716
800728,0.2852344
800729,0.96824247
800730,0.96543545
800731,0.15916972
800732,0.017281916
800733,0.011680451
800734,0.9746716
800735,0.0055509815
800736,0.220788
800737,0.008443933
800738,0.13296302
800739,0.04266477
800740,0.0284889
800741,0.9979341
800742,0.98108673
800743,0.033427212
800744,0.9250315
800745,0.0053163464
800746,0.033916757
800747,0.8273193
800748,0.98130226
800749,0.881479
800750,0.97173554
800751,0.98953384
800752,0.039159555
800753,0.9775888
800754,0.18821093
800755,0.9253043
800756,0.0038168903
800757,0.051532194
800758,0.012044774
800759,0.9892256
800760,0.7627893
800761,0.98523104
800762,0.4201015
800763,0.9452751
800764,0.7682481
800765,0.15856034
800766,0.06181648
800767,0.96263885
800768,0.009235249
800769,0.01606201
800770,0.9810823
800771,0.06330732
800772,0.9960874
800773,0.98838186
800774,0.88272166
800775,0.9965704
800776,0.009153582
800777,0.14172775
800778,0.47524583
800779,0.112803325
800780,0.9946675
800781,0.017619915
800782,0.98942035
800783,0.48677695
800784,0.15524796
800785,0.4220979
800786,0.4546737
800787,0.99670935
800788,0.12115213
800789,0.06769071
800790,0.025055613
800791,0.20269427
800792,0.9600094
800793,0.0033356617
800794,0.91634
800795,0.0274694
800796,0.0053863474
800797,0.008172007
800798,0.09802225
800799,0.053123135
800800,0.15987825
800801,0.8808159
800802,0.96338195
800803,0.43475097
800804,0.79214823
800805,0.0072735506
800806,0.0017689026
800807,0.5461002
800808,0.9825614
800809,0.16820091
800810,0.08788173
800811,0.014348363
800812,0.054732487
800813,0.6557655
800814,0.9923409
800815,0.15493348
800816,0.12397194
800817,0.88945705
800818,0.012962807
800819,0.06751226
800820,0.99471074
800821,0.7682903
800822,0.18504708
800823,0.93825674
800824,0.81144285
800825,0.9884366
800826,0.007438404
800827,0.01881248
800828,0.39982733
800829,0.9643539
800830,0.16994831
800831,0.29997885
800832,0.23153037
800833,0.9861336
800834,0.066192664
800835,0.96921766
800836,0.16716653
800837,0.8834568
800838,0.9691536
800839,0.07862653
800840,0.998875
800841,0.9993964
800842,0.03029276
800843,0.09580356
800844,0.021414172
800845,0.06315185
800846,0.7334597
800847,0.82454365
800848,0.012513097
800849,0.94608164
800850,0.025589468
800851,0.05609817
800852,0.05070572
800853,0.9866971
800854,0.65386844
800855,0.880365
800856,0.95378566
800857,0.43087596
800858,0.07348544
800859,0.17315522
800860,0.98882896
800861,0.4152446
800862,0.036479473
800863,0.39587405
800864,0.99007535
800865,0.991705
800866,0.13653311
800867,0.07721269
800868,0.50126904
800869,0.06313426
800870,0.026258325
800871,0.055302974
800872,0.015103421
800873,0.076625444
800874,0.017632458
800875,0.034307677
800876,0.03879452
800877,0.42754424
800878,0.24763323
800879,0.99734885
800880,0.9235978
800881,0.08981466
800882,0.002792342
800883,0.014976252
800884,0.9940493
800885,0.02344672
800886,0.017753607
800887,0.24641363
800888,0.35594028
800889,0.98520887
800890,0.97757465
800891,0.022369284
800892,0.0065935375
800893,0.006375489
800894,0.103590995
800895,0.938886
800896,0.9855028
800897,0.061216246
800898,0.2581405
800899,0.9598544
800900,0.015893174
800901,0.951406
800902,0.9375602
800903,0.9840888
800904,0.9815121
800905,0.035461448
800906,0.64846826
800907,0.17652819
800908,0.040710464
800909,0.0021088845
800910,0.93729
800911,0.15919004
800912,0.48974478
800913,0.99422663
800914,0.95368695
800915,0.9218377
800916,0.98694664
800917,0.23724681
800918,0.79582685
800919,0.98579115
800920,0.10468216
800921,0.93426496
800922,0.34910563
800923,0.9824568
800924,0.9983988
800925,0.14921372
800926,0.102735996
800927,0.012816293
800928,0.009229635
800929,0.9822505
800930,0.9807782
800931,0.06404515
800932,0.1070649
800933,0.89372826
800934,0.015215214
800935,0.03547201
800936,0.026597261
800937,0.9548769
800938,0.25670624
800939,0.37373966
800940,0.018437644
800941,0.0019733082
800942,0.9898615
800943,0.81929755
800944,0.11669171
800945,0.98174036
800946,0.18847375
800947,0.027042534
800948,0.9077591
800949,0.018911164
800950,0.99845046
800951,0.9076804
800952,0.998604
800953,0.88091564
800954,0.020186208
800955,0.08671354
800956,0.03225834
800957,0.097020656
800958,0.076348916
800959,0.008068636
800960,0.5936971
800961,0.9724272
800962,0.051106296
800963,0.0022960885
800964,0.19549614
800965,0.20906274
800966,0.008665118
800967,0.41038045
800968,0.0028137467
800969,0.4010963
800970,0.18715945
800971,0.87826294
800972,0.3815361
800973,0.9657248
800974,0.0029953134
800975,0.012281377
800976,0.0042179944
800977,0.80625796
800978,0.927832
800979,0.018632129
800980,0.00879317
800981,0.8515947
800982,0.94193053
800983,0.24328887
800984,0.5781098
800985,0.01203963
800986,0.99858063
800987,0.9261816
800988,0.96653044
800989,0.012693633
800990,0.061129168
800991,0.021422865
800992,0.020024508
800993,0.5227665
800994,0.9927252
800995,0.057537623
800996,0.06498846
800997,0.2042682
800998,0.102710746
800999,0.7646648
801000,0.9972149
801001,0.9319546
801002,0.011709506
801003,0.98117745
801004,0.02688953
801005,0.5348531
801006,0.036059506
801007,0.01908088
801008,0.5473217
801009,0.025122298
801010,0.41721436
801011,0.8273233
801012,0.98947984
801013,0.8380445
801014,0.4048674
801015,0.8464251
801016,0.271281
801017,0.02245545
801018,0.13434827
801019,0.4661489
801020,0.98027414
801021,0.97838706
801022,0.0064698057
801023,0.99018764
801024,0.44076878
801025,0.64480364
801026,0.22142659
801027,0.013802025
801028,0.189602
801029,0.8352194
801030,0.0050124954
801031,0.973559
801032,0.5293244
801033,0.4189891
801034,0.15873143
801035,0.16441874
801036,0.25224414
801037,0.6833485
801038,0.74977326
801039,0.02960865
801040,0.9805836
801041,0.97968876
801042,0.4414043
801043,0.16777161
801044,0.0073297424
801045,0.022788683
801046,0.37985027
801047,0.93142503
801048,0.01649521
801049,0.6729394
801050,0.02486531
801051,0.90793884
801052,0.29334465
801053,0.07427783
801054,0.95707476
801055,0.2535362
801056,0.019573336
801057,0.98231626
801058,0.17910743
801059,0.2119838
801060,0.18801321
801061,0.9568787
801062,0.010822576
801063,0.7831564
801064,0.9249277
801065,0.017370317
801066,0.9136127
801067,0.9988046
801068,0.6430514
801069,0.69307256
801070,0.0368502
801071,0.007462166
801072,0.89148057
801073,0.35062873
801074,0.0047021946
801075,0.008262593
801076,0.12154348
801077,0.40428084
801078,0.04999364
801079,0.51799023
801080,0.014782421
801081,0.035577558
801082,0.31031677
801083,0.15266554
801084,0.79443854
801085,0.98011345
801086,0.03188497
801087,0.027837217
801088,0.45270437
801089,0.5687351
801090,0.99265385
801091,0.2374868
801092,0.006008407
801093,0.93017316
801094,0.98910743
801095,0.0052139694
801096,0.3817553
801097,0.9963647
801098,0.014979389
801099,0.0120244445
801100,0.16603023
801101,0.9832908
801102,0.10402498
801103,0.020605521
801104,0.98658115
801105,0.16156147
801106,0.10258327
801107,0.8174635
801108,0.0032638384
801109,0.5360595
801110,0.059847295
801111,0.004061931
801112,0.024437282
801113,0.98146087
801114,0.6421869
801115,0.38859022
801116,0.007724301
801117,0.20834595
801118,0.023867374
801119,0.97862935
801120,0.16199094
801121,0.014445951
801122,0.91186756
801123,0.21748538
801124,0.35524878
801125,0.05463425
801126,0.5796368
801127,0.96759504
801128,0.67742
801129,0.41016272
801130,0.039084025
801131,0.07798568
801132,0.50275135
801133,0.99867475
801134,0.9428705
801135,0.99346113
801136,0.019648533
801137,0.9376122
801138,0.046057016
801139,0.99676603
801140,0.65041536
801141,0.066764496
801142,0.28008124
801143,0.02944134
801144,0.0035353648
801145,0.21824753
801146,0.09561427
801147,0.9442185
801148,0.080650076
801149,0.46709296
801150,0.98770434
801151,0.8679239
801152,0.21263151
801153,0.99508834
801154,0.3758128
801155,0.0072227325
801156,0.0938209
801157,0.02414911
801158,0.9878996
801159,0.962512
801160,0.08423882
801161,0.016480956
801162,0.8400207
801163,0.0453574
801164,0.82686913
801165,0.0021049832
801166,0.03551773
801167,0.9844605
801168,0.52709895
801169,0.99219084
801170,0.023470672
801171,0.09733527
801172,0.9469529
801173,0.06819892
801174,0.70359296
801175,0.060372468
801176,0.32210144
801177,0.84705836
801178,0.9231296
801179,0.9682822
801180,0.99873424
801181,0.22894312
801182,0.10645415
801183,0.902288
801184,0.043001033
801185,0.004062781
801186,0.6978767
801187,0.014595028
801188,0.50788015
801189,0.9810435
801190,0.11021571
801191,0.10476475
801192,0.90654784
801193,0.13214627
801194,0.006176596
801195,0.18489668
801196,0.8225572
801197,0.018992584
801198,0.0033931325
801199,0.52362686
801200,0.9719305
801201,0.054065984
801202,0.011463098
801203,0.031631086
801204,0.74911964
801205,0.91418254
801206,0.9861231
801207,0.73839736
801208,0.25036824
801209,0.99300396
801210,0.9807653
801211,0.88409126
801212,0.36686468
801213,0.9638868
801214,0.15893021
801215,0.9867337
801216,0.46282613
801217,0.9621931
801218,0.6225009
801219,0.8912577
801220,0.6492395
801221,0.03945431
801222,0.0389084
801223,0.055336714
801224,0.0153216645
801225,0.078595966
801226,0.99550664
801227,0.7853188
801228,0.28924912
801229,0.013170825
801230,0.91185766
801231,0.0053700493
801232,0.9961494
801233,0.87859994
801234,0.8198036
801235,0.97814745
801236,0.021025518
801237,0.7448191
801238,0.9393994
801239,0.9394701
801240,0.9689102
801241,0.88090885
801242,0.7378282
801243,0.036355924
801244,0.98986155
801245,0.6624737
801246,0.8910812
801247,0.9585262
801248,0.01664214
801249,0.79241604
801250,0.42550626
801251,0.2770557
801252,0.07365858
801253,0.8775743
801254,0.65054905
801255,0.99604005
801256,0.95700896
801257,0.003973458
801258,0.20159118
801259,0.6577916
801260,0.99010944
801261,0.049183354
801262,0.9833814
801263,0.083637014
801264,0.17602897
801265,0.8753934
801266,0.9994238
801267,0.022528319
801268,0.9182553
801269,0.06793522
801270,0.82719076
801271,0.49973956
801272,0.0071303975
801273,0.15968181
801274,0.9729941
801275,0.9923183
801276,0.9918052
801277,0.9318857
801278,0.85758424
801279,0.9907641
801280,0.026204435
801281,0.9940939
801282,0.8146825
801283,0.040533468
801284,0.0083498135
801285,0.0147298025
801286,0.09579152
801287,0.95622784
801288,0.72212803
801289,0.1305834
801290,0.02219155
801291,0.4176839
801292,0.03314177
801293,0.04064726
801294,0.9745237
801295,0.045103
801296,0.024611842
801297,0.022742335
801298,0.5350152
801299,0.004882795
801300,0.0060618566
801301,0.008021162
801302,0.67832255
801303,0.07928681
801304,0.037301622
801305,0.93094945
801306,0.046757035
801307,0.7952529
801308,0.08266192
801309,0.021248674
801310,0.9898409
801311,0.004713857
801312,0.9502798
801313,0.17167847
801314,0.05904793
801315,0.540339
801316,0.0073163896
801317,0.9718746
801318,0.0863305
801319,0.80588895
801320,0.8501923
801321,0.013322171
801322,0.008071309
801323,0.52976805
801324,0.26009423
801325,0.11029566
801326,0.094373696
801327,0.9841849
801328,0.9914888
801329,0.029137623
801330,0.99430543
801331,0.019573744
801332,0.14350396
801333,0.9956826
801334,0.037577353
801335,0.30745775
801336,0.7466966
801337,0.8004161
801338,0.96258026
801339,0.3049917
801340,0.9171736
801341,0.098515
801342,0.07114717
801343,0.036879435
801344,0.4906655
801345,0.98922265
801346,0.15719962
801347,0.0007760824
801348,0.91836256
801349,0.9712288
801350,0.9166049
801351,0.006076156
801352,0.017883098
801353,0.99705493
801354,0.707234
801355,0.0036167274
801356,0.2741894
801357,0.021203218
801358,0.11206451
801359,0.02660258
801360,0.95333815
801361,0.98261833
801362,0.2676531
801363,0.05743991
801364,0.009162684
801365,0.0052423025
801366,0.046291437
801367,0.89331245
801368,0.99927914
801369,0.008771671
801370,0.99606866
801371,0.052417845
801372,0.8681569
801373,0.64474964
801374,0.7623943
801375,0.20890611
801376,0.0040422613
801377,0.13820975
801378,0.84690666
801379,0.107017666
801380,0.014277679
801381,0.08637372
801382,0.005747551
801383,0.15529579
801384,0.93734545
801385,0.8817959
801386,0.83485806
801387,0.027584277
801388,0.6552761
801389,0.009665556
801390,0.011240525
801391,0.16768304
801392,0.7768603
801393,0.9857331
801394,0.44530407
801395,0.8690161
801396,0.14960666
801397,0.3360199
801398,0.9721266
801399,0.910116
801400,0.15151155
801401,0.024110224
801402,0.9112197
801403,0.007950017
801404,0.35607052
801405,0.9711821
801406,0.88681173
801407,0.025306303
801408,0.8977119
801409,0.19834265
801410,0.8979762
801411,0.90698195
801412,0.63187313
801413,0.0020917086
801414,0.1633848
801415,0.43753397
801416,0.07710007
801417,0.058307018
801418,0.016829003
801419,0.0036068782
801420,0.9945347
801421,0.07315053
801422,0.26258293
801423,0.017991006
801424,0.22481632
801425,0.017297994
801426,0.0050595207
801427,0.007805084
801428,0.0473453
801429,0.96317935
801430,0.02458897
801431,0.18583721
801432,0.9570694
801433,0.5847646
801434,0.7231858
801435,0.061905332
801436,0.04147087
801437,0.033881195
801438,0.020402268
801439,0.9973072
801440,0.87617093
801441,0.35515884
801442,0.90720797
801443,0.8330269
801444,0.9967846
801445,0.9532071
801446,0.5297238
801447,0.0130862165
801448,0.008994531
801449,0.004846299
801450,0.32878885
801451,0.07365147
801452,0.94162977
801453,0.0801538
801454,0.019185908
801455,0.019560896
801456,0.100937285
801457,0.9948651
801458,0.86032796
801459,0.037786737
801460,0.0039637955
801461,0.0063824365
801462,0.9990791
801463,0.8222552
801464,0.9495251
801465,0.13035215
801466,0.37298885
801467,0.98492664
801468,0.03357119
801469,0.29213646
801470,0.026093407
801471,0.1331334
801472,0.44223887
801473,0.08979449
801474,0.01833459
801475,0.019101473
801476,0.4377258
801477,0.037633624
801478,0.0027042243
801479,0.014039244
801480,0.08473304
801481,0.5056274
801482,0.005440904
801483,0.056605592
801484,0.036903713
801485,0.9650417
801486,0.0030963137
801487,0.19920856
801488,0.16129994
801489,0.5208351
801490,0.38221872
801491,0.09643688
801492,0.11459239
801493,0.99645346
801494,0.010582352
801495,0.018872553
801496,0.05930095
801497,0.12417038
801498,0.91934943
801499,0.2220154
801500,0.6948791
801501,0.34198314
801502,0.43184155
801503,0.22552335
801504,0.110779375
801505,0.9735597
801506,0.66474897
801507,0.09390062
801508,0.6351111
801509,0.40230513
801510,0.94757706
801511,0.086479075
801512,0.024625635
801513,0.9877167
801514,0.7490495
801515,0.90711474
801516,0.8858583
801517,0.06352581
801518,0.985318
801519,0.009877963
801520,0.0032821577
801521,0.86797196
801522,0.076388165
801523,0.90405047
801524,0.00727257
801525,0.37529552
801526,0.86278296
801527,0.2367601
801528,0.9081143
801529,0.021865163
801530,0.021664519
801531,0.039486293
801532,0.03852649
801533,0.024091754
801534,0.018510284
801535,0.863932
801536,0.014836946
801537,0.93933165
801538,0.99363565
801539,0.07460569
801540,0.60222185
801541,0.07519073
801542,0.10632309
801543,0.10418692
801544,0.9680567
801545,0.9946494
801546,0.8905607
801547,0.0049727764
801548,0.46789432
801549,0.020034801
801550,0.965307
801551,0.08771824
801552,0.98526484
801553,0.419181
801554,0.9444008
801555,0.9219651
801556,0.13603914
801557,0.9353399
801558,0.6622243
801559,0.5930353
801560,0.26378423
801561,0.44057384
801562,0.06553919
801563,0.025561424
801564,0.3753905
801565,0.02264881
801566,0.99629295
801567,0.7520659
801568,0.9578705
801569,0.9934676
801570,0.9286113
801571,0.053318303
801572,0.048582975
801573,0.9682808
801574,0.072984084
801575,0.9580922
801576,0.9977851
801577,0.20203772
801578,0.9894824
801579,0.017042596
801580,0.025447797
801581,0.036576845
801582,0.01662803
801583,0.99492204
801584,0.82750154
801585,0.041055515
801586,0.9085958
801587,0.1532716
801588,0.020026159
801589,0.030652951
801590,0.48026934
801591,0.6573384
801592,0.2919001
801593,0.7102213
801594,0.044361148
801595,0.54874957
801596,0.2809531
801597,0.12961899
801598,0.9387782
801599,0.107476346
801600,0.81784725
801601,0.9916698
801602,0.03264156
801603,0.053020578
801604,0.998796
801605,0.97333217
801606,0.96680295
801607,0.8197247
801608,0.0017955834
801609,0.025859205
801610,0.031176373
801611,0.36536607
801612,0.5031835
801613,0.9887422
801614,0.9442906
801615,0.0016142922
801616,0.016609034
801617,0.6564486
801618,0.11011068
801619,0.85027146
801620,0.0746252
801621,0.018566376
801622,0.9986189
801623,0.30949277
801624,0.89768773
801625,0.013388775
801626,0.0068415636
801627,0.61641955
801628,0.9902915
801629,0.99840176
801630,0.0070186593
801631,0.025820661
801632,0.07445806
801633,0.94672984
801634,0.034489296
801635,0.96621835
801636,0.037058357
801637,0.0074659963
801638,0.027232155
801639,0.18370786
801640,0.0037111794
801641,0.008117896
801642,0.035502814
801643,0.99219954
801644,0.99760437
801645,0.98453546
801646,0.19443534
801647,0.24411914
801648,0.9563386
801649,0.17063224
801650,0.9663425
801651,0.011343427
801652,0.011866851
801653,0.45888793
801654,0.25407904
801655,0.44209883
801656,0.12700889
801657,0.6492262
801658,0.9861132
801659,0.02380596
801660,0.9866531
801661,0.48374242
801662,0.22367555
801663,0.9896944
801664,0.03967981
801665,0.010531579
801666,0.48038983
801667,0.11580457
801668,0.9851251
801669,0.08507276
801670,0.01651223
801671,0.0086414935
801672,0.010095173
801673,0.009431543
801674,0.018832838
801675,0.96373904
801676,0.010847708
801677,0.38279876
801678,0.99128747
801679,0.012794821
801680,0.1710143
801681,0.037361905
801682,0.5102237
801683,0.058397092
801684,0.17103934
801685,0.6561914
801686,0.65907997
801687,0.6469998
801688,0.92492473
801689,0.017132886
801690,0.009531347
801691,0.41029742
801692,0.9697398
801693,0.98412704
801694,0.9955241
801695,0.02205529
801696,0.012658292
801697,0.95105606
801698,0.873904
801699,0.96078956
801700,0.2019059
801701,0.9835765
801702,0.65195864
801703,0.06609251
801704,0.2737161
801705,0.23450573
801706,0.57808894
801707,0.8111147
801708,0.004251759
801709,0.99922776
801710,0.9793551
801711,0.076264836
801712,0.048026472
801713,0.03813793
801714,0.981841
801715,0.9386312
801716,0.0719109
801717,0.09728874
801718,0.98748654
801719,0.9926147
801720,0.019392474
801721,0.10277626
801722,0.92466784
801723,0.099317566
801724,0.82264566
801725,0.012760866
801726,0.007811347
801727,0.004424572
801728,0.640334
801729,0.2928305
801730,0.035075165
801731,0.034436587
801732,0.938773
801733,0.041493986
801734,0.005012534
801735,0.60102326
801736,0.59358764
801737,0.007421417
801738,0.017679084
801739,0.49877805
801740,0.26285726
801741,0.97386885
801742,0.98377967
801743,0.035710335
801744,0.005914793
801745,0.16358307
801746,0.9285292
801747,0.008752171
801748,0.5804441
801749,0.3834628
801750,0.9959949
801751,0.13319813
801752,0.90973496
801753,0.81060266
801754,0.86539817
801755,0.87816596
801756,0.1260677
801757,0.06035711
801758,0.0032260015
801759,0.036283284
801760,0.9239186
801761,0.018184936
801762,0.14229429
801763,0.009521274
801764,0.97622776
801765,0.96231496
801766,0.005355821
801767,0.9928893
801768,0.91667676
801769,0.12005389
801770,0.9598643
801771,0.98830545
801772,0.10641868
801773,0.26463154
801774,0.21162486
801775,0.0026741214
801776,0.9474861
801777,0.30566028
801778,0.5037019
801779,0.038378775
801780,0.94244665
801781,0.9410841
801782,0.012540733
801783,0.9996313
801784,0.9543334
801785,0.9345783
801786,0.14387888
801787,0.1693117
801788,0.95776695
801789,0.42197028
801790,0.046892483
801791,0.7919254
801792,0.9838346
801793,0.010988703
801794,0.001820418
801795,0.051655624
801796,0.24764583
801797,0.8486543
801798,0.0055254297
801799,0.0134407915
801800,0.018893
801801,0.92469496
801802,0.022764016
801803,0.97600144
801804,0.2725353
801805,0.93218493
801806,0.28603077
801807,0.016575748
801808,0.14442661
801809,0.95056903
801810,0.75919425
801811,0.8982773
801812,0.036767855
801813,0.5580792
801814,0.86877096
801815,0.98868835
801816,0.07186803
801817,0.013036515
801818,0.27387166
801819,0.99318224
801820,0.1632553
801821,0.24311398
801822,0.022030503
801823,0.058827557
801824,0.020746876
801825,0.9886092
801826,0.065824956
801827,0.013710351
801828,0.015315104
801829,0.64871395
801830,0.58320475
801831,0.97339696
801832,0.9697975
801833,0.981043
801834,0.088075005
801835,0.31877223
801836,0.0024632125
801837,0.2818554
801838,0.96968186
801839,0.022710133
801840,0.19398172
801841,0.9688889
801842,0.02116115
801843,0.30407834
801844,0.99664485
801845,0.27540535
801846,0.97557926
801847,0.015425175
801848,0.92979515
801849,0.14738037
801850,0.7262863
801851,0.91133827
801852,0.8066398
801853,0.90192896
801854,0.8903307
801855,0.0037147463
801856,0.14066789
801857,0.0019292568
801858,0.595153
801859,0.005390808
801860,0.3979711
801861,0.84458786
801862,0.050768957
801863,0.48924857
801864,0.18385841
801865,0.112202704
801866,0.9731678
801867,0.1548502
801868,0.0068774633
801869,0.03765761
801870,0.015125998
801871,0.010455642
801872,0.9942015
801873,0.13762282
801874,0.9216561
801875,0.95049226
801876,0.9654681
801877,0.023352597
801878,0.7636869
801879,0.4570268
801880,0.0029358992
801881,0.00643168
801882,0.9571226
801883,0.37170336
801884,0.39080936
801885,0.920358
801886,0.9954919
801887,0.129251
801888,0.99783343
801889,0.118339114
801890,0.98489994
801891,0.10426079
801892,0.99243194
801893,0.7532507
801894,0.9177531
801895,0.46371892
801896,0.996551
801897,0.94491273
801898,0.95565
801899,0.7206475
801900,0.9739553
801901,0.7722501
801902,0.03188546
801903,0.006850439
801904,0.9247074
801905,0.9978129
801906,0.2346516
801907,0.015880099
801908,0.015987134
801909,0.9844612
801910,0.35472628
801911,0.988787
801912,0.13905971
801913,0.18839124
801914,0.32854718
801915,0.89715695
801916,0.018076422
801917,0.67410713
801918,0.1423603
801919,0.08535093
801920,0.030117134
801921,0.049054436
801922,0.9850331
801923,0.11394177
801924,0.5261054
801925,0.012313343
801926,0.9502518
801927,0.96003354
801928,0.028878847
801929,0.0058788587
801930,0.029359479
801931,0.9878489
801932,0.14759265
801933,0.11398883
801934,0.14709714
801935,0.11643864
801936,0.008964362
801937,0.087323986
801938,0.15698321
801939,0.31864822
801940,0.9720664
801941,0.11392848
801942,0.99763674
801943,0.9139179
801944,0.6062687
801945,0.015933642
801946,0.023533035
801947,0.9584638
801948,0.003810504
801949,0.25363252
801950,0.018999822
801951,0.21845797
801952,0.99738705
801953,0.18884844
801954,0.5291513
801955,0.9615549
801956,0.194227
801957,0.9926337
801958,0.022115363
801959,0.02303579
801960,0.0042817784
801961,0.15135105
801962,0.24177316
801963,0.019861959
801964,0.08084196
801965,0.010655407
801966,0.003044317
801967,0.010977047
801968,0.052868642
801969,0.02911672
801970,0.109758966
801971,0.9894258
801972,0.02983827
801973,0.58722377
801974,0.98606986
801975,0.9023638
801976,0.9750441
801977,0.0077909864
801978,0.005913545
801979,0.16855371
801980,0.19243489
801981,0.38065827
801982,0.0051837964
801983,0.010590974
801984,0.87667453
801985,0.12613389
801986,0.24618076
801987,0.048864562
801988,0.22658136
801989,0.25170308
801990,0.0802578
801991,0.22246656
801992,0.007445304
801993,0.96768814
801994,0.18857898
801995,0.9695372
801996,0.9977661
801997,0.060239542
801998,0.961206
801999,0.9080986
802000,0.1446977
802001,0.012598574
802002,0.54453963
802003,0.95090127
802004,0.81713915
802005,0.31590304
802006,0.45356435
802007,0.03573345
802008,0.0280607
802009,0.9459506
802010,0.058227256
802011,0.5082459
802012,0.062600285
802013,0.24276486
802014,0.0028482897
802015,0.84826255
802016,0.024680147
802017,0.8593507
802018,0.99182665
802019,0.81101793
802020,0.89142364
802021,0.989223
802022,0.19408692
802023,0.3165238
802024,0.9807454
802025,0.83460075
802026,0.09847889
802027,0.7293948
802028,0.6239854
802029,0.16549608
802030,0.009793988
802031,0.29834223
802032,0.3788628
802033,0.3042577
802034,0.9564129
802035,0.05425739
802036,0.08613302
802037,0.05182975
802038,0.96441656
802039,0.9276929
802040,0.56824106
802041,0.5356808
802042,0.6461662
802043,0.8635266
802044,0.032447908
802045,0.066911355
802046,0.43391964
802047,0.11255694
802048,0.18411168
802049,0.96858966
802050,0.35614717
802051,0.9771502
802052,0.67079884
802053,0.12681882
802054,0.046116997
802055,0.7619004
802056,0.9970974
802057,0.007996802
802058,0.09287257
802059,0.0672459
802060,0.9934867
802061,0.37341484
802062,0.09655624
802063,0.014632311
802064,0.7529696
802065,0.016247496
802066,0.9929824
802067,0.02273986
802068,0.11647349
802069,0.9788823
802070,0.24734828
802071,0.9902907
802072,0.9676368
802073,0.38557202
802074,0.063614495
802075,0.0070137484
802076,0.46334213
802077,0.020989206
802078,0.98632324
802079,0.4118263
802080,0.6820196
802081,0.99215674
802082,0.91013604
802083,0.0028755092
802084,0.02197583
802085,0.98913693
802086,0.8905833
802087,0.9978317
802088,0.95414734
802089,0.055954207
802090,0.30495098
802091,0.989154
802092,0.16663826
802093,0.9867425
802094,0.99664575
802095,0.99532425
802096,0.94466287
802097,0.99803644
802098,0.038208425
802099,0.9540067
802100,0.8853141
802101,0.03806962
802102,0.96128774
802103,0.9854683
802104,0.7389089
802105,0.20693345
802106,0.9978765
802107,0.39704323
802108,0.9600037
802109,0.27605152
802110,0.9023906
802111,0.04486146
802112,0.1802089
802113,0.06622615
802114,0.059611153
802115,0.041002873
802116,0.94920677
802117,0.06302941
802118,0.008401292
802119,0.9793076
802120,0.46815026
802121,0.1838674
802122,0.990052
802123,0.07279816
802124,0.0013925179
802125,0.07377213
802126,0.9990303
802127,0.1395297
802128,0.01517924
802129,0.09900084
802130,0.3682945
802131,0.020850217
802132,0.96278965
802133,0.01901313
802134,0.8542821
802135,0.013774428
802136,0.040574323
802137,0.10352755
802138,0.26203206
802139,0.118222244
802140,0.9193097
802141,0.016243529
802142,0.42983946
802143,0.21552518
802144,0.15545431
802145,0.0026106671
802146,0.62604517
802147,0.97978365
802148,0.41662508
802149,0.057482705
802150,0.7488216
802151,0.96572244
802152,0.17490037
802153,0.3099693
802154,0.95776737
802155,0.77338797
802156,0.16447316
802157,0.08740801
802158,0.98467565
802159,0.86498
802160,0.9798025
802161,0.99723846
802162,0.0031055314
802163,0.96650714
802164,0.015238148
802165,0.0025811575
802166,0.034169465
802167,0.5822566
802168,0.9919931
802169,0.27327517
802170,0.9711098
802171,0.0069842758
802172,0.07120494
802173,0.8321534
802174,0.002386062
802175,0.89658064
802176,0.99472326
802177,0.9795046
802178,0.16269366
802179,0.01632926
802180,0.7437869
802181,0.981083
802182,0.78450906
802183,0.51980305
802184,0.14702213
802185,0.93344
802186,0.02993077
802187,0.99768126
802188,0.9141745
802189,0.0031621703
802190,0.29634744
802191,0.0043855384
802192,0.91626483
802193,0.9910905
802194,0.02103239
802195,0.0023479415
802196,0.019266276
802197,0.84855896
802198,0.24623048
802199,0.36756864
802200,0.15556903
802201,0.012038002
802202,0.039326407
802203,0.94962037
802204,0.9213554
802205,0.06611648
802206,0.9782
802207,0.98466974
802208,0.95124686
802209,0.98915726
802210,0.77242005
802211,0.9005891
802212,0.96610045
802213,0.011773177
802214,0.50668514
802215,0.57074875
802216,0.12965597
802217,0.6922101
802218,0.84853524
802219,0.0041266014
802220,0.0170599
802221,0.017653607
802222,0.6605905
802223,0.06656857
802224,0.38670474
802225,0.92888856
802226,0.95222354
802227,0.0039300956
802228,0.1134367
802229,0.03383446
802230,0.09589135
802231,0.25564462
802232,0.0053396253
802233,0.00813686
802234,0.044881035
802235,0.012709048
802236,0.041041102
802237,0.7785511
802238,0.034139358
802239,0.016719416
802240,0.026484847
802241,0.02475664
802242,0.0058586313
802243,0.7337394
802244,0.8931284
802245,0.044071414
802246,0.016746782
802247,0.05975912
802248,0.85346544
802249,0.0051272395
802250,0.91735786
802251,0.9119774
802252,0.0064383806
802253,0.3200069
802254,0.9409674
802255,0.41301334
802256,0.579485
802257,0.99651384
802258,0.01910206
802259,0.24391326
802260,0.04822352
802261,0.92148834
802262,0.17021187
802263,0.2194409
802264,0.049921986
802265,0.0031115962
802266,0.020646466
802267,0.9830298
802268,0.047710415
802269,0.0025116028
802270,0.9401474
802271,0.2946817
802272,0.069919385
802273,0.93997145
802274,0.8763422
802275,0.9240498
802276,0.029703375
802277,0.23226589
802278,0.18197156
802279,0.033382356
802280,0.0029699968
802281,0.018724699
802282,0.041853927
802283,0.60992837
802284,0.010578867
802285,0.9505637
802286,0.003248754
802287,0.9948778
802288,0.14138247
802289,0.95371467
802290,0.9336033
802291,0.019455213
802292,0.951278
802293,0.9780825
802294,0.32908422
802295,0.119779244
802296,0.008874241
802297,0.12163678
802298,0.0097214
802299,0.046710283
802300,0.018982368
802301,0.070558384
802302,0.97725725
802303,0.031168472
802304,0.60174865
802305,0.0069381436
802306,0.99688274
802307,0.93903315
802308,0.035224564
802309,0.022140283
802310,0.016132714
802311,0.88748693
802312,0.009351093
802313,0.99184
802314,0.20813099
802315,0.9293755
802316,0.07205435
802317,0.06987767
802318,0.006438576
802319,0.014568331
802320,0.7616207
802321,0.020754179
802322,0.017086575
802323,0.6075428
802324,0.031181786
802325,0.9958987
802326,0.015994884
802327,0.05529848
802328,0.064832285
802329,0.9908268
802330,0.13025802
802331,0.97354984
802332,0.01919626
802333,0.012449056
802334,0.01982807
802335,0.97500634
802336,0.030963097
802337,0.078786105
802338,0.9985766
802339,0.056368064
802340,0.9441369
802341,0.0040372377
802342,0.055182982
802343,0.06369022
802344,0.058550835
802345,0.083441265
802346,0.9863501
802347,0.45487148
802348,0.16347669
802349,0.0030804968
802350,0.010383559
802351,0.98616266
802352,0.06312464
802353,0.019473962
802354,0.17141162
802355,0.01036681
802356,0.0074231103
802357,0.14170931
802358,0.023687804
802359,0.0029645544
802360,0.24275169
802361,0.9944524
802362,0.47863325
802363,0.024161544
802364,0.018148387
802365,0.96553385
802366,0.98144126
802367,0.92193455
802368,0.017892143
802369,0.0075780293
802370,0.104640886
802371,0.008981122
802372,0.04614897
802373,0.008182853
802374,0.20324235
802375,0.27118924
802376,0.89865166
802377,0.028564189
802378,0.36728358
802379,0.9933219
802380,0.02931041
802381,0.9987967
802382,0.005037236
802383,0.021108257
802384,0.985179
802385,0.0013986847
802386,0.9970886
802387,0.45743322
802388,0.85355616
802389,0.9893472
802390,0.24843338
802391,0.45059097
802392,0.7777555
802393,0.43462518
802394,0.914987
802395,0.9948142
802396,0.016162887
802397,0.9493308
802398,0.027527053
802399,0.9758149
802400,0.9771544
802401,0.9545407
802402,0.973097
802403,0.009441312
802404,0.014122772
802405,0.0070674066
802406,0.018992348
802407,0.005157261
802408,0.5330557
802409,0.734958
802410,0.0051137805
802411,0.85206866
802412,0.99351895
802413,0.057763353
802414,0.97373146
802415,0.9843744
802416,0.9944049
802417,0.8291736
802418,0.07459098
802419,0.9404761
802420,0.3572237
802421,0.91304064
802422,0.44146287
802423,0.13315566
802424,0.34745008
802425,0.1430026
802426,0.44731852
802427,0.9039364
802428,0.45317468
802429,0.99917966
802430,0.7903094
802431,0.8578636
802432,0.9344935
802433,0.14995258
802434,0.005248844
802435,0.045422424
802436,0.32004246
802437,0.14939052
802438,0.98516136
802439,0.809438
802440,0.48747867
802441,0.029261895
802442,0.028335858
802443,0.6027721
802444,0.47626412
802445,0.010686282
802446,0.9697679
802447,0.76593333
802448,0.1941963
802449,0.07422013
802450,0.100314215
802451,0.0321152
802452,0.99426186
802453,0.6975833
802454,0.93827164
802455,0.84200287
802456,0.038862742
802457,0.013376962
802458,0.011732094
802459,0.012311376
802460,0.21246263
802461,0.05429348
802462,0.68896663
802463,0.99715996
802464,0.006489236
802465,0.49127328
802466,0.5126961
802467,0.26378703
802468,0.7682568
802469,0.48714578
802470,0.9611521
802471,0.99411863
802472,0.0096313
802473,0.0041901777
802474,0.11261825
802475,0.12724124
802476,0.88056636
802477,0.41592258
802478,0.21741742
802479,0.022900306
802480,0.022986613
802481,0.005295665
802482,0.017047774
802483,0.663234
802484,0.6330839
802485,0.97460467
802486,0.04325995
802487,0.6825146
802488,0.097652294
802489,0.0032964395
802490,0.22539765
802491,0.017529286
802492,0.8424014
802493,0.45186436
802494,0.23794658
802495,0.9913884
802496,0.045433804
802497,0.02585893
802498,0.30468923
802499,0.25353813
802500,0.009813898
802501,0.98083466
802502,0.3973632
802503,0.9672388
802504,0.007142243
802505,0.95198315
802506,0.53414226
802507,0.0107484255
802508,0.004212635
802509,0.3413919
802510,0.05769658
802511,0.14052835
802512,0.01372071
802513,0.012326613
802514,0.13904779
802515,0.9961948
802516,0.97508293
802517,0.2532695
802518,0.98036593
802519,0.23491164
802520,0.8250582
802521,0.02683208
802522,0.59035164
802523,0.024847403
802524,0.85099256
802525,0.037638452
802526,0.0030116332
802527,0.11801266
802528,0.9848696
802529,0.58278817
802530,0.98519933
802531,0.19641322
802532,0.025344519
802533,0.20084241
802534,0.33035862
802535,0.002497741
802536,0.99360365
802537,0.09862401
802538,0.89533377
802539,0.9126013
802540,0.0394645
802541,0.007907091
802542,0.7259686
802543,0.7476747
802544,0.9561943
802545,0.29859263
802546,0.0008716898
802547,0.028907707
802548,0.16555
802549,0.003399263
802550,0.0084022
802551,0.02211462
802552,0.26095128
802553,0.60633874
802554,0.59981567
802555,0.09432204
802556,0.6807784
802557,0.96705985
802558,0.16007522
802559,0.021986526
802560,0.991525
802561,0.16824017
802562,0.04708462
802563,0.26564974
802564,0.97485274
802565,0.52698016
802566,0.0409275
802567,0.024714015
802568,0.09138058
802569,0.93756694
802570,0.0031044364
802571,0.06803262
802572,0.11600803
802573,0.98641634
802574,0.9621944
802575,0.995406
802576,0.9415655
802577,0.8738404
802578,0.049272746
802579,0.027830675
802580,0.90189767
802581,0.92286444
802582,0.98741484
802583,0.84723353
802584,0.8495023
802585,0.9969792
802586,0.1175353
802587,0.13507548
802588,0.9849541
802589,0.0048873113
802590,0.005211323
802591,0.3114064
802592,0.57998204
802593,0.9617833
802594,0.0046990444
802595,0.88932294
802596,0.037918314
802597,0.030847922
802598,0.06814362
802599,0.040306345
802600,0.14999662
802601,0.25247332
802602,0.9508003
802603,0.77309126
802604,0.0014120874
802605,0.7924586
802606,0.73584723
802607,0.0383583
802608,0.21946232
802609,0.014768747
802610,0.760121
802611,0.9992541
802612,0.010517428
802613,0.028946774
802614,0.8055278
802615,0.06886672
802616,0.068818055
802617,0.98022646
802618,0.50036466
802619,0.0733425
802620,0.05764064
802621,0.012723961
802622,0.042627297
802623,0.9780094
802624,0.9996724
802625,0.027480535
802626,0.99370646
802627,0.99457353
802628,0.1757707
802629,0.0039066174
802630,0.013533188
802631,0.9741529
802632,0.8755417
802633,0.0027749897
802634,0.99543434
802635,0.8154882
802636,0.94612134
802637,0.95571005
802638,0.9935917
802639,0.9327488
802640,0.8945187
802641,0.9770971
802642,0.058154907
802643,0.060396165
802644,0.02523515
802645,0.97570163
802646,0.984214
802647,0.9688339
802648,0.94691706
802649,0.86162305
802650,0.092510074
802651,0.049532514
802652,0.031130916
802653,0.16307372
802654,0.3395096
802655,0.98924
802656,0.07134291
802657,0.033173684
802658,0.9683262
802659,0.74049246
802660,0.0009100394
802661,0.9573854
802662,0.72771436
802663,0.056903027
802664,0.9866071
802665,0.012403274
802666,0.9276054
802667,0.4802684
802668,0.9957032
802669,0.88246113
802670,0.15857986
802671,0.93041396
802672,0.28361434
802673,0.91728777
802674,0.041040476
802675,0.17212926
802676,0.7832982
802677,0.97200656
802678,0.26665896
802679,0.07881525
802680,0.020259887
802681,0.66303307
802682,0.8169689
802683,0.9887722
802684,0.11232989
802685,0.47611094
802686,0.8149278
802687,0.18643814
802688,0.97280025
802689,0.4837749
802690,0.9161639
802691,0.8839371
802692,0.95728046
802693,0.049642313
802694,0.16991635
802695,0.059948318
802696,0.030299887
802697,0.3020437
802698,0.9634829
802699,0.88891935
802700,0.030547993
802701,0.8382944
802702,0.003236256
802703,0.64139223
802704,0.99438834
802705,0.18876596
802706,0.8794288
802707,0.066606
802708,0.032276157
802709,0.042926203
802710,0.05164906
802711,0.9542668
802712,0.014666612
802713,0.94005847
802714,0.6701913
802715,0.9711832
802716,0.9165989
802717,0.10517175
802718,0.99121046
802719,0.043942597
802720,0.02838502
802721,0.12508531
802722,0.43293157
802723,0.025715359
802724,0.9734698
802725,0.97222614
802726,0.25155798
802727,0.92175126
802728,0.97016513
802729,0.37338307
802730,0.9914
802731,0.008669312
802732,0.9931706
802733,0.061080866
802734,0.99427295
802735,0.9972299
802736,0.034284897
802737,0.8728146
802738,0.9881557
802739,0.31493616
802740,0.98731726
802741,0.020443564
802742,0.83430314
802743,0.011931852
802744,0.3322923
802745,0.4960806
802746,0.6716504
802747,0.14602306
802748,0.92602813
802749,0.7718681
802750,0.27465978
802751,0.69290584
802752,0.0014603573
802753,0.5342833
802754,0.29014325
802755,0.98018765
802756,0.12877613
802757,0.029810425
802758,0.7465967
802759,0.013622628
802760,0.9160357
802761,0.12872978
802762,0.14022645
802763,0.6194243
802764,0.8646683
802765,0.8238955
802766,0.01348309
802767,0.68894076
802768,0.036795344
802769,0.9904083
802770,0.009483081
802771,0.23623087
802772,0.6873939
802773,0.79014575
802774,0.029248947
802775,0.98078996
802776,0.8220953
802777,0.023018628
802778,0.17436658
802779,0.16108714
802780,0.09115289
802781,0.8665342
802782,0.14279759
802783,0.8907437
802784,0.2812078
802785,0.97411025
802786,0.98762846
802787,0.08310754
802788,0.98634934
802789,0.015283518
802790,0.97805405
802791,0.9851998
802792,0.013326011
802793,0.10968417
802794,0.004673493
802795,0.039617013
802796,0.012435014
802797,0.9104402
802798,0.05437362
802799,0.0062796995
802800,0.99382293
802801,0.0039942535
802802,0.6281421
802803,0.013231374
802804,0.9957723
802805,0.03445071
802806,0.025717998
802807,0.48080784
802808,0.16892278
802809,0.99611914
802810,0.1736633
802811,0.99864084
802812,0.143284
802813,0.99076813
802814,0.044324856
802815,0.22701444
802816,0.8310434
802817,0.04896217
802818,0.99460495
802819,0.8378221
802820,0.1359902
802821,0.8881067
802822,0.8779917
802823,0.4355507
802824,0.0758272
802825,0.026218427
802826,0.0100855995
802827,0.59660196
802828,0.94813
802829,0.026351321
802830,0.7862547
802831,0.3586636
802832,0.07389955
802833,0.08618729
802834,0.8850775
802835,0.046621066
802836,0.9887971
802837,0.0795998
802838,0.94888777
802839,0.019697081
802840,0.9831837
802841,0.9878752
802842,0.925153
802843,0.9890427
802844,0.13671955
802845,0.9767687
802846,0.984834
802847,0.96749
802848,0.0987694
802849,0.9731953
802850,0.72467256
802851,0.9961705
802852,0.095876634
802853,0.0088062575
802854,0.9438038
802855,0.87038755
802856,0.7101831
802857,0.76504755
802858,0.009885562
802859,0.028910443
802860,0.21199651
802861,0.9690182
802862,0.0366248
802863,0.31139523
802864,0.031052094
802865,0.268879
802866,0.99456954
802867,0.91976917
802868,0.9786533
802869,0.0089251455
802870,0.7369292
802871,0.5086238
802872,0.07988618
802873,0.93968093
802874,0.41581827
802875,0.9923427
802876,0.65387386
802877,0.81919813
802878,0.9713089
802879,0.043256067
802880,0.021102432
802881,0.9955996
802882,0.027401816
802883,0.95544624
802884,0.99853826
802885,0.19427213
802886,0.9842207
802887,0.0033872365
802888,0.29948676
802889,0.28500053
802890,0.3677124
802891,0.008265948
802892,0.6636596
802893,0.99275774
802894,0.7593819
802895,0.7766863
802896,0.0043069776
802897,0.933776
802898,0.103721
802899,0.9966617
802900,0.9170467
802901,0.4963473
802902,0.07778806
802903,0.008712897
802904,0.6262926
802905,0.011243234
802906,0.9859247
802907,0.007209092
802908,0.64554334
802909,0.8696031
802910,0.30506593
802911,0.9020862
802912,0.97178644
802913,0.9834494
802914,0.02262933
802915,0.9990227
802916,0.0018705034
802917,0.048579518
802918,0.06979431
802919,0.024444912
802920,0.7889116
802921,0.021702914
802922,0.98982203
802923,0.30259314
802924,0.016328592
802925,0.02863245
802926,0.41799235
802927,0.38937873
802928,0.044653118
802929,0.01244097
802930,0.12784472
802931,0.45317277
802932,0.055942755
802933,0.17432672
802934,0.9883483
802935,0.038622107
802936,0.047544833
802937,0.060022563
802938,0.03768463
802939,0.9946152
802940,0.15812324
802941,0.020747848
802942,0.0551439
802943,0.098995954
802944,0.81713307
802945,0.06411096
802946,0.99144715
802947,0.0042591207
802948,0.010490782
802949,0.019329898
802950,0.9655323
802951,0.99534166
802952,0.8492626
802953,0.015223926
802954,0.9942419
802955,0.023108916
802956,0.047414917
802957,0.0050937613
802958,0.9539061
802959,0.9750319
802960,0.3574761
802961,0.95103216
802962,0.64269227
802963,0.9888414
802964,0.89594597
802965,0.116775274
802966,0.030097798
802967,0.35742298
802968,0.992808
802969,0.9956115
802970,0.046436246
802971,0.92246604
802972,0.9703951
802973,0.57866406
802974,0.035518058
802975,0.7973244
802976,0.07716291
802977,0.68063563
802978,0.8556966
802979,0.10225336
802980,0.059741106
802981,0.040760882
802982,0.99602854
802983,0.026845528
802984,0.9925044
802985,0.9732245
802986,0.66753805
802987,0.4476137
802988,0.9775011
802989,0.4917987
802990,0.038405646
802991,0.87194514
802992,0.041998003
802993,0.1450534
802994,0.04059016
802995,0.77552503
802996,0.012666225
802997,0.68075347
802998,0.48346746
802999,0.7224461
803000,0.15941665
803001,0.99547255
803002,0.99457645
803003,0.00044529155
803004,0.82134545
803005,0.96911347
803006,0.3284325
803007,0.09024702
803008,0.9486865
803009,0.993487
803010,0.9686775
803011,0.0639223
803012,0.21178076
803013,0.4496672
803014,0.93171215
803015,0.94299614
803016,0.993238
803017,0.37542164
803018,0.34867555
803019,0.15540318
803020,0.00490305
803021,0.014204949
803022,0.16261455
803023,0.8634501
803024,0.0119253425
803025,0.9865655
803026,0.035708785
803027,0.024171518
803028,0.20031446
803029,0.02859212
803030,0.3880757
803031,0.74685323
803032,0.7121408
803033,0.74451125
803034,0.8793123
803035,0.92164314
803036,0.007900644
803037,0.46333718
803038,0.092091724
803039,0.99451846
803040,0.029270947
803041,0.012723584
803042,0.95385915
803043,0.08509934
803044,0.011342557
803045,0.08597673
803046,0.99455494
803047,0.97460485
803048,0.8352992
803049,0.011316223
803050,0.9505146
803051,0.96853757
803052,0.98123425
803053,0.15191899
803054,0.7500119
803055,0.9861117
803056,0.009376861
803057,0.030921098
803058,0.6831392
803059,0.42647594
803060,0.19425862
803061,0.5169846
803062,0.04657802
803063,0.7983229
803064,0.96928144
803065,0.022555873
803066,0.6471707
803067,0.84018195
803068,0.12383304
803069,0.8431005
803070,0.7047168
803071,0.99719757
803072,0.050547015
803073,0.3329329
803074,0.009261724
803075,0.3201302
803076,0.0078032007
803077,0.29918662
803078,0.0072202645
803079,0.06849738
803080,0.14175974
803081,0.1641991
803082,0.009894477
803083,0.03382756
803084,0.42912233
803085,0.33135486
803086,0.99337065
803087,0.72209984
803088,0.028837359
803089,0.645104
803090,0.992671
803091,0.036259145
803092,0.92848945
803093,0.015857145
803094,0.28323764
803095,0.96517926
803096,0.80242556
803097,0.9041848
803098,0.9974966
803099,0.109460615
803100,0.05802437
803101,0.9859135
803102,0.022228748
803103,0.92854434
803104,0.043640815
803105,0.9200581
803106,0.9950742
803107,0.17983107
803108,0.16892743
803109,0.9759063
803110,0.028331805
803111,0.81912684
803112,0.9626694
803113,0.17802076
803114,0.98402977
803115,0.13139507
803116,0.8239596
803117,0.0021589964
803118,0.59048635
803119,0.4815153
803120,0.80268985
803121,0.9730264
803122,0.87528694
803123,0.03694242
803124,0.011433369
803125,0.015534978
803126,0.72050035
803127,0.038836032
803128,0.9068966
803129,0.14446245
803130,0.59278524
803131,0.068501495
803132,0.01312976
803133,0.5498073
803134,0.5084629
803135,0.0063882535
803136,0.91882634
803137,0.28926763
803138,0.9460113
803139,0.6681775
803140,0.9421623
803141,0.98177874
803142,0.09637084
803143,0.15115395
803144,0.024433717
803145,0.029381199
803146,0.9829227
803147,0.43976372
803148,0.33787096
803149,0.0039137444
803150,0.9996246
803151,0.18941751
803152,0.92194873
803153,0.0052261017
803154,0.0071206237
803155,0.4769827
803156,0.5647184
803157,0.70018035
803158,0.9340289
803159,0.021336552
803160,0.9752853
803161,0.790264
803162,0.90132797
803163,0.9959227
803164,0.014580464
803165,0.65390337
803166,0.45614788
803167,0.5125727
803168,0.92953575
803169,0.04674509
803170,0.8908233
803171,0.97627527
803172,0.9136781
803173,0.34848878
803174,0.90389276
803175,0.0010466857
803176,0.8487433
803177,0.88797593
803178,0.0023754872
803179,0.009440814
803180,0.9913463
803181,0.1799385
803182,0.019689973
803183,0.011964075
803184,0.002951159
803185,0.9458585
803186,0.054733053
803187,0.3970855
803188,0.943958
803189,0.020628003
803190,0.039342906
803191,0.17876294
803192,0.73491853
803193,0.89072055
803194,0.014615221
803195,0.5911277
803196,0.008913426
803197,0.448679
803198,0.005818633
803199,0.0052497727
803200,0.0030580866
803201,0.018299067
803202,0.8252055
803203,0.8929091
803204,0.041536696
803205,0.14937747
803206,0.13112956
803207,0.97525346
803208,0.99650013
803209,0.9694428
803210,0.24339814
803211,0.0024834713
803212,0.07623505
803213,0.93382573
803214,0.0064006397
803215,0.9850817
803216,0.5654133
803217,0.8798949
803218,0.020074517
803219,0.7201271
803220,0.10019169
803221,0.037132274
803222,0.99352443
803223,0.014024369
803224,0.9705085
803225,0.38961032
803226,0.018727813
803227,0.028248694
803228,0.010187987
803229,0.42383552
803230,0.0074513815
803231,0.0019967833
803232,0.0041942485
803233,0.85902256
803234,0.050187394
803235,0.963701
803236,0.9894234
803237,0.9766674
803238,0.7397686
803239,0.0015561447
803240,0.2804119
803241,0.88944227
803242,0.002894559
803243,0.0023312878
803244,0.043716613
803245,0.9358643
803246,0.16323891
803247,0.9845809
803248,0.28867674
803249,0.9119558
803250,0.64172804
803251,0.021293074
803252,0.104640216
803253,0.4370243
803254,0.042298175
803255,0.0045900717
803256,0.9971172
803257,0.9891655
803258,0.0126211485
803259,0.987779
803260,0.23311578
803261,0.9004426
803262,0.009969876
803263,0.102932006
803264,0.019235391
803265,0.94198346
803266,0.9713815
803267,0.95347095
803268,0.7849699
803269,0.91895586
803270,0.012508661
803271,0.028125197
803272,0.99646366
803273,0.01199717
803274,0.9131913
803275,0.11728501
803276,0.38022053
803277,0.005048323
803278,0.88974303
803279,0.0038161445
803280,0.42463475
803281,0.8197312
803282,0.012335659
803283,0.03851717
803284,0.0666997
803285,0.73034763
803286,0.9930499
803287,0.004391291
803288,0.6832433
803289,0.22508751
803290,0.11713241
803291,0.17476226
803292,0.07355076
803293,0.31307983
803294,0.04309827
803295,0.49419588
803296,0.9939179
803297,0.34720382
803298,0.9395137
803299,0.4753655
803300,0.9852873
803301,0.9978322
803302,0.044697702
803303,0.8710454
803304,0.019150402
803305,0.2986399
803306,0.055447377
803307,0.95031476
803308,0.9557882
803309,0.0044815284
803310,0.01850681
803311,0.0018096603
803312,0.027084926
803313,0.17293262
803314,0.6750083
803315,0.05080883
803316,0.016823888
803317,0.89570266
803318,0.23000757
803319,0.005858303
803320,0.015180963
803321,0.013817776
803322,0.8947636
803323,0.02753129
803324,0.9807222
803325,0.004228543
803326,0.9410536
803327,0.13303854
803328,0.0069829207
803329,0.07751001
803330,0.000405962
803331,0.9873551
803332,0.9554095
803333,0.8651965
803334,0.9825022
803335,0.90454817
803336,0.81799656
803337,0.9634708
803338,0.12357878
803339,0.009978601
803340,0.26918277
803341,0.043649875
803342,0.0064291926
803343,0.22812966
803344,0.9852124
803345,0.05462471
803346,0.016346097
803347,0.0371611
803348,0.004494988
803349,0.6601438
803350,0.048650812
803351,0.5847039
803352,0.06523012
803353,0.17992742
803354,0.90104234
803355,0.66819686
803356,0.9033467
803357,0.956483
803358,0.9889792
803359,0.90339017
803360,0.02121951
803361,0.9908061
803362,0.13249505
803363,0.0893386
803364,0.6951182
803365,0.69143385
803366,0.108039014
803367,0.90534675
803368,0.97822493
803369,0.92928433
803370,0.026190933
803371,0.057918828
803372,0.008636427
803373,0.9866955
803374,0.82598114
803375,0.01909701
803376,0.13006723
803377,0.241557
803378,0.05878449
803379,0.055830106
803380,0.17698775
803381,0.034530897
803382,0.95959044
803383,0.009439516
803384,0.9424199
803385,0.7304279
803386,0.40759483
803387,0.99298465
803388,0.15414849
803389,0.4044965
803390,0.5577153
803391,0.014395359
803392,0.9615616
803393,0.985931
803394,0.27027074
803395,0.9983505
803396,0.9874501
803397,0.9787702
803398,0.06319841
803399,0.005183744
803400,0.8668797
803401,0.006839099
803402,0.098387085
803403,0.08706397
803404,0.9100838
803405,0.22813906
803406,0.20496891
803407,0.01996624
803408,0.01821557
803409,0.091904685
803410,0.9994998
803411,0.046517577
803412,0.62451285
803413,0.104931474
803414,0.9703775
803415,0.12154701
803416,0.006064933
803417,0.95310384
803418,0.35285038
803419,0.03575289
803420,0.989406
803421,0.20127952
803422,0.8947417
803423,0.010046194
803424,0.9457459
803425,0.011938799
803426,0.07478601
803427,0.5972905
803428,0.0070479144
803429,0.0130032515
803430,0.86303145
803431,0.99553084
803432,0.9603404
803433,0.22852226
803434,0.007568434
803435,0.9710039
803436,0.95811546
803437,0.99613047
803438,0.19386628
803439,0.027272604
803440,0.579411
803441,0.13582419
803442,0.98371756
803443,0.0938126
803444,0.65849674
803445,0.96181166
803446,0.9586851
803447,0.0058342307
803448,0.7176081
803449,0.37500602
803450,0.634863
803451,0.07147448
803452,0.027392734
803453,0.024573332
803454,0.0053605456
803455,0.00608385
803456,0.97349197
803457,0.4230243
803458,0.4401436
803459,0.020876117
803460,0.38598663
803461,0.9131294
803462,0.7447608
803463,0.9567083
803464,0.08839517
803465,0.7181672
803466,0.9988572
803467,0.001456891
803468,0.020838382
803469,0.4356975
803470,0.990501
803471,0.087833285
803472,0.2559418
803473,0.9558421
803474,0.051930837
803475,0.9780874
803476,0.9541925
803477,0.0376506
803478,0.10439189
803479,0.0079685645
803480,0.018150808
803481,0.019565603
803482,0.027945813
803483,0.32501584
803484,0.9674408
803485,0.49608627
803486,0.8626731
803487,0.021844573
803488,0.023718784
803489,0.9434812
803490,0.5574917
803491,0.9983557
803492,0.2643838
803493,0.8212013
803494,0.9872157
803495,0.98057723
803496,0.02686893
803497,0.7283591
803498,0.15411845
803499,0.13855049
803500,0.025733879
803501,0.0062342607
803502,0.8794324
803503,0.9142597
803504,0.33526862
803505,0.91800565
803506,0.008879494
803507,0.9985924
803508,0.9937326
803509,0.93835104
803510,0.8413262
803511,0.3822146
803512,0.93773043
803513,0.9871229
803514,0.010306266
803515,0.96340454
803516,0.99497193
803517,0.981662
803518,0.20140031
803519,0.6299642
803520,0.0836957
803521,0.018119207
803522,0.9499767
803523,0.41276133
803524,0.5949675
803525,0.988634
803526,0.99432826
803527,0.99804044
803528,0.017504446
803529,0.12089573
803530,0.013358677
803531,0.7937398
803532,0.02925963
803533,0.21860696
803534,0.96386075
803535,0.851985
803536,0.22235754
803537,0.008394418
803538,0.9457791
803539,0.014438245
803540,0.016114283
803541,0.23022738
803542,0.8558085
803543,0.99912465
803544,0.0070493184
803545,0.6224858
803546,0.99204195
803547,0.0081608705
803548,0.36816725
803549,0.07493202
803550,0.20438659
803551,0.0030224903
803552,0.10793713
803553,0.96383214
803554,0.99826163
803555,0.91336256
803556,0.033286806
803557,0.9673599
803558,0.028005697
803559,0.88305175
803560,0.8230871
803561,0.025887128
803562,0.0050585438
803563,0.3047301
803564,0.8827607
803565,0.8465458
803566,0.03767076
803567,0.41904494
803568,0.9984159
803569,0.06252419
803570,0.8877818
803571,0.37123054
803572,0.9132002
803573,0.03648696
803574,0.058643185
803575,0.032269787
803576,0.8515055
803577,0.55049115
803578,0.017713778
803579,0.15395515
803580,0.052078847
803581,0.010568424
803582,0.030959263
803583,0.003323315
803584,0.90033484
803585,0.010681347
803586,0.95094407
803587,0.9344259
803588,0.96377355
803589,0.20162953
803590,0.97553825
803591,0.52725875
803592,0.931038
803593,0.4451056
803594,0.010542665
803595,0.7042856
803596,0.01434173
803597,0.009810418
803598,0.0041717696
803599,0.98792994
803600,0.23648325
803601,0.94636375
803602,0.024957202
803603,0.25254303
803604,0.8603673
803605,0.060643345
803606,0.022725584
803607,0.991025
803608,0.55268294
803609,0.009285663
803610,0.02501947
803611,0.9083321
803612,0.8219387
803613,0.07708976
803614,0.98020357
803615,0.25562438
803616,0.0037682366
803617,0.04725841
803618,0.5959928
803619,0.011890536
803620,0.8101538
803621,0.98142916
803622,0.013378663
803623,0.9001331
803624,0.6120105
803625,0.020111203
803626,0.97797877
803627,0.17183915
803628,0.006653128
803629,0.96258426
803630,0.7153602
803631,0.9974684
803632,0.73945147
803633,0.16674528
803634,0.12139074
803635,0.950023
803636,0.06603884
803637,0.99497783
803638,0.08875494
803639,0.9987169
803640,0.020207938
803641,0.029969677
803642,0.01937823
803643,0.98508537
803644,0.03242519
803645,0.9797333
803646,0.8830075
803647,0.033711072
803648,0.07143593
803649,0.9088503
803650,0.80231917
803651,0.18613064
803652,0.07814335
803653,0.019028248
803654,0.13539083
803655,0.08608539
803656,0.8344675
803657,0.9269699
803658,0.095869824
803659,0.9098502
803660,0.028720338
803661,0.093804836
803662,0.7275571
803663,0.019535268
803664,0.41436997
803665,0.012523842
803666,0.9925375
803667,0.0024930523
803668,0.06820319
803669,0.44296527
803670,0.03282565
803671,0.10702924
803672,0.17716254
803673,0.0048988676
803674,0.95194316
803675,0.013331557
803676,0.45279676
803677,0.0010426203
803678,0.8073627
803679,0.98592365
803680,0.37266135
803681,0.9817128
803682,0.0030958941
803683,0.0769
803684,0.04156964
803685,0.040066343
803686,0.75451726
803687,0.6702906
803688,0.12971659
803689,0.011736847
803690,0.9641878
803691,0.96550524
803692,0.18908823
803693,0.8882777
803694,0.9043699
803695,0.08485597
803696,0.016585581
803697,0.0015127216
803698,0.5243902
803699,0.41710973
803700,0.9867811
803701,0.018031834
803702,0.83561116
803703,0.23158689
803704,0.9473787
803705,0.02812147
803706,0.50380933
803707,0.9950735
803708,0.008251373
803709,0.9868809
803710,0.18885002
803711,0.27598155
803712,0.6748669
803713,0.99207574
803714,0.9571274
803715,0.090783134
803716,0.6524231
803717,0.0622006
803718,0.9251912
803719,0.97958606
803720,0.98327494
803721,0.26790422
803722,0.010385646
803723,0.6721227
803724,0.37205878
803725,0.80912
803726,0.047034267
803727,0.99697626
803728,0.7373837
803729,0.20845392
803730,0.13260163
803731,0.0118332505
803732,0.003747118
803733,0.32841516
803734,0.0043863375
803735,0.22755098
803736,0.099980816
803737,0.2977438
803738,0.9640308
803739,0.98307085
803740,0.9838139
803741,0.16750747
803742,0.096897945
803743,0.5982722
803744,0.0099140275
803745,0.041204788
803746,0.9088775
803747,0.07944438
803748,0.66409147
803749,0.83515555
803750,0.9015121
803751,0.028338367
803752,0.001383318
803753,0.32022583
803754,0.30474818
803755,0.22877598
803756,0.08950457
803757,0.9932213
803758,0.007546958
803759,0.9775121
803760,0.97295064
803761,0.3370414
803762,0.027088512
803763,0.92164177
803764,0.23382068
803765,0.005585977
803766,0.31499466
803767,0.75018966
803768,0.021872386
803769,0.08301642
803770,0.29309317
803771,0.9373515
803772,0.52281284
803773,0.06641005
803774,0.9581051
803775,0.93058497
803776,0.026970278
803777,0.9951066
803778,0.030637553
803779,0.3894015
803780,0.00822149
803781,0.87326616
803782,0.35795134
803783,0.9948516
803784,0.8851809
803785,0.603879
803786,0.033998787
803787,0.0063473512
803788,0.36254758
803789,0.98720986
803790,0.017017055
803791,0.96939564
803792,0.55063736
803793,0.9760788
803794,0.857855
803795,0.8274856
803796,0.054751184
803797,0.24154308
803798,0.007881275
803799,0.14083591
803800,0.5794257
803801,0.03650572
803802,0.049408596
803803,0.98282564
803804,0.9690817
803805,0.007148991
803806,0.7069126
803807,0.9972308
803808,0.5898378
803809,0.27466416
803810,0.008242361
803811,0.8021445
803812,0.91854995
803813,0.21079984
803814,0.13066627
803815,0.06667484
803816,0.00087505236
803817,0.6480561
803818,0.032571334
803819,0.9825295
803820,0.03865299
803821,0.972276
803822,0.08186036
803823,0.0310102
803824,0.054554835
803825,0.9688983
803826,0.033934653
803827,0.99758345
803828,0.47487864
803829,0.6464311
803830,0.033211198
803831,0.43789053
803832,0.9427284
803833,0.15470004
803834,0.011583326
803835,0.04143464
803836,0.46915507
803837,0.31719443
803838,0.98308253
803839,0.75218093
803840,0.9935274
803841,0.20644423
803842,0.015913073
803843,0.15511468
803844,0.94401896
803845,0.0015008916
803846,0.9828716
803847,0.20413002
803848,0.17707762
803849,0.0136752445
803850,0.8037504
803851,0.9907397
803852,0.34058344
803853,0.9634418
803854,0.0061062137
803855,0.02759267
803856,0.058561813
803857,0.9544876
803858,0.004607138
803859,0.989509
803860,0.04158286
803861,0.9631388
803862,0.9890315
803863,0.07666107
803864,0.56689495
803865,0.5111515
803866,0.119141035
803867,0.569759
803868,0.99013567
803869,0.9973721
803870,0.34182432
803871,0.21251002
803872,0.063667305
803873,0.047574405
803874,0.94483125
803875,0.85090107
803876,0.027813118
803877,0.99715763
803878,0.24444427
803879,0.7322399
803880,0.0028214331
803881,0.9697418
803882,0.74433875
803883,0.007408172
803884,0.0076311133
803885,0.99873257
803886,0.057218645
803887,0.010453169
803888,0.17907077
803889,0.4805531
803890,0.013577685
803891,0.9548813
803892,0.13346621
803893,0.99724025
803894,0.8836614
803895,0.99474674
803896,0.9802089
803897,0.94261134
803898,0.76798743
803899,0.13481072
803900,0.4104666
803901,0.27177542
803902,0.9588806
803903,0.9279418
803904,0.01853927
803905,0.9783969
803906,0.41424623
803907,0.9776787
803908,0.9595094
803909,0.14214264
803910,0.8997871
803911,0.012665383
803912,0.9741337
803913,0.2629152
803914,0.16009851
803915,0.0019476538
803916,0.9351141
803917,0.9872521
803918,0.28390107
803919,0.8991236
803920,0.56337094
803921,0.98753345
803922,0.549405
803923,0.92854095
803924,0.7122889
803925,0.940187
803926,0.008628702
803927,0.08190243
803928,0.36213362
803929,0.11952293
803930,0.99266505
803931,0.8059852
803932,0.95108604
803933,0.95573574
803934,0.25535446
803935,0.33977175
803936,0.898417
803937,0.18523423
803938,0.021979121
803939,0.9450615
803940,0.089706525
803941,0.90803164
803942,0.92603713
803943,0.017122345
803944,0.9835786
803945,0.9990896
803946,0.12583347
803947,0.5137663
803948,0.43558103
803949,0.0039405813
803950,0.96851754
803951,0.021979662
803952,0.13559572
803953,0.99737316
803954,0.003775891
803955,0.024971519
803956,0.004545885
803957,0.96868294
803958,0.5108432
803959,0.01321116
803960,0.7077754
803961,0.030050034
803962,0.1759455
803963,0.9644544
803964,0.24825186
803965,0.0047708875
803966,0.9906652
803967,0.18684871
803968,0.002404551
803969,0.01810202
803970,0.055442274
803971,0.0047953827
803972,0.9980835
803973,0.13103056
803974,0.15713431
803975,0.99692106
803976,0.8571364
803977,0.04418417
803978,0.7503798
803979,0.92773634
803980,0.65394044
803981,0.9959982
803982,0.9725515
803983,0.31425405
803984,0.9941869
803985,0.1011886
803986,0.8688822
803987,0.99347824
803988,0.98805505
803989,0.72043544
803990,0.9663995
803991,0.051046252
803992,0.57878923
803993,0.3356576
803994,0.029881077
803995,0.020953476
803996,0.35566443
803997,0.24133277
803998,0.17661026
803999,0.99299365
804000,0.4775149
804001,0.9959973
804002,0.055673983
804003,0.7328005
804004,0.33874035
804005,0.89734477
804006,0.03880208
804007,0.02101888
804008,0.87589765
804009,0.9121575
804010,0.08177547
804011,0.44705185
804012,0.9611069
804013,0.0050388123
804014,0.117918864
804015,0.7374922
804016,0.040117826
804017,0.004831267
804018,0.01427889
804019,0.97331506
804020,0.9125104
804021,0.026064439
804022,0.2659654
804023,0.3851686
804024,0.95982
804025,0.5306867
804026,0.0022937758
804027,0.05031033
804028,0.06736595
804029,0.99585485
804030,0.011617837
804031,0.74199563
804032,0.96411777
804033,0.9985088
804034,0.029384378
804035,0.5875574
804036,0.9154115
804037,0.092788234
804038,0.0909845
804039,0.9121039
804040,0.9885207
804041,0.99317265
804042,0.016992273
804043,0.9819468
804044,0.9894123
804045,0.8798222
804046,0.017876659
804047,0.98925704
804048,0.2132568
804049,0.1315219
804050,0.04781652
804051,0.0584418
804052,0.20659246
804053,0.09240804
804054,0.9904433
804055,0.031212177
804056,0.017169267
804057,0.2975274
804058,0.98975885
804059,0.21071237
804060,0.7224519
804061,0.049831696
804062,0.64759755
804063,0.05046262
804064,0.963006
804065,0.98129094
804066,0.9266268
804067,0.01243739
804068,0.0010798024
804069,0.36995703
804070,0.06950076
804071,0.4530666
804072,0.07181669
804073,0.9960554
804074,0.0074469317
804075,0.99344707
804076,0.90882564
804077,0.21795015
804078,0.9862367
804079,0.32707542
804080,0.09088494
804081,0.8594306
804082,0.01689834
804083,0.9897747
804084,0.011935409
804085,0.045931477
804086,0.049485125
804087,0.001244536
804088,0.8920579
804089,0.7147523
804090,0.96523476
804091,0.98313296
804092,0.91778266
804093,0.67108643
804094,0.02892289
804095,0.010085209
804096,0.8109251
804097,0.9950989
804098,0.024353331
804099,0.022642916
804100,0.9772645
804101,0.8043772
804102,0.044337805
804103,0.31048352
804104,0.0062872535
804105,0.7646743
804106,0.003967235
804107,0.7661059
804108,0.61824447
804109,0.9665454
804110,0.036385864
804111,0.99452204
804112,0.12532687
804113,0.9830993
804114,0.80402553
804115,0.9919976
804116,0.00859852
804117,0.010803433
804118,0.049293227
804119,0.8391129
804120,0.7575527
804121,0.0029030822
804122,0.06704879
804123,0.55741644
804124,0.9918363
804125,0.9974158
804126,0.031108294
804127,0.9644952
804128,0.9885806
804129,0.99283457
804130,0.005498465
804131,0.99887687
804132,0.011182355
804133,0.96175045
804134,0.092378356
804135,0.9944071
804136,0.99058616
804137,0.16981965
804138,0.8768433
804139,0.07047244
804140,0.20014721
804141,0.019257145
804142,0.010941129
804143,0.97421896
804144,0.49174815
804145,0.19965312
804146,0.55352145
804147,0.07033326
804148,0.5359678
804149,0.9311169
804150,0.010454014
804151,0.9849305
804152,0.006540634
804153,0.98219705
804154,0.018703515
804155,0.9351454
804156,0.8193544
804157,0.78420556
804158,0.13101208
804159,0.030063905
804160,0.99279606
804161,0.044176787
804162,0.8742629
804163,0.96094954
804164,0.015954856
804165,0.87932587
804166,0.0239266
804167,0.0643895
804168,0.9705757
804169,0.026529262
804170,0.8379073
804171,0.9777166
804172,0.96410924
804173,0.116735205
804174,0.97233564
804175,0.01887216
804176,0.031170573
804177,0.9216723
804178,0.98661643
804179,0.002115333
804180,0.054319058
804181,0.61064744
804182,0.58762234
804183,0.9975593
804184,0.041966002
804185,0.019267963
804186,0.878672
804187,0.9030011
804188,0.9915321
804189,0.076703206
804190,0.99346995
804191,0.7916416
804192,0.91037786
804193,0.97787905
804194,0.089058705
804195,0.6850372
804196,0.15741064
804197,0.06183102
804198,0.02683096
804199,0.011472126
804200,0.0036647012
804201,0.2873141
804202,0.9928666
804203,0.9863832
804204,0.06678271
804205,0.13626672
804206,0.004936046
804207,0.9984041
804208,0.08027756
804209,0.076548375
804210,0.9919617
804211,0.9866508
804212,0.38759258
804213,0.97536445
804214,0.96224153
804215,0.95789045
804216,0.9284619
804217,0.93077654
804218,0.9136044
804219,0.11743124
804220,0.79712975
804221,0.075034186
804222,0.86841434
804223,0.6507257
804224,0.035930652
804225,0.545985
804226,0.7494778
804227,0.025675457
804228,0.9648962
804229,0.02332375
804230,0.003314154
804231,0.11333856
804232,0.022410685
804233,0.009556039
804234,0.71382666
804235,0.9065775
804236,0.004316953
804237,0.5479535
804238,0.7955451
804239,0.5978753
804240,0.091535375
804241,0.033174783
804242,0.01617696
804243,0.20105901
804244,0.95668906
804245,0.5969284
804246,0.081603214
804247,0.87180525
804248,0.009026162
804249,0.9695473
804250,0.30615002
804251,0.9624406
804252,0.61722577
804253,0.115587905
804254,0.87996626
804255,0.2746955
804256,0.0061768373
804257,0.010259134
804258,0.6445791
804259,0.06258231
804260,0.018601775
804261,0.9809115
804262,0.24479109
804263,0.9987004
804264,0.76206535
804265,0.18305346
804266,0.9948351
804267,0.0040592235
804268,0.93205184
804269,0.7381128
804270,0.0074897544
804271,0.33945605
804272,0.114408374
804273,0.9989469
804274,0.13713989
804275,0.9773548
804276,0.92164433
804277,0.9902521
804278,0.020352453
804279,0.9581578
804280,0.006647122
804281,0.021888033
804282,0.109193474
804283,0.11406328
804284,0.039652754
804285,0.013246045
804286,0.6757964
804287,0.07672487
804288,0.14054449
804289,0.99154913
804290,0.035859827
804291,0.31703144
804292,0.012281955
804293,0.12822644
804294,0.9952563
804295,0.5981231
804296,0.9843657
804297,0.0019946913
804298,0.39812294
804299,0.42165154
804300,0.99226576
804301,0.021720529
804302,0.93586576
804303,0.99726
804304,0.093859114
804305,0.9709571
804306,0.9854693
804307,0.96993524
804308,0.5458147
804309,0.8602559
804310,0.6700919
804311,0.12918167
804312,0.0043501775
804313,0.03646692
804314,0.92235863
804315,0.03561788
804316,0.97512084
804317,0.29402047
804318,0.9956032
804319,0.36296433
804320,0.04776395
804321,0.9228235
804322,0.04384755
804323,0.994588
804324,0.011725944
804325,0.008920105
804326,0.029156467
804327,0.9705558
804328,0.994411
804329,0.034914773
804330,0.01094967
804331,0.99399257
804332,0.9237463
804333,0.3045177
804334,0.027215652
804335,0.7519512
804336,0.9925477
804337,0.1952345
804338,0.021927778
804339,0.02591677
804340,0.7359421
804341,0.037326705
804342,0.99552476
804343,0.9663128
804344,0.9676694
804345,0.17186992
804346,0.9848299
804347,0.017006211
804348,0.36005077
804349,0.9800225
804350,0.9804045
804351,0.08061039
804352,0.03573618
804353,0.5862998
804354,0.9663197
804355,0.98194647
804356,0.9535165
804357,0.71904594
804358,0.9572822
804359,0.2367062
804360,0.7050049
804361,0.06466332
804362,0.9180343
804363,0.028869618
804364,0.967987
804365,0.13720584
804366,0.19885966
804367,0.98663104
804368,0.70946145
804369,0.7399335
804370,0.9996689
804371,0.9579334
804372,0.8467915
804373,0.04928905
804374,0.13400272
804375,0.004216185
804376,0.7125665
804377,0.7498029
804378,0.59468704
804379,0.009865326
804380,0.9811896
804381,0.0044224486
804382,0.6578486
804383,0.01931135
804384,0.11276564
804385,0.26337343
804386,0.4237213
804387,0.026558384
804388,0.037484474
804389,0.07944867
804390,0.075634964
804391,0.8191111
804392,0.67937636
804393,0.9565181
804394,0.11562437
804395,0.9897259
804396,0.0029789493
804397,0.79400265
804398,0.9927813
804399,0.73832303
804400,0.92762387
804401,0.916625
804402,0.9784734
804403,0.1090064
804404,0.16473347
804405,0.013901809
804406,0.75651515
804407,0.0017958516
804408,0.60927933
804409,0.9278157
804410,0.007610401
804411,0.0047606938
804412,0.57674754
804413,0.8083005
804414,0.13620758
804415,0.026801458
804416,0.3036131
804417,0.4489924
804418,0.013427025
804419,0.92179924
804420,0.0066635963
804421,0.7649785
804422,0.9933725
804423,0.01208869
804424,0.009948915
804425,0.44593173
804426,0.99642164
804427,0.009896431
804428,0.015231423
804429,0.04125497
804430,0.9270742
804431,0.6381153
804432,0.9944445
804433,0.06455676
804434,0.7912224
804435,0.03131426
804436,0.10293159
804437,0.8882036
804438,0.08125381
804439,0.7675116
804440,0.54580677
804441,0.99027073
804442,0.9904962
804443,0.88120234
804444,0.360678
804445,0.015038115
804446,0.81698084
804447,0.2505899
804448,0.5687454
804449,0.9917164
804450,0.048136763
804451,0.91038793
804452,0.997503
804453,0.13700606
804454,0.996467
804455,0.036134157
804456,0.517277
804457,0.9741422
804458,0.08620096
804459,0.09598809
804460,0.76200473
804461,0.44088423
804462,0.83649147
804463,0.5210021
804464,0.0027643905
804465,0.44800317
804466,0.9522055
804467,0.84318995
804468,0.53402066
804469,0.0038909507
804470,0.948065
804471,0.06253034
804472,0.022485085
804473,0.29829416
804474,0.986122
804475,0.9646895
804476,0.04896783
804477,0.03931189
804478,0.99552065
804479,0.5769371
804480,0.077295184
804481,0.10573368
804482,0.26762915
804483,0.01988174
804484,0.9329823
804485,0.011518946
804486,0.0024184533
804487,0.99648446
804488,0.009831935
804489,0.38114464
804490,0.04455878
804491,0.973763
804492,0.008553617
804493,0.010426741
804494,0.013348534
804495,0.3542608
804496,0.056476094
804497,0.68313104
804498,0.079711415
804499,0.98424447
804500,0.02292339
804501,0.27699843
804502,0.23044717
804503,0.9843146
804504,0.8042204
804505,0.8886837
804506,0.048270058
804507,0.017293183
804508,0.02563417
804509,0.008400435
804510,0.20177847
804511,0.99351406
804512,0.055640783
804513,0.0024716903
804514,0.9738799
804515,0.20979011
804516,0.32387942
804517,0.9836107
804518,0.7217363
804519,0.0308682
804520,0.94277525
804521,0.0033586295
804522,0.70014983
804523,0.98822725
804524,0.66530204
804525,0.90968305
804526,0.98824817
804527,0.98033285
804528,0.97882825
804529,0.776245
804530,0.9969679
804531,0.96196437
804532,0.90093595
804533,0.14096333
804534,0.57374114
804535,0.8470599
804536,0.1378524
804537,0.07215277
804538,0.9175081
804539,0.06913578
804540,0.8885673
804541,0.97879434
804542,0.96585065
804543,0.08352934
804544,0.266906
804545,0.491978
804546,0.9769103
804547,0.06660541
804548,0.97029024
804549,0.9079882
804550,0.034236345
804551,0.98257875
804552,0.9825767
804553,0.9134049
804554,0.11701814
804555,0.6944341
804556,0.031762563
804557,0.22390561
804558,0.00189043
804559,0.04381911
804560,0.1384218
804561,0.05576277
804562,0.04874703
804563,0.3320322
804564,0.021549542
804565,0.02005028
804566,0.16945128
804567,0.11017933
804568,0.7309376
804569,0.7280301
804570,0.013703054
804571,0.80618334
804572,0.9933238
804573,0.03502567
804574,0.0888274
804575,0.1686947
804576,0.6052233
804577,0.99458814
804578,0.07847536
804579,0.97111326
804580,0.012317069
804581,0.90415806
804582,0.05995889
804583,0.97310853
804584,0.98940253
804585,0.91921294
804586,0.99859995
804587,0.020223662
804588,0.62696254
804589,0.038246743
804590,0.71783674
804591,0.09255658
804592,0.19641998
804593,0.0061762026
804594,0.014849437
804595,0.009095973
804596,0.5770793
804597,0.12057812
804598,0.093392394
804599,0.0015894243
804600,0.3363117
804601,0.018462695
804602,0.9807688
804603,0.03604595
804604,0.99873054
804605,0.038473
804606,0.08209316
804607,0.013891776
804608,0.9562988
804609,0.15550525
804610,0.0023193154
804611,0.9956384
804612,0.9930061
804613,0.9554226
804614,0.94868386
804615,0.74737597
804616,0.9310262
804617,0.024904937
804618,0.92165935
804619,0.034135588
804620,0.10480942
804621,0.26061285
804622,0.9938795
804623,0.017174996
804624,0.041876987
804625,0.057090513
804626,0.9939562
804627,0.01966026
804628,0.059260767
804629,0.14662339
804630,0.02467248
804631,0.48341635
804632,0.9597583
804633,0.029652374
804634,0.08493457
804635,0.010010529
804636,0.13496248
804637,0.0030179047
804638,0.98476964
804639,0.9885649
804640,0.2690134
804641,0.9487692
804642,0.59783065
804643,0.017238393
804644,0.014697456
804645,0.020013893
804646,0.9911954
804647,0.88897413
804648,0.029832566
804649,0.90104705
804650,0.9963202
804651,0.01778758
804652,0.0031303058
804653,0.31950194
804654,0.9730293
804655,0.088143416
804656,0.87608707
804657,0.5132907
804658,0.9156989
804659,0.8447356
804660,0.032932486
804661,0.9452853
804662,0.011670337
804663,0.98076355
804664,0.6897212
804665,0.004805325
804666,0.071847044
804667,0.83730227
804668,0.37929487
804669,0.5711659
804670,0.014867683
804671,0.097232945
804672,0.48426074
804673,0.50066984
804674,0.8648352
804675,0.045448907
804676,0.6115029
804677,0.58026135
804678,0.012710117
804679,0.30581596
804680,0.038443904
804681,0.170299
804682,0.026616164
804683,0.6875233
804684,0.0074026557
804685,0.57219744
804686,0.23907532
804687,0.36261293
804688,0.0011629766
804689,0.6836082
804690,0.89835715
804691,0.57563215
804692,0.9982662
804693,0.9969897
804694,0.08591638
804695,0.010882363
804696,0.044734996
804697,0.0026010934
804698,0.009482148
804699,0.011564479
804700,0.16353542
804701,0.32993582
804702,0.12582257
804703,0.98267084
804704,0.004365821
804705,0.9018823
804706,0.012116766
804707,0.98838323
804708,0.0043105586
804709,0.9995633
804710,0.043750465
804711,0.14151746
804712,0.10009426
804713,0.03319865
804714,0.30412596
804715,0.0802896
804716,0.0074627954
804717,0.040514708
804718,0.023834467
804719,0.0880888
804720,0.03318914
804721,0.99961454
804722,0.9900858
804723,0.039612915
804724,0.99567926
804725,0.0158922
804726,0.01350223
804727,0.02034098
804728,0.72508276
804729,0.7583588
804730,0.97880673
804731,0.28221852
804732,0.29050034
804733,0.10755852
804734,0.14727187
804735,0.0018969201
804736,0.27164388
804737,0.90089685
804738,0.9510885
804739,0.066123635
804740,0.65705925
804741,0.9929997
804742,0.99150777
804743,0.010394203
804744,0.013247834
804745,0.3290379
804746,0.95308626
804747,0.0058959303
804748,0.124490015
804749,0.90655136
804750,0.03500355
804751,0.94959795
804752,0.99308604
804753,0.99735415
804754,0.016454007
804755,0.038909137
804756,0.0052422895
804757,0.016146168
804758,0.22494158
804759,0.9858631
804760,0.33557776
804761,0.9677928
804762,0.9625288
804763,0.9318998
804764,0.039215755
804765,0.0440069
804766,0.009292682
804767,0.02707495
804768,0.9750548
804769,0.019622993
804770,0.96550286
804771,0.9905111
804772,0.99678457
804773,0.99143696
804774,0.99823844
804775,0.0036827368
804776,0.00043252468
804777,0.22959642
804778,0.92845714
804779,0.7880298
804780,0.9870956
804781,0.93476015
804782,0.11668056
804783,0.35223156
804784,0.0057863332
804785,0.01988947
804786,0.005477703
804787,0.4968827
804788,0.9933221
804789,0.013578089
804790,0.9643954
804791,0.73197234
804792,0.20078422
804793,0.036765944
804794,0.8192765
804795,0.171702
804796,0.025407871
804797,0.036798533
804798,0.59088415
804799,0.0065710954
804800,0.06692306
804801,0.6749072
804802,0.832665
804803,0.070073456
804804,0.8679019
804805,0.004559528
804806,0.99002004
804807,0.8177488
804808,0.0056125205
804809,0.8050455
804810,0.97538847
804811,0.9696054
804812,0.07839039
804813,0.9966967
804814,0.15290955
804815,0.99716604
804816,0.10241457
804817,0.11012852
804818,0.5993017
804819,0.68416405
804820,0.984723
804821,0.024149911
804822,0.44274095
804823,0.18080218
804824,0.03220641
804825,0.15449266
804826,0.032418784
804827,0.05589809
804828,0.9905598
804829,0.0036454427
804830,0.014817222
804831,0.049786553
804832,0.6344967
804833,0.58430374
804834,0.09524872
804835,0.9604253
804836,0.8357771
804837,0.023130808
804838,0.2021943
804839,0.1780521
804840,0.99798584
804841,0.032205805
804842,0.15952636
804843,0.49702096
804844,0.5094248
804845,0.25395364
804846,0.032908875
804847,0.820241
804848,0.08922279
804849,0.02827762
804850,0.91674376
804851,0.9636399
804852,0.024794172
804853,0.9657823
804854,0.9813564
804855,0.011275311
804856,0.98704916
804857,0.6222584
804858,0.091854766
804859,0.02877388
804860,0.10109603
804861,0.99621767
804862,0.30094752
804863,0.03872335
804864,0.8686216
804865,0.016503049
804866,0.041427076
804867,0.9815536
804868,0.16086331
804869,0.99911195
804870,0.71761966
804871,0.30261895
804872,0.29504627
804873,0.28824866
804874,0.043018732
804875,0.79055315
804876,0.02756143
804877,0.78287125
804878,0.0030345132
804879,0.3809182
804880,0.72657067
804881,0.9132978
804882,0.9842286
804883,0.88288915
804884,0.9753164
804885,0.014387905
804886,0.074208364
804887,0.9928646
804888,0.0047637136
804889,0.013621669
804890,0.99744487
804891,0.039156526
804892,0.019582668
804893,0.11698741
804894,0.9751832
804895,0.2688368
804896,0.021183813
804897,0.4136457
804898,0.004529366
804899,0.92561233
804900,0.05109495
804901,0.021007977
804902,0.09661934
804903,0.021186959
804904,0.31938088
804905,0.9839939
804906,0.08524266
804907,0.3090117
804908,0.020039398
804909,0.98574805
804910,0.9857974
804911,0.016678486
804912,0.99779904
804913,0.0016941084
804914,0.016941836
804915,0.32048208
804916,0.9826802
804917,0.030492574
804918,0.97648954
804919,0.4905436
804920,0.99551237
804921,0.99052423
804922,0.005137371
804923,0.9794316
804924,0.95864487
804925,0.7395191
804926,0.03836283
804927,0.016832098
804928,0.013889104
804929,0.36150008
804930,0.8602319
804931,0.9867023
804932,0.10559871
804933,0.7693461
804934,0.9244794
804935,0.5585161
804936,0.066355765
804937,0.030128015
804938,0.99890065
804939,0.9903864
804940,0.58491987
804941,0.98392415
804942,0.017250374
804943,0.0072136368
804944,0.81537575
804945,0.03948292
804946,0.14878348
804947,0.780116
804948,0.97675014
804949,0.9164219
804950,0.018222975
804951,0.5610965
804952,0.02700029
804953,0.7340009
804954,0.36096573
804955,0.3939948
804956,0.057947796
804957,0.9981901
804958,0.9396449
804959,0.03189049
804960,0.6673552
804961,0.7327983
804962,0.009949604
804963,0.011895627
804964,0.27843747
804965,0.09122479
804966,0.8532278
804967,0.11659288
804968,0.123108305
804969,0.31907287
804970,0.009330993
804971,0.9997735
804972,0.8539716
804973,0.0010840879
804974,0.84391916
804975,0.006417099
804976,0.035800233
804977,0.118474
804978,0.5195593
804979,0.08792889
804980,0.16529743
804981,0.053996593
804982,0.03732286
804983,0.13195686
804984,0.97785324
804985,0.7159939
804986,0.0340121
804987,0.9936607
804988,0.24624993
804989,0.3904652
804990,0.023779806
804991,0.72479963
804992,0.85768175
804993,0.07496033
804994,0.053076413
804995,0.15211336
804996,0.6119926
804997,0.11665805
804998,0.9962706
804999,0.32039344
805000,0.109724715
805001,0.27366605
805002,0.045868896
805003,0.99696714
805004,0.4544109
805005,0.9553427
805006,0.95647323
805007,0.11290275
805008,0.43119606
805009,0.9824754
805010,0.95605934
805011,0.2511653
805012,0.0028564716
805013,0.9975556
805014,0.048710946
805015,0.89350015
805016,0.06166814
805017,0.19631225
805018,0.112831205
805019,0.9360811
805020,0.9903946
805021,0.94136024
805022,0.2805671
805023,0.9881387
805024,0.1520099
805025,0.008015772
805026,0.015735285
805027,0.99523836
805028,0.3156183
805029,0.24889246
805030,0.54604757
805031,0.5362752
805032,0.981663
805033,0.5693172
805034,0.0046933535
805035,0.0040393244
805036,0.00083184673
805037,0.022192936
805038,0.33751935
805039,0.13093999
805040,0.9981417
805041,0.016758913
805042,0.025495574
805043,0.97774744
805044,0.037478384
805045,0.012953219
805046,0.024096394
805047,0.040935155
805048,0.072442375
805049,0.9397762
805050,0.514767
805051,0.36464223
805052,0.0060488926
805053,0.93680847
805054,0.10748637
805055,0.8895674
805056,0.46275705
805057,0.94939905
805058,0.76686466
805059,0.12500668
805060,0.37079686
805061,0.14309144
805062,0.34257925
805063,0.4978519
805064,0.05644632
805065,0.99695545
805066,0.85785514
805067,0.28184292
805068,0.8237518
805069,0.45589492
805070,0.99362344
805071,0.9806784
805072,0.9698184
805073,0.07432842
805074,0.6295545
805075,0.35821423
805076,0.90900296
805077,0.99387896
805078,0.02999463
805079,0.36437973
805080,0.9521064
805081,0.09766416
805082,0.79067034
805083,0.009025267
805084,0.06712195
805085,0.038790517
805086,0.9564212
805087,0.84075505
805088,0.9458568
805089,0.0056016953
805090,0.011345977
805091,0.5931511
805092,0.928464
805093,0.0107104555
805094,0.03622415
805095,0.07500832
805096,0.010934223
805097,0.85898024
805098,0.032765064
805099,0.8503014
805100,0.97743917
805101,0.20763803
805102,0.8913056
805103,0.12619804
805104,0.23045121
805105,0.505107
805106,0.8721591
805107,0.21333136
805108,0.97963965
805109,0.9963933
805110,0.6499319
805111,0.7971526
805112,0.0042933756
805113,0.9798515
805114,0.0032915797
805115,0.081858106
805116,0.982152
805117,0.039922126
805118,0.0054357396
805119,0.9909837
805120,0.008515
805121,0.9774495
805122,0.8681098
805123,0.014078508
805124,0.99193317
805125,0.87442374
805126,0.9768783
805127,0.05745644
805128,0.9948127
805129,0.98967135
805130,0.9938876
805131,0.045326393
805132,0.12905505
805133,0.017375257
805134,0.5562669
805135,0.17658019
805136,0.9944204
805137,0.006191805
805138,0.013107064
805139,0.91413355
805140,0.057458214
805141,0.89671135
805142,0.9809296
805143,0.011218406
805144,0.97072977
805145,0.07194301
805146,0.92696947
805147,0.99516463
805148,0.093146
805149,0.98514044
805150,0.05481173
805151,0.0106284
805152,0.51179767
805153,0.8808232
805154,0.039909486
805155,0.3491506
805156,0.010273887
805157,0.26293594
805158,0.9963041
805159,0.05382094
805160,0.90076995
805161,0.9939934
805162,0.0018134633
805163,0.99721456
805164,0.9686509
805165,0.00821237
805166,0.399418
805167,0.9849716
805168,0.051541172
805169,0.23868355
805170,0.90943694
805171,0.19352867
805172,0.021300644
805173,0.8647598
805174,0.035151932
805175,0.030086935
805176,0.6209375
805177,0.9475435
805178,0.020785585
805179,0.66188014
805180,0.97163904
805181,0.0017654203
805182,0.018482817
805183,0.025609894
805184,0.053564288
805185,0.9461576
805186,0.9339569
805187,0.98570496
805188,0.56488717
805189,0.008715067
805190,0.99913377
805191,0.989347
805192,0.5791725
805193,0.012513818
805194,0.7339008
805195,0.043934226
805196,0.13044211
805197,0.38838077
805198,0.5780547
805199,0.86751443
805200,0.0109375175
805201,0.821527
805202,0.9916513
805203,0.015024938
805204,0.6325063
805205,0.0028110263
805206,0.020561572
805207,0.9210802
805208,0.013893098
805209,0.5986504
805210,0.008469814
805211,0.010322809
805212,0.042324737
805213,0.01608274
805214,0.049313396
805215,0.016560666
805216,0.2163387
805217,0.043601133
805218,0.52320725
805219,0.9194206
805220,0.9885025
805221,0.04823152
805222,0.059038866
805223,0.898692
805224,0.97229046
805225,0.08870193
805226,0.009930557
805227,0.023313776
805228,0.0019436448
805229,0.0947005
805230,0.07663966
805231,0.21825302
805232,0.16887273
805233,0.9430388
805234,0.14984289
805235,0.23440914
805236,0.050742816
805237,0.6962562
805238,0.2549265
805239,0.9982755
805240,0.059799157
805241,0.025819965
805242,0.295541
805243,0.9299947
805244,0.024410613
805245,0.0027174216
805246,0.08162015
805247,0.010189983
805248,0.96088725
805249,0.20080954
805250,0.997767
805251,0.9876787
805252,0.14062098
805253,0.012466083
805254,0.9664798
805255,0.5225066
805256,0.9867857
805257,0.103442036
805258,0.22714938
805259,0.019410552
805260,0.935371
805261,0.00669386
805262,0.99231577
805263,0.0013625002
805264,0.087707706
805265,0.768605
805266,0.9454088
805267,0.048744567
805268,0.0015180714
805269,0.04018938
805270,0.0372777
805271,0.9492677
805272,0.5353503
805273,0.039682284
805274,0.95706475
805275,0.7160909
805276,0.014632704
805277,0.9953694
805278,0.36174762
805279,0.82204366
805280,0.22966233
805281,0.98454154
805282,0.9901886
805283,0.10672574
805284,0.46663457
805285,0.12719075
805286,0.024987753
805287,0.025014486
805288,0.028549341
805289,0.91880554
805290,0.014996001
805291,0.84903854
805292,0.1309335
805293,0.00763079
805294,0.048097692
805295,0.9910702
805296,0.020045627
805297,0.43730885
805298,0.9129862
805299,0.08969146
805300,0.8950616
805301,0.40203488
805302,0.9888914
805303,0.9877073
805304,0.5232444
805305,0.98359853
805306,0.9320969
805307,0.7596892
805308,0.013494583
805309,0.9985528
805310,0.24509469
805311,0.3555369
805312,0.067021295
805313,0.9104411
805314,0.21847543
805315,0.03452468
805316,0.34619918
805317,0.0052046347
805318,0.9993551
805319,0.007217516
805320,0.012797199
805321,0.06317342
805322,0.9945415
805323,0.037509155
805324,0.70251656
805325,0.57077444
805326,0.88406193
805327,0.054230005
805328,0.07120008
805329,0.9358747
805330,0.95948917
805331,0.028156077
805332,0.14136958
805333,0.8974552
805334,0.24262977
805335,0.09650542
805336,0.05731014
805337,0.94796205
805338,0.12506491
805339,0.00901958
805340,0.041289885
805341,0.40098563
805342,0.011943137
805343,0.9250858
805344,0.91137856
805345,0.99671537
805346,0.20588936
805347,0.9954512
805348,0.04486382
805349,0.13479204
805350,0.011107208
805351,0.9984217
805352,0.015292575
805353,0.0040132394
805354,0.9101691
805355,0.9684018
805356,0.039149497
805357,0.0058992286
805358,0.9652111
805359,0.95991886
805360,0.06524283
805361,0.99855447
805362,0.08372147
805363,0.60744107
805364,0.84700274
805365,0.28323624
805366,0.9971611
805367,0.015847968
805368,0.9846854
805369,0.2440094
805370,0.0015297284
805371,0.99255466
805372,0.035951465
805373,0.99429035
805374,0.018041406
805375,0.9487094
805376,0.9702107
805377,0.8773383
805378,0.88028485
805379,0.20550168
805380,0.8720583
805381,0.0047580088
805382,0.9378899
805383,0.3093584
805384,0.9919853
805385,0.3419685
805386,0.9679822
805387,0.0037279676
805388,0.007808855
805389,0.8669139
805390,0.0042654034
805391,0.0062644603
805392,0.03173261
805393,0.010493077
805394,0.95448536
805395,0.0053079408
805396,0.062013544
805397,0.02414499
805398,0.40299585
805399,0.06414392
805400,0.11787308
805401,0.0065716933
805402,0.9998147
805403,0.2646627
805404,0.7914815
805405,0.9413688
805406,0.8600658
805407,0.7589324
805408,0.3580633
805409,0.97459316
805410,0.012873726
805411,0.013018863
805412,0.23171653
805413,0.6073457
805414,0.99472976
805415,0.13453212
805416,0.7967316
805417,0.990238
805418,0.6120255
805419,0.9501109
805420,0.74746346
805421,0.018147176
805422,0.053613704
805423,0.97860676
805424,0.9260243
805425,0.037455864
805426,0.80812174
805427,0.920304
805428,0.015154261
805429,0.026154008
805430,0.44760084
805431,0.07713348
805432,0.97684586
805433,0.09217466
805434,0.557428
805435,0.18464822
805436,0.4031268
805437,0.9144188
805438,0.16900736
805439,0.054144345
805440,0.99799144
805441,0.0905001
805442,0.11110317
805443,0.06646816
805444,0.890175
805445,0.046256855
805446,0.02157899
805447,0.9876335
805448,0.0077004405
805449,0.8486005
805450,0.056782145
805451,0.8732293
805452,0.14740995
805453,0.87824094
805454,0.069989584
805455,0.42714265
805456,0.009467099
805457,0.24499403
805458,0.054433927
805459,0.018923055
805460,0.019258661
805461,0.980241
805462,0.27171314
805463,0.05058612
805464,0.079624236
805465,0.008506816
805466,0.6757629
805467,0.0176772
805468,0.055430014
805469,0.36303207
805470,0.9545013
805471,0.89763004
805472,0.09948825
805473,0.9880476
805474,0.0056259916
805475,0.16030087
805476,0.9553788
805477,0.9736631
805478,0.56330615
805479,0.13742964
805480,0.08492117
805481,0.834167
805482,0.09014194
805483,0.7405678
805484,0.017825346
805485,0.661278
805486,0.9982208
805487,0.04066156
805488,0.062965676
805489,0.15775663
805490,0.0038572247
805491,0.014623259
805492,0.99916226
805493,0.011599099
805494,0.5588752
805495,0.981445
805496,0.011404749
805497,0.48078856
805498,0.99217045
805499,0.9714572
805500,0.029019121
805501,0.7375921
805502,0.76728845
805503,0.9217427
805504,0.025518559
805505,0.02023996
805506,0.07892631
805507,0.00388763
805508,0.13858923
805509,0.0068732807
805510,0.008734852
805511,0.96770215
805512,0.06983788
805513,0.7398296
805514,0.983585
805515,0.95324016
805516,0.84799737
805517,0.9953155
805518,0.92646104
805519,0.9873
805520,0.0133078415
805521,0.99055874
805522,0.8333572
805523,0.9973554
805524,0.07569275
805525,0.111778095
805526,0.14877814
805527,0.95172024
805528,0.0094363075
805529,0.9800732
805530,0.98833835
805531,0.62241155
805532,0.90169376
805533,0.19129124
805534,0.34298846
805535,0.040393125
805536,0.040517744
805537,0.02581707
805538,0.061004713
805539,0.5991619
805540,0.8297217
805541,0.089832515
805542,0.39394996
805543,0.99661654
805544,0.01451301
805545,0.15390652
805546,0.59377986
805547,0.00050643773
805548,0.9760081
805549,0.003477973
805550,0.16475765
805551,0.03433653
805552,0.36894587
805553,0.006647651
805554,0.124898784
805555,0.9578148
805556,0.8059349
805557,0.0031435774
805558,0.9376045
805559,0.0042562243
805560,0.9966372
805561,0.99375635
805562,0.97823465
805563,0.813884
805564,0.9797811
805565,0.028371308
805566,0.1393764
805567,0.015192979
805568,0.18191585
805569,0.43247998
805570,0.9448092
805571,0.04110054
805572,0.8124297
805573,0.8069499
805574,0.97442186
805575,0.98598063
805576,0.45851856
805577,0.9878359
805578,0.9149788
805579,0.15190221
805580,0.30309
805581,0.7255304
805582,0.5558832
805583,0.88239
805584,0.9541029
805585,0.9911161
805586,0.9910705
805587,0.983639
805588,0.011445866
805589,0.20219225
805590,0.038290903
805591,0.9652544
805592,0.24000853
805593,0.9679041
805594,0.9058043
805595,0.5659089
805596,0.9847256
805597,0.004775199
805598,0.53790843
805599,0.9784149
805600,0.7095933
805601,0.023328409
805602,0.246545
805603,0.96193284
805604,0.049430657
805605,0.4996011
805606,0.95144486
805607,0.9971687
805608,0.011607049
805609,0.62778735
805610,0.016503133
805611,0.012850215
805612,0.38162485
805613,0.51071215
805614,0.94628376
805615,0.9720551
805616,0.010839067
805617,0.1365011
805618,0.95044494
805619,0.035943314
805620,0.0804141
805621,0.062292933
805622,0.9454381
805623,0.41738313
805624,0.13368736
805625,0.016220551
805626,0.6484332
805627,0.9927527
805628,0.08227925
805629,0.9984781
805630,0.18241903
805631,0.9835175
805632,0.8771516
805633,0.9974457
805634,0.08338766
805635,0.91752565
805636,0.58984894
805637,0.96420664
805638,0.9661195
805639,0.032254234
805640,0.05816655
805641,0.9718014
805642,0.026881041
805643,0.64596486
805644,0.006614529
805645,0.16982435
805646,0.047985174
805647,0.98868036
805648,0.028337236
805649,0.26329908
805650,0.41569752
805651,0.020092446
805652,0.33170268
805653,0.34159523
805654,0.9891781
805655,0.73108804
805656,0.66150504
805657,0.9764255
805658,0.07156806
805659,0.12026607
805660,0.98701644
805661,0.83596283
805662,0.01876301
805663,0.033546623
805664,0.024123006
805665,0.0062827296
805666,0.017003734
805667,0.006557674
805668,0.26919013
805669,0.26204923
805670,0.98477656
805671,0.0053968816
805672,0.15817839
805673,0.007665182
805674,0.01836829
805675,0.3310058
805676,0.007228687
805677,0.3138498
805678,0.008484941
805679,0.5957428
805680,0.010792642
805681,0.98799235
805682,0.007649935
805683,0.051362153
805684,0.9808243
805685,0.9736806
805686,0.5475401
805687,0.0792972
805688,0.08862239
805689,0.01467693
805690,0.47309726
805691,0.01621096
805692,0.0045591467
805693,0.055878468
805694,0.99095994
805695,0.6629952
805696,0.04985241
805697,0.615191
805698,0.9200434
805699,0.17217948
805700,0.9207862
805701,0.9968902
805702,0.8736156
805703,0.9707844
805704,0.99853116
805705,0.99407136
805706,0.997535
805707,0.027142823
805708,0.9916905
805709,0.012961356
805710,0.98522973
805711,0.98122156
805712,0.76642483
805713,0.03406837
805714,0.9328317
805715,0.007781927
805716,0.9912877
805717,0.0040115025
805718,0.97640693
805719,0.9944142
805720,0.005266118
805721,0.081102505
805722,0.0065879365
805723,0.24355115
805724,0.15014726
805725,0.06764108
805726,0.6920978
805727,0.6064997
805728,0.017731141
805729,0.9501512
805730,0.02287963
805731,0.27538362
805732,0.07424025
805733,0.018249584
805734,0.05208899
805735,0.98466086
805736,0.9901779
805737,0.99109936
805738,0.5949059
805739,0.096059464
805740,0.075440004
805741,0.10938384
805742,0.30783936
805743,0.9097478
805744,0.99087155
805745,0.94761264
805746,0.028808035
805747,0.060277637
805748,0.12220836
805749,0.99260473
805750,0.0773104
805751,0.10513826
805752,0.15688662
805753,0.99585843
805754,0.5270156
805755,0.7390507
805756,0.044881936
805757,0.43491098
805758,0.7668179
805759,0.0035160854
805760,0.99025464
805761,0.67447466
805762,0.99480444
805763,0.7831845
805764,0.017804012
805765,0.0087453835
805766,0.71698964
805767,0.9729843
805768,0.07648829
805769,0.0126728285
805770,0.070061624
805771,0.9922254
805772,0.6395865
805773,0.002446532
805774,0.005781321
805775,0.016105412
805776,0.0027472514
805777,0.96817696
805778,0.06892333
805779,0.9452205
805780,0.49342167
805781,0.96287507
805782,0.00778713
805783,0.8876223
805784,0.9942557
805785,0.030847711
805786,0.4532473
805787,0.024525579
805788,0.003344989
805789,0.1558741
805790,0.99763185
805791,0.9778888
805792,0.15173851
805793,0.73787594
805794,0.8356911
805795,0.0072934693
805796,0.019737279
805797,0.0044483244
805798,0.06173919
805799,0.06439856
805800,0.6209332
805801,0.04132632
805802,0.13803402
805803,0.53218865
805804,0.77374136
805805,0.047464766
805806,0.54381657
805807,0.98809993
805808,0.041869476
805809,0.7672122
805810,0.8001143
805811,0.97164863
805812,0.010503702
805813,0.9549141
805814,0.004997617
805815,0.12791681
805816,0.94436646
805817,0.42156586
805818,0.06887583
805819,0.8976078
805820,0.03391418
805821,0.88929343
805822,0.057510234
805823,0.47985935
805824,0.33605716
805825,0.6906749
805826,0.06728622
805827,0.34349698
805828,0.9647174
805829,0.8864414
805830,0.4201654
805831,0.98571634
805832,0.0527777
805833,0.011379485
805834,0.8187644
805835,0.036165863
805836,0.3356954
805837,0.26993394
805838,0.007958491
805839,0.18013628
805840,0.0430727
805841,0.027192632
805842,0.86917526
805843,0.012965297
805844,0.91145885
805845,0.005716566
805846,0.96070975
805847,0.0064573977
805848,0.013126298
805849,0.9836276
805850,0.9112027
805851,0.57958204
805852,0.014578822
805853,0.98043203
805854,0.05611019
805855,0.99692345
805856,0.7748143
805857,0.9910604
805858,0.024474915
805859,0.97232133
805860,0.945259
805861,0.87970173
805862,0.0020512997
805863,0.27781826
805864,0.9564872
805865,0.03375401
805866,0.93116426
805867,0.03574851
805868,0.9956684
805869,0.04757659
805870,0.10993548
805871,0.9966948
805872,0.9603432
805873,0.99377596
805874,0.07187968
805875,0.21317464
805876,0.004477637
805877,0.025779821
805878,0.7268576
805879,0.7076234
805880,0.0339088
805881,0.011793005
805882,0.17737544
805883,0.038120188
805884,0.8188351
805885,0.9600732
805886,0.7493836
805887,0.025865847
805888,0.7240737
805889,0.14606024
805890,0.5332124
805891,0.020754628
805892,0.010655227
805893,0.004179443
805894,0.007374339
805895,0.9261856
805896,0.007746171
805897,0.96335477
805898,0.9607775
805899,0.23214068
805900,0.88070434
805901,0.974983
805902,0.52799785
805903,0.0134458775
805904,0.026662026
805905,0.98149055
805906,0.99014354
805907,0.7411547
805908,0.6259058
805909,0.04155386
805910,0.03710029
805911,0.092540056
805912,0.06571412
805913,0.66306406
805914,0.91531014
805915,0.004459955
805916,0.85452354
805917,0.029411783
805918,0.9513917
805919,0.9960094
805920,0.97926295
805921,0.74872315
805922,0.23289351
805923,0.09778037
805924,0.035170157
805925,0.087379985
805926,0.4464363
805927,0.9932262
805928,0.010459074
805929,0.9930399
805930,0.012602984
805931,0.039539214
805932,0.45765954
805933,0.5447537
805934,0.97858036
805935,0.013216409
805936,0.068936765
805937,0.99366856
805938,0.016533382
805939,0.38853028
805940,0.7367269
805941,0.011982729
805942,0.07391549
805943,0.06469648
805944,0.020370249
805945,0.09572046
805946,0.039739534
805947,0.7494153
805948,0.12820323
805949,0.8759208
805950,0.022810977
805951,0.9808635
805952,0.031504218
805953,0.05188484
805954,0.97740453
805955,0.122329235
805956,0.09893924
805957,0.7992731
805958,0.0076349787
805959,0.9284283
805960,0.01954028
805961,0.7274015
805962,0.08389595
805963,0.17578736
805964,0.0043432037
805965,0.99670756
805966,0.99773645
805967,0.07185137
805968,0.7798225
805969,0.111588836
805970,0.9977026
805971,0.04520776
805972,0.03211928
805973,0.011436531
805974,0.064626485
805975,0.98895884
805976,0.021925649
805977,0.06127199
805978,0.95182717
805979,0.083406925
805980,0.83697444
805981,0.9756296
805982,0.47271568
805983,0.002514781
805984,0.98419225
805985,0.1547685
805986,0.8602335
805987,0.99803436
805988,0.33301973
805989,0.99405295
805990,0.9691008
805991,0.068988554
805992,0.22499213
805993,0.09057021
805994,0.01935796
805995,0.51053494
805996,0.9614832
805997,0.9951351
805998,0.8941151
805999,0.9699649
806000,0.026739886
806001,0.14255884
806002,0.5233858
806003,0.980504
806004,0.9436227
806005,0.7307961
806006,0.21402277
806007,0.04987252
806008,0.2592818
806009,0.06819589
806010,0.8836699
806011,0.036155906
806012,0.057363454
806013,0.14394002
806014,0.034429166
806015,0.43082738
806016,0.02510032
806017,0.8809841
806018,0.99599564
806019,0.07015607
806020,0.9612677
806021,0.02271945
806022,0.03271661
806023,0.03646957
806024,0.62044114
806025,0.6409733
806026,0.028162405
806027,0.9903347
806028,0.9474665
806029,0.019361941
806030,0.99469674
806031,0.0029221831
806032,0.13026425
806033,0.14914945
806034,0.12750179
806035,0.029069092
806036,0.7990576
806037,0.1803469
806038,0.9793515
806039,0.0027142318
806040,0.9932812
806041,0.58962107
806042,0.993401
806043,0.8842249
806044,0.5579936
806045,0.6939022
806046,0.0049019996
806047,0.8196841
806048,0.057526935
806049,0.621482
806050,0.81936383
806051,0.90712917
806052,0.014689602
806053,0.9781362
806054,0.027142646
806055,0.008510733
806056,0.009604389
806057,0.9900429
806058,0.53990585
806059,0.07047803
806060,0.009918824
806061,0.005576898
806062,0.9862592
806063,0.0763332
806064,0.59498155
806065,0.99780124
806066,0.99046063
806067,0.22470818
806068,0.49920964
806069,0.037911214
806070,0.7893966
806071,0.9509251
806072,0.03571929
806073,0.33368015
806074,0.00495456
806075,0.98788804
806076,0.005590706
806077,0.019913118
806078,0.71098876
806079,0.093858294
806080,0.0010919683
806081,0.01563773
806082,0.2706218
806083,0.034142174
806084,0.044491235
806085,0.26617575
806086,0.9737671
806087,0.7466963
806088,0.029456243
806089,0.13712323
806090,0.28211692
806091,0.0041340226
806092,0.9680258
806093,0.077130176
806094,0.50299877
806095,0.91936374
806096,0.90722644
806097,0.9730987
806098,0.13068362
806099,0.9529873
806100,0.9810742
806101,0.99712217
806102,0.89753777
806103,0.84630716
806104,0.008388613
806105,0.78776467
806106,0.16790283
806107,0.03692332
806108,0.18091637
806109,0.9936644
806110,0.054015994
806111,0.9708861
806112,0.018584095
806113,0.05208519
806114,0.4012502
806115,0.3127362
806116,0.013821493
806117,0.019723836
806118,0.013079118
806119,0.040596526
806120,0.01697437
806121,0.7736807
806122,0.32724816
806123,0.26277876
806124,0.9698946
806125,0.071505964
806126,0.1737936
806127,0.9829154
806128,0.5902809
806129,0.93748397
806130,0.9858688
806131,0.05404599
806132,0.026466932
806133,0.08898103
806134,0.10683247
806135,0.94490695
806136,0.8772001
806137,0.54597044
806138,0.93873787
806139,0.027578702
806140,0.005679492
806141,0.12436295
806142,0.9193358
806143,0.28774697
806144,0.008160892
806145,0.9602339
806146,0.024828687
806147,0.03779718
806148,0.997913
806149,0.9288237
806150,0.99430126
806151,0.9186522
806152,0.35007045
806153,0.020483922
806154,0.9621602
806155,0.23025672
806156,0.99887335
806157,0.96413255
806158,0.011549711
806159,0.9765389
806160,0.58155257
806161,0.23740798
806162,0.9771726
806163,0.0007095903
806164,0.045772202
806165,0.9946645
806166,0.06417225
806167,0.8940433
806168,0.9904971
806169,0.5198152
806170,0.8937251
806171,0.016743027
806172,0.9616053
806173,0.7911328
806174,0.9849331
806175,0.05073299
806176,0.06752779
806177,0.1497949
806178,0.033303175
806179,0.99112844
806180,0.74055207
806181,0.99091727
806182,0.95705974
806183,0.050219446
806184,0.06116174
806185,0.27707267
806186,0.3603866
806187,0.79162717
806188,0.0067303525
806189,0.056549646
806190,0.43033478
806191,0.9721264
806192,0.035821382
806193,0.8292063
806194,0.85674715
806195,0.03265727
806196,0.04399121
806197,0.0104929935
806198,0.8734553
806199,0.550184
806200,0.77687585
806201,0.2465934
806202,0.0065316707
806203,0.93852264
806204,0.04995244
806205,0.008213585
806206,0.06481404
806207,0.9406181
806208,0.43524182
806209,0.6904743
806210,0.055504628
806211,0.99277544
806212,0.9913646
806213,0.005697162
806214,0.11610289
806215,0.3383776
806216,0.2550714
806217,0.004408093
806218,0.033504114
806219,0.9970254
806220,0.0063194353
806221,0.18145226
806222,0.4284311
806223,0.013868982
806224,0.31841618
806225,0.23398614
806226,0.14578207
806227,0.09314404
806228,0.4243843
806229,0.022640163
806230,0.98926127
806231,0.9752494
806232,0.8479013
806233,0.15525843
806234,0.6046815
806235,0.89800483
806236,0.9961627
806237,0.05398106
806238,0.94184744
806239,0.12977163
806240,0.8070601
806241,0.04748976
806242,0.05193324
806243,0.97890586
806244,0.2509974
806245,0.07756743
806246,0.046514504
806247,0.85959834
806248,0.050644103
806249,0.98212236
806250,0.15547486
806251,0.9455533
806252,0.0363939
806253,0.03197239
806254,0.7121501
806255,0.98636425
806256,0.9932669
806257,0.04370404
806258,0.33293888
806259,0.007358524
806260,0.9957907
806261,0.9748738
806262,0.10163392
806263,0.9898305
806264,0.96852297
806265,0.2918168
806266,0.0028702617
806267,0.01959335
806268,0.036261275
806269,0.74199295
806270,0.9934425
806271,0.992136
806272,0.42440224
806273,0.003473902
806274,0.35093158
806275,0.010947981
806276,0.002555763
806277,0.083189316
806278,0.0063821017
806279,0.038984314
806280,0.99537766
806281,0.7782014
806282,0.04561248
806283,0.3073063
806284,0.055128254
806285,0.004356807
806286,0.010305062
806287,0.0153232515
806288,0.017796975
806289,0.5923163
806290,0.009051756
806291,0.9922488
806292,0.03537906
806293,0.9536142
806294,0.926567
806295,0.399284
806296,0.6259189
806297,0.50579286
806298,0.5744627
806299,0.58360505
806300,0.97908854
806301,0.29432285
806302,0.010352732
806303,0.06268327
806304,0.324717
806305,0.9875055
806306,0.9864
806307,0.006312414
806308,0.0072717606
806309,0.99477124
806310,0.022639193
806311,0.17354898
806312,0.6418113
806313,0.9730406
806314,0.9747871
806315,0.95417213
806316,0.96858424
806317,0.26673928
806318,0.06600926
806319,0.084603235
806320,0.9986876
806321,0.71165967
806322,0.02845996
806323,0.1943528
806324,0.0047393613
806325,0.23268445
806326,0.93109107
806327,0.01087625
806328,0.22648942
806329,0.999059
806330,0.9849346
806331,0.11504465
806332,0.023917217
806333,0.039036803
806334,0.43100408
806335,0.7484032
806336,0.997599
806337,0.21915331
806338,0.47661373
806339,0.9978437
806340,0.24717382
806341,0.028059151
806342,0.006979362
806343,0.684856
806344,0.26861972
806345,0.017887708
806346,0.6759259
806347,0.18245812
806348,0.9945415
806349,0.013758298
806350,0.10328248
806351,0.03761693
806352,0.13271448
806353,0.039653964
806354,0.0064153336
806355,0.013735849
806356,0.9738887
806357,0.45111734
806358,0.9556648
806359,0.6244145
806360,0.04651294
806361,0.01033435
806362,0.95724183
806363,0.97819567
806364,0.9985254
806365,0.5688546
806366,0.05397308
806367,0.09867813
806368,0.030307733
806369,0.32154053
806370,0.011463708
806371,0.97250736
806372,0.048538763
806373,0.006459956
806374,0.4052371
806375,0.19017544
806376,0.0072189635
806377,0.9938446
806378,0.05056639
806379,0.056467444
806380,0.99346495
806381,0.9351468
806382,0.95419
806383,0.54571515
806384,0.39652222
806385,0.03632434
806386,0.029288504
806387,0.028498052
806388,0.3845086
806389,0.08641726
806390,0.24476415
806391,0.1302798
806392,0.1683902
806393,0.70858395
806394,0.8920984
806395,0.02660331
806396,0.8293671
806397,0.050055414
806398,0.9748466
806399,0.008473104
806400,0.9715479
806401,0.3470609
806402,0.44738692
806403,0.042002894
806404,0.25725043
806405,0.97022736
806406,0.08410832
806407,0.014892365
806408,0.0023198095
806409,0.025189213
806410,0.17690544
806411,0.8224447
806412,0.021559663
806413,0.21203262
806414,0.9490873
806415,0.04329725
806416,0.98239
806417,0.9954837
806418,0.97686315
806419,0.007855614
806420,0.89399624
806421,0.99003947
806422,0.07227229
806423,0.09523445
806424,0.041833773
806425,0.987031
806426,0.6052557
806427,0.9896282
806428,0.012629214
806429,0.010632774
806430,0.98908234
806431,0.052137394
806432,0.36764753
806433,0.14015588
806434,0.0496777
806435,0.11916761
806436,0.5569062
806437,0.36617216
806438,0.10484756
806439,0.014363708
806440,0.9834114
806441,0.8202338
806442,0.99025625
806443,0.12602696
806444,0.05960837
806445,0.8665597
806446,0.0026566205
806447,0.9976077
806448,0.034298204
806449,0.9746002
806450,0.08504427
806451,0.9955108
806452,0.98353696
806453,0.037634965
806454,0.045204286
806455,0.006846525
806456,0.99796224
806457,0.102434926
806458,0.28536472
806459,0.996655
806460,0.97922474
806461,0.010772817
806462,0.81588316
806463,0.111937165
806464,0.8355593
806465,0.34284198
806466,0.9379374
806467,0.0036693045
806468,0.21121943
806469,0.95252967
806470,0.0044179205
806471,0.0030511664
806472,0.6295945
806473,0.90412134
806474,0.9687239
806475,0.7371641
806476,0.12879413
806477,0.9971198
806478,0.19891532
806479,0.9609341
806480,0.17837057
806481,0.9704199
806482,0.49907613
806483,0.63792485
806484,0.9587967
806485,0.14142272
806486,0.6039927
806487,0.98808867
806488,0.56373525
806489,0.0095463265
806490,0.052827865
806491,0.99940616
806492,0.40904385
806493,0.021427473
806494,0.5365601
806495,0.035476416
806496,0.05562544
806497,0.38052553
806498,0.96635
806499,0.99753284
806500,0.9858818
806501,0.032810416
806502,0.17416698
806503,0.98189354
806504,0.9403756
806505,0.04896255
806506,0.03870388
806507,0.4481783
806508,0.99915785
806509,0.010898557
806510,0.15602818
806511,0.6969179
806512,0.38924143
806513,0.90545064
806514,0.96328235
806515,0.012097631
806516,0.99765015
806517,0.04115063
806518,0.054103646
806519,0.98678327
806520,0.09575686
806521,0.06300369
806522,0.99393487
806523,0.39165184
806524,0.64473295
806525,0.9547021
806526,0.35654357
806527,0.39382553
806528,0.030822555
806529,0.6721526
806530,0.09154779
806531,0.13202141
806532,0.020127498
806533,0.5922373
806534,0.0028184578
806535,0.3330892
806536,0.0060322518
806537,0.89366317
806538,0.997564
806539,0.108715385
806540,0.6552965
806541,0.010009195
806542,0.023739276
806543,0.014164383
806544,0.2079741
806545,0.020215254
806546,0.014707162
806547,0.7057249
806548,0.007370808
806549,0.033690892
806550,0.9912776
806551,0.16286597
806552,0.033534348
806553,0.98140836
806554,0.39851785
806555,0.86809224
806556,0.018222881
806557,0.0019380851
806558,0.016310936
806559,0.036662187
806560,0.7300117
806561,0.025944646
806562,0.8856308
806563,0.9035622
806564,0.9588529
806565,0.0048281075
806566,0.4599217
806567,0.9190375
806568,0.28354403
806569,0.12446432
806570,0.32162982
806571,0.030393403
806572,0.019341517
806573,0.0782853
806574,0.003368982
806575,0.9937488
806576,0.48579642
806577,0.94114435
806578,0.9748009
806579,0.2247349
806580,0.7161512
806581,0.45266742
806582,0.4748589
806583,0.009395575
806584,0.04520032
806585,0.99488366
806586,0.037852705
806587,0.95793366
806588,0.027901333
806589,0.022274137
806590,0.007377044
806591,0.052688994
806592,0.3065462
806593,0.34585568
806594,0.0035130612
806595,0.9963342
806596,0.9952212
806597,0.9657142
806598,0.013519829
806599,0.9968941
806600,0.006520485
806601,0.01313143
806602,0.005410173
806603,0.9986714
806604,0.16500862
806605,0.099285886
806606,0.010555202
806607,0.48745322
806608,0.008588327
806609,0.51070195
806610,0.9881218
806611,0.17407146
806612,0.99496585
806613,0.013751025
806614,0.016578045
806615,0.99795794
806616,0.35764983
806617,0.5551792
806618,0.024242437
806619,0.49858245
806620,0.9855955
806621,0.14195268
806622,0.0038932592
806623,0.03075933
806624,0.005650147
806625,0.024209779
806626,0.9953892
806627,0.019623239
806628,0.28895423
806629,0.6603155
806630,0.59719753
806631,0.72819346
806632,0.98514843
806633,0.030028196
806634,0.026241012
806635,0.86845756
806636,0.19626537
806637,0.9898141
806638,0.30124822
806639,0.02007242
806640,0.73962325
806641,0.0032990472
806642,0.20957138
806643,0.010950571
806644,0.020229803
806645,0.10908068
806646,0.08521461
806647,0.67341816
806648,0.9984688
806649,0.55546916
806650,0.026460333
806651,0.077835575
806652,0.06280282
806653,0.908502
806654,0.5987049
806655,0.97415215
806656,0.4245168
806657,0.06706695
806658,0.386196
806659,0.0077889105
806660,0.3503601
806661,0.93374836
806662,0.9582269
806663,0.98719954
806664,0.033740215
806665,0.035671964
806666,0.9778367
806667,0.55339676
806668,0.3200132
806669,0.99337536
806670,0.9911547
806671,0.684302
806672,0.59627664
806673,0.93303007
806674,0.9980229
806675,0.0861004
806676,0.027049413
806677,0.006389305
806678,0.9637836
806679,0.96962094
806680,0.012854185
806681,0.9945714
806682,0.007932715
806683,0.97292376
806684,0.14339077
806685,0.045290902
806686,0.9178594
806687,0.99810857
806688,0.042060345
806689,0.9856876
806690,0.030113142
806691,0.26064104
806692,0.9793561
806693,0.08725527
806694,0.4433912
806695,0.0067538107
806696,0.6581714
806697,0.92503136
806698,0.5849706
806699,0.96969676
806700,0.021579254
806701,0.038212992
806702,0.18816039
806703,0.013867557
806704,0.9433898
806705,0.9939816
806706,0.96567553
806707,0.99684346
806708,0.8788551
806709,0.005741173
806710,0.84047115
806711,0.1873121
806712,0.84768313
806713,0.9956003
806714,0.0026003148
806715,0.016575173
806716,0.00517343
806717,0.113442004
806718,0.84355587
806719,0.957659
806720,0.10781734
806721,0.97919106
806722,0.9605668
806723,0.9974417
806724,0.98492354
806725,0.15028846
806726,0.98944974
806727,0.10170452
806728,0.6181313
806729,0.0048695016
806730,0.9983949
806731,0.03936928
806732,0.82836217
806733,0.0054160887
806734,0.99729663
806735,0.040223606
806736,0.16689573
806737,0.9376963
806738,0.9572412
806739,0.86543095
806740,0.9906306
806741,0.99117655
806742,0.05409827
806743,0.14372015
806744,0.13992397
806745,0.9904286
806746,0.9524785
806747,0.8820793
806748,0.2270911
806749,0.0375878
806750,0.005700776
806751,0.66776663
806752,0.93936884
806753,0.046168398
806754,0.12731853
806755,0.3616018
806756,0.054025505
806757,0.012455067
806758,0.99129975
806759,0.9837859
806760,0.008649689
806761,0.0029822504
806762,0.7161614
806763,0.569432
806764,0.28359583
806765,0.9928243
806766,0.024778746
806767,0.9951313
806768,0.9824643
806769,0.50250953
806770,0.03516991
806771,0.07149506
806772,0.038055178
806773,0.99890876
806774,0.1652048
806775,0.04274418
806776,0.010297734
806777,0.95975876
806778,0.0065979543
806779,0.88303363
806780,0.2824077
806781,0.983645
806782,0.20334949
806783,0.5350958
806784,0.023585904
806785,0.36007255
806786,0.24304855
806787,0.9785149
806788,0.9975338
806789,0.74297976
806790,0.68675387
806791,0.9584141
806792,0.048647113
806793,0.9442953
806794,0.983127
806795,0.06552516
806796,0.016461743
806797,0.18231092
806798,0.03183794
806799,0.020648254
806800,0.47154224
806801,0.99714607
806802,0.024633463
806803,0.00372976
806804,0.0388799
806805,0.9460021
806806,0.18154994
806807,0.99648005
806808,0.009965075
806809,0.030447558
806810,0.8951335
806811,0.017590227
806812,0.99736094
806813,0.083073445
806814,0.081067614
806815,0.9227909
806816,0.8604945
806817,0.00881286
806818,0.9502329
806819,0.9857633
806820,0.3221004
806821,0.07941304
806822,0.017964939
806823,0.9639908
806824,0.99720114
806825,0.010994155
806826,0.007605341
806827,0.72409093
806828,0.9967375
806829,0.801125
806830,0.9734355
806831,0.0937269
806832,0.92505693
806833,0.016811106
806834,0.05317344
806835,0.4879055
806836,0.0042449376
806837,0.0038034995
806838,0.9707309
806839,0.9413406
806840,0.9643699
806841,0.98707026
806842,0.0034901542
806843,0.042201106
806844,0.52181804
806845,0.016938742
806846,0.066848025
806847,0.70655584
806848,0.2835884
806849,0.94367045
806850,0.0065108584
806851,0.87253654
806852,0.013130382
806853,0.46098876
806854,0.016340181
806855,0.009823614
806856,0.056950793
806857,0.8707496
806858,0.90912944
806859,0.14651948
806860,0.064416945
806861,0.012056574
806862,0.9890602
806863,0.9928477
806864,0.9923892
806865,0.03251874
806866,0.66494644
806867,0.0071160626
806868,0.952268
806869,0.009588862
806870,0.9694925
806871,0.04241956
806872,0.080254674
806873,0.085211195
806874,0.062379308
806875,0.84570825
806876,0.99769294
806877,0.007712494
806878,0.09422379
806879,0.9744236
806880,0.9727231
806881,0.005608611
806882,0.9992869
806883,0.032221377
806884,0.9323933
806885,0.09058061
806886,0.5622285
806887,0.10235075
806888,0.35777232
806889,0.8227854
806890,0.04741809
806891,0.96205777
806892,0.8055117
806893,0.0031608648
806894,0.35841918
806895,0.10841921
806896,0.9802599
806897,0.06815423
806898,0.9973524
806899,0.9985614
806900,0.8250432
806901,0.11056964
806902,0.99318975
806903,0.047750104
806904,0.054954544
806905,0.99672705
806906,0.0028656307
806907,0.99747723
806908,0.05481729
806909,0.009163252
806910,0.2698633
806911,0.0018605965
806912,0.07872877
806913,0.23547308
806914,0.45926052
806915,0.9074926
806916,0.25014728
806917,0.9334663
806918,0.8160951
806919,0.20186347
806920,0.11381542
806921,0.7258188
806922,0.79502225
806923,0.763456
806924,0.25549966
806925,0.9960212
806926,0.47269762
806927,0.9924725
806928,0.20850722
806929,0.06596599
806930,0.056779493
806931,0.11540729
806932,0.15627529
806933,0.15036911
806934,0.9565538
806935,0.019685103
806936,0.028192185
806937,0.9825791
806938,0.9514637
806939,0.9150175
806940,0.003455916
806941,0.012528922
806942,0.06457608
806943,0.063592404
806944,0.96949965
806945,0.9141241
806946,0.89589876
806947,0.99703664
806948,0.9323228
806949,0.017600877
806950,0.36006367
806951,0.15122378
806952,0.0117971115
806953,0.02011865
806954,0.0071428013
806955,0.98339695
806956,0.9811596
806957,0.05913337
806958,0.7768289
806959,0.022832397
806960,0.9722062
806961,0.11463283
806962,0.21616383
806963,0.84078634
806964,0.033360444
806965,0.14086524
806966,0.058738507
806967,0.04730919
806968,0.027680933
806969,0.013267215
806970,0.0033737626
806971,0.9593966
806972,0.19561796
806973,0.01579282
806974,0.99527276
806975,0.06870681
806976,0.039271917
806977,0.020670457
806978,0.65845007
806979,0.0080777025
806980,0.0068421313
806981,0.4963387
806982,0.8154664
806983,0.0024203276
806984,0.98824954
806985,0.3701993
806986,0.89076775
806987,0.9894906
806988,0.08474081
806989,0.08767115
806990,0.9797302
806991,0.7197991
806992,0.9781421
806993,0.006847698
806994,0.014913105
806995,0.944316
806996,0.002803426
806997,0.013029011
806998,0.015770951
806999,0.80443037
807000,0.9542599
807001,0.056111336
807002,0.98873293
807003,0.012586758
807004,0.014042303
807005,0.9491221
807006,0.9756626
807007,0.048032727
807008,0.9927426
807009,0.05959391
807010,0.015627546
807011,0.17897974
807012,0.5263343
807013,0.7402369
807014,0.6587144
807015,0.010708536
807016,0.25574803
807017,0.3291163
807018,0.112933576
807019,0.011340518
807020,0.8077719
807021,0.18301113
807022,0.91234905
807023,0.18905711
807024,0.9223412
807025,0.88317764
807026,0.8004565
807027,0.0045425035
807028,0.021710599
807029,0.043510072
807030,0.9805733
807031,0.8448087
807032,0.0033819599
807033,0.9796734
807034,0.9905447
807035,0.99859136
807036,0.8381499
807037,0.051037133
807038,0.9777201
807039,0.4024771
807040,0.99170077
807041,0.0035322686
807042,0.96501565
807043,0.285332
807044,0.05976405
807045,0.020974059
807046,0.054501347
807047,0.9812703
807048,0.023962656
807049,0.019584898
807050,0.009279912
807051,0.97919476
807052,0.033251002
807053,0.06013028
807054,0.98612034
807055,0.018192956
807056,0.025881832
807057,0.003252169
807058,0.99786484
807059,0.018822674
807060,0.12261902
807061,0.02119374
807062,0.0057839155
807063,0.98998654
807064,0.7350843
807065,0.32122484
807066,0.8524223
807067,0.004644005
807068,0.9018611
807069,0.014558901
807070,0.7027273
807071,0.0057808524
807072,0.0036679786
807073,0.82220757
807074,0.03133116
807075,0.9406635
807076,0.00346177
807077,0.5268043
807078,0.475856
807079,0.9976715
807080,0.058774956
807081,0.75832117
807082,0.05971365
807083,0.9791392
807084,0.009532398
807085,0.89392644
807086,0.005079343
807087,0.78746855
807088,0.6380576
807089,0.007475251
807090,0.99861825
807091,0.17072555
807092,0.050000776
807093,0.9993725
807094,0.98755634
807095,0.010514807
807096,0.92780745
807097,0.8667815
807098,0.77629375
807099,0.20995644
807100,0.40407723
807101,0.050290108
807102,0.06556767
807103,0.22412115
807104,0.003419777
807105,0.022698056
807106,0.035431214
807107,0.056145936
807108,0.07814142
807109,0.46362817
807110,0.8590287
807111,0.8597878
807112,0.024125233
807113,0.2142917
807114,0.99819916
807115,0.9933503
807116,0.054583147
807117,0.9979522
807118,0.9939817
807119,0.011074797
807120,0.9951929
807121,0.9633377
807122,0.99177885
807123,0.026278745
807124,0.6526428
807125,0.028162604
807126,0.98602927
807127,0.0061598783
807128,0.0027202736
807129,0.029209122
807130,0.27487674
807131,0.76353
807132,0.94389737
807133,0.9401251
807134,0.018790616
807135,0.97800714
807136,0.053201023
807137,0.012420196
807138,0.9933289
807139,0.9003769
807140,0.5159348
807141,0.022980016
807142,0.9550481
807143,0.016551923
807144,0.93403846
807145,0.75366867
807146,0.9893882
807147,0.014950164
807148,0.6099741
807149,0.48418212
807150,0.93363446
807151,0.01186795
807152,0.99340034
807153,0.9955715
807154,0.30704734
807155,0.35258865
807156,0.14359012
807157,0.042420376
807158,0.66554224
807159,0.84798425
807160,0.9804302
807161,0.03254754
807162,0.08789495
807163,0.9539772
807164,0.027036782
807165,0.10753867
807166,0.56887096
807167,0.033618197
807168,0.99282646
807169,0.9428976
807170,0.9666181
807171,0.012993189
807172,0.9827732
807173,0.1855782
807174,0.0014426104
807175,0.13735464
807176,0.047413964
807177,0.9182567
807178,0.98810893
807179,0.016564261
807180,0.20239802
807181,0.99346066
807182,0.13685569
807183,0.13140273
807184,0.11457804
807185,0.06748669
807186,0.3273354
807187,0.0023036734
807188,0.038844377
807189,0.01345368
807190,0.9051572
807191,0.9943017
807192,0.9928757
807193,0.9839779
807194,0.014831322
807195,0.23303908
807196,0.76081634
807197,0.068643235
807198,0.01883182
807199,0.99668425
807200,0.8836037
807201,0.002817476
807202,0.22870618
807203,0.06472924
807204,0.03764777
807205,0.99039674
807206,0.7781894
807207,0.90278226
807208,0.9985669
807209,0.07192786
807210,0.29487526
807211,0.09487603
807212,0.47648168
807213,0.98718965
807214,0.7291416
807215,0.43752223
807216,0.0078624915
807217,0.3864605
807218,0.011437919
807219,0.023858462
807220,0.004831736
807221,0.014632439
807222,0.994995
807223,0.031215228
807224,0.024406478
807225,0.9991521
807226,0.9777549
807227,0.016225426
807228,0.014967086
807229,0.9870187
807230,0.023375425
807231,0.99364907
807232,0.0050706714
807233,0.99804467
807234,0.110329114
807235,0.67521393
807236,0.0525261
807237,0.15662163
807238,0.9692419
807239,0.93148327
807240,0.019340483
807241,0.9954642
807242,0.19614723
807243,0.024493339
807244,0.9285548
807245,0.94481003
807246,0.043634426
807247,0.84278834
807248,0.3745986
807249,0.96484053
807250,0.07798098
807251,0.04512562
807252,0.023924427
807253,0.006409418
807254,0.033975616
807255,0.087045625
807256,0.982706
807257,0.0040930235
807258,0.9902368
807259,0.77970946
807260,0.021328848
807261,0.6460958
807262,0.9567102
807263,0.33897412
807264,0.99052435
807265,0.84196514
807266,0.74550337
807267,0.95156217
807268,0.07012504
807269,0.04807899
807270,0.026844177
807271,0.9486002
807272,0.20538251
807273,0.59669393
807274,0.0859646
807275,0.69780123
807276,0.18465875
807277,0.99417996
807278,0.03886446
807279,0.031940732
807280,0.99224085
807281,0.9862273
807282,0.3774333
807283,0.019286513
807284,0.007852617
807285,0.10227468
807286,0.026924914
807287,0.2999677
807288,0.9630028
807289,0.019955471
807290,0.0670072
807291,0.36518192
807292,0.89956
807293,0.079250276
807294,0.027226666
807295,0.7988548
807296,0.22754638
807297,0.92535585
807298,0.9055616
807299,0.98954135
807300,0.19769546
807301,0.6315521
807302,0.842458
807303,0.034289226
807304,0.12470713
807305,0.06920323
807306,0.066458784
807307,0.0055403076
807308,0.996832
807309,0.02571728
807310,0.11536851
807311,0.005743048
807312,0.6859237
807313,0.044908322
807314,0.25005013
807315,0.059542466
807316,0.10246647
807317,0.9730009
807318,0.98174596
807319,0.91613066
807320,0.9043172
807321,0.13352914
807322,0.007675423
807323,0.04590504
807324,0.10868651
807325,0.03804481
807326,0.8410553
807327,0.3997218
807328,0.86429965
807329,0.84551954
807330,0.015338149
807331,0.99409026
807332,0.21158668
807333,0.04984147
807334,0.85852474
807335,0.836448
807336,0.6861468
807337,0.009164483
807338,0.99622154
807339,0.26713386
807340,0.94133735
807341,0.122916885
807342,0.018961921
807343,0.010547678
807344,0.01738872
807345,0.010618327
807346,0.06813723
807347,0.015791226
807348,0.0010885178
807349,0.9980447
807350,0.9326835
807351,0.98837405
807352,0.9742963
807353,0.17313181
807354,0.110228166
807355,0.24630699
807356,0.021663487
807357,0.7418796
807358,0.92130876
807359,0.92927384
807360,0.09187386
807361,0.14803198
807362,0.7743436
807363,0.17778179
807364,0.95422924
807365,0.7213352
807366,0.007959322
807367,0.98489034
807368,0.994293
807369,0.9897276
807370,0.025443036
807371,0.001106859
807372,0.32492557
807373,0.46310735
807374,0.97359335
807375,0.018033177
807376,0.009905113
807377,0.052749105
807378,0.1635343
807379,0.012440445
807380,0.054230127
807381,0.7672793
807382,0.16960153
807383,0.24465853
807384,0.04065094
807385,0.50030994
807386,0.6423243
807387,0.31283864
807388,0.0042490438
807389,0.02917068
807390,0.90487415
807391,0.017684048
807392,0.8901281
807393,0.93686825
807394,0.99867713
807395,0.7547991
807396,0.029119521
807397,0.009356152
807398,0.120221145
807399,0.95540416
807400,0.0071752644
807401,0.17048429
807402,0.0033192923
807403,0.055192262
807404,0.8687759
807405,0.9849763
807406,0.005758103
807407,0.0057096076
807408,0.78652525
807409,0.006681944
807410,0.98803353
807411,0.98469186
807412,0.9124238
807413,0.9977607
807414,0.029154891
807415,0.012184562
807416,0.95719814
807417,0.13987069
807418,0.19215368
807419,0.29260707
807420,0.01024927
807421,0.022221051
807422,0.022228323
807423,0.9815916
807424,0.96624327
807425,0.20397487
807426,0.021443134
807427,0.016845196
807428,0.9407307
807429,0.027675062
807430,0.10258973
807431,0.9798957
807432,0.967301
807433,0.07376136
807434,0.8755125
807435,0.9064432
807436,0.8185281
807437,0.05505349
807438,0.9945989
807439,0.009737673
807440,0.3094508
807441,0.02599376
807442,0.6196108
807443,0.08478808
807444,0.9971876
807445,0.76000535
807446,0.96547425
807447,0.9874397
807448,0.6533739
807449,0.2423853
807450,0.9806501
807451,0.19444007
807452,0.020276928
807453,0.005439632
807454,0.018202826
807455,0.11960515
807456,0.019850377
807457,0.99832296
807458,0.39444685
807459,0.006051431
807460,0.92362833
807461,0.24398819
807462,0.052366216
807463,0.71066624
807464,0.97469014
807465,0.9891137
807466,0.013010477
807467,0.035126686
807468,0.1078377
807469,0.9784557
807470,0.5813268
807471,0.85938036
807472,0.08406383
807473,0.30928892
807474,0.45587826
807475,0.31394228
807476,0.9616593
807477,0.8823338
807478,0.98295194
807479,0.020829957
807480,0.98757625
807481,0.99953914
807482,0.04638676
807483,0.01206113
807484,0.99733186
807485,0.86958593
807486,0.4919806
807487,0.1513789
807488,0.07792368
807489,0.9894854
807490,0.96421444
807491,0.9957667
807492,0.05693347
807493,0.013927653
807494,0.71371657
807495,0.035502546
807496,0.8839989
807497,0.4384564
807498,0.040466055
807499,0.9949968
807500,0.9418552
807501,0.029320218
807502,0.051398437
807503,0.9275805
807504,0.47215864
807505,0.20142666
807506,0.08932754
807507,0.9540515
807508,0.95306265
807509,0.7226441
807510,0.9447321
807511,0.48951718
807512,0.968742
807513,0.034947544
807514,0.34948266
807515,0.95926696
807516,0.99150753
807517,0.035445485
807518,0.30141968
807519,0.15873986
807520,0.012770355
807521,0.7532173
807522,0.018949723
807523,0.64301634
807524,0.075967446
807525,0.36611366
807526,0.97513676
807527,0.014520067
807528,0.045272477
807529,0.8777518
807530,0.99483913
807531,0.31169283
807532,0.06621363
807533,0.15059932
807534,0.8615283
807535,0.9139048
807536,0.18293522
807537,0.9127118
807538,0.6980036
807539,0.96146756
807540,0.0245926
807541,0.95858777
807542,0.03268666
807543,0.02778708
807544,0.05083515
807545,0.1950474
807546,0.042587094
807547,0.0063775238
807548,0.62720394
807549,0.9646638
807550,0.89540195
807551,0.290577
807552,0.97393996
807553,0.6449938
807554,0.6633595
807555,0.120244734
807556,0.12608953
807557,0.9590288
807558,0.9863044
807559,0.010333379
807560,0.014368038
807561,0.97154546
807562,0.074723765
807563,0.9614289
807564,0.6328084
807565,0.02576086
807566,0.9981231
807567,0.0029882982
807568,0.923051
807569,0.0908767
807570,0.99818236
807571,0.9680747
807572,0.9868325
807573,0.03748723
807574,0.025604958
807575,0.84950745
807576,0.9601709
807577,0.61020374
807578,0.12945098
807579,0.0023615991
807580,0.048711322
807581,0.99427
807582,0.23676267
807583,0.24328339
807584,0.55612093
807585,0.11313786
807586,0.98755646
807587,0.015801212
807588,0.87523425
807589,0.9714027
807590,0.98068553
807591,0.99806136
807592,0.555813
807593,0.202033
807594,0.035296448
807595,0.80681616
807596,0.015713576
807597,0.006457936
807598,0.010484386
807599,0.008916996
807600,0.003124067
807601,0.01263233
807602,0.88291067
807603,0.012007317
807604,0.04606039
807605,0.010611829
807606,0.49705446
807607,0.86372507
807608,0.029640654
807609,0.07736498
807610,0.020065168
807611,0.046957813
807612,0.043313764
807613,0.8121535
807614,0.008403068
807615,0.9956019
807616,0.9933861
807617,0.5336496
807618,0.05927223
807619,0.9986336
807620,0.71089953
807621,0.07810257
807622,0.0049384967
807623,0.050564688
807624,0.016913336
807625,0.8506324
807626,0.33546
807627,0.90777683
807628,0.011668965
807629,0.24104978
807630,0.9705348
807631,0.84566915
807632,0.99220574
807633,0.97359794
807634,0.6659603
807635,0.9983065
807636,0.08526609
807637,0.002891296
807638,0.8081474
807639,0.2502096
807640,0.0064533497
807641,0.82639647
807642,0.9889672
807643,0.06989549
807644,0.74438757
807645,0.44497952
807646,0.025287807
807647,0.015089947
807648,0.08130677
807649,0.047917068
807650,0.008253033
807651,0.94675785
807652,0.04159393
807653,0.03221427
807654,0.015571326
807655,0.011731992
807656,0.94770783
807657,0.03146565
807658,0.98361087
807659,0.42377162
807660,0.017156273
807661,0.014901033
807662,0.006510825
807663,0.007832965
807664,0.005710457
807665,0.01579878
807666,0.014792028
807667,0.3236493
807668,0.021899173
807669,0.9709594
807670,0.010077255
807671,0.17029922
807672,0.93913156
807673,0.86330074
807674,0.67044795
807675,0.3689508
807676,0.9769418
807677,0.6483867
807678,0.026780678
807679,0.91356397
807680,0.98499125
807681,0.5983764
807682,0.034193803
807683,0.2440238
807684,0.8992715
807685,0.19953744
807686,0.6888541
807687,0.9888277
807688,0.22753504
807689,0.15633425
807690,0.0037423673
807691,0.42692736
807692,0.9789623
807693,0.30046335
807694,0.10801925
807695,0.9939907
807696,0.99120176
807697,0.054000597
807698,0.7749629
807699,0.048567336
807700,0.054089118
807701,0.11901009
807702,0.95005333
807703,0.14976974
807704,0.14925136
807705,0.70600754
807706,0.016364299
807707,0.99947774
807708,0.05768481
807709,0.8714763
807710,0.9834442
807711,0.59898496
807712,0.94354796
807713,0.046197653
807714,0.81452954
807715,0.032911755
807716,0.009427559
807717,0.98733306
807718,0.9931128
807719,0.6196673
807720,0.9642184
807721,0.13714525
807722,0.014121592
807723,0.6816888
807724,0.113353424
807725,0.006474197
807726,0.9786864
807727,0.025950443
807728,0.019134026
807729,0.043171294
807730,0.021625109
807731,0.083756566
807732,0.101273626
807733,0.2629564
807734,0.3152244
807735,0.20234212
807736,0.9671824
807737,0.9977775
807738,0.07066421
807739,0.98377675
807740,0.5905492
807741,0.95599943
807742,0.9051441
807743,0.2022142
807744,0.9294886
807745,0.02604554
807746,0.23427638
807747,0.11753002
807748,0.4352249
807749,0.02090082
807750,0.6692472
807751,0.2672108
807752,0.017107788
807753,0.8657012
807754,0.6902431
807755,0.7742921
807756,0.38054004
807757,0.023259062
807758,0.027345134
807759,0.0076540024
807760,0.115332015
807761,0.0488052
807762,0.5919347
807763,0.8864814
807764,0.0037264684
807765,0.044247985
807766,0.9069046
807767,0.2936579
807768,0.012661964
807769,0.21682405
807770,0.997117
807771,0.99433976
807772,0.15271372
807773,0.40541098
807774,0.11831471
807775,0.879153
807776,0.021845788
807777,0.019970033
807778,0.9643155
807779,0.26602113
807780,0.18025763
807781,0.3075787
807782,0.03983771
807783,0.042764153
807784,0.4477318
807785,0.0089232735
807786,0.9970831
807787,0.21217865
807788,0.029680973
807789,0.058173195
807790,0.6355282
807791,0.0039442126
807792,0.038040638
807793,0.014960965
807794,0.040431138
807795,0.014364415
807796,0.9949882
807797,0.014605388
807798,0.02677942
807799,0.09638614
807800,0.1364759
807801,0.95648
807802,0.96191007
807803,0.9847335
807804,0.9078426
807805,0.940924
807806,0.92899996
807807,0.9069672
807808,0.030228505
807809,0.85365385
807810,0.2957285
807811,0.99350154
807812,0.015993936
807813,0.19330075
807814,0.9983458
807815,0.012229386
807816,0.7053179
807817,0.02409988
807818,0.027046785
807819,0.19398145
807820,0.039141133
807821,0.96784675
807822,0.35692483
807823,0.9809716
807824,0.025371945
807825,0.022371877
807826,0.28558773
807827,0.070594855
807828,0.9785321
807829,0.024537325
807830,0.47153914
807831,0.015767686
807832,0.23192182
807833,0.01966254
807834,0.025237504
807835,0.9125869
807836,0.6132226
807837,0.3802032
807838,0.609016
807839,0.024823803
807840,0.99540836
807841,0.7023733
807842,0.99181926
807843,0.007758311
807844,0.033239886
807845,0.96156156
807846,0.049715634
807847,0.43135628
807848,0.7084576
807849,0.13803944
807850,0.0050293673
807851,0.951638
807852,0.9598757
807853,0.06160687
807854,0.005658879
807855,0.29032636
807856,0.014872248
807857,0.9994879
807858,0.93768835
807859,0.28941113
807860,0.9618964
807861,0.75691277
807862,0.94006217
807863,0.9080502
807864,0.5001044
807865,0.078697875
807866,0.99822086
807867,0.08778161
807868,0.030387385
807869,0.978547
807870,0.9918419
807871,0.9671989
807872,0.017768083
807873,0.1071818
807874,0.9927813
807875,0.6800288
807876,0.9933919
807877,0.97806513
807878,0.988659
807879,0.3592607
807880,0.023309562
807881,0.78752476
807882,0.62565565
807883,0.8581706
807884,0.0021808026
807885,0.0068327165
807886,0.8939315
807887,0.99505556
807888,0.888841
807889,0.980633
807890,0.14802438
807891,0.2788106
807892,0.9895485
807893,0.045956325
807894,0.98731893
807895,0.99748254
807896,0.236575
807897,0.013936268
807898,0.10018126
807899,0.60075086
807900,0.01950737
807901,0.8525916
807902,0.0125379
807903,0.018813346
807904,0.10013987
807905,0.938927
807906,0.9639402
807907,0.09621632
807908,0.98021394
807909,0.99912643
807910,0.024703855
807911,0.07417303
807912,0.21917218
807913,0.65694726
807914,0.7552516
807915,0.0022861827
807916,0.96332645
807917,0.056512713
807918,0.021494694
807919,0.14729755
807920,0.0134855
807921,0.97123873
807922,0.8930621
807923,0.3884646
807924,0.024836283
807925,0.07124596
807926,0.5908956
807927,0.049721524
807928,0.99683726
807929,0.37310284
807930,0.9455492
807931,0.0087374775
807932,0.8080627
807933,0.99694496
807934,0.98704046
807935,0.051409338
807936,0.01619211
807937,0.011151103
807938,0.0075477655
807939,0.96912783
807940,0.085570104
807941,0.9075999
807942,0.0016835993
807943,0.96459097
807944,0.24467553
807945,0.0119177755
807946,0.94583416
807947,0.005185952
807948,0.388377
807949,0.7945212
807950,0.25344208
807951,0.051517297
807952,0.033793934
807953,0.014050928
807954,0.14959586
807955,0.020558974
807956,0.021238627
807957,0.979924
807958,0.62745684
807959,0.9960193
807960,0.0049501434
807961,0.99719626
807962,0.052952167
807963,0.1747159
807964,0.62551624
807965,0.96698916
807966,0.046207473
807967,0.8497614
807968,0.7965496
807969,0.03145818
807970,0.46875274
807971,0.09207108
807972,0.11121991
807973,0.21301949
807974,0.05904115
807975,0.01217945
807976,0.99744177
807977,0.9813734
807978,0.9324297
807979,0.01788898
807980,0.7508039
807981,0.38632706
807982,0.027636966
807983,0.9781151
807984,0.041710593
807985,0.010653657
807986,0.25618345
807987,0.9758779
807988,0.013088468
807989,0.031259082
807990,0.17280865
807991,0.97920114
807992,0.9861249
807993,0.76164997
807994,0.032150965
807995,0.48280194
807996,0.9769121
807997,0.027120719
807998,0.17965451
807999,0.9710554
808000,0.05283158
808001,0.009589046
808002,0.8796132
808003,0.00793547
808004,0.17836937
808005,0.011080261
808006,0.801747
808007,0.29059526
808008,0.90812784
808009,0.34707314
808010,0.006373667
808011,0.5126202
808012,0.9870095
808013,0.040456273
808014,0.99922144
808015,0.9519341
808016,0.0050788643
808017,0.95730084
808018,0.06743917
808019,0.7507387
808020,0.018561212
808021,0.007741005
808022,0.24407727
808023,0.92466277
808024,0.9996698
808025,0.03996292
808026,0.43223697
808027,0.9689709
808028,0.95911366
808029,0.82170916
808030,0.021024097
808031,0.9136142
808032,0.5889238
808033,0.87605256
808034,0.9966415
808035,0.0056270417
808036,0.08805685
808037,0.9867785
808038,0.030274436
808039,0.97893935
808040,0.98457825
808041,0.98213273
808042,0.99170244
808043,0.047336664
808044,0.9761092
808045,0.022905052
808046,0.95662117
808047,0.006114387
808048,0.005240951
808049,0.7988156
808050,0.9688249
808051,0.97840333
808052,0.03790678
808053,0.68136454
808054,0.9987042
808055,0.89723575
808056,0.27526814
808057,0.11827077
808058,0.022816464
808059,0.041642964
808060,0.9040294
808061,0.028536636
808062,0.11351983
808063,0.9713212
808064,0.104191735
808065,0.99854416
808066,0.021562863
808067,0.8876209
808068,0.39066648
808069,0.9897363
808070,0.9507944
808071,0.99490726
808072,0.06828155
808073,0.13991654
808074,0.11464204
808075,0.011248871
808076,0.0012855702
808077,0.99688023
808078,0.0118469205
808079,0.97337127
808080,0.003228685
808081,0.9022281
808082,0.08305273
808083,0.048353046
808084,0.7283006
808085,0.80256337
808086,0.99430424
808087,0.7164663
808088,0.29198533
808089,0.8821137
808090,0.014766143
808091,0.02607251
808092,0.74236643
808093,0.07209954
808094,0.03064856
808095,0.7129038
808096,0.042352453
808097,0.5977775
808098,0.88472134
808099,0.034693517
808100,0.5416862
808101,0.20699781
808102,0.004991729
808103,0.078986615
808104,0.95689154
808105,0.0049613547
808106,0.9941905
808107,0.6732322
808108,0.8475561
808109,0.0055438606
808110,0.0028361063
808111,0.25838697
808112,0.07011426
808113,0.002646995
808114,0.7324902
808115,0.001757011
808116,0.43687564
808117,0.14657155
808118,0.9039048
808119,0.016581092
808120,0.016281297
808121,0.011654046
808122,0.9276189
808123,0.02509332
808124,0.012710373
808125,0.5868487
808126,0.009077818
808127,0.1393379
808128,0.041070182
808129,0.047970958
808130,0.007117386
808131,0.034115754
808132,0.0034128649
808133,0.021929724
808134,0.9435282
808135,0.034520123
808136,0.03762355
808137,0.17237261
808138,0.11878513
808139,0.9622903
808140,0.054505453
808141,0.9881656
808142,0.94619066
808143,0.4756239
808144,0.998862
808145,0.013273669
808146,0.13273808
808147,0.99736536
808148,0.04442846
808149,0.5717018
808150,0.9563532
808151,0.98442787
808152,0.23814946
808153,0.21487021
808154,0.9685519
808155,0.138343
808156,0.02492924
808157,0.97683626
808158,0.030561192
808159,0.8039787
808160,0.012031719
808161,0.961153
808162,0.12880081
808163,0.64929414
808164,0.020301595
808165,0.9994844
808166,0.9942933
808167,0.021441799
808168,0.99606925
808169,0.45118386
808170,0.09345487
808171,0.9923232
808172,0.74646235
808173,0.9955752
808174,0.044805415
808175,0.022692524
808176,0.1196028
808177,0.9535474
808178,0.838
808179,0.23789228
808180,0.9893602
808181,0.859349
808182,0.031011911
808183,0.07341931
808184,0.006045278
808185,0.948371
808186,0.9570535
808187,0.8559803
808188,0.014808299
808189,0.0022070645
808190,0.0049122283
808191,0.9938965
808192,0.46745154
808193,0.99857163
808194,0.23066767
808195,0.9951093
808196,0.9461059
808197,0.98201895
808198,0.43231183
808199,0.03930968
808200,0.9932774
808201,0.003059506
808202,0.021011747
808203,0.680009
808204,0.8891517
808205,0.15880473
808206,0.9890041
808207,0.032220528
808208,0.045527924
808209,0.07826929
808210,0.08299607
808211,0.7547587
808212,0.011628673
808213,0.08848216
808214,0.0710441
808215,0.8226143
808216,0.9966577
808217,0.16260614
808218,0.035166517
808219,0.70815897
808220,0.009913093
808221,0.99371177
808222,0.006139678
808223,0.09611935
808224,0.20127071
808225,0.9994655
808226,0.012131331
808227,0.11355837
808228,0.0629571
808229,0.9882221
808230,0.009909989
808231,0.09325519
808232,0.9957098
808233,0.75505865
808234,0.8234887
808235,0.38238516
808236,0.9464131
808237,0.02154533
808238,0.037836954
808239,0.0071771387
808240,0.010666013
808241,0.11276699
808242,0.41214776
808243,0.038148787
808244,0.27459407
808245,0.15025844
808246,0.33603927
808247,0.049015686
808248,0.005718692
808249,0.51095665
808250,0.02347894
808251,0.5017507
808252,0.98420143
808253,0.14825396
808254,0.021480257
808255,0.23616537
808256,0.0049120397
808257,0.11785436
808258,0.48686975
808259,0.7446649
808260,0.9812716
808261,0.9596464
808262,0.17509829
808263,0.14517324
808264,0.8143759
808265,0.14881997
808266,0.9119001
808267,0.98647034
808268,0.074551076
808269,0.0869212
808270,0.013491893
808271,0.661044
808272,0.99502724
808273,0.9860895
808274,0.025733208
808275,0.99910855
808276,0.2642679
808277,0.009193732
808278,0.7029151
808279,0.8837434
808280,0.956154
808281,0.9918822
808282,0.5809804
808283,0.99106085
808284,0.016085783
808285,0.18375686
808286,0.94271857
808287,0.97762996
808288,0.2634539
808289,0.97913176
808290,0.19678187
808291,0.15113099
808292,0.99232775
808293,0.06226681
808294,0.95964205
808295,0.024552947
808296,0.0101811625
808297,0.024372851
808298,0.005466339
808299,0.006570491
808300,0.009731548
808301,0.046432473
808302,0.324957
808303,0.9352976
808304,0.08026642
808305,0.99706537
808306,0.46405512
808307,0.0076601165
808308,0.92948234
808309,0.10188619
808310,0.9056554
808311,0.46992168
808312,0.3720417
808313,0.015064646
808314,0.01486336
808315,0.95875037
808316,0.19145444
808317,0.052805204
808318,0.28954577
808319,0.0832607
808320,0.97692436
808321,0.9872963
808322,0.14341989
808323,0.006051235
808324,0.014168961
808325,0.91222996
808326,0.9904611
808327,0.97580445
808328,0.9843178
808329,0.99493307
808330,0.12730816
808331,0.33644637
808332,0.81081927
808333,0.95239836
808334,0.47079566
808335,0.29321525
808336,0.9621816
808337,0.42086273
808338,0.99312586
808339,0.5781365
808340,0.87962514
808341,0.98368585
808342,0.8923157
808343,0.045623906
808344,0.14118253
808345,0.94636154
808346,0.01602479
808347,0.39514747
808348,0.13197489
808349,0.049835097
808350,0.5832881
808351,0.27770865
808352,0.120667435
808353,0.047256995
808354,0.356035
808355,0.011314539
808356,0.84872854
808357,0.010103643
808358,0.0066253915
808359,0.015262837
808360,0.9721352
808361,0.032632187
808362,0.08072049
808363,0.9586994
808364,0.8603953
808365,0.34820375
808366,0.94084895
808367,0.23345208
808368,0.4976864
808369,0.33148408
808370,0.98625475
808371,0.24113026
808372,0.09031135
808373,0.99732804
808374,0.9249497
808375,0.88282865
808376,0.9921712
808377,0.906156
808378,0.004582968
808379,0.02631889
808380,0.6682423
808381,0.99763644
808382,0.98238355
808383,0.95210916
808384,0.9975426
808385,0.905434
808386,0.8088234
808387,0.27661803
808388,0.9859842
808389,0.860266
808390,0.3599636
808391,0.02200709
808392,0.12043685
808393,0.91414785
808394,0.0051296623
808395,0.004000605
808396,0.06582799
808397,0.821998
808398,0.107565604
808399,0.31711578
808400,0.23863095
808401,0.99815595
808402,0.96511436
808403,0.99704957
808404,0.9831069
808405,0.19238931
808406,0.013446581
808407,0.73271036
808408,0.945567
808409,0.88174915
808410,0.036404
808411,0.097627945
808412,0.23362425
808413,0.3242631
808414,0.82809204
808415,0.116837606
808416,0.49669445
808417,0.6355018
808418,0.88830274
808419,0.94754314
808420,0.10078262
808421,0.97358704
808422,0.93299735
808423,0.008384486
808424,0.065158114
808425,0.9795678
808426,0.8227516
808427,0.98532295
808428,0.99286234
808429,0.011554646
808430,0.988581
808431,0.9092289
808432,0.021631394
808433,0.7456512
808434,0.023572437
808435,0.44063473
808436,0.082262725
808437,0.29877487
808438,0.84118676
808439,0.28688532
808440,0.024381913
808441,0.009608111
808442,0.43415022
808443,0.022104718
808444,0.99088854
808445,0.20095898
808446,0.9675078
808447,0.9931686
808448,0.07173158
808449,0.009140238
808450,0.011926015
808451,0.8872533
808452,0.04669078
808453,0.2111761
808454,0.009817386
808455,0.98684186
808456,0.02512747
808457,0.23827137
808458,0.859096
808459,0.9910838
808460,0.8568835
808461,0.9549201
808462,0.9974961
808463,0.021382911
808464,0.95221364
808465,0.0313167
808466,0.12580803
808467,0.2732299
808468,0.99750113
808469,0.096381985
808470,0.08175333
808471,0.42426527
808472,0.3232133
808473,0.9784503
808474,0.9430055
808475,0.20121358
808476,0.37399113
808477,0.003175163
808478,0.984897
808479,0.027256638
808480,0.20165741
808481,0.914801
808482,0.9578336
808483,0.6916974
808484,0.7852968
808485,0.9771735
808486,0.9973338
808487,0.039381392
808488,0.9283892
808489,0.015355712
808490,0.01570024
808491,0.20913574
808492,0.9949374
808493,0.32405412
808494,0.9178386
808495,0.15339088
808496,0.99498624
808497,0.921271
808498,0.97155756
808499,0.178135
808500,0.031581495
808501,0.015300018
808502,0.92380005
808503,0.043722227
808504,0.08648799
808505,0.99951434
808506,0.93802387
808507,0.982525
808508,0.46341085
808509,0.023976251
808510,0.096348576
808511,0.013191808
808512,0.99543625
808513,0.020940593
808514,0.18833913
808515,0.8370515
808516,0.9929868
808517,0.36134863
808518,0.10627859
808519,0.062216774
808520,0.13700452
808521,0.026272934
808522,0.5878176
808523,0.9903457
808524,0.31159958
808525,0.9744544
808526,0.71137494
808527,0.9989949
808528,0.9151497
808529,0.9810515
808530,0.3098682
808531,0.57101685
808532,0.06392679
808533,0.9804702
808534,0.1908732
808535,0.46923006
808536,0.99870133
808537,0.9977692
808538,0.022938315
808539,0.9633746
808540,0.97496384
808541,0.6030476
808542,0.027026532
808543,0.79445684
808544,0.9653641
808545,0.90607667
808546,0.023623284
808547,0.4581912
808548,0.011999181
808549,0.96372795
808550,0.16818506
808551,0.11626611
808552,0.009974379
808553,0.017504498
808554,0.27433527
808555,0.040632095
808556,0.6882784
808557,0.58818275
808558,0.09611909
808559,0.03773427
808560,0.87735355
808561,0.53652596
808562,0.4142147
808563,0.09655989
808564,0.9966308
808565,0.11418831
808566,0.016528979
808567,0.99887973
808568,0.9979414
808569,0.86232895
808570,0.007861497
808571,0.072818786
808572,0.0012693825
808573,0.44972724
808574,0.97269076
808575,0.32586652
808576,0.81260085
808577,0.98026085
808578,0.95678604
808579,0.50046456
808580,0.006891341
808581,0.005849279
808582,0.9205303
808583,0.016032178
808584,0.07195087
808585,0.0121202385
808586,0.018977303
808587,0.020201838
808588,0.76103497
808589,0.060495507
808590,0.11520123
808591,0.004669422
808592,0.98587
808593,0.036762465
808594,0.0077657914
808595,0.9946835
808596,0.0094614625
808597,0.9968916
808598,0.99584717
808599,0.87843084
808600,0.028291956
808601,0.7333572
808602,0.38439918
808603,0.90898204
808604,0.39043266
808605,0.93856776
808606,0.008397342
808607,0.37771556
808608,0.09774616
808609,0.9977819
808610,0.7783588
808611,0.13740867
808612,0.03356039
808613,0.025413364
808614,0.008868357
808615,0.9671929
808616,0.51959574
808617,0.14065167
808618,0.16013086
808619,0.33126003
808620,0.8516051
808621,0.016884362
808622,0.33462498
808623,0.58341455
808624,0.14509052
808625,0.7395127
808626,0.11832635
808627,0.9987817
808628,0.99712735
808629,0.92762965
808630,0.0030294806
808631,0.090338565
808632,0.02134761
808633,0.022287648
808634,0.70206785
808635,0.99559176
808636,0.07046687
808637,0.98211074
808638,0.006367075
808639,0.06781074
808640,0.029708678
808641,0.99898964
808642,0.9925012
808643,0.031108862
808644,0.9864377
808645,0.98696196
808646,0.004837637
808647,0.8026985
808648,0.7385576
808649,0.00522798
808650,0.033881225
808651,0.9609463
808652,0.94915354
808653,0.09600878
808654,0.1516385
808655,0.99542093
808656,0.83084416
808657,0.049212586
808658,0.031011693
808659,0.05535521
808660,0.9942086
808661,0.8704041
808662,0.031175911
808663,0.99769604
808664,0.10524155
808665,0.009207911
808666,0.8095071
808667,0.98455495
808668,0.4037081
808669,0.22290301
808670,0.13316894
808671,0.013392058
808672,0.3462741
808673,0.008785496
808674,0.07659322
808675,0.96819144
808676,0.9268638
808677,0.9473245
808678,0.24891615
808679,0.85107505
808680,0.9373058
808681,0.030169304
808682,0.84761715
808683,0.80025756
808684,0.08526933
808685,0.01598259
808686,0.99447525
808687,0.88750833
808688,0.03612246
808689,0.5342957
808690,0.5419962
808691,0.026478516
808692,0.0011912469
808693,0.9593639
808694,0.96123385
808695,0.18078122
808696,0.022975713
808697,0.9910772
808698,0.8287469
808699,0.9793621
808700,0.025681129
808701,0.9928181
808702,0.9446807
808703,0.5150232
808704,0.11135454
808705,0.022365853
808706,0.9474207
808707,0.53656703
808708,0.9823629
808709,0.967523
808710,0.32722503
808711,0.990198
808712,0.9700691
808713,0.52344996
808714,0.5218424
808715,0.9907132
808716,0.011121535
808717,0.012406401
808718,0.010751051
808719,0.9100212
808720,0.91018826
808721,0.9512976
808722,0.9958335
808723,0.99229026
808724,0.45900643
808725,0.22078818
808726,0.9978894
808727,0.55884343
808728,0.75554895
808729,0.9263939
808730,0.9934901
808731,0.7686368
808732,0.87061226
808733,0.04100571
808734,0.34414718
808735,0.016947418
808736,0.9592544
808737,0.9203156
808738,0.8893364
808739,0.99706006
808740,0.014095634
808741,0.8283436
808742,0.042073257
808743,0.85845655
808744,0.9841924
808745,0.67238736
808746,0.99801683
808747,0.10968436
808748,0.27131316
808749,0.978242
808750,0.45000547
808751,0.053111557
808752,0.9348452
808753,0.044464275
808754,0.010460866
808755,0.8912678
808756,0.98022014
808757,0.40184486
808758,0.042066433
808759,0.5398406
808760,0.9521136
808761,0.9942063
808762,0.5046804
808763,0.44628936
808764,0.041719675
808765,0.8794334
808766,0.4268891
808767,0.0072856555
808768,0.12844607
808769,0.9763849
808770,0.018591069
808771,0.15391201
808772,0.014133016
808773,0.9814341
808774,0.88658553
808775,0.69851714
808776,0.01616113
808777,0.5001627
808778,0.9264231
808779,0.0067187063
808780,0.60480225
808781,0.6941167
808782,0.052145947
808783,0.027947595
808784,0.61404884
808785,0.0044870446
808786,0.7798926
808787,0.9312142
808788,0.883357
808789,0.9990252
808790,0.074259564
808791,0.11780984
808792,0.055895086
808793,0.32960984
808794,0.9844562
808795,0.0081437435
808796,0.9227204
808797,0.020456497
808798,0.012990791
808799,0.27010146
808800,0.52439266
808801,0.9192194
808802,0.9590571
808803,0.73674953
808804,0.95328903
808805,0.0101196915
808806,0.97153604
808807,0.010024498
808808,0.012915572
808809,0.99452496
808810,0.027258009
808811,0.10273099
808812,0.21902756
808813,0.9354629
808814,0.7350429
808815,0.059275202
808816,0.056087844
808817,0.9811615
808818,0.0050703064
808819,0.98916864
808820,0.1971276
808821,0.07338146
808822,0.9882642
808823,0.9145586
808824,0.020719327
808825,0.9869571
808826,0.006446555
808827,0.2308025
808828,0.17219774
808829,0.33312693
808830,0.10665129
808831,0.6010587
808832,0.98931396
808833,0.87233657
808834,0.94589406
808835,0.55959296
808836,0.9777689
808837,0.007660956
808838,0.81316054
808839,0.5091306
808840,0.22788258
808841,0.28372744
808842,0.01161151
808843,0.20549232
808844,0.0071787685
808845,0.9523709
808846,0.011222847
808847,0.005743027
808848,0.69854593
808849,0.018012207
808850,0.72554255
808851,0.87394667
808852,0.039694138
808853,0.05951903
808854,0.77573884
808855,0.012845525
808856,0.027080718
808857,0.1985288
808858,0.98540235
808859,0.99557
808860,0.7020227
808861,0.019901473
808862,0.08181059
808863,0.12585118
808864,0.031688984
808865,0.92702824
808866,0.90043193
808867,0.2958117
808868,0.8947637
808869,0.22923653
808870,0.023495004
808871,0.07744939
808872,0.014348319
808873,0.06022209
808874,0.13238123
808875,0.027333096
808876,0.031777445
808877,0.9940902
808878,0.0053024665
808879,0.98744035
808880,0.9734205
808881,0.9789332
808882,0.28692877
808883,0.9952277
808884,0.51985353
808885,0.9920985
808886,0.022170544
808887,0.12786333
808888,0.052230675
808889,0.9988707
808890,0.04515881
808891,0.9085688
808892,0.91350543
808893,0.0088201035
808894,0.9729147
808895,0.009314187
808896,0.98790634
808897,0.014284665
808898,0.06909143
808899,0.03381197
808900,0.8109126
808901,0.095985495
808902,0.0072207777
808903,0.1509929
808904,0.9470546
808905,0.9924862
808906,0.09162533
808907,0.0011856251
808908,0.9136147
808909,0.8302517
808910,0.9205706
808911,0.9873705
808912,0.94322807
808913,0.013649092
808914,0.09641081
808915,0.98772335
808916,0.027297791
808917,0.05739343
808918,0.04465189
808919,0.004895921
808920,0.9075539
808921,0.99968797
808922,0.7334894
808923,0.02713604
808924,0.14317295
808925,0.07469826
808926,0.012638879
808927,0.009641815
808928,0.9239951
808929,0.78753513
808930,0.99258196
808931,0.9920428
808932,0.9853393
808933,0.06372912
808934,0.014845542
808935,0.9911729
808936,0.8248824
808937,0.009883824
808938,0.011874931
808939,0.25087148
808940,0.9878398
808941,0.010732834
808942,0.949329
808943,0.09221761
808944,0.55203795
808945,0.07501616
808946,0.8786704
808947,0.2605235
808948,0.01946214
808949,0.004076712
808950,0.06340246
808951,0.44396138
808952,0.012146899
808953,0.9916667
808954,0.87849766
808955,0.012915358
808956,0.99578214
808957,0.89655423
808958,0.8868167
808959,0.9112202
808960,0.049563766
808961,0.80969745
808962,0.98425615
808963,0.96580964
808964,0.9777629
808965,0.99913985
808966,0.022491448
808967,0.0077961017
808968,0.014305351
808969,0.9664748
808970,0.8354373
808971,0.65534544
808972,0.63694483
808973,0.9299985
808974,0.99858737
808975,0.3531277
808976,0.05242767
808977,0.0031666209
808978,0.9628841
808979,0.007895871
808980,0.7756494
808981,0.9820921
808982,0.5223189
808983,0.01315092
808984,0.03493507
808985,0.011187638
808986,0.026369661
808987,0.96816707
808988,0.042549655
808989,0.9902986
808990,0.12968397
808991,0.38306135
808992,0.004418088
808993,0.99706674
808994,0.9513908
808995,0.9896414
808996,0.41847616
808997,0.00741244
808998,0.008270236
808999,0.9015069
809000,0.9472797
809001,0.8155029
809002,0.8937443
809003,0.0075857528
809004,0.90979004
809005,0.71881276
809006,0.84398395
809007,0.9981818
809008,0.6347968
809009,0.7409625
809010,0.9884104
809011,0.97690487
809012,0.064321406
809013,0.9428426
809014,0.5596322
809015,0.028563041
809016,0.004393955
809017,0.12862971
809018,0.22958955
809019,0.008977884
809020,0.010395702
809021,0.97844094
809022,0.015004337
809023,0.16397105
809024,0.14609443
809025,0.04821513
809026,0.07239124
809027,0.024647238
809028,0.50282824
809029,0.69018245
809030,0.85902786
809031,0.86345947
809032,0.9995311
809033,0.5776808
809034,0.1460019
809035,0.9739885
809036,0.2848142
809037,0.035769835
809038,0.99637675
809039,0.014712091
809040,0.949762
809041,0.9466715
809042,0.9050789
809043,0.00708482
809044,0.031491213
809045,0.3918696
809046,0.018694751
809047,0.0414418
809048,0.8739077
809049,0.98463875
809050,0.9877267
809051,0.64624196
809052,0.9007912
809053,0.9896683
809054,0.9290459
809055,0.0076581873
809056,0.97913975
809057,0.79259825
809058,0.66929615
809059,0.012393151
809060,0.012823574
809061,0.48804694
809062,0.9763659
809063,0.0010769935
809064,0.9556203
809065,0.9859752
809066,0.06889832
809067,0.00478631
809068,0.98949575
809069,0.8663203
809070,0.07152514
809071,0.12935065
809072,0.020825502
809073,0.024139516
809074,0.5511652
809075,0.027672363
809076,0.9034891
809077,0.99344146
809078,0.99618566
809079,0.006398698
809080,0.12634061
809081,0.9606407
809082,0.004736636
809083,0.22992495
809084,0.5491077
809085,0.8520344
809086,0.01040569
809087,0.0012167989
809088,0.24225555
809089,0.98530257
809090,0.038313013
809091,0.98970354
809092,0.30736718
809093,0.01693923
809094,0.02860196
809095,0.0028025364
809096,0.06746029
809097,0.014718122
809098,0.0061715357
809099,0.4129808
809100,0.7775924
809101,0.4502218
809102,0.9823399
809103,0.11181301
809104,0.15055777
809105,0.94181186
809106,0.008413356
809107,0.00096984336
809108,0.35397142
809109,0.999272
809110,0.82672876
809111,0.041665446
809112,0.0229831
809113,0.10452646
809114,0.050764848
809115,0.9380119
809116,0.9045074
809117,0.0155779775
809118,0.6653577
809119,0.9974231
809120,0.077652425
809121,0.9923543
809122,0.9631211
809123,0.0102542
809124,0.88405055
809125,0.030023905
809126,0.0015993856
809127,0.12943107
809128,0.072832495
809129,0.9991464
809130,0.91099703
809131,0.9858933
809132,0.5248659
809133,0.43235186
809134,0.014296052
809135,0.78574884
809136,0.007589449
809137,0.754328
809138,0.9410129
809139,0.80441713
809140,0.0023632303
809141,0.14201662
809142,0.021690335
809143,0.09161501
809144,0.06544165
809145,0.975936
809146,0.04792214
809147,0.986716
809148,0.01698089
809149,0.5300791
809150,0.9095524
809151,0.007427887
809152,0.16374625
809153,0.9959224
809154,0.30891716
809155,0.9676265
809156,0.027929187
809157,0.2956345
809158,0.9894964
809159,0.45998347
809160,0.032746434
809161,0.108223446
809162,0.80612916
809163,0.02208192
809164,0.0024058498
809165,0.03571735
809166,0.9978462
809167,0.98106486
809168,0.965047
809169,0.5406184
809170,0.062401734
809171,0.04404897
809172,0.013162078
809173,0.98785156
809174,0.010434182
809175,0.31766942
809176,0.8836262
809177,0.027671319
809178,0.006632981
809179,0.045973197
809180,0.08733872
809181,0.5596108
809182,0.03802406
809183,0.49322903
809184,0.90377355
809185,0.9995298
809186,0.03998806
809187,0.9328685
809188,0.34996495
809189,0.04454354
809190,0.009083779
809191,0.026726745
809192,0.012481642
809193,0.0040625934
809194,0.31345582
809195,0.824278
809196,0.9808171
809197,0.17449462
809198,0.9738111
809199,0.61187613
809200,0.9889052
809201,0.9906561
809202,0.012164212
809203,0.037376866
809204,0.41026333
809205,0.011920828
809206,0.24146472
809207,0.053892523
809208,0.36739194
809209,0.029045798
809210,0.037578292
809211,0.22274745
809212,0.5381302
809213,0.027393734
809214,0.9856209
809215,0.9728654
809216,0.9488801
809217,0.061126396
809218,0.13260965
809219,0.38723785
809220,0.01862525
809221,0.07048051
809222,0.6681335
809223,0.81332093
809224,0.0045416364
809225,0.15735614
809226,0.04557044
809227,0.991464
809228,0.9432692
809229,0.47943628
809230,0.0073289587
809231,0.1696201
809232,0.7529643
809233,0.87404215
809234,0.055682663
809235,0.31426573
809236,0.70623446
809237,0.96845
809238,0.018176805
809239,0.6278687
809240,0.3250681
809241,0.36492932
809242,0.6538995
809243,0.16506737
809244,0.9963747
809245,0.9765678
809246,0.007553599
809247,0.9923525
809248,0.03339117
809249,0.07924617
809250,0.9793707
809251,0.90180135
809252,0.029221535
809253,0.8737351
809254,0.0046183476
809255,0.74170274
809256,0.9544807
809257,0.020482682
809258,0.9862715
809259,0.9403359
809260,0.7876994
809261,0.064184554
809262,0.8631884
809263,0.7623883
809264,0.10245704
809265,0.07574421
809266,0.24943185
809267,0.0871521
809268,0.7808536
809269,0.020386647
809270,0.19125435
809271,0.9842397
809272,0.25504
809273,0.48993528
809274,0.99157476
809275,0.38872102
809276,0.008573633
809277,0.9940614
809278,0.0071626627
809279,0.0011164172
809280,0.06279191
809281,0.13870803
809282,0.9943967
809283,0.03796853
809284,0.01679272
809285,0.0056652073
809286,0.9454012
809287,0.035224773
809288,0.02152805
809289,0.84001005
809290,0.19457412
809291,0.03112334
809292,0.98432004
809293,0.7885723
809294,0.2268674
809295,0.9995088
809296,0.009967346
809297,0.6563575
809298,0.0047161053
809299,0.15040547
809300,0.22120903
809301,0.26203373
809302,0.08798386
809303,0.9926684
809304,0.96505105
809305,0.0525304
809306,0.98517877
809307,0.23275527
809308,0.4139939
809309,0.31992346
809310,0.079123616
809311,0.04109674
809312,0.95936227
809313,0.34202403
809314,0.47018874
809315,0.96256715
809316,0.054992396
809317,0.0681425
809318,0.016823027
809319,0.9955832
809320,0.6933421
809321,0.08532209
809322,0.12332398
809323,0.87428623
809324,0.10449174
809325,0.14512148
809326,0.004244558
809327,0.05206696
809328,0.20345275
809329,0.9954548
809330,0.01608248
809331,0.99314195
809332,0.018650228
809333,0.03195515
809334,0.11374639
809335,0.002949539
809336,0.039101973
809337,0.008707535
809338,0.48592603
809339,0.22346914
809340,0.4812889
809341,0.08650878
809342,0.039204434
809343,0.98558104
809344,0.008897185
809345,0.9223159
809346,0.85409194
809347,0.096849896
809348,0.9540386
809349,0.27998632
809350,0.7233806
809351,0.1182397
809352,0.9362727
809353,0.022660166
809354,0.9493155
809355,0.95185024
809356,0.06129653
809357,0.6875459
809358,0.014166459
809359,0.58421844
809360,0.8667
809361,0.040435757
809362,0.8237535
809363,0.016735185
809364,0.07563373
809365,0.20617372
809366,0.9811951
809367,0.21834286
809368,0.18017459
809369,0.016947534
809370,0.011986336
809371,0.012240599
809372,0.05490082
809373,0.9765257
809374,0.21325523
809375,0.01294313
809376,0.004680772
809377,0.27150318
809378,0.93807817
809379,0.8449973
809380,0.012870162
809381,0.010078819
809382,0.0054182303
809383,0.0037609686
809384,0.9414544
809385,0.8630536
809386,0.97881323
809387,0.06805882
809388,0.3872754
809389,0.86156756
809390,0.18205974
809391,0.25618148
809392,0.98367625
809393,0.21616901
809394,0.08085792
809395,0.9981426
809396,0.23324458
809397,0.93284404
809398,0.95431423
809399,0.0069309273
809400,0.048296522
809401,0.11912213
809402,0.0860013
809403,0.10257365
809404,0.16055593
809405,0.026814688
809406,0.39582494
809407,0.2657865
809408,0.013151918
809409,0.97852474
809410,0.14642617
809411,0.53672963
809412,0.058474883
809413,0.0059216213
809414,0.036784694
809415,0.02866597
809416,0.9141738
809417,0.01952346
809418,0.45488554
809419,0.13726047
809420,0.988558
809421,0.13349804
809422,0.008897724
809423,0.63562
809424,0.9972039
809425,0.3689384
809426,0.21917152
809427,0.039347958
809428,0.08575048
809429,0.180344
809430,0.98895556
809431,0.99007857
809432,0.08035353
809433,0.99884975
809434,0.0033805284
809435,0.2699191
809436,0.043178424
809437,0.97360176
809438,0.42111436
809439,0.66626036
809440,0.022760034
809441,0.031975955
809442,0.029936
809443,0.97580004
809444,0.9856478
809445,0.029449627
809446,0.3941699
809447,0.9875834
809448,0.02124324
809449,0.01835044
809450,0.093125954
809451,0.01585869
809452,0.024627887
809453,0.9971744
809454,0.004931923
809455,0.7239222
809456,0.9948295
809457,0.45409968
809458,0.0026433822
809459,0.17373845
809460,0.91631395
809461,0.990288
809462,0.025187854
809463,0.03991759
809464,0.9696152
809465,0.99061155
809466,0.9800708
809467,0.33575696
809468,0.89946216
809469,0.03285251
809470,0.038424347
809471,0.5655675
809472,0.9864479
809473,0.072017305
809474,0.007466017
809475,0.015579522
809476,0.99045736
809477,0.021075843
809478,0.0073947245
809479,0.6981133
809480,0.11750688
809481,0.022808358
809482,0.44928217
809483,0.04101655
809484,0.013378136
809485,0.39344218
809486,0.1769205
809487,0.9744668
809488,0.0039096144
809489,0.16844818
809490,0.0019049856
809491,0.044955622
809492,0.032526616
809493,0.8910158
809494,0.051440626
809495,0.23154618
809496,0.08617683
809497,0.0033831005
809498,0.9963526
809499,0.019678684
809500,0.03430695
809501,0.021495555
809502,0.04100222
809503,0.009717318
809504,0.099020325
809505,0.12318125
809506,0.91859114
809507,0.9568663
809508,0.98225975
809509,0.99361444
809510,0.16476688
809511,0.0030259734
809512,0.47373107
809513,0.67965245
809514,0.009766855
809515,0.52958196
809516,0.07048206
809517,0.26538414
809518,0.028402502
809519,0.11992255
809520,0.84250706
809521,0.98773044
809522,0.9498026
809523,0.56289893
809524,0.08839798
809525,0.07174677
809526,0.23159431
809527,0.99320275
809528,0.01976506
809529,0.09070048
809530,0.016082391
809531,0.05105119
809532,0.07444079
809533,0.45992228
809534,0.022084104
809535,0.49327493
809536,0.18587194
809537,0.9660153
809538,0.8609945
809539,0.92840624
809540,0.048516363
809541,0.9910162
809542,0.9170964
809543,0.019545097
809544,0.86548615
809545,0.0058271047
809546,0.5097823
809547,0.35980892
809548,0.54918474
809549,0.99436605
809550,0.0057229074
809551,0.023295205
809552,0.38790473
809553,0.99443185
809554,0.14352056
809555,0.08068487
809556,0.94165134
809557,0.0115394145
809558,0.9816559
809559,0.900729
809560,0.008882134
809561,0.00830951
809562,0.98788756
809563,0.40118816
809564,0.28776574
809565,0.94386375
809566,0.5309193
809567,0.97931194
809568,0.0025077949
809569,0.9925214
809570,0.99079204
809571,0.8642103
809572,0.013626216
809573,0.09323526
809574,0.089693755
809575,0.04609984
809576,0.67952615
809577,0.5822563
809578,0.060946375
809579,0.98513937
809580,0.037133902
809581,0.99140763
809582,0.009483282
809583,0.17423889
809584,0.36268973
809585,0.9405023
809586,0.095087215
809587,0.9964219
809588,0.6891653
809589,0.16003463
809590,0.9487679
809591,0.038294557
809592,0.034080148
809593,0.79675573
809594,0.98815244
809595,0.08565695
809596,0.9333724
809597,0.28859162
809598,0.6295061
809599,0.7289438
809600,0.9846295
809601,0.22422622
809602,0.9416987
809603,0.9893782
809604,0.996704
809605,0.044496473
809606,0.10728671
809607,0.9721518
809608,0.0697134
809609,0.62209034
809610,0.58668417
809611,0.6999285
809612,0.057017725
809613,0.035171725
809614,0.0335448
809615,0.9950387
809616,0.48664185
809617,0.9800425
809618,0.47877824
809619,0.03516999
809620,0.8834759
809621,0.9965867
809622,0.041409083
809623,0.14529076
809624,0.020093737
809625,0.9166157
809626,0.87333906
809627,0.020199005
809628,0.021153618
809629,0.098466516
809630,0.795271
809631,0.019585084
809632,0.9936257
809633,0.9057706
809634,0.08659535
809635,0.8810752
809636,0.002453745
809637,0.011474898
809638,0.5886408
809639,0.99398804
809640,0.10832518
809641,0.95657414
809642,0.08351608
809643,0.5638505
809644,0.9879926
809645,0.10890971
809646,0.2571337
809647,0.9937865
809648,0.80489683
809649,0.5810422
809650,0.8540493
809651,0.98172784
809652,0.9755134
809653,0.97254825
809654,0.44404
809655,0.65961
809656,0.98109144
809657,0.99250257
809658,0.07397497
809659,0.0014384747
809660,0.116134435
809661,0.7555471
809662,0.33068913
809663,0.9943186
809664,0.72039115
809665,0.5477522
809666,0.06054933
809667,0.82299876
809668,0.9196483
809669,0.0042672264
809670,0.9968678
809671,0.9969118
809672,0.0073241103
809673,0.9668989
809674,0.2826035
809675,0.029385734
809676,0.4548611
809677,0.9302925
809678,0.0034432109
809679,0.99562365
809680,0.059496697
809681,0.005658779
809682,0.39711842
809683,0.985175
809684,0.08870047
809685,0.9777061
809686,0.9290596
809687,0.9961376
809688,0.14007491
809689,0.53987324
809690,0.978171
809691,0.0131467115
809692,0.010714168
809693,0.99573344
809694,0.19191128
809695,0.9242773
809696,0.97179127
809697,0.060049247
809698,0.9770491
809699,0.08771528
809700,0.0055692093
809701,0.022628898
809702,0.31488055
809703,0.0058623394
809704,0.0040172576
809705,0.026815558
809706,0.9937477
809707,0.8223538
809708,0.009264138
809709,0.9756687
809710,0.9593042
809711,0.015615534
809712,0.37971497
809713,0.93449545
809714,0.9839233
809715,0.89601064
809716,0.48879337
809717,0.9772595
809718,0.25038138
809719,0.0076355473
809720,0.9559884
809721,0.023122061
809722,0.054769807
809723,0.1741275
809724,0.00631457
809725,0.994738
809726,0.619442
809727,0.98553836
809728,0.0107044075
809729,0.07252809
809730,0.06487799
809731,0.91509366
809732,0.5511786
809733,0.9028754
809734,0.038506985
809735,0.94378126
809736,0.2875532
809737,0.89240265
809738,0.029584343
809739,0.88035
809740,0.91674757
809741,0.9792118
809742,0.017593274
809743,0.68489385
809744,0.45871437
809745,0.018068597
809746,0.23369937
809747,0.0276259
809748,0.17399687
809749,0.9913198
809750,0.09095593
809751,0.949983
809752,0.012982151
809753,0.9366553
809754,0.029203016
809755,0.9938347
809756,0.17919056
809757,0.0046202447
809758,0.9870085
809759,0.070834085
809760,0.19233215
809761,0.011217359
809762,0.22686352
809763,0.9988655
809764,0.08839775
809765,0.71734923
809766,0.24053764
809767,0.011580285
809768,0.02774526
809769,0.007392054
809770,0.41502088
809771,0.016780384
809772,0.21740042
809773,0.08138486
809774,0.0031535735
809775,0.034682862
809776,0.96664315
809777,0.99452
809778,0.8958432
809779,0.008801586
809780,0.06468877
809781,0.9773329
809782,0.012755174
809783,0.85429674
809784,0.10797706
809785,0.016237374
809786,0.012706796
809787,0.02077926
809788,0.54437923
809789,0.010522118
809790,0.21443342
809791,0.11582341
809792,0.1619102
809793,0.53918505
809794,0.996794
809795,0.5796645
809796,0.516778
809797,0.018270228
809798,0.93433344
809799,0.020456012
809800,0.62596023
809801,0.9001201
809802,0.027299328
809803,0.1385663
809804,0.10832015
809805,0.8239006
809806,0.41731948
809807,0.43520117
809808,0.8293445
809809,0.014085809
809810,0.56455517
809811,0.99663705
809812,0.39860773
809813,0.27303517
809814,0.00657533
809815,0.9824372
809816,0.6796787
809817,0.019662462
809818,0.1716802
809819,0.046943553
809820,0.07723193
809821,0.9742304
809822,0.57225984
809823,0.2759071
809824,0.91337013
809825,0.023659982
809826,0.9832793
809827,0.781764
809828,0.8321091
809829,0.07784459
809830,0.0365593
809831,0.10900145
809832,0.1934666
809833,0.14707115
809834,0.9722514
809835,0.024642183
809836,0.01141512
809837,0.86724234
809838,0.96283436
809839,0.021860085
809840,0.83975714
809841,0.023868779
809842,0.98932683
809843,0.14429241
809844,0.08392964
809845,0.87439644
809846,0.8629748
809847,0.96395606
809848,0.032224216
809849,0.7148834
809850,0.67214024
809851,0.008431135
809852,0.0669921
809853,0.7720806
809854,0.065126985
809855,0.98346114
809856,0.6033356
809857,0.02602607
809858,0.0070555136
809859,0.1747124
809860,0.49818838
809861,0.9483463
809862,0.98944336
809863,0.00672875
809864,0.029889777
809865,0.34266946
809866,0.043951683
809867,0.010281658
809868,0.09431062
809869,0.81422853
809870,0.011502795
809871,0.7222848
809872,0.030538246
809873,0.0043782336
809874,0.60676616
809875,0.0037104038
809876,0.914384
809877,0.72480655
809878,0.8664964
809879,0.68115157
809880,0.0053923726
809881,0.0048713526
809882,0.13196944
809883,0.015714351
809884,0.02896054
809885,0.12801522
809886,0.018897388
809887,0.0053395536
809888,0.027070947
809889,0.09761362
809890,0.181656
809891,0.95879865
809892,0.005363206
809893,0.23316605
809894,0.007014278
809895,0.6163182
809896,0.95165193
809897,0.07703884
809898,0.32459456
809899,0.8127344
809900,0.693028
809901,0.445302
809902,0.51979893
809903,0.0020899647
809904,0.08482084
809905,0.98751575
809906,0.9991929
809907,0.9962519
809908,0.04519486
809909,0.02260974
809910,0.031444352
809911,0.99887097
809912,0.9588046
809913,0.982314
809914,0.96216977
809915,0.97181416
809916,0.03592353
809917,0.56830555
809918,0.66284525
809919,0.06546399
809920,0.9968703
809921,0.15638638
809922,0.009520667
809923,0.97550035
809924,0.07857893
809925,0.036168754
809926,0.91248584
809927,0.8673693
809928,0.82891357
809929,0.0767335
809930,0.014842407
809931,0.4218295
809932,0.92701244
809933,0.65998703
809934,0.040224858
809935,0.10587828
809936,0.20390685
809937,0.29593495
809938,0.013634552
809939,0.87215036
809940,0.6723759
809941,0.99143106
809942,0.03597878
809943,0.48361444
809944,0.9175522
809945,0.31496638
809946,0.030450657
809947,0.9809259
809948,0.09221384
809949,0.93770385
809950,0.9925842
809951,0.99742883
809952,0.44565958
809953,0.9430797
809954,0.9712785
809955,0.004600707
809956,0.96984607
809957,0.998966
809958,0.18480341
809959,0.96824884
809960,0.041819617
809961,0.9986648
809962,0.07983361
809963,0.88999367
809964,0.008502968
809965,0.019576713
809966,0.9666432
809967,0.24694374
809968,0.99601644
809969,0.0065553924
809970,0.0050751604
809971,0.2462465
809972,0.8787407
809973,0.634999
809974,0.2794361
809975,0.92675525
809976,0.0008084819
809977,0.012951624
809978,0.6509389
809979,0.9550308
809980,0.9957856
809981,0.039261192
809982,0.008336458
809983,0.045405194
809984,0.98966694
809985,0.9942928
809986,0.9601512
809987,0.75235444
809988,0.99166924
809989,0.0068471897
809990,0.96265215
809991,0.96369576
809992,0.04634305
809993,0.023266243
809994,0.016697116
809995,0.84552175
809996,0.70715606
809997,0.98297954
809998,0.011004546
809999,0.745706
810000,0.9913004
810001,0.15298304
810002,0.09249311
810003,0.4191195
810004,0.061571736
810005,0.014037234
810006,0.004465844
810007,0.53016675
810008,0.98447084
810009,0.9932463
810010,0.4592272
810011,0.936309
810012,0.5606359
810013,0.465473
810014,0.047270566
810015,0.004903122
810016,0.105115116
810017,0.012092652
810018,0.0811268
810019,0.02818588
810020,0.14726757
810021,0.38607717
810022,0.030964302
810023,0.8901556
810024,0.9935702
810025,0.8799485
810026,0.98001945
810027,0.734904
810028,0.62485486
810029,0.961931
810030,0.018246789
810031,0.13330005
810032,0.9970765
810033,0.6545658
810034,0.24135901
810035,0.9636416
810036,0.92892647
810037,0.057893284
810038,0.9926507
810039,0.98499286
810040,0.94921184
810041,0.98801804
810042,0.9957797
810043,0.94867396
810044,0.051445086
810045,0.026903858
810046,0.20774277
810047,0.024401605
810048,0.007959753
810049,0.01574482
810050,0.99284106
810051,0.073592916
810052,0.6200751
810053,0.0593533
810054,0.009092876
810055,0.64528906
810056,0.15212953
810057,0.55470705
810058,0.98122925
810059,0.04986763
810060,0.9357983
810061,0.13099112
810062,0.95988375
810063,0.9979336
810064,0.34450945
810065,0.5945855
810066,0.99757147
810067,0.43566063
810068,0.004700347
810069,0.036461446
810070,0.3499465
810071,0.053106096
810072,0.3425159
810073,0.018567203
810074,0.997519
810075,0.06749129
810076,0.084476575
810077,0.11707822
810078,0.11555138
810079,0.06788862
810080,0.20238897
810081,0.9240904
810082,0.9909826
810083,0.09880277
810084,0.0092697125
810085,0.00870011
810086,0.00282307
810087,0.98344487
810088,0.66716254
810089,0.0027499765
810090,0.9460765
810091,0.05492148
810092,0.10312802
810093,0.010526823
810094,0.9913906
810095,0.23586997
810096,0.5975188
810097,0.91037965
810098,0.9524033
810099,0.018429495
810100,0.524559
810101,0.0077363253
810102,0.069781676
810103,0.015117576
810104,0.06614661
810105,0.9902029
810106,0.010382113
810107,0.025876213
810108,0.950853
810109,0.010475164
810110,0.057976704
810111,0.03411966
810112,0.8016018
810113,0.4530458
810114,0.014048321
810115,0.0733689
810116,0.989354
810117,0.7449477
810118,0.36569667
810119,0.01882099
810120,0.0035099322
810121,0.97900164
810122,0.14221796
810123,0.99304026
810124,0.95179576
810125,0.30695444
810126,0.0031560322
810127,0.10375589
810128,0.33845347
810129,0.11728492
810130,0.82286274
810131,0.925039
810132,0.0046973513
810133,0.24874456
810134,0.122244656
810135,0.99226224
810136,0.9901135
810137,0.07360741
810138,0.019847697
810139,0.9640263
810140,0.1353687
810141,0.93000686
810142,0.011640787
810143,0.1601117
810144,0.0051637664
810145,0.07984392
810146,0.8670525
810147,0.011336435
810148,0.03232806
810149,0.73768103
810150,0.6558841
810151,0.95650685
810152,0.4833721
810153,0.15566131
810154,0.014160095
810155,0.45807937
810156,0.69598275
810157,0.019023873
810158,0.6458055
810159,0.08804221
810160,0.99021846
810161,0.9938408
810162,0.0433387
810163,0.8863823
810164,0.0063514956
810165,0.0118615795
810166,0.95930094
810167,0.7752599
810168,0.025244176
810169,0.013234772
810170,0.041657154
810171,0.077911556
810172,0.56454265
810173,0.009663371
810174,0.013567779
810175,0.0069268467
810176,0.0074870554
810177,0.9933297
810178,0.87982756
810179,0.018881846
810180,0.04663252
810181,0.0067450935
810182,0.99159807
810183,0.026816497
810184,0.92798483
810185,0.059355535
810186,0.9216018
810187,0.17970648
810188,0.00049380714
810189,0.0740541
810190,0.9915582
810191,0.050875943
810192,0.025439732
810193,0.993204
810194,0.0067541595
810195,0.93668884
810196,0.08758976
810197,0.08284956
810198,0.9990563
810199,0.011965117
810200,0.9855712
810201,0.4844152
810202,0.8778378
810203,0.98732686
810204,0.058296222
810205,0.98265517
810206,0.018243136
810207,0.026953012
810208,0.30957353
810209,0.33142996
810210,0.0053428
810211,0.9775038
810212,0.011605951
810213,0.9541341
810214,0.82358134
810215,0.042660337
810216,0.97926813
810217,0.122035354
810218,0.35951787
810219,0.9836319
810220,0.4253552
810221,0.51940435
810222,0.99706703
810223,0.26492232
810224,0.9938065
810225,0.40942377
810226,0.07241282
810227,0.9959264
810228,0.08074726
810229,0.96785676
810230,0.044164643
810231,0.9818809
810232,0.52492535
810233,0.9292808
810234,0.14497048
810235,0.025432551
810236,0.97321093
810237,0.029230691
810238,0.6615374
810239,0.0026578868
810240,0.010717308
810241,0.82774127
810242,0.52920735
810243,0.7169094
810244,0.5110619
810245,0.018744236
810246,0.9822794
810247,0.530948
810248,0.020747894
810249,0.22509634
810250,0.722296
810251,0.88094914
810252,0.015088637
810253,0.99199057
810254,0.02219574
810255,0.10890048
810256,0.9608003
810257,0.008433081
810258,0.055901766
810259,0.9030969
810260,0.28748077
810261,0.99430466
810262,0.10544789
810263,0.93451273
810264,0.7676939
810265,0.9843104
810266,0.044480167
810267,0.6735786
810268,0.0075597437
810269,0.91460586
810270,0.029263642
810271,0.80480635
810272,0.31720096
810273,0.1556173
810274,0.018528046
810275,0.030052906
810276,0.99356866
810277,0.9905051
810278,0.017190754
810279,0.008583542
810280,0.280092
810281,0.9715471
810282,0.03704713
810283,0.8861731
810284,0.9957138
810285,0.9972659
810286,0.028744567
810287,0.9942241
810288,0.97534454
810289,0.020920295
810290,0.49827406
810291,0.012696071
810292,0.99736345
810293,0.43304992
810294,0.0023245995
810295,0.9781864
810296,0.9665675
810297,0.12564991
810298,0.00088472076
810299,0.032329895
810300,0.16966793
810301,0.018259726
810302,0.1294964
810303,0.026236933
810304,0.0052491347
810305,0.01858625
810306,0.20803893
810307,0.99266464
810308,0.045517456
810309,0.004749612
810310,0.028382074
810311,0.018648468
810312,0.39097318
810313,0.12098417
810314,0.992721
810315,0.8338068
810316,0.93655944
810317,0.020894028
810318,0.9960902
810319,0.0020638898
810320,0.010582046
810321,0.9837562
810322,0.050085388
810323,0.21213199
810324,0.018415235
810325,0.13164482
810326,0.023806525
810327,0.006974479
810328,0.0019273491
810329,0.22644849
810330,0.0064665796
810331,0.96185595
810332,0.9807145
810333,0.8847624
810334,0.9976251
810335,0.9903588
810336,0.9672645
810337,0.8351672
810338,0.035538834
810339,0.07225828
810340,0.3417425
810341,0.9231573
810342,0.97706676
810343,0.010963798
810344,0.9391025
810345,0.009404909
810346,0.08931916
810347,0.9324884
810348,0.86961377
810349,0.9668375
810350,0.7785359
810351,0.11897035
810352,0.9078866
810353,0.995345
810354,0.047094617
810355,0.014669243
810356,0.10924704
810357,0.8107078
810358,0.064115405
810359,0.100100495
810360,0.012458699
810361,0.02016282
810362,0.9948565
810363,0.006665514
810364,0.028377295
810365,0.99743056
810366,0.9903157
810367,0.909375
810368,0.101196334
810369,0.07046413
810370,0.08744727
810371,0.043027427
810372,0.87782043
810373,0.68346494
810374,0.6205779
810375,0.9882114
810376,0.97305256
810377,0.04219542
810378,0.14161615
810379,0.34258726
810380,0.16326408
810381,0.016803253
810382,0.08258798
810383,0.23572102
810384,0.99753916
810385,0.8943935
810386,0.029305592
810387,0.8862228
810388,0.98779404
810389,0.013825546
810390,0.16260047
810391,0.2489737
810392,0.9906452
810393,0.061573293
810394,0.007209693
810395,0.6991341
810396,0.5278436
810397,0.12688504
810398,0.36759686
810399,0.995953
810400,0.6816969
810401,0.027457679
810402,0.015665127
810403,0.97455746
810404,0.43352446
810405,0.093958914
810406,0.73530823
810407,0.018162098
810408,0.04846487
810409,0.17071734
810410,0.16600762
810411,0.9820986
810412,0.012460937
810413,0.9773958
810414,0.20234264
810415,0.35161352
810416,0.27787516
810417,0.05545426
810418,0.9379413
810419,0.9729092
810420,0.3590789
810421,0.08125626
810422,0.19465977
810423,0.9944136
810424,0.9817995
810425,0.90290517
810426,0.35195583
810427,0.002840155
810428,0.011968452
810429,0.04223642
810430,0.99628884
810431,0.9873918
810432,0.010295032
810433,0.0034976453
810434,0.9806103
810435,0.9979212
810436,0.022287598
810437,0.9427945
810438,0.34836376
810439,0.006315251
810440,0.4962111
810441,0.004764886
810442,0.085045926
810443,0.08156685
810444,0.936676
810445,0.8936782
810446,0.9540404
810447,0.019113546
810448,0.5925051
810449,0.007900231
810450,0.025483023
810451,0.017345285
810452,0.17113033
810453,0.8438977
810454,0.94696647
810455,0.05279477
810456,0.39473516
810457,0.30555522
810458,0.9508431
810459,0.05136151
810460,0.3714668
810461,0.620308
810462,0.0031901626
810463,0.9656684
810464,0.06104719
810465,0.98079425
810466,0.97080946
810467,0.917354
810468,0.02247613
810469,0.009760588
810470,0.0135282865
810471,0.8819021
810472,0.9906905
810473,0.015006854
810474,0.84455174
810475,0.0086450605
810476,0.9887181
810477,0.8468113
810478,0.45546076
810479,0.044044025
810480,0.33758646
810481,0.8560306
810482,0.96449906
810483,0.94862556
810484,0.99563324
810485,0.013043229
810486,0.030047137
810487,0.005367131
810488,0.35279214
810489,0.9494221
810490,0.1841351
810491,0.4584016
810492,0.8611705
810493,0.026484888
810494,0.9903337
810495,0.06691853
810496,0.9827965
810497,0.0025815966
810498,0.013429143
810499,0.036162045
810500,0.8979722
810501,0.96591455
810502,0.15495819
810503,0.0021414906
810504,0.057203308
810505,0.5001809
810506,0.98526096
810507,0.6268055
810508,0.039131936
810509,0.65186834
810510,0.805779
810511,0.14138436
810512,0.012574505
810513,0.99906284
810514,0.04614237
810515,0.0060943463
810516,0.9754109
810517,0.31608403
810518,0.6921098
810519,0.025326068
810520,0.01918269
810521,0.17857502
810522,0.33621153
810523,0.1345458
810524,0.014551982
810525,0.02512389
810526,0.016792918
810527,0.035557244
810528,0.40133485
810529,0.5227888
810530,0.05300162
810531,0.016776633
810532,0.9937434
810533,0.9560291
810534,0.98977554
810535,0.9922709
810536,0.9957969
810537,0.08515087
810538,0.9168292
810539,0.016364131
810540,0.9978113
810541,0.14040186
810542,0.59730154
810543,0.016842335
810544,0.9921119
810545,0.022353975
810546,0.019031523
810547,0.9672133
810548,0.011988917
810549,0.47428572
810550,0.9934417
810551,0.9993187
810552,0.007931938
810553,0.98710895
810554,0.9857659
810555,0.4522257
810556,0.96889746
810557,0.012185428
810558,0.98890066
810559,0.03287414
810560,0.008634391
810561,0.110538915
810562,0.9963864
810563,0.6659088
810564,0.005740952
810565,0.017447842
810566,0.098453544
810567,0.9837918
810568,0.01925778
810569,0.43025863
810570,0.001275012
810571,0.6182677
810572,0.26192218
810573,0.58585477
810574,0.7484931
810575,0.020509131
810576,0.5523183
810577,0.42355856
810578,0.014244749
810579,0.20193698
810580,0.011354561
810581,0.005061654
810582,0.0068717515
810583,0.98383033
810584,0.2749711
810585,0.8601498
810586,0.014730329
810587,0.9004622
810588,0.34223655
810589,0.011438884
810590,0.95166045
810591,0.25815707
810592,0.013645133
810593,0.17839487
810594,0.6487864
810595,0.32987452
810596,0.9916458
810597,0.0356089
810598,0.1395716
810599,0.9597118
810600,0.014289156
810601,0.9882651
810602,0.9706131
810603,0.99269694
810604,0.9976008
810605,0.998183
810606,0.011715634
810607,0.01389285
810608,0.3351686
810609,0.38316822
810610,0.9606801
810611,0.9854534
810612,0.019892793
810613,0.9552026
810614,0.7043304
810615,0.99302965
810616,0.44710582
810617,0.7460655
810618,0.030205294
810619,0.98670125
810620,0.0059762467
810621,0.018107507
810622,0.18915427
810623,0.9103689
810624,0.23186876
810625,0.035342693
810626,0.016391173
810627,0.1877293
810628,0.49776733
810629,0.064421356
810630,0.09838514
810631,0.884353
810632,0.8272865
810633,0.049669646
810634,0.95340097
810635,0.660798
810636,0.84902465
810637,0.97903264
810638,0.09447255
810639,0.8957238
810640,0.933295
810641,0.99002874
810642,0.46793035
810643,0.07251465
810644,0.9560958
810645,0.8720075
810646,0.18426473
810647,0.10176776
810648,0.9968685
810649,0.06217953
810650,0.9849011
810651,0.0993768
810652,0.013742153
810653,0.9351685
810654,0.020894095
810655,0.009034297
810656,0.17041665
810657,0.010805289
810658,0.07298636
810659,0.017265813
810660,0.9957957
810661,0.04821489
810662,0.014930001
810663,0.66795766
810664,0.08014798
810665,0.11899255
810666,0.90791696
810667,0.010243408
810668,0.9567367
810669,0.01954419
810670,0.110898
810671,0.94164973
810672,0.08211869
810673,0.33721355
810674,0.9858981
810675,0.0043442836
810676,0.005848181
810677,0.982131
810678,0.045308158
810679,0.9868685
810680,0.025886623
810681,0.9821181
810682,0.30445358
810683,0.17380515
810684,0.73218274
810685,0.8205267
810686,0.009673667
810687,0.007927764
810688,0.55924857
810689,0.83338606
810690,0.84117204
810691,0.07259911
810692,0.021420132
810693,0.78296983
810694,0.945989
810695,0.21132597
810696,0.045756634
810697,0.99003446
810698,0.44613525
810699,0.043140773
810700,0.7094173
810701,0.9760497
810702,0.3384634
810703,0.8156884
810704,0.94966996
810705,0.07755858
810706,0.96141475
810707,0.99831605
810708,0.026494397
810709,0.069484025
810710,0.0061656204
810711,0.85049915
810712,0.72279775
810713,0.97660893
810714,0.06965959
810715,0.032638617
810716,0.9298519
810717,0.46220267
810718,0.015283562
810719,0.8008226
810720,0.2891127
810721,0.9955245
810722,0.9853651
810723,0.00762128
810724,0.030975223
810725,0.0072636353
810726,0.80191517
810727,0.98381543
810728,0.19020647
810729,0.7565229
810730,0.147368
810731,0.0067857993
810732,0.012504239
810733,0.0076060635
810734,0.14622858
810735,0.9810164
810736,0.9795178
810737,0.9919802
810738,0.054349676
810739,0.75573516
810740,0.036949337
810741,0.27469933
810742,0.08693055
810743,0.80775976
810744,0.77495295
810745,0.550464
810746,0.9902511
810747,0.98069644
810748,0.4709679
810749,0.14497484
810750,0.039459907
810751,0.8119074
810752,0.9791609
810753,0.70231277
810754,0.91930646
810755,0.012938089
810756,0.68758523
810757,0.05149552
810758,0.013836751
810759,0.91398484
810760,0.97070456
810761,0.008118074
810762,0.19117692
810763,0.9658816
810764,0.99221456
810765,0.27509952
810766,0.9980657
810767,0.04416982
810768,0.45884737
810769,0.07231171
810770,0.105031334
810771,0.85739577
810772,0.0140867075
810773,0.83819807
810774,0.9789519
810775,0.11334048
810776,0.6984345
810777,0.14183126
810778,0.49764952
810779,0.97628057
810780,0.025244005
810781,0.04695818
810782,0.09246441
810783,0.9583615
810784,0.1466673
810785,0.00572416
810786,0.0058587827
810787,0.28769782
810788,0.0059046936
810789,0.005157977
810790,0.8571489
810791,0.0054017585
810792,0.9949002
810793,0.17711177
810794,0.12422103
810795,0.9651323
810796,0.061703954
810797,0.97362804
810798,0.1373694
810799,0.99771774
810800,0.10516094
810801,0.3708073
810802,0.2816276
810803,0.1253536
810804,0.9995063
810805,0.057169132
810806,0.017164573
810807,0.07866491
810808,0.91295654
810809,0.754113
810810,0.9973694
810811,0.83332944
810812,0.994709
810813,0.052830093
810814,0.58405197
810815,0.17531383
810816,0.36416394
810817,0.59794736
810818,0.08457973
810819,0.96750474
810820,0.028500568
810821,0.9873048
810822,0.74541545
810823,0.0375694
810824,0.019362848
810825,0.91672087
810826,0.29160765
810827,0.0034629398
810828,0.22562298
810829,0.007314399
810830,0.34104085
810831,0.07971531
810832,0.67791367
810833,0.95355046
810834,0.99921936
810835,0.008102768
810836,0.8886142
810837,0.07713184
810838,0.99448127
810839,0.11729291
810840,0.0058871647
810841,0.20937404
810842,0.9263741
810843,0.9661491
810844,0.042727593
810845,0.4452791
810846,0.008060832
810847,0.039897148
810848,0.12371355
810849,0.18366237
810850,0.85776377
810851,0.53629816
810852,0.006604705
810853,0.28645152
810854,0.9885143
810855,0.7601766
810856,0.15469031
810857,0.02258237
810858,0.018550305
810859,0.8780046
810860,0.87630844
810861,0.0030465429
810862,0.016714105
810863,0.097719915
810864,0.2848082
810865,0.16601554
810866,0.9610588
810867,0.020605857
810868,0.94934785
810869,0.99415815
810870,0.673071
810871,0.028530123
810872,0.5896984
810873,0.011321951
810874,0.016078241
810875,0.13377437
810876,0.654585
810877,0.954509
810878,0.006415448
810879,0.78276753
810880,0.19669329
810881,0.012875522
810882,0.008622497
810883,0.483414
810884,0.6524466
810885,0.007982844
810886,0.9921284
810887,0.13580458
810888,0.87427175
810889,0.018165253
810890,0.05292286
810891,0.016509734
810892,0.014765838
810893,0.07185212
810894,0.85508084
810895,0.9126915
810896,0.8024132
810897,0.98775804
810898,0.030465055
810899,0.022321898
810900,0.89063805
810901,0.98448396
810902,0.042817753
810903,0.032522436
810904,0.1278648
810905,0.10500473
810906,0.2603007
810907,0.8629035
810908,0.15119903
810909,0.03263645
810910,0.103025585
810911,0.46030372
810912,0.7119291
810913,0.9820018
810914,0.04511967
810915,0.08229675
810916,0.0884042
810917,0.003593905
810918,0.56808245
810919,0.93427193
810920,0.009640854
810921,0.9791188
810922,0.02138191
810923,0.086340696
810924,0.023522753
810925,0.95688426
810926,0.16200083
810927,0.35668322
810928,0.7961247
810929,0.6632723
810930,0.2586487
810931,0.13989626
810932,0.2520848
810933,0.00721398
810934,0.034179732
810935,0.032422457
810936,0.7954041
810937,0.052644055
810938,0.9967062
810939,0.011434864
810940,0.30750602
810941,0.7333322
810942,0.9744506
810943,0.03708359
810944,0.65279543
810945,0.99376833
810946,0.13699615
810947,0.0031080772
810948,0.9718417
810949,0.94558096
810950,0.98632145
810951,0.97574824
810952,0.12259763
810953,0.86833113
810954,0.09974028
810955,0.0047637043
810956,0.96736646
810957,0.026131134
810958,0.9841609
810959,0.017483423
810960,0.48449495
810961,0.023052976
810962,0.3751668
810963,0.7331618
810964,0.24701577
810965,0.013523485
810966,0.9981269
810967,0.3581007
810968,0.018057924
810969,0.35320777
810970,0.32786798
810971,0.014437209
810972,0.045146756
810973,0.068833485
810974,0.042008642
810975,0.028571714
810976,0.9442771
810977,0.05505657
810978,0.26941562
810979,0.021459859
810980,0.009916444
810981,0.869515
810982,0.93492216
810983,0.017712511
810984,0.8476485
810985,0.043850612
810986,0.06074724
810987,0.037645042
810988,0.038001593
810989,0.9248915
810990,0.99664164
810991,0.022289623
810992,0.25216526
810993,0.0032021971
810994,0.262855
810995,0.9581467
810996,0.020833185
810997,0.59714866
810998,0.077981874
810999,0.021859437
811000,0.37893882
811001,0.011836781
811002,0.0053982665
811003,0.3830061
811004,0.94274104
811005,0.009800632
811006,0.0014809134
811007,0.7471308
811008,0.035417803
811009,0.9703915
811010,0.0031641908
811011,0.076268405
811012,0.984826
811013,0.07174856
811014,0.9273435
811015,0.9736892
811016,0.82553625
811017,0.011189295
811018,0.94041413
811019,0.88520736
811020,0.999115
811021,0.99010587
811022,0.37280297
811023,0.9247961
811024,0.004035783
811025,0.12459121
811026,0.003354764
811027,0.012462459
811028,0.68554616
811029,0.019901942
811030,0.42447978
811031,0.08549907
811032,0.37692404
811033,0.695233
811034,0.007847616
811035,0.9753784
811036,0.007178502
811037,0.9942682
811038,0.96897906
811039,0.721924
811040,0.038693883
811041,0.01329158
811042,0.99873847
811043,0.0048283767
811044,0.36263126
811045,0.010086706
811046,0.020556869
811047,0.8401523
811048,0.9728361
811049,0.32925135
811050,0.13496476
811051,0.47006577
811052,0.09457227
811053,0.010683733
811054,0.96194845
811055,0.009826342
811056,0.9288363
811057,0.03350415
811058,0.00686368
811059,0.91141
811060,0.9565248
811061,0.36047876
811062,0.63182306
811063,0.027100444
811064,0.1309291
811065,0.64565057
811066,0.17375872
811067,0.009582978
811068,0.031695098
811069,0.9499137
811070,0.33986115
811071,0.3600642
811072,0.9979893
811073,0.0064885207
811074,0.28873113
811075,0.9602243
811076,0.0311675
811077,0.74318814
811078,0.966431
811079,0.95317024
811080,0.021684125
811081,0.0022294153
811082,0.919227
811083,0.84091544
811084,0.5871229
811085,0.98555744
811086,0.0012660172
811087,0.23810795
811088,0.9858727
811089,0.024377974
811090,0.39547926
811091,0.11682552
811092,0.009865761
811093,0.9927676
811094,0.73164207
811095,0.9610925
811096,0.9931075
811097,0.087888256
811098,0.040553324
811099,0.6671843
811100,0.023119304
811101,0.013453735
811102,0.99439746
811103,0.0048527364
811104,0.26888883
811105,0.9020275
811106,0.004585854
811107,0.95746976
811108,0.9997577
811109,0.012731103
811110,0.26864395
811111,0.9262237
811112,0.21030928
811113,0.9356618
811114,0.005081352
811115,0.99821794
811116,0.93269706
811117,0.9755603
811118,0.124146685
811119,0.011514845
811120,0.13238397
811121,0.9304142
811122,0.15840732
811123,0.9863038
811124,0.077977665
811125,0.003059432
811126,0.034859307
811127,0.4747183
811128,0.0017755319
811129,0.034788255
811130,0.20560917
811131,0.9836929
811132,0.9950549
811133,0.88266945
811134,0.42567152
811135,0.0073832995
811136,0.00893941
811137,0.06657188
811138,0.9540851
811139,0.99307215
811140,0.9975036
811141,0.9843018
811142,0.0032909904
811143,0.049581885
811144,0.98535585
811145,0.2966935
811146,0.031509534
811147,0.018229418
811148,0.017674346
811149,0.2178427
811150,0.7530283
811151,0.9551844
811152,0.8718207
811153,0.6057018
811154,0.018775165
811155,0.09048943
811156,0.42788768
811157,0.08367861
811158,0.027979448
811159,0.2519354
811160,0.84665906
811161,0.88520354
811162,0.023731483
811163,0.15241246
811164,0.7890996
811165,0.015401469
811166,0.8448536
811167,0.94152653
811168,0.48040074
811169,0.6210867
811170,0.9723356
811171,0.6815512
811172,0.3691414
811173,0.78507066
811174,0.081699036
811175,0.9933297
811176,0.034752287
811177,0.0666078
811178,0.63659465
811179,0.97886336
811180,0.94041824
811181,0.73761016
811182,0.8447634
811183,0.44255334
811184,0.0066488674
811185,0.50170434
811186,0.049590193
811187,0.181536
811188,0.9991096
811189,0.9341562
811190,0.42800346
811191,0.32664257
811192,0.81602424
811193,0.9969297
811194,0.017260335
811195,0.92094815
811196,0.99707687
811197,0.24868023
811198,0.11186236
811199,0.98006284
811200,0.04211019
811201,0.0055288137
811202,0.9640412
811203,0.00635708
811204,0.9148376
811205,0.2832865
811206,0.33758524
811207,0.33396584
811208,0.018841326
811209,0.6731679
811210,0.9977733
811211,0.4319504
811212,0.89292896
811213,0.011804261
811214,0.047623858
811215,0.9699867
811216,0.04337396
811217,0.98803806
811218,0.0058041224
811219,0.055620912
811220,0.8176967
811221,0.057269607
811222,0.021637168
811223,0.9697709
811224,0.9934199
811225,0.89965653
811226,0.58446026
811227,0.39696515
811228,0.89385635
811229,0.5735958
811230,0.98296607
811231,0.0365757
811232,0.32879022
811233,0.3158912
811234,0.1896415
811235,0.069571756
811236,0.19916967
811237,0.089319415
811238,0.5366931
811239,0.20348608
811240,0.5152033
811241,0.8454874
811242,0.0120796915
811243,0.8985729
811244,0.5035113
811245,0.9848598
811246,0.01756239
811247,0.9755053
811248,0.8460326
811249,0.94134235
811250,0.03234865
811251,0.019578662
811252,0.24425632
811253,0.0036892858
811254,0.44393936
811255,0.63504887
811256,0.7460915
811257,0.92646366
811258,0.9987711
811259,0.99190027
811260,0.021022972
811261,0.004766383
811262,0.9716085
811263,0.4127561
811264,0.9912213
811265,0.8640338
811266,0.70721614
811267,0.95617414
811268,0.0021525251
811269,0.0132572455
811270,0.8906116
811271,0.90061057
811272,0.023685308
811273,0.10582786
811274,0.7879015
811275,0.073841706
811276,0.0028571277
811277,0.6934395
811278,0.030566014
811279,0.007925188
811280,0.64016086
811281,0.035623882
811282,0.2630763
811283,0.20844264
811284,0.95015275
811285,0.98970646
811286,0.0021552553
811287,0.043902688
811288,0.022648538
811289,0.01764785
811290,0.986518
811291,0.05354102
811292,0.9332612
811293,0.117784664
811294,0.9743382
811295,0.08422877
811296,0.023888895
811297,0.007893407
811298,0.95119655
811299,0.92802274
811300,0.46424192
811301,0.9928882
811302,0.005150491
811303,0.99519265
811304,0.942949
811305,0.030934168
811306,0.008201229
811307,0.70193714
811308,0.010709257
811309,0.043336112
811310,0.81667936
811311,0.0077813063
811312,0.017652756
811313,0.020611968
811314,0.014889491
811315,0.046118084
811316,0.8000358
811317,0.0044691656
811318,0.009194638
811319,0.7337133
811320,0.1932255
811321,0.04059485
811322,0.97602063
811323,0.06600365
811324,0.026341248
811325,0.7605635
811326,0.97129375
811327,0.9233522
811328,0.37070596
811329,0.97523427
811330,0.048204422
811331,0.22701463
811332,0.032734297
811333,0.02174017
811334,0.9603772
811335,0.053181816
811336,0.017917324
811337,0.9916475
811338,0.7788196
811339,0.7861223
811340,0.987937
811341,0.838245
811342,0.03832695
811343,0.98320335
811344,0.75176847
811345,0.949911
811346,0.078821436
811347,0.074466884
811348,0.16171026
811349,0.030728
811350,0.9276351
811351,0.020096416
811352,0.30673766
811353,0.46223593
811354,0.009480385
811355,0.0033061476
811356,0.98540586
811357,0.013026314
811358,0.9904144
811359,0.9192606
811360,0.023212574
811361,0.0020495395
811362,0.867199
811363,0.01702267
811364,0.11481009
811365,0.62425363
811366,0.88518214
811367,0.48164842
811368,0.8358041
811369,0.013800407
811370,0.34738263
811371,0.9450907
811372,0.04817889
811373,0.82356226
811374,0.97734
811375,0.9149911
811376,0.041681007
811377,0.05588832
811378,0.964124
811379,0.92480636
811380,0.9936819
811381,0.15282984
811382,0.0800858
811383,0.35145798
811384,0.036586232
811385,0.034320246
811386,0.6726294
811387,0.99432117
811388,0.012491374
811389,0.9626241
811390,0.035670828
811391,0.09747538
811392,0.44175333
811393,0.024072327
811394,0.03847599
811395,0.04996492
811396,0.850294
811397,0.88948464
811398,0.9760035
811399,0.76897675
811400,0.74590766
811401,0.3309965
811402,0.042780865
811403,0.03156879
811404,0.95867443
811405,0.014209314
811406,0.033048857
811407,0.021096867
811408,0.0053740204
811409,0.10248332
811410,0.066721044
811411,0.813077
811412,0.8368244
811413,0.99347574
811414,0.13128947
811415,0.9976711
811416,0.31082737
811417,0.16825542
811418,0.24617112
811419,0.9758666
811420,0.9340663
811421,0.11631553
811422,0.13343424
811423,0.0056759287
811424,0.058638297
811425,0.9606175
811426,0.08240491
811427,0.8068579
811428,0.455942
811429,0.82289755
811430,0.39229035
811431,0.013241097
811432,0.9894028
811433,0.9888458
811434,0.94821113
811435,0.0396411
811436,0.965492
811437,0.18856801
811438,0.43337625
811439,0.03381065
811440,0.015686631
811441,0.0017130016
811442,0.1588249
811443,0.35422197
811444,0.74865425
811445,0.014307407
811446,0.019801147
811447,0.39752626
811448,0.10917708
811449,0.19823512
811450,0.8294265
811451,0.9310589
811452,0.05492317
811453,0.13339186
811454,0.10006066
811455,0.06698408
811456,0.95699567
811457,0.054250933
811458,0.14412367
811459,0.5396038
811460,0.0060483497
811461,0.88946414
811462,0.18243462
811463,0.0024127578
811464,0.9646969
811465,0.017495276
811466,0.045160674
811467,0.0023851618
811468,0.037357245
811469,0.45679885
811470,0.4384574
811471,0.029156296
811472,0.9835459
811473,0.97146404
811474,0.95396364
811475,0.006577414
811476,0.0682782
811477,0.028121594
811478,0.12512827
811479,0.7555982
811480,0.0076211854
811481,0.01771422
811482,0.08188033
811483,0.7664033
811484,0.79818094
811485,0.017315056
811486,0.004526526
811487,0.004504016
811488,0.9977888
811489,0.039145134
811490,0.41642535
811491,0.019610187
811492,0.017702758
811493,0.47575945
811494,0.0020981461
811495,0.1728107
811496,0.9825066
811497,0.95897627
811498,0.03260503
811499,0.036630284
811500,0.11906071
811501,0.9987621
811502,0.16096175
811503,0.079620354
811504,0.58265233
811505,0.015520746
811506,0.037714012
811507,0.042819858
811508,0.98547304
811509,0.9758538
811510,0.2759343
811511,0.029612828
811512,0.14502469
811513,0.40191987
811514,0.2561437
811515,0.15892877
811516,0.33087683
811517,0.19314311
811518,0.041607026
811519,0.05020495
811520,0.45229208
811521,0.042633288
811522,0.0066598416
811523,0.95116705
811524,0.028589062
811525,0.020554414
811526,0.092711374
811527,0.90180993
811528,0.04642142
811529,0.8625527
811530,0.017386325
811531,0.9964541
811532,0.99832994
811533,0.5953471
811534,0.9722431
811535,0.59866124
811536,0.107292086
811537,0.3880338
811538,0.003501637
811539,0.021430908
811540,0.7302557
811541,0.12336585
811542,0.0924297
811543,0.06435066
811544,0.011212977
811545,0.016513182
811546,0.9883504
811547,0.78911185
811548,0.09792301
811549,0.9769134
811550,0.060198158
811551,0.08400414
811552,0.9385145
811553,0.19978121
811554,0.3541183
811555,0.9547966
811556,0.02031167
811557,0.9881921
811558,0.011041379
811559,0.05773386
811560,0.9983215
811561,0.1843487
811562,0.039663874
811563,0.013878388
811564,0.17953426
811565,0.524006
811566,0.087548435
811567,0.9936632
811568,0.41097355
811569,0.14676885
811570,0.99032193
811571,0.040273827
811572,0.0891227
811573,0.042930882
811574,0.093769364
811575,0.95922124
811576,0.6373654
811577,0.0019816144
811578,0.32345945
811579,0.98437613
811580,0.015717138
811581,0.23058838
811582,0.24334998
811583,0.37794644
811584,0.98198766
811585,0.9826025
811586,0.5170323
811587,0.06409533
811588,0.1337915
811589,0.023594482
811590,0.36677334
811591,0.0057086754
811592,0.0063368552
811593,0.35970604
811594,0.446153
811595,0.023752697
811596,0.5332037
811597,0.08840309
811598,0.98368967
811599,0.49625036
811600,0.16105853
811601,0.6835357
811602,0.915475
811603,0.02174663
811604,0.10175352
811605,0.90996885
811606,0.1651867
811607,0.97965676
811608,0.045097295
811609,0.016063083
811610,0.99561346
811611,0.9159549
811612,0.7710842
811613,0.005633693
811614,0.7880604
811615,0.8563148
811616,0.04071801
811617,0.84271985
811618,0.07819623
811619,0.9164383
811620,0.23450255
811621,0.79010254
811622,0.010106428
811623,0.99348056
811624,0.25903416
811625,0.9984425
811626,0.094914906
811627,0.85733
811628,0.34424406
811629,0.96382755
811630,0.99835724
811631,0.9867892
811632,0.08363888
811633,0.007706326
811634,0.05744121
811635,0.9303222
811636,0.007129863
811637,0.2955781
811638,0.025630968
811639,0.054921772
811640,0.5894363
811641,0.032216918
811642,0.01672402
811643,0.017661149
811644,0.7375801
811645,0.9578862
811646,0.98583186
811647,0.0063152104
811648,0.16431816
811649,0.92044723
811650,0.9851835
811651,0.98987454
811652,0.027713746
811653,0.0032977823
811654,0.03227426
811655,0.99250203
811656,0.0017481798
811657,0.061613753
811658,0.73843056
811659,0.050320417
811660,0.05562757
811661,0.9952027
811662,0.9812002
811663,0.34017047
811664,0.35635924
811665,0.4278311
811666,0.019322079
811667,0.020121753
811668,0.0021437106
811669,0.99104404
811670,0.92407864
811671,0.00458932
811672,0.023482177
811673,0.72777325
811674,0.991416
811675,0.025333762
811676,0.09278997
811677,0.0072923806
811678,0.689603
811679,0.79629505
811680,0.85899746
811681,0.99495876
811682,0.9819771
811683,0.30678186
811684,0.94641316
811685,0.82573014
811686,0.95678324
811687,0.22452591
811688,0.03429499
811689,0.061669603
811690,0.2032265
811691,0.5053096
811692,0.010093618
811693,0.94609016
811694,0.12741463
811695,0.624738
811696,0.075814806
811697,0.9463387
811698,0.17625095
811699,0.054340716
811700,0.20455559
811701,0.0049641514
811702,0.9749878
811703,0.20873651
811704,0.0025722948
811705,0.97583145
811706,0.118130066
811707,0.981341
811708,0.9087403
811709,0.17340116
811710,0.045531128
811711,0.034205444
811712,0.05823403
811713,0.5832488
811714,0.012328218
811715,0.7399286
811716,0.90308356
811717,0.009957224
811718,0.8466942
811719,0.9936886
811720,0.0075639887
811721,0.61614615
811722,0.023885798
811723,0.012018515
811724,0.0247145
811725,0.037266403
811726,0.027256064
811727,0.119147584
811728,0.0038257558
811729,0.026237527
811730,0.03178566
811731,0.1105245
811732,0.14787899
811733,0.9774464
811734,0.04195432
811735,0.22640243
811736,0.77937186
811737,0.051394295
811738,0.075036004
811739,0.9927355
811740,0.80916023
811741,0.17988843
811742,0.056362092
811743,0.1225707
811744,0.35483962
811745,0.6677021
811746,0.9726145
811747,0.9549606
811748,0.23156087
811749,0.12609786
811750,0.9603883
811751,0.18922578
811752,0.08225241
811753,0.9787059
811754,0.08953549
811755,0.072978824
811756,0.018892232
811757,0.95735836
811758,0.94984
811759,0.021821335
811760,0.03773471
811761,0.005365817
811762,0.95000285
811763,0.8040667
811764,0.4402418
811765,0.0060312715
811766,0.42888254
811767,0.07441504
811768,0.9990538
811769,0.95152706
811770,0.90274894
811771,0.21075836
811772,0.48037902
811773,0.8068905
811774,0.13690385
811775,0.051834673
811776,0.63231426
811777,0.999166
811778,0.03155745
811779,0.04104504
811780,0.5482435
811781,0.81486565
811782,0.9901949
811783,0.04677868
811784,0.33576083
811785,0.7807411
811786,0.014499451
811787,0.05496784
811788,0.32550144
811789,0.9842316
811790,0.990662
811791,0.9522628
811792,0.99936736
811793,0.995028
811794,0.097460784
811795,0.009608093
811796,0.019111607
811797,0.7103659
811798,0.016942244
811799,0.78709733
811800,0.08444749
811801,0.8922284
811802,0.98756665
811803,0.9503652
811804,0.9991254
811805,0.031876028
811806,0.17397879
811807,0.99514586
811808,0.95343435
811809,0.96037036
811810,0.92657274
811811,0.025563117
811812,0.0016810339
811813,0.094427146
811814,0.6167873
811815,0.10416534
811816,0.65834844
811817,0.9941284
811818,0.07576895
811819,0.9154006
811820,0.0048325304
811821,0.9222933
811822,0.022739165
811823,0.5711596
811824,0.0038070579
811825,0.97446984
811826,0.79035974
811827,0.05753056
811828,0.109189644
811829,0.018642593
811830,0.0111452285
811831,0.067314774
811832,0.03761879
811833,0.22033653
811834,0.008031898
811835,0.7223022
811836,0.6328869
811837,0.0038465636
811838,0.9248886
811839,0.18761663
811840,0.75020695
811841,0.077262364
811842,0.016889852
811843,0.84699386
811844,0.9990964
811845,0.65106153
811846,0.024631359
811847,0.03321844
811848,0.7445186
811849,0.8263636
811850,0.8649769
811851,0.13675606
811852,0.9643787
811853,0.03402955
811854,0.0072254683
811855,0.7446188
811856,0.2283783
811857,0.010849519
811858,0.9957572
811859,0.0071127615
811860,0.37800083
811861,0.14520529
811862,0.91623497
811863,0.020628214
811864,0.18717101
811865,0.6716746
811866,0.7739209
811867,0.37429184
811868,0.02173844
811869,0.9733339
811870,0.71080333
811871,0.99847627
811872,0.9959532
811873,0.803445
811874,0.1285229
811875,0.86580235
811876,0.9731699
811877,0.28225312
811878,0.052435152
811879,0.05162461
811880,0.85329175
811881,0.061564337
811882,0.4813326
811883,0.35419354
811884,0.8700377
811885,0.008495243
811886,0.97372115
811887,0.9013509
811888,0.96773756
811889,0.19704404
811890,0.04770206
811891,0.002460649
811892,0.66323274
811893,0.015550654
811894,0.049437243
811895,0.99643904
811896,0.02190484
811897,0.9953399
811898,0.47651467
811899,0.1620763
811900,0.015164571
811901,0.20650178
811902,0.25130463
811903,0.052099273
811904,0.9687046
811905,0.97167885
811906,0.9107544
811907,0.10834846
811908,0.056743987
811909,0.0951343
811910,0.006607473
811911,0.0051895166
811912,0.4187617
811913,0.09618718
811914,0.9981261
811915,0.765572
811916,0.034133904
811917,0.06318458
811918,0.7283091
811919,0.251144
811920,0.7557616
811921,0.76532036
811922,0.30842054
811923,0.98651195
811924,0.13343565
811925,0.5684503
811926,0.029876813
811927,0.32576168
811928,0.08171703
811929,0.007581089
811930,0.034390233
811931,0.016511455
811932,0.069128715
811933,0.9548427
811934,0.056349736
811935,0.06872243
811936,0.1489824
811937,0.027303362
811938,0.6388002
811939,0.9766803
811940,0.0065570716
811941,0.9873766
811942,0.5818141
811943,0.01899127
811944,0.993885
811945,0.99835575
811946,0.011199722
811947,0.43018052
811948,0.6292444
811949,0.47223926
811950,0.13545908
811951,0.067116015
811952,0.018429196
811953,0.99737984
811954,0.0045998367
811955,0.11053827
811956,0.005170716
811957,0.034929454
811958,0.034196656
811959,0.112163685
811960,0.72202647
811961,0.8471045
811962,0.012842357
811963,0.0024118621
811964,0.6389353
811965,0.97968006
811966,0.7942541
811967,0.98973
811968,0.03268622
811969,0.021136586
811970,0.10432937
811971,0.014748553
811972,0.021783967
811973,0.067303285
811974,0.98761046
811975,0.86991954
811976,0.9964114
811977,0.9496861
811978,0.9921111
811979,0.030208657
811980,0.016849339
811981,0.43131018
811982,0.017988112
811983,0.16123155
811984,0.10813895
811985,0.1072525
811986,0.0009900098
811987,0.029072685
811988,0.9956933
811989,0.31126904
811990,0.7015509
811991,0.98451567
811992,0.98997885
811993,0.30525783
811994,0.119006924
811995,0.99223244
811996,0.006347158
811997,0.96409345
811998,0.014388792
811999,0.07995002
812000,0.017852003
812001,0.96193016
812002,0.00585928
812003,0.19040608
812004,0.014886618
812005,0.98234004
812006,0.9536673
812007,0.06278655
812008,0.594604
812009,0.97179717
812010,0.021306857
812011,0.98885894
812012,0.21267608
812013,0.23422451
812014,0.33423603
812015,0.21029083
812016,0.002106697
812017,0.00856096
812018,0.86616814
812019,0.9399135
812020,0.020401726
812021,0.7271384
812022,0.4011743
812023,0.96941346
812024,0.997885
812025,0.04159449
812026,0.9894296
812027,0.07087347
812028,0.7612556
812029,0.03305109
812030,0.8936975
812031,0.034882724
812032,0.31707135
812033,0.010498876
812034,0.007916547
812035,0.98940444
812036,0.97907823
812037,0.005346556
812038,0.98763204
812039,0.0025202436
812040,0.008655799
812041,0.99425584
812042,0.92353904
812043,0.9764286
812044,0.006714315
812045,0.98974854
812046,0.9734591
812047,0.19275835
812048,0.9328103
812049,0.011231795
812050,0.022178708
812051,0.069895595
812052,0.9206394
812053,0.9980154
812054,0.6351826
812055,0.032272026
812056,0.9884765
812057,0.54928815
812058,0.98334086
812059,0.6501862
812060,0.01570325
812061,0.9990672
812062,0.1136694
812063,0.31769052
812064,0.8432531
812065,0.24752009
812066,0.74627846
812067,0.048564054
812068,0.12109322
812069,0.9331596
812070,0.90548927
812071,0.015229659
812072,0.89717275
812073,0.027164543
812074,0.0098065315
812075,0.02570318
812076,0.005018794
812077,0.9979978
812078,0.9962791
812079,0.008466592
812080,0.062056575
812081,0.013295438
812082,0.96376896
812083,0.5323539
812084,0.38880032
812085,0.5008909
812086,0.0027378325
812087,0.0212741
812088,0.57129025
812089,0.9184326
812090,0.014171184
812091,0.011091163
812092,0.06336767
812093,0.43806216
812094,0.00634397
812095,0.055388607
812096,0.9981169
812097,0.041355968
812098,0.06933073
812099,0.0224112
812100,0.003698671
812101,0.11835454
812102,0.5951021
812103,0.007972325
812104,0.2774964
812105,0.011570405
812106,0.054845393
812107,0.94416094
812108,0.966123
812109,0.97791386
812110,0.3460795
812111,0.6288065
812112,0.025691452
812113,0.012235708
812114,0.04671193
812115,0.850797
812116,0.21710512
812117,0.3568306
812118,0.1437845
812119,0.0047664335
812120,0.008231936
812121,0.014383038
812122,0.98153156
812123,0.0091162175
812124,0.9324447
812125,0.9742529
812126,0.26324922
812127,0.008902981
812128,0.96406275
812129,0.97801715
812130,0.021760713
812131,0.9728899
812132,0.15648001
812133,0.01969881
812134,0.005540028
812135,0.7932163
812136,0.9799172
812137,0.92079103
812138,0.7013619
812139,0.011634944
812140,0.039272275
812141,0.8439257
812142,0.16217719
812143,0.018938744
812144,0.13618803
812145,0.10514106
812146,0.01656582
812147,0.93816227
812148,0.8949362
812149,0.017789632
812150,0.7214183
812151,0.006192521
812152,0.0059795897
812153,0.24929965
812154,0.84221566
812155,0.9381646
812156,0.9352582
812157,0.025090655
812158,0.121337056
812159,0.950884
812160,0.5112846
812161,0.9412642
812162,0.79353404
812163,0.9607011
812164,0.89441144
812165,0.056217115
812166,0.98136896
812167,0.9662355
812168,0.06535744
812169,0.42024797
812170,0.04705074
812171,0.67162955
812172,0.04033667
812173,0.002555441
812174,0.9944409
812175,0.013930382
812176,0.6768694
812177,0.33686167
812178,0.46195343
812179,0.086145595
812180,0.02665525
812181,0.32349128
812182,0.84574264
812183,0.6154483
812184,0.6085786
812185,0.79847383
812186,0.14365368
812187,0.95337313
812188,0.023927648
812189,0.95416504
812190,0.99607885
812191,0.9929566
812192,0.82319283
812193,0.6640082
812194,0.04350781
812195,0.99476254
812196,0.042011708
812197,0.041972436
812198,0.011754189
812199,0.39285988
812200,0.50558245
812201,0.9995723
812202,0.037463937
812203,0.03436196
812204,0.031624693
812205,0.07221381
812206,0.92223275
812207,0.0075978767
812208,0.034295928
812209,0.9266411
812210,0.1333794
812211,0.004404733
812212,0.95904636
812213,0.92187244
812214,0.007370393
812215,0.072524115
812216,0.3664614
812217,0.71961355
812218,0.006238172
812219,0.0060427557
812220,0.68036026
812221,0.9881301
812222,0.8342812
812223,0.1222666
812224,0.010066419
812225,0.6484088
812226,0.96434546
812227,0.11652142
812228,0.09098672
812229,0.9757226
812230,0.9947017
812231,0.10755104
812232,0.9961604
812233,0.8634894
812234,0.99527764
812235,0.8651796
812236,0.020241115
812237,0.9141138
812238,0.019382082
812239,0.13193968
812240,0.8703997
812241,0.9910257
812242,0.0075545656
812243,0.039320536
812244,0.9796814
812245,0.09269166
812246,0.9459211
812247,0.017186908
812248,0.003137972
812249,0.9916049
812250,0.28681025
812251,0.661342
812252,0.27674603
812253,0.061335295
812254,0.12937824
812255,0.05701337
812256,0.28009158
812257,0.996566
812258,0.061010767
812259,0.022000404
812260,0.10528875
812261,0.105350435
812262,0.9080646
812263,0.022169556
812264,0.9082672
812265,0.54282117
812266,0.39978784
812267,0.06931709
812268,0.9092138
812269,0.012870822
812270,0.42876256
812271,0.0016644152
812272,0.033455577
812273,0.009114548
812274,0.024078198
812275,0.8355552
812276,0.6156536
812277,0.9932214
812278,0.17794675
812279,0.027647505
812280,0.98664737
812281,0.99701166
812282,0.123104565
812283,0.021673504
812284,0.9911972
812285,0.18765086
812286,0.9921253
812287,0.26991743
812288,0.8230861
812289,0.9851478
812290,0.010835063
812291,0.9647521
812292,0.99404216
812293,0.028564448
812294,0.24573581
812295,0.06257116
812296,0.9887035
812297,0.7030436
812298,0.04040897
812299,0.014238518
812300,0.08731674
812301,0.94590545
812302,0.79799545
812303,0.03575188
812304,0.11177593
812305,0.93937373
812306,0.27246156
812307,0.01021057
812308,0.6179685
812309,0.007702167
812310,0.059914954
812311,0.04058282
812312,0.99710405
812313,0.35039222
812314,0.17483239
812315,0.7905928
812316,0.6170551
812317,0.025123611
812318,0.16208799
812319,0.0048998627
812320,0.99859536
812321,0.013229554
812322,0.2219192
812323,0.3877229
812324,0.051425774
812325,0.041756313
812326,0.017710492
812327,0.96344954
812328,0.0074824076
812329,0.014467574
812330,0.072608024
812331,0.92092764
812332,0.006119157
812333,0.9957881
812334,0.012262805
812335,0.74331576
812336,0.99240404
812337,0.049599715
812338,0.51992923
812339,0.3847084
812340,0.5966554
812341,0.0051051755
812342,0.9987761
812343,0.9937188
812344,0.40173408
812345,0.9369083
812346,0.9814747
812347,0.18539907
812348,0.007392882
812349,0.006618079
812350,0.9906466
812351,0.15260391
812352,0.98450696
812353,0.9829426
812354,0.9987061
812355,0.9936235
812356,0.0050085187
812357,0.8421404
812358,0.059418082
812359,0.06987655
812360,0.18641594
812361,0.014624961
812362,0.009376075
812363,0.87462187
812364,0.07446332
812365,0.7352311
812366,0.08613013
812367,0.20262271
812368,0.8948144
812369,0.90964603
812370,0.9511939
812371,0.9962398
812372,0.88297975
812373,0.9905641
812374,0.9292193
812375,0.8550751
812376,0.031474177
812377,0.014084326
812378,0.027262341
812379,0.24388476
812380,0.045441676
812381,0.9954344
812382,0.86707246
812383,0.7558878
812384,0.29942408
812385,0.019170456
812386,0.024569225
812387,0.9833734
812388,0.99633586
812389,0.99579966
812390,0.78613573
812391,0.877772
812392,0.6933478
812393,0.6514033
812394,0.042041793
812395,0.21675332
812396,0.5870408
812397,0.1476993
812398,0.56563306
812399,0.0050287554
812400,0.8856714
812401,0.31151974
812402,0.8381972
812403,0.11609481
812404,0.46115553
812405,0.012610251
812406,0.65901893
812407,0.016052568
812408,0.019549895
812409,0.99510384
812410,0.279939
812411,0.016622199
812412,0.6199121
812413,0.5703501
812414,0.1911765
812415,0.08919691
812416,0.1992578
812417,0.9158525
812418,0.9979795
812419,0.9822521
812420,0.9822437
812421,0.017795276
812422,0.7317555
812423,0.9978491
812424,0.022210803
812425,0.46067786
812426,0.021082863
812427,0.9868398
812428,0.5338967
812429,0.9956534
812430,0.0620578
812431,0.9972608
812432,0.51741064
812433,0.678267
812434,0.8210409
812435,0.8542372
812436,0.957039
812437,0.95634156
812438,0.017982159
812439,0.88617086
812440,0.016304873
812441,0.006068818
812442,0.92330945
812443,0.07696193
812444,0.99657583
812445,0.9776336
812446,0.29375842
812447,0.010456758
812448,0.03813821
812449,0.9685484
812450,0.53517836
812451,0.97756994
812452,0.0060733603
812453,0.048443988
812454,0.07879912
812455,0.018442215
812456,0.99077785
812457,0.017869558
812458,0.031475704
812459,0.9961578
812460,0.74969804
812461,0.017472278
812462,0.017991086
812463,0.015885722
812464,0.25096136
812465,0.01879113
812466,0.9586232
812467,0.0047741793
812468,0.98580736
812469,0.9661126
812470,0.88714844
812471,0.15093672
812472,0.95944285
812473,0.037508685
812474,0.0761923
812475,0.32528725
812476,0.021621492
812477,0.9358305
812478,0.7437528
812479,0.08124731
812480,0.7093792
812481,0.027307332
812482,0.5962584
812483,0.19296622
812484,0.029230142
812485,0.0032941839
812486,0.007568033
812487,0.12608051
812488,0.99297047
812489,0.04543844
812490,0.32010913
812491,0.030594483
812492,0.88128954
812493,0.92492294
812494,0.022456054
812495,0.6947062
812496,0.014601533
812497,0.5445552
812498,0.13769141
812499,0.98646086
812500,0.013625964
812501,0.13209789
812502,0.6622493
812503,0.0652376
812504,0.0064053107
812505,0.4878571
812506,0.011586912
812507,0.95018464
812508,0.96947646
812509,0.81722903
812510,0.08831702
812511,0.99209225
812512,0.9996134
812513,0.99545616
812514,0.75531393
812515,0.16282637
812516,0.008761112
812517,0.19019103
812518,0.027720738
812519,0.029007025
812520,0.99640787
812521,0.28118235
812522,0.05057339
812523,0.3069084
812524,0.18022308
812525,0.9833697
812526,0.2315259
812527,0.6110681
812528,0.21275954
812529,0.18032657
812530,0.94896084
812531,0.02046879
812532,0.046558235
812533,0.84078884
812534,0.36524522
812535,0.88961715
812536,0.55077523
812537,0.0066996254
812538,0.03168389
812539,0.9944193
812540,0.8405242
812541,0.9503081
812542,0.01539287
812543,0.936119
812544,0.3831467
812545,0.004457751
812546,0.115612134
812547,0.05729208
812548,0.5541625
812549,0.09895517
812550,0.841694
812551,0.8216582
812552,0.01727069
812553,0.19473541
812554,0.013766048
812555,0.33879924
812556,0.7459787
812557,0.011999401
812558,0.618397
812559,0.008407429
812560,0.01337943
812561,0.87499845
812562,0.98959965
812563,0.122612126
812564,0.084831975
812565,0.12999217
812566,0.012952119
812567,0.9916849
812568,0.9446652
812569,0.94436365
812570,0.021960068
812571,0.98345745
812572,0.63567364
812573,0.034405697
812574,0.003992454
812575,0.60632026
812576,0.4193121
812577,0.9782418
812578,0.10329506
812579,0.8783201
812580,0.9753674
812581,0.99742806
812582,0.00871742
812583,0.03416924
812584,0.9025659
812585,0.8872741
812586,0.7613996
812587,0.93673205
812588,0.00951735
812589,0.6478474
812590,0.07867679
812591,0.3141558
812592,0.21470746
812593,0.9982455
812594,0.7928157
812595,0.63430583
812596,0.22301145
812597,0.0030426313
812598,0.8551596
812599,0.6306723
812600,0.015831508
812601,0.0058591077
812602,0.9694984
812603,0.09043029
812604,0.55300176
812605,0.011436695
812606,0.9987977
812607,0.004873786
812608,0.056482133
812609,0.8992259
812610,0.20755817
812611,0.0031684823
812612,0.5395497
812613,0.9975248
812614,0.90013844
812615,0.19813468
812616,0.9938376
812617,0.45594108
812618,0.8401215
812619,0.015723398
812620,0.3692316
812621,0.88782436
812622,0.90235305
812623,0.98485976
812624,0.18168776
812625,0.020536812
812626,0.0071232733
812627,0.010962941
812628,0.9302636
812629,0.08158757
812630,0.9283141
812631,0.98918474
812632,0.0053881276
812633,0.0030784407
812634,0.5390104
812635,0.6478347
812636,0.99216294
812637,0.29488665
812638,0.34701684
812639,0.08721101
812640,0.03115318
812641,0.98806643
812642,0.4786963
812643,0.93153304
812644,0.08535982
812645,0.57646704
812646,0.94971734
812647,0.01464122
812648,0.6940399
812649,0.60939276
812650,0.74754894
812651,0.011639586
812652,0.99765384
812653,0.99883574
812654,0.85153544
812655,0.18343043
812656,0.14901371
812657,0.05545752
812658,0.20826298
812659,0.9757733
812660,0.9279974
812661,0.10524669
812662,0.99319386
812663,0.9735267
812664,0.9794011
812665,0.34379882
812666,0.90951693
812667,0.9852019
812668,0.93181765
812669,0.60365534
812670,0.086573854
812671,0.025853347
812672,0.078673944
812673,0.99601984
812674,0.9961642
812675,0.78587294
812676,0.20637874
812677,0.012169564
812678,0.2803346
812679,0.041256007
812680,0.019623596
812681,0.7746738
812682,0.678627
812683,0.03391297
812684,0.9354379
812685,0.7538341
812686,0.009167368
812687,0.74865377
812688,0.8944973
812689,0.9827652
812690,0.9956832
812691,0.99110866
812692,0.043680433
812693,0.8810649
812694,0.11898308
812695,0.10807037
812696,0.25611672
812697,0.7736553
812698,0.9965473
812699,0.08056385
812700,0.73056597
812701,0.013484175
812702,0.9924201
812703,0.73496574
812704,0.15102378
812705,0.94402957
812706,0.31546518
812707,0.9700364
812708,0.09797488
812709,0.02585155
812710,0.82901776
812711,0.9521659
812712,0.04122358
812713,0.098751485
812714,0.9183364
812715,0.19619577
812716,0.021161094
812717,0.9974651
812718,0.011848881
812719,0.004626249
812720,0.1801747
812721,0.7383964
812722,0.02964827
812723,0.064136565
812724,0.130151
812725,0.006182028
812726,0.22366276
812727,0.26289815
812728,0.9432566
812729,0.027716229
812730,0.7189128
812731,0.32101265
812732,0.93505406
812733,0.044028852
812734,0.1032249
812735,0.43552846
812736,0.093617715
812737,0.020251034
812738,0.05097702
812739,0.005400158
812740,0.51896566
812741,0.8181043
812742,0.99788135
812743,0.14074188
812744,0.06906117
812745,0.005575926
812746,0.014454596
812747,0.044939145
812748,0.9576085
812749,0.0148998555
812750,0.028628
812751,0.026511261
812752,0.9276024
812753,0.9014554
812754,0.61244965
812755,0.9834144
812756,0.01980652
812757,0.18905152
812758,0.0058663716
812759,0.9979965
812760,0.031334355
812761,0.62462986
812762,0.023035513
812763,0.0076790433
812764,0.032933068
812765,0.94924307
812766,0.041463703
812767,0.962843
812768,0.5796385
812769,0.0108094355
812770,0.010311985
812771,0.64414626
812772,0.91688365
812773,0.058322575
812774,0.9084461
812775,0.006837041
812776,0.65830153
812777,0.7992064
812778,0.9818325
812779,0.97687876
812780,0.042177998
812781,0.010935405
812782,0.006151384
812783,0.99232733
812784,0.6611646
812785,0.011115425
812786,0.011762254
812787,0.98317367
812788,0.00081554294
812789,0.9948248
812790,0.23271826
812791,0.6224475
812792,0.009627469
812793,0.0039016574
812794,0.031131852
812795,0.77688074
812796,0.63672185
812797,0.040198088
812798,0.9846484
812799,0.99591047
812800,0.9992001
812801,0.0068264287
812802,0.026028262
812803,0.06351822
812804,0.33184493
812805,0.9942659
812806,0.97920847
812807,0.000889909
812808,0.71020913
812809,0.9255562
812810,0.11020706
812811,0.13994245
812812,0.6127349
812813,0.5771712
812814,0.31560716
812815,0.9844552
812816,0.0067181727
812817,0.042119842
812818,0.02117461
812819,0.011160301
812820,0.97237706
812821,0.020644095
812822,0.0058740447
812823,0.61927146
812824,0.31666932
812825,0.0012064467
812826,0.01607187
812827,0.6888367
812828,0.0050791204
812829,0.06548846
812830,0.015251119
812831,0.98488027
812832,0.059618443
812833,0.3362865
812834,0.8090722
812835,0.221259
812836,0.020826004
812837,0.004148543
812838,0.9531964
812839,0.91453147
812840,0.021050174
812841,0.34310934
812842,0.36097986
812843,0.003036947
812844,0.89397234
812845,0.011117617
812846,0.99466515
812847,0.12112887
812848,0.9927662
812849,0.5029544
812850,0.881276
812851,0.9029909
812852,0.44904554
812853,0.98391384
812854,0.988224
812855,0.020532304
812856,0.9721288
812857,0.7502259
812858,0.9582966
812859,0.99569464
812860,0.099146515
812861,0.18299867
812862,0.9819668
812863,0.0039481767
812864,0.012533616
812865,0.90932095
812866,0.84432614
812867,0.50891286
812868,0.50444525
812869,0.85888547
812870,0.046964556
812871,0.78153056
812872,0.021829495
812873,0.00576525
812874,0.1715397
812875,0.026589714
812876,0.25947848
812877,0.58080274
812878,0.01793309
812879,0.96788526
812880,0.019002661
812881,0.9745074
812882,0.4300437
812883,0.018350206
812884,0.09490011
812885,0.072678156
812886,0.73033607
812887,0.9498897
812888,0.24626733
812889,0.4370091
812890,0.3509966
812891,0.9865211
812892,0.9409038
812893,0.99565625
812894,0.12889698
812895,0.99803835
812896,0.98422295
812897,0.9788091
812898,0.011513006
812899,0.05872494
812900,0.9968802
812901,0.13555808
812902,0.4078172
812903,0.1662355
812904,0.023208799
812905,0.052533396
812906,0.08715573
812907,0.021179397
812908,0.01643158
812909,0.8475561
812910,0.013507811
812911,0.6312325
812912,0.95812875
812913,0.97907126
812914,0.012910425
812915,0.53566545
812916,0.95376974
812917,0.3334188
812918,0.9881987
812919,0.83566296
812920,0.9871256
812921,0.16509178
812922,0.011510465
812923,0.012637837
812924,0.026273333
812925,0.25164476
812926,0.69794154
812927,0.94002426
812928,0.0214631
812929,0.114847176
812930,0.75025123
812931,0.99403864
812932,0.9890869
812933,0.13571608
812934,0.014702253
812935,0.2574114
812936,0.5378265
812937,0.5618753
812938,0.05514103
812939,0.6842074
812940,0.7633966
812941,0.008181448
812942,0.0034389324
812943,0.10412823
812944,0.0056070345
812945,0.9376348
812946,0.9608046
812947,0.82314724
812948,0.959354
812949,0.8961697
812950,0.97608835
812951,0.926937
812952,0.20000598
812953,0.97104263
812954,0.0018901984
812955,0.9865222
812956,0.6380329
812957,0.005794568
812958,0.761211
812959,0.12494609
812960,0.14207155
812961,0.50974655
812962,0.025356563
812963,0.02082681
812964,0.57564855
812965,0.014796854
812966,0.3779476
812967,0.012254354
812968,0.44778693
812969,0.005326172
812970,0.7505797
812971,0.21437265
812972,0.16721712
812973,0.09153559
812974,0.7609048
812975,0.9930055
812976,0.0065697357
812977,0.08114679
812978,0.9908204
812979,0.23830009
812980,0.027506066
812981,0.97088933
812982,0.9815294
812983,0.12393524
812984,0.11854878
812985,0.023867112
812986,0.91986793
812987,0.024730498
812988,0.9735001
812989,0.006515481
812990,0.79424953
812991,0.6600018
812992,0.21102515
812993,0.01803587
812994,0.04908189
812995,0.043501988
812996,0.9969706
812997,0.71624726
812998,0.022342637
812999,0.0051520513
813000,0.00902191
813001,0.06508744
813002,0.07353604
813003,0.0077910414
813004,0.11577015
813005,0.18811345
813006,0.06195624
813007,0.014215023
813008,0.0046936055
813009,0.9005824
813010,0.102341704
813011,0.25226587
813012,0.98567283
813013,0.7948196
813014,0.8168901
813015,0.105303474
813016,0.027729535
813017,0.9857917
813018,0.99599
813019,0.9293786
813020,0.984687
813021,0.948454
813022,0.0069043934
813023,0.83334714
813024,0.12138082
813025,0.023137715
813026,0.9939145
813027,0.91976774
813028,0.9760074
813029,0.9539701
813030,0.030998308
813031,0.009107714
813032,0.97749424
813033,0.99827266
813034,0.88641435
813035,0.9961027
813036,0.14734465
813037,0.58528423
813038,0.99629617
813039,0.053798266
813040,0.0067946105
813041,0.99191976
813042,0.007567776
813043,0.011281031
813044,0.057446163
813045,0.009996162
813046,0.04263683
813047,0.03147244
813048,0.32611537
813049,0.63392246
813050,0.9652704
813051,0.9894763
813052,0.0038763355
813053,0.095456585
813054,0.9722488
813055,0.93240297
813056,0.007190394
813057,0.9910873
813058,0.001732363
813059,0.056786098
813060,0.08087204
813061,0.021881223
813062,0.028457142
813063,0.096554674
813064,0.07583604
813065,0.6202532
813066,0.99157274
813067,0.9920932
813068,0.004131223
813069,0.9523145
813070,0.014216616
813071,0.90185595
813072,0.9488119
813073,0.0012535617
813074,0.08529159
813075,0.22705534
813076,0.96727693
813077,0.04728352
813078,0.42699105
813079,0.97640884
813080,0.028230127
813081,0.30899125
813082,0.10224016
813083,0.0052859047
813084,0.021950684
813085,0.0051945066
813086,0.0096892435
813087,0.9714172
813088,0.06362074
813089,0.0053238086
813090,0.83282685
813091,0.4176824
813092,0.9374983
813093,0.9902694
813094,0.048203655
813095,0.21698081
813096,0.9966113
813097,0.0123362085
813098,0.42981383
813099,0.7773243
813100,0.9751283
813101,0.02449319
813102,0.0065532927
813103,0.5925367
813104,0.021236315
813105,0.95601445
813106,0.9745531
813107,0.06628787
813108,0.8918824
813109,0.71915823
813110,0.9934435
813111,0.018969964
813112,0.9045776
813113,0.99436873
813114,0.0029938747
813115,0.018170098
813116,0.11146279
813117,0.11314523
813118,0.9938846
813119,0.014524116
813120,0.015831137
813121,0.11283488
813122,0.7191461
813123,0.9968995
813124,0.9990195
813125,0.9984176
813126,0.10189322
813127,0.0040731905
813128,0.010340346
813129,0.92737067
813130,0.018196197
813131,0.37067497
813132,0.6870239
813133,0.752859
813134,0.41887364
813135,0.98324096
813136,0.017981429
813137,0.1970593
813138,0.00829944
813139,0.4637208
813140,0.9904277
813141,0.9014976
813142,0.7880806
813143,0.1492134
813144,0.29715672
813145,0.0382105
813146,0.9766542
813147,0.90053225
813148,0.94930476
813149,0.79496896
813150,0.9942328
813151,0.0966687
813152,0.6273365
813153,0.4964453
813154,0.0017868592
813155,0.9829189
813156,0.90858614
813157,0.6367727
813158,0.9800075
813159,0.9690566
813160,0.0033163303
813161,0.96820974
813162,0.031825706
813163,0.997063
813164,0.9880426
813165,0.98016995
813166,0.23512918
813167,0.047643356
813168,0.9500618
813169,0.97539407
813170,0.81767213
813171,0.0687871
813172,0.008888172
813173,0.021920605
813174,0.99897635
813175,0.62835
813176,0.96347666
813177,0.08559612
813178,0.88111657
813179,0.8687693
813180,0.08740705
813181,0.45966285
813182,0.009464851
813183,0.025932401
813184,0.09030597
813185,0.01392215
813186,0.92741865
813187,0.04483828
813188,0.9921523
813189,0.011549626
813190,0.95393014
813191,0.98399293
813192,0.061976396
813193,0.0803255
813194,0.84376836
813195,0.9834605
813196,0.23623995
813197,0.026915353
813198,0.40202168
813199,0.051097367
813200,0.037001897
813201,0.010629827
813202,0.63420844
813203,0.024500621
813204,0.027936744
813205,0.02838766
813206,0.022963159
813207,0.16351876
813208,0.6861106
813209,0.8080887
813210,0.9933725
813211,0.74810344
813212,0.04800163
813213,0.3217671
813214,0.025915386
813215,0.15814199
813216,0.04116857
813217,0.9969009
813218,0.84094036
813219,0.08249013
813220,0.94119924
813221,0.1944598
813222,0.2073926
813223,0.004417344
813224,0.14271508
813225,0.98322487
813226,0.9930694
813227,0.02102606
813228,0.9829486
813229,0.0335578
813230,0.9662466
813231,0.95007324
813232,0.9945277
813233,0.14035939
813234,0.021959538
813235,0.007593398
813236,0.17984518
813237,0.106902875
813238,0.0292954
813239,0.1420286
813240,0.108358994
813241,0.3223796
813242,0.06508142
813243,0.84822464
813244,0.0024873188
813245,0.049925692
813246,0.9799259
813247,0.9087973
813248,0.63080347
813249,0.011251871
813250,0.029848825
813251,0.9209667
813252,0.9711706
813253,0.9104748
813254,0.12483046
813255,0.0666639
813256,0.98426354
813257,0.05813856
813258,0.9863037
813259,0.73398674
813260,0.01850145
813261,0.0136103295
813262,0.70486116
813263,0.008380089
813264,0.9962332
813265,0.07055166
813266,0.015206237
813267,0.41800267
813268,0.51787215
813269,0.011654334
813270,0.0046124975
813271,0.9966127
813272,0.9691365
813273,0.019055929
813274,0.717843
813275,0.040583134
813276,0.25755435
813277,0.09429533
813278,0.022562595
813279,0.6725896
813280,0.95199096
813281,0.63401043
813282,0.035475355
813283,0.6733056
813284,0.3346939
813285,0.036277387
813286,0.38002098
813287,0.97640306
813288,0.09029494
813289,0.15962672
813290,0.9322641
813291,0.0281168
813292,0.042949107
813293,0.0018857154
813294,0.007915364
813295,0.614174
813296,0.4467495
813297,0.20634682
813298,0.0039132065
813299,0.0506843
813300,0.12462436
813301,0.18156952
813302,0.0065493863
813303,0.99837065
813304,0.009988515
813305,0.98744804
813306,0.024785142
813307,0.12861168
813308,0.8878689
813309,0.97641045
813310,0.01976877
813311,0.95028365
813312,0.024811398
813313,0.9454399
813314,0.024297163
813315,0.98337924
813316,0.42454207
813317,0.113815926
813318,0.075063
813319,0.979421
813320,0.7134856
813321,0.0047652363
813322,0.075790435
813323,0.99234766
813324,0.051613312
813325,0.009268597
813326,0.9109333
813327,0.26162517
813328,0.9971955
813329,0.6815185
813330,0.8768921
813331,0.0076962854
813332,0.9798147
813333,0.99430823
813334,0.7540443
813335,0.0058395723
813336,0.08550936
813337,0.9113443
813338,0.82421833
813339,0.06188534
813340,0.95332056
813341,0.9274059
813342,0.0040324205
813343,0.049915485
813344,0.015439587
813345,0.19294906
813346,0.051366277
813347,0.20538367
813348,0.21529746
813349,0.8702806
813350,0.0052883714
813351,0.044105697
813352,0.051913887
813353,0.96343774
813354,0.49538738
813355,0.16382255
813356,0.41586927
813357,0.6089489
813358,0.97382563
813359,0.008609673
813360,0.04055646
813361,0.5833449
813362,0.7764875
813363,0.11222839
813364,0.012690811
813365,0.138117
813366,0.9862742
813367,0.9906554
813368,0.9922173
813369,0.0145123135
813370,0.009529301
813371,0.05000994
813372,0.96885127
813373,0.03932736
813374,0.95955193
813375,0.07041464
813376,0.21269003
813377,0.20548126
813378,0.0011776434
813379,0.9757757
813380,0.33436763
813381,0.7707813
813382,0.9607237
813383,0.024066815
813384,0.096930616
813385,0.08390306
813386,0.04993237
813387,0.02284683
813388,0.09574345
813389,0.8661135
813390,0.17548445
813391,0.9966878
813392,0.066285506
813393,0.9982566
813394,0.007628152
813395,0.9161177
813396,0.23669471
813397,0.13378191
813398,0.9842105
813399,0.0035567048
813400,0.17441282
813401,0.5583086
813402,0.9163561
813403,0.117829554
813404,0.14235243
813405,0.7640705
813406,0.023323406
813407,0.99961346
813408,0.015553095
813409,0.1613886
813410,0.020299118
813411,0.999127
813412,0.7087977
813413,0.27354112
813414,0.18963876
813415,0.9833187
813416,0.021372149
813417,0.026012518
813418,0.018638125
813419,0.9050504
813420,0.008799248
813421,0.9906093
813422,0.99313825
813423,0.99844337
813424,0.124626875
813425,0.033024553
813426,0.9096974
813427,0.58652985
813428,0.9957013
813429,0.9746114
813430,0.4116788
813431,0.93862134
813432,0.9952477
813433,0.045230657
813434,0.19677472
813435,0.05147619
813436,0.15584368
813437,0.0048373505
813438,0.0062002866
813439,0.065023154
813440,0.0030058161
813441,0.0135842925
813442,0.9909086
813443,0.97220105
813444,0.41470197
813445,0.9904509
813446,0.9680983
813447,0.07193196
813448,0.064744554
813449,0.402822
813450,0.009063703
813451,0.36366737
813452,0.23014455
813453,0.9154891
813454,0.99207443
813455,0.99140894
813456,0.9897883
813457,0.9837159
813458,0.148859
813459,0.24471092
813460,0.039594814
813461,0.013804298
813462,0.93295085
813463,0.9980656
813464,0.008257694
813465,0.13449927
813466,0.88619685
813467,0.9826877
813468,0.0017662735
813469,0.13300432
813470,0.40968758
813471,0.99630296
813472,0.98703194
813473,0.23046893
813474,0.0017685947
813475,0.081131406
813476,0.9707826
813477,0.0074890135
813478,0.0125800185
813479,0.0007909661
813480,0.99895924
813481,0.037409242
813482,0.9579706
813483,0.021998955
813484,0.988719
813485,0.017422646
813486,0.024906278
813487,0.71446335
813488,0.007359244
813489,0.3159883
813490,0.99307966
813491,0.015317184
813492,0.8730794
813493,0.027358884
813494,0.3024577
813495,0.41078976
813496,0.1373351
813497,0.9034177
813498,0.9239835
813499,0.022383666
813500,0.9308371
813501,0.18971096
813502,0.053966254
813503,0.9906628
813504,0.016498435
813505,0.037539385
813506,0.23942496
813507,0.017224967
813508,0.92286813
813509,0.97053456
813510,0.010988759
813511,0.4007603
813512,0.018080495
813513,0.109401606
813514,0.07311739
813515,0.9488283
813516,0.006554277
813517,0.12627915
813518,0.02587495
813519,0.073383965
813520,0.769655
813521,0.81134677
813522,0.9876186
813523,0.99142665
813524,0.2607497
813525,0.15827115
813526,0.99207217
813527,0.0046401834
813528,0.22342095
813529,0.036530036
813530,0.53779054
813531,0.80096006
813532,0.010111905
813533,0.7196627
813534,0.14895377
813535,0.21273191
813536,0.04809668
813537,0.06328344
813538,0.9432806
813539,0.009351679
813540,0.20186506
813541,0.8451719
813542,0.2569243
813543,0.006786031
813544,0.04054664
813545,0.77752936
813546,0.986797
813547,0.052575704
813548,0.09938821
813549,0.4894769
813550,0.99766606
813551,0.87139
813552,0.007365545
813553,0.558968
813554,0.97235847
813555,0.5327804
813556,0.7744034
813557,0.004161708
813558,0.9518137
813559,0.43643236
813560,0.99556094
813561,0.99600786
813562,0.93821925
813563,0.91928333
813564,0.84819204
813565,0.9976563
813566,0.94849324
813567,0.24841811
813568,0.010652732
813569,0.14563677
813570,0.014873801
813571,0.98849833
813572,0.008419155
813573,0.07286331
813574,0.9842235
813575,0.8858216
813576,0.8970288
813577,0.9883776
813578,0.061792433
813579,0.0637348
813580,0.0111102285
813581,0.1530955
813582,0.88729495
813583,0.59119856
813584,0.00909495
813585,0.016457818
813586,0.0017192257
813587,0.37323928
813588,0.048476245
813589,0.027967224
813590,0.86836964
813591,0.08540108
813592,0.41137815
813593,0.84859055
813594,0.033024907
813595,0.3174848
813596,0.026059745
813597,0.15717828
813598,0.6284347
813599,0.18675981
813600,0.007463948
813601,0.9497591
813602,0.037649594
813603,0.003133515
813604,0.032401808
813605,0.013252709
813606,0.7694396
813607,0.92163634
813608,0.6107126
813609,0.114171
813610,0.56786853
813611,0.9986541
813612,0.038609155
813613,0.97593933
813614,0.6652801
813615,0.012627739
813616,0.053128194
813617,0.05725421
813618,0.99953806
813619,0.8983951
813620,0.98948103
813621,0.022325989
813622,0.783029
813623,0.9772074
813624,0.76092064
813625,0.06344394
813626,0.9748199
813627,0.3523287
813628,0.99775183
813629,0.9696628
813630,0.71538883
813631,0.43538645
813632,0.9126378
813633,0.112353876
813634,0.09065954
813635,0.015273598
813636,0.8557023
813637,0.0060663735
813638,0.12966089
813639,0.13907954
813640,0.037736323
813641,0.82663035
813642,0.006602064
813643,0.49863064
813644,0.0025652042
813645,0.9549871
813646,0.9523773
813647,0.011183796
813648,0.97392887
813649,0.94850916
813650,0.963223
813651,0.0028863228
813652,0.008427917
813653,0.043275632
813654,0.033981834
813655,0.99838245
813656,0.22462824
813657,0.9883406
813658,0.48145524
813659,0.91587734
813660,0.9208921
813661,0.9819621
813662,0.11328031
813663,0.074848086
813664,0.033368725
813665,0.9982212
813666,0.717878
813667,0.043497626
813668,0.98941636
813669,0.05307342
813670,0.23906103
813671,0.043787226
813672,0.97654855
813673,0.8447609
813674,0.9703605
813675,0.28461027
813676,0.9903671
813677,0.04057124
813678,0.8636201
813679,0.07041829
813680,0.98245907
813681,0.18748887
813682,0.006002131
813683,0.006772996
813684,0.5401846
813685,0.039424654
813686,0.2509832
813687,0.99065065
813688,0.011768838
813689,0.89004827
813690,0.6667913
813691,0.0396468
813692,0.02167405
813693,0.17212367
813694,0.98934203
813695,0.98953867
813696,0.03606066
813697,0.99475586
813698,0.9533707
813699,0.98942053
813700,0.024146792
813701,0.9835701
813702,0.10116293
813703,0.9931286
813704,0.004749261
813705,0.21273397
813706,0.0851606
813707,0.044154897
813708,0.013216381
813709,0.9895618
813710,0.021669881
813711,0.94312644
813712,0.76614815
813713,0.010329401
813714,0.9863981
813715,0.9753064
813716,0.021185646
813717,0.031180521
813718,0.88486445
813719,0.26890063
813720,0.024240673
813721,0.9506748
813722,0.01562975
813723,0.097206555
813724,0.010697464
813725,0.9376817
813726,0.0033796038
813727,0.7570266
813728,0.37416178
813729,0.33875832
813730,0.07598844
813731,0.9030737
813732,0.018406922
813733,0.021623818
813734,0.0050939154
813735,0.9369344
813736,0.011568994
813737,0.99296117
813738,0.99895006
813739,0.93308705
813740,0.038157515
813741,0.7449439
813742,0.99146473
813743,0.014775395
813744,0.41193706
813745,0.8851429
813746,0.023040155
813747,0.9789089
813748,0.026774239
813749,0.93365645
813750,0.3495481
813751,0.07994869
813752,0.12171468
813753,0.07707879
813754,0.9903871
813755,0.06841078
813756,0.06326637
813757,0.9988725
813758,0.94956267
813759,0.008553786
813760,0.9725527
813761,0.16831411
813762,0.006758412
813763,0.06614666
813764,0.9714351
813765,0.96305966
813766,0.9668689
813767,0.796195
813768,0.06269358
813769,0.23391223
813770,0.024913093
813771,0.05788518
813772,0.12047626
813773,0.008149605
813774,0.035249803
813775,0.12636708
813776,0.24381933
813777,0.0116877295
813778,0.27775207
813779,0.043344375
813780,0.17644028
813781,0.9945522
813782,0.86164486
813783,0.17730309
813784,0.9832352
813785,0.95089567
813786,0.97542334
813787,0.013054774
813788,0.023612175
813789,0.002325072
813790,0.03900621
813791,0.043557953
813792,0.032532234
813793,0.054415185
813794,0.005754281
813795,0.06420431
813796,0.015681215
813797,0.9992369
813798,0.31034902
813799,0.6647352
813800,0.4663238
813801,0.9968925
813802,0.6075226
813803,0.9564117
813804,0.73282886
813805,0.092362255
813806,0.0044803745
813807,0.10035518
813808,0.17255034
813809,0.84901065
813810,0.92140716
813811,0.0077235354
813812,0.86597556
813813,0.8140553
813814,0.010856016
813815,0.8424262
813816,0.99017465
813817,0.011463659
813818,0.5050493
813819,0.99386424
813820,0.7563395
813821,0.6193112
813822,0.9938132
813823,0.06585626
813824,0.020584665
813825,0.054893184
813826,0.09150182
813827,0.03490654
813828,0.99485385
813829,0.1887086
813830,0.9838704
813831,0.96441394
813832,0.7545394
813833,0.9471339
813834,0.6576377
813835,0.03174757
813836,0.010810858
813837,0.1188537
813838,0.026160982
813839,0.7677152
813840,0.019547347
813841,0.054736536
813842,0.03260029
813843,0.9188602
813844,0.5903904
813845,0.03392247
813846,0.99965155
813847,0.023160072
813848,0.047817163
813849,0.04871367
813850,0.020115178
813851,0.10113939
813852,0.84170043
813853,0.98208344
813854,0.1763986
813855,0.22589229
813856,0.026452597
813857,0.038196255
813858,0.6871183
813859,0.030695077
813860,0.3366959
813861,0.6723613
813862,0.9966657
813863,0.0054057203
813864,0.9431286
813865,0.6270288
813866,0.028872993
813867,0.97866535
813868,0.13026293
813869,0.90555257
813870,0.36329636
813871,0.7436474
813872,0.0293525
813873,0.12354862
813874,0.44138068
813875,0.9096803
813876,0.9985477
813877,0.9076006
813878,0.4494819
813879,0.28481284
813880,0.9576921
813881,0.29135472
813882,0.99856013
813883,0.99622285
813884,0.99937093
813885,0.92339146
813886,0.00653271
813887,0.06998534
813888,0.88820785
813889,0.99589914
813890,0.006187431
813891,0.0096239
813892,0.063409194
813893,0.12803951
813894,0.61105436
813895,0.9963622
813896,0.1481718
813897,0.047682356
813898,0.030280873
813899,0.9936871
813900,0.10366257
813901,0.42166138
813902,0.9202798
813903,0.5425074
813904,0.16411662
813905,0.41914678
813906,0.04459597
813907,0.98774505
813908,0.96601236
813909,0.2634969
813910,0.9315717
813911,0.0356542
813912,0.8155404
813913,0.015235019
813914,0.04102908
813915,0.83616364
813916,0.98153055
813917,0.025212117
813918,0.89280987
813919,0.9523383
813920,0.0051466026
813921,0.016658593
813922,0.022406304
813923,0.0922388
813924,0.9616633
813925,0.031226747
813926,0.93271023
813927,0.99705124
813928,0.008590937
813929,0.9958597
813930,0.99969906
813931,0.30515322
813932,0.15079401
813933,0.1201046
813934,0.013632461
813935,0.40027586
813936,0.97022724
813937,0.96581423
813938,0.26472056
813939,0.65433806
813940,0.82685125
813941,0.99631727
813942,0.095296875
813943,0.9406348
813944,0.021507625
813945,0.05575759
813946,0.9902284
813947,0.005073686
813948,0.55330724
813949,0.044790804
813950,0.99671704
813951,0.009710399
813952,0.9635927
813953,0.021201443
813954,0.909905
813955,0.9866613
813956,0.97199744
813957,0.85201305
813958,0.034445778
813959,0.97484624
813960,0.8987043
813961,0.991084
813962,0.005320604
813963,0.97309446
813964,0.047190838
813965,0.1998539
813966,0.7065726
813967,0.25025967
813968,0.23698905
813969,0.9923083
813970,0.027481057
813971,0.99782753
813972,0.087663576
813973,0.8588052
813974,0.9789024
813975,0.92994845
813976,0.99162394
813977,0.010274428
813978,0.9098459
813979,0.07382951
813980,0.16831812
813981,0.1803475
813982,0.99579823
813983,0.072255716
813984,0.9483048
813985,0.6573074
813986,0.77068377
813987,0.8696363
813988,0.10161173
813989,0.006837818
813990,0.040271915
813991,0.015656935
813992,0.01878327
813993,0.039107837
813994,0.0023624434
813995,0.66369796
813996,0.9966866
813997,0.16189165
813998,0.97592896
813999,0.99582255
814000,0.14122868
814001,0.652175
814002,0.78890365
814003,0.016238932
814004,0.06443678
814005,0.075817846
814006,0.019920852
814007,0.89755803
814008,0.99600285
814009,0.008435385
814010,0.03959656
814011,0.037049193
814012,0.99716574
814013,0.7693217
814014,0.04146164
814015,0.98858714
814016,0.059326272
814017,0.32380027
814018,0.98562455
814019,0.68829465
814020,0.059793852
814021,0.8160557
814022,0.93034387
814023,0.058680367
814024,0.9888931
814025,0.104058616
814026,0.99706537
814027,0.022046892
814028,0.014860183
814029,0.9991888
814030,0.9921499
814031,0.060436223
814032,0.99675703
814033,0.64826614
814034,0.9727543
814035,0.1296775
814036,0.044551734
814037,0.06913322
814038,0.053810492
814039,0.35073522
814040,0.19248593
814041,0.035508797
814042,0.09620511
814043,0.99651104
814044,0.9356745
814045,0.008529183
814046,0.014459091
814047,0.086113624
814048,0.81100786
814049,0.022801887
814050,0.05436302
814051,0.98235494
814052,0.059361305
814053,0.0073975036
814054,0.894947
814055,0.035500914
814056,0.89719355
814057,0.8763372
814058,0.6420679
814059,0.121700816
814060,0.007978187
814061,0.9900731
814062,0.0019361994
814063,0.07476233
814064,0.079658344
814065,0.07457634
814066,0.29041868
814067,0.96791077
814068,0.08202696
814069,0.9970962
814070,0.053765394
814071,0.48607248
814072,0.28806925
814073,0.9715163
814074,0.4154184
814075,0.9981387
814076,0.020658202
814077,0.9729964
814078,0.9709455
814079,0.91324556
814080,0.9994126
814081,0.2882358
814082,0.0054165307
814083,0.023243211
814084,0.99155194
814085,0.9663536
814086,0.98230636
814087,0.009242828
814088,0.93324405
814089,0.9757502
814090,0.18664116
814091,0.006516036
814092,0.32962912
814093,0.96552134
814094,0.93969625
814095,0.014291979
814096,0.702096
814097,0.46435153
814098,0.9419167
814099,0.013931243
814100,0.43629402
814101,0.92618644
814102,0.035440326
814103,0.46168038
814104,0.018391158
814105,0.59469616
814106,0.9847852
814107,0.004321303
814108,0.6379341
814109,0.019260094
814110,0.055614352
814111,0.89278543
814112,0.060356174
814113,0.9622965
814114,0.17856064
814115,0.006858847
814116,0.26105517
814117,0.7227787
814118,0.36621898
814119,0.119407
814120,0.6191029
814121,0.6906209
814122,0.0005007479
814123,0.07780148
814124,0.014019791
814125,0.020582126
814126,0.99365354
814127,0.9941576
814128,0.038659956
814129,0.12997541
814130,0.3629577
814131,0.13180262
814132,0.87106365
814133,0.022485556
814134,0.13617784
814135,0.99156576
814136,0.97949266
814137,0.0063791303
814138,0.95439553
814139,0.99836856
814140,0.9990279
814141,0.9958921
814142,0.9453108
814143,0.20696492
814144,0.6840516
814145,0.13571702
814146,0.9409983
814147,0.9793317
814148,0.029030591
814149,0.7317261
814150,0.053031635
814151,0.97403544
814152,0.08122412
814153,0.9929035
814154,0.9461709
814155,0.42447048
814156,0.019802416
814157,0.9980579
814158,0.58048916
814159,0.365691
814160,0.99714684
814161,0.21711615
814162,0.81397414
814163,0.2485772
814164,0.004588986
814165,0.80300844
814166,0.17358087
814167,0.87719965
814168,0.978469
814169,0.89055383
814170,0.9965482
814171,0.94494104
814172,0.1049691
814173,0.8764552
814174,0.6498505
814175,0.96170455
814176,0.058922037
814177,0.23274617
814178,0.010341129
814179,0.96979564
814180,0.027805716
814181,0.010186115
814182,0.013031869
814183,0.012143157
814184,0.44449133
814185,0.030964954
814186,0.97962284
814187,0.9973213
814188,0.9986321
814189,0.16414286
814190,0.9963442
814191,0.030371225
814192,0.57389176
814193,0.07599519
814194,0.0046536056
814195,0.61565435
814196,0.021087248
814197,0.0030070464
814198,0.03573264
814199,0.1406611
814200,0.94336
814201,0.025508575
814202,0.93948317
814203,0.014313491
814204,0.101334386
814205,0.09058016
814206,0.0020332397
814207,0.0696751
814208,0.71086705
814209,0.122493036
814210,0.1449491
814211,0.1270027
814212,0.8372887
814213,0.060562428
814214,0.90561765
814215,0.8212197
814216,0.10759768
814217,0.33849192
814218,0.7528778
814219,0.7572869
814220,0.91487044
814221,0.8140547
814222,0.023958238
814223,0.92023665
814224,0.5690696
814225,0.08956596
814226,0.66223484
814227,0.0125183435
814228,0.18875223
814229,0.0897852
814230,0.02669295
814231,0.88207924
814232,0.9945425
814233,0.05267772
814234,0.74089104
814235,0.03477953
814236,0.011012773
814237,0.13016643
814238,0.012841031
814239,0.017966736
814240,0.060910795
814241,0.018777747
814242,0.076289445
814243,0.0045118867
814244,0.8636456
814245,0.008846011
814246,0.03366461
814247,0.012796253
814248,0.11617898
814249,0.33181876
814250,0.030381978
814251,0.9113119
814252,0.98526275
814253,0.11710643
814254,0.0031922483
814255,0.11955346
814256,0.9579538
814257,0.031867303
814258,0.7359959
814259,0.9478029
814260,0.002560221
814261,0.2550918
814262,0.08780018
814263,0.97160757
814264,0.9254201
814265,0.5921614
814266,0.0068175457
814267,0.57169837
814268,0.9981965
814269,0.89667577
814270,0.3406875
814271,0.73257244
814272,0.7904966
814273,0.9883775
814274,0.9598249
814275,0.014345457
814276,0.58365285
814277,0.0144216865
814278,0.64672756
814279,0.99800956
814280,0.9338432
814281,0.0045592706
814282,0.06830186
814283,0.40309924
814284,0.97806364
814285,0.7020844
814286,0.13142756
814287,0.008473203
814288,0.9950836
814289,0.9870633
814290,0.0755199
814291,0.9937358
814292,0.9213302
814293,0.042572096
814294,0.022993876
814295,0.497932
814296,0.25534236
814297,0.8841408
814298,0.41109395
814299,0.9915149
814300,0.008638174
814301,0.055055164
814302,0.9492477
814303,0.5652251
814304,0.004489025
814305,0.019535227
814306,0.7859609
814307,0.8380507
814308,0.6844772
814309,0.009680517
814310,0.012719343
814311,0.029465837
814312,0.012341071
814313,0.6523642
814314,0.11562783
814315,0.90806425
814316,0.83636814
814317,0.01264646
814318,0.01866731
814319,0.99858457
814320,0.9545873
814321,0.08591131
814322,0.9716927
814323,0.40790236
814324,0.8000714
814325,0.969701
814326,0.042654973
814327,0.07434942
814328,0.5467798
814329,0.5354072
814330,0.008586666
814331,0.34364498
814332,0.08951917
814333,0.006852228
814334,0.026732566
814335,0.998308
814336,0.13198139
814337,0.84003234
814338,0.009421038
814339,0.996541
814340,0.97813106
814341,0.9768326
814342,0.9699504
814343,0.24022612
814344,0.13462082
814345,0.995685
814346,0.016606208
814347,0.01557924
814348,0.021868426
814349,0.014794337
814350,0.070480496
814351,0.97149956
814352,0.21263428
814353,0.252746
814354,0.040796097
814355,0.09750736
814356,0.9334963
814357,0.001780407
814358,0.025511218
814359,0.004195662
814360,0.024482843
814361,0.41567
814362,0.07920062
814363,0.9953073
814364,0.780713
814365,0.99278706
814366,0.9844667
814367,0.9968202
814368,0.95878464
814369,0.006260064
814370,0.6417464
814371,0.08368853
814372,0.019868353
814373,0.9956738
814374,0.027304009
814375,0.006908358
814376,0.22977397
814377,0.3867824
814378,0.97991264
814379,0.019437373
814380,0.93596154
814381,0.0056495643
814382,0.9913342
814383,0.9697112
814384,0.6003196
814385,0.9861628
814386,0.9599623
814387,0.9979146
814388,0.068046905
814389,0.9217694
814390,0.058818556
814391,0.80258197
814392,0.9852149
814393,0.9004127
814394,0.03931816
814395,0.996381
814396,0.714833
814397,0.0053885225
814398,0.42538518
814399,0.95469004
814400,0.11209061
814401,0.002753077
814402,0.059094734
814403,0.9765985
814404,0.9988702
814405,0.108499765
814406,0.90937495
814407,0.26052743
814408,0.6393602
814409,0.7383854
814410,0.8333396
814411,0.056742527
814412,0.925332
814413,0.006610334
814414,0.008476075
814415,0.0405367
814416,0.94213414
814417,0.9230076
814418,0.04615081
814419,0.9893737
814420,0.9882231
814421,0.9950763
814422,0.016932616
814423,0.99852633
814424,0.0060577365
814425,0.97565186
814426,0.8257225
814427,0.59861636
814428,0.9359892
814429,0.99101716
814430,0.98540866
814431,0.46803582
814432,0.0026035598
814433,0.47470725
814434,0.87125564
814435,0.12971453
814436,0.8694302
814437,0.022522537
814438,0.01828204
814439,0.98750377
814440,0.27422965
814441,0.025154468
814442,0.9585227
814443,0.9905161
814444,0.13887869
814445,0.031179097
814446,0.15460728
814447,0.15395199
814448,0.082458176
814449,0.01831523
814450,0.014204195
814451,0.98148155
814452,0.30367678
814453,0.20662925
814454,0.0118017625
814455,0.0056227837
814456,0.007975309
814457,0.15670471
814458,0.009532695
814459,0.62977165
814460,0.960783
814461,0.057961076
814462,0.048447575
814463,0.043763965
814464,0.11911294
814465,0.027723981
814466,0.472454
814467,0.04361607
814468,0.9285936
814469,0.081226096
814470,0.9993608
814471,0.93598735
814472,0.695542
814473,0.93967664
814474,0.09750275
814475,0.8785075
814476,0.021024315
814477,0.9987031
814478,0.0066168895
814479,0.9271033
814480,0.01661491
814481,0.8986155
814482,0.062355183
814483,0.9795645
814484,0.0069192788
814485,0.006379042
814486,0.16447462
814487,0.04294174
814488,0.9977584
814489,0.9432752
814490,0.99485487
814491,0.23469597
814492,0.045329515
814493,0.78929996
814494,0.22551769
814495,0.06985424
814496,0.11528522
814497,0.25504214
814498,0.9984817
814499,0.76994246
814500,0.5870739
814501,0.4981973
814502,0.0070711775
814503,0.007919007
814504,0.0287315
814505,0.20798796
814506,0.5433625
814507,0.9994911
814508,0.27933478
814509,0.03603107
814510,0.097951874
814511,0.11545375
814512,0.9408363
814513,0.04871607
814514,0.84909797
814515,0.8253733
814516,0.023229104
814517,0.21717927
814518,0.020870626
814519,0.18423614
814520,0.07079156
814521,0.07618659
814522,0.08408126
814523,0.03658808
814524,0.038227446
814525,0.46340322
814526,0.99468744
814527,0.90835404
814528,0.16246578
814529,0.008048808
814530,0.0010720873
814531,0.005172585
814532,0.71977645
814533,0.0013058094
814534,0.40739587
814535,0.9946718
814536,0.99342364
814537,0.81556743
814538,0.06516738
814539,0.54028785
814540,0.237129
814541,0.10368735
814542,0.99842656
814543,0.7979893
814544,0.044951886
814545,0.99071366
814546,0.1508328
814547,0.036216125
814548,0.054832187
814549,0.014564089
814550,0.97963846
814551,0.855142
814552,0.48101476
814553,0.69312465
814554,0.9974272
814555,0.94707644
814556,0.99380606
814557,0.9902643
814558,0.017651137
814559,0.99781907
814560,0.01848366
814561,0.9854311
814562,0.07947726
814563,0.9030755
814564,0.40834522
814565,0.93614197
814566,0.20320705
814567,0.11754979
814568,0.9867534
814569,0.00436343
814570,0.84228814
814571,0.072583094
814572,0.019105557
814573,0.9433433
814574,0.03506675
814575,0.16494866
814576,0.0038530263
814577,0.6452236
814578,0.2812036
814579,0.0027944776
814580,0.9816332
814581,0.2020049
814582,0.99854434
814583,0.9872605
814584,0.72039235
814585,0.0081977155
814586,0.030785495
814587,0.9810077
814588,0.013619407
814589,0.9948033
814590,0.054265447
814591,0.041179236
814592,0.019491326
814593,0.94614935
814594,0.079310864
814595,0.03760079
814596,0.9936859
814597,0.89355886
814598,0.0062490483
814599,0.9911845
814600,0.74661636
814601,0.6980609
814602,0.042158082
814603,0.033344217
814604,0.0006173801
814605,0.003123512
814606,0.88802165
814607,0.9198246
814608,0.6647681
814609,0.9491788
814610,0.87681586
814611,0.053920984
814612,0.028232306
814613,0.05602633
814614,0.9604825
814615,0.9005867
814616,0.07136235
814617,0.032267537
814618,0.9854833
814619,0.01374321
814620,0.5091431
814621,0.79397994
814622,0.016653424
814623,0.03696294
814624,0.67141044
814625,0.10616563
814626,0.01744441
814627,0.047111608
814628,0.016162634
814629,0.018432338
814630,0.92809755
814631,0.91380584
814632,0.004900262
814633,0.019686755
814634,0.012222179
814635,0.94732505
814636,0.03159734
814637,0.009825336
814638,0.017716737
814639,0.7526937
814640,0.12231146
814641,0.4372337
814642,0.9981179
814643,0.9082534
814644,0.94743866
814645,0.009000657
814646,0.044819668
814647,0.9365162
814648,0.96947217
814649,0.06375563
814650,0.0039062276
814651,0.34943724
814652,0.106929146
814653,0.018280152
814654,0.027716212
814655,0.8662566
814656,0.09617247
814657,0.47337225
814658,0.23741211
814659,0.61071366
814660,0.112467796
814661,0.9758955
814662,0.17736936
814663,0.10080737
814664,0.83351326
814665,0.272649
814666,0.07633598
814667,0.20896074
814668,0.003965329
814669,0.9897593
814670,0.9492646
814671,0.452204
814672,0.004507604
814673,0.8816283
814674,0.022634625
814675,0.016138013
814676,0.0031118684
814677,0.96882254
814678,0.99785155
814679,0.9181212
814680,0.979319
814681,0.0056012347
814682,0.8518082
814683,0.88049376
814684,0.68660694
814685,0.27657598
814686,0.012685776
814687,0.00828374
814688,0.8772062
814689,0.032922287
814690,0.01211662
814691,0.21119528
814692,0.9832493
814693,0.99877226
814694,0.014265234
814695,0.0045510517
814696,0.7694315
814697,0.8960404
814698,0.94624484
814699,0.9806078
814700,0.18791364
814701,0.37235823
814702,0.08410346
814703,0.95569396
814704,0.83660877
814705,0.03216608
814706,0.97556055
814707,0.26239836
814708,0.014115455
814709,0.5985265
814710,0.76920766
814711,0.9900985
814712,0.9018968
814713,0.09196723
814714,0.6846578
814715,0.021686796
814716,0.49582326
814717,0.99374115
814718,0.15442893
814719,0.009449286
814720,0.008079706
814721,0.85810953
814722,0.66064596
814723,0.5679054
814724,0.95304394
814725,0.9733088
814726,0.9011674
814727,0.25042194
814728,0.004031699
814729,0.95052236
814730,0.062055178
814731,0.00722035
814732,0.23909475
814733,0.44063744
814734,0.02145436
814735,0.7243175
814736,0.43554977
814737,0.5171321
814738,0.14186114
814739,0.07483672
814740,0.009841086
814741,0.78020865
814742,0.93470967
814743,0.9728079
814744,0.027167488
814745,0.9834473
814746,0.972324
814747,0.47586623
814748,0.086042285
814749,0.99405307
814750,0.7150046
814751,0.013050087
814752,0.97619313
814753,0.8305386
814754,0.0701292
814755,0.9750339
814756,0.3441821
814757,0.015170047
814758,0.19133466
814759,0.101018526
814760,0.11302264
814761,0.81377006
814762,0.31153753
814763,0.13744164
814764,0.1476873
814765,0.1312277
814766,0.9977534
814767,0.99486244
814768,0.00805692
814769,0.89515746
814770,0.9258322
814771,0.23006603
814772,0.9831094
814773,0.94761664
814774,0.012249356
814775,0.7931448
814776,0.9970305
814777,0.9576766
814778,0.57133937
814779,0.36603415
814780,0.90162
814781,0.9478235
814782,0.96809244
814783,0.9388902
814784,0.0046897517
814785,0.985118
814786,0.9619026
814787,0.050880753
814788,0.029903373
814789,0.98543626
814790,0.5753861
814791,0.027015513
814792,0.0703647
814793,0.07888742
814794,0.9707949
814795,0.24571292
814796,0.90909696
814797,0.98579514
814798,0.04817655
814799,0.012230161
814800,0.9739781
814801,0.029536663
814802,0.23176807
814803,0.60674316
814804,0.045438964
814805,0.9963423
814806,0.51086
814807,0.47001225
814808,0.745545
814809,0.9403047
814810,0.78107715
814811,0.429111
814812,0.2533722
814813,0.015658133
814814,0.27455935
814815,0.9456819
814816,0.9704286
814817,0.8399162
814818,0.0030410702
814819,0.9217146
814820,0.002697816
814821,0.98683107
814822,0.98958945
814823,0.8864662
814824,0.8349782
814825,0.929757
814826,0.029861726
814827,0.9316063
814828,0.065880865
814829,0.28325236
814830,0.7658386
814831,0.07164317
814832,0.9829323
814833,0.99724436
814834,0.99229527
814835,0.7861229
814836,0.9463646
814837,0.020943101
814838,0.54353195
814839,0.24829122
814840,0.97800213
814841,0.9457133
814842,0.055309054
814843,0.12115225
814844,0.44431865
814845,0.9960905
814846,0.9634936
814847,0.9801774
814848,0.7756563
814849,0.05881372
814850,0.95291066
814851,0.034182694
814852,0.86686265
814853,0.07462713
814854,0.036641404
814855,0.12771611
814856,0.5475322
814857,0.018625397
814858,0.9365649
814859,0.9144217
814860,0.085307
814861,0.95408535
814862,0.99075806
814863,0.9994387
814864,0.009873543
814865,0.010431126
814866,0.9684813
814867,0.6308515
814868,0.9983869
814869,0.99308574
814870,0.011398202
814871,0.011496416
814872,0.014445172
814873,0.9862723
814874,0.04748115
814875,0.9210166
814876,0.88868517
814877,0.043225225
814878,0.23301098
814879,0.0054796957
814880,0.02479919
814881,0.6037249
814882,0.9712623
814883,0.9946775
814884,0.11212551
814885,0.045746893
814886,0.97919524
814887,0.98900354
814888,0.021322144
814889,0.07960161
814890,0.93377405
814891,0.0050978065
814892,0.98964643
814893,0.013132771
814894,0.3819771
814895,0.26426718
814896,0.00991608
814897,0.9830088
814898,0.0032542923
814899,0.034241915
814900,0.41236806
814901,0.08350247
814902,0.30661976
814903,0.3104014
814904,0.91553724
814905,0.39496475
814906,0.7562625
814907,0.8005081
814908,0.03397178
814909,0.38308263
814910,0.030905928
814911,0.017321896
814912,0.7615759
814913,0.9165721
814914,0.21870545
814915,0.99535656
814916,0.04312344
814917,0.019719608
814918,0.08094354
814919,0.0828337
814920,0.37253577
814921,0.13904303
814922,0.96056664
814923,0.023701636
814924,0.9414144
814925,0.98119575
814926,0.8431231
814927,0.05922385
814928,0.68090236
814929,0.0075171636
814930,0.025736745
814931,0.98520994
814932,0.99144673
814933,0.95057213
814934,0.8861779
814935,0.67735904
814936,0.07151236
814937,0.008016487
814938,0.010143195
814939,0.21509328
814940,0.9982523
814941,0.069373004
814942,0.0765956
814943,0.99375665
814944,0.0050235214
814945,0.37755775
814946,0.0035266955
814947,0.016863178
814948,0.6759306
814949,0.95517594
814950,0.099126935
814951,0.6731805
814952,0.96154934
814953,0.09257468
814954,0.09583348
814955,0.9969958
814956,0.53866947
814957,0.995008
814958,0.015167688
814959,0.9728291
814960,0.9002579
814961,0.0045073507
814962,0.007685549
814963,0.027139384
814964,0.48179182
814965,0.09683753
814966,0.18705587
814967,0.5686165
814968,0.9695627
814969,0.27151287
814970,0.017253773
814971,0.03093965
814972,0.9291064
814973,0.007219552
814974,0.30586097
814975,0.21090184
814976,0.07780893
814977,0.009693188
814978,0.6952015
814979,0.04809732
814980,0.0048561846
814981,0.98105985
814982,0.73519397
814983,0.04708325
814984,0.9957185
814985,0.03098322
814986,0.29616708
814987,0.99071014
814988,0.0139709925
814989,0.724714
814990,0.16525708
814991,0.8356584
814992,0.03138759
814993,0.052469827
814994,0.96566844
814995,0.9752044
814996,0.10872762
814997,0.02565196
814998,0.991648
814999,0.04861257
815000,0.0028154952
815001,0.9921741
815002,0.10039369
815003,0.82637686
815004,0.026644433
815005,0.7799888
815006,0.67764145
815007,0.0977226
815008,0.9984392
815009,0.040959954
815010,0.08989729
815011,0.019200448
815012,0.44097042
815013,0.2019403
815014,0.05878144
815015,0.27331913
815016,0.29460943
815017,0.101609856
815018,0.006980666
815019,0.9609573
815020,0.024976755
815021,0.0048806556
815022,0.023069857
815023,0.9988628
815024,0.57653534
815025,0.120860115
815026,0.10740884
815027,0.021727966
815028,0.94443405
815029,0.0021167952
815030,0.99391246
815031,0.9896106
815032,0.044055812
815033,0.9973893
815034,0.12517911
815035,0.9782709
815036,0.1674203
815037,0.8043822
815038,0.028514177
815039,0.14427076
815040,0.058864035
815041,0.056842055
815042,0.05727157
815043,0.32108268
815044,0.007922608
815045,0.981528
815046,0.022771832
815047,0.74415636
815048,0.4324404
815049,0.0035858834
815050,0.25365275
815051,0.025426
815052,0.78710026
815053,0.063716754
815054,0.06318281
815055,0.89734346
815056,0.16264574
815057,0.006661817
815058,0.99080825
815059,0.5865659
815060,0.99763006
815061,0.013223906
815062,0.9978302
815063,0.13336995
815064,0.12359944
815065,0.01783022
815066,0.9979006
815067,0.16428436
815068,0.9915672
815069,0.7313069
815070,0.026066637
815071,0.8736053
815072,0.0881298
815073,0.9754919
815074,0.9434843
815075,0.06528095
815076,0.0068755057
815077,0.46325293
815078,0.16004898
815079,0.014163677
815080,0.19560167
815081,0.03153975
815082,0.99357843
815083,0.8924484
815084,0.8099635
815085,0.8402443
815086,0.022142146
815087,0.071617305
815088,0.54221547
815089,0.025344394
815090,0.8585927
815091,0.018899223
815092,0.05294125
815093,0.85359704
815094,0.9891856
815095,0.96964246
815096,0.05656653
815097,0.97120154
815098,0.8911359
815099,0.9536663
815100,0.568522
815101,0.07434585
815102,0.9974735
815103,0.48609647
815104,0.9970958
815105,0.03184888
815106,0.67253983
815107,0.984823
815108,0.9069735
815109,0.080338635
815110,0.94652855
815111,0.9976661
815112,0.022232868
815113,0.011177903
815114,0.8763197
815115,0.041144285
815116,0.5884552
815117,0.92594826
815118,0.9851161
815119,0.7103244
815120,0.8953972
815121,0.7177446
815122,0.031661954
815123,0.86090183
815124,0.025729436
815125,0.002287213
815126,0.007798656
815127,0.96868217
815128,0.010463301
815129,0.017564846
815130,0.030714292
815131,0.97203887
815132,0.47129613
815133,0.40644878
815134,0.99610734
815135,0.9882819
815136,0.90238184
815137,0.013745702
815138,0.9982827
815139,0.88779616
815140,0.027031686
815141,0.96030235
815142,0.19152027
815143,0.0053996714
815144,0.101165935
815145,0.006376495
815146,0.019045996
815147,0.97108877
815148,0.6767162
815149,0.020882636
815150,0.990211
815151,0.4932474
815152,0.041104324
815153,0.998623
815154,0.58148116
815155,0.36688662
815156,0.0067148656
815157,0.94186276
815158,0.0142819835
815159,0.9875827
815160,0.6212475
815161,0.0594992
815162,0.02288111
815163,0.96027267
815164,0.3900335
815165,0.13043782
815166,0.14124528
815167,0.024170853
815168,0.30039853
815169,0.12387425
815170,0.42386058
815171,0.17753609
815172,0.97525156
815173,0.93434304
815174,0.34132445
815175,0.015417721
815176,0.024305036
815177,0.7566819
815178,0.3766798
815179,0.111790225
815180,0.08271621
815181,0.0066222586
815182,0.9981538
815183,0.11357149
815184,0.07844643
815185,0.005790702
815186,0.79787856
815187,0.00576644
815188,0.037141304
815189,0.10136736
815190,0.78428775
815191,0.054551728
815192,0.9964771
815193,0.98911047
815194,0.0455745
815195,0.053551707
815196,0.07300338
815197,0.984459
815198,0.9877683
815199,0.034459546
815200,0.015597939
815201,0.9279446
815202,0.0043041594
815203,0.046166506
815204,0.36583608
815205,0.56967276
815206,0.025227776
815207,0.9987012
815208,0.9534179
815209,0.0017733033
815210,0.0075652217
815211,0.011864975
815212,0.013324812
815213,0.9664625
815214,0.97959495
815215,0.04731677
815216,0.1189952
815217,0.026122255
815218,0.91184115
815219,0.0083711855
815220,0.9404608
815221,0.89282006
815222,0.10547115
815223,0.018172577
815224,0.13482577
815225,0.038884394
815226,0.77002704
815227,0.013672447
815228,0.98491484
815229,0.13115214
815230,0.73909473
815231,0.23432952
815232,0.66970205
815233,0.053349793
815234,0.5692179
815235,0.5082872
815236,0.005002955
815237,0.5647116
815238,0.8738569
815239,0.9491781
815240,0.015089465
815241,0.46015236
815242,0.10594142
815243,0.010525672
815244,0.6498258
815245,0.15421462
815246,0.028415702
815247,0.99391174
815248,0.97775507
815249,0.1407002
815250,0.956021
815251,0.47562152
815252,0.7542201
815253,0.7695063
815254,0.90422326
815255,0.8538679
815256,0.9873285
815257,0.14464365
815258,0.9928683
815259,0.022811554
815260,0.040978856
815261,0.27957702
815262,0.0018522907
815263,0.86160934
815264,0.015547439
815265,0.08888183
815266,0.998746
815267,0.9772043
815268,0.6591219
815269,0.09561029
815270,0.12304866
815271,0.9995968
815272,0.13991329
815273,0.062770806
815274,0.00823567
815275,0.017039796
815276,0.00782092
815277,0.021481538
815278,0.11123293
815279,0.41190076
815280,0.104640804
815281,0.31678098
815282,0.20360959
815283,0.03216082
815284,0.008025961
815285,0.91663647
815286,0.6759969
815287,0.04353325
815288,0.01913108
815289,0.5642925
815290,0.055346217
815291,0.02774885
815292,0.029086675
815293,0.99924195
815294,0.9441074
815295,0.03653789
815296,0.9523455
815297,0.99633217
815298,0.87643087
815299,0.008396419
815300,0.9893421
815301,0.9585925
815302,0.950678
815303,0.97689927
815304,0.018851995
815305,0.10305168
815306,0.9966419
815307,0.28886187
815308,0.3039431
815309,0.9432501
815310,0.99345875
815311,0.97752595
815312,0.91443557
815313,0.03897417
815314,0.05185781
815315,0.13651589
815316,0.110245645
815317,0.043604344
815318,0.9400176
815319,0.53315574
815320,0.058297995
815321,0.973294
815322,0.99706185
815323,0.02313797
815324,0.44175082
815325,0.021747366
815326,0.9951767
815327,0.70570046
815328,0.31888783
815329,0.9661938
815330,0.0036794003
815331,0.52292776
815332,0.18717161
815333,0.4475512
815334,0.089210115
815335,0.0034073042
815336,0.003445927
815337,0.022701684
815338,0.24238314
815339,0.0070470003
815340,0.10659394
815341,0.61613417
815342,0.9230771
815343,0.24855025
815344,0.9791576
815345,0.0048175985
815346,0.03378776
815347,0.66335475
815348,0.006442101
815349,0.012116669
815350,0.9546282
815351,0.996604
815352,0.042450402
815353,0.9967403
815354,0.97610956
815355,0.011216128
815356,0.7235002
815357,0.029375497
815358,0.0029245932
815359,0.9692235
815360,0.009140757
815361,0.39363828
815362,0.9979646
815363,0.076553725
815364,0.9960331
815365,0.01136062
815366,0.035496704
815367,0.543647
815368,0.0069144154
815369,0.06018152
815370,0.020587564
815371,0.09263446
815372,0.3291758
815373,0.008134643
815374,0.9645366
815375,0.008570414
815376,0.7796978
815377,0.106412925
815378,0.10360195
815379,0.0021026484
815380,0.027104042
815381,0.6673942
815382,0.002292639
815383,0.56232417
815384,0.0058846343
815385,0.25292945
815386,0.98101443
815387,0.017270453
815388,0.8254888
815389,0.8519497
815390,0.024240423
815391,0.7779719
815392,0.8158217
815393,0.0064030364
815394,0.010398494
815395,0.96664333
815396,0.9669705
815397,0.054732308
815398,0.9349925
815399,0.99773085
815400,0.24811636
815401,0.0117986025
815402,0.00564416
815403,0.87671214
815404,0.008112042
815405,0.09859125
815406,0.9925116
815407,0.70086884
815408,0.4441862
815409,0.9643125
815410,0.1891773
815411,0.36344752
815412,0.9459622
815413,0.95538175
815414,0.75563955
815415,0.9971147
815416,0.4393932
815417,0.7191958
815418,0.11774861
815419,0.8585466
815420,0.60908115
815421,0.97214407
815422,0.017507296
815423,0.35124084
815424,0.9486417
815425,0.11153266
815426,0.68375075
815427,0.637953
815428,0.07575985
815429,0.2681021
815430,0.42053518
815431,0.43393427
815432,0.055721883
815433,0.3059492
815434,0.13446233
815435,0.9473116
815436,0.039619472
815437,0.032996185
815438,0.81578064
815439,0.7248293
815440,0.10445288
815441,0.013939096
815442,0.9971457
815443,0.9539995
815444,0.53146034
815445,0.924373
815446,0.9074284
815447,0.6042199
815448,0.5827165
815449,0.85658956
815450,0.13538635
815451,0.050047174
815452,0.8992579
815453,0.004424628
815454,0.006323677
815455,0.24820596
815456,0.008136287
815457,0.9989885
815458,0.97509056
815459,0.9733745
815460,0.012700826
815461,0.0048715775
815462,0.0173725
815463,0.01902452
815464,0.32411397
815465,0.09328609
815466,0.013024322
815467,0.9983609
815468,0.013642649
815469,0.9562969
815470,0.10095181
815471,0.36347544
815472,0.0129014775
815473,0.9797965
815474,0.44775593
815475,0.9429961
815476,0.025872383
815477,0.0031309738
815478,0.94064546
815479,0.4177923
815480,0.019710151
815481,0.96881497
815482,0.91450167
815483,0.9854217
815484,0.861817
815485,0.9755168
815486,0.040545434
815487,0.96586096
815488,0.09383989
815489,0.99498504
815490,0.028792754
815491,0.042873625
815492,0.008355072
815493,0.8137841
815494,0.024628578
815495,0.0041602785
815496,0.23076709
815497,0.9851011
815498,0.81156886
815499,0.13837375
815500,0.97516954
815501,0.04545694
815502,0.5807148
815503,0.04088057
815504,0.9428207
815505,0.95821506
815506,0.99054664
815507,0.55764437
815508,0.22361039
815509,0.023607677
815510,0.008387495
815511,0.9968227
815512,0.44584462
815513,0.18923911
815514,0.023777105
815515,0.01370379
815516,0.0040136976
815517,0.015771583
815518,0.13566513
815519,0.99276567
815520,0.009308852
815521,0.013248779
815522,0.06849061
815523,0.06722164
815524,0.022685606
815525,0.6236708
815526,0.9720881
815527,0.052548576
815528,0.107344694
815529,0.036894068
815530,0.97959983
815531,0.04800749
815532,0.014382976
815533,0.0012167837
815534,0.8645376
815535,0.20112833
815536,0.7946628
815537,0.15885356
815538,0.97987556
815539,0.9945977
815540,0.014172571
815541,0.008387438
815542,0.75807095
815543,0.015347595
815544,0.002615049
815545,0.0028873822
815546,0.8384076
815547,0.95642996
815548,0.7806366
815549,0.0010382585
815550,0.6305949
815551,0.23420957
815552,0.037558213
815553,0.05067848
815554,0.5614406
815555,0.0089880675
815556,0.9911453
815557,0.14979705
815558,0.058518678
815559,0.3983381
815560,0.18460111
815561,0.006574862
815562,0.1216338
815563,0.98788816
815564,0.218655
815565,0.99409586
815566,0.3643288
815567,0.02340273
815568,0.012891179
815569,0.7101686
815570,0.9591756
815571,0.006092518
815572,0.9937709
815573,0.07573086
815574,0.016136184
815575,0.74630475
815576,0.74511516
815577,0.61767864
815578,0.019281188
815579,0.9894849
815580,0.7654263
815581,0.11653249
815582,0.99523306
815583,0.0025312009
815584,0.046256784
815585,0.90431905
815586,0.9587228
815587,0.05709692
815588,0.97895324
815589,0.004890647
815590,0.97757494
815591,0.045024034
815592,0.9931483
815593,0.05162194
815594,0.9951703
815595,0.1623596
815596,0.6151843
815597,0.0363181
815598,0.01379192
815599,0.59515464
815600,0.969787
815601,0.99695
815602,0.97299135
815603,0.964594
815604,0.18241793
815605,0.034364402
815606,0.10260254
815607,0.94829196
815608,0.028977964
815609,0.008345445
815610,0.011828778
815611,0.19317986
815612,0.014133625
815613,0.15915337
815614,0.9875032
815615,0.0073805954
815616,0.06408428
815617,0.006280728
815618,0.33524045
815619,0.8059342
815620,0.81957066
815621,0.9955348
815622,0.5845288
815623,0.99123466
815624,0.992725
815625,0.87874556
815626,0.0056546666
815627,0.00094112393
815628,0.87644947
815629,0.002796466
815630,0.6536021
815631,0.08911909
815632,0.957971
815633,0.9400173
815634,0.021108786
815635,0.0036644675
815636,0.34748027
815637,0.030282237
815638,0.019685615
815639,0.02216531
815640,0.11895398
815641,0.020456154
815642,0.02607089
815643,0.9938861
815644,0.005491009
815645,0.0213524
815646,0.0133899925
815647,0.13977024
815648,0.99589866
815649,0.006833502
815650,0.91198444
815651,0.012342391
815652,0.0033166509
815653,0.703878
815654,0.6514925
815655,0.14795227
815656,0.0839673
815657,0.98306704
815658,0.021652676
815659,0.90286666
815660,0.80049914
815661,0.07452029
815662,0.9701294
815663,0.99441254
815664,0.7924503
815665,0.0048458986
815666,0.98723805
815667,0.021537807
815668,0.017942257
815669,0.91404957
815670,0.066557616
815671,0.74253654
815672,0.99285436
815673,0.35516626
815674,0.8087827
815675,0.22827426
815676,0.037933655
815677,0.88504946
815678,0.99296623
815679,0.028032606
815680,0.88010037
815681,0.013981608
815682,0.97153
815683,0.0587423
815684,0.9731333
815685,0.8619169
815686,0.96627575
815687,0.8999549
815688,0.058482043
815689,0.84314877
815690,0.062770344
815691,0.15883824
815692,0.055166457
815693,0.33525917
815694,0.07088572
815695,0.99566585
815696,0.30993572
815697,0.0041425284
815698,0.84313774
815699,0.4886394
815700,0.010915318
815701,0.8554966
815702,0.021972349
815703,0.49755934
815704,0.20813191
815705,0.22291815
815706,0.9200154
815707,0.21749212
815708,0.14578435
815709,0.41650242
815710,0.8261431
815711,0.19653909
815712,0.9520865
815713,0.02799379
815714,0.8534767
815715,0.98397374
815716,0.9456583
815717,0.043504763
815718,0.07734496
815719,0.9458722
815720,0.99810433
815721,0.25191432
815722,0.105003655
815723,0.9885944
815724,0.9979491
815725,0.4774586
815726,0.8301034
815727,0.5281018
815728,0.03123408
815729,0.8683667
815730,0.9943297
815731,0.22724997
815732,0.6091403
815733,0.4590966
815734,0.021841161
815735,0.04989582
815736,0.116750985
815737,0.028937634
815738,0.010826875
815739,0.9770107
815740,0.011134399
815741,0.7006458
815742,0.91153896
815743,0.6632757
815744,0.60711586
815745,0.059212927
815746,0.99459237
815747,0.18452045
815748,0.03147759
815749,0.7896182
815750,0.022820216
815751,0.99432087
815752,0.008657705
815753,0.08190218
815754,0.9660285
815755,0.050926253
815756,0.9957651
815757,0.24106824
815758,0.013513423
815759,0.718983
815760,0.022583697
815761,0.9312745
815762,0.9409672
815763,0.013076669
815764,0.42203635
815765,0.9913813
815766,0.99795794
815767,0.02163976
815768,0.93196124
815769,0.9925437
815770,0.9101769
815771,0.014069367
815772,0.078148335
815773,0.6595427
815774,0.18712799
815775,0.87460434
815776,0.9310856
815777,0.97312546
815778,0.05755351
815779,0.060337998
815780,0.9794355
815781,0.021542076
815782,0.99027574
815783,0.99654716
815784,0.010103126
815785,0.017289687
815786,0.85805523
815787,0.9782221
815788,0.011192162
815789,0.054590415
815790,0.8440609
815791,0.037683617
815792,0.98803616
815793,0.0021401863
815794,0.381956
815795,0.629238
815796,0.88620627
815797,0.012127843
815798,0.9141359
815799,0.0067617865
815800,0.99652207
815801,0.018486694
815802,0.32370782
815803,0.96549416
815804,0.008165229
815805,0.07644851
815806,0.0138040595
815807,0.006077743
815808,0.007730612
815809,0.011996303
815810,0.9653363
815811,0.012728467
815812,0.0048443843
815813,0.07636084
815814,0.013825027
815815,0.037758566
815816,0.9015113
815817,0.11682096
815818,0.06432453
815819,0.7290604
815820,0.08903903
815821,0.96436787
815822,0.012511392
815823,0.74044406
815824,0.9904899
815825,0.90775234
815826,0.011582909
815827,0.5967067
815828,0.04441914
815829,0.0649671
815830,0.14870133
815831,0.022876568
815832,0.99655986
815833,0.43177494
815834,0.0072491462
815835,0.4693068
815836,0.00309692
815837,0.9697582
815838,0.05084925
815839,0.13722068
815840,0.03414892
815841,0.8118578
815842,0.93604314
815843,0.97933316
815844,0.0021024211
815845,0.055742502
815846,0.0063042757
815847,0.7879923
815848,0.028625323
815849,0.98647124
815850,0.0007341994
815851,0.008060277
815852,0.6851925
815853,0.036634132
815854,0.09486118
815855,0.9666114
815856,0.6934782
815857,0.18424693
815858,0.97151923
815859,0.9899394
815860,0.15280454
815861,0.9933332
815862,0.019138945
815863,0.7785831
815864,0.037337057
815865,0.16481176
815866,0.96150917
815867,0.8567712
815868,0.040625975
815869,0.80409086
815870,0.025900535
815871,0.57539177
815872,0.0012818954
815873,0.3923291
815874,0.025930203
815875,0.017400289
815876,0.9837077
815877,0.9873364
815878,0.018350478
815879,0.81498235
815880,0.0755973
815881,0.042796485
815882,0.6536652
815883,0.99011874
815884,0.99458885
815885,0.28086594
815886,0.07740857
815887,0.948031
815888,0.65203524
815889,0.84933907
815890,0.9511122
815891,0.00032960722
815892,0.8887574
815893,0.017561777
815894,0.9770734
815895,0.010407076
815896,0.008322934
815897,0.8293519
815898,0.98985004
815899,0.5685289
815900,0.9976795
815901,0.96560454
815902,0.9401292
815903,0.93803763
815904,0.026079185
815905,0.8530654
815906,0.888842
815907,0.10656331
815908,0.0077532036
815909,0.006031108
815910,0.9629965
815911,0.022535197
815912,0.42234385
815913,0.79605997
815914,0.027641803
815915,0.4713112
815916,0.08605033
815917,0.85719436
815918,0.015983466
815919,0.021686604
815920,0.017823242
815921,0.9727473
815922,0.02599092
815923,0.9771668
815924,0.9214587
815925,0.989838
815926,0.6991591
815927,0.041620858
815928,0.83548355
815929,0.016041834
815930,0.27667624
815931,0.43450633
815932,0.41604045
815933,0.97044194
815934,0.026616218
815935,0.58635914
815936,0.07395086
815937,0.046037935
815938,0.73794234
815939,0.23011407
815940,0.006838589
815941,0.7245437
815942,0.60973835
815943,0.015797848
815944,0.2832842
815945,0.23062283
815946,0.8299193
815947,0.9654327
815948,0.38161477
815949,0.11831585
815950,0.050611813
815951,0.56913346
815952,0.2835849
815953,0.0014759736
815954,0.03623356
815955,0.002357117
815956,0.21270561
815957,0.9972643
815958,0.0794676
815959,0.5891321
815960,0.99671793
815961,0.9821063
815962,0.048830785
815963,0.8109162
815964,0.0044972645
815965,0.011363571
815966,0.9097534
815967,0.017789086
815968,0.87154716
815969,0.98998266
815970,0.32312715
815971,0.034802787
815972,0.012174541
815973,0.040625636
815974,0.14398718
815975,0.9763491
815976,0.0070384787
815977,0.12929706
815978,0.80336064
815979,0.004600353
815980,0.5095043
815981,0.6801748
815982,0.04681218
815983,0.006831594
815984,0.004289874
815985,0.94856316
815986,0.7872188
815987,0.010045738
815988,0.8033845
815989,0.8185788
815990,0.69880295
815991,0.009320408
815992,0.028875707
815993,0.04165265
815994,0.51837015
815995,0.015097369
815996,0.008745114
815997,0.90947515
815998,0.97843134
815999,0.7291745
816000,0.011487581
816001,0.0084235845
816002,0.07993665
816003,0.9304999
816004,0.96400934
816005,0.9943457
816006,0.96008825
816007,0.008913014
816008,0.4524824
816009,0.43015322
816010,0.043842956
816011,0.7299808
816012,0.726913
816013,0.20381327
816014,0.8172433
816015,0.976983
816016,0.9976165
816017,0.98541605
816018,0.89885676
816019,0.9933723
816020,0.19025221
816021,0.99719745
816022,0.91613764
816023,0.016672593
816024,0.8865466
816025,0.39584464
816026,0.0039170855
816027,0.99564046
816028,0.08597776
816029,0.8799698
816030,0.18266787
816031,0.011712779
816032,0.0013229541
816033,0.680959
816034,0.08938232
816035,0.1658291
816036,0.99639785
816037,0.99677944
816038,0.029904481
816039,0.9123512
816040,0.1286695
816041,0.99302316
816042,0.63214815
816043,0.9938934
816044,0.0035700414
816045,0.015166302
816046,0.026060898
816047,0.07833253
816048,0.16307844
816049,0.9632755
816050,0.4312816
816051,0.22612989
816052,0.10905552
816053,0.94475365
816054,0.9759759
816055,0.85118616
816056,0.013792199
816057,0.036768906
816058,0.33490032
816059,0.010741721
816060,0.9948155
816061,0.9391612
816062,0.48778906
816063,0.02496895
816064,0.3599668
816065,0.09195352
816066,0.9428174
816067,0.3880477
816068,0.3406012
816069,0.022938248
816070,0.0054863277
816071,0.9506376
816072,0.052210543
816073,0.013471744
816074,0.018411104
816075,0.0028079096
816076,0.04843427
816077,0.9850676
816078,0.9196121
816079,0.9674369
816080,0.9942388
816081,0.54730886
816082,0.020623567
816083,0.97083944
816084,0.055506933
816085,0.37149736
816086,0.019638285
816087,0.028384287
816088,0.1015208
816089,0.03570832
816090,0.019208007
816091,0.7030981
816092,0.17651261
816093,0.98944664
816094,0.12417102
816095,0.07032612
816096,0.9824061
816097,0.008707736
816098,0.65336215
816099,0.16009775
816100,0.014282498
816101,0.029305056
816102,0.98976207
816103,0.22541367
816104,0.12800848
816105,0.9709562
816106,0.6539381
816107,0.023296311
816108,0.8014745
816109,0.00847618
816110,0.5936719
816111,0.98531044
816112,0.9455574
816113,0.80233204
816114,0.9876584
816115,0.99473286
816116,0.705915
816117,0.97998035
816118,0.8692643
816119,0.80208254
816120,0.11099786
816121,0.17434993
816122,0.03788752
816123,0.027033338
816124,0.0076107346
816125,0.92820907
816126,0.33863536
816127,0.81450236
816128,0.9978815
816129,0.96105325
816130,0.004236938
816131,0.97472227
816132,0.9863768
816133,0.13995084
816134,0.028357463
816135,0.97851515
816136,0.022469452
816137,0.30262297
816138,0.015528093
816139,0.55608666
816140,0.13502699
816141,0.49466863
816142,0.995296
816143,0.941539
816144,0.96494853
816145,0.004813515
816146,0.7111765
816147,0.672452
816148,0.37579176
816149,0.4827305
816150,0.9403283
816151,0.01715883
816152,0.31362718
816153,0.9776338
816154,0.99376655
816155,0.39685032
816156,0.017233323
816157,0.9682938
816158,0.007941887
816159,0.061542615
816160,0.7427489
816161,0.04743079
816162,0.5533105
816163,0.9271672
816164,0.019578984
816165,0.61498356
816166,0.0040397677
816167,0.019651724
816168,0.0050695306
816169,0.039034232
816170,0.99319696
816171,0.99196124
816172,0.96547353
816173,0.02986234
816174,0.010500548
816175,0.9950099
816176,0.12451075
816177,0.9983883
816178,0.8875656
816179,0.99950683
816180,0.31179252
816181,0.9733339
816182,0.41073686
816183,0.0070282496
816184,0.93101645
816185,0.14360975
816186,0.7215536
816187,0.0525377
816188,0.1394564
816189,0.2197501
816190,0.029243354
816191,0.9821561
816192,0.023383737
816193,0.99547493
816194,0.44398743
816195,0.41511774
816196,0.1982398
816197,0.024386423
816198,0.97767305
816199,0.9114073
816200,0.09612625
816201,0.7634783
816202,0.5278615
816203,0.9859394
816204,0.08885319
816205,0.921495
816206,0.9903271
816207,0.54773057
816208,0.9390157
816209,0.12408915
816210,0.9297831
816211,0.06879942
816212,0.5398168
816213,0.15199476
816214,0.0060751163
816215,0.028156586
816216,0.992293
816217,0.030610569
816218,0.0975115
816219,0.02897925
816220,0.01152162
816221,0.9976643
816222,0.05930839
816223,0.0024188245
816224,0.02924597
816225,0.7723424
816226,0.07795938
816227,0.2637474
816228,0.023634821
816229,0.9405862
816230,0.9922391
816231,0.40518332
816232,0.92735887
816233,0.02194079
816234,0.957644
816235,0.9743601
816236,0.3985538
816237,0.9687522
816238,0.7733526
816239,0.07352278
816240,0.09158874
816241,0.9953532
816242,0.018307466
816243,0.9828726
816244,0.97164243
816245,0.6919544
816246,0.18256448
816247,0.015980681
816248,0.0060683074
816249,0.009773335
816250,0.13509566
816251,0.6177093
816252,0.10665491
816253,0.4803854
816254,0.08009478
816255,0.2941928
816256,0.73735803
816257,0.0045289565
816258,0.16763377
816259,0.5730746
816260,0.9940754
816261,0.22559167
816262,0.7715904
816263,0.04316442
816264,0.008792449
816265,0.22677892
816266,0.65184474
816267,0.9970778
816268,0.73197997
816269,0.03523983
816270,0.010666301
816271,0.05104523
816272,0.9197579
816273,0.9846989
816274,0.91635334
816275,0.010630829
816276,0.5489994
816277,0.18873745
816278,0.062517986
816279,0.377671
816280,0.96885103
816281,0.63355416
816282,0.005549919
816283,0.4262109
816284,0.70834386
816285,0.13627881
816286,0.15005022
816287,0.9936317
816288,0.94412285
816289,0.7715706
816290,0.14704815
816291,0.00310291
816292,0.9682114
816293,0.002048661
816294,0.9885807
816295,0.1396772
816296,0.72220206
816297,0.27399603
816298,0.014314893
816299,0.14229628
816300,0.99914265
816301,0.005937035
816302,0.028321296
816303,0.97300494
816304,0.97948116
816305,0.37950742
816306,0.446432
816307,0.0030867553
816308,0.007652939
816309,0.003815379
816310,0.90884334
816311,0.9966759
816312,0.9957579
816313,0.14268744
816314,0.7571719
816315,0.94093823
816316,0.3667386
816317,0.06613676
816318,0.8282411
816319,0.037179545
816320,0.06714487
816321,0.18542106
816322,0.99455166
816323,0.9928138
816324,0.005786394
816325,0.041066546
816326,0.88450223
816327,0.028748285
816328,0.0065720687
816329,0.054629683
816330,0.022642966
816331,0.010549386
816332,0.09475482
816333,0.020013718
816334,0.9860318
816335,0.9374385
816336,0.7556461
816337,0.86322975
816338,0.91422844
816339,0.9200766
816340,0.0008279021
816341,0.018871766
816342,0.06166759
816343,0.050880764
816344,0.9743663
816345,0.425348
816346,0.6364683
816347,0.644999
816348,0.012091944
816349,0.112687685
816350,0.6583635
816351,0.99203855
816352,0.6171173
816353,0.99686
816354,0.004397294
816355,0.9883856
816356,0.10773153
816357,0.09928857
816358,0.85226667
816359,0.6293315
816360,0.0363703
816361,0.9069129
816362,0.7842073
816363,0.10042735
816364,0.0176224
816365,0.97473514
816366,0.06790444
816367,0.013787524
816368,0.028447118
816369,0.89826334
816370,0.4805766
816371,0.014836508
816372,0.21154419
816373,0.86127543
816374,0.78819525
816375,0.77405775
816376,0.3690742
816377,0.0072432407
816378,0.35920852
816379,0.0077088308
816380,0.5068457
816381,0.008011543
816382,0.13599257
816383,0.9994439
816384,0.6155825
816385,0.008204642
816386,0.838352
816387,0.8989631
816388,0.08441533
816389,0.021544803
816390,0.99333733
816391,0.028678332
816392,0.91638666
816393,0.08165035
816394,0.10645801
816395,0.9859687
816396,0.0073419567
816397,0.98035944
816398,0.044553116
816399,0.10975624
816400,0.3863922
816401,0.02399841
816402,0.8885905
816403,0.011519739
816404,0.003195698
816405,0.19841814
816406,0.123499796
816407,0.99745643
816408,0.9745328
816409,0.013181421
816410,0.90967816
816411,0.6484827
816412,0.007412008
816413,0.15333387
816414,0.9808916
816415,0.97032017
816416,0.029232303
816417,0.04563048
816418,0.939118
816419,0.28533548
816420,0.05491648
816421,0.018127473
816422,0.9857929
816423,0.05109212
816424,0.6600354
816425,0.97954834
816426,0.36365935
816427,0.5601709
816428,0.04991527
816429,0.005225671
816430,0.9405877
816431,0.97929126
816432,0.036128484
816433,0.86318904
816434,0.9671569
816435,0.047177847
816436,0.015862096
816437,0.96368235
816438,0.96361554
816439,0.9929914
816440,0.025653563
816441,0.48384726
816442,0.012888295
816443,0.20045653
816444,0.011943698
816445,0.010516153
816446,0.04993969
816447,0.15936098
816448,0.6486625
816449,0.9908061
816450,0.006789114
816451,0.26411444
816452,0.9724852
816453,0.004558942
816454,0.6698214
816455,0.9841566
816456,0.88568515
816457,0.77441853
816458,0.009103545
816459,0.123305395
816460,0.13182041
816461,0.9311255
816462,0.19969836
816463,0.00440067
816464,0.011703373
816465,0.9414432
816466,0.110692605
816467,0.036697503
816468,0.9940927
816469,0.18862037
816470,0.65085405
816471,0.6800069
816472,0.944922
816473,0.033090185
816474,0.063238814
816475,0.050247826
816476,0.0027085305
816477,0.01177867
816478,0.9657148
816479,0.67831266
816480,0.9682119
816481,0.083445534
816482,0.9980738
816483,0.2858307
816484,0.008516189
816485,0.024173286
816486,0.130522
816487,0.016074197
816488,0.06262905
816489,0.021838147
816490,0.0053382996
816491,0.053066503
816492,0.026938789
816493,0.99085444
816494,0.016355248
816495,0.8895098
816496,0.9716149
816497,0.2738325
816498,0.00474587
816499,0.07380006
816500,0.16281244
816501,0.7170628
816502,0.0468859
816503,0.11362744
816504,0.33753303
816505,0.014199963
816506,0.014350085
816507,0.86801064
816508,0.91593003
816509,0.99528444
816510,0.94534993
816511,0.81161743
816512,0.9912258
816513,0.16274537
816514,0.783844
816515,0.963363
816516,0.98505104
816517,0.991398
816518,0.13493556
816519,0.99339515
816520,0.020305969
816521,0.004747981
816522,0.99791485
816523,0.7037376
816524,0.15073732
816525,0.53099966
816526,0.002362121
816527,0.97978735
816528,0.8150809
816529,0.015984045
816530,0.08522564
816531,0.0051621334
816532,0.06688519
816533,0.011172272
816534,0.90323687
816535,0.009390207
816536,0.98905444
816537,0.8677546
816538,0.2656975
816539,0.008003247
816540,0.009843276
816541,0.20670642
816542,0.026982952
816543,0.75598055
816544,0.95724565
816545,0.6102338
816546,0.99245346
816547,0.8718821
816548,0.025767565
816549,0.044861525
816550,0.9292884
816551,0.027926853
816552,0.1417316
816553,0.055139646
816554,0.03170353
816555,0.98702794
816556,0.030934282
816557,0.9959893
816558,0.7508235
816559,0.07718048
816560,0.94187844
816561,0.9881069
816562,0.018122962
816563,0.02340715
816564,0.83220035
816565,0.97769344
816566,0.20403819
816567,0.99097854
816568,0.45512128
816569,0.15955965
816570,0.05082879
816571,0.036509186
816572,0.7119123
816573,0.670769
816574,0.9836788
816575,0.42862034
816576,0.21834253
816577,0.027467497
816578,0.005896105
816579,0.008463139
816580,0.6253528
816581,0.006960821
816582,0.79910094
816583,0.03428967
816584,0.015272529
816585,0.6084815
816586,0.21127987
816587,0.37839216
816588,0.07595052
816589,0.03789297
816590,0.35138524
816591,0.9356013
816592,0.14337215
816593,0.96068394
816594,0.9424567
816595,0.3641438
816596,0.008780764
816597,0.9799316
816598,0.98421645
816599,0.058309972
816600,0.994458
816601,0.016666083
816602,0.12594916
816603,0.4172443
816604,0.98458666
816605,0.024826087
816606,0.6552191
816607,0.026951293
816608,0.2355649
816609,0.8889773
816610,0.007798586
816611,0.99524164
816612,0.99273103
816613,0.95625234
816614,0.033662222
816615,0.0119642075
816616,0.11738439
816617,0.10333875
816618,0.08509785
816619,0.99461794
816620,0.15543056
816621,0.7821016
816622,0.7618875
816623,0.12352702
816624,0.9497906
816625,0.11866396
816626,0.97971463
816627,0.15304998
816628,0.8265634
816629,0.043824766
816630,0.009106184
816631,0.9439732
816632,0.02753271
816633,0.018175468
816634,0.019642193
816635,0.051723134
816636,0.018445656
816637,0.9787053
816638,0.050932996
816639,0.92437696
816640,0.010782365
816641,0.8569752
816642,0.31239152
816643,0.012938492
816644,0.9850604
816645,0.13057059
816646,0.99006236
816647,0.8479934
816648,0.73961294
816649,0.29315764
816650,0.04857672
816651,0.7871459
816652,0.1640334
816653,0.98713017
816654,0.004752583
816655,0.9896971
816656,0.006504906
816657,0.010092219
816658,0.85494006
816659,0.012891339
816660,0.6972667
816661,0.00937986
816662,0.8618533
816663,0.004112493
816664,0.96546
816665,0.98410165
816666,0.8409269
816667,0.014023911
816668,0.9883944
816669,0.12167954
816670,0.9065203
816671,0.0536512
816672,0.9805329
816673,0.010282376
816674,0.087168224
816675,0.04620461
816676,0.04345868
816677,0.06465296
816678,0.008848814
816679,0.023004198
816680,0.34247717
816681,0.9979855
816682,0.87575495
816683,0.9863287
816684,0.00623077
816685,0.9789498
816686,0.9871473
816687,0.8840323
816688,0.8772201
816689,0.012938527
816690,0.27439454
816691,0.9831626
816692,0.8673597
816693,0.9527384
816694,0.4578509
816695,0.07490066
816696,0.5192667
816697,0.9831665
816698,0.9903441
816699,0.16696514
816700,0.9795356
816701,0.7837391
816702,0.015298975
816703,0.9799849
816704,0.042809293
816705,0.93627936
816706,0.002330062
816707,0.005058123
816708,0.0016287961
816709,0.014713261
816710,0.9148507
816711,0.039065897
816712,0.036949225
816713,0.42425594
816714,0.01055501
816715,0.9709822
816716,0.9936638
816717,0.96529305
816718,0.05231826
816719,0.012046844
816720,0.0052415836
816721,0.29496008
816722,0.97955596
816723,0.045722105
816724,0.37506902
816725,0.93477845
816726,0.99863315
816727,0.009994844
816728,0.10064705
816729,0.011545068
816730,0.08197456
816731,0.22343896
816732,0.0081404485
816733,0.9848373
816734,0.03007832
816735,0.85415727
816736,0.7021396
816737,0.010812886
816738,0.5261005
816739,0.94596344
816740,0.9984207
816741,0.9986429
816742,0.021667939
816743,0.002737112
816744,0.42773113
816745,0.9981817
816746,0.10454872
816747,0.00294881
816748,0.007510702
816749,0.8763121
816750,0.006919657
816751,0.08528326
816752,0.020753853
816753,0.03296783
816754,0.08218107
816755,0.2555539
816756,0.003154046
816757,0.84708416
816758,0.018473327
816759,0.9804127
816760,0.12814718
816761,0.6361301
816762,0.98534256
816763,0.0073290304
816764,0.009308668
816765,0.23815906
816766,0.9300791
816767,0.1380926
816768,0.9982445
816769,0.048957754
816770,0.83861685
816771,0.06888959
816772,0.01773692
816773,0.9716781
816774,0.07137744
816775,0.69013673
816776,0.006089775
816777,0.84501076
816778,0.9665482
816779,0.9679705
816780,0.79599583
816781,0.82497025
816782,0.99483216
816783,0.025626197
816784,0.98474073
816785,0.019137753
816786,0.007065147
816787,0.15214519
816788,0.9914727
816789,0.7294377
816790,0.97245896
816791,0.03215062
816792,0.8818749
816793,0.025938328
816794,0.96829355
816795,0.99380785
816796,0.8405927
816797,0.044260956
816798,0.0071994304
816799,0.024745706
816800,0.99676865
816801,0.1743119
816802,0.7109798
816803,0.9958173
816804,0.21056455
816805,0.52887285
816806,0.98209006
816807,0.010681447
816808,0.32718867
816809,0.9794111
816810,0.90559036
816811,0.99908644
816812,0.042985592
816813,0.93342197
816814,0.037352458
816815,0.15989403
816816,0.5006143
816817,0.3041297
816818,0.973179
816819,0.124197066
816820,0.00317655
816821,0.997415
816822,0.5391803
816823,0.99337304
816824,0.024334291
816825,0.8837353
816826,0.27016938
816827,0.98861945
816828,0.994116
816829,0.08164403
816830,0.0023915642
816831,0.019001152
816832,0.76587826
816833,0.0188374
816834,0.004341411
816835,0.036431536
816836,0.3557261
816837,0.66880906
816838,0.10729173
816839,0.16933818
816840,0.9848536
816841,0.9755971
816842,0.973174
816843,0.028427074
816844,0.037559643
816845,0.7655417
816846,0.7089958
816847,0.007837864
816848,0.0037023693
816849,0.010408597
816850,0.9519704
816851,0.2185566
816852,0.996593
816853,0.06033472
816854,0.8164379
816855,0.0029292246
816856,0.9822493
816857,0.009057511
816858,0.013815517
816859,0.95841885
816860,0.4469055
816861,0.9314853
816862,0.0105363615
816863,0.18129764
816864,0.10899219
816865,0.30124226
816866,0.07913255
816867,0.086841084
816868,0.3887466
816869,0.18035641
816870,0.022742582
816871,0.9506884
816872,0.018058639
816873,0.013575563
816874,0.95579344
816875,0.5654964
816876,0.00988252
816877,0.35917628
816878,0.006163576
816879,0.13634588
816880,0.023301706
816881,0.9740503
816882,0.5398442
816883,0.9955672
816884,0.22807321
816885,0.10358359
816886,0.117657416
816887,0.97631055
816888,0.99013376
816889,0.11022747
816890,0.69161916
816891,0.044329625
816892,0.20528889
816893,0.00090951764
816894,0.009488907
816895,0.87481093
816896,0.9945522
816897,0.9966374
816898,0.9044585
816899,0.00082462165
816900,0.9884615
816901,0.031377655
816902,0.91493446
816903,0.9939287
816904,0.17518662
816905,0.04683881
816906,0.013567304
816907,0.02370144
816908,0.008388043
816909,0.9367457
816910,0.01511341
816911,0.0043686274
816912,0.019643316
816913,0.47015998
816914,0.010249956
816915,0.8932222
816916,0.06089644
816917,0.82267326
816918,0.57104814
816919,0.99569565
816920,0.009737494
816921,0.005433636
816922,0.42748117
816923,0.97950774
816924,0.3237879
816925,0.9953284
816926,0.47344738
816927,0.7038037
816928,0.024119046
816929,0.08558713
816930,0.62281835
816931,0.96439314
816932,0.9646276
816933,0.8937527
816934,0.80043316
816935,0.1413184
816936,0.041114736
816937,0.7045853
816938,0.8204522
816939,0.015628127
816940,0.014379366
816941,0.9638941
816942,0.9974029
816943,0.22603709
816944,0.96243584
816945,0.5809015
816946,0.94528544
816947,0.06636748
816948,0.99593633
816949,0.20875505
816950,0.0075334976
816951,0.18636395
816952,0.039757982
816953,0.17482772
816954,0.23166114
816955,0.8639437
816956,0.024004621
816957,0.96339947
816958,0.90832675
816959,0.19789648
816960,0.990289
816961,0.98028964
816962,0.091384105
816963,0.8963201
816964,0.98817563
816965,0.34989372
816966,0.9961021
816967,0.6967547
816968,0.5818049
816969,0.08184903
816970,0.4808672
816971,0.06546646
816972,0.020667592
816973,0.04794167
816974,0.9936598
816975,0.9961918
816976,0.07843254
816977,0.53130996
816978,0.909976
816979,0.98746204
816980,0.047540396
816981,0.053462017
816982,0.6046353
816983,0.9966416
816984,0.8772422
816985,0.082574874
816986,0.8989141
816987,0.99355376
816988,0.4490824
816989,0.25683734
816990,0.02253813
816991,0.004463017
816992,0.37192303
816993,0.89127576
816994,0.23460978
816995,0.0056935996
816996,0.0037401621
816997,0.9931124
816998,0.998222
816999,0.9642892
817000,0.36770782
817001,0.0021616477
817002,0.8147148
817003,0.993953
817004,0.99360484
817005,0.9520418
817006,0.98872083
817007,0.59186864
817008,0.9487538
817009,0.9715636
817010,0.018964097
817011,0.02375876
817012,0.15190025
817013,0.82550484
817014,0.038018484
817015,0.004300941
817016,0.9960942
817017,0.4682424
817018,0.5858909
817019,0.9699715
817020,0.027609017
817021,0.042633213
817022,0.8775515
817023,0.0036030044
817024,0.8426598
817025,0.018175393
817026,0.80903214
817027,0.91949314
817028,0.99428695
817029,0.03136752
817030,0.190422
817031,0.7136283
817032,0.6634158
817033,0.030971263
817034,0.86738014
817035,0.026795534
817036,0.015590882
817037,0.013904311
817038,0.022561602
817039,0.031655192
817040,0.2831707
817041,0.6553995
817042,0.017388215
817043,0.019607652
817044,0.10925054
817045,0.013411712
817046,0.9965855
817047,0.8737823
817048,0.9935103
817049,0.014344905
817050,0.9597476
817051,0.08194961
817052,0.9976316
817053,0.11225387
817054,0.0042244173
817055,0.06967446
817056,0.9990494
817057,0.78259605
817058,0.02490728
817059,0.9569811
817060,0.05632612
817061,0.9083761
817062,0.0275898
817063,0.98618215
817064,0.81677365
817065,0.022918766
817066,0.63162315
817067,0.010607596
817068,0.028395452
817069,0.055191427
817070,0.12669243
817071,0.13544656
817072,0.4851376
817073,0.0033126657
817074,0.8745083
817075,0.0058654454
817076,0.026839547
817077,0.20448324
817078,0.057200894
817079,0.9919032
817080,0.9842001
817081,0.9908442
817082,0.09286705
817083,0.04968386
817084,0.54210234
817085,0.124511026
817086,0.99483496
817087,0.81767416
817088,0.15244392
817089,0.004682867
817090,0.13134357
817091,0.7593145
817092,0.70506847
817093,0.9490182
817094,0.9821445
817095,0.84470665
817096,0.99971324
817097,0.80665374
817098,0.1272665
817099,0.08996249
817100,0.81258214
817101,0.38809255
817102,0.0072975075
817103,0.896523
817104,0.7229431
817105,0.043435656
817106,0.010985862
817107,0.060882844
817108,0.9696355
817109,0.9409243
817110,0.01371602
817111,0.015403102
817112,0.9954283
817113,0.028567133
817114,0.05333313
817115,0.9841867
817116,0.08465199
817117,0.0047906497
817118,0.025156649
817119,0.011230553
817120,0.08915877
817121,0.9933511
817122,0.0075565316
817123,0.0034874603
817124,0.9856459
817125,0.14348951
817126,0.9962032
817127,0.7577708
817128,0.38270435
817129,0.12857845
817130,0.009827844
817131,0.8429965
817132,0.9428543
817133,0.007596181
817134,0.93868345
817135,0.4393712
817136,0.6182486
817137,0.22926737
817138,0.017761849
817139,0.9855178
817140,0.024956608
817141,0.97375447
817142,0.039325014
817143,0.20020998
817144,0.06486228
817145,0.4978224
817146,0.01686551
817147,0.038707078
817148,0.9939601
817149,0.10614582
817150,0.8303123
817151,0.6839053
817152,0.0021938584
817153,0.8655058
817154,0.98812467
817155,0.017808303
817156,0.98700464
817157,0.69805586
817158,0.40209797
817159,0.010330039
817160,0.042761974
817161,0.013049944
817162,0.01119365
817163,0.1126567
817164,0.4539435
817165,0.111844406
817166,0.024603184
817167,0.012071992
817168,0.9893822
817169,0.0051520914
817170,0.91726893
817171,0.0020140596
817172,0.22303085
817173,0.1326386
817174,0.42718506
817175,0.99852973
817176,0.91345656
817177,0.30013436
817178,0.9525598
817179,0.99871224
817180,0.99314016
817181,0.083235785
817182,0.27448764
817183,0.0032030079
817184,0.95556784
817185,0.0020112009
817186,0.1577565
817187,0.17554499
817188,0.9730478
817189,0.005429822
817190,0.14914939
817191,0.99632156
817192,0.8901504
817193,0.035831746
817194,0.009180505
817195,0.039687492
817196,0.7051717
817197,0.87021565
817198,0.96048385
817199,0.7688195
817200,0.9298119
817201,0.941141
817202,0.16007991
817203,0.008723506
817204,0.034941863
817205,0.948538
817206,0.5827475
817207,0.1084445
817208,0.99444383
817209,0.009490137
817210,0.037481725
817211,0.021039505
817212,0.9178684
817213,0.022182688
817214,0.0018346055
817215,0.07388346
817216,0.87800896
817217,0.021069296
817218,0.9830484
817219,0.8857195
817220,0.9944407
817221,0.10126421
817222,0.97310615
817223,0.23712775
817224,0.7868543
817225,0.8332182
817226,0.9030833
817227,0.99761504
817228,0.655703
817229,0.9175433
817230,0.6692366
817231,0.69366246
817232,0.6039579
817233,0.9945462
817234,0.36242637
817235,0.061832
817236,0.03469825
817237,0.05144828
817238,0.99426043
817239,0.24279803
817240,0.9349315
817241,0.7121952
817242,0.09894414
817243,0.7691821
817244,0.9944039
817245,0.008979987
817246,0.37964505
817247,0.04332604
817248,0.023816401
817249,0.08230747
817250,0.94294214
817251,0.036615882
817252,0.056656543
817253,0.9793562
817254,0.08621095
817255,0.9212557
817256,0.00956694
817257,0.9927654
817258,0.9995061
817259,0.38725367
817260,0.0012324685
817261,0.5567489
817262,0.92662746
817263,0.99488497
817264,0.949646
817265,0.008684734
817266,0.9935726
817267,0.86589456
817268,0.050277878
817269,0.98356426
817270,0.021495428
817271,0.9699293
817272,0.9650222
817273,0.36760822
817274,0.07040923
817275,0.25009757
817276,0.27823892
817277,0.039322034
817278,0.14281201
817279,0.016928917
817280,0.006630769
817281,0.20009871
817282,0.027055236
817283,0.21029577
817284,0.9545671
817285,0.07193507
817286,0.9749794
817287,0.018314488
817288,0.0054268925
817289,0.21297053
817290,0.25531793
817291,0.95768756
817292,0.011487057
817293,0.96859765
817294,0.8889123
817295,0.9974816
817296,0.5296886
817297,0.92363715
817298,0.7337139
817299,0.005650714
817300,0.50600845
817301,0.9560021
817302,0.11977549
817303,0.05052716
817304,0.99604225
817305,0.041780367
817306,0.017847726
817307,0.9981421
817308,0.04329353
817309,0.043687742
817310,0.05561336
817311,0.98837674
817312,0.45494753
817313,0.25842595
817314,0.008792343
817315,0.9755982
817316,0.13346289
817317,0.0082836505
817318,0.5131272
817319,0.94704986
817320,0.0169262
817321,0.04699281
817322,0.96778506
817323,0.832984
817324,0.09300267
817325,0.0010244362
817326,0.07271057
817327,0.01159443
817328,0.8002969
817329,0.96025234
817330,0.9936261
817331,0.9796725
817332,0.80109334
817333,0.47399175
817334,0.76605517
817335,0.013823
817336,0.032882318
817337,0.03288688
817338,0.0132315
817339,0.040679317
817340,0.5892066
817341,0.40502173
817342,0.85627973
817343,0.10532949
817344,0.20450369
817345,0.09029918
817346,0.9906274
817347,0.039377734
817348,0.6329314
817349,0.27021277
817350,0.99864936
817351,0.99737424
817352,0.9406311
817353,0.018069407
817354,0.24056879
817355,0.15560208
817356,0.9842214
817357,0.94109666
817358,0.99892795
817359,0.97122395
817360,0.020493131
817361,0.99181676
817362,0.12835212
817363,0.9717947
817364,0.18938413
817365,0.9788262
817366,0.018441223
817367,0.0049084853
817368,0.04372647
817369,0.030257132
817370,0.14811175
817371,0.32492328
817372,0.00566736
817373,0.004097446
817374,0.75895405
817375,0.03994847
817376,0.6350492
817377,0.013879811
817378,0.0029164043
817379,0.8427973
817380,0.15415125
817381,0.013256259
817382,0.56519145
817383,0.9047058
817384,0.15725455
817385,0.9934311
817386,0.004240836
817387,0.038689993
817388,0.027614594
817389,0.054881718
817390,0.040863503
817391,0.9217005
817392,0.9143709
817393,0.8124852
817394,0.24754113
817395,0.18156745
817396,0.9882137
817397,0.6997941
817398,0.028013555
817399,0.99013704
817400,0.0014072421
817401,0.04029946
817402,0.86503255
817403,0.64668363
817404,0.9981341
817405,0.12817037
817406,0.1241599
817407,0.95594484
817408,0.3046366
817409,0.023835897
817410,0.015827473
817411,0.027738607
817412,0.10354847
817413,0.04197885
817414,0.021505788
817415,0.8769872
817416,0.0051556625
817417,0.03777903
817418,0.5867013
817419,0.99399275
817420,0.99787116
817421,0.099609576
817422,0.1230549
817423,0.1648944
817424,0.98106074
817425,0.22068177
817426,0.03549331
817427,0.98227906
817428,0.9728081
817429,0.03682654
817430,0.095292434
817431,0.015992206
817432,0.9812859
817433,0.9886431
817434,0.70672965
817435,0.1543019
817436,0.049226444
817437,0.97538215
817438,0.6514073
817439,0.0056264214
817440,0.9686909
817441,0.98543125
817442,0.99202096
817443,0.037943147
817444,0.01832427
817445,0.01620218
817446,0.96656656
817447,0.75687087
817448,0.97008723
817449,0.8963444
817450,0.15053625
817451,0.12134005
817452,0.9954282
817453,0.013089143
817454,0.085109025
817455,0.03830387
817456,0.99262255
817457,0.42798644
817458,0.80683047
817459,0.12557052
817460,0.14498782
817461,0.75013816
817462,0.005680402
817463,0.16638754
817464,0.93020356
817465,0.7599758
817466,0.22997962
817467,0.99878705
817468,0.99899685
817469,0.0061948365
817470,0.52348685
817471,0.95612466
817472,0.7695863
817473,0.017449893
817474,0.8337024
817475,0.009777479
817476,0.020228637
817477,0.008619385
817478,0.950296
817479,0.970839
817480,0.04549236
817481,0.6678394
817482,0.9843334
817483,0.21376054
817484,0.5400022
817485,0.046738155
817486,0.9851204
817487,0.095963985
817488,0.026706412
817489,0.14132509
817490,0.0021708186
817491,0.996534
817492,0.0018655122
817493,0.4895785
817494,0.008524077
817495,0.7459229
817496,0.12593333
817497,0.14644356
817498,0.0051293033
817499,0.28107002
817500,0.057600643
817501,0.96569586
817502,0.041149713
817503,0.9977913
817504,0.01628057
817505,0.3435511
817506,0.012496557
817507,0.6247248
817508,0.0054454943
817509,0.920764
817510,0.0054759923
817511,0.94408184
817512,0.05967789
817513,0.032664794
817514,0.9985912
817515,0.9662043
817516,0.44744954
817517,0.92089474
817518,0.016778555
817519,0.011060171
817520,0.87083626
817521,0.04177708
817522,0.012574261
817523,0.025601685
817524,0.008212745
817525,0.16431169
817526,0.003215055
817527,0.3384942
817528,0.96953404
817529,0.9778497
817530,0.9938232
817531,0.006651692
817532,0.77619416
817533,0.005955239
817534,0.66727257
817535,0.003976391
817536,0.0036838795
817537,0.014432337
817538,0.97351056
817539,0.993669
817540,0.53020275
817541,0.35573313
817542,0.922318
817543,0.0401224
817544,0.018521316
817545,0.023391824
817546,0.96487314
817547,0.011520796
817548,0.024864051
817549,0.44479838
817550,0.025735762
817551,0.007605561
817552,0.7855983
817553,0.012890419
817554,0.03371376
817555,0.003707938
817556,0.12700772
817557,0.04031584
817558,0.009513366
817559,0.17701054
817560,0.7556531
817561,0.009385293
817562,0.03291801
817563,0.46842438
817564,0.75604373
817565,0.0053147753
817566,0.053413227
817567,0.0363591
817568,0.9774624
817569,0.27715266
817570,0.011577973
817571,0.016180633
817572,0.068711355
817573,0.011262977
817574,0.041518252
817575,0.18837258
817576,0.6762213
817577,0.015048506
817578,0.035340533
817579,0.94297373
817580,0.020425692
817581,0.9878478
817582,0.9781512
817583,0.9966626
817584,0.019215275
817585,0.7819184
817586,0.037813142
817587,0.9531877
817588,0.18829212
817589,0.027369756
817590,0.9726264
817591,0.024501115
817592,0.3189495
817593,0.012100289
817594,0.014209508
817595,0.02595794
817596,0.33797175
817597,0.976607
817598,0.944975
817599,0.009062562
817600,0.9971868
817601,0.105723396
817602,0.98263067
817603,0.18235183
817604,0.09885827
817605,0.99255717
817606,0.95302516
817607,0.014329214
817608,0.95168877
817609,0.0011824025
817610,0.030053454
817611,0.3902097
817612,0.7664709
817613,0.017101528
817614,0.75071853
817615,0.026539588
817616,0.3392006
817617,0.064308
817618,0.22956365
817619,0.017838407
817620,0.016090892
817621,0.009437839
817622,0.010748036
817623,0.004745814
817624,0.4740908
817625,0.656195
817626,0.16632505
817627,0.0144624105
817628,0.754583
817629,0.04525633
817630,0.95409036
817631,0.99080753
817632,0.72626877
817633,0.9617962
817634,0.32947597
817635,0.010876473
817636,0.9285482
817637,0.95787406
817638,0.9434513
817639,0.0051640645
817640,0.9977483
817641,0.0130343065
817642,0.005832573
817643,0.09796453
817644,0.0038367594
817645,0.70229375
817646,0.9756671
817647,0.21388549
817648,0.04086117
817649,0.90788496
817650,0.0060053016
817651,0.02223639
817652,0.021453789
817653,0.99481237
817654,0.19195056
817655,0.60172635
817656,0.02225224
817657,0.039042294
817658,0.8391491
817659,0.45561728
817660,0.90678173
817661,0.015051907
817662,0.27853543
817663,0.087674975
817664,0.15772572
817665,0.014864805
817666,0.006225858
817667,0.5699762
817668,0.91078293
817669,0.73556405
817670,0.36500663
817671,0.13045289
817672,0.8949259
817673,0.46282363
817674,0.43419498
817675,0.044705134
817676,0.025815893
817677,0.9750818
817678,0.9885683
817679,0.9164798
817680,0.97849864
817681,0.99842495
817682,0.020027991
817683,0.9936289
817684,0.013223502
817685,0.065108016
817686,0.052206896
817687,0.602744
817688,0.7799295
817689,0.008529857
817690,0.012600222
817691,0.0035282837
817692,0.93181825
817693,0.9590276
817694,0.017859139
817695,0.0074421843
817696,0.0057171406
817697,0.0981977
817698,0.012219503
817699,0.99475443
817700,0.33122376
817701,0.1938346
817702,0.003870672
817703,0.0030267476
817704,0.09751573
817705,0.08715653
817706,0.24915548
817707,0.34271014
817708,0.9919377
817709,0.0031206524
817710,0.96088296
817711,0.7000175
817712,0.97286904
817713,0.65487784
817714,0.42021966
817715,0.8810785
817716,0.9859924
817717,0.0024936874
817718,0.35962802
817719,0.54944026
817720,0.0794394
817721,0.9504107
817722,0.012052887
817723,0.20156026
817724,0.9514143
817725,0.9733379
817726,0.161785
817727,0.24964523
817728,0.24395566
817729,0.021404795
817730,0.93991876
817731,0.016505772
817732,0.0092604505
817733,0.9723574
817734,0.16311808
817735,0.2913142
817736,0.010580247
817737,0.0035762936
817738,0.68905145
817739,0.00519622
817740,0.8701948
817741,0.9655371
817742,0.99531376
817743,0.17434229
817744,0.9876924
817745,0.011000761
817746,0.0069800857
817747,0.060217083
817748,0.08991336
817749,0.055732034
817750,0.014496643
817751,0.015828043
817752,0.04204257
817753,0.9486175
817754,0.004448673
817755,0.053678744
817756,0.9870667
817757,0.00070744613
817758,0.99355656
817759,0.03942847
817760,0.97509676
817761,0.14806977
817762,0.31735644
817763,0.98354435
817764,0.02989364
817765,0.009494329
817766,0.040606473
817767,0.011302588
817768,0.97580165
817769,0.06572048
817770,0.004343462
817771,0.35456678
817772,0.060113538
817773,0.9590937
817774,0.98657423
817775,0.97055125
817776,0.23887259
817777,0.8788675
817778,0.9962401
817779,0.9982607
817780,0.21007483
817781,0.46590638
817782,0.09063445
817783,0.9804671
817784,0.010187313
817785,0.9737719
817786,0.55900705
817787,0.66034544
817788,0.908347
817789,0.9968514
817790,0.14548397
817791,0.7581146
817792,0.009143634
817793,0.025489442
817794,0.2838303
817795,0.9866939
817796,0.09472811
817797,0.7514349
817798,0.013117576
817799,0.96665883
817800,0.027663298
817801,0.22664247
817802,0.020384636
817803,0.030123573
817804,0.12313582
817805,0.99734485
817806,0.017092366
817807,0.97757804
817808,0.17868444
817809,0.7666332
817810,0.73019433
817811,0.9943465
817812,0.050661556
817813,0.9853892
817814,0.028895061
817815,0.23047167
817816,0.98494136
817817,0.9032748
817818,0.64537567
817819,0.03418564
817820,0.8555577
817821,0.99626553
817822,0.980058
817823,0.0031898583
817824,0.93624145
817825,0.9870237
817826,0.7077801
817827,0.99269027
817828,0.9480379
817829,0.018248659
817830,0.99587077
817831,0.98466796
817832,0.03134707
817833,0.3997258
817834,0.9893819
817835,0.9852067
817836,0.046260692
817837,0.28703624
817838,0.7669213
817839,0.9893739
817840,0.98907346
817841,0.5639069
817842,0.011251356
817843,0.82728004
817844,0.11881295
817845,0.03483341
817846,0.0318474
817847,0.99949586
817848,0.02882574
817849,0.019624248
817850,0.009101279
817851,0.067849636
817852,0.07869964
817853,0.18960579
817854,0.9305867
817855,0.019436043
817856,0.0048294635
817857,0.73427594
817858,0.42082
817859,0.9634069
817860,0.49669668
817861,0.9450997
817862,0.9776393
817863,0.12691917
817864,0.0028912094
817865,0.3439994
817866,0.10466246
817867,0.66540843
817868,0.021228123
817869,0.0021527587
817870,0.335163
817871,0.067498684
817872,0.9932562
817873,0.88414836
817874,0.6869263
817875,0.17780927
817876,0.2624374
817877,0.95412195
817878,0.0047748624
817879,0.7881719
817880,0.014145922
817881,0.9971172
817882,0.18595797
817883,0.056238506
817884,0.6903749
817885,0.96984273
817886,0.010861493
817887,0.015131748
817888,0.030450674
817889,0.9571278
817890,0.8563764
817891,0.84348077
817892,0.005350912
817893,0.0029406114
817894,0.99140346
817895,0.5561271
817896,0.02154864
817897,0.8828659
817898,0.2359827
817899,0.08153009
817900,0.9951732
817901,0.9902144
817902,0.3312201
817903,0.99973094
817904,0.043716334
817905,0.9076802
817906,0.009334598
817907,0.78500676
817908,0.976326
817909,0.93571216
817910,0.057966776
817911,0.954226
817912,0.0015375969
817913,0.04515865
817914,0.99733114
817915,0.98821765
817916,0.03727141
817917,0.020287398
817918,0.09657613
817919,0.018757157
817920,0.82182026
817921,0.7738192
817922,0.25469536
817923,0.92353755
817924,0.0770839
817925,0.015212989
817926,0.07941823
817927,0.2376205
817928,0.9469734
817929,0.043363586
817930,0.0064674565
817931,0.96374667
817932,0.05119452
817933,0.0089048315
817934,0.66905993
817935,0.9967074
817936,0.16808178
817937,0.9768706
817938,0.047796864
817939,0.6752844
817940,0.037937433
817941,0.21964109
817942,0.9647486
817943,0.3191492
817944,0.008819035
817945,0.99190986
817946,0.053915754
817947,0.037274454
817948,0.008650545
817949,0.39812455
817950,0.9278055
817951,0.9995197
817952,0.034648072
817953,0.90530694
817954,0.06452809
817955,0.4003586
817956,0.6928202
817957,0.98604393
817958,0.5103007
817959,0.025645407
817960,0.8309152
817961,0.089553535
817962,0.9942081
817963,0.9861725
817964,0.03677249
817965,0.104823165
817966,0.9968459
817967,0.9830416
817968,0.9847787
817969,0.21520284
817970,0.5763109
817971,0.007066873
817972,0.007836383
817973,0.71218234
817974,0.63309443
817975,0.35134032
817976,0.7333846
817977,0.1964314
817978,0.71129036
817979,0.0061794743
817980,0.998996
817981,0.08192025
817982,0.012643188
817983,0.9950098
817984,0.98312527
817985,0.9644954
817986,0.78083503
817987,0.9959444
817988,0.068960935
817989,0.99189055
817990,0.58613014
817991,0.019794378
817992,0.162007
817993,0.041170005
817994,0.8227141
817995,0.96445036
817996,0.98103535
817997,0.9787505
817998,0.93466306
817999,0.9086442
818000,0.005496364
818001,0.1060409
818002,0.9848219
818003,0.73328114
818004,0.23558101
818005,0.9740027
818006,0.95038754
818007,0.11010503
818008,0.010150223
818009,0.8749902
818010,0.96035314
818011,0.78786
818012,0.03228537
818013,0.0120142335
818014,0.018553691
818015,0.47639507
818016,0.033330675
818017,0.9610769
818018,0.026591476
818019,0.118964076
818020,0.8838647
818021,0.99894327
818022,0.9771337
818023,0.47449297
818024,0.049132377
818025,0.07130443
818026,0.16749267
818027,0.7371864
818028,0.1536791
818029,0.9561578
818030,0.44497868
818031,0.49376607
818032,0.08090374
818033,0.071540534
818034,0.01924689
818035,0.92282856
818036,0.01490492
818037,0.085619986
818038,0.023647612
818039,0.004776705
818040,0.03482282
818041,0.96161723
818042,0.9885254
818043,0.09522139
818044,0.8605053
818045,0.092003584
818046,0.0384956
818047,0.9948087
818048,0.9460834
818049,0.8799838
818050,0.09656304
818051,0.0048946994
818052,0.3302855
818053,0.30562738
818054,0.8637817
818055,0.20602897
818056,0.76698714
818057,0.9977631
818058,0.9734389
818059,0.15811989
818060,0.8816369
818061,0.020951645
818062,0.9543048
818063,0.86305356
818064,0.11527641
818065,0.9481205
818066,0.97058237
818067,0.417439
818068,0.01096566
818069,0.003867902
818070,0.96445394
818071,0.9941442
818072,0.8038475
818073,0.93200934
818074,0.12127012
818075,0.9626512
818076,0.059339654
818077,0.21589145
818078,0.042766705
818079,0.9860773
818080,0.026640918
818081,0.22401777
818082,0.9778399
818083,0.037947997
818084,0.18754554
818085,0.017379733
818086,0.96996486
818087,0.43241984
818088,0.96060133
818089,0.012605634
818090,0.02052208
818091,0.09642041
818092,0.97727025
818093,0.93664545
818094,0.05116696
818095,0.03882851
818096,0.50824094
818097,0.88206303
818098,0.067580126
818099,0.02557448
818100,0.9832176
818101,0.17509362
818102,0.9811754
818103,0.078921475
818104,0.89935744
818105,0.80953616
818106,0.49911958
818107,0.02030386
818108,0.92459977
818109,0.15064433
818110,0.6175033
818111,0.4875246
818112,0.025463762
818113,0.030373752
818114,0.026511727
818115,0.9438991
818116,0.0625291
818117,0.024230648
818118,0.0233001
818119,0.6718699
818120,0.05125935
818121,0.9656251
818122,0.057748497
818123,0.97215015
818124,0.01597011
818125,0.028944835
818126,0.24094865
818127,0.8425982
818128,0.9974432
818129,0.0056544365
818130,0.98214835
818131,0.9280392
818132,0.07703153
818133,0.005358995
818134,0.008734491
818135,0.024096366
818136,0.11636282
818137,0.06848344
818138,0.26012123
818139,0.09800878
818140,0.3676007
818141,0.013199764
818142,0.62162334
818143,0.07409903
818144,0.03229903
818145,0.0043075923
818146,0.40222445
818147,0.0051256083
818148,0.04558335
818149,0.4915107
818150,0.13230956
818151,0.015547984
818152,0.21484427
818153,0.99639046
818154,0.116993114
818155,0.38564855
818156,0.050616555
818157,0.965573
818158,0.02036077
818159,0.9805411
818160,0.9851593
818161,0.89421463
818162,0.030762712
818163,0.99798506
818164,0.04435519
818165,0.9872599
818166,0.03666782
818167,0.9971765
818168,0.41824642
818169,0.92659825
818170,0.011824891
818171,0.96195555
818172,0.7271677
818173,0.98080957
818174,0.044694282
818175,0.99318594
818176,0.010270504
818177,0.19532499
818178,0.71468574
818179,0.89484155
818180,0.0068306937
818181,0.006086611
818182,0.0025634852
818183,0.75894094
818184,0.94089574
818185,0.34655672
818186,0.014687454
818187,0.99840504
818188,0.021373663
818189,0.9730103
818190,0.886581
818191,0.019335382
818192,0.054031022
818193,0.38433284
818194,0.01849388
818195,0.13963243
818196,0.8086293
818197,0.4127031
818198,0.99847203
818199,0.8487752
818200,0.79855144
818201,0.10995959
818202,0.77487934
818203,0.028429724
818204,0.2182292
818205,0.0025790075
818206,0.992833
818207,0.013930109
818208,0.1325295
818209,0.042566627
818210,0.98121005
818211,0.6867486
818212,0.72698253
818213,0.0050570886
818214,0.15092586
818215,0.22453605
818216,0.9968297
818217,0.99353564
818218,0.02519705
818219,0.9972042
818220,0.3417689
818221,0.058411896
818222,0.10975866
818223,0.47412524
818224,0.046409793
818225,0.8145764
818226,0.97200894
818227,0.133271
818228,0.93516976
818229,0.80020005
818230,0.016083583
818231,0.985973
818232,0.03283313
818233,0.012072798
818234,0.6808051
818235,0.24942607
818236,0.844363
818237,0.5025584
818238,0.9775642
818239,0.035596613
818240,0.89235437
818241,0.33940387
818242,0.017116133
818243,0.1503002
818244,0.9815699
818245,0.91053843
818246,0.35718113
818247,0.010169682
818248,0.17095336
818249,0.046510503
818250,0.0090382295
818251,0.9133274
818252,0.81522375
818253,0.04364
818254,0.14683667
818255,0.020756336
818256,0.045652796
818257,0.95963216
818258,0.7061584
818259,0.9187079
818260,0.85576624
818261,0.9903505
818262,0.9990288
818263,0.94607824
818264,0.95217294
818265,0.2040928
818266,0.93880016
818267,0.042364
818268,0.0030643225
818269,0.22451818
818270,0.00705578
818271,0.010163742
818272,0.973997
818273,0.83330667
818274,0.0018433218
818275,0.006765198
818276,0.9896554
818277,0.19776736
818278,0.013264794
818279,0.4055431
818280,0.98687845
818281,0.2840871
818282,0.02730348
818283,0.16919547
818284,0.03181516
818285,0.97793674
818286,0.54949015
818287,0.97369987
818288,0.8916673
818289,0.6069962
818290,0.22726166
818291,0.9915434
818292,0.98808795
818293,0.90808433
818294,0.38055563
818295,0.062233664
818296,0.112319484
818297,0.9251277
818298,0.9930454
818299,0.6553729
818300,0.98443687
818301,0.7894405
818302,0.9988863
818303,0.03582687
818304,0.13581264
818305,0.12049578
818306,0.08238442
818307,0.96615034
818308,0.71409464
818309,0.1961574
818310,0.030407324
818311,0.077099845
818312,0.059466723
818313,0.007815312
818314,0.045069322
818315,0.993013
818316,0.9727274
818317,0.82977164
818318,0.99235904
818319,0.04620102
818320,0.995312
818321,0.9902816
818322,0.41390586
818323,0.8779403
818324,0.071468785
818325,0.16168585
818326,0.16168372
818327,0.04621493
818328,0.9943327
818329,0.33251423
818330,0.86889446
818331,0.0013697827
818332,0.97230864
818333,0.0105048455
818334,0.05283067
818335,0.12485296
818336,0.008585922
818337,0.042888805
818338,0.013920755
818339,0.17119361
818340,0.11627512
818341,0.9046752
818342,0.99722373
818343,0.8511811
818344,0.9204509
818345,0.08805858
818346,0.15439208
818347,0.6035941
818348,0.94147056
818349,0.96249413
818350,0.4640251
818351,0.067213885
818352,0.36511773
818353,0.084210634
818354,0.045748718
818355,0.14431468
818356,0.023099413
818357,0.9625857
818358,0.9733386
818359,0.030360915
818360,0.99381185
818361,0.9589079
818362,0.08866795
818363,0.025749799
818364,0.9377214
818365,0.98195976
818366,0.028809976
818367,0.016608218
818368,0.017613351
818369,0.14486703
818370,0.027474375
818371,0.015632551
818372,0.012932245
818373,0.23390165
818374,0.02987311
818375,0.02953568
818376,0.014138048
818377,0.99220157
818378,0.17888428
818379,0.9802783
818380,0.09351484
818381,0.9785756
818382,0.95997345
818383,0.97385573
818384,0.27493286
818385,0.07858604
818386,0.0018576778
818387,0.035814323
818388,0.9664128
818389,0.9460602
818390,0.05761093
818391,0.93825924
818392,0.19346803
818393,0.8837404
818394,0.7112497
818395,0.9846448
818396,0.32704034
818397,0.1822567
818398,0.98548234
818399,0.31254432
818400,0.11626391
818401,0.020189814
818402,0.8214914
818403,0.6035594
818404,0.6491456
818405,0.911152
818406,0.0035629857
818407,0.46828213
818408,0.10155616
818409,0.040305875
818410,0.5404568
818411,0.93256354
818412,0.71980715
818413,0.55797195
818414,0.8254032
818415,0.042057507
818416,0.84336233
818417,0.02606541
818418,0.9927705
818419,0.9945505
818420,0.34512964
818421,0.0025159237
818422,0.0078007267
818423,0.79592764
818424,0.36139116
818425,0.87757933
818426,0.9801084
818427,0.96882343
818428,0.07230735
818429,0.69243366
818430,0.9998317
818431,0.9911665
818432,0.0302167
818433,0.028195363
818434,0.021060787
818435,0.1586892
818436,0.09846197
818437,0.9500483
818438,0.8091677
818439,0.11286043
818440,0.97708
818441,0.94228274
818442,0.96197635
818443,0.07353029
818444,0.20216438
818445,0.9205773
818446,0.9905164
818447,0.767835
818448,0.007377123
818449,0.043263227
818450,0.23244828
818451,0.95172465
818452,0.1558755
818453,0.92455024
818454,0.7518883
818455,0.8776761
818456,0.03274882
818457,0.987199
818458,0.030926978
818459,0.85298896
818460,0.99537766
818461,0.017855514
818462,0.10614994
818463,0.9666343
818464,0.9970816
818465,0.97923005
818466,0.9920249
818467,0.98428565
818468,0.046063162
818469,0.3483995
818470,0.015014755
818471,0.9271064
818472,0.07331898
818473,0.057814483
818474,0.8903343
818475,0.94049984
818476,0.85712653
818477,0.018660657
818478,0.985398
818479,0.0077359807
818480,0.029112723
818481,0.984173
818482,0.7281771
818483,0.041970182
818484,0.9980862
818485,0.03870616
818486,0.10672853
818487,0.028465915
818488,0.3311088
818489,0.020371638
818490,0.0064419424
818491,0.011364314
818492,0.98531514
818493,0.04390475
818494,0.035202816
818495,0.17112672
818496,0.77413225
818497,0.0046245847
818498,0.014715932
818499,0.9891341
818500,0.03037884
818501,0.98455524
818502,0.033867467
818503,0.5390122
818504,0.41679323
818505,0.95424855
818506,0.23034495
818507,0.8513701
818508,0.033396993
818509,0.053743295
818510,0.9984696
818511,0.10741814
818512,0.36248937
818513,0.9986654
818514,0.969107
818515,0.016215354
818516,0.07759152
818517,0.26610747
818518,0.07517143
818519,0.9013973
818520,0.3657201
818521,0.99778414
818522,0.13238475
818523,0.43435323
818524,0.23212883
818525,0.004434848
818526,0.86022305
818527,0.98539555
818528,0.010277284
818529,0.7852149
818530,0.8220991
818531,0.051495157
818532,0.51602197
818533,0.03949453
818534,0.17692773
818535,0.49286827
818536,0.010320478
818537,0.21455917
818538,0.20231946
818539,0.028481213
818540,0.018076839
818541,0.025500106
818542,0.013950179
818543,0.014364091
818544,0.84269196
818545,0.76170754
818546,0.4686825
818547,0.62549293
818548,0.035963874
818549,0.031798244
818550,0.055827923
818551,0.042405266
818552,0.97576106
818553,0.05041766
818554,0.8685925
818555,0.25155994
818556,0.85428643
818557,0.9965955
818558,0.9869329
818559,0.99876463
818560,0.5609868
818561,0.9921392
818562,0.02405079
818563,0.004656381
818564,0.48053816
818565,0.015155319
818566,0.915222
818567,0.14213204
818568,0.98693323
818569,0.9876307
818570,0.14410645
818571,0.97256637
818572,0.9971193
818573,0.7424462
818574,0.00348436
818575,0.27972674
818576,0.88521695
818577,0.4308216
818578,0.9192482
818579,0.006081966
818580,0.022352202
818581,0.022537835
818582,0.3133636
818583,0.10901259
818584,0.023399198
818585,0.029334791
818586,0.9789087
818587,0.011765533
818588,0.030055502
818589,0.004008003
818590,0.47471645
818591,0.13827565
818592,0.05290075
818593,0.06433777
818594,0.9491056
818595,0.29070064
818596,0.07999617
818597,0.010525982
818598,0.95051384
818599,0.9948523
818600,0.99884033
818601,0.005579581
818602,0.111873195
818603,0.0053335573
818604,0.0730474
818605,0.0833643
818606,0.23178378
818607,0.86294967
818608,0.004426324
818609,0.99201334
818610,0.0037702522
818611,0.030764736
818612,0.9800953
818613,0.07888005
818614,0.016335363
818615,0.065455236
818616,0.037819225
818617,0.102816105
818618,0.97520953
818619,0.9767597
818620,0.4637757
818621,0.5376863
818622,0.99175954
818623,0.9655323
818624,0.99744654
818625,0.127904
818626,0.051566944
818627,0.74300945
818628,0.0053754207
818629,0.82366776
818630,0.47516367
818631,0.9696194
818632,0.50336665
818633,0.00087833236
818634,0.97470236
818635,0.0035322546
818636,0.6929282
818637,0.98419565
818638,0.2112457
818639,0.16902244
818640,0.008594296
818641,0.9001783
818642,0.2363784
818643,0.5879089
818644,0.903493
818645,0.8399996
818646,0.0057228007
818647,0.015064343
818648,0.9325629
818649,0.35702604
818650,0.15013042
818651,0.23450442
818652,0.07876597
818653,0.12845835
818654,0.63972884
818655,0.030228416
818656,0.009441598
818657,0.096962824
818658,0.8767744
818659,0.9951934
818660,0.99586004
818661,0.9986646
818662,0.94053423
818663,0.016744284
818664,0.09053276
818665,0.07673475
818666,0.5296844
818667,0.09469198
818668,0.967965
818669,0.011231648
818670,0.9150208
818671,0.046708595
818672,0.013593259
818673,0.012105218
818674,0.0069459155
818675,0.0043686926
818676,0.25382832
818677,0.59295714
818678,0.010893786
818679,0.14284438
818680,0.2688034
818681,0.9887145
818682,0.28525734
818683,0.017980874
818684,0.20053223
818685,0.03281223
818686,0.07954935
818687,0.022006791
818688,0.03209559
818689,0.041884366
818690,0.019293545
818691,0.041919652
818692,0.22474197
818693,0.9898938
818694,0.028163414
818695,0.5709443
818696,0.026745144
818697,0.004047159
818698,0.9886635
818699,0.01964384
818700,0.9965893
818701,0.760589
818702,0.8536615
818703,0.015874531
818704,0.021932729
818705,0.05279212
818706,0.07416041
818707,0.988966
818708,0.89034694
818709,0.007498492
818710,0.26621735
818711,0.15212098
818712,0.13882253
818713,0.9983446
818714,0.9973782
818715,0.97401845
818716,0.7994576
818717,0.042234953
818718,0.51025957
818719,0.99000704
818720,0.9037186
818721,0.121361375
818722,0.0036277552
818723,0.99184835
818724,0.95027196
818725,0.08420955
818726,0.28042477
818727,0.8681812
818728,0.11271428
818729,0.2836839
818730,0.9846216
818731,0.8104669
818732,0.057554215
818733,0.6482702
818734,0.060226694
818735,0.9135244
818736,0.9588636
818737,0.016395489
818738,0.11255733
818739,0.9808971
818740,0.09817462
818741,0.027342528
818742,0.0013992684
818743,0.5080787
818744,0.7221289
818745,0.8611685
818746,0.9977569
818747,0.9241464
818748,0.9837744
818749,0.05258016
818750,0.018324513
818751,0.0127592
818752,0.02249533
818753,0.020142945
818754,0.10004306
818755,0.033173952
818756,0.21767078
818757,0.4204244
818758,0.99406004
818759,0.88668305
818760,0.021338318
818761,0.15448406
818762,0.20104185
818763,0.44212216
818764,0.967953
818765,0.77919
818766,0.971256
818767,0.9850848
818768,0.9867368
818769,0.45762938
818770,0.9724069
818771,0.06672722
818772,0.9180067
818773,0.05602309
818774,0.9697856
818775,0.011740238
818776,0.0095537035
818777,0.9477527
818778,0.015742563
818779,0.95719016
818780,0.07966653
818781,0.83494633
818782,0.5499471
818783,0.959424
818784,0.041398495
818785,0.63881075
818786,0.22803321
818787,0.48393393
818788,0.9167898
818789,0.9096322
818790,0.13248858
818791,0.010401497
818792,0.28009245
818793,0.02466387
818794,0.45306003
818795,0.8678847
818796,0.9865208
818797,0.460001
818798,0.9474411
818799,0.5147352
818800,0.9530744
818801,0.91696566
818802,0.987069
818803,0.98469055
818804,0.14849828
818805,0.054086402
818806,0.31320035
818807,0.9115905
818808,0.9097225
818809,0.99850863
818810,0.11904602
818811,0.9509685
818812,0.010411076
818813,0.008532684
818814,0.030943979
818815,0.0032922614
818816,0.6476924
818817,0.040425856
818818,0.075059205
818819,0.9906285
818820,0.20278488
818821,0.2252109
818822,0.47592312
818823,0.7276497
818824,0.0285714
818825,0.8979366
818826,0.014384167
818827,0.014463956
818828,0.45615375
818829,0.1819849
818830,0.03390594
818831,0.11315739
818832,0.0020368437
818833,0.9139314
818834,0.1603974
818835,0.6394664
818836,0.09859935
818837,0.77129054
818838,0.17251395
818839,0.9960261
818840,0.008350292
818841,0.073693424
818842,0.009932961
818843,0.98309463
818844,0.92309976
818845,0.81263703
818846,0.9809886
818847,0.002784301
818848,0.12685905
818849,0.19554959
818850,0.012887267
818851,0.0072804103
818852,0.8894448
818853,0.12870589
818854,0.95272136
818855,0.056649383
818856,0.62056065
818857,0.0067212163
818858,0.002891178
818859,0.9767682
818860,0.11706692
818861,0.033974614
818862,0.7720489
818863,0.014159605
818864,0.006314068
818865,0.23566228
818866,0.9909136
818867,0.761884
818868,0.9805031
818869,0.25405562
818870,0.051662907
818871,0.97729814
818872,0.0144002335
818873,0.24207619
818874,0.124773994
818875,0.27159914
818876,0.083511405
818877,0.9893434
818878,0.43449485
818879,0.013917083
818880,0.99474376
818881,0.89152807
818882,0.47904187
818883,0.6398088
818884,0.97478735
818885,0.01683781
818886,0.74773437
818887,0.34829754
818888,0.9510838
818889,0.013927066
818890,0.9360341
818891,0.99076664
818892,0.008429663
818893,0.99516183
818894,0.0037237038
818895,0.34280375
818896,0.83530474
818897,0.58486277
818898,0.077251256
818899,0.018584402
818900,0.33937037
818901,0.004978699
818902,0.014841275
818903,0.0044598808
818904,0.98297536
818905,0.10071804
818906,0.009312337
818907,0.075598784
818908,0.7009017
818909,0.063659266
818910,0.029214768
818911,0.31256625
818912,0.17118773
818913,0.08900595
818914,0.05002646
818915,0.73831916
818916,0.7116307
818917,0.0064638895
818918,0.96235216
818919,0.74563485
818920,0.06701303
818921,0.956655
818922,0.7135301
818923,0.02367213
818924,0.25485015
818925,0.64971435
818926,0.9286361
818927,0.99500066
818928,0.035164576
818929,0.8840985
818930,0.91459185
818931,0.04358385
818932,0.99013823
818933,0.002777462
818934,0.12282081
818935,0.14246044
818936,0.014888274
818937,0.9624464
818938,0.91605926
818939,0.96612996
818940,0.9982782
818941,0.04029181
818942,0.037502304
818943,0.020696567
818944,0.88351965
818945,0.05106117
818946,0.02424167
818947,0.78067994
818948,0.20616068
818949,0.017345889
818950,0.82527196
818951,0.99391836
818952,0.9202436
818953,0.0029705476
818954,0.6693223
818955,0.022489361
818956,0.9859488
818957,0.9813079
818958,0.91765326
818959,0.9992549
818960,0.09454027
818961,0.0477751
818962,0.5164433
818963,0.0063987197
818964,0.92425084
818965,0.95479834
818966,0.03120849
818967,0.02717399
818968,0.332914
818969,0.013894041
818970,0.048484042
818971,0.75364935
818972,0.91793275
818973,0.19622314
818974,0.9979303
818975,0.024391182
818976,0.96267146
818977,0.012114185
818978,0.07988869
818979,0.9902816
818980,0.9897541
818981,0.046238743
818982,0.83670986
818983,0.9977976
818984,0.93621343
818985,0.89456725
818986,0.156584
818987,0.79055035
818988,0.72469795
818989,0.00626321
818990,0.4497281
818991,0.99007636
818992,0.9876796
818993,0.9407779
818994,0.45907375
818995,0.0021155854
818996,0.22665083
818997,0.8813676
818998,0.9701227
818999,0.9569558
819000,0.2696747
819001,0.9950651
819002,0.9470613
819003,0.97038275
819004,0.041273493
819005,0.05388944
819006,0.082058825
819007,0.044684388
819008,0.035047147
819009,0.9795469
819010,0.94830143
819011,0.87531906
819012,0.08088224
819013,0.6626408
819014,0.9917953
819015,0.94221693
819016,0.108470485
819017,0.41166526
819018,0.00341164
819019,0.009717979
819020,0.05961271
819021,0.0037487098
819022,0.018386748
819023,0.1959495
819024,0.025322111
819025,0.84553385
819026,0.9888977
819027,0.88287413
819028,0.89347696
819029,0.0060591623
819030,0.78181326
819031,0.18474731
819032,0.9657989
819033,0.33058855
819034,0.036654398
819035,0.05263617
819036,0.0061655603
819037,0.3955904
819038,0.04098369
819039,0.81073993
819040,0.024491146
819041,0.6880853
819042,0.0114190085
819043,0.012771788
819044,0.9821676
819045,0.9449372
819046,0.0070003965
819047,0.9712108
819048,0.7149607
819049,0.092755154
819050,0.004192238
819051,0.95432365
819052,0.5498227
819053,0.039294906
819054,0.64929515
819055,0.36243626
819056,0.985087
819057,0.055386715
819058,0.8113721
819059,0.01748828
819060,0.28471074
819061,0.05972319
819062,0.6870512
819063,0.99932456
819064,0.99095637
819065,0.9464607
819066,0.006920391
819067,0.023592325
819068,0.3001825
819069,0.90592647
819070,0.9810453
819071,0.14146276
819072,0.9611089
819073,0.09495612
819074,0.16634932
819075,0.030059453
819076,0.05078836
819077,0.9900973
819078,0.9940721
819079,0.022630472
819080,0.88271284
819081,0.44393963
819082,0.97645587
819083,0.7187811
819084,0.02463004
819085,0.99720126
819086,0.5392752
819087,0.01725901
819088,0.3483439
819089,0.99420226
819090,0.013727068
819091,0.82277095
819092,0.037133135
819093,0.98837906
819094,0.5376777
819095,0.018161248
819096,0.0013558166
819097,0.056705907
819098,0.006262203
819099,0.1221723
819100,0.99437094
819101,0.9500482
819102,0.98261285
819103,0.6336595
819104,0.0016381661
819105,0.14697292
819106,0.00422355
819107,0.56214464
819108,0.1630766
819109,0.9961498
819110,0.950343
819111,0.3307938
819112,0.9748788
819113,0.079472415
819114,0.20517613
819115,0.0076669552
819116,0.8957599
819117,0.98580134
819118,0.77585226
819119,0.06944163
819120,0.44374558
819121,0.03787318
819122,0.960727
819123,0.76003516
819124,0.7907786
819125,0.015190081
819126,0.058325473
819127,0.0523011
819128,0.9935221
819129,0.03997214
819130,0.9622597
819131,0.93204755
819132,0.007833014
819133,0.97144043
819134,0.022305217
819135,0.9951804
819136,0.099678844
819137,0.8359687
819138,0.78472286
819139,0.71761316
819140,0.7219303
819141,0.0066190856
819142,0.006000352
819143,0.08075001
819144,0.031777963
819145,0.87014234
819146,0.80081666
819147,0.96663827
819148,0.90404683
819149,0.87591493
819150,0.9731122
819151,0.066318974
819152,0.011858558
819153,0.12901244
819154,0.80933714
819155,0.8471036
819156,0.9572949
819157,0.26676086
819158,0.0071956343
819159,0.15858823
819160,0.0109445155
819161,0.0025169973
819162,0.08678136
819163,0.102960795
819164,0.17338684
819165,0.012099542
819166,0.9607663
819167,0.03118428
819168,0.67570394
819169,0.9721831
819170,0.018924195
819171,0.21414185
819172,0.97439706
819173,0.9636538
819174,0.75493085
819175,0.9653785
819176,0.98161143
819177,0.87700945
819178,0.03962447
819179,0.9951284
819180,0.16423771
819181,0.91364324
819182,0.98050684
819183,0.9866741
819184,0.18479761
819185,0.03177523
819186,0.7279875
819187,0.5932435
819188,0.0055418722
819189,0.7515967
819190,0.039310623
819191,0.8232614
819192,0.9874127
819193,0.9973887
819194,0.9900454
819195,0.76307845
819196,0.039708123
819197,0.006201325
819198,0.30131292
819199,0.88860744
819200,0.7050517
819201,0.12520796
819202,0.0009217937
819203,0.8928086
819204,0.9665623
819205,0.9919778
819206,0.33095005
819207,0.3727905
819208,0.28770277
819209,0.0155145945
819210,0.9942957
819211,0.02043213
819212,0.3372738
819213,0.031080421
819214,0.46227595
819215,0.10543993
819216,0.99314713
819217,0.99561095
819218,0.122830495
819219,0.7806132
819220,0.9661773
819221,0.292254
819222,0.016476419
819223,0.24225704
819224,0.019749956
819225,0.9978265
819226,0.99232566
819227,0.94929487
819228,0.9133014
819229,0.032660376
819230,0.794185
819231,0.015053903
819232,0.9736297
819233,0.99852484
819234,0.008544795
819235,0.029849228
819236,0.2756142
819237,0.44854206
819238,0.9946078
819239,0.7893377
819240,0.1499829
819241,0.9481709
819242,0.06183383
819243,0.21832833
819244,0.04536043
819245,0.9756199
819246,0.9795842
819247,0.011887446
819248,0.9534273
819249,0.99102366
819250,0.9291096
819251,0.9751971
819252,0.5103912
819253,0.056368835
819254,0.0021214522
819255,0.9958252
819256,0.7339991
819257,0.15878338
819258,0.9972849
819259,0.0023983647
819260,0.12599975
819261,0.45256242
819262,0.110355206
819263,0.7952895
819264,0.008117951
819265,0.0012307544
819266,0.7490145
819267,0.8834179
819268,0.16385877
819269,0.9197813
819270,0.95740277
819271,0.018052243
819272,0.035056807
819273,0.11279742
819274,0.9774435
819275,0.22629724
819276,0.030179782
819277,0.009361794
819278,0.4350851
819279,0.66572535
819280,0.8158095
819281,0.98718476
819282,0.9950179
819283,0.13039449
819284,0.89319694
819285,0.25317183
819286,0.9605008
819287,0.91707695
819288,0.031733975
819289,0.97657037
819290,0.99070704
819291,0.06413516
819292,0.060468648
819293,0.043268632
819294,0.9950948
819295,0.9909741
819296,0.8690824
819297,0.9398579
819298,0.0012358393
819299,0.9759516
819300,0.90402377
819301,0.021291891
819302,0.19099416
819303,0.4965383
819304,0.92597413
819305,0.00903299
819306,0.6174851
819307,0.2413829
819308,0.013564905
819309,0.12434357
819310,0.994647
819311,0.9950004
819312,0.0122616375
819313,0.88601947
819314,0.020574622
819315,0.008943547
819316,0.14533234
819317,0.069829896
819318,0.99743295
819319,0.9982164
819320,0.99195933
819321,0.038509183
819322,0.86474633
819323,0.0074459803
819324,0.8614227
819325,0.9994904
819326,0.106580645
819327,0.17901507
819328,0.010174757
819329,0.9304214
819330,0.071550116
819331,0.39473167
819332,0.9973684
819333,0.15160841
819334,0.012918722
819335,0.9791686
819336,0.526998
819337,0.5177949
819338,0.47937894
819339,0.9229393
819340,0.92686874
819341,0.032097545
819342,0.9225122
819343,0.008509652
819344,0.02393963
819345,0.9598727
819346,0.97746634
819347,0.017896455
819348,0.06220451
819349,0.074732214
819350,0.95432377
819351,0.6170559
819352,0.90312254
819353,0.9940289
819354,0.036687862
819355,0.0042666662
819356,0.9981893
819357,0.015344674
819358,0.8911933
819359,0.15353298
819360,0.9595506
819361,0.58585197
819362,0.0037413822
819363,0.9842132
819364,0.9216724
819365,0.014030043
819366,0.017953131
819367,0.13863322
819368,0.97905725
819369,0.92048585
819370,0.10743995
819371,0.68116677
819372,0.2484218
819373,0.007077578
819374,0.9877103
819375,0.97675055
819376,0.011220011
819377,0.12267073
819378,0.098581225
819379,0.28740245
819380,0.4900243
819381,0.094016105
819382,0.03763299
819383,0.06046023
819384,0.9864871
819385,0.47447857
819386,0.01276206
819387,0.048391115
819388,0.992824
819389,0.003197457
819390,0.033771858
819391,0.051324498
819392,0.013846837
819393,0.9655845
819394,0.98246515
819395,0.036622338
819396,0.98932123
819397,0.015836773
819398,0.9874308
819399,0.93690574
819400,0.07571234
819401,0.08433956
819402,0.99193215
819403,0.30600536
819404,0.43823466
819405,0.008274918
819406,0.9447082
819407,0.8693261
819408,0.052659567
819409,0.29367778
819410,0.993628
819411,0.99048746
819412,0.9887889
819413,0.024368957
819414,0.0028501966
819415,0.93727624
819416,0.03798061
819417,0.43933883
819418,0.91252875
819419,0.3774118
819420,0.14737263
819421,0.13001293
819422,0.9563431
819423,0.4206858
819424,0.551229
819425,0.05567082
819426,0.17302875
819427,0.012544774
819428,0.009820051
819429,0.019366417
819430,0.035871673
819431,0.9956111
819432,0.34328398
819433,0.045502543
819434,0.24098745
819435,0.9975986
819436,0.009310883
819437,0.0041561285
819438,0.02483089
819439,0.025164504
819440,0.050846387
819441,0.06626613
819442,0.014666466
819443,0.14645463
819444,0.08288159
819445,0.060712963
819446,0.9102756
819447,0.9648811
819448,0.44446087
819449,0.9980118
819450,0.9845349
819451,0.015151363
819452,0.33650884
819453,0.9483989
819454,0.7050575
819455,0.97758985
819456,0.026403569
819457,0.3242915
819458,0.9829855
819459,0.9016773
819460,0.23571354
819461,0.3134131
819462,0.93277985
819463,0.9205384
819464,0.16983643
819465,0.23622572
819466,0.002443547
819467,0.9293975
819468,0.99521446
819469,0.008068799
819470,0.3320297
819471,0.96660256
819472,0.8150019
819473,0.99862397
819474,0.5516518
819475,0.87446034
819476,0.023437567
819477,0.46656442
819478,0.024867553
819479,0.48885658
819480,0.8304589
819481,0.82152265
819482,0.850114
819483,0.5727027
819484,0.7655874
819485,0.65412694
819486,0.17497408
819487,0.018255144
819488,0.017566357
819489,0.02995294
819490,0.9614316
819491,0.8900199
819492,0.034522746
819493,0.26247635
819494,0.08290272
819495,0.49808812
819496,0.0149960155
819497,0.70133877
819498,0.09017002
819499,0.005094141
819500,0.069956824
819501,0.68336844
819502,0.9532683
819503,0.35039195
819504,0.04702262
819505,0.60080814
819506,0.095458925
819507,0.034906693
819508,0.170316
819509,0.13090675
819510,0.09377967
819511,0.31480804
819512,0.5970775
819513,0.004640994
819514,0.31009474
819515,0.08511458
819516,0.22879486
819517,0.41012967
819518,0.28240448
819519,0.013070546
819520,0.013322962
819521,0.36518574
819522,0.5730093
819523,0.009514898
819524,0.020411775
819525,0.7668004
819526,0.3228462
819527,0.28740305
819528,0.9319147
819529,0.017229598
819530,0.4800986
819531,0.9907161
819532,0.055264987
819533,0.010472706
819534,0.7660857
819535,0.017197995
819536,0.9854597
819537,0.9538133
819538,0.37432757
819539,0.00862037
819540,0.9889677
819541,0.018182911
819542,0.5329071
819543,0.95943534
819544,0.036118675
819545,0.59766835
819546,0.9256757
819547,0.06367904
819548,0.14293787
819549,0.0242599
819550,0.21374086
819551,0.955021
819552,0.080962315
819553,0.8330885
819554,0.13504468
819555,0.15788093
819556,0.58596605
819557,0.9906753
819558,0.8536171
819559,0.93582433
819560,0.0069733975
819561,0.013115881
819562,0.5566132
819563,0.9845644
819564,0.045290817
819565,0.051396407
819566,0.011848455
819567,0.043119766
819568,0.98970497
819569,0.9597962
819570,0.55904764
819571,0.024228575
819572,0.99565554
819573,0.8429972
819574,0.11129574
819575,0.8974607
819576,0.8492346
819577,0.5753017
819578,0.015970327
819579,0.053637423
819580,0.9663635
819581,0.95689815
819582,0.43274206
819583,0.055514093
819584,0.9489306
819585,0.2038552
819586,0.88226104
819587,0.9987675
819588,0.11267517
819589,0.9912072
819590,0.08487284
819591,0.035655685
819592,0.2604651
819593,0.9465358
819594,0.010844773
819595,0.9982854
819596,0.970746
819597,0.0104363365
819598,0.024144284
819599,0.9787711
819600,0.16914645
819601,0.13606715
819602,0.14634678
819603,0.9575137
819604,0.02623415
819605,0.94882107
819606,0.44537964
819607,0.99826247
819608,0.024030779
819609,0.9876708
819610,0.9984944
819611,0.3166585
819612,0.944241
819613,0.24908781
819614,0.83802813
819615,0.530252
819616,0.012934852
819617,0.11159164
819618,0.91934574
819619,0.08817382
819620,0.11948633
819621,0.46137983
819622,0.20527187
819623,0.99680865
819624,0.6584382
819625,0.020312378
819626,0.03655071
819627,0.7578373
819628,0.85640156
819629,0.98758364
819630,0.0073563415
819631,0.034257118
819632,0.00819755
819633,0.013797417
819634,0.2698588
819635,0.2594891
819636,0.84768814
819637,0.18782766
819638,0.97312355
819639,0.9498582
819640,0.48220623
819641,0.18029433
819642,0.97667736
819643,0.03385022
819644,0.02306427
819645,0.11559695
819646,0.62227833
819647,0.93670845
819648,0.98635507
819649,0.1938134
819650,0.02088314
819651,0.0017691713
819652,0.73249674
819653,0.05451471
819654,0.024518114
819655,0.08577026
819656,0.029456949
819657,0.041499883
819658,0.070117764
819659,0.009333344
819660,0.002049061
819661,0.03602565
819662,0.025982503
819663,0.9001704
819664,0.99639094
819665,0.9958988
819666,0.01380613
819667,0.2012946
819668,0.94003415
819669,0.9866543
819670,0.010204829
819671,0.9863463
819672,0.02177157
819673,0.027772475
819674,0.18532576
819675,0.762696
819676,0.8886752
819677,0.64457655
819678,0.5184042
819679,0.002250501
819680,0.16590662
819681,0.9537728
819682,0.012513592
819683,0.9983921
819684,0.025635574
819685,0.1837834
819686,0.99456733
819687,0.7370924
819688,0.9939014
819689,0.96003485
819690,0.7729433
819691,0.010620729
819692,0.03789501
819693,0.9887681
819694,0.588955
819695,0.70149255
819696,0.8847954
819697,0.06283277
819698,0.0056822943
819699,0.0065444894
819700,0.017677812
819701,0.0036812113
819702,0.01647911
819703,0.21166152
819704,0.049935438
819705,0.08881657
819706,0.47611946
819707,0.17604148
819708,0.023154316
819709,0.0113509875
819710,0.70554227
819711,0.83606315
819712,0.11915532
819713,0.11866279
819714,0.018402146
819715,0.040922053
819716,0.31504065
819717,0.24108915
819718,0.025630271
819719,0.0035718281
819720,0.014648452
819721,0.82448155
819722,0.9850614
819723,0.96967673
819724,0.04588271
819725,0.12284942
819726,0.97503865
819727,0.49182594
819728,0.6043515
819729,0.69217646
819730,0.9992027
819731,0.8321216
819732,0.44949657
819733,0.037407275
819734,0.9140569
819735,0.9908142
819736,0.9657188
819737,0.01748096
819738,0.032839585
819739,0.051466573
819740,0.0018704648
819741,0.07276962
819742,0.6024704
819743,0.9791153
819744,0.9906441
819745,0.01137369
819746,0.050829377
819747,0.012218443
819748,0.04263401
819749,0.07551299
819750,0.19794825
819751,0.12869167
819752,0.009384239
819753,0.89427614
819754,0.008873022
819755,0.014668584
819756,0.04717937
819757,0.029535532
819758,0.5865115
819759,0.23358162
819760,0.11627046
819761,0.96775967
819762,0.053971052
819763,0.046559058
819764,0.027623272
819765,0.70067716
819766,0.122425504
819767,0.97034204
819768,0.11156584
819769,0.97503054
819770,0.9733573
819771,0.8029223
819772,0.99235106
819773,0.036202434
819774,0.964838
819775,0.9971309
819776,0.013520262
819777,0.021147646
819778,0.41018385
819779,0.9178734
819780,0.9793966
819781,0.88515186
819782,0.69278777
819783,0.4433543
819784,0.9636823
819785,0.74830765
819786,0.9767077
819787,0.26602012
819788,0.87910616
819789,0.48482972
819790,0.023050291
819791,0.5296755
819792,0.3724647
819793,0.99853796
819794,0.948899
819795,0.0033671025
819796,0.01358976
819797,0.8130576
819798,0.023706144
819799,0.9243641
819800,0.94385
819801,0.010994576
819802,0.0054893014
819803,0.005645519
819804,0.98528767
819805,0.98040235
819806,0.8642508
819807,0.03729435
819808,0.97306496
819809,0.82318187
819810,0.37964764
819811,0.08942954
819812,0.37707737
819813,0.18396002
819814,0.63816386
819815,0.029093435
819816,0.0067902724
819817,0.011592906
819818,0.7850078
819819,0.008350746
819820,0.027353037
819821,0.035799336
819822,0.06816608
819823,0.12400305
819824,0.04055921
819825,0.63633573
819826,0.31030816
819827,0.048591387
819828,0.005574958
819829,0.10406347
819830,0.004956864
819831,0.92404747
819832,0.61709976
819833,0.37944192
819834,0.029272024
819835,0.043070666
819836,0.8990655
819837,0.031265274
819838,0.014302475
819839,0.9216102
819840,0.99641377
819841,0.07124753
819842,0.034482725
819843,0.29482877
819844,0.96100354
819845,0.8457248
819846,0.13209452
819847,0.060837805
819848,0.22436747
819849,0.5434394
819850,0.19258381
819851,0.9974446
819852,0.99665415
819853,0.010408827
819854,0.91658795
819855,0.09313724
819856,0.053638246
819857,0.43388006
819858,0.022412911
819859,0.9997826
819860,0.24987319
819861,0.55853987
819862,0.009768365
819863,0.37879092
819864,0.48922062
819865,0.16999277
819866,0.010225949
819867,0.9710276
819868,0.67275196
819869,0.9534724
819870,0.008337674
819871,0.011030474
819872,0.21816117
819873,0.9859355
819874,0.90804684
819875,0.88086385
819876,0.0061036167
819877,0.97783524
819878,0.6382292
819879,0.67104864
819880,0.005294609
819881,0.022905782
819882,0.024162892
819883,0.9856971
819884,0.016809685
819885,0.05423751
819886,0.011978439
819887,0.99976283
819888,0.002229135
819889,0.71050316
819890,0.02228466
819891,0.95894665
819892,0.0033118706
819893,0.9855287
819894,0.93417275
819895,0.106151305
819896,0.24211043
819897,0.88445425
819898,0.120598815
819899,0.08713109
819900,0.99885756
819901,0.01808556
819902,0.17963943
819903,0.18770044
819904,0.9275883
819905,0.00915499
819906,0.83538926
819907,0.86307967
819908,0.45606846
819909,0.012008087
819910,0.020939237
819911,0.8706702
819912,0.2765302
819913,0.7103776
819914,0.9782034
819915,0.060858957
819916,0.02947085
819917,0.12996012
819918,0.92496306
819919,0.66689754
819920,0.9957284
819921,0.043520853
819922,0.12471897
819923,0.80414116
819924,0.0028252222
819925,0.9758815
819926,0.02981108
819927,0.062556736
819928,0.08328566
819929,0.8116959
819930,0.930562
819931,0.088317454
819932,0.49592504
819933,0.03872653
819934,0.36522916
819935,0.06843709
819936,0.039605178
819937,0.016831353
819938,0.8932409
819939,0.122477956
819940,0.9650174
819941,0.33931074
819942,0.6401386
819943,0.9651359
819944,0.37433887
819945,0.04283435
819946,0.028073777
819947,0.08981645
819948,0.6807232
819949,0.10805089
819950,0.011265086
819951,0.9682088
819952,0.035434
819953,0.051447667
819954,0.9512286
819955,0.010428077
819956,0.72654384
819957,0.022433298
819958,0.584646
819959,0.6261512
819960,0.082238376
819961,0.99385047
819962,0.009501644
819963,0.02698144
819964,0.27850404
819965,0.937811
819966,0.087500714
819967,0.81790113
819968,0.051305108
819969,0.9975325
819970,0.99613523
819971,0.0041495697
819972,0.9829575
819973,0.02810557
819974,0.9401747
819975,0.98739624
819976,0.016858872
819977,0.093149364
819978,0.70636636
819979,0.52268624
819980,0.8531746
819981,0.8075974
819982,0.03325967
819983,0.013145647
819984,0.12918697
819985,0.047781717
819986,0.6453568
819987,0.9768288
819988,0.118000746
819989,0.99392354
819990,0.996481
819991,0.9564076
819992,0.8308866
819993,0.0022326568
819994,0.06930928
819995,0.93057865
819996,0.006389073
819997,0.3429972
819998,0.9748314
819999,0.0066579464
820000,0.01705541
820001,0.05409806
820002,0.116699085
820003,0.021411827
820004,0.9796909
820005,0.0073040635
820006,0.99570376
820007,0.9738219
820008,0.57767826
820009,0.8736275
820010,0.9975971
820011,0.022440713
820012,0.018980566
820013,0.99875325
820014,0.9455869
820015,0.7751466
820016,0.3682933
820017,0.8834945
820018,0.034219205
820019,0.033611085
820020,0.11473103
820021,0.0045474786
820022,0.9500376
820023,0.99142265
820024,0.01664322
820025,0.9930715
820026,0.7748048
820027,0.68189263
820028,0.049847096
820029,0.0030277134
820030,0.7297294
820031,0.7130421
820032,0.5725707
820033,0.9747759
820034,0.9926933
820035,0.142994
820036,0.69211173
820037,0.31905255
820038,0.75594175
820039,0.95379996
820040,0.16813761
820041,0.033118844
820042,0.056530178
820043,0.984399
820044,0.07105285
820045,0.6803436
820046,0.009227533
820047,0.029920697
820048,0.036078997
820049,0.8900945
820050,0.92766905
820051,0.35049194
820052,0.050406065
820053,0.0029091602
820054,0.0028118775
820055,0.006473714
820056,0.98946744
820057,0.36632642
820058,0.9939481
820059,0.84460807
820060,0.99555063
820061,0.4989605
820062,0.0061930786
820063,0.20683357
820064,0.38230014
820065,0.06569778
820066,0.11549263
820067,0.99737847
820068,0.98305947
820069,0.016849712
820070,0.79762983
820071,0.9476727
820072,0.2583866
820073,0.9978953
820074,0.22417817
820075,0.021339951
820076,0.033684615
820077,0.9326719
820078,0.14534368
820079,0.9744233
820080,0.7442632
820081,0.9948514
820082,0.4279738
820083,0.013885552
820084,0.9932431
820085,0.15479217
820086,0.034215532
820087,0.403711
820088,0.103991516
820089,0.8509043
820090,0.061374765
820091,0.2469062
820092,0.47949636
820093,0.088434525
820094,0.008616014
820095,0.9634512
820096,0.20966321
820097,0.9878353
820098,0.0067385174
820099,0.42764473
820100,0.07490452
820101,0.011766643
820102,0.007559495
820103,0.29444325
820104,0.99924636
820105,0.7222757
820106,0.9679462
820107,0.9728621
820108,0.06972225
820109,0.036881614
820110,0.09361826
820111,0.73370636
820112,0.008481589
820113,0.1231904
820114,0.02027225
820115,0.88360655
820116,0.90901786
820117,0.026362104
820118,0.9836422
820119,0.9995933
820120,0.08936399
820121,0.91360825
820122,0.004886574
820123,0.5970204
820124,0.027132679
820125,0.09491718
820126,0.8462808
820127,0.041322276
820128,0.012872016
820129,0.09272306
820130,0.6913288
820131,0.009492125
820132,0.7494506
820133,0.0058693406
820134,0.6473614
820135,0.9812937
820136,0.99623847
820137,0.9902335
820138,0.08946088
820139,0.0015220565
820140,0.97839344
820141,0.34317228
820142,0.7068511
820143,0.6719982
820144,0.023268266
820145,0.09546075
820146,0.4198383
820147,0.9814135
820148,0.011659597
820149,0.01157784
820150,0.92604274
820151,0.1802258
820152,0.42078742
820153,0.9141444
820154,0.01341961
820155,0.9036606
820156,0.9840962
820157,0.9994123
820158,0.8168651
820159,0.9265321
820160,0.4790967
820161,0.2416938
820162,0.9685919
820163,0.568536
820164,0.89480305
820165,0.9698019
820166,0.77815
820167,0.09035648
820168,0.060664404
820169,0.015020049
820170,0.9961704
820171,0.31000078
820172,0.19074893
820173,0.09568734
820174,0.5573764
820175,0.03542707
820176,0.0074713826
820177,0.7140573
820178,0.86106235
820179,0.072111115
820180,0.98639786
820181,0.94823295
820182,0.9479242
820183,0.9959182
820184,0.0149784945
820185,0.3526401
820186,0.9064643
820187,0.104576565
820188,0.4737732
820189,0.023155356
820190,0.7187994
820191,0.9943157
820192,0.0047542406
820193,0.006475959
820194,0.9951342
820195,0.5103343
820196,0.90931594
820197,0.9982336
820198,0.035618924
820199,0.029080529
820200,0.105130255
820201,0.8423906
820202,0.9892018
820203,0.35425273
820204,0.015651898
820205,0.13223746
820206,0.9347818
820207,0.059501477
820208,0.9852974
820209,0.007695566
820210,0.0031800685
820211,0.0019911614
820212,0.41624302
820213,0.8528759
820214,0.0036102082
820215,0.99100506
820216,0.08904691
820217,0.9524903
820218,0.3718502
820219,0.02716799
820220,0.15515056
820221,0.41058677
820222,0.9645374
820223,0.9787408
820224,0.9797363
820225,0.056519642
820226,0.0119212605
820227,0.005051505
820228,0.01983394
820229,0.16923717
820230,0.24132353
820231,0.28235278
820232,0.18136214
820233,0.44339234
820234,0.004787711
820235,0.3722778
820236,0.9932486
820237,0.9891524
820238,0.0071985573
820239,0.9175679
820240,0.0072660185
820241,0.079991005
820242,0.066310555
820243,0.17606813
820244,0.15307522
820245,0.06448034
820246,0.023102235
820247,0.9690058
820248,0.14144869
820249,0.09990052
820250,0.16191413
820251,0.1461113
820252,0.77709985
820253,0.9138574
820254,0.8384943
820255,0.78990966
820256,0.32961458
820257,0.9818379
820258,0.018649697
820259,0.9873883
820260,0.016795348
820261,0.0018825481
820262,0.010360864
820263,0.7867376
820264,0.026282001
820265,0.9997977
820266,0.010421716
820267,0.03148017
820268,0.006061366
820269,0.007735387
820270,0.015124795
820271,0.2319029
820272,0.031965304
820273,0.002305465
820274,0.12516844
820275,0.9289533
820276,0.9013307
820277,0.05469408
820278,0.0053882366
820279,0.6809475
820280,0.015636966
820281,0.998487
820282,0.7713062
820283,0.9752697
820284,0.99530447
820285,0.5945152
820286,0.20485415
820287,0.011589129
820288,0.018753897
820289,0.7948309
820290,0.0151058175
820291,0.099663615
820292,0.9631492
820293,0.049298216
820294,0.6808858
820295,0.18538748
820296,0.48685765
820297,0.03324172
820298,0.9973163
820299,0.29515463
820300,0.343566
820301,0.48780057
820302,0.98942566
820303,0.7824426
820304,0.9973289
820305,0.9902854
820306,0.071106434
820307,0.9772682
820308,0.034487296
820309,0.0042391536
820310,0.0064329384
820311,0.99077845
820312,0.08309407
820313,0.0021130694
820314,0.99085927
820315,0.009176209
820316,0.02302169
820317,0.19274451
820318,0.24431616
820319,0.2198147
820320,0.76348245
820321,0.05334931
820322,0.041872345
820323,0.20683394
820324,0.15044384
820325,0.3605468
820326,0.86810124
820327,0.02301282
820328,0.054760244
820329,0.11172655
820330,0.26728055
820331,0.025327552
820332,0.9748438
820333,0.03540814
820334,0.96961963
820335,0.010572623
820336,0.95368767
820337,0.06660617
820338,0.99634826
820339,0.6830772
820340,0.007857598
820341,0.06742281
820342,0.0055534877
820343,0.6691201
820344,0.05135295
820345,0.039258163
820346,0.10957501
820347,0.9978303
820348,0.1468035
820349,0.060635906
820350,0.22020245
820351,0.017978627
820352,0.93470323
820353,0.9871212
820354,0.9947584
820355,0.97841144
820356,0.82945883
820357,0.7701522
820358,0.7155864
820359,0.7187856
820360,0.97005284
820361,0.99947697
820362,0.026826205
820363,0.97579396
820364,0.019246783
820365,0.9272023
820366,0.9267293
820367,0.9254852
820368,0.9975002
820369,0.003962862
820370,0.2071062
820371,0.0095292665
820372,0.71620435
820373,0.7988938
820374,0.07344066
820375,0.23997101
820376,0.009473778
820377,0.028956894
820378,0.8484694
820379,0.9799063
820380,0.004635306
820381,0.004491857
820382,0.03498685
820383,0.8226729
820384,0.9928042
820385,0.12792493
820386,0.95686525
820387,0.5981258
820388,0.041655503
820389,0.24468091
820390,0.0035362258
820391,0.80777377
820392,0.98975897
820393,0.952713
820394,0.032011304
820395,0.9700978
820396,0.60970163
820397,0.9806284
820398,0.99775565
820399,0.05392198
820400,0.018952167
820401,0.50362355
820402,0.004333664
820403,0.9106432
820404,0.9989245
820405,0.9752026
820406,0.7679307
820407,0.542546
820408,0.02872265
820409,0.9770273
820410,0.015678283
820411,0.89351714
820412,0.017131766
820413,0.19968912
820414,0.9939328
820415,0.972118
820416,0.35463202
820417,0.84586966
820418,0.0059643723
820419,0.7507889
820420,0.8999243
820421,0.75001204
820422,0.9396619
820423,0.36909646
820424,0.033741448
820425,0.012546341
820426,0.077422224
820427,0.94247544
820428,0.91005063
820429,0.99118745
820430,0.8421538
820431,0.8333289
820432,0.019081319
820433,0.9435536
820434,0.9136123
820435,0.011086341
820436,0.46357876
820437,0.97439164
820438,0.25877622
820439,0.72579217
820440,0.04051231
820441,0.051353224
820442,0.7765775
820443,0.029133007
820444,0.39945024
820445,0.021184234
820446,0.0096497815
820447,0.0144287115
820448,0.96558166
820449,0.03917977
820450,0.9956924
820451,0.9254355
820452,0.9546788
820453,0.94313526
820454,0.94855285
820455,0.22476074
820456,0.83401906
820457,0.0021935978
820458,0.9760523
820459,0.99456435
820460,0.010489257
820461,0.992119
820462,0.33033246
820463,0.8136592
820464,0.9621478
820465,0.1638133
820466,0.056764133
820467,0.081247784
820468,0.017084843
820469,0.9840646
820470,0.8542807
820471,0.8308816
820472,0.9852553
820473,0.201754
820474,0.111281544
820475,0.9952023
820476,0.9968957
820477,0.83069587
820478,0.06930822
820479,0.42701596
820480,0.027995266
820481,0.9854375
820482,0.080933794
820483,0.03587644
820484,0.024277389
820485,0.16348866
820486,0.035937794
820487,0.99224883
820488,0.5335868
820489,0.92778707
820490,0.99879515
820491,0.9834905
820492,0.031994395
820493,0.009169275
820494,0.15740064
820495,0.997617
820496,0.9991085
820497,0.009373399
820498,0.9309509
820499,0.016630653
820500,0.4170152
820501,0.73620504
820502,0.029844407
820503,0.94149375
820504,0.5471304
820505,0.01029413
820506,0.011333441
820507,0.8704277
820508,0.16450138
820509,0.7277863
820510,0.8767184
820511,0.98828137
820512,0.7467389
820513,0.72663647
820514,0.024167735
820515,0.118251115
820516,0.9921872
820517,0.04801953
820518,0.073122844
820519,0.044835236
820520,0.9591935
820521,0.014991
820522,0.9742577
820523,0.9596384
820524,0.45173913
820525,0.107437745
820526,0.038644966
820527,0.002337728
820528,0.09487799
820529,0.037548784
820530,0.97017205
820531,0.009851548
820532,0.99236226
820533,0.09208867
820534,0.035137154
820535,0.99928725
820536,0.2847324
820537,0.9977118
820538,0.79666877
820539,0.9792092
820540,0.012356181
820541,0.06542769
820542,0.007436988
820543,0.058954187
820544,0.00825914
820545,0.019346453
820546,0.987906
820547,0.9144665
820548,0.016048526
820549,0.8074675
820550,0.98116136
820551,0.21333483
820552,0.98987216
820553,0.0052331286
820554,0.032820944
820555,0.32408595
820556,0.3767783
820557,0.5721667
820558,0.24199541
820559,0.9938948
820560,0.99929005
820561,0.995734
820562,0.015400469
820563,0.009600909
820564,0.04489422
820565,0.029304005
820566,0.8561466
820567,0.9797174
820568,0.31036174
820569,0.99873024
820570,0.120170936
820571,0.38334554
820572,0.9764379
820573,0.011026602
820574,0.65640783
820575,0.027992206
820576,0.91333646
820577,0.30759808
820578,0.0020962972
820579,0.05048774
820580,0.95876056
820581,0.010678133
820582,0.24633488
820583,0.0041347775
820584,0.96069604
820585,0.6871536
820586,0.01679258
820587,0.9460467
820588,0.10882449
820589,0.9876594
820590,0.739837
820591,0.9982578
820592,0.03262139
820593,0.43808085
820594,0.07376455
820595,0.56957483
820596,0.986676
820597,0.07463604
820598,0.98109704
820599,0.94560564
820600,0.13767982
820601,0.62814736
820602,0.86653167
820603,0.24310078
820604,0.7039069
820605,0.8654956
820606,0.6478902
820607,0.16207772
820608,0.3212524
820609,0.03929905
820610,0.2949574
820611,0.010857953
820612,0.85833305
820613,0.8274684
820614,0.7483477
820615,0.6942453
820616,0.9869541
820617,0.09796003
820618,0.8756391
820619,0.9485067
820620,0.30803326
820621,0.023230616
820622,0.6448103
820623,0.03701419
820624,0.99328434
820625,0.26445428
820626,0.3322559
820627,0.8986856
820628,0.99442613
820629,0.10498505
820630,0.47551396
820631,0.97833633
820632,0.986006
820633,0.05303451
820634,0.5097013
820635,0.77096415
820636,0.17197394
820637,0.24661693
820638,0.65543365
820639,0.12569402
820640,0.9800598
820641,0.027245697
820642,0.96270704
820643,0.14677809
820644,0.5134419
820645,0.013041942
820646,0.8696713
820647,0.7120546
820648,0.057253305
820649,0.98984945
820650,0.7274162
820651,0.08327548
820652,0.37049064
820653,0.9939966
820654,0.6853044
820655,0.040241905
820656,0.9986017
820657,0.5881913
820658,0.955161
820659,0.6820785
820660,0.87810856
820661,0.9914206
820662,0.0055390974
820663,0.032365873
820664,0.023624033
820665,0.9965067
820666,0.57708466
820667,0.96463263
820668,0.6865762
820669,0.013231841
820670,0.01480501
820671,0.90651953
820672,0.94901836
820673,0.10161054
820674,0.81328213
820675,0.99493027
820676,0.9643527
820677,0.9889586
820678,0.94957435
820679,0.054262523
820680,0.013701482
820681,0.065831155
820682,0.001822166
820683,0.010680317
820684,0.84739524
820685,0.1300053
820686,0.54848003
820687,0.9976227
820688,0.06111738
820689,0.016156817
820690,0.072221436
820691,0.009636367
820692,0.0020864834
820693,0.4567691
820694,0.012029121
820695,0.027900737
820696,0.013946091
820697,0.84802294
820698,0.62177265
820699,0.42631948
820700,0.22581768
820701,0.71789026
820702,0.86936927
820703,0.012170996
820704,0.014385994
820705,0.025832273
820706,0.1251688
820707,0.0067316215
820708,0.01751424
820709,0.94515705
820710,0.100285545
820711,0.0050981217
820712,0.8307658
820713,0.9887735
820714,0.015881052
820715,0.9326477
820716,0.62476987
820717,0.007769349
820718,0.28971112
820719,0.014795302
820720,0.97728324
820721,0.9970642
820722,0.50176626
820723,0.026253467
820724,0.31070438
820725,0.07275094
820726,0.013959101
820727,0.98632455
820728,0.8728122
820729,0.05315345
820730,0.9278252
820731,0.392599
820732,0.6019236
820733,0.9400837
820734,0.060221896
820735,0.64296615
820736,0.011470487
820737,0.0682135
820738,0.9265374
820739,0.99702203
820740,0.08228121
820741,0.3093008
820742,0.037726283
820743,0.9947969
820744,0.015425862
820745,0.1299977
820746,0.035545185
820747,0.6915606
820748,0.02181144
820749,0.69566226
820750,0.36047447
820751,0.33514196
820752,0.058698513
820753,0.7931106
820754,0.9788718
820755,0.09070544
820756,0.90323925
820757,0.119695604
820758,0.7766077
820759,0.050315116
820760,0.0055750995
820761,0.85332936
820762,0.03189972
820763,0.010282527
820764,0.9350009
820765,0.8157221
820766,0.7981241
820767,0.9357023
820768,0.977
820769,0.6283084
820770,0.11846565
820771,0.028324004
820772,0.18498309
820773,0.040668134
820774,0.012389895
820775,0.032233942
820776,0.6097466
820777,0.023390045
820778,0.951642
820779,0.012421976
820780,0.02525118
820781,0.7662063
820782,0.08840754
820783,0.023088299
820784,0.9867441
820785,0.90196866
820786,0.004668965
820787,0.05932841
820788,0.26999766
820789,0.99558777
820790,0.9816461
820791,0.594597
820792,0.7796545
820793,0.052224565
820794,0.96151197
820795,0.99278915
820796,0.060911827
820797,0.9604487
820798,0.986704
820799,0.0029867345
820800,0.08058815
820801,0.0006279096
820802,0.24926965
820803,0.9531872
820804,0.413046
820805,0.15081829
820806,0.027252385
820807,0.009825302
820808,0.037170213
820809,0.7299151
820810,0.028556239
820811,0.9177586
820812,0.02918598
820813,0.7783591
820814,0.08663442
820815,0.0077499785
820816,0.5441516
820817,0.008418407
820818,0.58229727
820819,0.0030820875
820820,0.039749563
820821,0.98157763
820822,0.00043311412
820823,0.30320656
820824,0.8493562
820825,0.03162148
820826,0.15650691
820827,0.009731763
820828,0.5564923
820829,0.9964374
820830,0.17144781
820831,0.842893
820832,0.9265977
820833,0.6623608
820834,0.03582871
820835,0.33787525
820836,0.9835049
820837,0.9756624
820838,0.01730141
820839,0.9982028
820840,0.19688171
820841,0.99102545
820842,0.88558507
820843,0.8117816
820844,0.015139335
820845,0.995716
820846,0.52632225
820847,0.9458808
820848,0.016960852
820849,0.90529525
820850,0.87752765
820851,0.97325695
820852,0.09550103
820853,0.0058455304
820854,0.069709376
820855,0.49954385
820856,0.006721329
820857,0.035814792
820858,0.046026997
820859,0.9963752
820860,0.8257863
820861,0.02738681
820862,0.94709414
820863,0.21030581
820864,0.93139744
820865,0.18489128
820866,0.9775083
820867,0.09935446
820868,0.13188228
820869,0.10674408
820870,0.17030874
820871,0.06491735
820872,0.16418804
820873,0.92407006
820874,0.9454591
820875,0.013777774
820876,0.9971254
820877,0.3067161
820878,0.90685976
820879,0.8827268
820880,0.17738637
820881,0.040838003
820882,0.19059382
820883,0.022606157
820884,0.9949726
820885,0.997353
820886,0.91452795
820887,0.056872122
820888,0.7805067
820889,0.9062954
820890,0.038228378
820891,0.018934736
820892,0.4153162
820893,0.9521497
820894,0.8061427
820895,0.88622063
820896,0.64602494
820897,0.0075857216
820898,0.98886937
820899,0.021535415
820900,0.050774086
820901,0.88907725
820902,0.015209489
820903,0.06445116
820904,0.95282376
820905,0.9109701
820906,0.08607909
820907,0.042874746
820908,0.2384387
820909,0.9982692
820910,0.15955776
820911,0.013845256
820912,0.3574658
820913,0.0058292113
820914,0.9303634
820915,0.99827135
820916,0.8979211
820917,0.9749665
820918,0.05592958
820919,0.566398
820920,0.9964816
820921,0.04878022
820922,0.98038703
820923,0.18115234
820924,0.5841427
820925,0.965835
820926,0.8563435
820927,0.79850936
820928,0.01711589
820929,0.0040869615
820930,0.995718
820931,0.9944979
820932,0.06524987
820933,0.87891793
820934,0.016595338
820935,0.03294811
820936,0.9997856
820937,0.6952518
820938,0.9824882
820939,0.5934839
820940,0.036379166
820941,0.048566055
820942,0.92510545
820943,0.60701287
820944,0.004516632
820945,0.085391134
820946,0.5064178
820947,0.9949789
820948,0.9802262
820949,0.12725854
820950,0.029402371
820951,0.33050993
820952,0.059580956
820953,0.9557559
820954,0.45235747
820955,0.037073832
820956,0.9864493
820957,0.62490016
820958,0.01800589
820959,0.07326211
820960,0.024059836
820961,0.5292706
820962,0.014793192
820963,0.98245996
820964,0.05455061
820965,0.50966203
820966,0.0042221057
820967,0.6550579
820968,0.04432596
820969,0.18408597
820970,0.016042193
820971,0.96591866
820972,0.08733888
820973,0.94984484
820974,0.010995971
820975,0.7237319
820976,0.9453495
820977,0.012518111
820978,0.004047056
820979,0.015294444
820980,0.5396262
820981,0.9230309
820982,0.015622135
820983,0.64530325
820984,0.21075393
820985,0.9669017
820986,0.017315408
820987,0.0034922413
820988,0.9131152
820989,0.28555673
820990,0.45715576
820991,0.99626696
820992,0.9845257
820993,0.994748
820994,0.0190367
820995,0.45954987
820996,0.60788953
820997,0.025791787
820998,0.8441522
820999,0.0042742523
821000,0.1470893
821001,0.98309827
821002,0.96993333
821003,0.043087296
821004,0.0072969925
821005,0.2526473
821006,0.97859734
821007,0.013641847
821008,0.00065980654
821009,0.008432421
821010,0.20680782
821011,0.029678982
821012,0.013567196
821013,0.0076046484
821014,0.12476397
821015,0.09150213
821016,0.76498234
821017,0.15707305
821018,0.07466272
821019,0.0099683255
821020,0.10903048
821021,0.13192248
821022,0.9741022
821023,0.0031740791
821024,0.7391768
821025,0.71830124
821026,0.9971275
821027,0.55929273
821028,0.9656354
821029,0.9559124
821030,0.95159936
821031,0.442241
821032,0.016816748
821033,0.44434762
821034,0.031517744
821035,0.943965
821036,0.006860453
821037,0.3833839
821038,0.99562454
821039,0.9822185
821040,0.653348
821041,0.77072877
821042,0.17192847
821043,0.7320205
821044,0.003377094
821045,0.21544154
821046,0.24066995
821047,0.99466527
821048,0.48554954
821049,0.015320459
821050,0.51585686
821051,0.06546801
821052,0.1035025
821053,0.20992196
821054,0.3088799
821055,0.006646042
821056,0.3864879
821057,0.68740517
821058,0.15347472
821059,0.9092144
821060,0.9320458
821061,0.45550352
821062,0.0032927468
821063,0.9873265
821064,0.021932658
821065,0.9713368
821066,0.009777127
821067,0.9879928
821068,0.050467473
821069,0.995798
821070,0.43003726
821071,0.84860444
821072,0.13343911
821073,0.9812138
821074,0.97378564
821075,0.8818028
821076,0.9225606
821077,0.81102616
821078,0.7068191
821079,0.27816945
821080,0.0031314509
821081,0.0061211465
821082,0.9936286
821083,0.02690164
821084,0.9393253
821085,0.9965229
821086,0.005354623
821087,0.022857817
821088,0.38990384
821089,0.0053756647
821090,0.056455854
821091,0.033562474
821092,0.80084044
821093,0.043910038
821094,0.9987803
821095,0.08830124
821096,0.9473412
821097,0.00873309
821098,0.009065724
821099,0.99894804
821100,0.9946246
821101,0.007252599
821102,0.8453374
821103,0.32474703
821104,0.087661885
821105,0.8309796
821106,0.025845546
821107,0.98066026
821108,0.1332685
821109,0.92300135
821110,0.004532073
821111,0.97972965
821112,0.16066137
821113,0.25742367
821114,0.018228712
821115,0.0052645253
821116,0.9975325
821117,0.11221899
821118,0.8860687
821119,0.14734514
821120,0.0102791935
821121,0.9761573
821122,0.08793761
821123,0.09238378
821124,0.8378457
821125,0.9825588
821126,0.04643111
821127,0.7590546
821128,0.9250506
821129,0.067207016
821130,0.98681414
821131,0.37509224
821132,0.020605639
821133,0.98582363
821134,0.039408315
821135,0.348409
821136,0.08599431
821137,0.12323428
821138,0.081875704
821139,0.094513424
821140,0.07263765
821141,0.055355746
821142,0.9527063
821143,0.047312774
821144,0.98055476
821145,0.9851524
821146,0.0012832078
821147,0.9958542
821148,0.1223066
821149,0.93482596
821150,0.18374509
821151,0.94928056
821152,0.5092841
821153,0.24275309
821154,0.71991456
821155,0.9860911
821156,0.4429853
821157,0.9734611
821158,0.75358355
821159,0.9975293
821160,0.3301025
821161,0.9954409
821162,0.023988655
821163,0.95201576
821164,0.31235537
821165,0.74526995
821166,0.94927526
821167,0.023538748
821168,0.01743123
821169,0.9628851
821170,0.9462999
821171,0.3150791
821172,0.98230517
821173,0.0041178763
821174,0.6693397
821175,0.9681701
821176,0.30037832
821177,0.99471253
821178,0.031425327
821179,0.015083846
821180,0.10366321
821181,0.9751375
821182,0.6085928
821183,0.8831402
821184,0.9662256
821185,0.012057501
821186,0.008489139
821187,0.05816175
821188,0.0042052385
821189,0.00780036
821190,0.9918007
821191,0.06909217
821192,0.09369819
821193,0.9625209
821194,0.9993274
821195,0.047923677
821196,0.4831191
821197,0.013715068
821198,0.058015212
821199,0.0051964233
821200,0.52162564
821201,0.5238094
821202,0.018561983
821203,0.08228019
821204,0.9950113
821205,0.15065905
821206,0.98066777
821207,0.9894484
821208,0.97446454
821209,0.477673
821210,0.3875241
821211,0.010569604
821212,0.96492636
821213,0.024609778
821214,0.024528407
821215,0.98457044
821216,0.9838915
821217,0.019338215
821218,0.41352755
821219,0.9839928
821220,0.011004104
821221,0.54582167
821222,0.0056117694
821223,0.19194189
821224,0.9893861
821225,0.27001444
821226,0.0028886579
821227,0.9372838
821228,0.9994336
821229,0.055983845
821230,0.047867037
821231,0.9967408
821232,0.009781549
821233,0.018034915
821234,0.8065133
821235,0.016057683
821236,0.20302986
821237,0.97176903
821238,0.029545223
821239,0.90254647
821240,0.9292704
821241,0.01755537
821242,0.022144057
821243,0.9940723
821244,0.013921982
821245,0.972921
821246,0.71097016
821247,0.16502655
821248,0.9949697
821249,0.98767823
821250,0.023002986
821251,0.9431012
821252,0.041216698
821253,0.064650044
821254,0.24990962
821255,0.9990783
821256,0.88376945
821257,0.98113394
821258,0.0037880517
821259,0.010852978
821260,0.05736547
821261,0.6944777
821262,0.9906293
821263,0.0224826
821264,0.37207884
821265,0.01841075
821266,0.85203046
821267,0.9766896
821268,0.6013989
821269,0.9445797
821270,0.18512362
821271,0.8775208
821272,0.9822395
821273,0.004828795
821274,0.014057351
821275,0.28752428
821276,0.17847463
821277,0.98632824
821278,0.2695861
821279,0.17532781
821280,0.069807194
821281,0.92188734
821282,0.7606758
821283,0.6502929
821284,0.94816405
821285,0.0616264
821286,0.15230241
821287,0.988365
821288,0.018422727
821289,0.97171617
821290,0.041502185
821291,0.8330872
821292,0.99068755
821293,0.087370016
821294,0.09322523
821295,0.14940326
821296,0.46751142
821297,0.08225627
821298,0.009189491
821299,0.940555
821300,0.3648455
821301,0.9958087
821302,0.99666864
821303,0.0052879876
821304,0.47664326
821305,0.13509406
821306,0.017025206
821307,0.7759775
821308,0.024747396
821309,0.8510778
821310,0.01641832
821311,0.96586037
821312,0.02420225
821313,0.04408946
821314,0.6699988
821315,0.072695464
821316,0.9992473
821317,0.04963885
821318,0.02145822
821319,0.011061998
821320,0.019934246
821321,0.26123863
821322,0.21153744
821323,0.8797574
821324,0.9872268
821325,0.97737014
821326,0.034541305
821327,0.17009632
821328,0.13666737
821329,0.01666748
821330,0.0019625954
821331,0.9894048
821332,0.06634597
821333,0.027400393
821334,0.0032839943
821335,0.0076567847
821336,0.7671087
821337,0.7124994
821338,0.19844447
821339,0.005130619
821340,0.6772594
821341,0.99254537
821342,0.021258004
821343,0.8834796
821344,0.921065
821345,0.027515046
821346,0.07271098
821347,0.021867774
821348,0.8997234
821349,0.024116198
821350,0.45737174
821351,0.13343269
821352,0.4797675
821353,0.44786763
821354,0.95696175
821355,0.501223
821356,0.05032664
821357,0.07478201
821358,0.037205525
821359,0.10725782
821360,0.1405505
821361,0.13989781
821362,0.95474803
821363,0.009768611
821364,0.9709404
821365,0.9954709
821366,0.9913236
821367,0.011528984
821368,0.17514946
821369,0.5221083
821370,0.996528
821371,0.009302037
821372,0.048263792
821373,0.5934237
821374,0.98622775
821375,0.99699736
821376,0.0030476043
821377,0.99070114
821378,0.06803769
821379,0.16280149
821380,0.6043776
821381,0.9972279
821382,0.4146753
821383,0.899595
821384,0.04906194
821385,0.03876143
821386,0.051127203
821387,0.049060076
821388,0.5160359
821389,0.97226423
821390,0.8705331
821391,0.084074326
821392,0.98153436
821393,0.73265755
821394,0.116532065
821395,0.98411304
821396,0.9647686
821397,0.99197924
821398,0.93432206
821399,0.54216695
821400,0.3896302
821401,0.9945273
821402,0.106771514
821403,0.9483512
821404,0.6151306
821405,0.014175454
821406,0.18124871
821407,0.052489832
821408,0.040943332
821409,0.059342578
821410,0.07901587
821411,0.9180201
821412,0.0088374745
821413,0.5329002
821414,0.9891249
821415,0.966692
821416,0.6076622
821417,0.9797038
821418,0.10255213
821419,0.9971677
821420,0.03649394
821421,0.041123554
821422,0.107171506
821423,0.037946656
821424,0.9955814
821425,0.995697
821426,0.96186966
821427,0.99813056
821428,0.0037540235
821429,0.025026113
821430,0.019060347
821431,0.80044776
821432,0.5835666
821433,0.9342185
821434,0.7616114
821435,0.19808038
821436,0.32211053
821437,0.09696281
821438,0.058405444
821439,0.0072198566
821440,0.96548724
821441,0.5703976
821442,0.014451141
821443,0.7483852
821444,0.9927317
821445,0.96733457
821446,0.0053231176
821447,0.0887112
821448,0.9587035
821449,0.051885426
821450,0.8737272
821451,0.0038189716
821452,0.14653076
821453,0.99054885
821454,0.006174213
821455,0.9759647
821456,0.99057436
821457,0.5479032
821458,0.9819028
821459,0.6944232
821460,0.9443952
821461,0.04600438
821462,0.0030917502
821463,0.0071562044
821464,0.6186427
821465,0.9851998
821466,0.7287145
821467,0.98450094
821468,0.08563381
821469,0.06778795
821470,0.0076523703
821471,0.049073502
821472,0.8433342
821473,0.06690813
821474,0.014796018
821475,0.0061949566
821476,0.031183457
821477,0.11688392
821478,0.6458591
821479,0.99144185
821480,0.7893779
821481,0.03298735
821482,0.9834701
821483,0.19768406
821484,0.015650522
821485,0.009957423
821486,0.037556913
821487,0.62484276
821488,0.01319536
821489,0.9674238
821490,0.07281104
821491,0.29518288
821492,0.017984193
821493,0.3691253
821494,0.87280804
821495,0.4367988
821496,0.8974675
821497,0.9860772
821498,0.76939344
821499,0.99768436
821500,0.09101976
821501,0.22805756
821502,0.99261713
821503,0.009444506
821504,0.83020926
821505,0.9730012
821506,0.9988552
821507,0.031770166
821508,0.30485392
821509,0.029871196
821510,0.5146265
821511,0.18820861
821512,0.6389768
821513,0.7817421
821514,0.0013908572
821515,0.8490472
821516,0.93020153
821517,0.9796722
821518,0.036316615
821519,0.2288192
821520,0.049746327
821521,0.008551793
821522,0.12129484
821523,0.93318236
821524,0.69821256
821525,0.010842658
821526,0.29852387
821527,0.75364614
821528,0.33042234
821529,0.009575128
821530,0.8630423
821531,0.98089063
821532,0.06185531
821533,0.99613595
821534,0.47629955
821535,0.033614717
821536,0.8648447
821537,0.056461796
821538,0.0045339325
821539,0.17496188
821540,0.68860656
821541,0.8609047
821542,0.042178832
821543,0.07343042
821544,0.019770239
821545,0.030681541
821546,0.7414994
821547,0.014818717
821548,0.118130505
821549,0.049102366
821550,0.9848698
821551,0.98121977
821552,0.7225612
821553,0.3450222
821554,0.4459393
821555,0.8046239
821556,0.5737883
821557,0.9901737
821558,0.20850483
821559,0.95378417
821560,0.99752945
821561,0.16436887
821562,0.7052031
821563,0.9896364
821564,0.29584232
821565,0.033831608
821566,0.94768643
821567,0.039412584
821568,0.057828132
821569,0.027642133
821570,0.004281002
821571,0.15025204
821572,0.015050062
821573,0.25963727
821574,0.8922391
821575,0.5141274
821576,0.805892
821577,0.02989418
821578,0.99817646
821579,0.9959483
821580,0.9863333
821581,0.8490226
821582,0.71076
821583,0.00082540803
821584,0.8824747
821585,0.003620037
821586,0.4328642
821587,0.009392859
821588,0.98983204
821589,0.7951475
821590,0.16682218
821591,0.98352945
821592,0.031678297
821593,0.1967213
821594,0.02309545
821595,0.040506262
821596,0.99625903
821597,0.020514356
821598,0.8626251
821599,0.017612565
821600,0.19388756
821601,0.7918019
821602,0.025235001
821603,0.8898692
821604,0.85525787
821605,0.99633515
821606,0.99791247
821607,0.0044256253
821608,0.047082156
821609,0.2709797
821610,0.07520017
821611,0.50126153
821612,0.9867282
821613,0.76844573
821614,0.06265625
821615,0.010927545
821616,0.026481217
821617,0.0026074934
821618,0.012961359
821619,0.08747852
821620,0.24549858
821621,0.9971146
821622,0.9360403
821623,0.7144766
821624,0.019379428
821625,0.055636585
821626,0.8525626
821627,0.15556528
821628,0.6318722
821629,0.9972223
821630,0.0064495164
821631,0.904678
821632,0.9935198
821633,0.037670664
821634,0.39808968
821635,0.9767351
821636,0.8520562
821637,0.9949217
821638,0.0044498583
821639,0.37960923
821640,0.028754957
821641,0.12003637
821642,0.5153458
821643,0.061009273
821644,0.91996217
821645,0.0011485396
821646,0.022144005
821647,0.024806209
821648,0.041742835
821649,0.0156185785
821650,0.888347
821651,0.5768307
821652,0.02743512
821653,0.6114495
821654,0.013048725
821655,0.93607396
821656,0.008595763
821657,0.4584641
821658,0.9994124
821659,0.9350402
821660,0.018901013
821661,0.19111714
821662,0.01903847
821663,0.5864874
821664,0.19448696
821665,0.5188552
821666,0.27026308
821667,0.03977329
821668,0.9767394
821669,0.9952894
821670,0.012973373
821671,0.9952014
821672,0.86823356
821673,0.013553876
821674,0.10118648
821675,0.023418143
821676,0.9707396
821677,0.21361971
821678,0.15829484
821679,0.13057232
821680,0.04037452
821681,0.11463974
821682,0.026206184
821683,0.054234758
821684,0.23801363
821685,0.046240654
821686,0.7090905
821687,0.69725716
821688,0.98763597
821689,0.96226966
821690,0.18402338
821691,0.014586844
821692,0.9697472
821693,0.0076533924
821694,0.027894622
821695,0.92701566
821696,0.94528365
821697,0.039043777
821698,0.69148463
821699,0.0069744447
821700,0.012326658
821701,0.010520589
821702,0.93373245
821703,0.025006454
821704,0.9546698
821705,0.98175293
821706,0.07540418
821707,0.22759147
821708,0.014440708
821709,0.037558388
821710,0.32033277
821711,0.15840557
821712,0.93496096
821713,0.99071646
821714,0.01135123
821715,0.48076048
821716,0.30163416
821717,0.9678965
821718,0.97722423
821719,0.7874392
821720,0.63451385
821721,0.9709703
821722,0.9647583
821723,0.013346462
821724,0.04488507
821725,0.22983491
821726,0.116649985
821727,0.055718638
821728,0.021930786
821729,0.0295429
821730,0.99862015
821731,0.052042015
821732,0.4482869
821733,0.9956459
821734,0.0011524268
821735,0.21106967
821736,0.23812915
821737,0.030965619
821738,0.03643451
821739,0.5989564
821740,0.999581
821741,0.4871964
821742,0.99616164
821743,0.15126833
821744,0.4578298
821745,0.082258105
821746,0.01815624
821747,0.018129276
821748,0.018923152
821749,0.0066476245
821750,0.25995475
821751,0.022794819
821752,0.008463827
821753,0.03590564
821754,0.9408538
821755,0.9693699
821756,0.8954832
821757,0.86581874
821758,0.5132571
821759,0.99493635
821760,0.14972538
821761,0.9987807
821762,0.31322002
821763,0.028758984
821764,0.040373653
821765,0.99111295
821766,0.43938187
821767,0.2699746
821768,0.003610779
821769,0.50293773
821770,0.1033538
821771,0.029645149
821772,0.039104473
821773,0.45230806
821774,0.11224282
821775,0.03675349
821776,0.9831569
821777,0.66858697
821778,0.98482877
821779,0.0505482
821780,0.488245
821781,0.6712587
821782,0.20281197
821783,0.97667557
821784,0.11880318
821785,0.12015446
821786,0.06686163
821787,0.0065018353
821788,0.860422
821789,0.1904102
821790,0.013425191
821791,0.97818196
821792,0.029088266
821793,0.19674654
821794,0.44850466
821795,0.96188384
821796,0.022359893
821797,0.21815415
821798,0.90662915
821799,0.9501921
821800,0.0925193
821801,0.907143
821802,0.014164157
821803,0.059163116
821804,0.8419434
821805,0.44074214
821806,0.1750825
821807,0.030063068
821808,0.016164023
821809,0.14159952
821810,0.98571056
821811,0.96914965
821812,0.21667261
821813,0.012375761
821814,0.1273996
821815,0.9120006
821816,0.32224175
821817,0.7701308
821818,0.010164312
821819,0.68930054
821820,0.11736862
821821,0.9433284
821822,0.9888625
821823,0.67567515
821824,0.05684857
821825,0.021472681
821826,0.046618223
821827,0.00819364
821828,0.0024201176
821829,0.9645554
821830,0.057987943
821831,0.6948994
821832,0.028466836
821833,0.95628536
821834,0.23878539
821835,0.002330815
821836,0.9631915
821837,0.24797359
821838,0.027340062
821839,0.7117961
821840,0.93576384
821841,0.9186115
821842,0.029161137
821843,0.95420766
821844,0.7877234
821845,0.3480174
821846,0.0025975148
821847,0.99936
821848,0.14846022
821849,0.151457
821850,0.99652714
821851,0.4170684
821852,0.79597366
821853,0.023016213
821854,0.100030564
821855,0.9824034
821856,0.061196975
821857,0.024381705
821858,0.99427176
821859,0.0045391032
821860,0.9859345
821861,0.08332761
821862,0.824319
821863,0.96905226
821864,0.15696548
821865,0.982729
821866,0.94454074
821867,0.039672278
821868,0.0023250326
821869,0.4538941
821870,0.5583259
821871,0.8654319
821872,0.619036
821873,0.004173169
821874,0.9142286
821875,0.3933317
821876,0.9963505
821877,0.0071615917
821878,0.05091501
821879,0.8696327
821880,0.057137452
821881,0.95086586
821882,0.98446625
821883,0.9677092
821884,0.03866598
821885,0.020846821
821886,0.012631793
821887,0.11149649
821888,0.9634716
821889,0.010421422
821890,0.8344974
821891,0.5044553
821892,0.01234759
821893,0.19186214
821894,0.9074164
821895,0.86390096
821896,0.16986844
821897,0.9613404
821898,0.020940104
821899,0.98571765
821900,0.012149506
821901,0.24765465
821902,0.0012669192
821903,0.075620666
821904,0.015939634
821905,0.0097743515
821906,0.99619836
821907,0.07021349
821908,0.98796016
821909,0.33027154
821910,0.6165434
821911,0.020540848
821912,0.044725742
821913,0.040468685
821914,0.79245424
821915,0.91512114
821916,0.08881515
821917,0.96968734
821918,0.7933082
821919,0.97812235
821920,0.99952805
821921,0.97142416
821922,0.025871128
821923,0.30983317
821924,0.9587324
821925,0.16936004
821926,0.29329464
821927,0.013941964
821928,0.76700616
821929,0.894345
821930,0.2003538
821931,0.98776376
821932,0.89429915
821933,0.010248383
821934,0.95419985
821935,0.9986808
821936,0.97953117
821937,0.75028396
821938,0.06931076
821939,0.0143064745
821940,0.017089806
821941,0.08433205
821942,0.5636538
821943,0.4304893
821944,0.9886515
821945,0.95879686
821946,0.0064467867
821947,0.010298704
821948,0.016605668
821949,0.090214476
821950,0.005781585
821951,0.94245756
821952,0.8927319
821953,0.120884225
821954,0.026937967
821955,0.052684017
821956,0.72123027
821957,0.062311195
821958,0.10728269
821959,0.8685982
821960,0.90424424
821961,0.626758
821962,0.05790512
821963,0.7106753
821964,0.25529984
821965,0.83486617
821966,0.015629072
821967,0.9939303
821968,0.264574
821969,0.9770534
821970,0.040934026
821971,0.0034109699
821972,0.15243444
821973,0.040617958
821974,0.025238354
821975,0.040299825
821976,0.036345057
821977,0.015637426
821978,0.20838696
821979,0.08820543
821980,0.09464313
821981,0.040387485
821982,0.060050093
821983,0.91339827
821984,0.1825679
821985,0.041309495
821986,0.24031463
821987,0.54990304
821988,0.1282698
821989,0.037297655
821990,0.5224991
821991,0.5059059
821992,0.93715215
821993,0.9068936
821994,0.99019724
821995,0.055503935
821996,0.9769622
821997,0.46272698
821998,0.08412446
821999,0.14538966
822000,0.9882175
822001,0.63349205
822002,0.24570037
822003,0.75369495
822004,0.049985573
822005,0.28835437
822006,0.98581684
822007,0.05786124
822008,0.9761912
822009,0.007120868
822010,0.65929216
822011,0.0029138876
822012,0.41693407
822013,0.38327372
822014,0.684564
822015,0.9697546
822016,0.98503804
822017,0.0084325345
822018,0.38618752
822019,0.009057368
822020,0.9563157
822021,0.014601477
822022,0.37738493
822023,0.8395591
822024,0.061134122
822025,0.9518531
822026,0.09555867
822027,0.09313186
822028,0.6879537
822029,0.013259325
822030,0.5872299
822031,0.9267766
822032,0.11337052
822033,0.9937526
822034,0.63172346
822035,0.13238454
822036,0.004357085
822037,0.99790126
822038,0.077756055
822039,0.13224307
822040,0.023968458
822041,0.98271775
822042,0.09065747
822043,0.07756984
822044,0.879874
822045,0.34342006
822046,0.568045
822047,0.93873155
822048,0.13357908
822049,0.9978177
822050,0.040038563
822051,0.07013033
822052,0.03670696
822053,0.64248717
822054,0.0017382413
822055,0.011000205
822056,0.99056673
822057,0.96080947
822058,0.0018003143
822059,0.96371305
822060,0.9989315
822061,0.010213299
822062,0.27752906
822063,0.84039426
822064,0.58257717
822065,0.9556854
822066,0.688335
822067,0.87907577
822068,0.47212797
822069,0.96237165
822070,0.06674227
822071,0.92735904
822072,0.96834123
822073,0.16373329
822074,0.15360326
822075,0.27711076
822076,0.6835009
822077,0.91293585
822078,0.12567309
822079,0.95744616
822080,0.22085996
822081,0.9316548
822082,0.4359056
822083,0.9511315
822084,0.0038013565
822085,0.07522769
822086,0.9899442
822087,0.0049278885
822088,0.022318635
822089,0.98688835
822090,0.11940331
822091,0.41166863
822092,0.90170586
822093,0.0070710313
822094,0.008768931
822095,0.60149527
822096,0.01866064
822097,0.0038015647
822098,0.0073980163
822099,0.89454365
822100,0.0048044277
822101,0.14224589
822102,0.29318172
822103,0.20358562
822104,0.9092014
822105,0.0053389287
822106,0.05364664
822107,0.9767025
822108,0.05260035
822109,0.997148
822110,0.5744445
822111,0.03236451
822112,0.9735052
822113,0.0026504002
822114,0.0052133147
822115,0.8281729
822116,0.047233813
822117,0.93955874
822118,0.8258535
822119,0.19050883
822120,0.89862925
822121,0.0075009097
822122,0.020655176
822123,0.036093693
822124,0.22542638
822125,0.31955063
822126,0.9763468
822127,0.98473406
822128,0.98567957
822129,0.9074083
822130,0.04421003
822131,0.0032007908
822132,0.98475623
822133,0.53292173
822134,0.42851737
822135,0.0116260145
822136,0.09461371
822137,0.09879055
822138,0.8177164
822139,0.1413832
822140,0.9658794
822141,0.49770197
822142,0.0068025673
822143,0.7555679
822144,0.019677341
822145,0.94427073
822146,0.98227304
822147,0.9840131
822148,0.98405373
822149,0.2715571
822150,0.6822776
822151,0.009074352
822152,0.8870156
822153,0.95614976
822154,0.028388834
822155,0.0026477857
822156,0.34391308
822157,0.052190535
822158,0.47441965
822159,0.014904411
822160,0.0061783353
822161,0.00910043
822162,0.04303631
822163,0.0029460576
822164,0.0064620236
822165,0.18994735
822166,0.8497978
822167,0.02710894
822168,0.40713033
822169,0.9745509
822170,0.65304863
822171,0.6339988
822172,0.9976305
822173,0.97511876
822174,0.5673785
822175,0.0010607048
822176,0.10159412
822177,0.83179617
822178,0.06112363
822179,0.16784336
822180,0.019872684
822181,0.1042005
822182,0.08159582
822183,0.7914431
822184,0.52263206
822185,0.004775169
822186,0.032465756
822187,0.027005285
822188,0.09064718
822189,0.056947112
822190,0.9871386
822191,0.0069333035
822192,0.10429441
822193,0.6461936
822194,0.16915813
822195,0.13503766
822196,0.90816355
822197,0.22717996
822198,0.11816481
822199,0.021789866
822200,0.032953434
822201,0.013224934
822202,0.09205774
822203,0.19148293
822204,0.98389685
822205,0.02961937
822206,0.1200653
822207,0.035335325
822208,0.989283
822209,0.043215998
822210,0.005543406
822211,0.22030047
822212,0.046489388
822213,0.004729816
822214,0.9938955
822215,0.0028227263
822216,0.74262905
822217,0.026050081
822218,0.006062193
822219,0.44488132
822220,0.68930066
822221,0.33529058
822222,0.37048864
822223,0.009860812
822224,0.45074752
822225,0.8260386
822226,0.99595535
822227,0.94424325
822228,0.095422775
822229,0.9993983
822230,0.9291237
822231,0.028079605
822232,0.98887277
822233,0.23023362
822234,0.9993512
822235,0.018292602
822236,0.14560238
822237,0.014069484
822238,0.38342366
822239,0.80259407
822240,0.33450598
822241,0.93093896
822242,0.99359566
822243,0.5816425
822244,0.38405684
822245,0.041891545
822246,0.9045719
822247,0.8920051
822248,0.90234125
822249,0.05803363
822250,0.053525746
822251,0.03287709
822252,0.94834095
822253,0.15371875
822254,0.9191447
822255,0.03706712
822256,0.013842288
822257,0.8872702
822258,0.9005944
822259,0.5621438
822260,0.008574937
822261,0.6967785
822262,0.99862546
822263,0.9411478
822264,0.006882866
822265,0.10397258
822266,0.006411556
822267,0.11295041
822268,0.0075424197
822269,0.021499874
822270,0.030791398
822271,0.066747434
822272,0.0444305
822273,0.9584658
822274,0.9958131
822275,0.89244866
822276,0.9536721
822277,0.9786753
822278,0.01097642
822279,0.0065459134
822280,0.97191596
822281,0.023117742
822282,0.27993494
822283,0.010781527
822284,0.018222308
822285,0.94095564
822286,0.99879134
822287,0.026736965
822288,0.95186925
822289,0.9646882
822290,0.90307164
822291,0.9773539
822292,0.026613213
822293,0.9865385
822294,0.71607614
822295,0.9985238
822296,0.011003324
822297,0.9199389
822298,0.9450637
822299,0.029719532
822300,0.96099746
822301,0.97292966
822302,0.0076627447
822303,0.018038519
822304,0.7417513
822305,0.27474603
822306,0.2846603
822307,0.50497675
822308,0.17474566
822309,0.9873215
822310,0.10746827
822311,0.8101294
822312,0.010875115
822313,0.9756423
822314,0.049487706
822315,0.97560567
822316,0.16126011
822317,0.18885972
822318,0.84834677
822319,0.9742665
822320,0.9927509
822321,0.013078856
822322,0.7052175
822323,0.20294696
822324,0.04144366
822325,0.09442145
822326,0.003606237
822327,0.09568224
822328,0.017167227
822329,0.024567997
822330,0.029587628
822331,0.085382
822332,0.9610754
822333,0.037999406
822334,0.6520076
822335,0.8616648
822336,0.9968393
822337,0.0057962146
822338,0.7561402
822339,0.01919592
822340,0.6823964
822341,0.39934582
822342,0.04155849
822343,0.02393474
822344,0.99630594
822345,0.00797003
822346,0.88153833
822347,0.89839107
822348,0.42169207
822349,0.0025776203
822350,0.5459894
822351,0.9895731
822352,0.03878646
822353,0.048329767
822354,0.9836988
822355,0.04043793
822356,0.9712415
822357,0.7287848
822358,0.8439497
822359,0.029343646
822360,0.20235193
822361,0.44026402
822362,0.501545
822363,0.05121485
822364,0.10675415
822365,0.006927186
822366,0.014360297
822367,0.9202684
822368,0.9875388
822369,0.024620755
822370,0.48958707
822371,0.018159604
822372,0.0026053172
822373,0.9751065
822374,0.96162796
822375,0.8052646
822376,0.0034401454
822377,0.10519091
822378,0.9749699
822379,0.012706509
822380,0.10473862
822381,0.1910641
822382,0.9548128
822383,0.99834895
822384,0.99652696
822385,0.95971966
822386,0.24109325
822387,0.9567823
822388,0.4139302
822389,0.018880926
822390,0.9658247
822391,0.104081005
822392,0.015188415
822393,0.8257439
822394,0.51958567
822395,0.029793462
822396,0.94292474
822397,0.95746547
822398,0.12668979
822399,0.05206009
822400,0.016869793
822401,0.014304671
822402,0.91262794
822403,0.15279874
822404,0.18263523
822405,0.023481386
822406,0.006003691
822407,0.008809202
822408,0.9917477
822409,0.019434603
822410,0.94128287
822411,0.057565
822412,0.8670845
822413,0.03602926
822414,0.012957672
822415,0.009703765
822416,0.8911587
822417,0.22460285
822418,0.04921767
822419,0.18193164
822420,0.00883973
822421,0.9824693
822422,0.023519916
822423,0.0110879615
822424,0.7127762
822425,0.9984672
822426,0.99072
822427,0.6789479
822428,0.9887871
822429,0.16947386
822430,0.04790073
822431,0.19687468
822432,0.065071814
822433,0.99505013
822434,0.9646901
822435,0.94261783
822436,0.33528733
822437,0.98776406
822438,0.3548761
822439,0.5158791
822440,0.9820223
822441,0.058508776
822442,0.006333459
822443,0.0033561639
822444,0.011485388
822445,0.1715974
822446,0.009945233
822447,0.9797629
822448,0.99027336
822449,0.8763682
822450,0.61081
822451,0.8317996
822452,0.07607339
822453,0.99947643
822454,0.19627935
822455,0.018455047
822456,0.056651436
822457,0.0041812174
822458,0.5658272
822459,0.7114504
822460,0.03688572
822461,0.7586396
822462,0.009890677
822463,0.0057306476
822464,0.13561107
822465,0.3134212
822466,0.99433255
822467,0.28812706
822468,0.1320621
822469,0.040479396
822470,0.97038746
822471,0.9658926
822472,0.5844157
822473,0.9972382
822474,0.9991548
822475,0.1288602
822476,0.27608415
822477,0.9078962
822478,0.022228582
822479,0.13657425
822480,0.006863268
822481,0.97016186
822482,0.0085230535
822483,0.0066148518
822484,0.9938875
822485,0.20522529
822486,0.89138275
822487,0.045112517
822488,0.09623816
822489,0.09236601
822490,0.012247108
822491,0.01939874
822492,0.9636097
822493,0.070802554
822494,0.08819403
822495,0.16148968
822496,0.15989292
822497,0.8736234
822498,0.018757794
822499,0.97460365
822500,0.992815
822501,0.9369535
822502,0.04820143
822503,0.99736696
822504,0.96740377
822505,0.15740015
822506,0.1005881
822507,0.4302723
822508,0.0012196642
822509,0.97756577
822510,0.021189969
822511,0.9872021
822512,0.90911686
822513,0.10231356
822514,0.052410737
822515,0.97324246
822516,0.120245025
822517,0.011203464
822518,0.97990215
822519,0.0031168861
822520,0.99921006
822521,0.6819278
822522,0.97635174
822523,0.37955385
822524,0.0067135687
822525,0.9976521
822526,0.20924404
822527,0.06595039
822528,0.9812057
822529,0.71712136
822530,0.98920655
822531,0.64982873
822532,0.09550522
822533,0.029002665
822534,0.30432972
822535,0.022014175
822536,0.53838086
822537,0.9840224
822538,0.5387193
822539,0.09196845
822540,0.9952785
822541,0.022827206
822542,0.5969309
822543,0.07090752
822544,0.8518552
822545,0.99558014
822546,0.033782206
822547,0.708845
822548,0.01842567
822549,0.025161657
822550,0.01668729
822551,0.00766187
822552,0.07283375
822553,0.8691882
822554,0.6300566
822555,0.32721633
822556,0.089727804
822557,0.0056629423
822558,0.957219
822559,0.00061047927
822560,0.28652728
822561,0.98343486
822562,0.9991068
822563,0.5260413
822564,0.9789634
822565,0.9858482
822566,0.29801202
822567,0.86994135
822568,0.018718038
822569,0.31594646
822570,0.9638447
822571,0.01966059
822572,0.115383506
822573,0.6512577
822574,0.9457716
822575,0.094062135
822576,0.04438973
822577,0.014040866
822578,0.5771441
822579,0.9725088
822580,0.73848087
822581,0.00808014
822582,0.95286334
822583,0.1266034
822584,0.0036727528
822585,0.9640797
822586,0.011046864
822587,0.041270204
822588,0.99704427
822589,0.049985506
822590,0.009238418
822591,0.16372328
822592,0.9396495
822593,0.12849781
822594,0.7439431
822595,0.08100039
822596,0.026183493
822597,0.888775
822598,0.18159664
822599,0.07714203
822600,0.49327058
822601,0.17780705
822602,0.8594414
822603,0.712031
822604,0.2831508
822605,0.9603325
822606,0.76040953
822607,0.99773115
822608,0.04639001
822609,0.006771677
822610,0.9977433
822611,0.9142722
822612,0.037354834
822613,0.0078764595
822614,0.02251504
822615,0.02093537
822616,0.59029657
822617,0.2462211
822618,0.7310492
822619,0.025610888
822620,0.01520792
822621,0.98772174
822622,0.90612245
822623,0.6907513
822624,0.03391092
822625,0.8529819
822626,0.0043911217
822627,0.44716063
822628,0.92261875
822629,0.010901481
822630,0.74776286
822631,0.9885921
822632,0.004841206
822633,0.9881854
822634,0.78387177
822635,0.93374693
822636,0.9661484
822637,0.018270627
822638,0.9637197
822639,0.20033243
822640,0.030065017
822641,0.012359379
822642,0.06928375
822643,0.023151547
822644,0.57688105
822645,0.087796874
822646,0.028172985
822647,0.04137765
822648,0.71622163
822649,0.0042683734
822650,0.5368086
822651,0.012992561
822652,0.217754
822653,0.96579397
822654,0.9385782
822655,0.2878172
822656,0.787832
822657,0.037772276
822658,0.056705862
822659,0.42919952
822660,0.9930945
822661,0.004650639
822662,0.08125433
822663,0.02538582
822664,0.9556743
822665,0.99650913
822666,0.9785614
822667,0.99059606
822668,0.9090039
822669,0.28002188
822670,0.7665155
822671,0.024370456
822672,0.4767036
822673,0.9998063
822674,0.5396755
822675,0.091921344
822676,0.9945657
822677,0.004916812
822678,0.21989165
822679,0.9901701
822680,0.028720098
822681,0.9994082
822682,0.010938209
822683,0.16429298
822684,0.88929975
822685,0.0046728197
822686,0.9355972
822687,0.022457596
822688,0.010028542
822689,0.055288292
822690,0.07317809
822691,0.36755717
822692,0.33990875
822693,0.030866396
822694,0.9043814
822695,0.03769829
822696,0.25568384
822697,0.9957442
822698,0.15390138
822699,0.5278416
822700,0.9927965
822701,0.877928
822702,0.076940864
822703,0.005901932
822704,0.034116223
822705,0.012245909
822706,0.9078751
822707,0.0009898643
822708,0.012445091
822709,0.97353894
822710,0.023237024
822711,0.79160213
822712,0.033135105
822713,0.13570097
822714,0.94372636
822715,0.005606673
822716,0.0013226152
822717,0.0696924
822718,0.29379496
822719,0.009305391
822720,0.009689936
822721,0.04490175
822722,0.021458263
822723,0.01191676
822724,0.014289929
822725,0.97543776
822726,0.8674042
822727,0.28722787
822728,0.9952443
822729,0.9369329
822730,0.07267828
822731,0.95493513
822732,0.5800797
822733,0.03686314
822734,0.04775786
822735,0.95672834
822736,0.040325493
822737,0.13175939
822738,0.32930672
822739,0.96994853
822740,0.37223202
822741,0.35864794
822742,0.9973868
822743,0.015263134
822744,0.02186043
822745,0.96578
822746,0.012330788
822747,0.046999402
822748,0.9354094
822749,0.38832515
822750,0.80451214
822751,0.0521209
822752,0.8745868
822753,0.1209066
822754,0.020517621
822755,0.4259643
822756,0.8740408
822757,0.042125143
822758,0.012367588
822759,0.11654901
822760,0.9870709
822761,0.9777755
822762,0.6339675
822763,0.013541206
822764,0.0532372
822765,0.65809
822766,0.026296427
822767,0.9853226
822768,0.019606475
822769,0.013305572
822770,0.008305802
822771,0.837306
822772,0.43780372
822773,0.0018792145
822774,0.71058303
822775,0.914856
822776,0.9972416
822777,0.41884804
822778,0.14573441
822779,0.81145275
822780,0.9996054
822781,0.99683297
822782,0.9845453
822783,0.0725241
822784,0.008043438
822785,0.505972
822786,0.9858166
822787,0.98572224
822788,0.0028629228
822789,0.9780011
822790,0.95044994
822791,0.97578776
822792,0.9974427
822793,0.018517518
822794,0.98426026
822795,0.53146213
822796,0.9965271
822797,0.96912366
822798,0.044091582
822799,0.05033199
822800,0.9431324
822801,0.4124162
822802,0.99534714
822803,0.86536324
822804,0.006247418
822805,0.8992379
822806,0.6368096
822807,0.98242354
822808,0.948922
822809,0.9082751
822810,0.01746721
822811,0.9207939
822812,0.6084821
822813,0.94628006
822814,0.013614392
822815,0.9934963
822816,0.03245313
822817,0.948703
822818,0.7638162
822819,0.0064872587
822820,0.3811785
822821,0.6642834
822822,0.9966314
822823,0.99774504
822824,0.014504239
822825,0.9902691
822826,0.011047685
822827,0.14784327
822828,0.9085524
822829,0.07024209
822830,0.95632714
822831,0.006601325
822832,0.00935293
822833,0.7543563
822834,0.054928325
822835,0.9220304
822836,0.0036048023
822837,0.05971691
822838,0.16110057
822839,0.008140854
822840,0.10875201
822841,0.9783486
822842,0.47394243
822843,0.015292952
822844,0.9979716
822845,0.019054603
822846,0.7713568
822847,0.03751293
822848,0.08300531
822849,0.7931791
822850,0.998755
822851,0.035567205
822852,0.03221302
822853,0.0019020082
822854,0.90061224
822855,0.029225824
822856,0.93369275
822857,0.9936744
822858,0.93358934
822859,0.9949633
822860,0.020852918
822861,0.99660313
822862,0.7227899
822863,0.008344661
822864,0.55827546
822865,0.032793954
822866,0.28604206
822867,0.83135605
822868,0.0025049273
822869,0.72300786
822870,0.33756626
822871,0.9664016
822872,0.889923
822873,0.0703729
822874,0.23276931
822875,0.97184813
822876,0.023211163
822877,0.13642874
822878,0.31650543
822879,0.12670319
822880,0.97365373
822881,0.19063324
822882,0.01775264
822883,0.03982391
822884,0.021758964
822885,0.012996083
822886,0.09742859
822887,0.29677337
822888,0.046590872
822889,0.7445112
822890,0.9676009
822891,0.037904553
822892,0.9910847
822893,0.71141744
822894,0.9467529
822895,0.013094499
822896,0.6977156
822897,0.99208033
822898,0.9853349
822899,0.005432686
822900,0.009868011
822901,0.27787328
822902,0.11582361
822903,0.64584565
822904,0.50923383
822905,0.826987
822906,0.99869525
822907,0.06745578
822908,0.979583
822909,0.9835905
822910,0.09609592
822911,0.99615633
822912,0.8709996
822913,0.79233927
822914,0.96984315
822915,0.85361785
822916,0.6628996
822917,0.019981453
822918,0.062092897
822919,0.04998528
822920,0.09612948
822921,0.539454
822922,0.6272944
822923,0.023670726
822924,0.019520305
822925,0.9752434
822926,0.029791608
822927,0.9419309
822928,0.16491409
822929,0.3896808
822930,0.09221246
822931,0.043377943
822932,0.050242405
822933,0.016161121
822934,0.052546673
822935,0.5463289
822936,0.036407385
822937,0.121570036
822938,0.10143113
822939,0.038099077
822940,0.90269834
822941,0.940423
822942,0.038121216
822943,0.86274433
822944,0.016580127
822945,0.0028439313
822946,0.9809848
822947,0.83804667
822948,0.07314901
822949,0.047956295
822950,0.99806875
822951,0.008575946
822952,0.986196
822953,0.58146685
822954,0.0101201255
822955,0.99821293
822956,0.02682956
822957,0.9834143
822958,0.05568421
822959,0.7854749
822960,0.9908357
822961,0.61816037
822962,0.00322174
822963,0.6703186
822964,0.9916512
822965,0.06402764
822966,0.87717867
822967,0.06907281
822968,0.2815141
822969,0.99609065
822970,0.004559106
822971,0.30607253
822972,0.15025696
822973,0.010815558
822974,0.07443081
822975,0.9702953
822976,0.27314246
822977,0.041589197
822978,0.0049634967
822979,0.07812674
822980,0.3121722
822981,0.99663144
822982,0.9319038
822983,0.018804356
822984,0.021141328
822985,0.006091833
822986,0.943161
822987,0.0021613447
822988,0.37506863
822989,0.9924014
822990,0.9981467
822991,0.9434917
822992,0.9984585
822993,0.9960669
822994,0.15176427
822995,0.007746063
822996,0.19398886
822997,0.034578457
822998,0.68260777
822999,0.012018661
823000,0.95231616
823001,0.9249098
823002,0.9735584
823003,0.99500656
823004,0.07532747
823005,0.108327836
823006,0.032522015
823007,0.13851292
823008,0.99332464
823009,0.43778133
823010,0.07948205
823011,0.9565907
823012,0.83917034
823013,0.9793953
823014,0.15016949
823015,0.10626642
823016,0.6917599
823017,0.9903245
823018,0.9829351
823019,0.8567879
823020,0.55368185
823021,0.0012847313
823022,0.47168082
823023,0.031050913
823024,0.9916737
823025,0.0068354844
823026,0.9824117
823027,0.011406756
823028,0.10317331
823029,0.993113
823030,0.8699495
823031,0.8927371
823032,0.09466166
823033,0.78188753
823034,0.9973733
823035,0.054790936
823036,0.011153198
823037,0.21518329
823038,0.9443052
823039,0.9964881
823040,0.10707898
823041,0.97441816
823042,0.026253758
823043,0.01070116
823044,0.009084843
823045,0.99732846
823046,0.10893415
823047,0.91201603
823048,0.016742472
823049,0.20898384
823050,0.27324694
823051,0.99530673
823052,0.16540873
823053,0.050347973
823054,0.008627456
823055,0.06937523
823056,0.0059781317
823057,0.7218496
823058,0.19550003
823059,0.86271465
823060,0.13292608
823061,0.53964484
823062,0.019542271
823063,0.9991003
823064,0.06123257
823065,0.8631876
823066,0.011484097
823067,0.9852328
823068,0.90254587
823069,0.9980638
823070,0.8049681
823071,0.97272915
823072,0.74708736
823073,0.75403893
823074,0.03870735
823075,0.019416051
823076,0.95869195
823077,0.50472456
823078,0.889202
823079,0.04547423
823080,0.05257836
823081,0.90608823
823082,0.06766826
823083,0.013622351
823084,0.120741636
823085,0.96106815
823086,0.016342705
823087,0.002121833
823088,0.046669446
823089,0.09644856
823090,0.64770657
823091,0.9921234
823092,0.99596006
823093,0.7875754
823094,0.0043019815
823095,0.8637713
823096,0.116579525
823097,0.8744347
823098,0.12882032
823099,0.9961284
823100,0.025337553
823101,0.16332516
823102,0.9064536
823103,0.048610974
823104,0.004611694
823105,0.38593858
823106,0.07768579
823107,0.997194
823108,0.95521283
823109,0.2650376
823110,0.009149755
823111,0.7008499
823112,0.21354169
823113,0.009214535
823114,0.014067706
823115,0.9900938
823116,0.9894992
823117,0.047176182
823118,0.7032941
823119,0.82703245
823120,0.0658682
823121,0.9818537
823122,0.0018903699
823123,0.102107085
823124,0.16262485
823125,0.5215805
823126,0.017751027
823127,0.0053328876
823128,0.34096885
823129,0.12759003
823130,0.997975
823131,0.9876436
823132,0.011881212
823133,0.15946324
823134,0.28951836
823135,0.93717194
823136,0.30053073
823137,0.98803246
823138,0.8529788
823139,0.15182918
823140,0.37900323
823141,0.9637388
823142,0.6509237
823143,0.7399381
823144,0.20319538
823145,0.031827513
823146,0.027755098
823147,0.6493481
823148,0.048775334
823149,0.6559055
823150,0.23775163
823151,0.028835155
823152,0.99418324
823153,0.44172367
823154,0.99360263
823155,0.07941872
823156,0.954127
823157,0.076689966
823158,0.8130106
823159,0.02837198
823160,0.023080971
823161,0.35970306
823162,0.007014353
823163,0.13833402
823164,0.007465108
823165,0.055326536
823166,0.99642986
823167,0.51280695
823168,0.92229456
823169,0.95103556
823170,0.051700775
823171,0.13194272
823172,0.9729381
823173,0.25436556
823174,0.87430274
823175,0.99734396
823176,0.05602903
823177,0.0069671148
823178,0.020819984
823179,0.7551254
823180,0.113350116
823181,0.18112683
823182,0.5429916
823183,0.01147667
823184,0.11131903
823185,0.01348397
823186,0.23786889
823187,0.025419936
823188,0.074236505
823189,0.9836263
823190,0.9986699
823191,0.09069138
823192,0.01795112
823193,0.6228223
823194,0.9973527
823195,0.9978613
823196,0.018423524
823197,0.9875348
823198,0.16251548
823199,0.0135052735
823200,0.10680547
823201,0.9989151
823202,0.9082495
823203,0.043183587
823204,0.9597487
823205,0.027752157
823206,0.7737725
823207,0.27737907
823208,0.38841057
823209,0.6756958
823210,0.959599
823211,0.028588563
823212,0.17147434
823213,0.0035859677
823214,0.038060747
823215,0.0656826
823216,0.4982469
823217,0.54818904
823218,0.3955259
823219,0.032877907
823220,0.021874603
823221,0.6265056
823222,0.7970447
823223,0.035640422
823224,0.08724104
823225,0.97514063
823226,0.33100757
823227,0.05099326
823228,0.018487662
823229,0.16805512
823230,0.38905346
823231,0.91739035
823232,0.0456317
823233,0.11972001
823234,0.020625666
823235,0.77099943
823236,0.03359004
823237,0.39513257
823238,0.28077117
823239,0.71031356
823240,0.99624765
823241,0.011752048
823242,0.011435402
823243,0.97471523
823244,0.17543323
823245,0.6022892
823246,0.99923545
823247,0.06161578
823248,0.9911895
823249,0.5948378
823250,0.018436942
823251,0.40204817
823252,0.93574035
823253,0.016350178
823254,0.10215568
823255,0.9966571
823256,0.21065791
823257,0.015485907
823258,0.017097177
823259,0.0887167
823260,0.3278376
823261,0.022735741
823262,0.99982584
823263,0.0032096428
823264,0.088112384
823265,0.52254295
823266,0.05760795
823267,0.0065151784
823268,0.03590446
823269,0.2745012
823270,0.1007837
823271,0.98462147
823272,0.9861133
823273,0.9950137
823274,0.98394376
823275,0.06674059
823276,0.07012813
823277,0.9758729
823278,0.016786903
823279,0.9792881
823280,0.005956238
823281,0.035300344
823282,0.99740237
823283,0.99090487
823284,0.8036567
823285,0.0035413995
823286,0.35305572
823287,0.10092625
823288,0.9638776
823289,0.61565566
823290,0.08960126
823291,0.8210919
823292,0.9679271
823293,0.0053316355
823294,0.030303603
823295,0.87544423
823296,0.41462588
823297,0.8910668
823298,0.98621327
823299,0.99931335
823300,0.5457579
823301,0.009525299
823302,0.7202038
823303,0.21572329
823304,0.40431464
823305,0.5539626
823306,0.05199408
823307,0.010730004
823308,0.04234985
823309,0.9948013
823310,0.63709635
823311,0.018192258
823312,0.75140667
823313,0.6022615
823314,0.84157056
823315,0.98992044
823316,0.87787366
823317,0.05105988
823318,0.9819538
823319,0.0021739155
823320,0.9087584
823321,0.17056778
823322,0.008435708
823323,0.3163518
823324,0.70228934
823325,0.875812
823326,0.91737723
823327,0.9695169
823328,0.029486582
823329,0.1273391
823330,0.07701886
823331,0.025250012
823332,0.99461335
823333,0.9340493
823334,0.005439084
823335,0.46355128
823336,0.709079
823337,0.08375752
823338,0.80313385
823339,0.99486053
823340,0.122448556
823341,0.053456288
823342,0.050680492
823343,0.42662266
823344,0.0059963255
823345,0.41304708
823346,0.045004554
823347,0.018653993
823348,0.99353766
823349,0.07938505
823350,0.9940616
823351,0.041507117
823352,0.01237835
823353,0.88975704
823354,0.99526703
823355,0.02996427
823356,0.9884269
823357,0.06621979
823358,0.9969694
823359,0.9136984
823360,0.7846093
823361,0.013972235
823362,0.054871492
823363,0.14691538
823364,0.9463982
823365,0.048378676
823366,0.017028468
823367,0.013939112
823368,0.06616343
823369,0.06023865
823370,0.8164841
823371,0.21183923
823372,0.0192134
823373,0.11124996
823374,0.06286085
823375,0.0051645786
823376,0.9936961
823377,0.016127648
823378,0.18750443
823379,0.2047181
823380,0.0049432446
823381,0.04738988
823382,0.46462554
823383,0.9360462
823384,0.8995258
823385,0.93544704
823386,0.31641707
823387,0.02462043
823388,0.992116
823389,0.9788594
823390,0.017504185
823391,0.83759993
823392,0.59477377
823393,0.028654538
823394,0.0072763884
823395,0.9913955
823396,0.98867226
823397,0.92153454
823398,0.006023035
823399,0.037854254
823400,0.2854436
823401,0.9056438
823402,0.71627074
823403,0.15011987
823404,0.9844579
823405,0.9902197
823406,0.2722391
823407,0.98210794
823408,0.17191812
823409,0.021730397
823410,0.013286521
823411,0.011220767
823412,0.4285198
823413,0.061946943
823414,0.7574105
823415,0.008277914
823416,0.10980716
823417,0.012685671
823418,0.995558
823419,0.99852383
823420,0.99432766
823421,0.9214071
823422,0.03164473
823423,0.8341028
823424,0.7359676
823425,0.25141302
823426,0.9828131
823427,0.027351536
823428,0.6551607
823429,0.9881929
823430,0.4214907
823431,0.1251441
823432,0.7444476
823433,0.9329899
823434,0.346628
823435,0.98893255
823436,0.69392776
823437,0.6721682
823438,0.009309813
823439,0.07327155
823440,0.054925755
823441,0.9607121
823442,0.96191263
823443,0.035930023
823444,0.0021068845
823445,0.041458838
823446,0.04404481
823447,0.022864252
823448,0.99381006
823449,0.012572826
823450,0.99198866
823451,0.9885093
823452,0.99090827
823453,0.95325214
823454,0.98476005
823455,0.9064029
823456,0.40365762
823457,0.3888233
823458,0.0025754655
823459,0.6665427
823460,0.7474366
823461,0.796049
823462,0.2158286
823463,0.5694062
823464,0.4442845
823465,0.0026661064
823466,0.9874046
823467,0.0096665025
823468,0.9595968
823469,0.024925409
823470,0.042507295
823471,0.047066413
823472,0.9458033
823473,0.039176647
823474,0.6977215
823475,0.0034216095
823476,0.61064684
823477,0.029517386
823478,0.49390006
823479,0.026192527
823480,0.9841948
823481,0.01337322
823482,0.012332018
823483,0.2234363
823484,0.020964853
823485,0.997747
823486,0.9776016
823487,0.02738606
823488,0.27786326
823489,0.9956014
823490,0.68320024
823491,0.15670168
823492,0.6444331
823493,0.14082137
823494,0.9977531
823495,0.70111877
823496,0.42190284
823497,0.012081847
823498,0.3242041
823499,0.024783365
823500,0.077943385
823501,0.061893832
823502,0.9940077
823503,0.9925629
823504,0.9743347
823505,0.8579925
823506,0.0050778324
823507,0.017457692
823508,0.0017850663
823509,0.5333218
823510,0.9936548
823511,0.81102026
823512,0.02251739
823513,0.8194102
823514,0.9991252
823515,0.20624715
823516,0.231175
823517,0.28401208
823518,0.88274014
823519,0.7975816
823520,0.9887121
823521,0.85385215
823522,0.011390814
823523,0.85962594
823524,0.9992753
823525,0.97759414
823526,0.958781
823527,0.8387304
823528,0.98058337
823529,0.0066738967
823530,0.99789387
823531,0.83195466
823532,0.009289956
823533,0.07210606
823534,0.057860106
823535,0.040354677
823536,0.1120699
823537,0.12897423
823538,0.7389738
823539,0.8099213
823540,0.102718085
823541,0.0021314523
823542,0.040278398
823543,0.94361585
823544,0.97479653
823545,0.94216
823546,0.9067838
823547,0.1565799
823548,0.5993223
823549,0.50769496
823550,0.73800373
823551,0.029670563
823552,0.04026685
823553,0.38067356
823554,0.9880298
823555,0.014052187
823556,0.08054963
823557,0.38567355
823558,0.9439563
823559,0.1890289
823560,0.51087564
823561,0.9318005
823562,0.8488638
823563,0.01415121
823564,0.05363553
823565,0.7721918
823566,0.012834767
823567,0.5350889
823568,0.5735027
823569,0.10315195
823570,0.95735323
823571,0.0037462455
823572,0.121173635
823573,0.094310224
823574,0.079685755
823575,0.19767115
823576,0.11654457
823577,0.861906
823578,0.12430557
823579,0.3883701
823580,0.5349689
823581,0.9400071
823582,0.72543645
823583,0.9557623
823584,0.9921978
823585,0.7980963
823586,0.86809343
823587,0.009453684
823588,0.14765552
823589,0.010741845
823590,0.9970967
823591,0.9651469
823592,0.11721385
823593,0.27000946
823594,0.091233194
823595,0.8931832
823596,0.04080516
823597,0.043556936
823598,0.9981447
823599,0.9982643
823600,0.9671157
823601,0.012679939
823602,0.98095375
823603,0.008132426
823604,0.87563974
823605,0.014195923
823606,0.9622744
823607,0.93853426
823608,0.99629784
823609,0.05066635
823610,0.002527301
823611,0.83175564
823612,0.028778087
823613,0.022347368
823614,0.020537807
823615,0.55977523
823616,0.9896032
823617,0.0052014156
823618,0.057216153
823619,0.38522783
823620,0.9731002
823621,0.03548446
823622,0.995369
823623,0.025341703
823624,0.91067463
823625,0.55299336
823626,0.9724443
823627,0.9647714
823628,0.94920933
823629,0.7817098
823630,0.0062300116
823631,0.9868534
823632,0.26995796
823633,0.033118993
823634,0.2790596
823635,0.02368099
823636,0.9493112
823637,0.99077994
823638,0.11971779
823639,0.569676
823640,0.27041462
823641,0.07063687
823642,0.110936165
823643,0.648021
823644,0.0037549422
823645,0.7312899
823646,0.16766255
823647,0.8512438
823648,0.98042893
823649,0.94248474
823650,0.009137577
823651,0.9830969
823652,0.10501333
823653,0.963583
823654,0.008112045
823655,0.980234
823656,0.97880715
823657,0.009012091
823658,0.01304359
823659,0.021275895
823660,0.27520925
823661,0.94682336
823662,0.025583232
823663,0.70403105
823664,0.9914333
823665,0.882097
823666,0.99492925
823667,0.027053908
823668,0.14363791
823669,0.88446116
823670,0.06526804
823671,0.005568551
823672,0.3708645
823673,0.9370301
823674,0.19264984
823675,0.120618805
823676,0.15261774
823677,0.06356977
823678,0.29314592
823679,0.81820273
823680,0.70462286
823681,0.005667195
823682,0.00528961
823683,0.9668517
823684,0.019586124
823685,0.7162752
823686,0.06273843
823687,0.9706346
823688,0.7674553
823689,0.011746675
823690,0.13525711
823691,0.022999395
823692,0.00172645
823693,0.96402985
823694,0.023532698
823695,0.12161944
823696,0.6007407
823697,0.010598399
823698,0.98143804
823699,0.12665299
823700,0.9917798
823701,0.20766108
823702,0.027362151
823703,0.24811645
823704,0.055477105
823705,0.98572904
823706,0.99610585
823707,0.96318257
823708,0.11145991
823709,0.09146987
823710,0.95924574
823711,0.8479393
823712,0.41236573
823713,0.013396175
823714,0.99812263
823715,0.4655458
823716,0.9882812
823717,0.99865395
823718,0.37360653
823719,0.02438367
823720,0.17256626
823721,0.023091126
823722,0.065152615
823723,0.014167049
823724,0.08375942
823725,0.7678821
823726,0.21757473
823727,0.011614353
823728,0.028849537
823729,0.027858807
823730,0.92697084
823731,0.08090599
823732,0.5625355
823733,0.6842704
823734,0.027417818
823735,0.7085047
823736,0.008879859
823737,0.035260085
823738,0.107707426
823739,0.8422424
823740,0.89103687
823741,0.46563935
823742,0.26013315
823743,0.99225736
823744,0.017217375
823745,0.8975163
823746,0.96299106
823747,0.9758613
823748,0.97855103
823749,0.11808242
823750,0.123989545
823751,0.0010468696
823752,0.14609434
823753,0.02617643
823754,0.7483777
823755,0.025089534
823756,0.070927694
823757,0.8958797
823758,0.10147932
823759,0.98790026
823760,0.006725991
823761,0.8900949
823762,0.54529035
823763,0.7264189
823764,0.9892086
823765,0.9168589
823766,0.95697975
823767,0.89154977
823768,0.9214359
823769,0.7473641
823770,0.3364997
823771,0.9295542
823772,0.9808965
823773,0.14101097
823774,0.5851732
823775,0.028859612
823776,0.99751455
823777,0.9249904
823778,0.9771389
823779,0.014716785
823780,0.012534659
823781,0.11212117
823782,0.99856997
823783,0.0641921
823784,0.006511048
823785,0.01474222
823786,0.9101717
823787,0.09959403
823788,0.9878558
823789,0.35609236
823790,0.38552284
823791,0.006502317
823792,0.9857083
823793,0.002869354
823794,0.019506881
823795,0.0034024941
823796,0.9884827
823797,0.021833468
823798,0.0011936859
823799,0.011560967
823800,0.019567573
823801,0.98825103
823802,0.009710185
823803,0.8421357
823804,0.0046682307
823805,0.8378133
823806,0.39090642
823807,0.008006499
823808,0.09854616
823809,0.19804412
823810,0.012859763
823811,0.041460447
823812,0.9933602
823813,0.98708826
823814,0.8785329
823815,0.018822685
823816,0.9360338
823817,0.8235359
823818,0.030334806
823819,0.023724705
823820,0.58777165
823821,0.0114000235
823822,0.0395795
823823,0.99350476
823824,0.9195539
823825,0.011950297
823826,0.9888362
823827,0.50294375
823828,0.17782441
823829,0.8484812
823830,0.98504883
823831,0.037553053
823832,0.17420052
823833,0.8119031
823834,0.13743292
823835,0.97957706
823836,0.90050983
823837,0.025976812
823838,0.9941839
823839,0.9714145
823840,0.008986706
823841,0.9935925
823842,0.9970339
823843,0.02373093
823844,0.24484515
823845,0.14898598
823846,0.9718097
823847,0.0063995873
823848,0.09711551
823849,0.9629307
823850,0.23380682
823851,0.044098206
823852,0.9982351
823853,0.107264504
823854,0.9552749
823855,0.34995997
823856,0.0387293
823857,0.92776716
823858,0.9921997
823859,0.4403189
823860,0.9614682
823861,0.6653968
823862,0.8005701
823863,0.6833384
823864,0.0454771
823865,0.02648283
823866,0.007633593
823867,0.093611635
823868,0.6543791
823869,0.9965731
823870,0.97351587
823871,0.02192908
823872,0.9979511
823873,0.5456101
823874,0.4301349
823875,0.9946135
823876,0.866647
823877,0.118984506
823878,0.08336647
823879,0.009759596
823880,0.5996535
823881,0.018456139
823882,0.031686187
823883,0.8693519
823884,0.09536894
823885,0.15641557
823886,0.1381034
823887,0.027299158
823888,0.8982947
823889,0.32837188
823890,0.9784527
823891,0.007780302
823892,0.75128394
823893,0.23688258
823894,0.07687736
823895,0.46630755
823896,0.9890631
823897,0.9883552
823898,0.52821636
823899,0.01764185
823900,0.92678875
823901,0.9238225
823902,0.9744483
823903,0.99681777
823904,0.924637
823905,0.7508929
823906,0.94413644
823907,0.9518925
823908,0.09892069
823909,0.017434487
823910,0.07975376
823911,0.95650136
823912,0.9044438
823913,0.031886045
823914,0.9596541
823915,0.5684401
823916,0.867519
823917,0.31613776
823918,0.90967745
823919,0.9845151
823920,0.13557962
823921,0.0048910575
823922,0.010754935
823923,0.013033336
823924,0.424608
823925,0.8977816
823926,0.0075899265
823927,0.99163306
823928,0.9555257
823929,0.07889123
823930,0.7227937
823931,0.017609423
823932,0.99413407
823933,0.99822414
823934,0.87500304
823935,0.9835021
823936,0.37357962
823937,0.9991995
823938,0.99618053
823939,0.019786306
823940,0.96320397
823941,0.96927476
823942,0.008827982
823943,0.04894255
823944,0.99615824
823945,0.030462619
823946,0.7206323
823947,0.0016143267
823948,0.06461623
823949,0.89092314
823950,0.46050543
823951,0.12458913
823952,0.040850874
823953,0.9941001
823954,0.0074495124
823955,0.0019753396
823956,0.013571248
823957,0.698693
823958,0.17909355
823959,0.99470985
823960,0.10996945
823961,0.25341117
823962,0.7489491
823963,0.09790593
823964,0.20405753
823965,0.9882233
823966,0.9440308
823967,0.9401867
823968,0.9876729
823969,0.990394
823970,0.1835494
823971,0.01397657
823972,0.98992443
823973,0.99333185
823974,0.89123356
823975,0.023789963
823976,0.011578187
823977,0.17757079
823978,0.97398126
823979,0.12213744
823980,0.129651
823981,0.9025538
823982,0.09506704
823983,0.72609365
823984,0.9748008
823985,0.02721201
823986,0.033525817
823987,0.010501229
823988,0.05875749
823989,0.0006826478
823990,0.9982183
823991,0.053578198
823992,0.22625227
823993,0.40441394
823994,0.48413104
823995,0.9965282
823996,0.025047008
823997,0.95512915
823998,0.04445671
823999,0.9483222
824000,0.012373101
824001,0.9983445
824002,0.0293353
824003,0.21157716
824004,0.25888473
824005,0.9498817
824006,0.91421217
824007,0.56105494
824008,0.67891514
824009,0.25099412
824010,0.16187686
824011,0.094051614
824012,0.0348338
824013,0.12415736
824014,0.9371774
824015,0.9887773
824016,0.98398936
824017,0.25393584
824018,0.16795734
824019,0.9859221
824020,0.007644891
824021,0.0028283237
824022,0.033988602
824023,0.9988094
824024,0.0045699477
824025,0.88616556
824026,0.17280547
824027,0.028849248
824028,0.8861572
824029,0.9530033
824030,0.9826595
824031,0.9456321
824032,0.07293815
824033,0.9829732
824034,0.017613325
824035,0.95852625
824036,0.00664478
824037,0.017900335
824038,0.20821336
824039,0.008579172
824040,0.027250178
824041,0.9565176
824042,0.110580884
824043,0.041673854
824044,0.12665993
824045,0.437821
824046,0.996228
824047,0.7120135
824048,0.005566541
824049,0.019268183
824050,0.16668613
824051,0.050172403
824052,0.48412117
824053,0.12441434
824054,0.18020482
824055,0.040794045
824056,0.5264965
824057,0.65752923
824058,0.10103398
824059,0.986363
824060,0.7477062
824061,0.5582279
824062,0.9230092
824063,0.010639098
824064,0.07420038
824065,0.01042395
824066,0.73423374
824067,0.0032746098
824068,0.020353785
824069,0.24146509
824070,0.3575091
824071,0.9910545
824072,0.064569786
824073,0.13859703
824074,0.021931473
824075,0.9421556
824076,0.0026194998
824077,0.008164906
824078,0.20531599
824079,0.99381864
824080,0.2684814
824081,0.027020046
824082,0.012472674
824083,0.9821078
824084,0.9880186
824085,0.5829111
824086,0.015551732
824087,0.045143116
824088,0.03827599
824089,0.9950409
824090,0.2600859
824091,0.9994232
824092,0.9425331
824093,0.9103409
824094,0.004301771
824095,0.83413345
824096,0.008074193
824097,0.33381525
824098,0.026075488
824099,0.9845917
824100,0.010963916
824101,0.3160187
824102,0.069913164
824103,0.93307793
824104,0.9481442
824105,0.41729388
824106,0.0058172587
824107,0.026203817
824108,0.040569417
824109,0.2438041
824110,0.9298016
824111,0.9996668
824112,0.49612585
824113,0.0012366261
824114,0.33471894
824115,0.98361033
824116,0.055292297
824117,0.002836648
824118,0.0060694474
824119,0.41951102
824120,0.17104712
824121,0.74497306
824122,0.8113005
824123,0.42624173
824124,0.99515957
824125,0.017750362
824126,0.9460926
824127,0.68736845
824128,0.008852432
824129,0.81138206
824130,0.8035503
824131,0.46870002
824132,0.13293624
824133,0.24408506
824134,0.10533205
824135,0.018519506
824136,0.054852962
824137,0.88485485
824138,0.0071497792
824139,0.9823916
824140,0.9950943
824141,0.033735596
824142,0.9988756
824143,0.001266441
824144,0.009999691
824145,0.015246484
824146,0.99647105
824147,0.03596166
824148,0.90060043
824149,0.49345112
824150,0.028949825
824151,0.9906273
824152,0.9702605
824153,0.19858238
824154,0.037571326
824155,0.98805684
824156,0.5828836
824157,0.788414
824158,0.6684093
824159,0.9010395
824160,0.62005925
824161,0.7898458
824162,0.006546794
824163,0.941448
824164,0.0075950883
824165,0.0892773
824166,0.81042266
824167,0.027737765
824168,0.97152215
824169,0.45768803
824170,0.69907194
824171,0.10097507
824172,0.96709013
824173,0.9368456
824174,0.9953791
824175,0.98796153
824176,0.022604976
824177,0.7964733
824178,0.009564274
824179,0.15360904
824180,0.018722724
824181,0.005372662
824182,0.003248208
824183,0.99928015
824184,0.13338318
824185,0.19722147
824186,0.9962714
824187,0.034385934
824188,0.004109598
824189,0.8949144
824190,0.040659405
824191,0.16749193
824192,0.013319232
824193,0.021543352
824194,0.6581826
824195,0.057088938
824196,0.036882993
824197,0.79599047
824198,0.9824794
824199,0.011090806
824200,0.042506345
824201,0.041846655
824202,0.038382962
824203,0.5123411
824204,0.057948302
824205,0.0038025863
824206,0.99920696
824207,0.06403182
824208,0.29948592
824209,0.98281705
824210,0.009662245
824211,0.016345315
824212,0.014647586
824213,0.99622124
824214,0.0046844697
824215,0.3657306
824216,0.6812091
824217,0.27952707
824218,0.7699451
824219,0.30861524
824220,0.09240846
824221,0.54067814
824222,0.0026832456
824223,0.97475255
824224,0.9957199
824225,0.980595
824226,0.25709283
824227,0.014676718
824228,0.95463717
824229,0.057736866
824230,0.77585363
824231,0.02077141
824232,0.13751587
824233,0.0842515
824234,0.0150200445
824235,0.06713487
824236,0.11892837
824237,0.9881399
824238,0.5968373
824239,0.9816759
824240,0.0027664453
824241,0.90845454
824242,0.8615183
824243,0.043849107
824244,0.031613436
824245,0.17297123
824246,0.014398734
824247,0.026930084
824248,0.50695693
824249,0.040373273
824250,0.99017614
824251,0.82696235
824252,0.046317715
824253,0.23969157
824254,0.99732625
824255,0.99387467
824256,0.5763635
824257,0.016006159
824258,0.9740034
824259,0.07520796
824260,0.9718299
824261,0.20007704
824262,0.9774992
824263,0.002975664
824264,0.99631816
824265,0.99656045
824266,0.9238269
824267,0.07278812
824268,0.0521097
824269,0.013998909
824270,0.87456703
824271,0.14604641
824272,0.81224936
824273,0.13452812
824274,0.15733713
824275,0.99654615
824276,0.012301345
824277,0.98646545
824278,0.9926252
824279,0.035934374
824280,0.08679585
824281,0.49169916
824282,0.07060222
824283,0.05670359
824284,0.971603
824285,0.075232744
824286,0.020186458
824287,0.97968304
824288,0.07131322
824289,0.57655567
824290,0.99953085
824291,0.037604794
824292,0.44524872
824293,0.5171415
824294,0.3161841
824295,0.011513782
824296,0.003581894
824297,0.01235033
824298,0.99916244
824299,0.017048713
824300,0.038226597
824301,0.9651497
824302,0.6400998
824303,0.9572359
824304,0.99774003
824305,0.8232647
824306,0.3230887
824307,0.9976366
824308,0.057852216
824309,0.029657988
824310,0.050700393
824311,0.81180596
824312,0.5383092
824313,0.18135017
824314,0.008628464
824315,0.24661455
824316,0.8686582
824317,0.9716104
824318,0.9957647
824319,0.012104235
824320,0.8516038
824321,0.0050092447
824322,0.13313329
824323,0.140616
824324,0.008798875
824325,0.006329604
824326,0.018316759
824327,0.9336281
824328,0.9796444
824329,0.9601924
824330,0.011952279
824331,0.9735788
824332,0.9001648
824333,0.48728672
824334,0.18599856
824335,0.4364416
824336,0.31946352
824337,0.008075026
824338,0.9454087
824339,0.9588815
824340,0.9981307
824341,0.036283407
824342,0.014537132
824343,0.31545964
824344,0.8607489
824345,0.19637457
824346,0.65335447
824347,0.97412336
824348,0.9939951
824349,0.271056
824350,0.05285643
824351,0.35078928
824352,0.8526361
824353,0.8952756
824354,0.055942994
824355,0.01753978
824356,0.69649935
824357,0.52048326
824358,0.918517
824359,0.051619247
824360,0.0018753745
824361,0.011457646
824362,0.01607911
824363,0.66697294
824364,0.017278105
824365,0.55732703
824366,0.01628265
824367,0.99643
824368,0.5806577
824369,0.98884445
824370,0.0031755038
824371,0.058306497
824372,0.6597949
824373,0.9731858
824374,0.55042446
824375,0.9968851
824376,0.01578444
824377,0.99078
824378,0.9910783
824379,0.93612444
824380,0.13243677
824381,0.7804459
824382,0.51345694
824383,0.06055843
824384,0.03114551
824385,0.98606277
824386,0.042019565
824387,0.022591792
824388,0.17058311
824389,0.10569447
824390,0.94463205
824391,0.0712328
824392,0.9736792
824393,0.02847536
824394,0.10296031
824395,0.80472445
824396,0.055206046
824397,0.83441347
824398,0.9223933
824399,0.04309171
824400,0.99730384
824401,0.9395357
824402,0.48283726
824403,0.35643718
824404,0.10461517
824405,0.9809505
824406,0.005335128
824407,0.7611353
824408,0.061021976
824409,0.0041953623
824410,0.020372648
824411,0.04323437
824412,0.68202806
824413,0.0083167525
824414,0.9951584
824415,0.0028160475
824416,0.009784754
824417,0.8228425
824418,0.9982198
824419,0.41837654
824420,0.6258569
824421,0.010151483
824422,0.975021
824423,0.05108837
824424,0.97333825
824425,0.013114218
824426,0.12347599
824427,0.012926439
824428,0.0045829997
824429,0.033853002
824430,0.62852675
824431,0.4122572
824432,0.9697819
824433,0.5187534
824434,0.78505456
824435,0.1300185
824436,0.6961381
824437,0.26479936
824438,0.88196504
824439,0.00849468
824440,0.079903446
824441,0.9850353
824442,0.9963133
824443,0.5846941
824444,0.005581852
824445,0.9794492
824446,0.4906136
824447,0.5920008
824448,0.0062537026
824449,0.014688598
824450,0.004924206
824451,0.93241274
824452,0.93916947
824453,0.072855316
824454,0.5542121
824455,0.0076386314
824456,0.9868087
824457,0.6522125
824458,0.014138892
824459,0.1310141
824460,0.68652844
824461,0.83313143
824462,0.98120135
824463,0.014700656
824464,0.025057605
824465,0.022931281
824466,0.5727763
824467,0.9265391
824468,0.03797806
824469,0.0060923817
824470,0.17109634
824471,0.6137405
824472,0.016813014
824473,0.0117230965
824474,0.9371866
824475,0.008629668
824476,0.99787927
824477,0.050379172
824478,0.9986923
824479,0.9951187
824480,0.99615777
824481,0.9849714
824482,0.9938532
824483,0.23813751
824484,0.8959074
824485,0.13265888
824486,0.022119828
824487,0.92786896
824488,0.9865186
824489,0.9633889
824490,0.9877901
824491,0.14952026
824492,0.74771994
824493,0.95577204
824494,0.005901938
824495,0.23873925
824496,0.99628735
824497,0.1736915
824498,0.061769906
824499,0.6059465
824500,0.9761963
824501,0.97085106
824502,0.04167535
824503,0.0631987
824504,0.020032674
824505,0.1321097
824506,0.81602424
824507,0.014262763
824508,0.61316466
824509,0.93884504
824510,0.031651344
824511,0.020609032
824512,0.9724276
824513,0.013818331
824514,0.9244732
824515,0.8348995
824516,0.015643582
824517,0.6230422
824518,0.4770426
824519,0.32214123
824520,0.016528636
824521,0.9926361
824522,0.97176874
824523,0.99414253
824524,0.0037471782
824525,0.9809162
824526,0.067745686
824527,0.0061872182
824528,0.031475134
824529,0.93533814
824530,0.9775741
824531,0.03225819
824532,0.9547616
824533,0.0045931228
824534,0.014849311
824535,0.10782139
824536,0.98738354
824537,0.0836251
824538,0.25860125
824539,0.71694785
824540,0.012182606
824541,0.9888035
824542,0.9978322
824543,0.05134993
824544,0.02044598
824545,0.048755486
824546,0.99047375
824547,0.99495107
824548,0.37673867
824549,0.06460382
824550,0.9920787
824551,0.45620954
824552,0.008533414
824553,0.16849619
824554,0.050644193
824555,0.22830218
824556,0.9952418
824557,0.8999953
824558,0.06302747
824559,0.045074917
824560,0.018137073
824561,0.9805592
824562,0.8406822
824563,0.4117107
824564,0.05148775
824565,0.44305876
824566,0.0460716
824567,0.0051329206
824568,0.49765134
824569,0.016939402
824570,0.059173655
824571,0.01014333
824572,0.7302945
824573,0.96133816
824574,0.78029794
824575,0.6020627
824576,0.99090534
824577,0.023527194
824578,0.025075004
824579,0.69452083
824580,0.8145671
824581,0.9580795
824582,0.5588813
824583,0.76845217
824584,0.014476198
824585,0.42362937
824586,0.2164469
824587,0.066186875
824588,0.9691371
824589,0.7204424
824590,0.10617173
824591,0.98740995
824592,0.124420166
824593,0.99680823
824594,0.67041993
824595,0.9879532
824596,0.40681827
824597,0.99557775
824598,0.031281125
824599,0.010870863
824600,0.9976528
824601,0.9947587
824602,0.62172997
824603,0.11976215
824604,0.050379347
824605,0.038446605
824606,0.46603388
824607,0.20301507
824608,0.96092623
824609,0.98161334
824610,0.9758354
824611,0.01882438
824612,0.011329092
824613,0.011796327
824614,0.018539868
824615,0.29738316
824616,0.063679755
824617,0.1706879
824618,0.011074377
824619,0.06882675
824620,0.02929131
824621,0.11373915
824622,0.04498442
824623,0.93929267
824624,0.014326291
824625,0.24933258
824626,0.060157463
824627,0.034965992
824628,0.9374731
824629,0.9985619
824630,0.59385496
824631,0.009314599
824632,0.0031009624
824633,0.9960774
824634,0.67592424
824635,0.07045549
824636,0.0027938017
824637,0.9730437
824638,0.9914469
824639,0.8943952
824640,0.008474936
824641,0.16693497
824642,0.018076032
824643,0.0024307207
824644,0.94616973
824645,0.69261956
824646,0.724946
824647,0.6015117
824648,0.11108677
824649,0.9939836
824650,0.84629
824651,0.004445562
824652,0.03214685
824653,0.02070054
824654,0.67463076
824655,0.7488089
824656,0.9435946
824657,0.9680772
824658,0.6795138
824659,0.9221487
824660,0.9030255
824661,0.10996154
824662,0.981967
824663,0.987373
824664,0.016788205
824665,0.6020912
824666,0.9681008
824667,0.7234885
824668,0.89544463
824669,0.003617363
824670,0.0038827846
824671,0.9989141
824672,0.04938507
824673,0.8419626
824674,0.40018797
824675,0.013033642
824676,0.038899735
824677,0.14172995
824678,0.07504633
824679,0.008838607
824680,0.9896469
824681,0.012521483
824682,0.0029505559
824683,0.087736316
824684,0.12106129
824685,0.043774523
824686,0.034179326
824687,0.83799183
824688,0.99670017
824689,0.014173508
824690,0.93673474
824691,0.09475174
824692,0.07683411
824693,0.04090104
824694,0.9842472
824695,0.9965945
824696,0.03490486
824697,0.102217264
824698,0.9312201
824699,0.88151705
824700,0.14948723
824701,0.6673676
824702,0.03319283
824703,0.8982097
824704,0.00735678
824705,0.1935032
824706,0.4427954
824707,0.9959646
824708,0.07932323
824709,0.9561247
824710,0.8064269
824711,0.3517921
824712,0.115551874
824713,0.94696057
824714,0.035673868
824715,0.9545787
824716,0.54491156
824717,0.00541416
824718,0.10469653
824719,0.24719892
824720,0.069388315
824721,0.6323045
824722,0.8737853
824723,0.019983653
824724,0.62583923
824725,0.14573035
824726,0.0144868875
824727,0.34818882
824728,0.6163249
824729,0.0075994297
824730,0.031986997
824731,0.07113874
824732,0.033328325
824733,0.993518
824734,0.8660213
824735,0.0036844795
824736,0.9502207
824737,0.38989323
824738,0.3161694
824739,0.7548437
824740,0.96069646
824741,0.20085277
824742,0.21345147
824743,0.93939286
824744,0.9076862
824745,0.078270495
824746,0.30708453
824747,0.29457366
824748,0.042153846
824749,0.9086834
824750,0.99030316
824751,0.10135916
824752,0.44404584
824753,0.9962667
824754,0.9826115
824755,0.8173732
824756,0.006561483
824757,0.56692094
824758,0.9908217
824759,0.8904188
824760,0.028577069
824761,0.5965452
824762,0.059106153
824763,0.11671607
824764,0.9874007
824765,0.008435011
824766,0.97187054
824767,0.97094893
824768,0.033540517
824769,0.99799633
824770,0.8936112
824771,0.57750654
824772,0.0104133235
824773,0.9994173
824774,0.020658053
824775,0.9869294
824776,0.7715094
824777,0.97975135
824778,0.033420533
824779,0.8931569
824780,0.9314443
824781,0.0018428956
824782,0.76121205
824783,0.0039296425
824784,0.010323198
824785,0.9733332
824786,0.99824756
824787,0.9512373
824788,0.85589033
824789,0.57554215
824790,0.95651245
824791,0.06004947
824792,0.9660052
824793,0.9541883
824794,0.054421313
824795,0.06158918
824796,0.006793474
824797,0.71189934
824798,0.21399176
824799,0.0029268009
824800,0.109204605
824801,0.21789518
824802,0.99923325
824803,0.020167619
824804,0.052723125
824805,0.91535693
824806,0.17495838
824807,0.87178135
824808,0.11339161
824809,0.999038
824810,0.0040385504
824811,0.9465756
824812,0.055253677
824813,0.084817514
824814,0.02278242
824815,0.079796225
824816,0.75014484
824817,0.10165457
824818,0.0725148
824819,0.040488422
824820,0.9714795
824821,0.9908142
824822,0.96980155
824823,0.8592999
824824,0.9879958
824825,0.13612917
824826,0.94454527
824827,0.8637696
824828,0.4097089
824829,0.019285161
824830,0.010070041
824831,0.23677492
824832,0.035131857
824833,0.0018627574
824834,0.038425524
824835,0.96996945
824836,0.03964338
824837,0.9173146
824838,0.09735625
824839,0.034947295
824840,0.2311992
824841,0.29477924
824842,0.19308558
824843,0.00794049
824844,0.048883274
824845,0.09600128
824846,0.18830426
824847,0.98175347
824848,0.8866099
824849,0.68463004
824850,0.7430308
824851,0.691209
824852,0.054178584
824853,0.009768755
824854,0.6996379
824855,0.027859565
824856,0.08052725
824857,0.73381376
824858,0.99397486
824859,0.10086997
824860,0.044031765
824861,0.35354614
824862,0.95909226
824863,0.009385025
824864,0.15054788
824865,0.19251968
824866,0.7686777
824867,0.20675445
824868,0.9799293
824869,0.58585805
824870,0.010292581
824871,0.066302046
824872,0.0052515795
824873,0.99443257
824874,0.997543
824875,0.15340152
824876,0.013578247
824877,0.11418272
824878,0.97402585
824879,0.10007024
824880,0.79790366
824881,0.9298881
824882,0.17486301
824883,0.99362713
824884,0.013509865
824885,0.047566127
824886,0.117317766
824887,0.46339998
824888,0.95387125
824889,0.005766461
824890,0.05551508
824891,0.99332595
824892,0.08103689
824893,0.017880782
824894,0.9290813
824895,0.9954835
824896,0.9784707
824897,0.13788807
824898,0.99862295
824899,0.29092366
824900,0.24152407
824901,0.9572461
824902,0.19492285
824903,0.077870235
824904,0.2719839
824905,0.9807107
824906,0.8244648
824907,0.9796786
824908,0.5559242
824909,0.9943646
824910,0.11902438
824911,0.003090204
824912,0.004681009
824913,0.8980387
824914,0.005565736
824915,0.90440977
824916,0.85506576
824917,0.025321897
824918,0.96248615
824919,0.02716525
824920,0.4305686
824921,0.9980024
824922,0.30386028
824923,0.043648586
824924,0.034400593
824925,0.037837155
824926,0.70949507
824927,0.027104512
824928,0.016132765
824929,0.019691477
824930,0.94406474
824931,0.35668144
824932,0.99697053
824933,0.9981772
824934,0.9942108
824935,0.9421811
824936,0.99668086
824937,0.75766325
824938,0.04925923
824939,0.0017722067
824940,0.0657239
824941,0.33799708
824942,0.9866865
824943,0.96665
824944,0.9060006
824945,0.009582343
824946,0.039701298
824947,0.997825
824948,0.105605155
824949,0.9166788
824950,0.91386694
824951,0.96686965
824952,0.80140454
824953,0.017862258
824954,0.022710335
824955,0.28489226
824956,0.89325595
824957,0.009979253
824958,0.10684285
824959,0.0109499805
824960,0.9461051
824961,0.7205596
824962,0.9944283
824963,0.99588096
824964,0.99471384
824965,0.007516976
824966,0.011912391
824967,0.87500006
824968,0.0058470434
824969,0.0063792896
824970,0.09233296
824971,0.9984289
824972,0.92413676
824973,0.025208598
824974,0.03457997
824975,0.12789498
824976,0.9562159
824977,0.16301365
824978,0.006660708
824979,0.89006793
824980,0.99650145
824981,0.99640197
824982,0.00809808
824983,0.0967466
824984,0.50229263
824985,0.031012585
824986,0.9892414
824987,0.058963086
824988,0.96735585
824989,0.9004633
824990,0.84434664
824991,0.14292525
824992,0.048446584
824993,0.5321056
824994,0.031045556
824995,0.9611658
824996,0.1092103
824997,0.9378154
824998,0.016136914
824999,0.06556441
825000,0.019127108
825001,0.26718843
825002,0.5688588
825003,0.9771793
825004,0.9979028
825005,0.9592118
825006,0.73213416
825007,0.30728707
825008,0.9562749
825009,0.018483045
825010,0.96882975
825011,0.010649078
825012,0.028689936
825013,0.06963226
825014,0.9934123
825015,0.21848845
825016,0.043470055
825017,0.03806159
825018,0.6802956
825019,0.15811142
825020,0.5519265
825021,0.0056701954
825022,0.0054841596
825023,0.9797467
825024,0.011971479
825025,0.14563972
825026,0.040856805
825027,0.89642656
825028,0.42263296
825029,0.0075968895
825030,0.015497249
825031,0.10561689
825032,0.042936277
825033,0.97285044
825034,0.0044916184
825035,0.9881389
825036,0.8701846
825037,0.45972136
825038,0.0037258782
825039,0.012747052
825040,0.004966793
825041,0.9124764
825042,0.5237742
825043,0.029530168
825044,0.840943
825045,0.99069494
825046,0.10286112
825047,0.008521368
825048,0.011993861
825049,0.02306134
825050,0.04948427
825051,0.1525541
825052,0.05092681
825053,0.92465794
825054,0.97793806
825055,0.049512725
825056,0.98698616
825057,0.11181238
825058,0.97727215
825059,0.037575454
825060,0.9191405
825061,0.9532151
825062,0.100312345
825063,0.034369335
825064,0.6145086
825065,0.016703103
825066,0.0068737175
825067,0.048560217
825068,0.74938524
825069,0.98550165
825070,0.9652395
825071,0.44654718
825072,0.048006617
825073,0.0072838934
825074,0.8609456
825075,0.3076338
825076,0.75550985
825077,0.97148204
825078,0.3461599
825079,0.7720611
825080,0.417768
825081,0.015195228
825082,0.80444515
825083,0.024249356
825084,0.07128709
825085,0.013398819
825086,0.8649483
825087,0.08702728
825088,0.99906963
825089,0.968094
825090,0.3877829
825091,0.99751467
825092,0.9289896
825093,0.016302628
825094,0.8459677
825095,0.27209538
825096,0.9225877
825097,0.9211882
825098,0.1209435
825099,0.10532425
825100,0.21561137
825101,0.0019789175
825102,0.9028158
825103,0.9676899
825104,0.088795714
825105,0.8399258
825106,0.15940706
825107,0.003975639
825108,0.0073509156
825109,0.93016756
825110,0.979166
825111,0.9233816
825112,0.10641371
825113,0.10572872
825114,0.08100902
825115,0.901003
825116,0.11699249
825117,0.99666595
825118,0.98420316
825119,0.14385167
825120,0.17934394
825121,0.8004656
825122,0.61900294
825123,0.049561605
825124,0.9729095
825125,0.98355764
825126,0.5587876
825127,0.049910534
825128,0.017447198
825129,0.11506093
825130,0.0023267618
825131,0.03271795
825132,0.99031365
825133,0.05886683
825134,0.7756498
825135,0.004033764
825136,0.94269764
825137,0.8515379
825138,0.33361965
825139,0.008710323
825140,0.1210871
825141,0.0105753215
825142,0.81122667
825143,0.025112817
825144,0.9813839
825145,0.97637355
825146,0.010050139
825147,0.41467607
825148,0.042701423
825149,0.98474824
825150,0.002427933
825151,0.20702007
825152,0.25771073
825153,0.90924984
825154,0.0047539296
825155,0.14628886
825156,0.96462417
825157,0.064229354
825158,0.008424057
825159,0.9921597
825160,0.006396426
825161,0.48986465
825162,0.023558153
825163,0.04294014
825164,0.98683476
825165,0.9170474
825166,0.66261244
825167,0.6937046
825168,0.014926871
825169,0.020907756
825170,0.8243432
825171,0.0039457763
825172,0.9446243
825173,0.9050745
825174,0.10122318
825175,0.005724131
825176,0.928258
825177,0.6638001
825178,0.018500568
825179,0.020615222
825180,0.13989857
825181,0.01304961
825182,0.91118443
825183,0.9869056
825184,0.98872
825185,0.47003275
825186,0.013330948
825187,0.9984615
825188,0.73237
825189,0.044258088
825190,0.4127754
825191,0.15076622
825192,0.9862062
825193,0.70837516
825194,0.93194777
825195,0.8684587
825196,0.4149585
825197,0.010024536
825198,0.9682454
825199,0.048449505
825200,0.77184874
825201,0.0018024368
825202,0.4307043
825203,0.40662396
825204,0.02906118
825205,0.9713812
825206,0.4813059
825207,0.7329445
825208,0.053758554
825209,0.1195153
825210,0.7403955
825211,0.99755883
825212,0.02766741
825213,0.01792593
825214,0.012480658
825215,0.0046703527
825216,0.7993357
825217,0.0061357683
825218,0.4502379
825219,0.94254005
825220,0.013221691
825221,0.0068061766
825222,0.90512955
825223,0.9661847
825224,0.045268673
825225,0.041183326
825226,0.0046663308
825227,0.016169008
825228,0.9993684
825229,0.28775632
825230,0.90634984
825231,0.0061508543
825232,0.030023154
825233,0.10084482
825234,0.968396
825235,0.042075265
825236,0.71993035
825237,0.9797787
825238,0.005480967
825239,0.99609184
825240,0.99703526
825241,0.1364702
825242,0.0098980935
825243,0.8535378
825244,0.020617472
825245,0.011876622
825246,0.0044908826
825247,0.21834546
825248,0.94059247
825249,0.9781999
825250,0.009181935
825251,0.4748114
825252,0.0022352845
825253,0.045651812
825254,0.6759709
825255,0.0061502936
825256,0.009415634
825257,0.96729237
825258,0.8974938
825259,0.0057841195
825260,0.123318575
825261,0.053027395
825262,0.075308606
825263,0.019020002
825264,0.08172933
825265,0.44976643
825266,0.9419613
825267,0.022786774
825268,0.99229693
825269,0.036017485
825270,0.919545
825271,0.99188954
825272,0.84919333
825273,0.068986796
825274,0.012425033
825275,0.06534609
825276,0.9922497
825277,0.009191206
825278,0.9752512
825279,0.94186753
825280,0.08812127
825281,0.7800582
825282,0.015976518
825283,0.025558785
825284,0.05041994
825285,0.17968038
825286,0.0041570473
825287,0.6818093
825288,0.81118023
825289,0.055837717
825290,0.5013751
825291,0.63792545
825292,0.03635629
825293,0.8376675
825294,0.19221118
825295,0.9563874
825296,0.16248801
825297,0.98879683
825298,0.29363135
825299,0.13840109
825300,0.018028338
825301,0.0074695293
825302,0.16192126
825303,0.020501524
825304,0.010729745
825305,0.08040879
825306,0.9674802
825307,0.3329835
825308,0.076417714
825309,0.41153386
825310,0.0064541968
825311,0.86355376
825312,0.9985298
825313,0.057577357
825314,0.03615598
825315,0.08570279
825316,0.7610224
825317,0.9983146
825318,0.8030888
825319,0.08642255
825320,0.9355471
825321,0.065338336
825322,0.6700568
825323,0.9903171
825324,0.20184308
825325,0.010335539
825326,0.04707331
825327,0.089754105
825328,0.9186991
825329,0.5750127
825330,0.99810517
825331,0.9934398
825332,0.8901783
825333,0.8993781
825334,0.028343597
825335,0.9954634
825336,0.089541905
825337,0.9631007
825338,0.0029694047
825339,0.017455323
825340,0.9027367
825341,0.3568452
825342,0.9978447
825343,0.8362496
825344,0.98907477
825345,0.022222066
825346,0.045199852
825347,0.015130859
825348,0.18413243
825349,0.9443977
825350,0.048450485
825351,0.9947969
825352,0.06090235
825353,0.03939414
825354,0.93663
825355,0.12326288
825356,0.9499085
825357,0.014419466
825358,0.43957806
825359,0.9836131
825360,0.95134217
825361,0.87687224
825362,0.60768956
825363,0.6936417
825364,0.9324949
825365,0.00498178
825366,0.55840033
825367,0.3214892
825368,0.07312991
825369,0.9632303
825370,0.03440311
825371,0.02922959
825372,0.16603062
825373,0.022324704
825374,0.9923373
825375,0.21207303
825376,0.04817194
825377,0.9761102
825378,0.924415
825379,0.6966826
825380,0.024784088
825381,0.28104448
825382,0.529812
825383,0.039482825
825384,0.97848284
825385,0.9816049
825386,0.52711445
825387,0.002865132
825388,0.07897417
825389,0.9641313
825390,0.1799266
825391,0.90706533
825392,0.24405047
825393,0.7867637
825394,0.9547392
825395,0.68498176
825396,0.8072392
825397,0.9988014
825398,0.9029754
825399,0.0035858261
825400,0.017951922
825401,0.074257076
825402,0.10707534
825403,0.025886271
825404,0.09371613
825405,0.008363528
825406,0.9507494
825407,0.0036216897
825408,0.8830878
825409,0.9341082
825410,0.71459436
825411,0.10508801
825412,0.82053626
825413,0.20643584
825414,0.55209696
825415,0.014913738
825416,0.9757614
825417,0.06811114
825418,0.46029013
825419,0.988199
825420,0.023660164
825421,0.04246847
825422,0.9740799
825423,0.9643984
825424,0.05095471
825425,0.02150212
825426,0.05290132
825427,0.9140934
825428,0.06559588
825429,0.09922029
825430,0.005679532
825431,0.023652341
825432,0.62418467
825433,0.1007948
825434,0.031515535
825435,0.12343566
825436,0.7996653
825437,0.88718265
825438,0.9994983
825439,0.022835795
825440,0.07205196
825441,0.9271314
825442,0.8334216
825443,0.77648807
825444,0.018360753
825445,0.038887907
825446,0.9549916
825447,0.9797664
825448,0.07478584
825449,0.4506365
825450,0.9821689
825451,0.004854395
825452,0.7909106
825453,0.44830763
825454,0.35303384
825455,0.083785824
825456,0.27853298
825457,0.8174924
825458,0.9958475
825459,0.8778661
825460,0.012685772
825461,0.95260346
825462,0.6261192
825463,0.93946785
825464,0.95447415
825465,0.088903815
825466,0.9968499
825467,0.0037507578
825468,0.97512084
825469,0.9892179
825470,0.042226262
825471,0.13409463
825472,0.011799149
825473,0.99111915
825474,0.9698958
825475,0.0711182
825476,0.29011565
825477,0.958196
825478,0.9981718
825479,0.99339527
825480,0.10058445
825481,0.32169458
825482,0.9733378
825483,0.34797648
825484,0.9934472
825485,0.7009146
825486,0.013174493
825487,0.9929846
825488,0.9934512
825489,0.0014615622
825490,0.014471892
825491,0.20712511
825492,0.99360096
825493,0.005633138
825494,0.50706565
825495,0.007199513
825496,0.99722385
825497,0.88869387
825498,0.99252415
825499,0.006420283
825500,0.9442103
825501,0.979729
825502,0.9481771
825503,0.06812443
825504,0.99144506
825505,0.99942684
825506,0.08567805
825507,0.84307086
825508,0.6380925
825509,0.007955657
825510,0.0162817
825511,0.17946519
825512,0.15550455
825513,0.56221634
825514,0.99779266
825515,0.14050037
825516,0.17985675
825517,0.94477075
825518,0.0085555585
825519,0.5686999
825520,0.002993954
825521,0.51667607
825522,0.348974
825523,0.0072062975
825524,0.83769494
825525,0.878124
825526,0.9958929
825527,0.08762102
825528,0.021068824
825529,0.9305285
825530,0.027148541
825531,0.01861681
825532,0.0070448597
825533,0.024602847
825534,0.39040345
825535,0.025700336
825536,0.046442483
825537,0.9616075
825538,0.9998124
825539,0.87413305
825540,0.13671747
825541,0.99536943
825542,0.04454381
825543,0.14405252
825544,0.9920525
825545,0.04235602
825546,0.0053337943
825547,0.9944736
825548,0.17396834
825549,0.66871005
825550,0.08619482
825551,0.02246271
825552,0.03798712
825553,0.59358644
825554,0.122612
825555,0.08099623
825556,0.8746624
825557,0.8504387
825558,0.72909147
825559,0.010931726
825560,0.0541233
825561,0.9780491
825562,0.00973348
825563,0.12104948
825564,0.5580422
825565,0.10597502
825566,0.99971193
825567,0.9578243
825568,0.98909605
825569,0.06594941
825570,0.99298334
825571,0.87962794
825572,0.025832467
825573,0.9153327
825574,0.21770184
825575,0.97189206
825576,0.12215163
825577,0.34315363
825578,0.009816046
825579,0.30978444
825580,0.047001
825581,0.9914659
825582,0.9975843
825583,0.9880161
825584,0.07137197
825585,0.99836874
825586,0.024602614
825587,0.22255881
825588,0.0049716006
825589,0.98458683
825590,0.26123685
825591,0.9967457
825592,0.9963628
825593,0.99581105
825594,0.18726224
825595,0.047504112
825596,0.63093394
825597,0.9650862
825598,0.02868099
825599,0.013225498
825600,0.011586794
825601,0.007870165
825602,0.17896529
825603,0.4367966
825604,0.9325676
825605,0.010471298
825606,0.0452623
825607,0.8949215
825608,0.9993306
825609,0.91185117
825610,0.5974598
825611,0.9883959
825612,0.06259028
825613,0.03719563
825614,0.88251305
825615,0.007885823
825616,0.9692907
825617,0.20113647
825618,0.99278885
825619,0.0041656247
825620,0.03177732
825621,0.9637706
825622,0.0039603077
825623,0.004965307
825624,0.6268474
825625,0.110996544
825626,0.17041747
825627,0.026122175
825628,0.29285833
825629,0.041785397
825630,0.9858191
825631,0.44248956
825632,0.054411
825633,0.9899357
825634,0.005341177
825635,0.11823137
825636,0.031796157
825637,0.015402035
825638,0.019251874
825639,0.8698697
825640,0.9906935
825641,0.9936944
825642,0.34790653
825643,0.054912604
825644,0.9606473
825645,0.9684418
825646,0.108839095
825647,0.0022524346
825648,0.08298845
825649,0.94912785
825650,0.22542414
825651,0.9992076
825652,0.1728853
825653,0.009251032
825654,0.011762813
825655,0.9955326
825656,0.99526435
825657,0.78524536
825658,0.99567944
825659,0.9560818
825660,0.05672481
825661,0.0024347175
825662,0.07554963
825663,0.97853315
825664,0.0035254278
825665,0.7942245
825666,0.9915067
825667,0.011390362
825668,0.033349574
825669,0.31423584
825670,0.9896674
825671,0.0076047196
825672,0.9600917
825673,0.7748489
825674,0.0055300402
825675,0.014404483
825676,0.9519744
825677,0.97846687
825678,0.29038537
825679,0.91432446
825680,0.009673909
825681,0.003932529
825682,0.026957292
825683,0.28633565
825684,0.73929113
825685,0.36340025
825686,0.008649763
825687,0.36097136
825688,0.83933645
825689,0.156505
825690,0.10916221
825691,0.9942187
825692,0.7407728
825693,0.026682824
825694,0.089712374
825695,0.23583402
825696,0.09151947
825697,0.9333816
825698,0.0066529294
825699,0.94295585
825700,0.77958584
825701,0.100213476
825702,0.27558458
825703,0.972405
825704,0.948073
825705,0.9684452
825706,0.022086084
825707,0.9979657
825708,0.013501309
825709,0.015191915
825710,0.08788866
825711,0.2720849
825712,0.003707653
825713,0.74390036
825714,0.92375875
825715,0.99622613
825716,0.5324637
825717,0.9723328
825718,0.98675466
825719,0.019050347
825720,0.28008777
825721,0.95832896
825722,0.96977997
825723,0.007801519
825724,0.0075874603
825725,0.14678459
825726,0.010885286
825727,0.9808128
825728,0.058583986
825729,0.007842879
825730,0.9828922
825731,0.97065055
825732,0.0037799026
825733,0.094061606
825734,0.07486953
825735,0.06583073
825736,0.9806228
825737,0.13397451
825738,0.04159047
825739,0.013981456
825740,0.018895347
825741,0.005126764
825742,0.008219057
825743,0.12956862
825744,0.018430779
825745,0.007972911
825746,0.2594217
825747,0.01301609
825748,0.98852897
825749,0.0064139636
825750,0.8943274
825751,0.023820002
825752,0.9895562
825753,0.12152721
825754,0.9906951
825755,0.0013907329
825756,0.88742924
825757,0.9894993
825758,0.6106073
825759,0.4880092
825760,0.9924415
825761,0.97950685
825762,0.03171403
825763,0.018823529
825764,0.6104909
825765,0.99685097
825766,0.12988926
825767,0.48599604
825768,0.36232132
825769,0.031142578
825770,0.043667626
825771,0.972952
825772,0.09719135
825773,0.018070074
825774,0.04564104
825775,0.2169481
825776,0.9997842
825777,0.72484887
825778,0.013407053
825779,0.9462853
825780,0.33648914
825781,0.08660379
825782,0.9613006
825783,0.025404776
825784,0.0048296936
825785,0.07847011
825786,0.035544217
825787,0.04843843
825788,0.12682335
825789,0.03505195
825790,0.89415175
825791,0.9317246
825792,0.116233975
825793,0.6734396
825794,0.9540492
825795,0.18443693
825796,0.12707916
825797,0.027206067
825798,0.99602985
825799,0.68437636
825800,0.104509965
825801,0.94285136
825802,0.47245222
825803,0.997976
825804,0.06377803
825805,0.008563541
825806,0.03516364
825807,0.9861114
825808,0.089296594
825809,0.020905431
825810,0.9688077
825811,0.99137366
825812,0.48815763
825813,0.08732361
825814,0.99596095
825815,0.09635338
825816,0.027563302
825817,0.9202528
825818,0.9994955
825819,0.9991823
825820,0.30776995
825821,0.09719576
825822,0.018240873
825823,0.26867762
825824,0.6476661
825825,0.27418286
825826,0.9280353
825827,0.046181023
825828,0.8175737
825829,0.006263114
825830,0.5833896
825831,0.62771815
825832,0.0049687265
825833,0.5204208
825834,0.24706286
825835,0.9881524
825836,0.77514917
825837,0.98678565
825838,0.9981612
825839,0.36981237
825840,0.93997616
825841,0.02633245
825842,0.980222
825843,0.023952428
825844,0.40189898
825845,0.03519089
825846,0.15968218
825847,0.011353404
825848,0.09328484
825849,0.010767434
825850,0.91386116
825851,0.60215425
825852,0.0038172954
825853,0.12872702
825854,0.8562453
825855,0.16030225
825856,0.051207934
825857,0.18174608
825858,0.95100987
825859,0.9852147
825860,0.9973714
825861,0.98117054
825862,0.10808921
825863,0.16762953
825864,0.98893636
825865,0.044476114
825866,0.9988743
825867,0.39510494
825868,0.3671317
825869,0.84357214
825870,0.019746486
825871,0.9394828
825872,0.118882075
825873,0.97568476
825874,0.032067593
825875,0.01252633
825876,0.004852288
825877,0.011570028
825878,0.031470813
825879,0.017266555
825880,0.0815152
825881,0.003913087
825882,0.6891294
825883,0.98174924
825884,0.7493163
825885,0.9851429
825886,0.011822154
825887,0.1272747
825888,0.98460925
825889,0.9897294
825890,0.8790333
825891,0.081520915
825892,0.9299155
825893,0.106407225
825894,0.013931785
825895,0.9925034
825896,0.94462574
825897,0.094124645
825898,0.96162724
825899,0.6708746
825900,0.82936585
825901,0.9662703
825902,0.66812944
825903,0.07686987
825904,0.13289373
825905,0.99859905
825906,0.019388903
825907,0.001369484
825908,0.02235101
825909,0.44534814
825910,0.0040034265
825911,0.64058477
825912,0.12523887
825913,0.6998528
825914,0.815825
825915,0.026861457
825916,0.83458376
825917,0.12547001
825918,0.99250436
825919,0.9479326
825920,0.9252238
825921,0.1530034
825922,0.7420292
825923,0.1514318
825924,0.08016303
825925,0.00791846
825926,0.75757587
825927,0.12340449
825928,0.74249196
825929,0.6407396
825930,0.012564647
825931,0.014714598
825932,0.018181846
825933,0.02123661
825934,0.61921775
825935,0.96279204
825936,0.30603707
825937,0.040809877
825938,0.062582895
825939,0.041864693
825940,0.9683207
825941,0.9903658
825942,0.24469888
825943,0.029671924
825944,0.970664
825945,0.055023488
825946,0.9782777
825947,0.99009156
825948,0.019325653
825949,0.010531263
825950,0.9269358
825951,0.9959483
825952,0.464921
825953,0.8369295
825954,0.9982919
825955,0.66265
825956,0.10231839
825957,0.2976111
825958,0.09979968
825959,0.85954034
825960,0.9922267
825961,0.091521144
825962,0.12227187
825963,0.9720981
825964,0.06671132
825965,0.20390588
825966,0.8979099
825967,0.92678565
825968,0.009726539
825969,0.011507731
825970,0.997476
825971,0.9407631
825972,0.97643894
825973,0.9991328
825974,0.91978955
825975,0.998567
825976,0.9433474
825977,0.2840019
825978,0.0042529088
825979,0.006380768
825980,0.99178123
825981,0.0071164374
825982,0.9812926
825983,0.9501925
825984,0.02630017
825985,0.6241262
825986,0.4801555
825987,0.9908371
825988,0.07743331
825989,0.14200547
825990,0.96412337
825991,0.99840075
825992,0.0022530316
825993,0.16410775
825994,0.41952026
825995,0.8361251
825996,0.26425326
825997,0.05341749
825998,0.98157465
825999,0.010980039
826000,0.0043508704
826001,0.9954871
826002,0.005957126
826003,0.03132744
826004,0.93737674
826005,0.16474676
826006,0.6086837
826007,0.8566849
826008,0.0011057642
826009,0.012698462
826010,0.72590375
826011,0.99625003
826012,0.96072036
826013,0.014774781
826014,0.51736313
826015,0.012523038
826016,0.9223517
826017,0.97548455
826018,0.010483364
826019,0.014140425
826020,0.96952665
826021,0.016042294
826022,0.49989212
826023,0.27088577
826024,0.4671756
826025,0.9373411
826026,0.9702721
826027,0.9199602
826028,0.94481766
826029,0.6650921
826030,0.6974007
826031,0.7342151
826032,0.014877813
826033,0.91689795
826034,0.973335
826035,0.95508265
826036,0.5589583
826037,0.7612851
826038,0.072320394
826039,0.98828787
826040,0.86378014
826041,0.9054094
826042,0.013398102
826043,0.029506633
826044,0.99505854
826045,0.95782757
826046,0.0071633086
826047,0.95597816
826048,0.86472833
826049,0.004931908
826050,0.029127875
826051,0.0076117874
826052,0.9298416
826053,0.24843183
826054,0.09729993
826055,0.9835415
826056,0.050468076
826057,0.9852195
826058,0.0013917852
826059,0.041271955
826060,0.8759091
826061,0.0016522498
826062,0.98088485
826063,0.34570283
826064,0.06608971
826065,0.007651779
826066,0.9011955
826067,0.9987482
826068,0.0315704
826069,0.9839661
826070,0.9960085
826071,0.9905964
826072,0.16157627
826073,0.07067786
826074,0.016127236
826075,0.7217464
826076,0.64574146
826077,0.044368014
826078,0.22406708
826079,0.24192956
826080,0.9203391
826081,0.022027848
826082,0.19609353
826083,0.43108395
826084,0.020347636
826085,0.6752664
826086,0.16662462
826087,0.99676716
826088,0.8414214
826089,0.0031467204
826090,0.9372622
826091,0.042253528
826092,0.40038183
826093,0.02607723
826094,0.51379615
826095,0.71945125
826096,0.07453259
826097,0.24640569
826098,0.43194807
826099,0.005399863
826100,0.9344982
826101,0.019905256
826102,0.9677043
826103,0.04643435
826104,0.030425323
826105,0.8385289
826106,0.76735234
826107,0.8062951
826108,0.20394844
826109,0.96097255
826110,0.018625027
826111,0.04865223
826112,0.08060041
826113,0.12109637
826114,0.07259745
826115,0.032301996
826116,0.13796347
826117,0.5642934
826118,0.9920024
826119,0.53594697
826120,0.8873502
826121,0.09063351
826122,0.9806129
826123,0.054108117
826124,0.9925759
826125,0.86706734
826126,0.060701773
826127,0.8563752
826128,0.19712894
826129,0.10752754
826130,0.9530396
826131,0.14133519
826132,0.020465491
826133,0.6842379
826134,0.08691445
826135,0.16330191
826136,0.39903933
826137,0.02068371
826138,0.008362553
826139,0.23041789
826140,0.019259121
826141,0.07758319
826142,0.2403418
826143,0.69831854
826144,0.8828796
826145,0.96158576
826146,0.013016425
826147,0.8776342
826148,0.040529955
826149,0.45025745
826150,0.24248257
826151,0.015846666
826152,0.99908936
826153,0.9964288
826154,0.03098985
826155,0.9584455
826156,0.99295986
826157,0.054372173
826158,0.3100045
826159,0.03207272
826160,0.12346831
826161,0.98931456
826162,0.010993842
826163,0.50704855
826164,0.9953837
826165,0.0021356852
826166,0.04967369
826167,0.81230783
826168,0.58070296
826169,0.012647433
826170,0.0262646
826171,0.20411521
826172,0.015562689
826173,0.17588799
826174,0.9323595
826175,0.024884755
826176,0.005513019
826177,0.016505703
826178,0.01722332
826179,0.03973858
826180,0.10228515
826181,0.35788852
826182,0.06414735
826183,0.035974957
826184,0.9910195
826185,0.8728296
826186,0.13120288
826187,0.06619221
826188,0.011625853
826189,0.9803448
826190,0.017578429
826191,0.9610424
826192,0.011415179
826193,0.048604432
826194,0.9783174
826195,0.18948062
826196,0.27351487
826197,0.1906306
826198,0.017300567
826199,0.9756537
826200,0.9970887
826201,0.028472442
826202,0.09519212
826203,0.03363543
826204,0.0063659246
826205,0.8498729
826206,0.9737626
826207,0.79717755
826208,0.7356346
826209,0.9740546
826210,0.27285445
826211,0.994725
826212,0.00959173
826213,0.24867375
826214,0.7160732
826215,0.038853496
826216,0.9474342
826217,0.16665742
826218,0.7978449
826219,0.14698857
826220,0.9898224
826221,0.007346492
826222,0.46459308
826223,0.5857875
826224,0.9233918
826225,0.028646413
826226,0.14992099
826227,0.017683825
826228,0.24163678
826229,0.0633934
826230,0.02764129
826231,0.8914263
826232,0.914423
826233,0.0064507583
826234,0.010296259
826235,0.9784841
826236,0.0057805283
826237,0.1074349
826238,0.0016534029
826239,0.44479302
826240,0.97828245
826241,0.06330727
826242,0.06712643
826243,0.9675534
826244,0.8419137
826245,0.25500804
826246,0.97445893
826247,0.0066904593
826248,0.7054575
826249,0.26993486
826250,0.14618689
826251,0.08020401
826252,0.010573639
826253,0.008829473
826254,0.09214519
826255,0.03210262
826256,0.69175273
826257,0.6566255
826258,0.021474663
826259,0.005706074
826260,0.0054371934
826261,0.33797777
826262,0.011064762
826263,0.01605873
826264,0.8052688
826265,0.6359656
826266,0.13541979
826267,0.015619369
826268,0.0026809971
826269,0.03532888
826270,0.04912526
826271,0.93600154
826272,0.2917442
826273,0.016680576
826274,0.13055569
826275,0.019341212
826276,0.88531
826277,0.8135371
826278,0.9202185
826279,0.9907207
826280,0.20841835
826281,0.03862462
826282,0.0059729666
826283,0.9929364
826284,0.19528034
826285,0.0022555208
826286,0.8095465
826287,0.56575155
826288,0.07718843
826289,0.050414443
826290,0.97245693
826291,0.1430829
826292,0.98939455
826293,0.035467505
826294,0.54572064
826295,0.6652117
826296,0.043034483
826297,0.9213203
826298,0.091510884
826299,0.955497
826300,0.9160786
826301,0.017165432
826302,0.07293294
826303,0.9963324
826304,0.052915536
826305,0.1012909
826306,0.2544006
826307,0.4130687
826308,0.1173787
826309,0.9920104
826310,0.0038174132
826311,0.9253269
826312,0.008351823
826313,0.03576287
826314,0.7194609
826315,0.92393523
826316,0.006729543
826317,0.026124481
826318,0.093232356
826319,0.55427974
826320,0.05468323
826321,0.076574996
826322,0.8011503
826323,0.008337917
826324,0.020496013
826325,0.9920107
826326,0.08213718
826327,0.0052994094
826328,0.31324738
826329,0.0371619
826330,0.96951157
826331,0.060859513
826332,0.014007785
826333,0.7643459
826334,0.98925656
826335,0.99506074
826336,0.8592366
826337,0.013139438
826338,0.7774635
826339,0.007953936
826340,0.014684258
826341,0.23525383
826342,0.031163994
826343,0.010101229
826344,0.99391294
826345,0.0044428734
826346,0.122902334
826347,0.008481542
826348,0.010525808
826349,0.97493774
826350,0.19985342
826351,0.027352525
826352,0.9779158
826353,0.99340606
826354,0.99247277
826355,0.14106612
826356,0.068398714
826357,0.3139533
826358,0.8095038
826359,0.8982798
826360,0.9986873
826361,0.90919924
826362,0.09533301
826363,0.05173856
826364,0.43013057
826365,0.9946173
826366,0.056808583
826367,0.41615042
826368,0.95187485
826369,0.36313993
826370,0.997298
826371,0.88996387
826372,0.3365828
826373,0.9977503
826374,0.8247559
826375,0.48358262
826376,0.5378152
826377,0.9637231
826378,0.9038843
826379,0.07616344
826380,0.01613653
826381,0.09427696
826382,0.7630706
826383,0.94812965
826384,0.9921796
826385,0.067076586
826386,0.9498458
826387,0.98721015
826388,0.012194383
826389,0.07694332
826390,0.0021985793
826391,0.29665
826392,0.034730755
826393,0.94539595
826394,0.19766417
826395,0.018948695
826396,0.024045207
826397,0.9935868
826398,0.11398482
826399,0.4209603
826400,0.031713597
826401,0.009118562
826402,0.5100944
826403,0.01450073
826404,0.54904497
826405,0.021952078
826406,0.13482955
826407,0.06515759
826408,0.9985719
826409,0.010367513
826410,0.5894152
826411,0.98402333
826412,0.05105233
826413,0.7906363
826414,0.97724557
826415,0.66855276
826416,0.9936123
826417,0.9852046
826418,0.06352684
826419,0.017166566
826420,0.07456433
826421,0.9759941
826422,0.9928504
826423,0.021717837
826424,0.021561135
826425,0.065164156
826426,0.1795392
826427,0.85573786
826428,0.9967912
826429,0.02604745
826430,0.9440806
826431,0.0042910352
826432,0.29983637
826433,0.95431674
826434,0.3595041
826435,0.65232897
826436,0.9912586
826437,0.18525851
826438,0.027509518
826439,0.96762097
826440,0.32599038
826441,0.12959155
826442,0.95024234
826443,0.3173442
826444,0.03805569
826445,0.003834287
826446,0.019591779
826447,0.8258076
826448,0.94815886
826449,0.7912217
826450,0.010949935
826451,0.99736774
826452,0.0625543
826453,0.290888
826454,0.53732
826455,0.003920174
826456,0.0145953335
826457,0.29842436
826458,0.9484278
826459,0.14849606
826460,0.22917056
826461,0.008556075
826462,0.9982439
826463,0.97886163
826464,0.08235848
826465,0.11746025
826466,0.08315499
826467,0.073919594
826468,0.85473114
826469,0.0065988167
826470,0.97106814
826471,0.87828046
826472,0.005258275
826473,0.9148953
826474,0.040630527
826475,0.8910267
826476,0.014538189
826477,0.5546645
826478,0.9377428
826479,0.008401176
826480,0.018125443
826481,0.31352428
826482,0.99829376
826483,0.012736885
826484,0.014766779
826485,0.06404462
826486,0.010190905
826487,0.31298938
826488,0.47412473
826489,0.38053492
826490,0.0027106737
826491,0.98091006
826492,0.12264603
826493,0.7005145
826494,0.93912554
826495,0.39812392
826496,0.8161499
826497,0.024926567
826498,0.65491796
826499,0.88807464
826500,0.019746084
826501,0.9934111
826502,0.007277332
826503,0.01472904
826504,0.9643401
826505,0.99919677
826506,0.47047588
826507,0.986901
826508,0.003551954
826509,0.6763002
826510,0.00062485604
826511,0.6949042
826512,0.022239055
826513,0.94644445
826514,0.9697406
826515,0.0036554043
826516,0.5904715
826517,0.96808213
826518,0.06865912
826519,0.74766874
826520,0.26663214
826521,0.80285656
826522,0.11313435
826523,0.016343247
826524,0.012492474
826525,0.27855322
826526,0.011572874
826527,0.026576463
826528,0.050623707
826529,0.3659261
826530,0.025904085
826531,0.99762946
826532,0.00947601
826533,0.23290624
826534,0.044911183
826535,0.5766929
826536,0.9031843
826537,0.076739915
826538,0.7873246
826539,0.996747
826540,0.028706435
826541,0.019860355
826542,0.95247465
826543,0.97163427
826544,0.6228171
826545,0.9834113
826546,0.7542143
826547,0.9709405
826548,0.741048
826549,0.8430571
826550,0.12306079
826551,0.038430348
826552,0.019442331
826553,0.9660665
826554,0.9963304
826555,0.77653915
826556,0.022968084
826557,0.99913657
826558,0.22485705
826559,0.273806
826560,0.97973895
826561,0.9956163
826562,0.206599
826563,0.99062216
826564,0.830238
826565,0.41575667
826566,0.9989068
826567,0.97332454
826568,0.882884
826569,0.015888708
826570,0.013958974
826571,0.93854487
826572,0.5770112
826573,0.02189871
826574,0.8703243
826575,0.22161287
826576,0.74229205
826577,0.22150163
826578,0.99537903
826579,0.06645757
826580,0.0118294
826581,0.013900539
826582,0.7428911
826583,0.770427
826584,0.99479
826585,0.94961095
826586,0.008930769
826587,0.93996495
826588,0.6247972
826589,0.9742347
826590,0.95696026
826591,0.10025926
826592,0.9905502
826593,0.16376525
826594,0.9913916
826595,0.22310108
826596,0.19556487
826597,0.02459937
826598,0.9833003
826599,0.98036027
826600,0.51982844
826601,0.03713313
826602,0.12206344
826603,0.0017632368
826604,0.9900452
826605,0.8184356
826606,0.7416914
826607,0.99281645
826608,0.026665464
826609,0.97189426
826610,0.0902023
826611,0.1654297
826612,0.9833171
826613,0.98360837
826614,0.10646302
826615,0.004478859
826616,0.0056249453
826617,0.02622157
826618,0.06631049
826619,0.005438857
826620,0.11512366
826621,0.9785603
826622,0.43865412
826623,0.04449034
826624,0.045831677
826625,0.027515987
826626,0.19397789
826627,0.7606449
826628,0.0117178345
826629,0.009958692
826630,0.14060217
826631,0.5283278
826632,0.34549052
826633,0.9416032
826634,0.018517463
826635,0.0034589749
826636,0.13240804
826637,0.4448238
826638,0.14931828
826639,0.02130181
826640,0.58888465
826641,0.013332396
826642,0.9985798
826643,0.011492845
826644,0.910635
826645,0.09224181
826646,0.61015844
826647,0.67527395
826648,0.95915866
826649,0.5165901
826650,0.013842337
826651,0.9933932
826652,0.83143044
826653,0.10377872
826654,0.667135
826655,0.008085748
826656,0.9968405
826657,0.99511945
826658,0.21359248
826659,0.8870064
826660,0.12015113
826661,0.011663087
826662,0.70959204
826663,0.99421155
826664,0.0583112
826665,0.74534446
826666,0.6598022
826667,0.08642252
826668,0.022458479
826669,0.80764973
826670,0.08496998
826671,0.99061626
826672,0.12937711
826673,0.18958145
826674,0.010647263
826675,0.9240371
826676,0.5497796
826677,0.13117054
826678,0.26028663
826679,0.9692045
826680,0.031625494
826681,0.4939478
826682,0.99494296
826683,0.99137735
826684,0.10986518
826685,0.44552594
826686,0.036996085
826687,0.014080864
826688,0.10703179
826689,0.009842096
826690,0.35691983
826691,0.057259414
826692,0.0026790667
826693,0.091400355
826694,0.019943604
826695,0.97625816
826696,0.5511861
826697,0.12336002
826698,0.98192763
826699,0.7569652
826700,0.98107797
826701,0.20241857
826702,0.7536701
826703,0.9439322
826704,0.666875
826705,0.003039122
826706,0.0072117746
826707,0.014277437
826708,0.95796996
826709,0.041293353
826710,0.7693783
826711,0.005771267
826712,0.004175335
826713,0.767848
826714,0.99745756
826715,0.03481565
826716,0.83437103
826717,0.75571847
826718,0.91302264
826719,0.9787705
826720,0.6789992
826721,0.52020115
826722,0.9970226
826723,0.23826294
826724,0.024491588
826725,0.02571314
826726,0.013071924
826727,0.08627821
826728,0.90764236
826729,0.96310234
826730,0.99420774
826731,0.12606192
826732,0.0058391574
826733,0.23735128
826734,0.79343045
826735,0.9871287
826736,0.920756
826737,0.038662594
826738,0.03199345
826739,0.97709286
826740,0.9248085
826741,0.7303467
826742,0.9119862
826743,0.47484952
826744,0.40472287
826745,0.058466326
826746,0.04592427
826747,0.90415454
826748,0.14350727
826749,0.3335315
826750,0.3332156
826751,0.43779105
826752,0.05021611
826753,0.11393803
826754,0.083124086
826755,0.8216825
826756,0.9930625
826757,0.0077201016
826758,0.7418786
826759,0.9974812
826760,0.997411
826761,0.97914636
826762,0.0055529713
826763,0.9531611
826764,0.93385947
826765,0.03059148
826766,0.1047292
826767,0.86025214
826768,0.10897116
826769,0.010966873
826770,0.13808252
826771,0.046541404
826772,0.040582493
826773,0.11294013
826774,0.12210651
826775,0.922752
826776,0.25937986
826777,0.5625372
826778,0.055561543
826779,0.9502579
826780,0.9451056
826781,0.041462217
826782,0.99777967
826783,0.0054973555
826784,0.9977392
826785,0.23971497
826786,0.7724449
826787,0.058063615
826788,0.97076374
826789,0.019823797
826790,0.4560058
826791,0.6624602
826792,0.023754071
826793,0.048488803
826794,0.0014655017
826795,0.2607572
826796,0.10244919
826797,0.8437155
826798,0.0047315797
826799,0.23908117
826800,0.94785523
826801,0.00923031
826802,0.14570314
826803,0.06970368
826804,0.02068537
826805,0.038089886
826806,0.01358631
826807,0.30773818
826808,0.054645546
826809,0.86915433
826810,0.115737155
826811,0.15630102
826812,0.17567553
826813,0.014451124
826814,0.7954729
826815,0.081017934
826816,0.92989933
826817,0.9833406
826818,0.015473159
826819,0.049186878
826820,0.9971304
826821,0.95493686
826822,0.94151706
826823,0.22315341
826824,0.17828768
826825,0.015291731
826826,0.02385972
826827,0.014254148
826828,0.020440558
826829,0.3035937
826830,0.10826277
826831,0.6188687
826832,0.9312242
826833,0.01257756
826834,0.19244376
826835,0.058510832
826836,0.9395263
826837,0.081695676
826838,0.5833813
826839,0.028343506
826840,0.09492554
826841,0.082287386
826842,0.7765323
826843,0.9994328
826844,0.11785002
826845,0.022049043
826846,0.7655977
826847,0.22825813
826848,0.9935707
826849,0.0032748822
826850,0.01906359
826851,0.93586963
826852,0.9942907
826853,0.96058226
826854,0.9929904
826855,0.23693842
826856,0.1649261
826857,0.75841427
826858,0.07786657
826859,0.5435533
826860,0.14164156
826861,0.9708494
826862,0.12784657
826863,0.9991414
826864,0.8604502
826865,0.09643066
826866,0.007669897
826867,0.9858536
826868,0.011662998
826869,0.4276761
826870,0.9904839
826871,0.28272063
826872,0.14226015
826873,0.9847455
826874,0.9572753
826875,0.033480898
826876,0.06336117
826877,0.014578092
826878,0.99473166
826879,0.014644319
826880,0.6856733
826881,0.035458893
826882,0.17894185
826883,0.078691244
826884,0.014633264
826885,0.9848213
826886,0.19416304
826887,0.16894224
826888,0.045085043
826889,0.99843055
826890,0.9343855
826891,0.024629263
826892,0.0058830045
826893,0.13720521
826894,0.983735
826895,0.032014076
826896,0.028149035
826897,0.096172355
826898,0.006068453
826899,0.012451582
826900,0.06505341
826901,0.11559443
826902,0.01184804
826903,0.13559836
826904,0.0076004704
826905,0.99973834
826906,0.9833727
826907,0.8885481
826908,0.7940602
826909,0.0717559
826910,0.19258346
826911,0.9985042
826912,0.012329768
826913,0.99354863
826914,0.005414728
826915,0.15471017
826916,0.97815937
826917,0.08474699
826918,0.015170098
826919,0.9783578
826920,0.6709466
826921,0.59963906
826922,0.008474806
826923,0.95503855
826924,0.040348046
826925,0.009730228
826926,0.9941664
826927,0.023830423
826928,0.9699186
826929,0.87253255
826930,0.2370852
826931,0.036584932
826932,0.4108406
826933,0.07954672
826934,0.36148053
826935,0.009636292
826936,0.039565712
826937,0.006610903
826938,0.010326075
826939,0.013190602
826940,0.8374308
826941,0.8613568
826942,0.004621368
826943,0.34497988
826944,0.07795996
826945,0.9180947
826946,0.9821252
826947,0.13177094
826948,0.954144
826949,0.1558554
826950,0.016526677
826951,0.16055003
826952,0.04136116
826953,0.8590039
826954,0.9920696
826955,0.1243189
826956,0.6900328
826957,0.9178252
826958,0.011051828
826959,0.009213374
826960,0.6319961
826961,0.7590228
826962,0.017557435
826963,0.08737009
826964,0.99838555
826965,0.5064496
826966,0.12381555
826967,0.36495647
826968,0.48551294
826969,0.031834073
826970,0.004273601
826971,0.09359136
826972,0.17697248
826973,0.038090095
826974,0.007603942
826975,0.0039737555
826976,0.98381156
826977,0.17805296
826978,0.49679
826979,0.023930969
826980,0.24871698
826981,0.12568003
826982,0.09533757
826983,0.19103839
826984,0.57942134
826985,0.031345423
826986,0.0018812967
826987,0.017553542
826988,0.0021211863
826989,0.082482025
826990,0.91859806
826991,0.017235208
826992,0.035861418
826993,0.010012161
826994,0.9823066
826995,0.046060137
826996,0.89534354
826997,0.23678389
826998,0.008126632
826999,0.02506495
827000,0.18968207
827001,0.031666122
827002,0.96924293
827003,0.12245583
827004,0.08955332
827005,0.018786699
827006,0.0032930265
827007,0.9859702
827008,0.9910694
827009,0.77216214
827010,0.007848344
827011,0.7652715
827012,0.0047774883
827013,0.5815259
827014,0.3030436
827015,0.22097054
827016,0.14718154
827017,0.96366125
827018,0.11754593
827019,0.3870629
827020,0.50753
827021,0.17847243
827022,0.009377567
827023,0.15459616
827024,0.11776971
827025,0.039951794
827026,0.93826514
827027,0.012386361
827028,0.2109559
827029,0.97746223
827030,0.9451183
827031,0.0019288241
827032,0.8818091
827033,0.17232844
827034,0.97821295
827035,0.31019935
827036,0.042045422
827037,0.7011333
827038,0.5789647
827039,0.99596536
827040,0.015806226
827041,0.79008
827042,0.99868935
827043,0.76895255
827044,0.13417026
827045,0.019168876
827046,0.08508917
827047,0.8016833
827048,0.8932312
827049,0.7071497
827050,0.008156222
827051,0.0018737579
827052,0.005243778
827053,0.0317839
827054,0.9944874
827055,0.24349777
827056,0.9487881
827057,0.33831272
827058,0.1230539
827059,0.968581
827060,0.9967544
827061,0.9828235
827062,0.9751328
827063,0.18948904
827064,0.02254983
827065,0.08729531
827066,0.030982258
827067,0.59960586
827068,0.09082146
827069,0.22599158
827070,0.9150522
827071,0.10047826
827072,0.052002244
827073,0.323697
827074,0.33885065
827075,0.017625034
827076,0.5781934
827077,0.018237922
827078,0.011061254
827079,0.0045216563
827080,0.090840735
827081,0.028214693
827082,0.9422634
827083,0.16459449
827084,0.07403827
827085,0.08373247
827086,0.98633325
827087,0.9882673
827088,0.9847419
827089,0.14507309
827090,0.08234072
827091,0.7977207
827092,0.12394876
827093,0.7952296
827094,0.2692287
827095,0.93315876
827096,0.80901575
827097,0.9929662
827098,0.990813
827099,0.6279723
827100,0.9657515
827101,0.013058515
827102,0.57440877
827103,0.078840874
827104,0.9926764
827105,0.010472335
827106,0.0103631895
827107,0.809312
827108,0.0077784024
827109,0.9845046
827110,0.014319848
827111,0.12921444
827112,0.028713832
827113,0.5076524
827114,0.011735554
827115,0.98028433
827116,0.069938496
827117,0.9819077
827118,0.9033211
827119,0.8974023
827120,0.9080368
827121,0.038707614
827122,0.31430766
827123,0.0013637206
827124,0.012573754
827125,0.2077679
827126,0.012579817
827127,0.005927151
827128,0.108520836
827129,0.024061417
827130,0.98697066
827131,0.6722712
827132,0.035816863
827133,0.0061345855
827134,0.9977826
827135,0.465531
827136,0.0992872
827137,0.9988306
827138,0.3308264
827139,0.25812313
827140,0.0026788479
827141,0.035771526
827142,0.017064022
827143,0.11519437
827144,0.9641367
827145,0.37711763
827146,0.46071142
827147,0.99221873
827148,0.6363716
827149,0.9908099
827150,0.03634604
827151,0.009070696
827152,0.0038658148
827153,0.96040946
827154,0.07121423
827155,0.07049097
827156,0.98394966
827157,0.009514964
827158,0.054318085
827159,0.014214136
827160,0.9961401
827161,0.99566615
827162,0.13665766
827163,0.70356804
827164,0.014312099
827165,0.94401026
827166,0.051213175
827167,0.022757461
827168,0.5880589
827169,0.748863
827170,0.023904372
827171,0.98692185
827172,0.013738287
827173,0.91958916
827174,0.0153003065
827175,0.51950634
827176,0.061574154
827177,0.9145757
827178,0.021362202
827179,0.1357276
827180,0.18487775
827181,0.42962098
827182,0.07040618
827183,0.0128411185
827184,0.9903659
827185,0.9141793
827186,0.994575
827187,0.9701347
827188,0.058032
827189,0.09978634
827190,0.99655604
827191,0.984565
827192,0.10529284
827193,0.8920713
827194,0.9260083
827195,0.044011377
827196,0.09382446
827197,0.03643703
827198,0.83605736
827199,0.028008834
827200,0.14432876
827201,0.017937448
827202,0.98992383
827203,0.4212076
827204,0.21398655
827205,0.99172425
827206,0.015293826
827207,0.13840547
827208,0.19910008
827209,0.9993285
827210,0.014544701
827211,0.035159416
827212,0.010236399
827213,0.47163218
827214,0.02707079
827215,0.112122394
827216,0.0075743394
827217,0.90906
827218,0.026868604
827219,0.78720725
827220,0.6120577
827221,0.52990484
827222,0.9528045
827223,0.97846234
827224,0.36242008
827225,0.4990694
827226,0.040568262
827227,0.0150098605
827228,0.14203154
827229,0.003717662
827230,0.99002945
827231,0.8387725
827232,0.0073742317
827233,0.011409241
827234,0.9976882
827235,0.13370761
827236,0.77120113
827237,0.7778031
827238,0.037992902
827239,0.9654969
827240,0.18752125
827241,0.0022524416
827242,0.062155057
827243,0.99856395
827244,0.06988312
827245,0.99776554
827246,0.005466509
827247,0.9963018
827248,0.9889583
827249,0.009342326
827250,0.6728106
827251,0.94790643
827252,0.94226897
827253,0.99906474
827254,0.99007
827255,0.055216353
827256,0.21303034
827257,0.898854
827258,0.8367888
827259,0.960181
827260,0.038971465
827261,0.99436665
827262,0.109925196
827263,0.9979701
827264,0.3145012
827265,0.9184491
827266,0.98733217
827267,0.99746156
827268,0.9155197
827269,0.00950635
827270,0.9332149
827271,0.8091443
827272,0.8331484
827273,0.9418429
827274,0.9901916
827275,0.0043492424
827276,0.15300605
827277,0.7546146
827278,0.1472424
827279,0.42999715
827280,0.15664071
827281,0.006211155
827282,0.56656575
827283,0.0035841935
827284,0.9794096
827285,0.85895145
827286,0.15425074
827287,0.04904557
827288,0.9381576
827289,0.019922903
827290,0.016942564
827291,0.8624875
827292,0.7937304
827293,0.26099735
827294,0.98696303
827295,0.5333924
827296,0.16205913
827297,0.8451104
827298,0.27775458
827299,0.9843207
827300,0.059674796
827301,0.0016787243
827302,0.040772025
827303,0.6962009
827304,0.9836243
827305,0.9662585
827306,0.990214
827307,0.14336121
827308,0.59418076
827309,0.98709595
827310,0.9456749
827311,0.4200759
827312,0.22844285
827313,0.013518627
827314,0.57805294
827315,0.99132264
827316,0.8395324
827317,0.89121103
827318,0.11311862
827319,0.0055203442
827320,0.989382
827321,0.4608194
827322,0.7616214
827323,0.012432149
827324,0.3785667
827325,0.99885803
827326,0.033144224
827327,0.7969947
827328,0.95478004
827329,0.005845513
827330,0.0068399524
827331,0.9245602
827332,0.0037769862
827333,0.023792928
827334,0.9831642
827335,0.985693
827336,0.0064901668
827337,0.059645317
827338,0.9929683
827339,0.8864229
827340,0.97893506
827341,0.14526606
827342,0.0631758
827343,0.7943131
827344,0.17573085
827345,0.93174505
827346,0.005508113
827347,0.3194149
827348,0.98306966
827349,0.06559447
827350,0.0036543834
827351,0.9498318
827352,0.043329574
827353,0.83408874
827354,0.0072513777
827355,0.98612237
827356,0.9564419
827357,0.99847543
827358,0.6507361
827359,0.15508604
827360,0.9483386
827361,0.0058194064
827362,0.06657591
827363,0.99807894
827364,0.14784312
827365,0.2732292
827366,0.003952676
827367,0.99363065
827368,0.31107727
827369,0.99835014
827370,0.122514196
827371,0.950883
827372,0.999566
827373,0.26254588
827374,0.9979141
827375,0.010772236
827376,0.9889964
827377,0.9409428
827378,0.021660093
827379,0.027328508
827380,0.011111086
827381,0.61287063
827382,0.033910226
827383,0.98484397
827384,0.9943739
827385,0.06765603
827386,0.12490979
827387,0.0054449057
827388,0.013748606
827389,0.03977756
827390,0.20132771
827391,0.99295855
827392,0.040927887
827393,0.42362398
827394,0.26284432
827395,0.021673035
827396,0.93200856
827397,0.7304971
827398,0.88149583
827399,0.95917624
827400,0.09432966
827401,0.6594436
827402,0.99724466
827403,0.925647
827404,0.99626845
827405,0.5522546
827406,0.01784974
827407,0.098536015
827408,0.9784843
827409,0.1699712
827410,0.31997105
827411,0.01128534
827412,0.85508984
827413,0.867455
827414,0.0035537514
827415,0.54724276
827416,0.9980681
827417,0.16243452
827418,0.9956834
827419,0.109421246
827420,0.029125197
827421,0.057705034
827422,0.07763108
827423,0.03545895
827424,0.16335543
827425,0.7371563
827426,0.056088023
827427,0.7174664
827428,0.99351466
827429,0.99456596
827430,0.98525393
827431,0.99755394
827432,0.9847404
827433,0.10925219
827434,0.88901967
827435,0.9946256
827436,0.07409016
827437,0.9976277
827438,0.055955447
827439,0.99721414
827440,0.6295912
827441,0.06000192
827442,0.15672609
827443,0.08037952
827444,0.8733433
827445,0.8583641
827446,0.9825875
827447,0.09842753
827448,0.12089967
827449,0.7577322
827450,0.9517511
827451,0.9917589
827452,0.02457738
827453,0.9790186
827454,0.9994049
827455,0.01329063
827456,0.9766213
827457,0.3673946
827458,0.002868485
827459,0.6208135
827460,0.7228871
827461,0.005905145
827462,0.99700695
827463,0.9915631
827464,0.004448237
827465,0.7859673
827466,0.0025327944
827467,0.031649813
827468,0.12042385
827469,0.08342286
827470,0.48483196
827471,0.87170225
827472,0.24063314
827473,0.12829895
827474,0.86109006
827475,0.05424695
827476,0.17275131
827477,0.05973876
827478,0.10606069
827479,0.14647627
827480,0.08747971
827481,0.05265417
827482,0.929371
827483,0.5781831
827484,0.0142024895
827485,0.7783388
827486,0.908653
827487,0.030606499
827488,0.10026454
827489,0.063908964
827490,0.5416203
827491,0.58826506
827492,0.99305916
827493,0.012224963
827494,0.9300531
827495,0.032884326
827496,0.02265175
827497,0.22344439
827498,0.0046091797
827499,0.9499879
827500,0.25990278
827501,0.09115912
827502,0.8398372
827503,0.26566875
827504,0.9840236
827505,0.9901376
827506,0.06604695
827507,0.0081321
827508,0.9448652
827509,0.99512994
827510,0.05072841
827511,0.03195306
827512,0.22094329
827513,0.010248998
827514,0.6531979
827515,0.9655753
827516,0.021075765
827517,0.97010577
827518,0.018560918
827519,0.0146622285
827520,0.0052457266
827521,0.14430675
827522,0.007133683
827523,0.0071092797
827524,0.18825866
827525,0.0067759156
827526,0.9649485
827527,0.0038020005
827528,0.295176
827529,0.98604196
827530,0.96641254
827531,0.98147535
827532,0.0025612896
827533,0.009292306
827534,0.9510505
827535,0.99749434
827536,0.9957831
827537,0.17419413
827538,0.15693897
827539,0.24168058
827540,0.9962692
827541,0.12939188
827542,0.17962639
827543,0.0048841536
827544,0.03678388
827545,0.0035375957
827546,0.5718484
827547,0.3393284
827548,0.037983768
827549,0.99334586
827550,0.1697118
827551,0.98325944
827552,0.032478087
827553,0.9877282
827554,0.095134124
827555,0.2071845
827556,0.95612776
827557,0.9799726
827558,0.010801482
827559,0.99694073
827560,0.079736635
827561,0.0059627458
827562,0.9971982
827563,0.017266864
827564,0.54542565
827565,0.87266445
827566,0.94320446
827567,0.47875744
827568,0.98064995
827569,0.7171202
827570,0.013491095
827571,0.26517788
827572,0.9824084
827573,0.91136974
827574,0.024836931
827575,0.795467
827576,0.010995954
827577,0.4509217
827578,0.0088144895
827579,0.006960615
827580,0.003555501
827581,0.050024413
827582,0.03589057
827583,0.032199856
827584,0.32484913
827585,0.033079967
827586,0.25689274
827587,0.016515724
827588,0.9869242
827589,0.28834102
827590,0.030842181
827591,0.026140602
827592,0.014266108
827593,0.34335572
827594,0.26936406
827595,0.009668444
827596,0.61427796
827597,0.9868872
827598,0.15079382
827599,0.41378093
827600,0.021456135
827601,0.15508243
827602,0.14934768
827603,0.3328721
827604,0.9761262
827605,0.029774163
827606,0.027653726
827607,0.8643088
827608,0.9948827
827609,0.03597737
827610,0.027761955
827611,0.3431087
827612,0.8570249
827613,0.010604271
827614,0.08329121
827615,0.062505476
827616,0.0059207147
827617,0.2785035
827618,0.9716585
827619,0.99880004
827620,0.067514315
827621,0.04613668
827622,0.010076448
827623,0.0010482282
827624,0.8802859
827625,0.04832877
827626,0.9972101
827627,0.01916231
827628,0.19702226
827629,0.043576784
827630,0.3523298
827631,0.03475974
827632,0.06739209
827633,0.03465735
827634,0.14256053
827635,0.9545293
827636,0.007169067
827637,0.027572462
827638,0.28647676
827639,0.6985723
827640,0.01659631
827641,0.084009595
827642,0.0264588
827643,0.9194944
827644,0.75014395
827645,0.13312225
827646,0.9237416
827647,0.75200045
827648,0.01861854
827649,0.28371397
827650,0.010313515
827651,0.0037587606
827652,0.9829498
827653,0.9572464
827654,0.00642319
827655,0.72110355
827656,0.96555436
827657,0.5342618
827658,0.0068260487
827659,0.010291163
827660,0.46792585
827661,0.00628206
827662,0.08959688
827663,0.98029256
827664,0.99712306
827665,0.019336913
827666,0.92599875
827667,0.003084947
827668,0.4055768
827669,0.75387424
827670,0.87163144
827671,0.106783375
827672,0.49872613
827673,0.041173745
827674,0.99254864
827675,0.015684212
827676,0.21846017
827677,0.9952612
827678,0.002494582
827679,0.0081017455
827680,0.9719331
827681,0.08055731
827682,0.3854084
827683,0.73427093
827684,0.071462914
827685,0.006864186
827686,0.9952933
827687,0.071521915
827688,0.046457957
827689,0.99500245
827690,0.93046093
827691,0.7245637
827692,0.08725496
827693,0.050778862
827694,0.9447549
827695,0.15604274
827696,0.013219079
827697,0.85127187
827698,0.015604394
827699,0.2882866
827700,0.94173056
827701,0.9125041
827702,0.99821883
827703,0.022012282
827704,0.8230767
827705,0.17676204
827706,0.06505131
827707,0.23922688
827708,0.21312621
827709,0.94343853
827710,0.9956416
827711,0.18872099
827712,0.6358887
827713,0.042367265
827714,0.009930533
827715,0.01201749
827716,0.75082976
827717,0.5701115
827718,0.895076
827719,0.988314
827720,0.1816457
827721,0.7229631
827722,0.46740305
827723,0.07298599
827724,0.061749153
827725,0.9932681
827726,0.44457474
827727,0.055447925
827728,0.056314487
827729,0.867689
827730,0.16797766
827731,0.0137076685
827732,0.033728994
827733,0.0030387216
827734,0.89097285
827735,0.32709664
827736,0.9153841
827737,0.4667377
827738,0.97856295
827739,0.9936539
827740,0.01770012
827741,0.05704622
827742,0.95664287
827743,0.93251777
827744,0.0304154
827745,0.012722555
827746,0.10526538
827747,0.031574406
827748,0.998312
827749,0.14285576
827750,0.97981685
827751,0.053522207
827752,0.9347486
827753,0.99304295
827754,0.8845846
827755,0.005272303
827756,0.99423945
827757,0.20637643
827758,0.039500237
827759,0.039177254
827760,0.3463668
827761,0.042938538
827762,0.68157744
827763,0.32925552
827764,0.02934065
827765,0.5484309
827766,0.1547548
827767,0.3066419
827768,0.019153195
827769,0.01905291
827770,0.012561316
827771,0.012019977
827772,0.9994855
827773,0.9637397
827774,0.05393722
827775,0.95700264
827776,0.08071632
827777,0.07382943
827778,0.0035885188
827779,0.030529805
827780,0.7885451
827781,0.9369452
827782,0.8449453
827783,0.9579402
827784,0.8703749
827785,0.33141613
827786,0.18290913
827787,0.01409463
827788,0.38312155
827789,0.020574823
827790,0.022595383
827791,0.99766093
827792,0.9246072
827793,0.011485008
827794,0.72917044
827795,0.08871144
827796,0.99864614
827797,0.12891206
827798,0.87930375
827799,0.079621114
827800,0.009020837
827801,0.39440185
827802,0.04619606
827803,0.99558926
827804,0.5149981
827805,0.06451642
827806,0.009603241
827807,0.11318992
827808,0.93259776
827809,0.88666147
827810,0.0029586595
827811,0.91768783
827812,0.08230684
827813,0.7389182
827814,0.13947111
827815,0.8707966
827816,0.8935627
827817,0.05067579
827818,0.051541932
827819,0.025324248
827820,0.99816763
827821,0.9355726
827822,0.7601174
827823,0.7580228
827824,0.99597204
827825,0.9264168
827826,0.012665827
827827,0.9959139
827828,0.31479204
827829,0.010220505
827830,0.013017788
827831,0.99106616
827832,0.36271143
827833,0.005928745
827834,0.07572124
827835,0.03716724
827836,0.10579702
827837,0.03571982
827838,0.21021533
827839,0.98223484
827840,0.99696285
827841,0.24077733
827842,0.061075144
827843,0.42044684
827844,0.002420417
827845,0.9930676
827846,0.9874429
827847,0.9536078
827848,0.9883657
827849,0.6252696
827850,0.0008208034
827851,0.013942808
827852,0.3695537
827853,0.89372164
827854,0.013322657
827855,0.19940758
827856,0.9870379
827857,0.006947135
827858,0.15262382
827859,0.9938873
827860,0.75822616
827861,0.7394452
827862,0.931795
827863,0.99128807
827864,0.99493945
827865,0.5875917
827866,0.5623574
827867,0.9558844
827868,0.9888097
827869,0.07768959
827870,0.023297148
827871,0.0068357857
827872,0.068260215
827873,0.2551293
827874,0.047562577
827875,0.9851048
827876,0.009928616
827877,0.9984581
827878,0.005841923
827879,0.6639612
827880,0.9261287
827881,0.91435957
827882,0.9618958
827883,0.9820622
827884,0.935285
827885,0.7402732
827886,0.646595
827887,0.9905663
827888,0.96061814
827889,0.22205108
827890,0.0151379835
827891,0.9652586
827892,0.3728943
827893,0.030477365
827894,0.9782562
827895,0.9678581
827896,0.7597886
827897,0.98242986
827898,0.04287327
827899,0.78407216
827900,0.0135304965
827901,0.99702907
827902,0.6924619
827903,0.9445549
827904,0.10852886
827905,0.17940146
827906,0.9964382
827907,0.039712176
827908,0.98621523
827909,0.28291112
827910,0.02183149
827911,0.08744156
827912,0.92210674
827913,0.009484604
827914,0.7830871
827915,0.994137
827916,0.9678537
827917,0.6311023
827918,0.0036212378
827919,0.31370032
827920,0.7213552
827921,0.633031
827922,0.32507807
827923,0.98406595
827924,0.95186555
827925,0.84963226
827926,0.99385005
827927,0.02451094
827928,0.9981532
827929,0.028767284
827930,0.9925007
827931,0.9695592
827932,0.039847314
827933,0.799076
827934,0.011449141
827935,0.013235453
827936,0.014080832
827937,0.018458046
827938,0.9542786
827939,0.04250962
827940,0.10081363
827941,0.035468668
827942,0.7540735
827943,0.034866422
827944,0.9414159
827945,0.9664955
827946,0.2596183
827947,0.012538203
827948,0.00942952
827949,0.5441702
827950,0.30838117
827951,0.07652528
827952,0.99232566
827953,0.69609815
827954,0.9908899
827955,0.68212175
827956,0.014091755
827957,0.9630593
827958,0.9532101
827959,0.006867959
827960,0.9202796
827961,0.44387612
827962,0.05827753
827963,0.95084774
827964,0.022896357
827965,0.029591978
827966,0.88068855
827967,0.51774716
827968,0.005561985
827969,0.92868555
827970,0.6206767
827971,0.07567188
827972,0.011182311
827973,0.061766196
827974,0.02326399
827975,0.03965281
827976,0.53723407
827977,0.99488664
827978,0.9567804
827979,0.65248257
827980,0.057228222
827981,0.00238628
827982,0.9775533
827983,0.9880564
827984,0.4809847
827985,0.9840783
827986,0.69485104
827987,0.26871267
827988,0.10932422
827989,0.4913195
827990,0.022918338
827991,0.8963175
827992,0.9987921
827993,0.82176536
827994,0.011531925
827995,0.00556383
827996,0.95953524
827997,0.99534214
827998,0.021278998
827999,0.015339075
828000,0.9910573
828001,0.022930212
828002,0.008116346
828003,0.033166263
828004,0.01546323
828005,0.43641275
828006,0.0016693259
828007,0.02444712
828008,0.98066646
828009,0.006177087
828010,0.0151028205
828011,0.9409406
828012,0.9467218
828013,0.014125813
828014,0.01734573
828015,0.99365014
828016,0.4243994
828017,0.99421674
828018,0.8420295
828019,0.02365724
828020,0.11973924
828021,0.45891228
828022,0.93626857
828023,0.8967199
828024,0.54190964
828025,0.0049802163
828026,0.045167767
828027,0.20008677
828028,0.038494185
828029,0.5424775
828030,0.95835036
828031,0.038598344
828032,0.9555629
828033,0.9665983
828034,0.98396116
828035,0.025510386
828036,0.9993152
828037,0.008321688
828038,0.02696831
828039,0.97054875
828040,0.5727055
828041,0.9457329
828042,0.10362844
828043,0.9607308
828044,0.9981005
828045,0.032840308
828046,0.62042475
828047,0.4105923
828048,0.01114481
828049,0.08333232
828050,0.92410195
828051,0.970464
828052,0.020508215
828053,0.028478097
828054,0.9920835
828055,0.7287143
828056,0.997606
828057,0.0034095824
828058,0.07103882
828059,0.9797929
828060,0.9254205
828061,0.98998773
828062,0.9926489
828063,0.9756919
828064,0.05422154
828065,0.9045382
828066,0.8516881
828067,0.9960475
828068,0.88096654
828069,0.74284434
828070,0.59057605
828071,0.9926632
828072,0.97610235
828073,0.06558577
828074,0.32626247
828075,0.9503006
828076,0.007126829
828077,0.9461513
828078,0.006448878
828079,0.020650834
828080,0.82303715
828081,0.006033858
828082,0.95876575
828083,0.041415498
828084,0.67292744
828085,0.010617426
828086,0.97660214
828087,0.9811865
828088,0.45642656
828089,0.5220227
828090,0.900032
828091,0.20157781
828092,0.9896217
828093,0.9608512
828094,0.012759218
828095,0.021968387
828096,0.6514342
828097,0.75259244
828098,0.056840625
828099,0.02687636
828100,0.97248113
828101,0.5834676
828102,0.9371582
828103,0.91805685
828104,0.88759905
828105,0.99618703
828106,0.05940248
828107,0.95537853
828108,0.1260956
828109,0.9939031
828110,0.21616548
828111,0.2859944
828112,0.16210857
828113,0.017504286
828114,0.16943613
828115,0.058683734
828116,0.7264482
828117,0.89106375
828118,0.9941509
828119,0.3064281
828120,0.037022434
828121,0.5801795
828122,0.9761845
828123,0.46864444
828124,0.03439489
828125,0.00307801
828126,0.48136702
828127,0.9853146
828128,0.44396925
828129,0.9973827
828130,0.27629638
828131,0.7739118
828132,0.8483238
828133,0.012285683
828134,0.17698053
828135,0.010887958
828136,0.28242835
828137,0.9522286
828138,0.99475926
828139,0.599412
828140,0.9951869
828141,0.98117363
828142,0.99233484
828143,0.6398039
828144,0.90619403
828145,0.026425255
828146,0.30974534
828147,0.66075957
828148,0.03154993
828149,0.99023944
828150,0.64874303
828151,0.8075123
828152,0.0148127265
828153,0.008708425
828154,0.03311401
828155,0.70612216
828156,0.9979087
828157,0.64554
828158,0.0186034
828159,0.91245943
828160,0.06925364
828161,0.25110817
828162,0.03549014
828163,0.008658273
828164,0.0786769
828165,0.8598893
828166,0.6185015
828167,0.893022
828168,0.14496563
828169,0.008923286
828170,0.7954825
828171,0.9838569
828172,0.014706439
828173,0.008139525
828174,0.6762719
828175,0.39584386
828176,0.004019935
828177,0.9967583
828178,0.9944659
828179,0.0045997477
828180,0.9937637
828181,0.8506232
828182,0.039150145
828183,0.03644481
828184,0.8982133
828185,0.6719423
828186,0.9444287
828187,0.011960862
828188,0.9218551
828189,0.06987505
828190,0.044230893
828191,0.033603795
828192,0.0238372
828193,0.96031725
828194,0.10294938
828195,0.08486641
828196,0.013141386
828197,0.32416636
828198,0.19476949
828199,0.7627088
828200,0.10533884
828201,0.011846503
828202,0.16108513
828203,0.12550934
828204,0.0022170136
828205,0.21065463
828206,0.5676943
828207,0.79283017
828208,0.015811441
828209,0.034206826
828210,0.008066637
828211,0.92069316
828212,0.9934603
828213,0.9859089
828214,0.23548567
828215,0.008162829
828216,0.22352609
828217,0.33581743
828218,0.014206191
828219,0.54554325
828220,0.9935665
828221,0.99838537
828222,0.9995558
828223,0.036908735
828224,0.011073479
828225,0.010546868
828226,0.1827885
828227,0.50604117
828228,0.99731344
828229,0.0086531695
828230,0.0047275834
828231,0.053848766
828232,0.06123138
828233,0.9937302
828234,0.8888824
828235,0.021515204
828236,0.8563414
828237,0.013397242
828238,0.6369975
828239,0.07381957
828240,0.008021834
828241,0.9542206
828242,0.03779263
828243,0.9031038
828244,0.72561944
828245,0.02744736
828246,0.26823676
828247,0.97363454
828248,0.966427
828249,0.99701476
828250,0.042947434
828251,0.9389052
828252,0.23916627
828253,0.14098383
828254,0.11867892
828255,0.09282754
828256,0.8923075
828257,0.9740296
828258,0.05286317
828259,0.90273577
828260,0.9299053
828261,0.003659506
828262,0.86814606
828263,0.94975495
828264,0.7496388
828265,0.009558435
828266,0.9138756
828267,0.9843827
828268,0.9735552
828269,0.17515162
828270,0.006901173
828271,0.051489722
828272,0.03496937
828273,0.81551725
828274,0.98603654
828275,0.006140062
828276,0.97126544
828277,0.052646816
828278,0.029319642
828279,0.010809096
828280,0.88778067
828281,0.8269336
828282,0.06685363
828283,0.054386593
828284,0.61039877
828285,0.12330274
828286,0.9794853
828287,0.1863817
828288,0.99488187
828289,0.43716633
828290,0.57708794
828291,0.23927896
828292,0.050491523
828293,0.99397147
828294,0.38269567
828295,0.036740925
828296,0.0031850338
828297,0.090562575
828298,0.9221672
828299,0.9852492
828300,0.7733639
828301,0.7833126
828302,0.9794348
828303,0.93643475
828304,0.0022460688
828305,0.63312024
828306,0.7220706
828307,0.021365328
828308,0.5312371
828309,0.83834374
828310,0.21848138
828311,0.98879325
828312,0.9185383
828313,0.6452778
828314,0.99736863
828315,0.020035468
828316,0.97542244
828317,0.06844725
828318,0.99930096
828319,0.8025438
828320,0.013838301
828321,0.057645187
828322,0.37993166
828323,0.881522
828324,0.0048445966
828325,0.32574767
828326,0.2546952
828327,0.97361845
828328,0.95873225
828329,0.025570646
828330,0.8854429
828331,0.08668454
828332,0.83308154
828333,0.9852186
828334,0.99806416
828335,0.025268607
828336,0.08734019
828337,0.93336946
828338,0.5103854
828339,0.1151146
828340,0.9254431
828341,0.14527628
828342,0.97570276
828343,0.041654877
828344,0.0559443
828345,0.007824565
828346,0.15553048
828347,0.01781168
828348,0.3967033
828349,0.775282
828350,0.10654526
828351,0.5670675
828352,0.045039058
828353,0.26325712
828354,0.99750435
828355,0.04429338
828356,0.98713267
828357,0.8936035
828358,0.020618899
828359,0.02741652
828360,0.88114
828361,0.9743545
828362,0.00045756047
828363,0.51755476
828364,0.049107626
828365,0.037769563
828366,0.784733
828367,0.35094088
828368,0.4122095
828369,0.17559168
828370,0.6706985
828371,0.9839371
828372,0.9838756
828373,0.24243018
828374,0.99306035
828375,0.07026671
828376,0.07062495
828377,0.036682718
828378,0.9984976
828379,0.95797145
828380,0.0065671387
828381,0.019841416
828382,0.6004843
828383,0.015550688
828384,0.15188174
828385,0.17961204
828386,0.48648277
828387,0.87817264
828388,0.2778435
828389,0.7063134
828390,0.9671048
828391,0.9232418
828392,0.73162115
828393,0.66015124
828394,0.011538618
828395,0.018770283
828396,0.9637361
828397,0.9226294
828398,0.043790676
828399,0.479346
828400,0.05761227
828401,0.99471086
828402,0.038157657
828403,0.99697393
828404,0.07054506
828405,0.97541153
828406,0.7313418
828407,0.9397647
828408,0.8492203
828409,0.108105324
828410,0.87483805
828411,0.8444651
828412,0.9840634
828413,0.17767614
828414,0.14836948
828415,0.9546711
828416,0.11184493
828417,0.9746842
828418,0.01013558
828419,0.8367982
828420,0.006877261
828421,0.025471125
828422,0.99207896
828423,0.314909
828424,0.5826113
828425,0.039953828
828426,0.03439092
828427,0.9299789
828428,0.055738624
828429,0.0059852796
828430,0.9737283
828431,0.9121227
828432,0.008045027
828433,0.98133516
828434,0.055805318
828435,0.7633011
828436,0.038104054
828437,0.9794708
828438,0.012076077
828439,0.9895255
828440,0.0024217847
828441,0.92542446
828442,0.94071317
828443,0.97816736
828444,0.69405484
828445,0.9983475
828446,0.66096073
828447,0.55055267
828448,0.55754805
828449,0.74115276
828450,0.99607384
828451,0.9857891
828452,0.008080312
828453,0.5855649
828454,0.9656005
828455,0.6923202
828456,0.18751119
828457,0.6489724
828458,0.30332088
828459,0.5453203
828460,0.047545176
828461,0.086392
828462,0.054877784
828463,0.018995034
828464,0.052181803
828465,0.10292133
828466,0.12630965
828467,0.27690166
828468,0.017577976
828469,0.57673496
828470,0.019521799
828471,0.015494846
828472,0.99779546
828473,0.033280537
828474,0.9209924
828475,0.021099336
828476,0.009289496
828477,0.22981516
828478,0.9943985
828479,0.07331209
828480,0.083315045
828481,0.10211472
828482,0.2833838
828483,0.24138202
828484,0.038086373
828485,0.015667314
828486,0.7206789
828487,0.9218569
828488,0.009931967
828489,0.93087196
828490,0.9486772
828491,0.93245417
828492,0.9880197
828493,0.8658552
828494,0.7868914
828495,0.035109334
828496,0.08503808
828497,0.9380929
828498,0.034510177
828499,0.0058995
828500,0.07609381
828501,0.005424335
828502,0.7817446
828503,0.36153686
828504,0.99573916
828505,0.014759567
828506,0.82274115
828507,0.39471662
828508,0.9946774
828509,0.005393338
828510,0.7890489
828511,0.99149287
828512,0.8667237
828513,0.02809455
828514,0.060551353
828515,0.013548017
828516,0.7546251
828517,0.9687731
828518,0.10316473
828519,0.95721143
828520,0.742409
828521,0.0055021197
828522,0.22188705
828523,0.10348241
828524,0.9965001
828525,0.94217396
828526,0.8762263
828527,0.06259513
828528,0.012941157
828529,0.0072146244
828530,0.7263123
828531,0.98238325
828532,0.99132484
828533,0.004306962
828534,0.008484646
828535,0.0028401113
828536,0.98801523
828537,0.06934318
828538,0.0032096675
828539,0.039474886
828540,0.7423434
828541,0.019769188
828542,0.22288392
828543,0.68688035
828544,0.05548481
828545,0.15352261
828546,0.78083444
828547,0.045618884
828548,0.850478
828549,0.25568044
828550,0.69499576
828551,0.5258022
828552,0.4190676
828553,0.022878869
828554,0.5153907
828555,0.069175005
828556,0.005139664
828557,0.8573917
828558,0.8477652
828559,0.33127046
828560,0.017492238
828561,0.78967834
828562,0.0050912867
828563,0.019997824
828564,0.6061189
828565,0.048512433
828566,0.043098733
828567,0.24059732
828568,0.9722465
828569,0.553479
828570,0.030471584
828571,0.023952385
828572,0.09569995
828573,0.07028437
828574,0.0072834697
828575,0.24213246
828576,0.06491092
828577,0.056711767
828578,0.24633753
828579,0.9423046
828580,0.24872398
828581,0.98018986
828582,0.16838196
828583,0.11019703
828584,0.9950614
828585,0.2914595
828586,0.016848162
828587,0.9995947
828588,0.34168053
828589,0.9343614
828590,0.050614387
828591,0.058099907
828592,0.99709594
828593,0.14729945
828594,0.33199513
828595,0.03330213
828596,0.18155229
828597,0.017794685
828598,0.8464904
828599,0.9789825
828600,0.18206163
828601,0.21921162
828602,0.9334824
828603,0.9970537
828604,0.11813018
828605,0.9749497
828606,0.9958383
828607,0.99425006
828608,0.0021395257
828609,0.028061854
828610,0.011434057
828611,0.9933784
828612,0.7204039
828613,0.045486774
828614,0.9298158
828615,0.98919564
828616,0.9069183
828617,0.123102225
828618,0.0029424466
828619,0.008513931
828620,0.0106732305
828621,0.007462485
828622,0.02369868
828623,0.037092574
828624,0.9718727
828625,0.9847565
828626,0.6713306
828627,0.89657503
828628,0.97023594
828629,0.96686274
828630,0.017756462
828631,0.9928535
828632,0.060951337
828633,0.029633522
828634,0.020717135
828635,0.0098825665
828636,0.3515937
828637,0.19846277
828638,0.78257626
828639,0.9112078
828640,0.044135764
828641,0.99380845
828642,0.95895743
828643,0.0048737875
828644,0.005607075
828645,0.12118989
828646,0.9762485
828647,0.06493927
828648,0.9970498
828649,0.99473405
828650,0.9000883
828651,0.99492395
828652,0.1784161
828653,0.28287822
828654,0.013000328
828655,0.97510856
828656,0.97235316
828657,0.011258883
828658,0.2971753
828659,0.8043698
828660,0.9896016
828661,0.08720295
828662,0.63695437
828663,0.46259543
828664,0.9843115
828665,0.99534786
828666,0.008221455
828667,0.02167482
828668,0.98002374
828669,0.9571724
828670,0.12755576
828671,0.5440674
828672,0.9931194
828673,0.23148498
828674,0.12566261
828675,0.9224566
828676,0.97328895
828677,0.19637376
828678,0.028239511
828679,0.9935808
828680,0.98895633
828681,0.26400852
828682,0.9812575
828683,0.02372792
828684,0.040207192
828685,0.8740005
828686,0.94016707
828687,0.0059477724
828688,0.01239903
828689,0.67022884
828690,0.7508015
828691,0.01643364
828692,0.12144498
828693,0.19591194
828694,0.015158715
828695,0.81253564
828696,0.9798695
828697,0.008195359
828698,0.8639838
828699,0.24194844
828700,0.16497414
828701,0.006125859
828702,0.011500679
828703,0.97511405
828704,0.13735405
828705,0.9072165
828706,0.9284785
828707,0.7007557
828708,0.53265494
828709,0.8769446
828710,0.14136472
828711,0.99440324
828712,0.96719635
828713,0.032208826
828714,0.98452014
828715,0.3019008
828716,0.3278256
828717,0.23304415
828718,0.9766212
828719,0.8090516
828720,0.9435044
828721,0.0108802635
828722,0.9954916
828723,0.023883894
828724,0.9895531
828725,0.6084432
828726,0.14976884
828727,0.024082497
828728,0.04023084
828729,0.99959767
828730,0.65628266
828731,0.99131036
828732,0.026607865
828733,0.06387146
828734,0.88988
828735,0.9426819
828736,0.9027729
828737,0.20021352
828738,0.3234843
828739,0.055039063
828740,0.8203386
828741,0.084748894
828742,0.65748376
828743,0.031303804
828744,0.99891216
828745,0.010590232
828746,0.92487895
828747,0.4205778
828748,0.019324062
828749,0.98269683
828750,0.7529717
828751,0.46112588
828752,0.03130144
828753,0.046333298
828754,0.6119906
828755,0.38721266
828756,0.6579395
828757,0.028872155
828758,0.9770285
828759,0.05125448
828760,0.068212405
828761,0.90747285
828762,0.011593213
828763,0.7631457
828764,0.9962535
828765,0.1451458
828766,0.22682375
828767,0.71468794
828768,0.4858973
828769,0.9661094
828770,0.77226305
828771,0.07563685
828772,0.029031103
828773,0.6804723
828774,0.113135695
828775,0.04022149
828776,0.0030634832
828777,0.008699672
828778,0.9907359
828779,0.98662794
828780,0.0056483545
828781,0.16414699
828782,0.42924294
828783,0.007456381
828784,0.92003053
828785,0.99687874
828786,0.99298567
828787,0.0901468
828788,0.99292654
828789,0.67882764
828790,0.01723539
828791,0.8464234
828792,0.8806603
828793,0.90812373
828794,0.9767748
828795,0.001454025
828796,0.05176887
828797,0.1392496
828798,0.008087066
828799,0.0039865095
828800,0.009681815
828801,0.9565359
828802,0.4168307
828803,0.9612365
828804,0.9775595
828805,0.003346176
828806,0.85702765
828807,0.94759876
828808,0.9162774
828809,0.044899873
828810,0.0045615914
828811,0.02472424
828812,0.9965247
828813,0.1724106
828814,0.13797356
828815,0.0037063756
828816,0.4307339
828817,0.9855518
828818,0.36555836
828819,0.1738025
828820,0.9777897
828821,0.96635675
828822,0.7248688
828823,0.0035483828
828824,0.04606717
828825,0.008040567
828826,0.9628201
828827,0.99805623
828828,0.841901
828829,0.20702174
828830,0.20061347
828831,0.0011488554
828832,0.8833227
828833,0.067431964
828834,0.006660469
828835,0.99055165
828836,0.009109348
828837,0.997694
828838,0.068588376
828839,0.98773074
828840,0.94053924
828841,0.03505756
828842,0.010172517
828843,0.98524725
828844,0.98259246
828845,0.9684392
828846,0.9778033
828847,0.2910183
828848,0.9804927
828849,0.54710484
828850,0.9674238
828851,0.007672139
828852,0.042479295
828853,0.011501966
828854,0.968511
828855,0.8805738
828856,0.83449405
828857,0.037778918
828858,0.1103523
828859,0.034401573
828860,0.98838973
828861,0.31256744
828862,0.024827221
828863,0.012227656
828864,0.25555754
828865,0.016523622
828866,0.008393923
828867,0.02599282
828868,0.9826709
828869,0.059541434
828870,0.9798547
828871,0.09539376
828872,0.060323797
828873,0.014313623
828874,0.3030529
828875,0.03738139
828876,0.9801618
828877,0.9979398
828878,0.9637242
828879,0.35262164
828880,0.015647883
828881,0.08480865
828882,0.038750663
828883,0.039708484
828884,0.47375315
828885,0.27972764
828886,0.3831216
828887,0.024224456
828888,0.2897408
828889,0.031351514
828890,0.0058768285
828891,0.87303066
828892,0.15186271
828893,0.12591617
828894,0.70288175
828895,0.018194055
828896,0.9688811
828897,0.17665511
828898,0.99626833
828899,0.014383261
828900,0.03460689
828901,0.014772633
828902,0.9995365
828903,0.97735393
828904,0.9941919
828905,0.9993053
828906,0.018718433
828907,0.38737795
828908,0.5768479
828909,0.5484006
828910,0.025435852
828911,0.99465775
828912,0.3884421
828913,0.8420309
828914,0.055575084
828915,0.625858
828916,0.0010837647
828917,0.94911695
828918,0.044006146
828919,0.97209215
828920,0.010030629
828921,0.95957166
828922,0.117810324
828923,0.054074556
828924,0.0038975421
828925,0.012141538
828926,0.15875182
828927,0.13850039
828928,0.9308484
828929,0.2231535
828930,0.038863685
828931,0.0638874
828932,0.028568314
828933,0.015836947
828934,0.6393348
828935,0.976444
828936,0.068861865
828937,0.99901867
828938,0.7905073
828939,0.6948637
828940,0.7728917
828941,0.2636959
828942,0.13533509
828943,0.9984292
828944,0.9698625
828945,0.040578157
828946,0.997311
828947,0.037792183
828948,0.8062204
828949,0.3811712
828950,0.86486864
828951,0.012533745
828952,0.030158058
828953,0.0629182
828954,0.6906577
828955,0.6690359
828956,0.18531266
828957,0.9814884
828958,0.01656652
828959,0.45077828
828960,0.99953616
828961,0.24192433
828962,0.9944107
828963,0.02848056
828964,0.122319244
828965,0.9910011
828966,0.036550246
828967,0.022715403
828968,0.44934562
828969,0.02185636
828970,0.9973164
828971,0.17436452
828972,0.13122311
828973,0.012919916
828974,0.38983908
828975,0.076504655
828976,0.021482222
828977,0.99707055
828978,0.01389134
828979,0.34096628
828980,0.9789722
828981,0.8130946
828982,0.9899106
828983,0.99542856
828984,0.980208
828985,0.888299
828986,0.068704836
828987,0.9971923
828988,0.9991065
828989,0.9154903
828990,0.046243742
828991,0.95764554
828992,0.98016816
828993,0.12599084
828994,0.008094796
828995,0.1260547
828996,0.05830729
828997,0.031105902
828998,0.42840126
828999,0.37726662
829000,0.0734774
829001,0.7843251
829002,0.0029597296
829003,0.12600645
829004,0.9972854
829005,0.0064694565
829006,0.13655156
829007,0.006278355
829008,0.029384114
829009,0.038044937
829010,0.0047988426
829011,0.7570406
829012,0.071743704
829013,0.08265458
829014,0.19691388
829015,0.7675059
829016,0.7159259
829017,0.87293
829018,0.2272834
829019,0.63473713
829020,0.8958004
829021,0.8819102
829022,0.99011326
829023,0.28751683
829024,0.005737533
829025,0.4219768
829026,0.5264994
829027,0.61643374
829028,0.47941947
829029,0.8043996
829030,0.997687
829031,0.0056685917
829032,0.45588604
829033,0.19940227
829034,0.034239188
829035,0.9562508
829036,0.27315384
829037,0.92459047
829038,0.029308377
829039,0.038562365
829040,0.97915566
829041,0.96424806
829042,0.48078382
829043,0.010295867
829044,0.9803776
829045,0.6657195
829046,0.5519098
829047,0.97948235
829048,0.63962185
829049,0.75722086
829050,0.33595195
829051,0.44731885
829052,0.70278525
829053,0.85357237
829054,0.8742455
829055,0.10534618
829056,0.024461132
829057,0.9917722
829058,0.07551072
829059,0.8139659
829060,0.9737734
829061,0.67429256
829062,0.19771247
829063,0.34924823
829064,0.9788021
829065,0.18680704
829066,0.9968467
829067,0.0626604
829068,0.0017511551
829069,0.99616885
829070,0.94739044
829071,0.942958
829072,0.88273805
829073,0.011885327
829074,0.0062596304
829075,0.015381778
829076,0.0037581571
829077,0.98962164
829078,0.99869925
829079,0.98411953
829080,0.08046871
829081,0.588645
829082,0.7391057
829083,0.052543238
829084,0.038010404
829085,0.7502741
829086,0.98345995
829087,0.1487357
829088,0.03224065
829089,0.99278176
829090,0.88696194
829091,0.06819214
829092,0.36096376
829093,0.69763863
829094,0.5922067
829095,0.017648922
829096,0.5380106
829097,0.96459687
829098,0.016461875
829099,0.5246158
829100,0.010341636
829101,0.2708421
829102,0.0039527942
829103,0.9120008
829104,0.049175795
829105,0.837681
829106,0.021964503
829107,0.9921194
829108,0.81781137
829109,0.028950017
829110,0.012130123
829111,0.0022287532
829112,0.0060540945
829113,0.995769
829114,0.9449687
829115,0.020130936
829116,0.95697844
829117,0.07782602
829118,0.989788
829119,0.99743456
829120,0.99974096
829121,0.3388917
829122,0.45519388
829123,0.14850007
829124,0.021618603
829125,0.26340598
829126,0.027953906
829127,0.023122706
829128,0.012331891
829129,0.91712517
829130,0.9991724
829131,0.75233865
829132,0.0088119805
829133,0.32597855
829134,0.34332252
829135,0.0054383646
829136,0.0023227434
829137,0.008180318
829138,0.6709241
829139,0.74090385
829140,0.00985993
829141,0.027265433
829142,0.025150679
829143,0.06584116
829144,0.58451366
829145,0.02938292
829146,0.08384853
829147,0.00868225
829148,0.15475942
829149,0.14275073
829150,0.9752633
829151,0.9795119
829152,0.905264
829153,0.7829858
829154,0.09309448
829155,0.038976997
829156,0.0052007004
829157,0.564454
829158,0.041100185
829159,0.010688608
829160,0.0428415
829161,0.9964433
829162,0.9999007
829163,0.9512694
829164,0.6629245
829165,0.9898295
829166,0.79667425
829167,0.16196541
829168,0.77624536
829169,0.9160756
829170,0.0036789544
829171,0.8854973
829172,0.9431894
829173,0.029528536
829174,0.034527216
829175,0.9712666
829176,0.9487756
829177,0.691137
829178,0.9504667
829179,0.999132
829180,0.9953012
829181,0.07506997
829182,0.6991608
829183,0.08255485
829184,0.028118245
829185,0.19029444
829186,0.52060926
829187,0.9858372
829188,0.71282905
829189,0.13971741
829190,0.788065
829191,0.84957373
829192,0.00924321
829193,0.10573053
829194,0.96501243
829195,0.93584806
829196,0.97618794
829197,0.19820136
829198,0.7291857
829199,0.9746851
829200,0.01402939
829201,0.8086825
829202,0.029600276
829203,0.0052270447
829204,0.34581846
829205,0.68732446
829206,0.0047873575
829207,0.6475656
829208,0.2577221
829209,0.07177557
829210,0.92837673
829211,0.9994507
829212,0.93878794
829213,0.004796114
829214,0.020537112
829215,0.95781946
829216,0.029195314
829217,0.11298885
829218,0.0005240542
829219,0.033883438
829220,0.048422977
829221,0.008824736
829222,0.030256161
829223,0.19311655
829224,0.003162182
829225,0.981063
829226,0.0065132915
829227,0.094148695
829228,0.05979879
829229,0.15875812
829230,0.98053837
829231,0.6397197
829232,0.97580487
829233,0.03308516
829234,0.009119266
829235,0.99577165
829236,0.0053617037
829237,0.91909623
829238,0.049889207
829239,0.06977539
829240,0.3692523
829241,0.01643913
829242,0.03783609
829243,0.98868346
829244,0.8148463
829245,0.9700485
829246,0.98598784
829247,0.010427837
829248,0.9894477
829249,0.03668292
829250,0.50429004
829251,0.6285106
829252,0.124664664
829253,0.9985671
829254,0.027315103
829255,0.03743249
829256,0.5757174
829257,0.99384105
829258,0.5723686
829259,0.74904644
829260,0.03464607
829261,0.9619916
829262,0.0010256206
829263,0.9958509
829264,0.0034427457
829265,0.71580875
829266,0.93720317
829267,0.9945183
829268,0.12349214
829269,0.726678
829270,0.053057205
829271,0.99914265
829272,0.70274913
829273,0.8108069
829274,0.9045453
829275,0.98644084
829276,0.03496752
829277,0.80169666
829278,0.0035755339
829279,0.9425862
829280,0.99886906
829281,0.016535845
829282,0.013211135
829283,0.0208202
829284,0.002767763
829285,0.077360034
829286,0.0020513067
829287,0.0078009986
829288,0.60571265
829289,0.5607857
829290,0.13115552
829291,0.49532485
829292,0.79861414
829293,0.17108825
829294,0.30486372
829295,0.31659544
829296,0.32925373
829297,0.93691605
829298,0.40960455
829299,0.9685157
829300,0.23854417
829301,0.012524015
829302,0.86685944
829303,0.8973819
829304,0.056219827
829305,0.48559278
829306,0.015730854
829307,0.98451984
829308,0.06365765
829309,0.07357179
829310,0.44874683
829311,0.021672294
829312,0.29457194
829313,0.049774587
829314,0.011074091
829315,0.38956454
829316,0.7567199
829317,0.46635824
829318,0.013854822
829319,0.9688378
829320,0.2341977
829321,0.8788549
829322,0.024124894
829323,0.15992633
829324,0.08316709
829325,0.12297096
829326,0.88003945
829327,0.005897528
829328,0.016649086
829329,0.5043232
829330,0.99657136
829331,0.7815052
829332,0.9899516
829333,0.0053860354
829334,0.64919144
829335,0.9942939
829336,0.051717594
829337,0.036563046
829338,0.02786053
829339,0.9461025
829340,0.8961468
829341,0.8262033
829342,0.39103225
829343,0.018779997
829344,0.6738527
829345,0.96638316
829346,0.05639352
829347,0.96439606
829348,0.9751122
829349,0.1915204
829350,0.003607964
829351,0.0017128638
829352,0.9270102
829353,0.9374044
829354,0.9350206
829355,0.98590195
829356,0.050344024
829357,0.36698714
829358,0.08349062
829359,0.017922992
829360,0.15552613
829361,0.988904
829362,0.031310834
829363,0.85271645
829364,0.98246247
829365,0.8050246
829366,0.64240485
829367,0.8407055
829368,0.53462815
829369,0.9942176
829370,0.102831945
829371,0.19656146
829372,0.9003007
829373,0.97693527
829374,0.037347097
829375,0.16167094
829376,0.99011517
829377,0.9934841
829378,0.9997034
829379,0.029187452
829380,0.016098201
829381,0.9113636
829382,0.08082041
829383,0.4547872
829384,0.74367857
829385,0.7924024
829386,0.9989424
829387,0.25108778
829388,0.92171395
829389,0.65834105
829390,0.4089439
829391,0.46287417
829392,0.8827408
829393,0.91793126
829394,0.33088723
829395,0.89537597
829396,0.80190206
829397,0.2552213
829398,0.938182
829399,0.24632387
829400,0.018950991
829401,0.9924982
829402,0.9261542
829403,0.99030995
829404,0.7660985
829405,0.05077889
829406,0.9415041
829407,0.017109912
829408,0.6081466
829409,0.9069144
829410,0.048577387
829411,0.98469555
829412,0.6132151
829413,0.9979545
829414,0.94493985
829415,0.013689464
829416,0.91766906
829417,0.69192195
829418,0.17828915
829419,0.07230504
829420,0.037835196
829421,0.0008310648
829422,0.9922569
829423,0.72015876
829424,0.73978204
829425,0.84061444
829426,0.008021102
829427,0.09097506
829428,0.0040902966
829429,0.010160128
829430,0.029471714
829431,0.02034923
829432,0.09552296
829433,0.876215
829434,0.12528457
829435,0.13483357
829436,0.66785455
829437,0.9940754
829438,0.99481
829439,0.9966818
829440,0.6326989
829441,0.013097641
829442,0.013297006
829443,0.10689593
829444,0.0152972
829445,0.0031828003
829446,0.99606174
829447,0.24510247
829448,0.030601239
829449,0.012040852
829450,0.69415045
829451,0.021484563
829452,0.24206983
829453,0.2978199
829454,0.09435414
829455,0.00041979778
829456,0.20394415
829457,0.09289377
829458,0.8666571
829459,0.026514407
829460,0.16324446
829461,0.0068878965
829462,0.018898914
829463,0.21630944
829464,0.03977429
829465,0.09813863
829466,0.0015301477
829467,0.97132766
829468,0.99855924
829469,0.9590321
829470,0.02275706
829471,0.036456585
829472,0.008528198
829473,0.0106531475
829474,0.9692238
829475,0.5249601
829476,0.3350576
829477,0.7322032
829478,0.9290226
829479,0.9953081
829480,0.96785283
829481,0.9437037
829482,0.011045978
829483,0.7396873
829484,0.0031913526
829485,0.90232694
829486,0.21247552
829487,0.42706037
829488,0.01383167
829489,0.8465053
829490,0.65519637
829491,0.0005849204
829492,0.19325529
829493,0.036645725
829494,0.11819436
829495,0.42184728
829496,0.4859389
829497,0.6074141
829498,0.29319417
829499,0.21380171
829500,0.06725345
829501,0.15942594
829502,0.00467898
829503,0.006676296
829504,0.9637653
829505,0.8199555
829506,0.071631126
829507,0.009499497
829508,0.97565717
829509,0.98422426
829510,0.9565115
829511,0.5138716
829512,0.135042
829513,0.97833765
829514,0.94414234
829515,0.0421126
829516,0.79521805
829517,0.99442124
829518,0.8846657
829519,0.016701965
829520,0.013171044
829521,0.9950893
829522,0.57718074
829523,0.99113476
829524,0.5399802
829525,0.010810503
829526,0.007704404
829527,0.8066427
829528,0.02531961
829529,0.8106509
829530,0.16483179
829531,0.2887522
829532,0.86428833
829533,0.9622018
829534,0.14285734
829535,0.010620895
829536,0.08369484
829537,0.9635065
829538,0.8952108
829539,0.16408426
829540,0.14442186
829541,0.05907497
829542,0.99934006
829543,0.0045969645
829544,0.46679756
829545,0.31963506
829546,0.9941828
829547,0.02257945
829548,0.9931363
829549,0.80125594
829550,0.016998094
829551,0.9317611
829552,0.50014424
829553,0.79955405
829554,0.035435632
829555,0.481083
829556,0.042180534
829557,0.80956244
829558,0.99749357
829559,0.54616094
829560,0.9262998
829561,0.9939675
829562,0.8232807
829563,0.9920114
829564,0.98331916
829565,0.8822288
829566,0.032151096
829567,0.9863288
829568,0.021921149
829569,0.00067833083
829570,0.63274866
829571,0.01194223
829572,0.379986
829573,0.0075730905
829574,0.93100554
829575,0.98784924
829576,0.14072403
829577,0.9226705
829578,0.05664228
829579,0.71353364
829580,0.038830817
829581,0.023094647
829582,0.9603542
829583,0.21249494
829584,0.96023273
829585,0.11185304
829586,0.0048851734
829587,0.11306256
829588,0.4237228
829589,0.06661446
829590,0.0117076095
829591,0.04873995
829592,0.9142931
829593,0.6411526
829594,0.99705297
829595,0.015530694
829596,0.010141283
829597,0.14758778
829598,0.02855616
829599,0.013361698
829600,0.14279966
829601,0.99683905
829602,0.99900186
829603,0.04742294
829604,0.12258373
829605,0.96977115
829606,0.29271448
829607,0.22353566
829608,0.99580073
829609,0.99303466
829610,0.03280927
829611,0.027325157
829612,0.95724803
829613,0.97395164
829614,0.044669904
829615,0.9425094
829616,0.9750465
829617,0.018189222
829618,0.10300326
829619,0.838629
829620,0.99558735
829621,0.49089748
829622,0.9978394
829623,0.12563592
829624,0.9750607
829625,0.6252602
829626,0.06387697
829627,0.0026192658
829628,0.91601974
829629,0.019246383
829630,0.81469727
829631,0.09952853
829632,0.99891126
829633,0.978592
829634,0.9845704
829635,0.021471793
829636,0.2594182
829637,0.73934615
829638,0.63830507
829639,0.98180693
829640,0.99312824
829641,0.00094538496
829642,0.12447256
829643,0.9810629
829644,0.006796606
829645,0.9908471
829646,0.009393837
829647,0.98871636
829648,0.998084
829649,0.9970083
829650,0.030560099
829651,0.029043112
829652,0.6986822
829653,0.57127684
829654,0.7409495
829655,0.6534982
829656,0.9895196
829657,0.048911747
829658,0.07431565
829659,0.011517897
829660,0.08800285
829661,0.22394568
829662,0.76123834
829663,0.80328536
829664,0.09335284
829665,0.013637955
829666,0.046487167
829667,0.21503085
829668,0.6615661
829669,0.8119902
829670,0.0422273
829671,0.017730847
829672,0.004534856
829673,0.016773177
829674,0.10145646
829675,0.6063907
829676,0.78427494
829677,0.02455572
829678,0.050402887
829679,0.98566926
829680,0.9981519
829681,0.23895912
829682,0.48582175
829683,0.96237636
829684,0.57117337
829685,0.05001138
829686,0.98123586
829687,0.9447282
829688,0.022394875
829689,0.9956362
829690,0.97845495
829691,0.58954245
829692,0.17362764
829693,0.02225731
829694,0.04860777
829695,0.042179406
829696,0.12855214
829697,0.9230781
829698,0.013230665
829699,0.007840433
829700,0.25128382
829701,0.8779731
829702,0.42608285
829703,0.495557
829704,0.1669736
829705,0.9101297
829706,0.08122509
829707,0.897826
829708,0.21754962
829709,0.046181567
829710,0.14356549
829711,0.35814843
829712,0.31658357
829713,0.49685842
829714,0.030625459
829715,0.86645573
829716,0.033820767
829717,0.1429543
829718,0.043171655
829719,0.023354083
829720,0.9900971
829721,0.75129586
829722,0.011767846
829723,0.98350406
829724,0.0016959271
829725,0.0030473866
829726,0.9935087
829727,0.9755187
829728,0.57569754
829729,0.99690187
829730,0.9985003
829731,0.04209873
829732,0.88890475
829733,0.5606286
829734,0.011008473
829735,0.9809128
829736,0.9824145
829737,0.09382383
829738,0.99948454
829739,0.68613124
829740,0.9773438
829741,0.022693155
829742,0.0033084736
829743,0.021477586
829744,0.16509235
829745,0.0022700853
829746,0.18165654
829747,0.24581777
829748,0.0021136305
829749,0.79004294
829750,0.0023620445
829751,0.18605408
829752,0.27765593
829753,0.100181095
829754,0.96011597
829755,0.9884808
829756,0.9936231
829757,0.5514662
829758,0.3585536
829759,0.013963011
829760,0.0067615407
829761,0.9781411
829762,0.8071542
829763,0.029148232
829764,0.8920827
829765,0.96684647
829766,0.54630876
829767,0.2911746
829768,0.526138
829769,0.002993602
829770,0.003961005
829771,0.23401374
829772,0.024087144
829773,0.994074
829774,0.10930982
829775,0.23009633
829776,0.9439817
829777,0.96962994
829778,0.9520346
829779,0.9974278
829780,0.9963894
829781,0.88729835
829782,0.005763572
829783,0.03022515
829784,0.33978266
829785,0.99106735
829786,0.4425497
829787,0.11981435
829788,0.9498755
829789,0.99912375
829790,0.051313095
829791,0.7788373
829792,0.9802589
829793,0.8610112
829794,0.32653683
829795,0.19479223
829796,0.076989554
829797,0.02322447
829798,0.97918457
829799,0.012668289
829800,0.98794496
829801,0.3033528
829802,0.2922292
829803,0.19328667
829804,0.98140883
829805,0.015419965
829806,0.20318899
829807,0.99745584
829808,0.08271018
829809,0.010901892
829810,0.021538913
829811,0.064447165
829812,0.94022924
829813,0.97630274
829814,0.022112172
829815,0.18762147
829816,0.020445772
829817,0.98687834
829818,0.053689666
829819,0.93112624
829820,0.7655985
829821,0.97361183
829822,0.96999824
829823,0.025518145
829824,0.38286716
829825,0.0047673816
829826,0.0309135
829827,0.46430075
829828,0.10259603
829829,0.9153873
829830,0.59278333
829831,0.010702188
829832,0.9253781
829833,0.32806233
829834,0.010892425
829835,0.2269349
829836,0.031306453
829837,0.9501332
829838,0.98697144
829839,0.13951431
829840,0.009199098
829841,0.9889423
829842,0.14136139
829843,0.9724145
829844,0.9929501
829845,0.051832266
829846,0.49709272
829847,0.84727705
829848,0.997401
829849,0.113466755
829850,0.9806576
829851,0.010685818
829852,0.04427016
829853,0.23647003
829854,0.08821416
829855,0.83984566
829856,0.92344934
829857,0.0032401094
829858,0.2763407
829859,0.09992449
829860,0.003267848
829861,0.269941
829862,0.9235051
829863,0.55309236
829864,0.25692782
829865,0.97283363
829866,0.8675727
829867,0.065184705
829868,0.99041903
829869,0.1872276
829870,0.98789275
829871,0.92624956
829872,0.091756314
829873,0.052913297
829874,0.46417767
829875,0.3908514
829876,0.99451756
829877,0.8340345
829878,0.995299
829879,0.05094119
829880,0.10083734
829881,0.1147339
829882,0.8916216
829883,0.065074
829884,0.8529265
829885,0.46920437
829886,0.9088742
829887,0.9786142
829888,0.96910787
829889,0.98499477
829890,0.77505815
829891,0.98818254
829892,0.095382184
829893,0.04469144
829894,0.10802151
829895,0.04288187
829896,0.96845675
829897,0.4207943
829898,0.639485
829899,0.021419376
829900,0.09300816
829901,0.21406639
829902,0.0017388961
829903,0.8463448
829904,0.9150457
829905,0.85552025
829906,0.011458172
829907,0.0760591
829908,0.984853
829909,0.9457226
829910,0.8783215
829911,0.9962684
829912,0.032511055
829913,0.851633
829914,0.96248955
829915,0.7098429
829916,0.73660135
829917,0.9959916
829918,0.8410369
829919,0.8903185
829920,0.017199874
829921,0.20296901
829922,0.8371543
829923,0.14854863
829924,0.0005887081
829925,0.98934877
829926,0.028652616
829927,0.70505464
829928,0.8390449
829929,0.93305993
829930,0.14413801
829931,0.9713094
829932,0.94713444
829933,0.96821404
829934,0.98897195
829935,0.0041427966
829936,0.0065396414
829937,0.9611766
829938,0.20452346
829939,0.0043906756
829940,0.9987858
829941,0.0039323806
829942,0.9455613
829943,0.025497587
829944,0.93247473
829945,0.99200654
829946,0.99836224
829947,0.98718685
829948,0.18897308
829949,0.3788239
829950,0.86709654
829951,0.9893099
829952,0.96231735
829953,0.11691934
829954,0.08228439
829955,0.5131158
829956,0.15424745
829957,0.99761003
829958,0.49668586
829959,0.4061699
829960,0.6973913
829961,0.62591225
829962,0.9932369
829963,0.028559139
829964,0.9424199
829965,0.018078849
829966,0.0054429546
829967,0.01827705
829968,0.017042398
829969,0.48751414
829970,0.008780963
829971,0.020052113
829972,0.07622755
829973,0.0047125528
829974,0.59508884
829975,0.9726869
829976,0.08729406
829977,0.9547831
829978,0.9779761
829979,0.028491478
829980,0.8553869
829981,0.012744847
829982,0.06446875
829983,0.9967221
829984,0.15346095
829985,0.022777304
829986,0.5026073
829987,0.908358
829988,0.99980766
829989,0.5087185
829990,0.0078118183
829991,0.9766464
829992,0.9984144
829993,0.9824242
829994,0.9730318
829995,0.011008319
829996,0.0037752264
829997,0.5658219
829998,0.034942243
829999,0.017000629
830000,0.0008969191
830001,0.76800466
830002,0.9895114
830003,0.9870698
830004,0.008389903
830005,0.011007842
830006,0.23853907
830007,0.9038582
830008,0.095150664
830009,0.94758123
830010,0.16633542
830011,0.002792988
830012,0.5198287
830013,0.004386433
830014,0.0058285054
830015,0.9489844
830016,0.76038253
830017,0.41303474
830018,0.98665375
830019,0.99036103
830020,0.05538778
830021,0.9618591
830022,0.96186316
830023,0.034223713
830024,0.8025828
830025,0.9746464
830026,0.98946863
830027,0.9834563
830028,0.9976799
830029,0.03670837
830030,0.096965626
830031,0.20610932
830032,0.9211049
830033,0.9918808
830034,0.1261722
830035,0.92831695
830036,0.78275657
830037,0.9920657
830038,0.97940016
830039,0.9703621
830040,0.0035265915
830041,0.9514166
830042,0.8990674
830043,0.03471068
830044,0.25392425
830045,0.014343707
830046,0.9447075
830047,0.053995688
830048,0.7712214
830049,0.45500427
830050,0.8173334
830051,0.9623728
830052,0.9976688
830053,0.94532126
830054,0.018674666
830055,0.9930629
830056,0.040250715
830057,0.75388086
830058,0.92786336
830059,0.84584004
830060,0.6910978
830061,0.9898482
830062,0.9959037
830063,0.035587188
830064,0.21294872
830065,0.9915696
830066,0.92940307
830067,0.051398266
830068,0.02510664
830069,0.0040459624
830070,0.04700678
830071,0.86560655
830072,0.061540566
830073,0.020466184
830074,0.08709997
830075,0.9975083
830076,0.40027443
830077,0.9509228
830078,0.9507326
830079,0.97962725
830080,0.25168237
830081,0.014466812
830082,0.9965815
830083,0.98868734
830084,0.97764564
830085,0.75154614
830086,0.0450982
830087,0.15236217
830088,0.12409519
830089,0.02294505
830090,0.11805785
830091,0.9382991
830092,0.77292573
830093,0.52361256
830094,0.99416524
830095,0.101579346
830096,0.19180448
830097,0.9810517
830098,0.930553
830099,0.8824389
830100,0.6523961
830101,0.19172485
830102,0.99900913
830103,0.2360025
830104,0.74991804
830105,0.0041921297
830106,0.089360386
830107,0.93512326
830108,0.035943624
830109,0.9910967
830110,0.8209318
830111,0.008967651
830112,0.9227986
830113,0.020234562
830114,0.058819737
830115,0.99792194
830116,0.23481986
830117,0.027262315
830118,0.83428967
830119,0.9975607
830120,0.028263371
830121,0.019455777
830122,0.9864927
830123,0.036753353
830124,0.96562743
830125,0.9814669
830126,0.013038067
830127,0.8664831
830128,0.99365425
830129,0.9777175
830130,0.043553133
830131,0.3869894
830132,0.01637032
830133,0.97662306
830134,0.6104301
830135,0.05253588
830136,0.99928516
830137,0.22209558
830138,0.98684114
830139,0.29311574
830140,0.01690315
830141,0.5946878
830142,0.9752289
830143,0.02330682
830144,0.40649593
830145,0.582425
830146,0.23091556
830147,0.93394166
830148,0.5819384
830149,0.98555154
830150,0.13571644
830151,0.48545775
830152,0.9610013
830153,0.0013089902
830154,0.8927802
830155,0.05463316
830156,0.37671125
830157,0.9434647
830158,0.5860061
830159,0.04899814
830160,0.36278254
830161,0.79534864
830162,0.92891407
830163,0.01782038
830164,0.015307356
830165,0.9797455
830166,0.9553834
830167,0.055465136
830168,0.08504974
830169,0.12227118
830170,0.57689476
830171,0.17651479
830172,0.7629832
830173,0.9208321
830174,0.9862235
830175,0.9431687
830176,0.42193642
830177,0.015203153
830178,0.013351124
830179,0.0023021486
830180,0.3475935
830181,0.9351541
830182,0.07626506
830183,0.606144
830184,0.9960635
830185,0.9569786
830186,0.009734
830187,0.95834213
830188,0.99798715
830189,0.71313244
830190,0.9264067
830191,0.9976793
830192,0.26202178
830193,0.8466939
830194,0.8483207
830195,0.89920497
830196,0.95671976
830197,0.97694224
830198,0.9164512
830199,0.99353004
830200,0.03677094
830201,0.71238524
830202,0.037318725
830203,0.08927198
830204,0.2035244
830205,0.6932931
830206,0.1994212
830207,0.3807784
830208,0.9291252
830209,0.16174446
830210,0.027925082
830211,0.012684688
830212,0.12601985
830213,0.005539045
830214,0.041897323
830215,0.006366472
830216,0.008054277
830217,0.9437461
830218,0.17502955
830219,0.9711252
830220,0.016823582
830221,0.07065236
830222,0.9756822
830223,0.055884305
830224,0.098698586
830225,0.35682553
830226,0.88458145
830227,0.9756013
830228,0.024724957
830229,0.09953795
830230,0.530432
830231,0.053831965
830232,0.022696838
830233,0.8304847
830234,0.015844416
830235,0.9848824
830236,0.7872159
830237,0.49595815
830238,0.31382015
830239,0.06996745
830240,0.9753264
830241,0.9825431
830242,0.22836642
830243,0.032223456
830244,0.0073383506
830245,0.32754952
830246,0.043197453
830247,0.95440763
830248,0.9829987
830249,0.13913967
830250,0.995255
830251,0.054320645
830252,0.1105733
830253,0.038367607
830254,0.8887798
830255,0.9802063
830256,0.8303202
830257,0.9521247
830258,0.09456945
830259,0.68752176
830260,0.15541883
830261,0.91178626
830262,0.44519204
830263,0.058122996
830264,0.2063531
830265,0.022872763
830266,0.29372647
830267,0.024288826
830268,0.007865629
830269,0.55037856
830270,0.07812801
830271,0.9950733
830272,0.9959788
830273,0.10804441
830274,0.9761712
830275,0.938797
830276,0.026276521
830277,0.97604
830278,0.76434016
830279,0.012731414
830280,0.8096566
830281,0.98887044
830282,0.07140565
830283,0.9479321
830284,0.9879601
830285,0.38749626
830286,0.99765074
830287,0.6139053
830288,0.09438831
830289,0.32295513
830290,0.031538524
830291,0.8737043
830292,0.9838863
830293,0.7825834
830294,0.5875584
830295,0.39571983
830296,0.96838415
830297,0.6784362
830298,0.0058042537
830299,0.803771
830300,0.98590505
830301,0.028285872
830302,0.018039158
830303,0.007056046
830304,0.018275399
830305,0.10574525
830306,0.99116665
830307,0.42064995
830308,0.8276402
830309,0.23776075
830310,0.15990677
830311,0.0052628033
830312,0.77866787
830313,0.83730173
830314,0.98051196
830315,0.93271923
830316,0.0042890515
830317,0.07342534
830318,0.0084628295
830319,0.16503029
830320,0.6367964
830321,0.8857815
830322,0.05648946
830323,0.985121
830324,0.933864
830325,0.42086196
830326,0.98783135
830327,0.84470755
830328,0.40753722
830329,0.9816056
830330,0.22158784
830331,0.99587095
830332,0.08136367
830333,0.9899399
830334,0.2546261
830335,0.5216984
830336,0.8769779
830337,0.3202217
830338,0.34823155
830339,0.9798999
830340,0.010413537
830341,0.9606126
830342,0.032208998
830343,0.3748524
830344,0.32281414
830345,0.05147152
830346,0.9945377
830347,0.98401743
830348,0.99684966
830349,0.021083618
830350,0.99953663
830351,0.032963026
830352,0.020635506
830353,0.037627615
830354,0.016828595
830355,0.013292396
830356,0.4182365
830357,0.065226756
830358,0.9796561
830359,0.0510286
830360,0.9380462
830361,0.9410915
830362,0.3608889
830363,0.004874661
830364,0.94952583
830365,0.22802706
830366,0.69243985
830367,0.05648755
830368,0.18718392
830369,0.97967017
830370,0.58776134
830371,0.9956713
830372,0.53082997
830373,0.96245325
830374,0.24658115
830375,0.32742518
830376,0.011575781
830377,0.9965223
830378,0.004593498
830379,0.94632584
830380,0.5270018
830381,0.9760858
830382,0.8055794
830383,0.96671605
830384,0.9851344
830385,0.34481713
830386,0.99001396
830387,0.030555341
830388,0.74623775
830389,0.0111761745
830390,0.9841518
830391,0.008755782
830392,0.043835476
830393,0.954551
830394,0.0060921717
830395,0.24032654
830396,0.44642583
830397,0.020570928
830398,0.34719497
830399,0.26036596
830400,0.04011338
830401,0.9424505
830402,0.9932577
830403,0.8992425
830404,0.63058114
830405,0.57115895
830406,0.009384513
830407,0.12889415
830408,0.011805977
830409,0.07421648
830410,0.021532642
830411,0.9988228
830412,0.0310728
830413,0.9901714
830414,0.9105848
830415,0.0018424012
830416,0.6300272
830417,0.70093006
830418,0.60595745
830419,0.0052165347
830420,0.6682492
830421,0.6215115
830422,0.99952024
830423,0.96970654
830424,0.9167298
830425,0.014470099
830426,0.39957526
830427,0.026781887
830428,0.014327029
830429,0.66502637
830430,0.8611244
830431,0.69717646
830432,0.98570067
830433,0.2609232
830434,0.97113335
830435,0.96015024
830436,0.072261065
830437,0.0057444945
830438,0.017964553
830439,0.7054504
830440,0.0044735414
830441,0.903646
830442,0.023291852
830443,0.01565622
830444,0.9985948
830445,0.36530206
830446,0.13550834
830447,0.8588255
830448,0.22735462
830449,0.9626674
830450,0.24873835
830451,0.034847595
830452,0.375188
830453,0.26201162
830454,0.9877116
830455,0.97354263
830456,0.99476075
830457,0.025099162
830458,0.09080809
830459,0.042025678
830460,0.0056106825
830461,0.81759447
830462,0.9584699
830463,0.9961442
830464,0.9859538
830465,0.044900563
830466,0.9673397
830467,0.982586
830468,0.9927261
830469,0.037882224
830470,0.006894181
830471,0.0891305
830472,0.0029820385
830473,0.996642
830474,0.9818969
830475,0.020878362
830476,0.7047627
830477,0.013380922
830478,0.012926145
830479,0.12196213
830480,0.42750302
830481,0.037594266
830482,0.0118384985
830483,0.07756888
830484,0.5851597
830485,0.94597733
830486,0.9952676
830487,0.0070624463
830488,0.01371197
830489,0.9830821
830490,0.021107862
830491,0.9228221
830492,0.012070386
830493,0.020620918
830494,0.086387634
830495,0.0694545
830496,0.90073216
830497,0.31414866
830498,0.079244435
830499,0.9976135
830500,0.018232547
830501,0.16364488
830502,0.16193926
830503,0.19249512
830504,0.98935133
830505,0.32465488
830506,0.024911355
830507,0.42096606
830508,0.0045686536
830509,0.9412277
830510,0.057867553
830511,0.35655683
830512,0.40076816
830513,0.9650107
830514,0.042335942
830515,0.30636168
830516,0.009454753
830517,0.061089996
830518,0.024728278
830519,0.92293656
830520,0.20081668
830521,0.996776
830522,0.9819102
830523,0.0033436066
830524,0.0056494493
830525,0.8450447
830526,0.99704695
830527,0.031128008
830528,0.5533852
830529,0.022923782
830530,0.1002622
830531,0.96575546
830532,0.9932673
830533,0.99833703
830534,0.86629355
830535,0.96104896
830536,0.9506369
830537,0.19573884
830538,0.12296488
830539,0.5081792
830540,0.016534671
830541,0.040678848
830542,0.6541372
830543,0.015581911
830544,0.54965115
830545,0.46235186
830546,0.8062689
830547,0.96509445
830548,0.18951
830549,0.7881956
830550,0.0103397425
830551,0.030532513
830552,0.8630797
830553,0.9576564
830554,0.018362451
830555,0.8219962
830556,0.13999572
830557,0.02302796
830558,0.83328915
830559,0.0028307275
830560,0.0011347304
830561,0.026103066
830562,0.029759333
830563,0.19643526
830564,0.95477974
830565,0.8981787
830566,0.99703145
830567,0.13800442
830568,0.9975351
830569,0.7837492
830570,0.033353843
830571,0.0069449903
830572,0.013748907
830573,0.010085091
830574,0.0071769767
830575,0.36287647
830576,0.03189102
830577,0.020674132
830578,0.13819678
830579,0.12881719
830580,0.97146416
830581,0.3254984
830582,0.9550751
830583,0.95946276
830584,0.062512174
830585,0.57623756
830586,0.19392298
830587,0.16969442
830588,0.30462217
830589,0.99759126
830590,0.014957467
830591,0.953946
830592,0.44802484
830593,0.68881416
830594,0.7669754
830595,0.8113072
830596,0.0053035733
830597,0.030798197
830598,0.007118711
830599,0.019272381
830600,0.59536076
830601,0.026616571
830602,0.088691026
830603,0.96614254
830604,0.9644238
830605,0.9375988
830606,0.2164168
830607,0.04014095
830608,0.040833667
830609,0.98855454
830610,0.96721077
830611,0.61822355
830612,0.9973369
830613,0.06533678
830614,0.13632634
830615,0.0017309582
830616,0.0040509664
830617,0.06609907
830618,0.15255292
830619,0.28888234
830620,0.049460914
830621,0.39089423
830622,0.811246
830623,0.008411765
830624,0.03524898
830625,0.7795331
830626,0.9283788
830627,0.00505922
830628,0.0018203523
830629,0.9914862
830630,0.0084869
830631,0.9324838
830632,0.57989633
830633,0.024847008
830634,0.9690463
830635,0.8630295
830636,0.031380948
830637,0.025939882
830638,0.004227351
830639,0.2451706
830640,0.024960516
830641,0.16068023
830642,0.037206616
830643,0.0032551487
830644,0.049321633
830645,0.9220366
830646,0.3890027
830647,0.013136664
830648,0.12449544
830649,0.9310267
830650,0.23862763
830651,0.3883528
830652,0.8793531
830653,0.012204679
830654,0.03337955
830655,0.9805751
830656,0.8068785
830657,0.016263055
830658,0.15013455
830659,0.8195956
830660,0.29882535
830661,0.5732361
830662,0.621615
830663,0.02525438
830664,0.056380235
830665,0.6474712
830666,0.27629417
830667,0.14738779
830668,0.24435666
830669,0.07303421
830670,0.003914211
830671,0.027237836
830672,0.9955797
830673,0.99354935
830674,0.25234318
830675,0.96478444
830676,0.99624306
830677,0.04456075
830678,0.77807766
830679,0.015888417
830680,0.0031235241
830681,0.06510967
830682,0.0047496194
830683,0.048523713
830684,0.62131894
830685,0.0076601063
830686,0.0101249805
830687,0.023043364
830688,0.05075612
830689,0.006003429
830690,0.07767815
830691,0.85432756
830692,0.88178253
830693,0.01634875
830694,0.96002495
830695,0.9942508
830696,0.81817526
830697,0.99185765
830698,0.23417532
830699,0.115424454
830700,0.0021827137
830701,0.9564637
830702,0.1256341
830703,0.0628587
830704,0.002785633
830705,0.99913883
830706,0.0019190488
830707,0.94112086
830708,0.6809045
830709,0.17401567
830710,0.9383242
830711,0.9907587
830712,0.9188608
830713,0.047796436
830714,0.9989023
830715,0.019084344
830716,0.953093
830717,0.0014112793
830718,0.97753716
830719,0.011487642
830720,0.9783807
830721,0.03866299
830722,0.11527966
830723,0.7360704
830724,0.95866454
830725,0.96816415
830726,0.9731262
830727,0.02229499
830728,0.9487703
830729,0.06502421
830730,0.28065524
830731,0.046305235
830732,0.9620378
830733,0.99005574
830734,0.09741188
830735,0.9907472
830736,0.062336944
830737,0.52942836
830738,0.9307159
830739,0.013138013
830740,0.076427475
830741,0.99900866
830742,0.04577841
830743,0.9777523
830744,0.053845264
830745,0.022527052
830746,0.06387074
830747,0.023552181
830748,0.6538049
830749,0.0045651
830750,0.13972768
830751,0.99142355
830752,0.24904446
830753,0.017592583
830754,0.2692338
830755,0.09490204
830756,0.8368962
830757,0.99569064
830758,0.40913293
830759,0.969982
830760,0.9713222
830761,0.8535074
830762,0.035741553
830763,0.99106675
830764,0.986355
830765,0.048974182
830766,0.028710693
830767,0.06892364
830768,0.8059708
830769,0.95181704
830770,0.99659467
830771,0.89774954
830772,0.117293246
830773,0.38202706
830774,0.04612857
830775,0.041893166
830776,0.988375
830777,0.056437127
830778,0.02096567
830779,0.011512244
830780,0.007901063
830781,0.009999834
830782,0.08934566
830783,0.92183405
830784,0.786368
830785,0.8779559
830786,0.11400354
830787,0.5305544
830788,0.055604238
830789,0.21625328
830790,0.90803427
830791,0.99510014
830792,0.00753042
830793,0.92669183
830794,0.9347437
830795,0.99427474
830796,0.9774193
830797,0.888964
830798,0.2137386
830799,0.9672567
830800,0.39059258
830801,0.9195062
830802,0.9985493
830803,0.031358544
830804,0.6121943
830805,0.014506765
830806,0.009788858
830807,0.048790935
830808,0.92962086
830809,0.82656145
830810,0.06153002
830811,0.9338426
830812,0.012909582
830813,0.3436201
830814,0.9485097
830815,0.009799399
830816,0.9327432
830817,0.02258385
830818,0.011473859
830819,0.0075327326
830820,0.70006543
830821,0.6872093
830822,0.01083076
830823,0.09315142
830824,0.8955249
830825,0.760247
830826,0.5298388
830827,0.8976684
830828,0.93778384
830829,0.81943864
830830,0.94697165
830831,0.018967526
830832,0.93700665
830833,0.9955021
830834,0.42143232
830835,0.00702169
830836,0.075011775
830837,0.017208979
830838,0.38651696
830839,0.92285717
830840,0.9199674
830841,0.025810346
830842,0.97280383
830843,0.03934222
830844,0.7568948
830845,0.13886169
830846,0.9467884
830847,0.010055286
830848,0.90969515
830849,0.01770978
830850,0.017855555
830851,0.078291975
830852,0.98834825
830853,0.99669534
830854,0.05212125
830855,0.9112411
830856,0.97272253
830857,0.32327676
830858,0.032965843
830859,0.8904848
830860,0.9632145
830861,0.089949556
830862,0.06607868
830863,0.012075833
830864,0.23650526
830865,0.92670494
830866,0.9661961
830867,0.4529364
830868,0.63917434
830869,0.008458452
830870,0.12113048
830871,0.9359524
830872,0.5073048
830873,0.79276514
830874,0.026953857
830875,0.9846021
830876,0.2838848
830877,0.9606574
830878,0.9941387
830879,0.41399372
830880,0.9908215
830881,0.077769734
830882,0.9961964
830883,0.13553366
830884,0.07069799
830885,0.18510462
830886,0.997635
830887,0.9827943
830888,0.79006654
830889,0.14966354
830890,0.2845111
830891,0.92769134
830892,0.09528274
830893,0.32580495
830894,0.008463685
830895,0.8556952
830896,0.017467756
830897,0.019854264
830898,0.18975429
830899,0.10551136
830900,0.99624825
830901,0.9992708
830902,0.7819785
830903,0.7613061
830904,0.97847223
830905,0.9725822
830906,0.715887
830907,0.011640788
830908,0.93287724
830909,0.10434437
830910,0.016935043
830911,0.9738591
830912,0.0039091893
830913,0.061574638
830914,0.007970935
830915,0.016464995
830916,0.006585907
830917,0.0957352
830918,0.005521933
830919,0.6573116
830920,0.9294653
830921,0.5841944
830922,0.9298804
830923,0.8186286
830924,0.0030570442
830925,0.85504335
830926,0.016416615
830927,0.7484137
830928,0.9521216
830929,0.46250063
830930,0.9382106
830931,0.008296233
830932,0.004078386
830933,0.02648115
830934,0.00975612
830935,0.010163731
830936,0.9879843
830937,0.006525828
830938,0.21344435
830939,0.5714238
830940,0.8115044
830941,0.97484297
830942,0.04021929
830943,0.83912176
830944,0.006598696
830945,0.17599711
830946,0.038366795
830947,0.9860551
830948,0.014371577
830949,0.056329228
830950,0.13713433
830951,0.009149039
830952,0.95167273
830953,0.015594442
830954,0.052019756
830955,0.0034112758
830956,0.120427996
830957,0.006747228
830958,0.05916351
830959,0.9968626
830960,0.008425728
830961,0.9864955
830962,0.9527557
830963,0.0023146898
830964,0.40451872
830965,0.99387974
830966,0.88145137
830967,0.1087706
830968,0.9176915
830969,0.9788969
830970,0.39807054
830971,0.065734945
830972,0.18972172
830973,0.024033064
830974,0.030124811
830975,0.00751202
830976,0.2744608
830977,0.3358031
830978,0.008733904
830979,0.79489046
830980,0.009793786
830981,0.5483521
830982,0.071715444
830983,0.8297741
830984,0.054188684
830985,0.9993755
830986,0.30937567
830987,0.9950534
830988,0.44063628
830989,0.9942635
830990,0.13125029
830991,0.14143327
830992,0.029749723
830993,0.021441124
830994,0.8147143
830995,0.035819706
830996,0.9876782
830997,0.013516877
830998,0.02475051
830999,0.87372535
831000,0.940948
831001,0.101136774
831002,0.84395134
831003,0.02908047
831004,0.95322716
831005,0.99788105
831006,0.00999861
831007,0.9796369
831008,0.0333164
831009,0.98296225
831010,0.852844
831011,0.011091234
831012,0.9962065
831013,0.9937147
831014,0.09370895
831015,0.7941848
831016,0.0620142
831017,0.99843436
831018,0.021326685
831019,0.90378964
831020,0.11726104
831021,0.0189034
831022,0.10371815
831023,0.13631567
831024,0.009866844
831025,0.84791136
831026,0.023994861
831027,0.21915501
831028,0.92308867
831029,0.009038907
831030,0.012526676
831031,0.092030115
831032,0.069081485
831033,0.170488
831034,0.9803714
831035,0.23381527
831036,0.96074885
831037,0.8450316
831038,0.32636172
831039,0.07938695
831040,0.003441528
831041,0.009770509
831042,0.7188857
831043,0.55007386
831044,0.95018536
831045,0.9577496
831046,0.0033499878
831047,0.11878416
831048,0.006205692
831049,0.008115047
831050,0.6552228
831051,0.9064306
831052,0.40981573
831053,0.8499062
831054,0.0227558
831055,0.99979424
831056,0.28036627
831057,0.114501506
831058,0.9004253
831059,0.009508753
831060,0.03921223
831061,0.9212984
831062,0.9866786
831063,0.37277845
831064,0.032493502
831065,0.008031171
831066,0.108998574
831067,0.9806981
831068,0.6034982
831069,0.57114214
831070,0.030943695
831071,0.9328354
831072,0.9663691
831073,0.023346506
831074,0.6308099
831075,0.9882323
831076,0.011305315
831077,0.02502612
831078,0.9878013
831079,0.021822643
831080,0.98736507
831081,0.99106663
831082,0.058565922
831083,0.9882093
831084,0.9995125
831085,0.983876
831086,0.79363537
831087,0.9975916
831088,0.016484708
831089,0.014571537
831090,0.98404783
831091,0.9500538
831092,0.014647014
831093,0.9937887
831094,0.93048954
831095,0.01107863
831096,0.11798455
831097,0.45687485
831098,0.010054682
831099,0.99756545
831100,0.01693993
831101,0.26966625
831102,0.9784465
831103,0.4884481
831104,0.116902724
831105,0.95091945
831106,0.9852122
831107,0.14393517
831108,0.82440186
831109,0.97028804
831110,0.2836138
831111,0.59932506
831112,0.8790735
831113,0.9697858
831114,0.013475747
831115,0.25912794
831116,0.0026365938
831117,0.84218735
831118,0.9594237
831119,0.91200936
831120,0.005354666
831121,0.9994241
831122,0.055262763
831123,0.03755715
831124,0.20485175
831125,0.99314326
831126,0.0025913136
831127,0.8213304
831128,0.8870476
831129,0.8996148
831130,0.66436106
831131,0.020381
831132,0.006045209
831133,0.97517926
831134,0.071648926
831135,0.99245024
831136,0.005477583
831137,0.045493234
831138,0.21287873
831139,0.012000157
831140,0.43380687
831141,0.89153445
831142,0.98574984
831143,0.9789999
831144,0.79539794
831145,0.88823974
831146,0.8836726
831147,0.15619135
831148,0.9967864
831149,0.03917513
831150,0.8784466
831151,0.011386476
831152,0.008532073
831153,0.39853168
831154,0.6760323
831155,0.9991283
831156,0.92736614
831157,0.0049372334
831158,0.012863065
831159,0.9366357
831160,0.072630204
831161,0.40224805
831162,0.02711673
831163,0.064355515
831164,0.58873516
831165,0.77159613
831166,0.1572646
831167,0.9783683
831168,0.02376673
831169,0.04230272
831170,0.16686162
831171,0.84187186
831172,0.92557824
831173,0.13253704
831174,0.15319216
831175,0.10525825
831176,0.007382578
831177,0.06743683
831178,0.98391974
831179,0.020152241
831180,0.8998217
831181,0.034432396
831182,0.006998761
831183,0.0032726235
831184,0.16401632
831185,0.8445531
831186,0.08658013
831187,0.98429453
831188,0.96474403
831189,0.0068925787
831190,0.681906
831191,0.033428505
831192,0.0254595
831193,0.8703391
831194,0.052157655
831195,0.0036611457
831196,0.8092316
831197,0.81953835
831198,0.9581522
831199,0.99414027
831200,0.993173
831201,0.85414636
831202,0.85832375
831203,0.9590472
831204,0.015437303
831205,0.8548324
831206,0.12827848
831207,0.9125396
831208,0.03687305
831209,0.16686223
831210,0.9910208
831211,0.52202046
831212,0.8564682
831213,0.9984639
831214,0.9956164
831215,0.07364908
831216,0.011935644
831217,0.076551884
831218,0.07528269
831219,0.031102575
831220,0.013929495
831221,0.9732548
831222,0.028736722
831223,0.10317716
831224,0.37655592
831225,0.6227292
831226,0.021361876
831227,0.2575655
831228,0.8823854
831229,0.5917486
831230,0.16271308
831231,0.042912826
831232,0.028349828
831233,0.9879926
831234,0.96609867
831235,0.29471332
831236,0.0058712685
831237,0.18427464
831238,0.78609616
831239,0.1690615
831240,0.041091047
831241,0.24690878
831242,0.8967612
831243,0.059644528
831244,0.16054735
831245,0.33089584
831246,0.56439507
831247,0.96836984
831248,0.7921021
831249,0.26981717
831250,0.48802543
831251,0.1789278
831252,0.8147545
831253,0.9926641
831254,0.5580126
831255,0.9704703
831256,0.5160208
831257,0.8261023
831258,0.9047183
831259,0.62559164
831260,0.9136385
831261,0.058689956
831262,0.3539812
831263,0.9935201
831264,0.93911755
831265,0.71585953
831266,0.105189085
831267,0.78847235
831268,0.0021878302
831269,0.012689057
831270,0.01689558
831271,0.98645175
831272,0.7499241
831273,0.17936042
831274,0.016146421
831275,0.762486
831276,0.015005781
831277,0.8766048
831278,0.11694164
831279,0.035801247
831280,0.81530577
831281,0.05133514
831282,0.066602394
831283,0.88174266
831284,0.18177328
831285,0.014533597
831286,0.83258885
831287,0.030491604
831288,0.2873515
831289,0.022033265
831290,0.6068279
831291,0.7084819
831292,0.1108057
831293,0.92049086
831294,0.98874635
831295,0.026157308
831296,0.9867145
831297,0.087295
831298,0.030232923
831299,0.6068163
831300,0.44116557
831301,0.2965939
831302,0.24726357
831303,0.031249624
831304,0.8907802
831305,0.09390636
831306,0.86394733
831307,0.004562741
831308,0.39049053
831309,0.04273973
831310,0.88094246
831311,0.2692756
831312,0.9957957
831313,0.08418655
831314,0.4197787
831315,0.93776083
831316,0.0739439
831317,0.2507818
831318,0.1961206
831319,0.53280884
831320,0.10457766
831321,0.99799883
831322,0.052325793
831323,0.33901006
831324,0.044832624
831325,0.011845658
831326,0.31420076
831327,0.11204515
831328,0.92123395
831329,0.03807147
831330,0.9973471
831331,0.67933244
831332,0.8463802
831333,0.4585652
831334,0.019405626
831335,0.8437844
831336,0.057670612
831337,0.6803138
831338,0.11613492
831339,0.025149053
831340,0.895761
831341,0.033118
831342,0.022987429
831343,0.9875705
831344,0.30416557
831345,0.70447356
831346,0.025840456
831347,0.07886079
831348,0.053810503
831349,0.96627307
831350,0.015205618
831351,0.9608039
831352,0.9212806
831353,0.11775974
831354,0.9565232
831355,0.4978007
831356,0.99906325
831357,0.014309121
831358,0.6889893
831359,0.70147705
831360,0.9787439
831361,0.99444747
831362,0.83693415
831363,0.07943387
831364,0.042696856
831365,0.0063422387
831366,0.06326155
831367,0.0044094585
831368,0.008501858
831369,0.01925097
831370,0.32299855
831371,0.9950737
831372,0.072735205
831373,0.98132235
831374,0.9998261
831375,0.22843821
831376,0.9617735
831377,0.10088609
831378,0.97361094
831379,0.9931444
831380,0.004312827
831381,0.9572454
831382,0.04941638
831383,0.88431525
831384,0.94893897
831385,0.98640174
831386,0.10278341
831387,0.89713204
831388,0.019650996
831389,0.042660467
831390,0.006797959
831391,0.9735293
831392,0.7333101
831393,0.74473673
831394,0.023651846
831395,0.009097011
831396,0.013525679
831397,0.95002955
831398,0.052454956
831399,0.9870857
831400,0.7866301
831401,0.085552126
831402,0.46592098
831403,0.9846912
831404,0.061689638
831405,0.3237247
831406,0.42101023
831407,0.98662347
831408,0.7761065
831409,0.99403334
831410,0.3695714
831411,0.82696867
831412,0.94818723
831413,0.98630154
831414,0.38000658
831415,0.98918605
831416,0.9861176
831417,0.26536524
831418,0.00032060343
831419,0.979599
831420,0.94870794
831421,0.11641463
831422,0.44395542
831423,0.10343652
831424,0.87813365
831425,0.039470814
831426,0.00512827
831427,0.07459231
831428,0.009557203
831429,0.009755106
831430,0.8616857
831431,0.5393261
831432,0.9965262
831433,0.45386487
831434,0.8037046
831435,0.98933387
831436,0.16697349
831437,0.9998079
831438,0.24464072
831439,0.0062463414
831440,0.50088423
831441,0.9317725
831442,0.01586818
831443,0.98573637
831444,0.8658923
831445,0.038567856
831446,0.031832203
831447,0.261062
831448,0.002369874
831449,0.16780144
831450,0.0061952574
831451,0.0074984673
831452,0.07815656
831453,0.045631427
831454,0.0007102034
831455,0.05335333
831456,0.9888332
831457,0.0036200157
831458,0.009464012
831459,0.045761727
831460,0.13167399
831461,0.74094427
831462,0.7567879
831463,0.96844167
831464,0.02013576
831465,0.005379093
831466,0.9935851
831467,0.79892564
831468,0.9687765
831469,0.0063662147
831470,0.97647303
831471,0.97139454
831472,0.008045914
831473,0.9054494
831474,0.27849668
831475,0.95064497
831476,0.9509382
831477,0.9945837
831478,0.023099294
831479,0.0032992254
831480,0.32566756
831481,0.023991369
831482,0.466288
831483,0.0036229645
831484,0.99441695
831485,0.19748072
831486,0.5167171
831487,0.99215716
831488,0.28568736
831489,0.021225872
831490,0.03254602
831491,0.029817
831492,0.0008445886
831493,0.038459383
831494,0.96682334
831495,0.0023933095
831496,0.113626316
831497,0.006045754
831498,0.08281568
831499,0.053042885
831500,0.5212513
831501,0.028617054
831502,0.09307144
831503,0.38434803
831504,0.88650954
831505,0.06003502
831506,0.65160865
831507,0.6205507
831508,0.13775428
831509,0.01503765
831510,0.8273646
831511,0.056470152
831512,0.24411231
831513,0.20127982
831514,0.94200236
831515,0.14194843
831516,0.6663321
831517,0.97907555
831518,0.015841579
831519,0.017058022
831520,0.0036262004
831521,0.007390712
831522,0.528787
831523,0.024193494
831524,0.99974483
831525,0.01488432
831526,0.91357106
831527,0.0021506469
831528,0.04506764
831529,0.954418
831530,0.90657336
831531,0.33364224
831532,0.13828377
831533,0.027019322
831534,0.13157625
831535,0.5119141
831536,0.042920787
831537,0.035440262
831538,0.2894433
831539,0.17717879
831540,0.29790825
831541,0.98916274
831542,0.011231065
831543,0.0061217733
831544,0.30233002
831545,0.0031241882
831546,0.9899698
831547,0.988239
831548,0.022653189
831549,0.3696679
831550,0.8470941
831551,0.96241724
831552,0.99829423
831553,0.17457423
831554,0.9747962
831555,0.2865981
831556,0.4035507
831557,0.02705836
831558,0.83891606
831559,0.023288123
831560,0.1613787
831561,0.15125348
831562,0.014579398
831563,0.020564107
831564,0.89953065
831565,0.7335552
831566,0.9955354
831567,0.9857669
831568,0.44632417
831569,0.049804643
831570,0.47172594
831571,0.99085206
831572,0.008233546
831573,0.665511
831574,0.17833799
831575,0.1524477
831576,0.959771
831577,0.026838876
831578,0.3089259
831579,0.9323937
831580,0.03374309
831581,0.18055597
831582,0.011378269
831583,0.016177604
831584,0.899618
831585,0.97270596
831586,0.018693497
831587,0.24769415
831588,0.9947073
831589,0.9171287
831590,0.9828366
831591,0.004471069
831592,0.98768735
831593,0.016347881
831594,0.03961624
831595,0.46186474
831596,0.057782914
831597,0.31763053
831598,0.98012733
831599,0.42797628
831600,0.6740477
831601,0.99968934
831602,0.019263046
831603,0.17166652
831604,0.9953883
831605,0.97734475
831606,0.3020787
831607,0.02261098
831608,0.999079
831609,0.06550548
831610,0.030988311
831611,0.5695398
831612,0.023423053
831613,0.022244483
831614,0.13175236
831615,0.87105274
831616,0.3375136
831617,0.94326806
831618,0.00547914
831619,0.3266674
831620,0.033699602
831621,0.9989091
831622,0.99188924
831623,0.019799728
831624,0.013712526
831625,0.38558963
831626,0.80761784
831627,0.97519433
831628,0.98310894
831629,0.03126496
831630,0.0083406065
831631,0.9371371
831632,0.99829626
831633,0.023263756
831634,0.474573
831635,0.92368853
831636,0.5851473
831637,0.2612917
831638,0.048531704
831639,0.0063147023
831640,0.13938622
831641,0.92104745
831642,0.059856515
831643,0.042154007
831644,0.010347318
831645,0.015016483
831646,0.9981927
831647,0.4734428
831648,0.15024924
831649,0.9545864
831650,0.011907006
831651,0.06845399
831652,0.22065994
831653,0.00047556977
831654,0.20511106
831655,0.9940931
831656,0.8984442
831657,0.9485922
831658,0.03987523
831659,0.9928453
831660,0.7211671
831661,0.07579584
831662,0.018072702
831663,0.0067686103
831664,0.031386927
831665,0.15512358
831666,0.037178114
831667,0.026348958
831668,0.007979255
831669,0.9634899
831670,0.3617926
831671,0.8685359
831672,0.85319495
831673,0.46069226
831674,0.90463734
831675,0.069961555
831676,0.015041947
831677,0.05659639
831678,0.0046582655
831679,0.98396814
831680,0.8639337
831681,0.98449016
831682,0.18117493
831683,0.3864075
831684,0.085118026
831685,0.04736661
831686,0.78238165
831687,0.98799175
831688,0.32369038
831689,0.06803578
831690,0.091753826
831691,0.008610057
831692,0.5336801
831693,0.02296463
831694,0.5267614
831695,0.008810071
831696,0.9773988
831697,0.2259357
831698,0.026223172
831699,0.9436497
831700,0.5563915
831701,0.18528464
831702,0.12915368
831703,0.57026947
831704,0.14295378
831705,0.86451095
831706,0.9947471
831707,0.8675543
831708,0.05033585
831709,0.06953472
831710,0.95683753
831711,0.021650488
831712,0.02991034
831713,0.9272324
831714,0.794201
831715,0.9904183
831716,0.22071454
831717,0.9728799
831718,0.10365548
831719,0.0979322
831720,0.58609134
831721,0.035057575
831722,0.9457234
831723,0.009687476
831724,0.020365877
831725,0.98304605
831726,0.98915416
831727,0.023915954
831728,0.060387805
831729,0.0050229444
831730,0.007095061
831731,0.10653185
831732,0.9859598
831733,0.091493316
831734,0.015250263
831735,0.30242264
831736,0.98728955
831737,0.02981836
831738,0.028501753
831739,0.020946134
831740,0.74469507
831741,0.93767023
831742,0.02508379
831743,0.35934892
831744,0.025607994
831745,0.0018950764
831746,0.96771896
831747,0.0042907693
831748,0.003239677
831749,0.74484
831750,0.05256889
831751,0.9881035
831752,0.49638054
831753,0.31666678
831754,0.025428915
831755,0.9793539
831756,0.0142480135
831757,0.7907785
831758,0.19403385
831759,0.82284385
831760,0.76626307
831761,0.5684483
831762,0.9981229
831763,0.94864637
831764,0.06505087
831765,0.81986463
831766,0.0026504728
831767,0.014120132
831768,0.92142236
831769,0.0153143685
831770,0.04573218
831771,0.9874359
831772,0.997434
831773,0.41318205
831774,0.9871922
831775,0.48083356
831776,0.97776324
831777,0.2221745
831778,0.23563068
831779,0.017076578
831780,0.56801164
831781,0.73243165
831782,0.9921357
831783,0.53491837
831784,0.7229136
831785,0.020338567
831786,0.92589164
831787,0.96847284
831788,0.050088726
831789,0.022210415
831790,0.97312593
831791,0.040800884
831792,0.012072375
831793,0.009565916
831794,0.99061507
831795,0.97896767
831796,0.99948645
831797,0.9986161
831798,0.82780254
831799,0.9856509
831800,0.36523676
831801,0.9774799
831802,0.53906405
831803,0.011595115
831804,0.034707777
831805,0.9627762
831806,0.06836038
831807,0.84866285
831808,0.0031561255
831809,0.97645324
831810,0.73728
831811,0.9048885
831812,0.80624497
831813,0.9829344
831814,0.9192194
831815,0.98198515
831816,0.074851125
831817,0.004538755
831818,0.2156453
831819,0.89807224
831820,0.061909214
831821,0.91755176
831822,0.85770905
831823,0.95398587
831824,0.8596902
831825,0.3561625
831826,0.54149806
831827,0.9911572
831828,0.9544205
831829,0.9702792
831830,0.028201915
831831,0.99179864
831832,0.028838981
831833,0.014296079
831834,0.008521963
831835,0.92405176
831836,0.068170436
831837,0.9322797
831838,0.9095007
831839,0.99883014
831840,0.5008339
831841,0.068516806
831842,0.99363863
831843,0.13699853
831844,0.120517254
831845,0.25749478
831846,0.014477048
831847,0.008666739
831848,0.0034249416
831849,0.07306144
831850,0.0027712923
831851,0.98860437
831852,0.9834171
831853,0.19250873
831854,0.02148366
831855,0.0099377595
831856,0.2884752
831857,0.9822491
831858,0.99305665
831859,0.9600345
831860,0.8534422
831861,0.06282812
831862,0.084596634
831863,0.90142524
831864,0.0063128644
831865,0.9926926
831866,0.6023731
831867,0.89047897
831868,0.9767344
831869,0.93093204
831870,0.14561765
831871,0.18600532
831872,0.022657119
831873,0.77556086
831874,0.8614945
831875,0.39074472
831876,0.97736603
831877,0.010252124
831878,0.99796337
831879,0.031258322
831880,0.015645942
831881,0.009443888
831882,0.91857004
831883,0.9191767
831884,0.2516296
831885,0.9222019
831886,0.9791702
831887,0.50778556
831888,0.96206665
831889,0.9919971
831890,0.9905038
831891,0.7499342
831892,0.08785051
831893,0.24150474
831894,0.25354782
831895,0.13685505
831896,0.09564049
831897,0.0046685906
831898,0.03455101
831899,0.12856385
831900,0.049268503
831901,0.027347565
831902,0.008087661
831903,0.9486401
831904,0.98826504
831905,0.9745984
831906,0.9906521
831907,0.004572863
831908,0.060269475
831909,0.0037552798
831910,0.9921652
831911,0.8437016
831912,0.991041
831913,0.9900479
831914,0.014980547
831915,0.08688374
831916,0.009217812
831917,0.0063253865
831918,0.8150671
831919,0.026797365
831920,0.4018978
831921,0.006903068
831922,0.989023
831923,0.77838546
831924,0.15771413
831925,0.070518866
831926,0.93707216
831927,0.0163673
831928,0.018603262
831929,0.021553615
831930,0.004582115
831931,0.063524775
831932,0.3157978
831933,0.9853355
831934,0.017816976
831935,0.99833965
831936,0.56292725
831937,0.102419555
831938,0.83528453
831939,0.34925008
831940,0.7696951
831941,0.016331472
831942,0.013988711
831943,0.90314585
831944,0.7297741
831945,0.8501237
831946,0.3832044
831947,0.008305366
831948,0.61307746
831949,0.023192469
831950,0.0065345773
831951,0.029952023
831952,0.36584786
831953,0.935975
831954,0.9828602
831955,0.99852985
831956,0.8545374
831957,0.23869297
831958,0.5963188
831959,0.17845288
831960,0.90906966
831961,0.2845931
831962,0.9988599
831963,0.08710248
831964,0.15036783
831965,0.1393139
831966,0.80181915
831967,0.01421876
831968,0.99121094
831969,0.810614
831970,0.6546171
831971,0.9722323
831972,0.9584544
831973,0.94053215
831974,0.0128329145
831975,0.04233898
831976,0.035820708
831977,0.77160436
831978,0.57636327
831979,0.021270512
831980,0.0062977327
831981,0.6112509
831982,0.028395403
831983,0.033185966
831984,0.21880758
831985,0.029065019
831986,0.98839784
831987,0.8985175
831988,0.9670802
831989,0.5942356
831990,0.9321728
831991,0.0072585554
831992,0.98543394
831993,0.10597276
831994,0.9936927
831995,0.37177128
831996,0.9496764
831997,0.07414746
831998,0.9506903
831999,0.47072262
832000,0.9726344
832001,0.03593301
832002,0.006657388
832003,0.007017104
832004,0.056069642
832005,0.38316458
832006,0.6540253
832007,0.0036689998
832008,0.9182314
832009,0.008942857
832010,0.65479904
832011,0.048675645
832012,0.8115489
832013,0.9947748
832014,0.22807142
832015,0.28572422
832016,0.9511579
832017,0.00758345
832018,0.99454
832019,0.0330517
832020,0.4676669
832021,0.89773107
832022,0.96700513
832023,0.88145834
832024,0.8355195
832025,0.9991007
832026,0.03905756
832027,0.9721691
832028,0.048771903
832029,0.9722666
832030,0.93472964
832031,0.012101758
832032,0.11622456
832033,0.0051179547
832034,0.006521486
832035,0.6998644
832036,0.019856075
832037,0.219188
832038,0.038502682
832039,0.90444505
832040,0.016471192
832041,0.91343594
832042,0.96607083
832043,0.9009347
832044,0.0043414915
832045,0.09756112
832046,0.9586168
832047,0.82931256
832048,0.008706651
832049,0.9420167
832050,0.006537163
832051,0.14299446
832052,0.24495164
832053,0.012100732
832054,0.9935265
832055,0.99492574
832056,0.027442023
832057,0.96244204
832058,0.24086735
832059,0.40939224
832060,0.006625333
832061,0.33510756
832062,0.08332716
832063,0.36167854
832064,0.015842034
832065,0.88736564
832066,0.012755542
832067,0.04456173
832068,0.0073681236
832069,0.05344202
832070,0.3132347
832071,0.0019231322
832072,0.036324672
832073,0.0139938295
832074,0.010838806
832075,0.05675329
832076,0.8738789
832077,0.77767575
832078,0.6196829
832079,0.991176
832080,0.8353537
832081,0.9612082
832082,0.02916127
832083,0.9427867
832084,0.023961475
832085,0.86138046
832086,0.02024067
832087,0.6602364
832088,0.5370276
832089,0.9910435
832090,0.32636714
832091,0.040387675
832092,0.002871459
832093,0.5487716
832094,0.74857986
832095,0.98003423
832096,0.20874316
832097,0.93852586
832098,0.9821486
832099,0.011539757
832100,0.99475396
832101,0.93950176
832102,0.97446287
832103,0.9252504
832104,0.34752467
832105,0.029228978
832106,0.9908307
832107,0.0035973333
832108,0.81741613
832109,0.005735996
832110,0.0028545288
832111,0.99087465
832112,0.9778329
832113,0.006265829
832114,0.017179273
832115,0.040919956
832116,0.56411177
832117,0.23359132
832118,0.021936335
832119,0.009711926
832120,0.9382122
832121,0.011604163
832122,0.9826298
832123,0.3456392
832124,0.0070064478
832125,0.12525047
832126,0.956105
832127,0.5254836
832128,0.9577161
832129,0.08161847
832130,0.13064235
832131,0.15704957
832132,0.011582807
832133,0.052060246
832134,0.9961037
832135,0.60446954
832136,0.940114
832137,0.06097568
832138,0.9707314
832139,0.98806375
832140,0.17364989
832141,0.022015564
832142,0.053272568
832143,0.0022569443
832144,0.29326123
832145,0.2580572
832146,0.9560411
832147,0.9201168
832148,0.9588485
832149,0.6831078
832150,0.0030270768
832151,0.03899595
832152,0.002381632
832153,0.25379086
832154,0.019724388
832155,0.24857683
832156,0.008332143
832157,0.4982408
832158,0.9696244
832159,0.7741684
832160,0.5213592
832161,0.72572005
832162,0.2901855
832163,0.51176494
832164,0.9108215
832165,0.013999961
832166,0.0899246
832167,0.031950995
832168,0.006531715
832169,0.79445845
832170,0.16095981
832171,0.028003244
832172,0.05606686
832173,0.94181824
832174,0.6802532
832175,0.44171
832176,0.03747394
832177,0.025517894
832178,0.03617821
832179,0.052127905
832180,0.6579962
832181,0.2119767
832182,0.888018
832183,0.8925712
832184,0.016351435
832185,0.61222917
832186,0.86413074
832187,0.9970646
832188,0.0043724654
832189,0.19200253
832190,0.01124886
832191,0.99346215
832192,0.9990308
832193,0.23385474
832194,0.014395684
832195,0.988502
832196,0.027279774
832197,0.10687478
832198,0.4272802
832199,0.42632687
832200,0.20927444
832201,0.022281002
832202,0.9578647
832203,0.4965832
832204,0.2676381
832205,0.5059564
832206,0.01245939
832207,0.6882211
832208,0.0076308553
832209,0.15654361
832210,0.13554808
832211,0.8878396
832212,0.009172922
832213,0.9562096
832214,0.9972447
832215,0.06436586
832216,0.51622355
832217,0.8502298
832218,0.9900048
832219,0.30455592
832220,0.98236895
832221,0.6266705
832222,0.8357468
832223,0.997408
832224,0.9835572
832225,0.96377516
832226,0.9994496
832227,0.011214227
832228,0.8485371
832229,0.070148766
832230,0.797348
832231,0.9944774
832232,0.70840436
832233,0.97489065
832234,0.0637868
832235,0.4533463
832236,0.006853133
832237,0.3130108
832238,0.13879335
832239,0.07853922
832240,0.7191626
832241,0.028572993
832242,0.98432684
832243,0.9480387
832244,0.92845684
832245,0.016138727
832246,0.15100588
832247,0.99369764
832248,0.9397529
832249,0.92857856
832250,0.030622333
832251,0.03242806
832252,0.014144963
832253,0.0055650556
832254,0.6521416
832255,0.01652488
832256,0.06828487
832257,0.9923417
832258,0.52524173
832259,0.0049475566
832260,0.3892216
832261,0.02740445
832262,0.008948016
832263,0.049188938
832264,0.71676266
832265,0.017811198
832266,0.004144432
832267,0.014666645
832268,0.6256856
832269,0.012362587
832270,0.8595251
832271,0.7604036
832272,0.01194784
832273,0.30354857
832274,0.99466515
832275,0.11843343
832276,0.33346355
832277,0.19373706
832278,0.905041
832279,0.00916973
832280,0.88274336
832281,0.73672783
832282,0.9807764
832283,0.67518985
832284,0.6514243
832285,0.93024564
832286,0.9979514
832287,0.99495244
832288,0.992209
832289,0.02506332
832290,0.98464316
832291,0.011957234
832292,0.88469094
832293,0.6794958
832294,0.21929842
832295,0.21948653
832296,0.013535564
832297,0.047421172
832298,0.61262023
832299,0.7704252
832300,0.75863457
832301,0.029299924
832302,0.11805496
832303,0.013553533
832304,0.046153717
832305,0.011879706
832306,0.99109435
832307,0.0072830333
832308,0.9670143
832309,0.005339773
832310,0.37314042
832311,0.016417172
832312,0.008308526
832313,0.030507138
832314,0.003372627
832315,0.042997062
832316,0.82568365
832317,0.14842327
832318,0.107418716
832319,0.8433323
832320,0.06332638
832321,0.1150935
832322,0.99150634
832323,0.91442263
832324,0.994224
832325,0.98681843
832326,0.97758347
832327,0.9455245
832328,0.4868121
832329,0.30304196
832330,0.02856633
832331,0.17554717
832332,0.9724544
832333,0.011730477
832334,0.049437594
832335,0.6475994
832336,0.96638983
832337,0.9475673
832338,0.015662003
832339,0.8152032
832340,0.8832555
832341,0.004718794
832342,0.45185873
832343,0.9995633
832344,0.29593962
832345,0.101104125
832346,0.5704087
832347,0.21684085
832348,0.05381584
832349,0.99647146
832350,0.00756325
832351,0.97420025
832352,0.79210895
832353,0.996562
832354,0.9762736
832355,0.97828096
832356,0.2536532
832357,0.8099446
832358,0.3582752
832359,0.2452448
832360,0.102363996
832361,0.02718685
832362,0.04095182
832363,0.0605236
832364,0.0010973236
832365,0.9620397
832366,0.9863261
832367,0.97527677
832368,0.84258765
832369,0.34964406
832370,0.023071157
832371,0.06479603
832372,0.9963665
832373,0.04228952
832374,0.0132239675
832375,0.04720766
832376,0.94203347
832377,0.008301478
832378,0.09510299
832379,0.00068480085
832380,0.037810724
832381,0.87212694
832382,0.16638425
832383,0.93013126
832384,0.47058308
832385,0.24541005
832386,0.008074864
832387,0.98786616
832388,0.047814187
832389,0.9980291
832390,0.97931355
832391,0.14892861
832392,0.7239319
832393,0.0036845112
832394,0.11655402
832395,0.9438456
832396,0.02483671
832397,0.2034819
832398,0.8804057
832399,0.023580331
832400,0.12571445
832401,0.018829104
832402,0.95336944
832403,0.036057606
832404,0.5656468
832405,0.661813
832406,0.008468342
832407,0.014576076
832408,0.98132205
832409,0.85809135
832410,0.072807014
832411,0.528603
832412,0.40026984
832413,0.01682942
832414,0.001408286
832415,0.7039697
832416,0.8943389
832417,0.9188707
832418,0.013168326
832419,0.6249441
832420,0.91521066
832421,0.9738878
832422,0.006976151
832423,0.0076997606
832424,0.99878436
832425,0.2762245
832426,0.054225005
832427,0.11808809
832428,0.9003963
832429,0.973781
832430,0.027878312
832431,0.16959512
832432,0.9936569
832433,0.0501992
832434,0.1100532
832435,0.94939345
832436,0.99093026
832437,0.9956598
832438,0.6040085
832439,0.9839075
832440,0.59943914
832441,0.049293227
832442,0.082592495
832443,0.016277278
832444,0.010375744
832445,0.9952965
832446,0.0927047
832447,0.8815837
832448,0.98312426
832449,0.37755483
832450,0.06639503
832451,0.95467556
832452,0.0064877
832453,0.7156633
832454,0.98941755
832455,0.80344415
832456,0.6755833
832457,0.04738494
832458,0.0024994484
832459,0.5216352
832460,0.9550382
832461,0.003847465
832462,0.9758877
832463,0.957308
832464,0.12515886
832465,0.9808029
832466,0.021433357
832467,0.9857013
832468,0.12247681
832469,0.98767203
832470,0.002374714
832471,0.15962751
832472,0.3112589
832473,0.01049934
832474,0.9970339
832475,0.99222946
832476,0.017555304
832477,0.9579334
832478,0.99053013
832479,0.06714331
832480,0.9633601
832481,0.07759856
832482,0.114504464
832483,0.017325995
832484,0.9943601
832485,0.45759806
832486,0.06090534
832487,0.0048713465
832488,0.061657667
832489,0.80640864
832490,0.030478682
832491,0.9983865
832492,0.13982695
832493,0.9824755
832494,0.0030278077
832495,0.97993904
832496,0.4772923
832497,0.31600192
832498,0.2784896
832499,0.9687129
832500,0.795699
832501,0.024126304
832502,0.011830798
832503,0.019532695
832504,0.03675416
832505,0.1496847
832506,0.5672586
832507,0.85852385
832508,0.9697956
832509,0.9318445
832510,0.04339651
832511,0.60153127
832512,0.12968855
832513,0.035893437
832514,0.0044936603
832515,0.99840945
832516,0.09873826
832517,0.0072644106
832518,0.7641217
832519,0.15953389
832520,0.075491324
832521,0.10189773
832522,0.22070058
832523,0.06414662
832524,0.9914762
832525,0.017751805
832526,0.0077745635
832527,0.6192614
832528,0.6287706
832529,0.16290313
832530,0.74482787
832531,0.002964802
832532,0.9949571
832533,0.008294379
832534,0.9919556
832535,0.018051706
832536,0.8332568
832537,0.011559918
832538,0.83478576
832539,0.039857686
832540,0.97475
832541,0.058362193
832542,0.66113627
832543,0.7511891
832544,0.005710178
832545,0.03194578
832546,0.98363507
832547,0.06421591
832548,0.9269506
832549,0.24370798
832550,0.85251254
832551,0.17362207
832552,0.9601707
832553,0.87782
832554,0.13691759
832555,0.016581083
832556,0.9513353
832557,0.92007947
832558,0.99302465
832559,0.99271417
832560,0.9844576
832561,0.83372927
832562,0.39269352
832563,0.03918402
832564,0.30336183
832565,0.90733886
832566,0.98282707
832567,0.99741316
832568,0.025682433
832569,0.98623276
832570,0.98164856
832571,0.23486821
832572,0.01234059
832573,0.98641604
832574,0.58510953
832575,0.01617266
832576,0.7108858
832577,0.57865727
832578,0.012268799
832579,0.043413684
832580,0.030822964
832581,0.3091315
832582,0.9074914
832583,0.0037367218
832584,0.31745112
832585,0.3242739
832586,0.9717294
832587,0.8378437
832588,0.13923061
832589,0.7098687
832590,0.13091397
832591,0.011735721
832592,0.014075205
832593,0.0052644378
832594,0.9860754
832595,0.22643434
832596,0.37101737
832597,0.04300935
832598,0.120102
832599,0.050787427
832600,0.98212296
832601,0.97895217
832602,0.078864366
832603,0.17408702
832604,0.031677205
832605,0.011654173
832606,0.0103425905
832607,0.5665271
832608,0.87096256
832609,0.12944852
832610,0.027019348
832611,0.9985286
832612,0.014361771
832613,0.006532958
832614,0.08285466
832615,0.98089343
832616,0.41524637
832617,0.014970928
832618,0.908286
832619,0.95654035
832620,0.9976484
832621,0.008843054
832622,0.9448917
832623,0.007113781
832624,0.042697337
832625,0.99644846
832626,0.05614619
832627,0.080535024
832628,0.9023994
832629,0.81502557
832630,0.0112281265
832631,0.9855776
832632,0.020796537
832633,0.040523227
832634,0.21148007
832635,0.009262042
832636,0.12227756
832637,0.8522315
832638,0.020694923
832639,0.041528843
832640,0.05152764
832641,0.8316634
832642,0.11482324
832643,0.9413231
832644,0.013097558
832645,0.021322943
832646,0.93814945
832647,0.9252275
832648,0.21605188
832649,0.6883859
832650,0.73518723
832651,0.10697414
832652,0.021533838
832653,0.12699649
832654,0.013786668
832655,0.9547166
832656,0.0034456197
832657,0.86176264
832658,0.9396364
832659,0.98768926
832660,0.9788034
832661,0.88264126
832662,0.84554136
832663,0.028009895
832664,0.001457968
832665,0.004166077
832666,0.96191275
832667,0.51083
832668,0.016154222
832669,0.6403936
832670,0.9477474
832671,0.11853035
832672,0.9952626
832673,0.9291327
832674,0.38223487
832675,0.021717735
832676,0.9310932
832677,0.98027563
832678,0.19467843
832679,0.06921052
832680,0.052534193
832681,0.64407784
832682,0.04931046
832683,0.013577821
832684,0.43265256
832685,0.54513645
832686,0.010431509
832687,0.361853
832688,0.86416954
832689,0.98395455
832690,0.027979685
832691,0.10230159
832692,0.15142956
832693,0.2986303
832694,0.09389444
832695,0.51962185
832696,0.9718545
832697,0.115596205
832698,0.060854115
832699,0.99861676
832700,0.30929333
832701,0.11162697
832702,0.0038673603
832703,0.21312314
832704,0.015656391
832705,0.8070643
832706,0.1588197
832707,0.0030066813
832708,0.049190838
832709,0.15619653
832710,0.9884527
832711,0.093153015
832712,0.93712664
832713,0.094589636
832714,0.048939213
832715,0.17417018
832716,0.9983752
832717,0.99908924
832718,0.0067922394
832719,0.99520266
832720,0.3158697
832721,0.01632937
832722,0.031265702
832723,0.99903977
832724,0.23362222
832725,0.96169245
832726,0.5497972
832727,0.0421269
832728,0.98038113
832729,0.5256022
832730,0.0018976205
832731,0.0051124995
832732,0.016619759
832733,0.11480946
832734,0.02518168
832735,0.025317695
832736,0.004488662
832737,0.017439324
832738,0.03442365
832739,0.7967365
832740,0.9667958
832741,0.9958383
832742,0.99416083
832743,0.98957604
832744,0.95490366
832745,0.022724599
832746,0.99232024
832747,0.03847565
832748,0.8110616
832749,0.84093356
832750,0.97183454
832751,0.9612662
832752,0.020820314
832753,0.0061372966
832754,0.03615313
832755,0.8177044
832756,0.99397177
832757,0.52324456
832758,0.06843649
832759,0.0335104
832760,0.99823606
832761,0.062094036
832762,0.96599233
832763,0.9971246
832764,0.059457786
832765,0.99536544
832766,0.88795835
832767,0.91046274
832768,0.2584722
832769,0.98757553
832770,0.004538011
832771,0.6114032
832772,0.7810909
832773,0.09272082
832774,0.6966249
832775,0.011035792
832776,0.014698673
832777,0.0011055295
832778,0.9857454
832779,0.9694291
832780,0.6465281
832781,0.9930785
832782,0.33499908
832783,0.20686308
832784,0.12655737
832785,0.96659505
832786,0.9365878
832787,0.0046864487
832788,0.16208753
832789,0.008613271
832790,0.8685705
832791,0.93447304
832792,0.38403898
832793,0.9793525
832794,0.10789303
832795,0.5278015
832796,0.9933231
832797,0.98118865
832798,0.012806968
832799,0.0037409097
832800,0.9960992
832801,0.17620453
832802,0.33406258
832803,0.9005815
832804,0.99236375
832805,0.0031852457
832806,0.022718688
832807,0.8936888
832808,0.14921075
832809,0.97267246
832810,0.005408533
832811,0.4013886
832812,0.7535549
832813,0.023743387
832814,0.11530225
832815,0.011837075
832816,0.08039838
832817,0.89967006
832818,0.36785442
832819,0.062111497
832820,0.6477533
832821,0.0514805
832822,0.98239
832823,0.056909185
832824,0.908481
832825,0.010292437
832826,0.12541822
832827,0.8945886
832828,0.559687
832829,0.049014814
832830,0.33789948
832831,0.9146919
832832,0.041241407
832833,0.96213704
832834,0.113562524
832835,0.9766724
832836,0.008189869
832837,0.025378924
832838,0.0789935
832839,0.0127380425
832840,0.07176141
832841,0.15235597
832842,0.9302186
832843,0.9973297
832844,0.7103987
832845,0.9747493
832846,0.9735346
832847,0.8674552
832848,0.9663916
832849,0.50480765
832850,0.057913445
832851,0.029112762
832852,0.72664165
832853,0.009133897
832854,0.09885219
832855,0.9367368
832856,0.085701704
832857,0.047376536
832858,0.039070643
832859,0.054142013
832860,0.75440925
832861,0.28407776
832862,0.8836737
832863,0.9624157
832864,0.011797729
832865,0.80256426
832866,0.91961837
832867,0.8464451
832868,0.049757138
832869,0.0072452184
832870,0.9969718
832871,0.0057420507
832872,0.12882662
832873,0.118559934
832874,0.011795669
832875,0.073227316
832876,0.5665157
832877,0.9991852
832878,0.97145194
832879,0.01532121
832880,0.9850735
832881,0.9941379
832882,0.99198693
832883,0.2378635
832884,0.0042277332
832885,0.93305135
832886,0.45855004
832887,0.036935315
832888,0.7403677
832889,0.019995378
832890,0.96865445
832891,0.09345632
832892,0.7318267
832893,0.9935861
832894,0.9860035
832895,0.021450965
832896,0.9965413
832897,0.629239
832898,0.99582934
832899,0.059403803
832900,0.042213194
832901,0.008598816
832902,0.9555176
832903,0.9980614
832904,0.8832599
832905,0.2369515
832906,0.95739394
832907,0.8829806
832908,0.49663728
832909,0.69596195
832910,0.13456738
832911,0.024575368
832912,0.60635835
832913,0.96625453
832914,0.03901099
832915,0.0055051055
832916,0.9933806
832917,0.016092006
832918,0.17535654
832919,0.9883963
832920,0.63157153
832921,0.97113556
832922,0.053474877
832923,0.028075913
832924,0.41124034
832925,0.9907645
832926,0.91040856
832927,0.017522184
832928,0.99962944
832929,0.15582442
832930,0.99694836
832931,0.996319
832932,0.044537444
832933,0.94258094
832934,0.033970542
832935,0.9984564
832936,0.9922639
832937,0.039964728
832938,0.046362497
832939,0.56178015
832940,0.009734828
832941,0.008367309
832942,0.08971156
832943,0.009485535
832944,0.016376242
832945,0.25153777
832946,0.952984
832947,0.99679047
832948,0.016514925
832949,0.12030674
832950,0.0048395097
832951,0.04708399
832952,0.6425643
832953,0.90328896
832954,0.75616735
832955,0.062187
832956,0.8863787
832957,0.10743916
832958,0.028549798
832959,0.008929369
832960,0.6409689
832961,0.62555355
832962,0.3553818
832963,0.9982341
832964,0.5113254
832965,0.18255696
832966,0.04216454
832967,0.43353474
832968,0.005618456
832969,0.9949939
832970,0.08800375
832971,0.043995764
832972,0.90241843
832973,0.108510315
832974,0.9534457
832975,0.068368495
832976,0.14791891
832977,0.98473036
832978,0.08786407
832979,0.26351798
832980,0.96760833
832981,0.07058089
832982,0.041216128
832983,0.014964415
832984,0.63118863
832985,0.14780666
832986,0.99725753
832987,0.012249006
832988,0.9938341
832989,0.8982055
832990,0.021960264
832991,0.12004723
832992,0.032443125
832993,0.6240603
832994,0.9850676
832995,0.003613599
832996,0.95460993
832997,0.9453904
832998,0.008635212
832999,0.0022200395
833000,0.020526487
833001,0.0058890604
833002,0.37922752
833003,0.012365279
833004,0.92102623
833005,0.01415801
833006,0.020692192
833007,0.107470036
833008,0.112102136
833009,0.99387705
833010,0.0997053
833011,0.16414496
833012,0.0046922565
833013,0.9945252
833014,0.9193084
833015,0.9963481
833016,0.051333033
833017,0.020598289
833018,0.055723052
833019,0.71487665
833020,0.1085009
833021,0.9885025
833022,0.06381266
833023,0.9964601
833024,0.9467702
833025,0.9932376
833026,0.11252398
833027,0.9779439
833028,0.17047477
833029,0.9982991
833030,0.95079595
833031,0.6836733
833032,0.9272062
833033,0.14729112
833034,0.9818251
833035,0.07237472
833036,0.6235546
833037,0.2521994
833038,0.6885153
833039,0.15605973
833040,0.9810911
833041,0.22596952
833042,0.9924162
833043,0.9951487
833044,0.0032170685
833045,0.9984251
833046,0.39468202
833047,0.9300281
833048,0.038359925
833049,0.99313617
833050,0.022325754
833051,0.08520224
833052,0.090646744
833053,0.5667825
833054,0.003188737
833055,0.98111993
833056,0.18472952
833057,0.63854027
833058,0.9799733
833059,0.99763775
833060,0.9503381
833061,0.0045059407
833062,0.86863583
833063,0.005308032
833064,0.011795922
833065,0.99426657
833066,0.010625024
833067,0.008163271
833068,0.005310651
833069,0.031442687
833070,0.050873242
833071,0.018886438
833072,0.8528
833073,0.0077022985
833074,0.017012397
833075,0.9917689
833076,0.07354033
833077,0.30297908
833078,0.15499619
833079,0.98263156
833080,0.9723241
833081,0.01481178
833082,0.97420245
833083,0.6066308
833084,0.9347478
833085,0.05557502
833086,0.6640096
833087,0.064428896
833088,0.2008483
833089,0.0452175
833090,0.010285232
833091,0.06230979
833092,0.9954621
833093,0.008143105
833094,0.96168506
833095,0.85357547
833096,0.9725924
833097,0.9945041
833098,0.3897403
833099,0.07181294
833100,0.0067081666
833101,0.011787271
833102,0.2175338
833103,0.039745882
833104,0.05436114
833105,0.6956036
833106,0.05093305
833107,0.15312855
833108,0.05914175
833109,0.99617636
833110,0.28252023
833111,0.9662597
833112,0.36082792
833113,0.0030361628
833114,0.6494536
833115,0.012917285
833116,0.28279176
833117,0.7010485
833118,0.01012188
833119,0.01889657
833120,0.9824932
833121,0.98441756
833122,0.9466747
833123,0.50031877
833124,0.0027299775
833125,0.99325734
833126,0.0063937153
833127,0.97729015
833128,0.6707223
833129,0.06780276
833130,0.8785905
833131,0.6955854
833132,0.012243682
833133,0.07487128
833134,0.98611426
833135,0.6730624
833136,0.9136642
833137,0.058429636
833138,0.035219394
833139,0.046547316
833140,0.037011504
833141,0.22848034
833142,0.0031670253
833143,0.13443494
833144,0.018185249
833145,0.38556132
833146,0.048361216
833147,0.792894
833148,0.95732784
833149,0.09257282
833150,0.05596184
833151,0.94629073
833152,0.61795425
833153,0.014782972
833154,0.043903064
833155,0.46482548
833156,0.9725952
833157,0.99600255
833158,0.8767283
833159,0.9001576
833160,0.015344381
833161,0.7212322
833162,0.015729297
833163,0.009617304
833164,0.97417057
833165,0.9868736
833166,0.88504434
833167,0.975165
833168,0.89277756
833169,0.21747777
833170,0.9985647
833171,0.8024578
833172,0.9872798
833173,0.15255374
833174,0.026481587
833175,0.0017248674
833176,0.86740863
833177,0.9992006
833178,0.9806775
833179,0.015313367
833180,0.055181853
833181,0.99001896
833182,0.99493635
833183,0.10314605
833184,0.22434133
833185,0.022368692
833186,0.52977157
833187,0.9159758
833188,0.03194495
833189,0.65885234
833190,0.87320566
833191,0.9760395
833192,0.54446936
833193,0.9536185
833194,0.012548604
833195,0.7474114
833196,0.020330727
833197,0.8632108
833198,0.5838834
833199,0.013396453
833200,0.3773519
833201,0.999057
833202,0.035102118
833203,0.6120524
833204,0.049386397
833205,0.33392578
833206,0.101650134
833207,0.013638815
833208,0.9839337
833209,0.08489794
833210,0.997293
833211,0.73598313
833212,0.013792706
833213,0.99785656
833214,0.07075092
833215,0.0056538307
833216,0.98388827
833217,0.0074030356
833218,0.022521146
833219,0.9901537
833220,0.5943677
833221,0.90505016
833222,0.051443383
833223,0.21822998
833224,0.027355522
833225,0.22576424
833226,0.9909533
833227,0.014942769
833228,0.029892908
833229,0.6128844
833230,0.02708688
833231,0.04172999
833232,0.021206949
833233,0.7028021
833234,0.9701348
833235,0.0029283483
833236,0.987961
833237,0.7180531
833238,0.47137004
833239,0.01641165
833240,0.099726036
833241,0.5785505
833242,0.06841964
833243,0.07672836
833244,0.9942994
833245,0.3176471
833246,0.3100885
833247,0.83349943
833248,0.061464027
833249,0.014363901
833250,0.9822544
833251,0.33019474
833252,0.989932
833253,0.22464737
833254,0.21850568
833255,0.025293004
833256,0.9479332
833257,0.8946399
833258,0.82133114
833259,0.9523702
833260,0.0071024974
833261,0.77419853
833262,0.926755
833263,0.9547187
833264,0.9746968
833265,0.99084216
833266,0.75252414
833267,0.028015058
833268,0.0106090475
833269,0.013506327
833270,0.99564356
833271,0.0048112273
833272,0.9860703
833273,0.7085298
833274,0.020677622
833275,0.15034384
833276,0.4704818
833277,0.024993345
833278,0.040647347
833279,0.82409436
833280,0.99439085
833281,0.08738612
833282,0.99893284
833283,0.21853665
833284,0.86239463
833285,0.02045921
833286,0.0052192276
833287,0.21391642
833288,0.022889711
833289,0.76311266
833290,0.9905114
833291,0.9143558
833292,0.82701904
833293,0.9098984
833294,0.9922222
833295,0.99530566
833296,0.954593
833297,0.18072644
833298,0.79889125
833299,0.99622536
833300,0.021148503
833301,0.9867411
833302,0.11233266
833303,0.9865713
833304,0.4780742
833305,0.07216088
833306,0.04549069
833307,0.72762954
833308,0.19350554
833309,0.039764296
833310,0.9579445
833311,0.10163419
833312,0.21320137
833313,0.0008403006
833314,0.9533886
833315,0.92918336
833316,0.8832187
833317,0.21676588
833318,0.95586056
833319,0.56251806
833320,0.9970151
833321,0.972322
833322,0.9807911
833323,0.98742336
833324,0.8992749
833325,0.97472423
833326,0.29161003
833327,0.5012158
833328,0.27543455
833329,0.0616415
833330,0.93038094
833331,0.20372215
833332,0.8257753
833333,0.9844067
833334,0.9958099
833335,0.63644946
833336,0.82471067
833337,0.13765536
833338,0.98376733
833339,0.99730766
833340,0.65992415
833341,0.97283685
833342,0.90043926
833343,0.46750778
833344,0.98823667
833345,0.9762039
833346,0.28959772
833347,0.008192788
833348,0.12031042
833349,0.9333151
833350,0.0376779
833351,0.8559551
833352,0.990541
833353,0.6412559
833354,0.57541955
833355,0.96969706
833356,0.09172164
833357,0.61883336
833358,0.820696
833359,0.9842858
833360,0.9841882
833361,0.99804676
833362,0.6269832
833363,0.025063291
833364,0.042443685
833365,0.23190425
833366,0.91785324
833367,0.04182925
833368,0.99306643
833369,0.94420344
833370,0.99907374
833371,0.84307015
833372,0.7951206
833373,0.080898225
833374,0.9924359
833375,0.23387116
833376,0.79589844
833377,0.4322621
833378,0.04827247
833379,0.015195375
833380,0.094503425
833381,0.01102528
833382,0.02618977
833383,0.07232175
833384,0.020722486
833385,0.012405425
833386,0.003509681
833387,0.081032515
833388,0.2029776
833389,0.004264678
833390,0.104713455
833391,0.03168221
833392,0.0046685073
833393,0.0024894527
833394,0.9684799
833395,0.99008363
833396,0.95644355
833397,0.11295138
833398,0.14910012
833399,0.9955223
833400,0.9191178
833401,0.008344641
833402,0.018291343
833403,0.24194933
833404,0.041827712
833405,0.9782077
833406,0.13312693
833407,0.0057377443
833408,0.6500949
833409,0.996786
833410,0.7182202
833411,0.02492602
833412,0.9516112
833413,0.6780517
833414,0.049737185
833415,0.7571217
833416,0.9456392
833417,0.10380468
833418,0.0143347215
833419,0.31880265
833420,0.046440206
833421,0.064727925
833422,0.022406954
833423,0.007857133
833424,0.75811565
833425,0.99341965
833426,0.031111361
833427,0.97329193
833428,0.013977762
833429,0.59761095
833430,0.9884809
833431,0.93457806
833432,0.051535483
833433,0.093505606
833434,0.077293605
833435,0.2727005
833436,0.19542882
833437,0.0050588762
833438,0.9993155
833439,0.9605693
833440,0.8761391
833441,0.014689631
833442,0.03739697
833443,0.023887673
833444,0.0023165264
833445,0.033151045
833446,0.023872074
833447,0.059606418
833448,0.027092455
833449,0.94501084
833450,0.23258172
833451,0.9799279
833452,0.9160526
833453,0.18247
833454,0.4168663
833455,0.47483158
833456,0.0461383
833457,0.99288964
833458,0.010972083
833459,0.12180245
833460,0.22688517
833461,0.022553844
833462,0.5320871
833463,0.7497551
833464,0.92626923
833465,0.98935354
833466,0.98672503
833467,0.9345826
833468,0.25608015
833469,0.057150234
833470,0.79907113
833471,0.23226124
833472,0.44523704
833473,0.72420776
833474,0.36316878
833475,0.017291235
833476,0.4990476
833477,0.047583356
833478,0.0036531335
833479,0.007846558
833480,0.533459
833481,0.770397
833482,0.05979531
833483,0.036228083
833484,0.5542016
833485,0.09675383
833486,0.9902697
833487,0.74776185
833488,0.22677013
833489,0.07754392
833490,0.7086783
833491,0.7166477
833492,0.23281115
833493,0.6189193
833494,0.02247319
833495,0.41819608
833496,0.9325491
833497,0.91191834
833498,0.011316442
833499,0.022677159
833500,0.9225377
833501,0.9891437
833502,0.042271458
833503,0.0035719853
833504,0.51475734
833505,0.25389308
833506,0.08314473
833507,0.057049744
833508,0.07962944
833509,0.03331045
833510,0.9818479
833511,0.014845428
833512,0.9972744
833513,0.9036292
833514,0.016889041
833515,0.9934782
833516,0.06199053
833517,0.0042088362
833518,0.15492465
833519,0.014290828
833520,0.9941246
833521,0.035338722
833522,0.008391978
833523,0.92657375
833524,0.66161597
833525,0.85143524
833526,0.14281723
833527,0.012208007
833528,0.9733429
833529,0.85737437
833530,0.6040937
833531,0.050027575
833532,0.010464637
833533,0.04338351
833534,0.0151819745
833535,0.4386834
833536,0.9492136
833537,0.9942441
833538,0.014268115
833539,0.059934005
833540,0.89219004
833541,0.99568886
833542,0.2935031
833543,0.023090014
833544,0.9876767
833545,0.0055184048
833546,0.01243641
833547,0.1336631
833548,0.9681851
833549,0.9107014
833550,0.95302016
833551,0.98024625
833552,0.19914803
833553,0.992094
833554,0.67576635
833555,0.9937605
833556,0.32626966
833557,0.7979456
833558,0.24453554
833559,0.019537093
833560,0.0084701395
833561,0.20309216
833562,0.9954456
833563,0.77579635
833564,0.48232764
833565,0.77212185
833566,0.8796578
833567,0.014257692
833568,0.88511956
833569,0.43831134
833570,0.01968881
833571,0.009300054
833572,0.9921171
833573,0.08906252
833574,0.37404478
833575,0.11786429
833576,0.031065846
833577,0.011088946
833578,0.65680337
833579,0.13387278
833580,0.037994932
833581,0.004894262
833582,0.98727983
833583,0.99253714
833584,0.011011727
833585,0.7820778
833586,0.011625818
833587,0.93016404
833588,0.99108285
833589,0.008109638
833590,0.08620739
833591,0.57778656
833592,0.34101
833593,0.98284453
833594,0.9328944
833595,0.9738995
833596,0.9693988
833597,0.010157834
833598,0.4857668
833599,0.0064547854
833600,0.27567416
833601,0.02103775
833602,0.05604421
833603,0.038494535
833604,0.015047286
833605,0.018641988
833606,0.99360806
833607,0.44655502
833608,0.99514854
833609,0.9928682
833610,0.33873364
833611,0.17649184
833612,0.24283656
833613,0.015772613
833614,0.676046
833615,0.992794
833616,0.75479543
833617,0.0044805137
833618,0.2930426
833619,0.11376632
833620,0.45105067
833621,0.10448523
833622,0.012251055
833623,0.73897374
833624,0.3623726
833625,0.016965779
833626,0.00926827
833627,0.98664254
833628,0.022773758
833629,0.85248405
833630,0.9217356
833631,0.9492507
833632,0.09005237
833633,0.10626461
833634,0.9892829
833635,0.086497754
833636,0.17569372
833637,0.87583154
833638,0.004339878
833639,0.9867637
833640,0.9741102
833641,0.040159512
833642,0.97314453
833643,0.014813841
833644,0.9281087
833645,0.9853902
833646,0.32490855
833647,0.074839436
833648,0.6500306
833649,0.2774776
833650,0.99823415
833651,0.47907665
833652,0.1297321
833653,0.047025558
833654,0.096744284
833655,0.02379698
833656,0.15464064
833657,0.014421081
833658,0.36693057
833659,0.81914216
833660,0.5548936
833661,0.92139256
833662,0.0040144976
833663,0.022467285
833664,0.6057216
833665,0.0027481501
833666,0.5042609
833667,0.009497602
833668,0.9168266
833669,0.03857504
833670,0.034377538
833671,0.48872146
833672,0.71881187
833673,0.017492954
833674,0.0067501036
833675,0.9341457
833676,0.15154049
833677,0.66177136
833678,0.93962836
833679,0.022752626
833680,0.107653484
833681,0.4944884
833682,0.8989978
833683,0.57562214
833684,0.009503145
833685,0.06930045
833686,0.89751774
833687,0.23414584
833688,0.024759376
833689,0.99162996
833690,0.009810427
833691,0.17188857
833692,0.0019103093
833693,0.99079365
833694,0.02730148
833695,0.9405478
833696,0.011999961
833697,0.15342197
833698,0.86831063
833699,0.9091954
833700,0.002332301
833701,0.37028235
833702,0.020946844
833703,0.919122
833704,0.9883198
833705,0.041770868
833706,0.97027385
833707,0.89348143
833708,0.08366139
833709,0.99344903
833710,0.80749094
833711,0.76723325
833712,0.032317746
833713,0.0059151207
833714,0.9867224
833715,0.013998881
833716,0.12022103
833717,0.015544039
833718,0.30704594
833719,0.13533394
833720,0.0010527439
833721,0.015640374
833722,0.23398614
833723,0.91775393
833724,0.002494227
833725,0.63802695
833726,0.017052706
833727,0.989447
833728,0.8079791
833729,0.048116557
833730,0.9210645
833731,0.17636201
833732,0.002739823
833733,0.9900819
833734,0.039632477
833735,0.63217515
833736,0.89915025
833737,0.9574996
833738,0.43600452
833739,0.026272818
833740,0.033673108
833741,0.20689967
833742,0.14217663
833743,0.017041773
833744,0.45642987
833745,0.018875927
833746,0.01291571
833747,0.020616764
833748,0.4917556
833749,0.18490049
833750,0.022681145
833751,0.023194265
833752,0.975061
833753,0.004435774
833754,0.011847351
833755,0.20620376
833756,0.1437397
833757,0.01680219
833758,0.983418
833759,0.9895114
833760,0.1456275
833761,0.091479026
833762,0.045637216
833763,0.02266819
833764,0.30471998
833765,0.4219404
833766,0.9793013
833767,0.037440732
833768,0.9685163
833769,0.06097506
833770,0.01958844
833771,0.92109424
833772,0.051344074
833773,0.9306884
833774,0.9162842
833775,0.61475146
833776,0.038762093
833777,0.39088398
833778,0.81134456
833779,0.3946929
833780,0.95373005
833781,0.014378458
833782,0.08848862
833783,0.57572496
833784,0.2070227
833785,0.9917369
833786,0.9481295
833787,0.36796346
833788,0.08916953
833789,0.69899756
833790,0.98974323
833791,0.96188504
833792,0.014752751
833793,0.9587433
833794,0.39975116
833795,0.30828267
833796,0.6531015
833797,0.9775305
833798,0.04216003
833799,0.9991563
833800,0.00947137
833801,0.93577087
833802,0.9915047
833803,0.058710936
833804,0.8997039
833805,0.053851258
833806,0.7588748
833807,0.896692
833808,0.70372677
833809,0.9505495
833810,0.19967662
833811,0.8098803
833812,0.011756981
833813,0.94607353
833814,0.96197164
833815,0.025742244
833816,0.99617195
833817,0.50762737
833818,0.930743
833819,0.91315794
833820,0.011716882
833821,0.25650457
833822,0.020367349
833823,0.93901736
833824,0.019059792
833825,0.08021946
833826,0.033061396
833827,0.06465158
833828,0.98119664
833829,0.8984476
833830,0.030326758
833831,0.99179775
833832,0.01064531
833833,0.93433535
833834,0.52496785
833835,0.9874154
833836,0.010710008
833837,0.12404145
833838,0.084241584
833839,0.16007525
833840,0.072430864
833841,0.9994879
833842,0.0966698
833843,0.9071362
833844,0.20898019
833845,0.005840663
833846,0.9951675
833847,0.055316858
833848,0.73608804
833849,0.33162758
833850,0.008380713
833851,0.91055214
833852,0.04651229
833853,0.4353348
833854,0.015038458
833855,0.060652785
833856,0.5106606
833857,0.9651616
833858,0.53142935
833859,0.025321411
833860,0.026518306
833861,0.99483085
833862,0.3650475
833863,0.41835216
833864,0.008175374
833865,0.08177394
833866,0.028120022
833867,0.011624818
833868,0.2261162
833869,0.8455118
833870,0.9995718
833871,0.0070261997
833872,0.0059427693
833873,0.93380046
833874,0.044640765
833875,0.8416991
833876,0.9918591
833877,0.95984215
833878,0.03273291
833879,0.99269444
833880,0.12315674
833881,0.11138046
833882,0.9265189
833883,0.11433291
833884,0.023046097
833885,0.06525514
833886,0.029739674
833887,0.031323608
833888,0.028264951
833889,0.34068614
833890,0.022257058
833891,0.009786795
833892,0.097434096
833893,0.08718761
833894,0.9915219
833895,0.258212
833896,0.015966805
833897,0.30439848
833898,0.004117779
833899,0.0148349665
833900,0.294833
833901,0.98005605
833902,0.018227704
833903,0.0015195032
833904,0.019385526
833905,0.99667704
833906,0.9777746
833907,0.014970609
833908,0.12894142
833909,0.08287698
833910,0.96149695
833911,0.012304153
833912,0.011783643
833913,0.99879
833914,0.12527707
833915,0.044869013
833916,0.9850782
833917,0.0288217
833918,0.9335496
833919,0.60072255
833920,0.35030943
833921,0.004296202
833922,0.48001903
833923,0.032363046
833924,0.47400692
833925,0.9358461
833926,0.012493136
833927,0.03831578
833928,0.6692856
833929,0.0300508
833930,0.021075549
833931,0.90984297
833932,0.055597994
833933,0.038042612
833934,0.96910965
833935,0.9950932
833936,0.18537082
833937,0.011536736
833938,0.08113883
833939,0.9873042
833940,0.5853642
833941,0.9874947
833942,0.061405472
833943,0.16619636
833944,0.124156445
833945,0.024911685
833946,0.00909871
833947,0.19641499
833948,0.062651426
833949,0.005856297
833950,0.00047587365
833951,0.123076394
833952,0.116211146
833953,0.0019820975
833954,0.003725525
833955,0.27190578
833956,0.05104633
833957,0.97507787
833958,0.98150337
833959,0.009457974
833960,0.37915343
833961,0.021603089
833962,0.023662545
833963,0.09193535
833964,0.013031898
833965,0.023882598
833966,0.9567492
833967,0.08062524
833968,0.9965973
833969,0.38474536
833970,0.0019127144
833971,0.04485616
833972,0.042545777
833973,0.061490815
833974,0.98281145
833975,0.07106828
833976,0.5205022
833977,0.9572756
833978,0.28281087
833979,0.9838457
833980,0.96715224
833981,0.035289317
833982,0.46696597
833983,0.04875552
833984,0.14424913
833985,0.003981315
833986,0.44248477
833987,0.07783397
833988,0.97489524
833989,0.10127858
833990,0.02556293
833991,0.28706872
833992,0.4505785
833993,0.17124835
833994,0.036005042
833995,0.21749403
833996,0.899639
833997,0.019241244
833998,0.004395793
833999,0.0643767
834000,0.35492417
834001,0.01337869
834002,0.81630903
834003,0.9685544
834004,0.20154482
834005,0.0046081496
834006,0.038016077
834007,0.99298775
834008,0.8850256
834009,0.95431983
834010,0.8436317
834011,0.026292942
834012,0.4317987
834013,0.8964652
834014,0.59999907
834015,0.9846191
834016,0.09296213
834017,0.02358208
834018,0.020554092
834019,0.024291866
834020,0.020217683
834021,0.9984752
834022,0.0043993955
834023,0.99800754
834024,0.62594813
834025,0.9906638
834026,0.01609158
834027,0.0013473971
834028,0.36107084
834029,0.89389604
834030,0.07449869
834031,0.10203831
834032,0.0031327428
834033,0.011592664
834034,0.0120042935
834035,0.13597058
834036,0.74326146
834037,0.78598124
834038,0.06064573
834039,0.46896514
834040,0.21358746
834041,0.033967037
834042,0.9969793
834043,0.8304615
834044,0.035848454
834045,0.011246836
834046,0.55052245
834047,0.9839872
834048,0.8279489
834049,0.997313
834050,0.1056199
834051,0.18770453
834052,0.651068
834053,0.1791346
834054,0.97280395
834055,0.9233332
834056,0.9939032
834057,0.9263731
834058,0.31030935
834059,0.98242056
834060,0.02343712
834061,0.15358198
834062,0.10913387
834063,0.106999174
834064,0.20045769
834065,0.07039832
834066,0.9880897
834067,0.50825053
834068,0.2260636
834069,0.9641875
834070,0.023330852
834071,0.69923353
834072,0.9192884
834073,0.018629557
834074,0.022983242
834075,0.9897983
834076,0.21318917
834077,0.9679455
834078,0.05476668
834079,0.3273431
834080,0.063963786
834081,0.9693465
834082,0.0045319386
834083,0.72195596
834084,0.20797262
834085,0.98928696
834086,0.33845538
834087,0.022809798
834088,0.9835823
834089,0.052820995
834090,0.993522
834091,0.24446236
834092,0.9770069
834093,0.13546051
834094,0.9072508
834095,0.7197853
834096,0.8949049
834097,0.74203753
834098,0.1441599
834099,0.044869315
834100,0.9303469
834101,0.15500002
834102,0.62713635
834103,0.05537729
834104,0.9818291
834105,0.047165386
834106,0.37218982
834107,0.95566744
834108,0.8047954
834109,0.27915025
834110,0.99883866
834111,0.4568185
834112,0.9392326
834113,0.3096019
834114,0.9738026
834115,0.82586646
834116,0.096773095
834117,0.03780242
834118,0.023379207
834119,0.7759918
834120,0.01693132
834121,0.017260987
834122,0.9296574
834123,0.1736976
834124,0.82311696
834125,0.014908593
834126,0.21114434
834127,0.030076094
834128,0.9908126
834129,0.9892254
834130,0.14236316
834131,0.019344462
834132,0.006690546
834133,0.02050168
834134,0.51293635
834135,0.07808324
834136,0.78503406
834137,0.653189
834138,0.96328384
834139,0.9515704
834140,0.0373194
834141,0.016025623
834142,0.4099623
834143,0.022489324
834144,0.25271136
834145,0.06603877
834146,0.08775851
834147,0.9740546
834148,0.014645048
834149,0.23907374
834150,0.9121052
834151,0.03678029
834152,0.039786287
834153,0.05098874
834154,0.97187316
834155,0.11175094
834156,0.014477099
834157,0.98829246
834158,0.25688046
834159,0.0751366
834160,0.9997155
834161,0.4437448
834162,0.08333257
834163,0.13349336
834164,0.001496621
834165,0.9841461
834166,0.9959583
834167,0.00441939
834168,0.93013483
834169,0.28526062
834170,0.21209419
834171,0.34037524
834172,0.95769364
834173,0.8489006
834174,0.14517093
834175,0.430181
834176,0.08581035
834177,0.9934374
834178,0.73528737
834179,0.97419316
834180,0.98833376
834181,0.046200693
834182,0.9349581
834183,0.923254
834184,0.94578785
834185,0.15757947
834186,0.91884655
834187,0.007884221
834188,0.9781298
834189,0.99791825
834190,0.0060447725
834191,0.09651986
834192,0.027841385
834193,0.9874169
834194,0.9893693
834195,0.8220755
834196,0.012471868
834197,0.09581892
834198,0.009521741
834199,0.8252547
834200,0.097278334
834201,0.04580018
834202,0.9574604
834203,0.0028391385
834204,0.29761046
834205,0.123367764
834206,0.88685596
834207,0.03935258
834208,0.05802047
834209,0.28142735
834210,0.18715224
834211,0.0015963245
834212,0.07898614
834213,0.013464679
834214,0.7261065
834215,0.10210429
834216,0.8810072
834217,0.010578852
834218,0.84722644
834219,0.9928635
834220,0.9384491
834221,0.99059767
834222,0.107059956
834223,0.5318097
834224,0.99761194
834225,0.038125336
834226,0.94775546
834227,0.7864671
834228,0.032983012
834229,0.009116896
834230,0.9233068
834231,0.7739384
834232,0.14375204
834233,0.015179158
834234,0.98643875
834235,0.002549811
834236,0.005694962
834237,0.9367343
834238,0.99243414
834239,0.11688119
834240,0.6366157
834241,0.060372133
834242,0.8853929
834243,0.9984125
834244,0.89491254
834245,0.998845
834246,0.014611999
834247,0.73765576
834248,0.99886423
834249,0.02463712
834250,0.81432295
834251,0.9822336
834252,0.011646488
834253,0.9748946
834254,0.8225416
834255,0.9939824
834256,0.9566801
834257,0.7548418
834258,0.87968004
834259,0.013474994
834260,0.8654341
834261,0.7989652
834262,0.0035979503
834263,0.9738713
834264,0.96646196
834265,0.48132637
834266,0.0030070273
834267,0.035385735
834268,0.012530415
834269,0.9958452
834270,0.05559649
834271,0.15687515
834272,0.008909454
834273,0.9729997
834274,0.13506614
834275,0.029867982
834276,0.9915389
834277,0.054960705
834278,0.8567046
834279,0.017809648
834280,0.93337697
834281,0.06782365
834282,0.9356807
834283,0.62937784
834284,0.32862055
834285,0.99768245
834286,0.99605876
834287,0.8744215
834288,0.15480533
834289,0.74068594
834290,0.9521722
834291,0.18435773
834292,0.2572146
834293,0.030049039
834294,0.121657625
834295,0.9097419
834296,0.2728971
834297,0.99604654
834298,0.18782118
834299,0.99757046
834300,0.23485222
834301,0.71933115
834302,0.19463313
834303,0.010111244
834304,0.61121964
834305,0.12871179
834306,0.004057821
834307,0.23282366
834308,0.8095928
834309,0.9592585
834310,0.0054796436
834311,0.0058407476
834312,0.035299562
834313,0.7045885
834314,0.05956807
834315,0.013384715
834316,0.99589443
834317,0.97989076
834318,0.006208571
834319,0.008673034
834320,0.01422305
834321,0.7109548
834322,0.5642187
834323,0.9207458
834324,0.010589149
834325,0.75418854
834326,0.2583909
834327,0.7011298
834328,0.9982077
834329,0.03907408
834330,0.01957613
834331,0.5027658
834332,0.033485502
834333,0.04101266
834334,0.6252731
834335,0.96673536
834336,0.10349526
834337,0.004855348
834338,0.081754796
834339,0.23643236
834340,0.52187866
834341,0.09422466
834342,0.70410347
834343,0.07482365
834344,0.5735638
834345,0.9942512
834346,0.17855532
834347,0.8584309
834348,0.060262714
834349,0.97919846
834350,0.9992983
834351,0.850008
834352,0.9898277
834353,0.0025974296
834354,0.035680916
834355,0.993708
834356,0.9402046
834357,0.9978992
834358,0.17017761
834359,0.6764075
834360,0.50152713
834361,0.012005373
834362,0.7639953
834363,0.013638354
834364,0.14600359
834365,0.9115169
834366,0.93738127
834367,0.8579703
834368,0.23778424
834369,0.9289424
834370,0.9336739
834371,0.98527086
834372,0.011418073
834373,0.029346462
834374,0.98602533
834375,0.23943567
834376,0.15462837
834377,0.8905296
834378,0.0008601309
834379,0.98955494
834380,0.15392016
834381,0.99792135
834382,0.7129639
834383,0.008504424
834384,0.008210847
834385,0.5783669
834386,0.9924114
834387,0.016571103
834388,0.2530946
834389,0.9607795
834390,0.7275753
834391,0.57460594
834392,0.5766838
834393,0.99983275
834394,0.03756499
834395,0.9479904
834396,0.14485505
834397,0.01015719
834398,0.027257431
834399,0.16893956
834400,0.85722786
834401,0.10374567
834402,0.8247766
834403,0.4075491
834404,0.15991642
834405,0.011297776
834406,0.007246259
834407,0.016424369
834408,0.41087118
834409,0.31856623
834410,0.36859462
834411,0.006103707
834412,0.72219276
834413,0.9747436
834414,0.389323
834415,0.0060342187
834416,0.93159914
834417,0.99502456
834418,0.9967663
834419,0.034386285
834420,0.05733407
834421,0.07113034
834422,0.99301857
834423,0.14800456
834424,0.9829868
834425,0.15396498
834426,0.2668853
834427,0.9730077
834428,0.02570793
834429,0.12239124
834430,0.18172061
834431,0.019209435
834432,0.5181389
834433,0.6771598
834434,0.16457164
834435,0.99113286
834436,0.46103123
834437,0.14514378
834438,0.9959864
834439,0.8047624
834440,0.5893268
834441,0.026122011
834442,0.36207175
834443,0.21018457
834444,0.84016573
834445,0.032364592
834446,0.811901
834447,0.99268734
834448,0.9778704
834449,0.582711
834450,0.0037404266
834451,0.91408324
834452,0.006920876
834453,0.9991551
834454,0.92590916
834455,0.9323652
834456,0.9116688
834457,0.97222036
834458,0.43884385
834459,0.8015899
834460,0.64979565
834461,0.025410946
834462,0.025697038
834463,0.80478406
834464,0.073699534
834465,0.9929794
834466,0.015265405
834467,0.02384223
834468,0.22776431
834469,0.35210934
834470,0.004264379
834471,0.30443993
834472,0.030465882
834473,0.9915785
834474,0.22380805
834475,0.5479841
834476,0.25012016
834477,0.0042949184
834478,0.026854932
834479,0.86661565
834480,0.9777436
834481,0.73781854
834482,0.0816928
834483,0.07128568
834484,0.017977707
834485,0.07517042
834486,0.015193068
834487,0.99398893
834488,0.08920778
834489,0.9627491
834490,0.49424005
834491,0.011844773
834492,0.98245335
834493,0.14495367
834494,0.007684507
834495,0.0038309519
834496,0.8209468
834497,0.9664259
834498,0.009391264
834499,0.9850603
834500,0.9855412
834501,0.9950457
834502,0.5033737
834503,0.030142456
834504,0.7058117
834505,0.0033593022
834506,0.9678182
834507,0.009802177
834508,0.9966438
834509,0.5016935
834510,0.012182996
834511,0.00222256
834512,0.020186134
834513,0.9248764
834514,0.99759436
834515,0.07031044
834516,0.052885734
834517,0.94202113
834518,0.41139442
834519,0.98222506
834520,0.2093742
834521,0.9974031
834522,0.0017825948
834523,0.26153487
834524,0.004359461
834525,0.29631492
834526,0.8328367
834527,0.5079811
834528,0.021529714
834529,0.044689905
834530,0.99016523
834531,0.98634565
834532,0.057799574
834533,0.76822126
834534,0.03752507
834535,0.7336607
834536,0.25557804
834537,0.03350072
834538,0.018235339
834539,0.031742517
834540,0.018524135
834541,0.09624934
834542,0.025450855
834543,0.13206261
834544,0.007159683
834545,0.30321562
834546,0.16688086
834547,0.29771096
834548,0.9982388
834549,0.03097548
834550,0.8835213
834551,0.94611925
834552,0.971919
834553,0.54568386
834554,0.19502395
834555,0.919103
834556,0.9480996
834557,0.10256044
834558,0.15465805
834559,0.9624803
834560,0.9838526
834561,0.9900738
834562,0.22989249
834563,0.995404
834564,0.037222244
834565,0.025773853
834566,0.979851
834567,0.21348
834568,0.8251458
834569,0.8629851
834570,0.88365495
834571,0.009482527
834572,0.26077902
834573,0.9784032
834574,0.12802109
834575,0.95701724
834576,0.99888325
834577,0.004611776
834578,0.96277666
834579,0.032456763
834580,0.87110525
834581,0.057050094
834582,0.29435238
834583,0.3078838
834584,0.13024856
834585,0.017271345
834586,0.026564306
834587,0.11911407
834588,0.9202054
834589,0.005004062
834590,0.6390304
834591,0.18293461
834592,0.02404843
834593,0.99701595
834594,0.1148905
834595,0.33455348
834596,0.033844087
834597,0.020329477
834598,0.99950814
834599,0.009316449
834600,0.0061911186
834601,0.9705469
834602,0.003950767
834603,0.0062778685
834604,0.99052083
834605,0.97752964
834606,0.060141854
834607,0.984062
834608,0.7364977
834609,0.6634863
834610,0.9805323
834611,0.98669285
834612,0.03861452
834613,0.8170779
834614,0.96562266
834615,0.99456596
834616,0.050063293
834617,0.0304775
834618,0.86783314
834619,0.92142546
834620,0.40213722
834621,0.009182173
834622,0.053202577
834623,0.19197066
834624,0.1618603
834625,0.11768256
834626,0.040761597
834627,0.98389065
834628,0.32153136
834629,0.9554179
834630,0.1293434
834631,0.994606
834632,0.010951346
834633,0.61128163
834634,0.008951865
834635,0.98227036
834636,0.111513376
834637,0.3741956
834638,0.25539777
834639,0.85045654
834640,0.14030662
834641,0.5911628
834642,0.99703795
834643,0.49947464
834644,0.019995349
834645,0.0049739783
834646,0.003891831
834647,0.04097563
834648,0.3029404
834649,0.008339909
834650,0.8583883
834651,0.9737023
834652,0.8474613
834653,0.0016794438
834654,0.31085694
834655,0.46754792
834656,0.20446831
834657,0.9903241
834658,0.1482811
834659,0.4804678
834660,0.9827666
834661,0.08187423
834662,0.8574727
834663,0.032891903
834664,0.9479546
834665,0.008376177
834666,0.47858664
834667,0.06440893
834668,0.8426864
834669,0.022183511
834670,0.031195942
834671,0.08906719
834672,0.010220577
834673,0.011546212
834674,0.46631694
834675,0.96507215
834676,0.9617932
834677,0.013002948
834678,0.020124009
834679,0.69838893
834680,0.28049338
834681,0.12780808
834682,0.9620925
834683,0.9886335
834684,0.0021729115
834685,0.043691568
834686,0.99298954
834687,0.0061251447
834688,0.9615454
834689,0.49838495
834690,0.0029798355
834691,0.020448074
834692,0.99396765
834693,0.04226467
834694,0.833434
834695,0.9989517
834696,0.84154016
834697,0.6635783
834698,0.030378623
834699,0.99839187
834700,0.76189923
834701,0.9479314
834702,0.0094725955
834703,0.99274653
834704,0.9159743
834705,0.45256054
834706,0.9958816
834707,0.89850765
834708,0.98359495
834709,0.019451322
834710,0.74016297
834711,0.9282044
834712,0.7012349
834713,0.0051059057
834714,0.12017415
834715,0.0063307835
834716,0.02403386
834717,0.76612
834718,0.9861899
834719,0.987348
834720,0.99593914
834721,0.20829016
834722,0.0014569068
834723,0.1192718
834724,0.0019035793
834725,0.57043827
834726,0.9987488
834727,0.9591988
834728,0.96301556
834729,0.99818766
834730,0.8615053
834731,0.98386484
834732,0.88516545
834733,0.99783134
834734,0.99693793
834735,0.95910454
834736,0.92163527
834737,0.008224859
834738,0.8949216
834739,0.011489635
834740,0.9353429
834741,0.1770656
834742,0.96791375
834743,0.34377012
834744,0.8830078
834745,0.24562551
834746,0.027191136
834747,0.040926084
834748,0.40206587
834749,0.1978792
834750,0.25611427
834751,0.08878154
834752,0.051147968
834753,0.013722652
834754,0.5634406
834755,0.95057845
834756,0.0110963145
834757,0.044856235
834758,0.13104664
834759,0.07770588
834760,0.997556
834761,0.9451466
834762,0.066575125
834763,0.99897003
834764,0.013291979
834765,0.77511084
834766,0.94257724
834767,0.9377613
834768,0.2217446
834769,0.9102851
834770,0.00859557
834771,0.6311941
834772,0.8737821
834773,0.9762354
834774,0.6455277
834775,0.93342084
834776,0.5940768
834777,0.9918473
834778,0.094047695
834779,0.5774683
834780,0.11306864
834781,0.023502422
834782,0.057381716
834783,0.041216657
834784,0.009380444
834785,0.96881366
834786,0.9615591
834787,0.96730673
834788,0.022965012
834789,0.23298046
834790,0.07791941
834791,0.97327024
834792,0.9119724
834793,0.2323906
834794,0.16189234
834795,0.027207773
834796,0.056313947
834797,0.17746858
834798,0.9558636
834799,0.986529
834800,0.0064617554
834801,0.9799405
834802,0.062281065
834803,0.20969146
834804,0.9883056
834805,0.32934886
834806,0.09887477
834807,0.8381637
834808,0.9979934
834809,0.6450442
834810,0.140769
834811,0.26292098
834812,0.0049563576
834813,0.99458504
834814,0.9861883
834815,0.9690895
834816,0.9890497
834817,0.43565047
834818,0.9964308
834819,0.9940415
834820,0.03208789
834821,0.99716866
834822,0.98458105
834823,0.7669072
834824,0.07348138
834825,0.0046372195
834826,0.9589092
834827,0.086845435
834828,0.0035614804
834829,0.14977503
834830,0.9978009
834831,0.8323941
834832,0.778906
834833,0.907439
834834,0.08093239
834835,0.1340448
834836,0.0065757884
834837,0.9819648
834838,0.078786574
834839,0.033336073
834840,0.20502104
834841,0.14784497
834842,0.32123226
834843,0.011086733
834844,0.52490836
834845,0.9857478
834846,0.11332539
834847,0.9884826
834848,0.04911248
834849,0.9282499
834850,0.00895809
834851,0.050370652
834852,0.024608389
834853,0.3127984
834854,0.240934
834855,0.9986913
834856,0.079189904
834857,0.88784134
834858,0.8856906
834859,0.0044707786
834860,0.14904377
834861,0.010564959
834862,0.8713888
834863,0.045203812
834864,0.9523385
834865,0.94937545
834866,0.04844141
834867,0.978366
834868,0.07729653
834869,0.61328363
834870,0.02400152
834871,0.14487891
834872,0.8451426
834873,0.47293264
834874,0.8307927
834875,0.8628616
834876,0.07852513
834877,0.13733518
834878,0.023954306
834879,0.03946896
834880,0.0035423269
834881,0.91645
834882,0.05519425
834883,0.89487094
834884,0.45695275
834885,0.99158204
834886,0.9579987
834887,0.02569915
834888,0.07748589
834889,0.5170869
834890,0.9887583
834891,0.02834319
834892,0.92476124
834893,0.0034929542
834894,0.015975092
834895,0.14841211
834896,0.4728177
834897,0.82929206
834898,0.0077614817
834899,0.0745092
834900,0.017087031
834901,0.48914555
834902,0.0068242108
834903,0.9723419
834904,0.92521757
834905,0.2399906
834906,0.7593298
834907,0.03775119
834908,0.9713583
834909,0.055876892
834910,0.9952757
834911,0.9934695
834912,0.19197527
834913,0.9968669
834914,0.9434124
834915,0.13231975
834916,0.18169804
834917,0.017841285
834918,0.99495363
834919,0.056578923
834920,0.8720538
834921,0.05930923
834922,0.99366856
834923,0.51861656
834924,0.032435156
834925,0.94654775
834926,0.045761097
834927,0.9336492
834928,0.09976788
834929,0.0049938476
834930,0.66209066
834931,0.5232481
834932,0.24551687
834933,0.59593725
834934,0.008534053
834935,0.15848503
834936,0.920424
834937,0.998857
834938,0.024113381
834939,0.8226261
834940,0.9773718
834941,0.37655222
834942,0.925048
834943,0.0020813802
834944,0.0034049035
834945,0.01350923
834946,0.95176387
834947,0.95544684
834948,0.0046571703
834949,0.97507215
834950,0.9734382
834951,0.5220026
834952,0.012214379
834953,0.22811
834954,0.99000853
834955,0.35900325
834956,0.004230894
834957,0.055009406
834958,0.07223844
834959,0.98400193
834960,0.023285452
834961,0.8489582
834962,0.017139034
834963,0.66046846
834964,0.056396253
834965,0.3686604
834966,0.9529228
834967,0.020163367
834968,0.02745451
834969,0.9579154
834970,0.014159588
834971,0.98699117
834972,0.108421534
834973,0.8645346
834974,0.014339152
834975,0.94499093
834976,0.91308695
834977,0.01538996
834978,0.004896852
834979,0.6841264
834980,0.95205927
834981,0.3660345
834982,0.95531917
834983,0.940546
834984,0.4647414
834985,0.96838176
834986,0.9909605
834987,0.9048811
834988,0.009244782
834989,0.033709373
834990,0.075209215
834991,0.97906685
834992,0.10979676
834993,0.033561595
834994,0.99716794
834995,0.31855333
834996,0.18654586
834997,0.9491919
834998,0.0054989485
834999,0.010543704
835000,0.04015004
835001,0.8348823
835002,0.9030602
835003,0.9514514
835004,0.97787577
835005,0.95360726
835006,0.021853575
835007,0.033365298
835008,0.0038161937
835009,0.17525125
835010,0.9977686
835011,0.9504094
835012,0.17895995
835013,0.0030268673
835014,0.06606257
835015,0.97117245
835016,0.25413013
835017,0.12091558
835018,0.9592049
835019,0.016968232
835020,0.911103
835021,0.5013974
835022,0.023255788
835023,0.6069363
835024,0.9953705
835025,0.007580889
835026,0.9883747
835027,0.34643522
835028,0.9141609
835029,0.9987979
835030,0.96615267
835031,0.2276729
835032,0.2706388
835033,0.0543773
835034,0.9905616
835035,0.9218432
835036,0.9551518
835037,0.06666292
835038,0.99746764
835039,0.15334666
835040,0.98610926
835041,0.48533055
835042,0.007897609
835043,0.5039081
835044,0.5643873
835045,0.035525657
835046,0.38235074
835047,0.021639556
835048,0.97427595
835049,0.98972666
835050,0.96502465
835051,0.9983499
835052,0.081865124
835053,0.94516885
835054,0.012489924
835055,0.08776297
835056,0.030856883
835057,0.05335092
835058,0.025224881
835059,0.1467934
835060,0.13810772
835061,0.13498408
835062,0.98699135
835063,0.01923452
835064,0.6366538
835065,0.57033265
835066,0.8407257
835067,0.09196396
835068,0.072154224
835069,0.003786705
835070,0.96327525
835071,0.0089013195
835072,0.0011677633
835073,0.026346436
835074,0.9879643
835075,0.9750707
835076,0.009327438
835077,0.026351526
835078,0.69201195
835079,0.92223144
835080,0.12250829
835081,0.9577198
835082,0.034015115
835083,0.96398616
835084,0.0020490517
835085,0.009133478
835086,0.756917
835087,0.040866405
835088,0.027840925
835089,0.929625
835090,0.22046232
835091,0.99641764
835092,0.9823191
835093,0.020341087
835094,0.035760645
835095,0.99932206
835096,0.005839103
835097,0.9975282
835098,0.0076346486
835099,0.901218
835100,0.910507
835101,0.017698986
835102,0.015126612
835103,0.24609399
835104,0.036683418
835105,0.98401344
835106,0.049952
835107,0.023156466
835108,0.060759887
835109,0.6092236
835110,0.6196771
835111,0.2688829
835112,0.009184578
835113,0.005995546
835114,0.1335023
835115,0.99702346
835116,0.8943296
835117,0.0824939
835118,0.009653471
835119,0.042095065
835120,0.51563114
835121,0.5044669
835122,0.8819572
835123,0.9970964
835124,0.9674883
835125,0.02208131
835126,0.744205
835127,0.989626
835128,0.9924417
835129,0.4933713
835130,0.021528319
835131,0.008389225
835132,0.022507433
835133,0.033065345
835134,0.18006513
835135,0.010928975
835136,0.15941033
835137,0.26801482
835138,0.51618767
835139,0.96620286
835140,0.9980277
835141,0.117614016
835142,0.036465425
835143,0.9513774
835144,0.13106784
835145,0.98791546
835146,0.60878325
835147,0.9967047
835148,0.04974488
835149,0.002526179
835150,0.070464686
835151,0.9242774
835152,0.9923432
835153,0.014453259
835154,0.0031279982
835155,0.98033965
835156,0.16839665
835157,0.19093174
835158,0.9825481
835159,0.983449
835160,0.31002313
835161,0.98966914
835162,0.6401895
835163,0.9216678
835164,0.9217907
835165,0.88469815
835166,0.00790417
835167,0.085858874
835168,0.018026773
835169,0.99037427
835170,0.27657798
835171,0.9920978
835172,0.73558265
835173,0.0039633475
835174,0.99113953
835175,0.046975844
835176,0.08826044
835177,0.012666573
835178,0.933295
835179,0.16703764
835180,0.022463813
835181,0.8552423
835182,0.011158131
835183,0.32259324
835184,0.07133769
835185,0.97404957
835186,0.9943313
835187,0.029627847
835188,0.07716109
835189,0.997113
835190,0.008363363
835191,0.3961209
835192,0.046455648
835193,0.9770826
835194,0.9666415
835195,0.0111543285
835196,0.3044692
835197,0.6633006
835198,0.3079757
835199,0.9931539
835200,0.09240309
835201,0.030884365
835202,0.10957586
835203,0.02563699
835204,0.016277157
835205,0.8694152
835206,0.5147814
835207,0.0050399704
835208,0.04074286
835209,0.16406561
835210,0.55695635
835211,0.026856601
835212,0.0877027
835213,0.24102429
835214,0.007604057
835215,0.085792564
835216,0.93616045
835217,0.26778048
835218,0.9805896
835219,0.007584271
835220,0.05856105
835221,0.96198624
835222,0.029136764
835223,0.01886414
835224,0.74760216
835225,0.041403964
835226,0.09284338
835227,0.26804
835228,0.0056151487
835229,0.0011951716
835230,0.3256029
835231,0.098188885
835232,0.00838543
835233,0.02735475
835234,0.03460221
835235,0.9962902
835236,0.023950972
835237,0.9958986
835238,0.037711453
835239,0.9862053
835240,0.020968776
835241,0.005361822
835242,0.020076318
835243,0.9629786
835244,0.9896833
835245,0.0437988
835246,0.9599261
835247,0.7990246
835248,0.14133385
835249,0.9983223
835250,0.9952751
835251,0.0064857337
835252,0.005060032
835253,0.012358937
835254,0.10993653
835255,0.9740618
835256,0.64264274
835257,0.008650773
835258,0.044977747
835259,0.024250405
835260,0.015035516
835261,0.7248019
835262,0.9239543
835263,0.008772418
835264,0.99886537
835265,0.99857724
835266,0.98570335
835267,0.56942177
835268,0.9811729
835269,0.0872793
835270,0.03348964
835271,0.37437853
835272,0.017166752
835273,0.23702432
835274,0.7055623
835275,0.775037
835276,0.3504288
835277,0.12753136
835278,0.99808884
835279,0.11692529
835280,0.99408424
835281,0.037091844
835282,0.8019806
835283,0.8497914
835284,0.044570852
835285,0.97676986
835286,0.1908
835287,0.008117127
835288,0.01686595
835289,0.97277355
835290,0.06734143
835291,0.35721853
835292,0.02006904
835293,0.68193007
835294,0.94080085
835295,0.008401444
835296,0.3360688
835297,0.82322675
835298,0.0096721165
835299,0.015851991
835300,0.018478148
835301,0.008689636
835302,0.7244817
835303,0.63448405
835304,0.06707278
835305,0.86188734
835306,0.56530017
835307,0.9762557
835308,0.005091127
835309,0.99234915
835310,0.828993
835311,0.95477164
835312,0.948876
835313,0.12316291
835314,0.4745248
835315,0.9678046
835316,0.012051006
835317,0.88760996
835318,0.42314947
835319,0.0029881757
835320,0.7473358
835321,0.005281949
835322,0.0140384715
835323,0.48215926
835324,0.08168158
835325,0.96443003
835326,0.9586119
835327,0.7289334
835328,0.037275836
835329,0.18390171
835330,0.9977048
835331,0.9288597
835332,0.737234
835333,0.2777904
835334,0.10180456
835335,0.0051723924
835336,0.008728072
835337,0.004924016
835338,0.96057326
835339,0.0078447
835340,0.45402265
835341,0.053777695
835342,0.99597645
835343,0.96500325
835344,0.28568983
835345,0.9902805
835346,0.6294594
835347,0.0116530685
835348,0.95354146
835349,0.012792244
835350,0.016462078
835351,0.025716342
835352,0.36016697
835353,0.019284155
835354,0.0056549096
835355,0.041313466
835356,0.99527556
835357,0.55500674
835358,0.9939414
835359,0.8023922
835360,0.36284673
835361,0.81773853
835362,0.055053633
835363,0.58389646
835364,0.9763076
835365,0.9697
835366,0.071136534
835367,0.04607798
835368,0.21336205
835369,0.91838527
835370,0.73536146
835371,0.018726835
835372,0.9915061
835373,0.83071053
835374,0.056541633
835375,0.09926609
835376,0.013183562
835377,0.09200479
835378,0.011607718
835379,0.10139539
835380,0.07497512
835381,0.85093665
835382,0.9578522
835383,0.16218948
835384,0.8917669
835385,0.00068612816
835386,0.40724838
835387,0.007083011
835388,0.077934526
835389,0.015056532
835390,0.99520487
835391,0.0074452627
835392,0.9978281
835393,0.95922273
835394,0.9863324
835395,0.9761958
835396,0.14395423
835397,0.9953902
835398,0.96642494
835399,0.21496966
835400,0.988436
835401,0.003008102
835402,0.0028895435
835403,0.9061241
835404,0.7094601
835405,0.02310164
835406,0.9777005
835407,0.98120046
835408,0.0729909
835409,0.93775964
835410,0.011516234
835411,0.985709
835412,0.0032555142
835413,0.001591996
835414,0.99548143
835415,0.99252266
835416,0.023497697
835417,0.052227817
835418,0.9534888
835419,0.022430457
835420,0.98626035
835421,0.15404406
835422,0.9719418
835423,0.8287085
835424,0.012683898
835425,0.18561374
835426,0.042087417
835427,0.5420803
835428,0.097446464
835429,0.99451554
835430,0.9586222
835431,0.95233315
835432,0.0748767
835433,0.3623833
835434,0.25680536
835435,0.5646169
835436,0.95179784
835437,0.9805666
835438,0.28890097
835439,0.9724833
835440,0.6893536
835441,0.06721242
835442,0.4108669
835443,0.05447618
835444,0.12837172
835445,0.9167069
835446,0.012818766
835447,0.95740527
835448,0.13235533
835449,0.11346794
835450,0.5698103
835451,0.99741244
835452,0.9485574
835453,0.9435631
835454,0.91258484
835455,0.0017243734
835456,0.9991181
835457,0.13372749
835458,0.30893433
835459,0.47153908
835460,0.9308489
835461,0.00932374
835462,0.975549
835463,0.44387358
835464,0.04097631
835465,0.0124458615
835466,0.006122338
835467,0.08193095
835468,0.06927689
835469,0.9801529
835470,0.0064582843
835471,0.024024138
835472,0.96504545
835473,0.7333822
835474,0.011612639
835475,0.9987507
835476,0.68911004
835477,0.008476255
835478,0.42173213
835479,0.034250777
835480,0.0070845173
835481,0.15139803
835482,0.46433702
835483,0.9679093
835484,0.9910517
835485,0.03882841
835486,0.8469863
835487,0.13422605
835488,0.67309207
835489,0.8361792
835490,0.99797875
835491,0.9902693
835492,0.90118146
835493,0.0167992
835494,0.9522792
835495,0.8023767
835496,0.01125422
835497,0.9514436
835498,0.00042369717
835499,0.18707174
835500,0.5249342
835501,0.9625194
835502,0.90651155
835503,0.81970364
835504,0.9871119
835505,0.01356598
835506,0.53309655
835507,0.2543796
835508,0.97805005
835509,0.99071693
835510,0.99082565
835511,0.24220008
835512,0.9678614
835513,0.014888801
835514,0.0019768004
835515,0.4908019
835516,0.0045406795
835517,0.041115522
835518,0.13977182
835519,0.98842466
835520,0.4312852
835521,0.012315801
835522,0.16752382
835523,0.12370541
835524,0.5941094
835525,0.6608614
835526,0.012010814
835527,0.054417696
835528,0.98321635
835529,0.007196866
835530,0.8466002
835531,0.89038837
835532,0.04249087
835533,0.067445315
835534,0.028941298
835535,0.09786363
835536,0.1261137
835537,0.9894596
835538,0.9738881
835539,0.99535996
835540,0.061656624
835541,0.70508367
835542,0.5771316
835543,0.6891642
835544,0.03688955
835545,0.3583982
835546,0.064982146
835547,0.9906527
835548,0.025922634
835549,0.020542063
835550,0.053793527
835551,0.9881715
835552,0.033741284
835553,0.28827736
835554,0.8176373
835555,0.059085242
835556,0.98633945
835557,0.97616374
835558,0.7252056
835559,0.04372587
835560,0.010646093
835561,0.11388202
835562,0.6773197
835563,0.027069844
835564,0.027036881
835565,0.0073443875
835566,0.041982338
835567,0.07838208
835568,0.14697684
835569,0.043161787
835570,0.027825052
835571,0.6849101
835572,0.006084695
835573,0.46241793
835574,0.02639141
835575,0.061616737
835576,0.21321698
835577,0.014597718
835578,0.19446543
835579,0.078403525
835580,0.99729615
835581,0.06061172
835582,0.96468186
835583,0.95239764
835584,0.14285561
835585,0.9956948
835586,0.94623435
835587,0.10223374
835588,0.9900242
835589,0.24547012
835590,0.15459487
835591,0.99682
835592,0.027347492
835593,0.999309
835594,0.4051714
835595,0.012396496
835596,0.43098986
835597,0.9470615
835598,0.99475044
835599,0.52964807
835600,0.87029356
835601,0.043668203
835602,0.77831227
835603,0.084160395
835604,0.9879893
835605,0.12789279
835606,0.9961368
835607,0.90530276
835608,0.0051525766
835609,0.00335314
835610,0.9853477
835611,0.0095392065
835612,0.20150542
835613,0.007754845
835614,0.2041258
835615,0.8816445
835616,0.9826575
835617,0.947541
835618,0.9447528
835619,0.6328956
835620,0.9728997
835621,0.019509902
835622,0.049944974
835623,0.9416552
835624,0.9488829
835625,0.12835124
835626,0.0037425735
835627,0.1768072
835628,0.43414485
835629,0.04449427
835630,0.91387194
835631,0.9827373
835632,0.02401539
835633,0.97629845
835634,0.06619703
835635,0.508057
835636,0.9343126
835637,0.060324185
835638,0.9130924
835639,0.04432523
835640,0.46881497
835641,0.9948162
835642,0.96904886
835643,0.22514102
835644,0.959871
835645,0.33533403
835646,0.76236326
835647,0.9499444
835648,0.98881143
835649,0.9543973
835650,0.986031
835651,0.76267385
835652,0.13268031
835653,0.014396022
835654,0.018272804
835655,0.64805335
835656,0.020834096
835657,0.9949939
835658,0.011481658
835659,0.6956082
835660,0.9615879
835661,0.9767384
835662,0.9959419
835663,0.9950478
835664,0.0022458094
835665,0.010972595
835666,0.7978617
835667,0.24653585
835668,0.037482895
835669,0.9061953
835670,0.2429719
835671,0.9367399
835672,0.04968876
835673,0.0846842
835674,0.04592394
835675,0.71391445
835676,0.9724407
835677,0.58692056
835678,0.10943861
835679,0.07087007
835680,0.14838088
835681,0.08782731
835682,0.20084955
835683,0.040944673
835684,0.048507676
835685,0.9995338
835686,0.23457071
835687,0.6290082
835688,0.03185838
835689,0.39731684
835690,0.99933404
835691,0.8597885
835692,0.99188024
835693,0.0020983005
835694,0.06731334
835695,0.38439882
835696,0.9936094
835697,0.9333752
835698,0.97188693
835699,0.99940807
835700,0.96400124
835701,0.17569011
835702,0.505367
835703,0.0038340497
835704,0.011438281
835705,0.33218363
835706,0.7616545
835707,0.04906419
835708,0.16723207
835709,0.9992218
835710,0.8853532
835711,0.7935302
835712,0.31830144
835713,0.98634803
835714,0.6313604
835715,0.34716222
835716,0.21501684
835717,0.019762058
835718,0.00272624
835719,0.063110724
835720,0.030712873
835721,0.45054626
835722,0.72781146
835723,0.9743735
835724,0.7398874
835725,0.039945785
835726,0.026766397
835727,0.8120855
835728,0.0038340467
835729,0.069694065
835730,0.1015561
835731,0.1783387
835732,0.96172136
835733,0.08227149
835734,0.857503
835735,0.90627337
835736,0.7127097
835737,0.751598
835738,0.52014285
835739,0.022893459
835740,0.9521352
835741,0.43652725
835742,0.95483875
835743,0.9254145
835744,0.040240876
835745,0.35188308
835746,0.8724773
835747,0.028195191
835748,0.98506665
835749,0.002775501
835750,0.23462527
835751,0.9855397
835752,0.036976326
835753,0.033371814
835754,0.17406555
835755,0.99386764
835756,0.03188047
835757,0.9792129
835758,0.06366686
835759,0.0036471812
835760,0.08739571
835761,0.9343679
835762,0.996973
835763,0.92391944
835764,0.013483917
835765,0.041100465
835766,0.9148083
835767,0.05126697
835768,0.7957759
835769,0.45651954
835770,0.8520483
835771,0.030666597
835772,0.19904646
835773,0.3380127
835774,0.24139437
835775,0.12791513
835776,0.0025051832
835777,0.018630829
835778,0.9948632
835779,0.05501014
835780,0.16257098
835781,0.9993043
835782,0.12957823
835783,0.069332376
835784,0.029389534
835785,0.49028596
835786,0.93549484
835787,0.22751427
835788,0.9247017
835789,0.7451188
835790,0.011800459
835791,0.015816813
835792,0.015009147
835793,0.95623213
835794,0.03146945
835795,0.0032766312
835796,0.7792219
835797,0.972297
835798,0.92193174
835799,0.90621096
835800,0.0072507053
835801,0.990108
835802,0.0014940347
835803,0.23275286
835804,0.97750175
835805,0.03343472
835806,0.99287707
835807,0.99902683
835808,0.9881291
835809,0.8335606
835810,0.9476968
835811,0.35545665
835812,0.027757166
835813,0.3672154
835814,0.31874275
835815,0.2982961
835816,0.08186092
835817,0.008380327
835818,0.056149267
835819,0.09245365
835820,0.78560406
835821,0.04544077
835822,0.007059153
835823,0.70646703
835824,0.87154573
835825,0.009635544
835826,0.6573438
835827,0.3696116
835828,0.8190342
835829,0.1126706
835830,0.0041925707
835831,0.30559486
835832,0.6370505
835833,0.50577515
835834,0.18758108
835835,0.03423371
835836,0.37831503
835837,0.08987041
835838,0.0036803635
835839,0.0393403
835840,0.95067453
835841,0.01586607
835842,0.4498022
835843,0.986807
835844,0.1638858
835845,0.024874186
835846,0.9058542
835847,0.6067903
835848,0.059544116
835849,0.9655512
835850,0.055398744
835851,0.9471187
835852,0.9189093
835853,0.9967189
835854,0.5444524
835855,0.9837347
835856,0.08433502
835857,0.9971428
835858,0.99583536
835859,0.01431587
835860,0.89966786
835861,0.023260985
835862,0.0982655
835863,0.6064061
835864,0.052189063
835865,0.0011820646
835866,0.98207706
835867,0.9568405
835868,0.12392786
835869,0.8899025
835870,0.012047273
835871,0.99132454
835872,0.16061786
835873,0.024033943
835874,0.039658386
835875,0.0208085
835876,0.9593062
835877,0.10891478
835878,0.017789705
835879,0.25082684
835880,0.97043693
835881,0.864091
835882,0.99914896
835883,0.027010746
835884,0.8627095
835885,0.9984318
835886,0.627578
835887,0.8292577
835888,0.9949257
835889,0.51162386
835890,0.028899694
835891,0.098853216
835892,0.4443763
835893,0.04893067
835894,0.8274069
835895,0.9899622
835896,0.97605836
835897,0.062018834
835898,0.48712584
835899,0.059241217
835900,0.10806545
835901,0.019018468
835902,0.99074227
835903,0.8817284
835904,0.01006208
835905,0.11755186
835906,0.043732744
835907,0.058816522
835908,0.6362513
835909,0.1736032
835910,0.014205082
835911,0.01652348
835912,0.043257743
835913,0.7559956
835914,0.06760232
835915,0.4515553
835916,0.99339527
835917,0.9701551
835918,0.46919197
835919,0.028175335
835920,0.013177999
835921,0.015382103
835922,0.99236095
835923,0.067505
835924,0.076069735
835925,0.9051645
835926,0.0068345373
835927,0.99167854
835928,0.75612736
835929,0.0772696
835930,0.008266227
835931,0.45083556
835932,0.99084926
835933,0.9717114
835934,0.98529446
835935,0.00487996
835936,0.021293566
835937,0.94143486
835938,0.0051294398
835939,0.06432477
835940,0.68366945
835941,0.06649691
835942,0.70184124
835943,0.99041206
835944,0.010651892
835945,0.74821395
835946,0.09746486
835947,0.33367673
835948,0.10201593
835949,0.9905041
835950,0.35695314
835951,0.07396271
835952,0.01302213
835953,0.3532686
835954,0.6156764
835955,0.8028332
835956,0.947756
835957,0.9689866
835958,0.9327601
835959,0.4883532
835960,0.40052432
835961,0.009539908
835962,0.85940623
835963,0.97737956
835964,0.04001441
835965,0.56376535
835966,0.0036125223
835967,0.59414995
835968,0.8984846
835969,0.0059676664
835970,0.8757396
835971,0.06710153
835972,0.9830407
835973,0.87198764
835974,0.23976843
835975,0.9652607
835976,0.9704697
835977,0.053392068
835978,0.9752692
835979,0.3021396
835980,0.13741128
835981,0.048017368
835982,0.9487431
835983,0.0625065
835984,0.1315339
835985,0.009648529
835986,0.056510847
835987,0.019857183
835988,0.22226802
835989,0.66857374
835990,0.654511
835991,0.9716791
835992,0.5430408
835993,0.9826548
835994,0.49827605
835995,0.38287884
835996,0.05551352
835997,0.014756464
835998,0.4497251
835999,0.021316573
836000,0.85588956
836001,0.9995344
836002,0.9971221
836003,0.9772388
836004,0.9885318
836005,0.045964055
836006,0.27462557
836007,0.99617183
836008,0.9396377
836009,0.0016993048
836010,0.99488086
836011,0.11129109
836012,0.9953198
836013,0.0027091
836014,0.51942056
836015,0.90302706
836016,0.7361082
836017,0.5061935
836018,0.93247676
836019,0.9564702
836020,0.9155638
836021,0.98989236
836022,0.041212298
836023,0.017323375
836024,0.058375128
836025,0.59044874
836026,0.9233581
836027,0.07908662
836028,0.36994326
836029,0.9948834
836030,0.013940754
836031,0.91743076
836032,0.65281326
836033,0.046628837
836034,0.8085674
836035,0.9939736
836036,0.97404754
836037,0.9126367
836038,0.1693
836039,0.99363047
836040,0.021044886
836041,0.032820106
836042,0.9075596
836043,0.061458472
836044,0.055603776
836045,0.0341985
836046,0.0066416734
836047,0.4198013
836048,0.86028576
836049,0.0086730495
836050,0.44927663
836051,0.96254283
836052,0.93566966
836053,0.042922214
836054,0.5396013
836055,0.062268943
836056,0.31632078
836057,0.012074925
836058,0.98232806
836059,0.9856706
836060,0.8512553
836061,0.9229947
836062,0.14418396
836063,0.899192
836064,0.045617722
836065,0.039740346
836066,0.939127
836067,0.007280644
836068,0.89952356
836069,0.9857154
836070,0.0565753
836071,0.91514754
836072,0.9729605
836073,0.40733236
836074,0.002961378
836075,0.024153326
836076,0.057871014
836077,0.011164987
836078,0.9222277
836079,0.96648204
836080,0.03859029
836081,0.9972329
836082,0.9718779
836083,0.20131217
836084,0.005431071
836085,0.96366197
836086,0.08599576
836087,0.9497391
836088,0.0317412
836089,0.6520114
836090,0.49084055
836091,0.23516393
836092,0.9506345
836093,0.30802763
836094,0.21978952
836095,0.9117373
836096,0.9983728
836097,0.02219537
836098,0.7859952
836099,0.037210017
836100,0.9547542
836101,0.80863124
836102,0.027577415
836103,0.04186841
836104,0.9237503
836105,0.08452606
836106,0.7640796
836107,0.1207255
836108,0.99217165
836109,0.92351604
836110,0.0016471692
836111,0.009687003
836112,0.98757327
836113,0.9406075
836114,0.97284317
836115,0.20594093
836116,0.9661718
836117,0.896025
836118,0.4642032
836119,0.05121922
836120,0.28427333
836121,0.98477703
836122,0.07237724
836123,0.06910899
836124,0.8486569
836125,0.97862744
836126,0.7618145
836127,0.19993533
836128,0.4432851
836129,0.070437536
836130,0.98733306
836131,0.5474547
836132,0.07518626
836133,0.0041193143
836134,0.7622318
836135,0.037740964
836136,0.6290499
836137,0.97591835
836138,0.34542006
836139,0.52877676
836140,0.09514278
836141,0.9966831
836142,0.845233
836143,0.28229654
836144,0.0766982
836145,0.98219866
836146,0.99680066
836147,0.011699517
836148,0.2553695
836149,0.32519794
836150,0.636287
836151,0.995991
836152,0.5021342
836153,0.97449034
836154,0.40621364
836155,0.8806484
836156,0.29144913
836157,0.9883088
836158,0.039814517
836159,0.99844694
836160,0.20974681
836161,0.997797
836162,0.25605837
836163,0.9968887
836164,0.11193088
836165,0.9688999
836166,0.064382344
836167,0.3354375
836168,0.07826384
836169,0.0030025027
836170,0.18051155
836171,0.011075786
836172,0.17014818
836173,0.38921595
836174,0.0071045104
836175,0.9980837
836176,0.013150805
836177,0.13512479
836178,0.017306505
836179,0.995432
836180,0.95586354
836181,0.9880326
836182,0.022046046
836183,0.98653287
836184,0.11252165
836185,0.053704552
836186,0.99029493
836187,0.9660022
836188,0.80275387
836189,0.45744333
836190,0.08179479
836191,0.41208434
836192,0.035818774
836193,0.06404781
836194,0.958687
836195,0.7243775
836196,0.08744153
836197,0.9225451
836198,0.12492726
836199,0.99653226
836200,0.010751252
836201,0.15237078
836202,0.09495014
836203,0.7178668
836204,0.0007742922
836205,0.047225088
836206,0.9584404
836207,0.07016876
836208,0.82144487
836209,0.9824629
836210,0.34247762
836211,0.9622782
836212,0.0016701475
836213,0.0031904269
836214,0.9950716
836215,0.9920682
836216,0.27807567
836217,0.048496295
836218,0.9296248
836219,0.5592983
836220,0.31164247
836221,0.09191293
836222,0.069563344
836223,0.059298445
836224,0.030029096
836225,0.6212969
836226,0.011733774
836227,0.0551875
836228,0.33674824
836229,0.967634
836230,0.016352816
836231,0.024351263
836232,0.7412739
836233,0.69858146
836234,0.011403561
836235,0.027767893
836236,0.20530435
836237,0.01417253
836238,0.010959924
836239,0.03305082
836240,0.9938697
836241,0.11963261
836242,0.12732977
836243,0.05076347
836244,0.018244792
836245,0.97550523
836246,0.102124795
836247,0.0056849313
836248,0.02578037
836249,0.83840483
836250,0.9505887
836251,0.17494467
836252,0.9897103
836253,0.7116505
836254,0.801098
836255,0.0134997
836256,0.31778276
836257,0.35870162
836258,0.69881123
836259,0.018738844
836260,0.3546291
836261,0.048548624
836262,0.33372098
836263,0.100774184
836264,0.8352007
836265,0.90986806
836266,0.018079847
836267,0.004419687
836268,0.86572397
836269,0.08232158
836270,0.19532569
836271,0.059995502
836272,0.96793413
836273,0.009955932
836274,0.48734552
836275,0.9957416
836276,0.12695438
836277,0.00465775
836278,0.074279174
836279,0.018370533
836280,0.17594144
836281,0.96894515
836282,0.78667164
836283,0.30464303
836284,0.8875522
836285,0.0051697306
836286,0.0893674
836287,0.09949996
836288,0.046666604
836289,0.18316269
836290,0.94772565
836291,0.22814676
836292,0.16104272
836293,0.039629284
836294,0.5850512
836295,0.84636533
836296,0.029751213
836297,0.0051683923
836298,0.81802785
836299,0.12466619
836300,0.9965744
836301,0.00081238244
836302,0.029712785
836303,0.66469127
836304,0.03725108
836305,0.0116964895
836306,0.014789713
836307,0.988954
836308,0.0702523
836309,0.9832526
836310,0.9953387
836311,0.073161274
836312,0.113876775
836313,0.6159678
836314,0.98222387
836315,0.004818942
836316,0.0028339291
836317,0.0044492544
836318,0.9961598
836319,0.9512458
836320,0.1603269
836321,0.018739883
836322,0.992365
836323,0.011963235
836324,0.997406
836325,0.9896748
836326,0.80174685
836327,0.75451887
836328,0.05855281
836329,0.0623264
836330,0.06535614
836331,0.7417457
836332,0.011303819
836333,0.96715224
836334,0.9371017
836335,0.911123
836336,0.9868549
836337,0.33391201
836338,0.0048350543
836339,0.018615808
836340,0.07737215
836341,0.037694834
836342,0.028914055
836343,0.0667769
836344,0.6669095
836345,0.14102575
836346,0.98580635
836347,0.9672125
836348,0.028718283
836349,0.80771595
836350,0.98687005
836351,0.061824787
836352,0.13485366
836353,0.5286763
836354,0.9453665
836355,0.011358535
836356,0.5650715
836357,0.98288304
836358,0.9145306
836359,0.5675952
836360,0.8216945
836361,0.5868912
836362,0.06861688
836363,0.018829545
836364,0.80547154
836365,0.9724341
836366,0.9833086
836367,0.6932404
836368,0.9811816
836369,0.0067153187
836370,0.9543373
836371,0.9529217
836372,0.97696376
836373,0.35355985
836374,0.97815996
836375,0.9669762
836376,0.37023816
836377,0.014632819
836378,0.95920146
836379,0.27453917
836380,0.013412312
836381,0.9952824
836382,0.024773125
836383,0.9850671
836384,0.30232632
836385,0.026725803
836386,0.13341412
836387,0.74289805
836388,0.7638696
836389,0.5243868
836390,0.9826085
836391,0.002159596
836392,0.9940054
836393,0.4753551
836394,0.98207414
836395,0.18070386
836396,0.13591579
836397,0.023068585
836398,0.03707807
836399,0.99792564
836400,0.9936707
836401,0.0067600263
836402,0.98216087
836403,0.007906378
836404,0.0182516
836405,0.98621196
836406,0.0039696917
836407,0.017396258
836408,0.9638331
836409,0.10795969
836410,0.09682812
836411,0.0063569224
836412,0.99943733
836413,0.33786893
836414,0.92215395
836415,0.8740718
836416,0.5242803
836417,0.9944496
836418,0.089992896
836419,0.066559315
836420,0.16227391
836421,0.22989412
836422,0.98552936
836423,0.024190199
836424,0.03930284
836425,0.029140975
836426,0.030737069
836427,0.996998
836428,0.99486077
836429,0.30602366
836430,0.15548478
836431,0.052269492
836432,0.007744193
836433,0.03974804
836434,0.2879234
836435,0.018807132
836436,0.99703515
836437,0.9929197
836438,0.88816464
836439,0.04716084
836440,0.98407406
836441,0.12595075
836442,0.009580566
836443,0.9962901
836444,0.8378797
836445,0.9732042
836446,0.99815774
836447,0.30626315
836448,0.004820579
836449,0.9969237
836450,0.96369565
836451,0.0020808745
836452,0.406741
836453,0.010643264
836454,0.7166753
836455,0.08725062
836456,0.4589157
836457,0.25286707
836458,0.2613752
836459,0.524689
836460,0.17204222
836461,0.0611635
836462,0.7373856
836463,0.9810202
836464,0.007994894
836465,0.9991152
836466,0.16006954
836467,0.010339981
836468,0.91713935
836469,0.0021560276
836470,0.1041889
836471,0.0033120038
836472,0.013471133
836473,0.8626722
836474,0.5823378
836475,0.89015365
836476,0.011514347
836477,0.9949871
836478,0.49885568
836479,0.89233893
836480,0.04157012
836481,0.7071976
836482,0.07021132
836483,0.029103875
836484,0.9922017
836485,0.98117787
836486,0.99640274
836487,0.090609
836488,0.98105633
836489,0.933027
836490,0.96178365
836491,0.16207078
836492,0.34175023
836493,0.03098781
836494,0.039551113
836495,0.024680395
836496,0.8805391
836497,0.007218546
836498,0.98259383
836499,0.9583352
836500,0.117883265
836501,0.05074308
836502,0.9760137
836503,0.9977617
836504,0.99364007
836505,0.6598722
836506,0.027156081
836507,0.8536195
836508,0.0020831318
836509,0.991713
836510,0.06759122
836511,0.015435933
836512,0.85505295
836513,0.99371
836514,0.005204837
836515,0.010434485
836516,0.99789596
836517,0.032531332
836518,0.20648125
836519,0.9966947
836520,0.7050755
836521,0.07371484
836522,0.24979554
836523,0.9725565
836524,0.01256433
836525,0.0075276433
836526,0.98761785
836527,0.9346584
836528,0.61741036
836529,0.03159513
836530,0.08999857
836531,0.088977136
836532,0.020425346
836533,0.03433327
836534,0.25791484
836535,0.015862089
836536,0.7370781
836537,0.112521276
836538,0.025646292
836539,0.9847873
836540,0.07643202
836541,0.008054229
836542,0.99826777
836543,0.9598398
836544,0.8706237
836545,0.9919548
836546,0.8674183
836547,0.06956388
836548,0.99586535
836549,0.98432666
836550,0.18476948
836551,0.960088
836552,0.0693524
836553,0.22253534
836554,0.3333363
836555,0.027105853
836556,0.047143426
836557,0.10225937
836558,0.0014171589
836559,0.004587378
836560,0.5162096
836561,0.9877817
836562,0.92318046
836563,0.66699266
836564,0.9940325
836565,0.9755273
836566,0.025312994
836567,0.99561226
836568,0.16486047
836569,0.8470068
836570,0.013251449
836571,0.57129216
836572,0.43796152
836573,0.40871775
836574,0.48347196
836575,0.9701857
836576,0.006343943
836577,0.061536044
836578,0.99455374
836579,0.9763569
836580,0.051292762
836581,0.097017124
836582,0.954001
836583,0.020335369
836584,0.92526954
836585,0.067561194
836586,0.89990515
836587,0.3044538
836588,0.13087732
836589,0.96987605
836590,0.15309325
836591,0.004845802
836592,0.049069017
836593,0.8921795
836594,0.4521404
836595,0.124312654
836596,0.3235107
836597,0.88267636
836598,0.9932745
836599,0.83193636
836600,0.19113576
836601,0.976313
836602,0.120644294
836603,0.9078069
836604,0.9184774
836605,0.012597079
836606,0.27773756
836607,0.007865164
836608,0.99868685
836609,0.9963138
836610,0.1756736
836611,0.9980204
836612,0.060326558
836613,0.9289956
836614,0.92073286
836615,0.5813198
836616,0.0027708777
836617,0.95839596
836618,0.17851666
836619,0.9308744
836620,0.045396335
836621,0.65713143
836622,0.022923388
836623,0.76156795
836624,0.01431112
836625,0.40267026
836626,0.019154137
836627,0.029447978
836628,0.7470038
836629,0.99055517
836630,0.88537693
836631,0.014779262
836632,0.9908179
836633,0.054792088
836634,0.9886408
836635,0.0099564195
836636,0.93650895
836637,0.05425947
836638,0.8919821
836639,0.7249475
836640,0.037729457
836641,0.113604926
836642,0.47803503
836643,0.89373076
836644,0.46140724
836645,0.01374383
836646,0.9955606
836647,0.059719227
836648,0.9789247
836649,0.5033747
836650,0.0011978974
836651,0.024154926
836652,0.96899974
836653,0.058772795
836654,0.033554763
836655,0.96873665
836656,0.89192563
836657,0.01714092
836658,0.16469821
836659,0.59223956
836660,0.032012604
836661,0.5768809
836662,0.03280097
836663,0.08456199
836664,0.9571184
836665,0.2001137
836666,0.255405
836667,0.008741509
836668,0.025096552
836669,0.97785825
836670,0.0029701637
836671,0.6129285
836672,0.011420295
836673,0.03989912
836674,0.3828889
836675,0.056957055
836676,0.95266557
836677,0.13617778
836678,0.12286028
836679,0.81279624
836680,0.8513473
836681,0.9860656
836682,0.5917731
836683,0.007341335
836684,0.8985513
836685,0.013230285
836686,0.9628142
836687,0.5001095
836688,0.020100597
836689,0.9973097
836690,0.8534311
836691,0.9422352
836692,0.9947329
836693,0.012144117
836694,0.24527508
836695,0.030946419
836696,0.69981587
836697,0.024174154
836698,0.96060455
836699,0.99595505
836700,0.30068794
836701,0.00784459
836702,0.6052102
836703,0.9970888
836704,0.9967568
836705,0.9733333
836706,0.08336713
836707,0.14644074
836708,0.024095362
836709,0.034416057
836710,0.99583876
836711,0.97637093
836712,0.68840843
836713,0.6778774
836714,0.019162375
836715,0.9542462
836716,0.75867265
836717,0.042788595
836718,0.932912
836719,0.047094125
836720,0.3352978
836721,0.89304215
836722,0.67545396
836723,0.37124002
836724,0.9402546
836725,0.04150597
836726,0.14571781
836727,0.38645452
836728,0.66445243
836729,0.03304572
836730,0.012025163
836731,0.06599578
836732,0.8835795
836733,0.0051593995
836734,0.11323885
836735,0.9507469
836736,0.46150324
836737,0.58714586
836738,0.62812203
836739,0.15563914
836740,0.97532135
836741,0.85998285
836742,0.23502149
836743,0.06530025
836744,0.12254585
836745,0.025713813
836746,0.9852894
836747,0.9955261
836748,0.9621743
836749,0.5910044
836750,0.28417498
836751,0.029736096
836752,0.0122117605
836753,0.044330202
836754,0.945016
836755,0.011222472
836756,0.986156
836757,0.0068212184
836758,0.0022623953
836759,0.0057545444
836760,0.92261827
836761,0.04350399
836762,0.99366087
836763,0.29725552
836764,0.9913172
836765,0.19550988
836766,0.95807683
836767,0.9784157
836768,0.082385845
836769,0.69351244
836770,0.77362484
836771,0.22973892
836772,0.79641545
836773,0.033154726
836774,0.5231769
836775,0.257
836776,0.07509167
836777,0.9932443
836778,0.98203653
836779,0.009106671
836780,0.009237542
836781,0.974786
836782,0.03292513
836783,0.0114751635
836784,0.646858
836785,0.18085642
836786,0.091687866
836787,0.010594922
836788,0.019079067
836789,0.100510664
836790,0.44773373
836791,0.0067961733
836792,0.051168174
836793,0.0056653684
836794,0.9266342
836795,0.98016
836796,0.9622462
836797,0.017867386
836798,0.9659374
836799,0.013449173
836800,0.0023788093
836801,0.009884523
836802,0.9306406
836803,0.020481553
836804,0.101842366
836805,0.98943037
836806,0.9969005
836807,0.0077907215
836808,0.008664354
836809,0.9877398
836810,0.99867386
836811,0.798897
836812,0.9930601
836813,0.01248488
836814,0.005241764
836815,0.9483869
836816,0.032296408
836817,0.98859376
836818,0.86394995
836819,0.99225914
836820,0.061822806
836821,0.5136833
836822,0.045768805
836823,0.63117135
836824,0.74955374
836825,0.9687382
836826,0.13359284
836827,0.932741
836828,0.85792506
836829,0.06795488
836830,0.1441737
836831,0.12649246
836832,0.021542791
836833,0.014179604
836834,0.9847348
836835,0.017203072
836836,0.21157756
836837,0.96300185
836838,0.17432706
836839,0.99510133
836840,0.97769344
836841,0.40203476
836842,0.9871459
836843,0.9924683
836844,0.02895655
836845,0.017794097
836846,0.9401701
836847,0.9047349
836848,0.99868435
836849,0.06428912
836850,0.46190268
836851,0.74525905
836852,0.9989968
836853,0.9340652
836854,0.66621906
836855,0.032612417
836856,0.9866277
836857,0.99982035
836858,0.998134
836859,0.7006862
836860,0.122830726
836861,0.019007
836862,0.015689423
836863,0.9130376
836864,0.0034084641
836865,0.007309273
836866,0.043818753
836867,0.035396416
836868,0.9404789
836869,0.045614284
836870,0.98731256
836871,0.2080732
836872,0.01731931
836873,0.9846942
836874,0.9537301
836875,0.6373407
836876,0.0972531
836877,0.22986253
836878,0.98634404
836879,0.11752376
836880,0.83553827
836881,0.5310821
836882,0.94967943
836883,0.004280238
836884,0.990353
836885,0.11549327
836886,0.5109868
836887,0.012990196
836888,0.011759492
836889,0.97986007
836890,0.35324985
836891,0.09526223
836892,0.02324034
836893,0.9802196
836894,0.059291527
836895,0.035945863
836896,0.38080728
836897,0.016141735
836898,0.19269496
836899,0.008689089
836900,0.09590319
836901,0.9181868
836902,0.67416406
836903,0.8894131
836904,0.035556726
836905,0.9923956
836906,0.0151479365
836907,0.07051019
836908,0.44971806
836909,0.12542266
836910,0.83124137
836911,0.081385896
836912,0.2137495
836913,0.908873
836914,0.9970751
836915,0.127618
836916,0.89660656
836917,0.9938331
836918,0.030128222
836919,0.9176326
836920,0.019662343
836921,0.98598796
836922,0.65364456
836923,0.5178238
836924,0.020444727
836925,0.98979986
836926,0.015594858
836927,0.00081315986
836928,0.4143049
836929,0.10773426
836930,0.94330037
836931,0.6674043
836932,0.9901852
836933,0.99838334
836934,0.011621162
836935,0.9041981
836936,0.013440332
836937,0.023652256
836938,0.6937252
836939,0.99206084
836940,0.89407974
836941,0.98744774
836942,0.98031807
836943,0.87366474
836944,0.93041235
836945,0.02163164
836946,0.5947196
836947,0.03447285
836948,0.8594634
836949,0.60215914
836950,0.9811103
836951,0.99560237
836952,0.06881046
836953,0.251678
836954,0.99683845
836955,0.82104194
836956,0.018696144
836957,0.13495807
836958,0.046555728
836959,0.04639466
836960,0.9765628
836961,0.0024664914
836962,0.012120936
836963,0.4921769
836964,0.9857619
836965,0.9390776
836966,0.015249783
836967,0.57918704
836968,0.3114676
836969,0.8829536
836970,0.12468061
836971,0.10627719
836972,0.007076235
836973,0.24588431
836974,0.886183
836975,0.16060513
836976,0.91902685
836977,0.09828253
836978,0.050181128
836979,0.030450152
836980,0.08565842
836981,0.99084806
836982,0.1933019
836983,0.941842
836984,0.009703798
836985,0.99809474
836986,0.68608505
836987,0.10314623
836988,0.9907296
836989,0.9951508
836990,0.1339319
836991,0.23231708
836992,0.016980916
836993,0.06322409
836994,0.8404782
836995,0.047460705
836996,0.4780824
836997,0.25123847
836998,0.010801906
836999,0.6882117
837000,0.96068287
837001,0.9697963
837002,0.94524163
837003,0.49391752
837004,0.5836929
837005,0.022121692
837006,0.95864135
837007,0.8666799
837008,0.98630786
837009,0.11443413
837010,0.018846434
837011,0.99937814
837012,0.9650766
837013,0.47759834
837014,0.9167645
837015,0.00398207
837016,0.8609987
837017,0.8692112
837018,0.7341275
837019,0.004594004
837020,0.78248215
837021,0.9130151
837022,0.8742484
837023,0.25785846
837024,0.01334243
837025,0.0341158
837026,0.31361288
837027,0.58699125
837028,0.0062309224
837029,0.99952936
837030,0.8233981
837031,0.011730852
837032,0.9720793
837033,0.016700756
837034,0.55881006
837035,0.3071476
837036,0.95196366
837037,0.18798193
837038,0.2569945
837039,0.025973344
837040,0.0045709545
837041,0.46006495
837042,0.994473
837043,0.19544011
837044,0.97971606
837045,0.47349784
837046,0.016856072
837047,0.17971773
837048,0.0034702218
837049,0.7704059
837050,0.0031897947
837051,0.6875434
837052,0.00573923
837053,0.96616244
837054,0.011824904
837055,0.020356758
837056,0.013623593
837057,0.88834953
837058,0.82544994
837059,0.64339435
837060,0.5217296
837061,0.01663076
837062,0.94941854
837063,0.012399046
837064,0.051468454
837065,0.96991056
837066,0.8326109
837067,0.0038221325
837068,0.42972755
837069,0.9788896
837070,0.003607866
837071,0.98660994
837072,0.99459904
837073,0.77643573
837074,0.8186407
837075,0.020065838
837076,0.019972786
837077,0.8489961
837078,0.9789026
837079,0.02113408
837080,0.020470856
837081,0.11693051
837082,0.017450849
837083,0.568728
837084,0.70170724
837085,0.0057682856
837086,0.01805441
837087,0.99758655
837088,0.49503946
837089,0.99717796
837090,0.90932906
837091,0.548633
837092,0.140964
837093,0.9589007
837094,0.2500231
837095,0.98902184
837096,0.057144176
837097,0.5865596
837098,0.19078074
837099,0.53743565
837100,0.943877
837101,0.84734607
837102,0.008518171
837103,0.820813
837104,0.36814606
837105,0.68224967
837106,0.8941208
837107,0.009025665
837108,0.9981791
837109,0.47089663
837110,0.8910618
837111,0.9987354
837112,0.948949
837113,0.09882192
837114,0.98696685
837115,0.03094637
837116,0.0028410694
837117,0.9644952
837118,0.98564756
837119,0.006118066
837120,0.04848345
837121,0.9489651
837122,0.006345056
837123,0.4047802
837124,0.9917128
837125,0.99604064
837126,0.89878273
837127,0.8511892
837128,0.9886178
837129,0.2321736
837130,0.008583356
837131,0.011052909
837132,0.850144
837133,0.9973672
837134,0.9801731
837135,0.0052678147
837136,0.99675035
837137,0.2621562
837138,0.9053157
837139,0.97362196
837140,0.025875896
837141,0.058068167
837142,0.9925046
837143,0.99769723
837144,0.7457045
837145,0.8083195
837146,0.009140665
837147,0.70040935
837148,0.77372164
837149,0.90358454
837150,0.48276305
837151,0.40758702
837152,0.0836715
837153,0.43172598
837154,0.9755879
837155,0.022500336
837156,0.11129801
837157,0.19967219
837158,0.43169874
837159,0.0046420116
837160,0.99346477
837161,0.65937847
837162,0.16817176
837163,0.22901325
837164,0.16265258
837165,0.04485804
837166,0.8326392
837167,0.26112828
837168,0.012464535
837169,0.21643804
837170,0.97112715
837171,0.32486078
837172,0.022176487
837173,0.0018485799
837174,0.3766092
837175,0.21042071
837176,0.67383164
837177,0.07859821
837178,0.5412023
837179,0.032670327
837180,0.9516857
837181,0.7317443
837182,0.9870765
837183,0.048514858
837184,0.0175934
837185,0.788636
837186,0.9715672
837187,0.03471433
837188,0.31100875
837189,0.95668924
837190,0.8827662
837191,0.010342877
837192,0.99406487
837193,0.02493571
837194,0.90251124
837195,0.420313
837196,0.672801
837197,0.9937344
837198,0.059570357
837199,0.007713509
837200,0.8785565
837201,0.9877623
837202,0.06726806
837203,0.045520026
837204,0.8151465
837205,0.9840256
837206,0.09871882
837207,0.015818506
837208,0.07387773
837209,0.23141643
837210,0.037584633
837211,0.15916607
837212,0.012159438
837213,0.92758924
837214,0.96017003
837215,0.023651388
837216,0.016716355
837217,0.0066921604
837218,0.6356944
837219,0.08505853
837220,0.7580066
837221,0.05795413
837222,0.00920642
837223,0.084144875
837224,0.15949424
837225,0.98091865
837226,0.9953149
837227,0.025595412
837228,0.9795059
837229,0.44288006
837230,0.23838145
837231,0.057457313
837232,0.9573809
837233,0.01772843
837234,0.7625302
837235,0.0051793405
837236,0.9858957
837237,0.28303787
837238,0.027774498
837239,0.18459857
837240,0.0029915455
837241,0.9606417
837242,0.9603829
837243,0.38568455
837244,0.03744251
837245,0.437347
837246,0.54421914
837247,0.9472553
837248,0.88462365
837249,0.004560329
837250,0.5587363
837251,0.66043246
837252,0.010020309
837253,0.9984459
837254,0.31556273
837255,0.0026126227
837256,0.14125909
837257,0.0019974126
837258,0.11629672
837259,0.008836329
837260,0.3127746
837261,0.0039089057
837262,0.46136308
837263,0.60427535
837264,0.054963052
837265,0.99449867
837266,0.4411464
837267,0.06571149
837268,0.12990779
837269,0.992311
837270,0.004773177
837271,0.71544343
837272,0.9944855
837273,0.051844347
837274,0.11947946
837275,0.07072019
837276,0.04868825
837277,0.69669443
837278,0.02818948
837279,0.003083392
837280,0.8191936
837281,0.73623073
837282,0.97950083
837283,0.97454655
837284,0.9100027
837285,0.066548884
837286,0.014268932
837287,0.9822582
837288,0.44328713
837289,0.9955709
837290,0.7833704
837291,0.9902325
837292,0.06878785
837293,0.03304443
837294,0.00838658
837295,0.9962343
837296,0.97687393
837297,0.021303978
837298,0.9542147
837299,0.89860195
837300,0.0070449677
837301,0.008401473
837302,0.6420512
837303,0.0069686514
837304,0.15821438
837305,0.32643116
837306,0.04369687
837307,0.10860586
837308,0.01570743
837309,0.89015496
837310,0.12136884
837311,0.97258765
837312,0.99246436
837313,0.8400943
837314,0.033354923
837315,0.009336804
837316,0.9874953
837317,0.12220056
837318,0.9132856
837319,0.5716065
837320,0.9590664
837321,0.0029002673
837322,0.002056452
837323,0.9505499
837324,0.29784727
837325,0.91347307
837326,0.7897508
837327,0.13874683
837328,0.88588077
837329,0.9969482
837330,0.7469554
837331,0.9737928
837332,0.80893236
837333,0.086946145
837334,0.9833881
837335,0.028770247
837336,0.19888517
837337,0.011217557
837338,0.9815121
837339,0.72854567
837340,0.04369316
837341,0.9936905
837342,0.9967259
837343,0.20621313
837344,0.012938979
837345,0.9901591
837346,0.89717656
837347,0.99916714
837348,0.35880333
837349,0.9414122
837350,0.025155358
837351,0.017435767
837352,0.0183977
837353,0.14272219
837354,0.3646459
837355,0.9988744
837356,0.49818042
837357,0.24629399
837358,0.0127864275
837359,0.9905786
837360,0.6780403
837361,0.27662024
837362,0.13615909
837363,0.047739953
837364,0.04297303
837365,0.09110573
837366,0.8107103
837367,0.9546459
837368,0.8180206
837369,0.015945934
837370,0.6705181
837371,0.006832601
837372,0.12817168
837373,0.019726241
837374,0.019204345
837375,0.9904455
837376,0.8766812
837377,0.017635157
837378,0.94503057
837379,0.8103235
837380,0.35102874
837381,0.99713814
837382,0.9846677
837383,0.03998671
837384,0.07391723
837385,0.65870965
837386,0.044322316
837387,0.021962542
837388,0.0110930735
837389,0.9808814
837390,0.9638442
837391,0.99018043
837392,0.98633176
837393,0.030726682
837394,0.95805156
837395,0.50561714
837396,0.27425855
837397,0.0038248277
837398,0.85421556
837399,0.7114013
837400,0.99547976
837401,0.12678766
837402,0.01705687
837403,0.85302615
837404,0.030666946
837405,0.88575757
837406,0.011058633
837407,0.8025815
837408,0.82638973
837409,0.9134183
837410,0.040956043
837411,0.95990026
837412,0.98692477
837413,0.68985444
837414,0.9976923
837415,0.16171971
837416,0.011617859
837417,0.22620057
837418,0.29163444
837419,0.029140525
837420,0.0690875
837421,0.025608717
837422,0.911979
837423,0.004276757
837424,0.999178
837425,0.97064286
837426,0.7551548
837427,0.0044722473
837428,0.22104374
837429,0.1036099
837430,0.10811471
837431,0.46232846
837432,0.9505203
837433,0.2143553
837434,0.12608941
837435,0.99815536
837436,0.99105316
837437,0.8530609
837438,0.20950706
837439,0.047486022
837440,0.16076978
837441,0.9963442
837442,0.8850824
837443,0.068173446
837444,0.39628753
837445,0.49073374
837446,0.92528796
837447,0.9317552
837448,0.47630122
837449,0.98137915
837450,0.9528656
837451,0.022709316
837452,0.3470293
837453,0.868956
837454,0.9817059
837455,0.19261058
837456,0.01209802
837457,0.97638
837458,0.0063294545
837459,0.96359277
837460,0.045544364
837461,0.9625809
837462,0.8322096
837463,0.004822799
837464,0.9817761
837465,0.038964126
837466,0.042090934
837467,0.506027
837468,0.018710967
837469,0.51625603
837470,0.45630094
837471,0.04574824
837472,0.33290672
837473,0.9242417
837474,0.058562912
837475,0.6492976
837476,0.9772023
837477,0.3897227
837478,0.009365839
837479,0.27430075
837480,0.93062806
837481,0.74505365
837482,0.24050722
837483,0.03647026
837484,0.9519906
837485,0.99868333
837486,0.0053201886
837487,0.66068184
837488,0.6023712
837489,0.8963129
837490,0.0073241787
837491,0.7114303
837492,0.6459272
837493,0.006149148
837494,0.89560044
837495,0.01480593
837496,0.012417191
837497,0.35910147
837498,0.7627069
837499,0.56596506
837500,0.018512141
837501,0.661407
837502,0.020420277
837503,0.04012171
837504,0.99757296
837505,0.030925762
837506,0.99765474
837507,0.9110746
837508,0.014268464
837509,0.006545405
837510,0.06320478
837511,0.053951252
837512,0.99483943
837513,0.049360745
837514,0.91009486
837515,0.40920234
837516,0.027957916
837517,0.92449915
837518,0.6639244
837519,0.15508571
837520,0.005174001
837521,0.09024366
837522,0.0048092767
837523,0.96529984
837524,0.003027814
837525,0.048023872
837526,0.81108403
837527,0.028889392
837528,0.8334504
837529,0.97602963
837530,0.9687653
837531,0.09937254
837532,0.8221332
837533,0.38483262
837534,0.48174873
837535,0.8421873
837536,0.0088381935
837537,0.35937464
837538,0.9701896
837539,0.8624476
837540,0.9880829
837541,0.02780211
837542,0.31436092
837543,0.013766814
837544,0.99356467
837545,0.79189265
837546,0.055928607
837547,0.055554986
837548,0.9989097
837549,0.12283322
837550,0.9490089
837551,0.05071616
837552,0.027880857
837553,0.7846181
837554,0.009880705
837555,0.032807466
837556,0.5152496
837557,0.04936124
837558,0.5902776
837559,0.9610038
837560,0.9202801
837561,0.034147017
837562,0.5266317
837563,0.018614745
837564,0.0047870213
837565,0.007004374
837566,0.008501319
837567,0.47644
837568,0.8979331
837569,0.82761204
837570,0.9923279
837571,0.017362695
837572,0.9249071
837573,0.8759551
837574,0.050652478
837575,0.5340564
837576,0.69185394
837577,0.9956491
837578,0.895334
837579,0.98824483
837580,0.028493537
837581,0.0664334
837582,0.025494538
837583,0.32907248
837584,0.028238153
837585,0.9996531
837586,0.56273437
837587,0.056206856
837588,0.711373
837589,0.08672921
837590,0.008877529
837591,0.17857489
837592,0.053681523
837593,0.98784524
837594,0.19067532
837595,0.057532303
837596,0.0248476
837597,0.011209028
837598,0.9780613
837599,0.019151721
837600,0.85048217
837601,0.94242185
837602,0.23445237
837603,0.9883847
837604,0.07276887
837605,0.822667
837606,0.7966914
837607,0.8795825
837608,0.90684617
837609,0.7205233
837610,0.51603794
837611,0.011514228
837612,0.22475077
837613,0.20474525
837614,0.028420094
837615,0.0025479174
837616,0.98402894
837617,0.01732042
837618,0.032345798
837619,0.7703793
837620,0.093622014
837621,0.012107538
837622,0.06320397
837623,0.02710692
837624,0.0053734602
837625,0.9761932
837626,0.948292
837627,0.084534705
837628,0.20270632
837629,0.05260208
837630,0.9616045
837631,0.14947432
837632,0.96955806
837633,0.108261436
837634,0.016880373
837635,0.08668468
837636,0.10490678
837637,0.97888815
837638,0.055690564
837639,0.860052
837640,0.011650922
837641,0.9010985
837642,0.99839526
837643,0.60179305
837644,0.99832726
837645,0.84185565
837646,0.84710133
837647,0.019988054
837648,0.2676915
837649,0.90021163
837650,0.16632536
837651,0.8237988
837652,0.02311273
837653,0.012229684
837654,0.02590143
837655,0.11390039
837656,0.031781636
837657,0.52725565
837658,0.6884234
837659,0.7185892
837660,0.5626303
837661,0.0044233664
837662,0.9815329
837663,0.85841995
837664,0.97980857
837665,0.9985615
837666,0.9559714
837667,0.85587454
837668,0.1226729
837669,0.101205945
837670,0.9608356
837671,0.95372796
837672,0.60690445
837673,0.2619847
837674,0.99460566
837675,0.025295727
837676,0.96674246
837677,0.97284544
837678,0.99065936
837679,0.14707537
837680,0.99034804
837681,0.4391247
837682,0.0063955584
837683,0.91625357
837684,0.14142966
837685,0.005083594
837686,0.029268838
837687,0.99611557
837688,0.66930836
837689,0.033343196
837690,0.04935973
837691,0.17964758
837692,0.06895529
837693,0.008143747
837694,0.05507053
837695,0.969656
837696,0.062155575
837697,0.017493866
837698,0.012272112
837699,0.9922545
837700,0.026228754
837701,0.537154
837702,0.014476011
837703,0.8124244
837704,0.040631045
837705,0.9826581
837706,0.99841064
837707,0.46675077
837708,0.9234697
837709,0.51459956
837710,0.020859243
837711,0.033047512
837712,0.079091914
837713,0.99878955
837714,0.06281064
837715,0.24888998
837716,0.98499393
837717,0.0349736
837718,0.98917747
837719,0.9983174
837720,0.0049820854
837721,0.21125509
837722,0.993926
837723,0.042607337
837724,0.94785786
837725,0.0090988325
837726,0.013067929
837727,0.9644307
837728,0.97851944
837729,0.92337376
837730,0.0545351
837731,0.12538967
837732,0.016345829
837733,0.9555165
837734,0.8927861
837735,0.3476044
837736,0.9917787
837737,0.99435663
837738,0.043317836
837739,0.02146699
837740,0.12093704
837741,0.07275377
837742,0.08383643
837743,0.86202455
837744,0.0041667703
837745,0.95271355
837746,0.030150773
837747,0.055929095
837748,0.46075284
837749,0.98603576
837750,0.017233063
837751,0.998984
837752,0.016881246
837753,0.9380573
837754,0.028949888
837755,0.32796586
837756,0.82275647
837757,0.99298453
837758,0.20511192
837759,0.0046788296
837760,0.12612632
837761,0.9606718
837762,0.9846192
837763,0.44726533
837764,0.7471067
837765,0.9758314
837766,0.99639857
837767,0.7013553
837768,0.00032127523
837769,0.015495367
837770,0.97218615
837771,0.07887619
837772,0.99366516
837773,0.98019856
837774,0.015458741
837775,0.99774224
837776,0.8083218
837777,0.2440902
837778,0.012033636
837779,0.010758698
837780,0.0040548467
837781,0.26292452
837782,0.9881762
837783,0.014046429
837784,0.12616698
837785,0.10580167
837786,0.98443806
837787,0.008280773
837788,0.031985555
837789,0.9701699
837790,0.72826034
837791,0.98984444
837792,0.126087
837793,0.9877914
837794,0.9567419
837795,0.0053790775
837796,0.7946334
837797,0.99341226
837798,0.40124828
837799,0.92890507
837800,0.20054594
837801,0.978865
837802,0.029764727
837803,0.123638056
837804,0.022603163
837805,0.04412385
837806,0.99807334
837807,0.8499334
837808,0.9520848
837809,0.0042274985
837810,0.65206146
837811,0.9719152
837812,0.9969583
837813,0.99302256
837814,0.0036413795
837815,0.96107864
837816,0.97005206
837817,0.9798814
837818,0.020022491
837819,0.98724794
837820,0.028580217
837821,0.97967106
837822,0.5980883
837823,0.84151894
837824,0.9445772
837825,0.07675453
837826,0.020580128
837827,0.50514245
837828,0.075226635
837829,0.67026854
837830,0.9819661
837831,0.9917398
837832,0.99437165
837833,0.0049638962
837834,0.5364869
837835,0.0727903
837836,0.01692202
837837,0.11173558
837838,0.07381952
837839,0.99620193
837840,0.11295217
837841,0.12137702
837842,0.9834557
837843,0.999275
837844,0.998806
837845,0.9958832
837846,0.7466544
837847,0.018846596
837848,0.8729087
837849,0.618737
837850,0.036152672
837851,0.06188196
837852,0.352076
837853,0.005646921
837854,0.82946444
837855,0.9819519
837856,0.98386824
837857,0.9933406
837858,0.9988785
837859,0.997242
837860,0.98199946
837861,0.042043008
837862,0.99227595
837863,0.97006774
837864,0.6345216
837865,0.04474027
837866,0.95967466
837867,0.018614143
837868,0.82045007
837869,0.69039416
837870,0.17139667
837871,0.9902736
837872,0.9807091
837873,0.96420026
837874,0.9746378
837875,0.9197457
837876,0.012425572
837877,0.026588341
837878,0.9891299
837879,0.990513
837880,0.03928791
837881,0.026505418
837882,0.8532995
837883,0.83042765
837884,0.0016637811
837885,0.99238014
837886,0.9919809
837887,0.8373026
837888,0.9444629
837889,0.24399498
837890,0.0047747307
837891,0.040000185
837892,0.016223747
837893,0.016077396
837894,0.020522462
837895,0.2051035
837896,0.0030056906
837897,0.64041805
837898,0.2312024
837899,0.005414757
837900,0.45835403
837901,0.088406265
837902,0.1057318
837903,0.01946728
837904,0.9722012
837905,0.3549745
837906,0.012131589
837907,0.37863618
837908,0.21016538
837909,0.099029616
837910,0.06040193
837911,0.05148211
837912,0.99051726
837913,0.9991632
837914,0.009708514
837915,0.960461
837916,0.014983254
837917,0.98298275
837918,0.9650614
837919,0.016008474
837920,0.9228195
837921,0.9953791
837922,0.9691828
837923,0.8416087
837924,0.7892964
837925,0.9792913
837926,0.5779355
837927,0.60517085
837928,0.88744223
837929,0.0023365717
837930,0.013753748
837931,0.84861964
837932,0.041263368
837933,0.004012047
837934,0.8202227
837935,0.99582803
837936,0.024487365
837937,0.99024063
837938,0.042293075
837939,0.062534
837940,0.12872545
837941,0.012573177
837942,0.5636271
837943,0.96451104
837944,0.084531285
837945,0.015887849
837946,0.9976133
837947,0.96293443
837948,0.9938505
837949,0.09175042
837950,0.58242804
837951,0.10117328
837952,0.1743541
837953,0.026338907
837954,0.92968166
837955,0.24290977
837956,0.066285506
837957,0.06257556
837958,0.011232937
837959,0.9934009
837960,0.01216372
837961,0.014113042
837962,0.0074080667
837963,0.9313539
837964,0.97047406
837965,0.9827626
837966,0.7353085
837967,0.991084
837968,0.9910138
837969,0.005407428
837970,0.036397185
837971,0.039552644
837972,0.85504043
837973,0.44823098
837974,0.70127803
837975,0.9719703
837976,0.96450794
837977,0.47665107
837978,0.9954951
837979,0.02920812
837980,0.4929699
837981,0.30655164
837982,0.20082504
837983,0.0055016577
837984,0.17611298
837985,0.0072022877
837986,0.93689936
837987,0.09232793
837988,0.1251439
837989,0.13833518
837990,0.24092379
837991,0.65555453
837992,0.009272198
837993,0.12196094
837994,0.019829057
837995,0.058960527
837996,0.9989928
837997,0.89455664
837998,0.9827985
837999,0.18845154
838000,0.4591333
838001,0.13157505
838002,0.18454942
838003,0.016939433
838004,0.12127453
838005,0.59341747
838006,0.96980774
838007,0.46548143
838008,0.16446431
838009,0.31462318
838010,0.6117007
838011,0.013908422
838012,0.97296906
838013,0.9997934
838014,0.7122711
838015,0.022041671
838016,0.44949904
838017,0.13785417
838018,0.02997527
838019,0.004324362
838020,0.02912485
838021,0.5416422
838022,0.9668257
838023,0.9639455
838024,0.97185326
838025,0.23407194
838026,0.042795446
838027,0.99306864
838028,0.0017380586
838029,0.020735348
838030,0.9917608
838031,0.9948331
838032,0.10547703
838033,0.016689936
838034,0.97060907
838035,0.992785
838036,0.8329098
838037,0.8883686
838038,0.35845572
838039,0.052767538
838040,0.8860502
838041,0.9952284
838042,0.011376244
838043,0.10608791
838044,0.061967455
838045,0.9112434
838046,0.551454
838047,0.94686246
838048,0.0157216
838049,0.74867034
838050,0.86762464
838051,0.044351526
838052,0.010925087
838053,0.82922965
838054,0.99167734
838055,0.33654958
838056,0.13715003
838057,0.0029496145
838058,0.08259128
838059,0.53899056
838060,0.6116043
838061,0.00789163
838062,0.8636923
838063,0.008211283
838064,0.9853705
838065,0.6593833
838066,0.08485547
838067,0.014603432
838068,0.9873642
838069,0.91793984
838070,0.02182575
838071,0.076342
838072,0.03358262
838073,0.0063525713
838074,0.9038554
838075,0.9975935
838076,0.93711555
838077,0.015665665
838078,0.004859275
838079,0.027430136
838080,0.98837745
838081,0.99334687
838082,0.47394285
838083,0.04200174
838084,0.04506941
838085,0.9822929
838086,0.9911324
838087,0.69781077
838088,0.23297787
838089,0.594828
838090,0.07087232
838091,0.3506664
838092,0.031324606
838093,0.19545099
838094,0.38643765
838095,0.9757566
838096,0.8986866
838097,0.01993567
838098,0.013713855
838099,0.91862565
838100,0.19744699
838101,0.9049057
838102,0.0063023358
838103,0.0034044439
838104,0.13456756
838105,0.9739917
838106,0.8633183
838107,0.06944697
838108,0.015568855
838109,0.02724262
838110,0.81437314
838111,0.029742483
838112,0.6196483
838113,0.010390991
838114,0.026456784
838115,0.9938298
838116,0.89913523
838117,0.9892001
838118,0.8821194
838119,0.9726331
838120,0.49740344
838121,0.009761896
838122,0.008517439
838123,0.939088
838124,0.012191705
838125,0.52345806
838126,0.4785116
838127,0.04925664
838128,0.14583507
838129,0.6766481
838130,0.8996926
838131,0.95286477
838132,0.92910326
838133,0.07784395
838134,0.8206066
838135,0.033995062
838136,0.992888
838137,0.057507817
838138,0.9103988
838139,0.008310787
838140,0.76276445
838141,0.00951197
838142,0.4706269
838143,0.667445
838144,0.978192
838145,0.99497455
838146,0.8374568
838147,0.48479125
838148,0.99763316
838149,0.7604979
838150,0.043528948
838151,0.008731099
838152,0.11649034
838153,0.004985773
838154,0.8156297
838155,0.987797
838156,0.9576388
838157,0.4852566
838158,0.97447234
838159,0.9855559
838160,0.037112102
838161,0.07654764
838162,0.79165506
838163,0.8060704
838164,0.265435
838165,0.9639088
838166,0.91641724
838167,0.03779777
838168,0.0039520888
838169,0.08945205
838170,0.043216404
838171,0.3120608
838172,0.96744394
838173,0.004556114
838174,0.98451865
838175,0.84277904
838176,0.0234669
838177,0.03248561
838178,0.04190811
838179,0.40524656
838180,0.99362105
838181,0.9459101
838182,0.024239846
838183,0.97477704
838184,0.15463404
838185,0.0077369004
838186,0.19401598
838187,0.99794525
838188,0.9697673
838189,0.9914663
838190,0.10600076
838191,0.025945276
838192,0.94927
838193,0.14490119
838194,0.028687682
838195,0.02524504
838196,0.8835435
838197,0.010532808
838198,0.97216797
838199,0.002159752
838200,0.9989377
838201,0.96614194
838202,0.15817201
838203,0.96706116
838204,0.081424564
838205,0.04723641
838206,0.97714484
838207,0.99423885
838208,0.069659725
838209,0.60895306
838210,0.017224897
838211,0.00832334
838212,0.06747515
838213,0.16819395
838214,0.058933947
838215,0.74849236
838216,0.996829
838217,0.9810523
838218,0.9965223
838219,0.004049218
838220,0.98130715
838221,0.023109302
838222,0.72557825
838223,0.018039303
838224,0.469329
838225,0.00083435036
838226,0.9965706
838227,0.0094143385
838228,0.9812119
838229,0.13983828
838230,0.99407816
838231,0.9751818
838232,0.21829563
838233,0.36391455
838234,0.67355686
838235,0.6350893
838236,0.11795683
838237,0.37545624
838238,0.16205014
838239,0.0081675835
838240,0.010351182
838241,0.02498698
838242,0.051082492
838243,0.987041
838244,0.09688802
838245,0.1082747
838246,0.011870506
838247,0.027559131
838248,0.328218
838249,0.018502986
838250,0.012944896
838251,0.025578622
838252,0.084148444
838253,0.0074571874
838254,0.96863985
838255,0.9545601
838256,0.02530057
838257,0.9721244
838258,0.7737676
838259,0.045134086
838260,0.521279
838261,0.041099504
838262,0.9599717
838263,0.065329656
838264,0.02599348
838265,0.87506044
838266,0.007155224
838267,0.01601331
838268,0.98096275
838269,0.024840586
838270,0.95910037
838271,0.010958564
838272,0.005112871
838273,0.052276917
838274,0.15650092
838275,0.10957655
838276,0.07786585
838277,0.8972711
838278,0.9980267
838279,0.24290538
838280,0.7516067
838281,0.9984451
838282,0.7693852
838283,0.5253025
838284,0.02849936
838285,0.06891056
838286,0.007938916
838287,0.005555787
838288,0.01658742
838289,0.9809637
838290,0.09952556
838291,0.035366453
838292,0.0062799854
838293,0.016706388
838294,0.67168224
838295,0.08652182
838296,0.97292453
838297,0.10064557
838298,0.9921654
838299,0.5566297
838300,0.88572466
838301,0.08882811
838302,0.99768174
838303,0.9972258
838304,0.92050856
838305,0.008212815
838306,0.0020881873
838307,0.008753384
838308,0.1030165
838309,0.57734686
838310,0.99742395
838311,0.9768896
838312,0.008751133
838313,0.27377814
838314,0.024380066
838315,0.2057333
838316,0.03474002
838317,0.066058025
838318,0.9965745
838319,0.8466022
838320,0.15554923
838321,0.99779767
838322,0.007900998
838323,0.9907258
838324,0.91624403
838325,0.10118581
838326,0.8464834
838327,0.016969627
838328,0.9961966
838329,0.8498344
838330,0.56701934
838331,0.080619596
838332,0.03193873
838333,0.7319206
838334,0.045219123
838335,0.88000727
838336,0.78570735
838337,0.0034441827
838338,0.0035960376
838339,0.8951187
838340,0.09365175
838341,0.011650903
838342,0.9971576
838343,0.3977646
838344,0.9747997
838345,0.72527957
838346,0.97695297
838347,0.0125853745
838348,0.24504566
838349,0.2605582
838350,0.0067150705
838351,0.8693234
838352,0.81210095
838353,0.23900682
838354,0.99893826
838355,0.12092681
838356,0.9807223
838357,0.014415221
838358,0.01706353
838359,0.9971266
838360,0.6969944
838361,0.0075191697
838362,0.030922487
838363,0.8250209
838364,0.2210348
838365,0.024755416
838366,0.06612885
838367,0.36342025
838368,0.29771268
838369,0.05784125
838370,0.095395304
838371,0.99625
838372,0.5499512
838373,0.9482898
838374,0.90664214
838375,0.13520594
838376,0.9990041
838377,0.91301984
838378,0.66423804
838379,0.9976298
838380,0.0061956793
838381,0.0397742
838382,0.9931206
838383,0.98251295
838384,0.9995007
838385,0.9797836
838386,0.16415
838387,0.055993523
838388,0.033089206
838389,0.05875846
838390,0.00254078
838391,0.105578825
838392,0.018616807
838393,0.018492106
838394,0.011550837
838395,0.910583
838396,0.08936303
838397,0.390314
838398,0.99596906
838399,0.90559393
838400,0.53534013
838401,0.10056793
838402,0.07649352
838403,0.005365658
838404,0.07150519
838405,0.12831879
838406,0.0015641404
838407,0.36057663
838408,0.57293314
838409,0.009169627
838410,0.15694839
838411,0.2507527
838412,0.11335679
838413,0.97678286
838414,0.9703748
838415,0.89248973
838416,0.112314284
838417,0.98775554
838418,0.47861367
838419,0.12843102
838420,0.117246896
838421,0.84986216
838422,0.01726141
838423,0.0081180725
838424,0.31023112
838425,0.47533077
838426,0.962035
838427,0.012485982
838428,0.977703
838429,0.9724331
838430,0.7431872
838431,0.61592656
838432,0.012013284
838433,0.013597254
838434,0.035141125
838435,0.040669862
838436,0.016643286
838437,0.09244098
838438,0.47729915
838439,0.004536978
838440,0.0137221115
838441,0.20336035
838442,0.05818498
838443,0.33706465
838444,0.99158454
838445,0.89404523
838446,0.40005392
838447,0.010336615
838448,0.96458143
838449,0.01372711
838450,0.92926985
838451,0.008607613
838452,0.8835076
838453,0.8933854
838454,0.9751459
838455,0.9907748
838456,0.024102833
838457,0.065073825
838458,0.1995298
838459,0.15134355
838460,0.014498243
838461,0.8933675
838462,0.010207191
838463,0.9976102
838464,0.9662796
838465,0.04181735
838466,0.95544755
838467,0.08158486
838468,0.31102455
838469,0.042134963
838470,0.0556155
838471,0.12699965
838472,0.7828506
838473,0.02125515
838474,0.9829117
838475,0.07127707
838476,0.9632322
838477,0.012065897
838478,0.88222945
838479,0.9676868
838480,0.6705167
838481,0.011266676
838482,0.6553095
838483,0.9394607
838484,0.9592602
838485,0.0036734364
838486,0.15270828
838487,0.52887934
838488,0.5376106
838489,0.34136298
838490,0.94233066
838491,0.011045047
838492,0.6143431
838493,0.0065508727
838494,0.007827508
838495,0.21861148
838496,0.19628483
838497,0.015177683
838498,0.6372605
838499,0.52420366
838500,0.81457955
838501,0.38356656
838502,0.46438804
838503,0.050273307
838504,0.8417953
838505,0.032191016
838506,0.9376129
838507,0.8750811
838508,0.9986311
838509,0.038086254
838510,0.09435725
838511,0.04585892
838512,0.31671798
838513,0.8839231
838514,0.49054784
838515,0.08313642
838516,0.7984348
838517,0.020373456
838518,0.9519416
838519,0.06024787
838520,0.86166203
838521,0.9806621
838522,0.31921285
838523,0.08978691
838524,0.98269755
838525,0.44665608
838526,0.97137344
838527,0.104532406
838528,0.30137223
838529,0.01565182
838530,0.0068311514
838531,0.045397468
838532,0.42109916
838533,0.049387407
838534,0.22211519
838535,0.9088725
838536,0.08494357
838537,0.9027411
838538,0.61147135
838539,0.04221845
838540,0.54431057
838541,0.97776365
838542,0.9019753
838543,0.43907216
838544,0.29202452
838545,0.058047935
838546,0.032448336
838547,0.072536826
838548,0.9930573
838549,0.98165345
838550,0.029581385
838551,0.004970625
838552,0.16350345
838553,0.11782916
838554,0.08608439
838555,0.9962156
838556,0.090969265
838557,0.007735178
838558,0.33018947
838559,0.43040922
838560,0.76534563
838561,0.025256934
838562,0.0094670765
838563,0.97954375
838564,0.0019027201
838565,0.98830307
838566,0.99111503
838567,0.9389981
838568,0.89567196
838569,0.9247285
838570,0.002013348
838571,0.9853076
838572,0.98751795
838573,0.26601726
838574,0.014448694
838575,0.009498792
838576,0.03820844
838577,0.42956
838578,0.2838894
838579,0.90293944
838580,0.9787779
838581,0.040744632
838582,0.011169175
838583,0.09557964
838584,0.14795263
838585,0.96183336
838586,0.99843216
838587,0.95193887
838588,0.9817858
838589,0.965675
838590,0.00955146
838591,0.33742025
838592,0.6134219
838593,0.10610111
838594,0.0013711788
838595,0.9796421
838596,0.9802421
838597,0.18600808
838598,0.464383
838599,0.03229548
838600,0.036820363
838601,0.026794676
838602,0.7234504
838603,0.9891099
838604,0.85736465
838605,0.97179604
838606,0.030774524
838607,0.037249006
838608,0.36940718
838609,0.011864339
838610,0.06618659
838611,0.9856087
838612,0.0021986798
838613,0.9621678
838614,0.6396492
838615,0.09353605
838616,0.002625153
838617,0.7950997
838618,0.08667292
838619,0.0031400924
838620,0.86978793
838621,0.961295
838622,0.07663788
838623,0.031426754
838624,0.1637584
838625,0.0037483547
838626,0.25986126
838627,0.9062415
838628,0.010005581
838629,0.5475687
838630,0.01009753
838631,0.9980953
838632,0.058523733
838633,0.99139196
838634,0.4714295
838635,0.471068
838636,0.012882669
838637,0.93990767
838638,0.00954826
838639,0.94803774
838640,0.974119
838641,0.007953754
838642,0.90369344
838643,0.01805448
838644,0.028343733
838645,0.544522
838646,0.024981292
838647,0.03452249
838648,0.8005636
838649,0.66616786
838650,0.840339
838651,0.009318886
838652,0.0037308265
838653,0.14805433
838654,0.06005952
838655,0.51636314
838656,0.34111315
838657,0.07563584
838658,0.49590212
838659,0.7448344
838660,0.006969618
838661,0.9870311
838662,0.014637398
838663,0.94365644
838664,0.017271984
838665,0.13378963
838666,0.995138
838667,0.13852993
838668,0.37043822
838669,0.53815436
838670,0.0430341
838671,0.99239874
838672,0.7862295
838673,0.67773247
838674,0.99360883
838675,0.9232051
838676,0.9157895
838677,0.0062205656
838678,0.9513148
838679,0.030176077
838680,0.066510975
838681,0.13694474
838682,0.9972416
838683,0.122918636
838684,0.9969235
838685,0.8410293
838686,0.9588604
838687,0.91795796
838688,0.024653029
838689,0.021528648
838690,0.9712899
838691,0.0067549534
838692,0.4840307
838693,0.041561134
838694,0.0241734
838695,0.14529914
838696,0.10012848
838697,0.23370081
838698,0.9140696
838699,0.0017252903
838700,0.014690163
838701,0.032302942
838702,0.9317064
838703,0.73299134
838704,0.60638803
838705,0.14521965
838706,0.5502782
838707,0.004536755
838708,0.7473607
838709,0.91769356
838710,0.002585954
838711,0.025965648
838712,0.20924729
838713,0.09789494
838714,0.22301862
838715,0.9980858
838716,0.97265214
838717,0.9824244
838718,0.7727102
838719,0.91199374
838720,0.05835599
838721,0.0602689
838722,0.13629611
838723,0.44741556
838724,0.89381874
838725,0.6873232
838726,0.9775791
838727,0.8663381
838728,0.008950729
838729,0.9427012
838730,0.9139728
838731,0.2707687
838732,0.036440026
838733,0.3220167
838734,0.9880607
838735,0.026414575
838736,0.17038524
838737,0.056556396
838738,0.015399895
838739,0.0040373923
838740,0.052655958
838741,0.024149708
838742,0.07390211
838743,0.016398195
838744,0.9915054
838745,0.9018665
838746,0.9492954
838747,0.042134307
838748,0.9810766
838749,0.85556656
838750,0.9821653
838751,0.76562047
838752,0.025134824
838753,0.13355653
838754,0.6270653
838755,0.95139015
838756,0.9804522
838757,0.97521687
838758,0.0307924
838759,0.40563086
838760,0.9613448
838761,0.0071466896
838762,0.1653012
838763,0.9932644
838764,0.489232
838765,0.0077137286
838766,0.0034168193
838767,0.015533835
838768,0.0036041324
838769,0.0046849316
838770,0.008666085
838771,0.012226157
838772,0.055412687
838773,0.017825667
838774,0.97550297
838775,0.96837056
838776,0.008952174
838777,0.033917997
838778,0.9553373
838779,0.9951881
838780,0.008375701
838781,0.11576103
838782,0.0048847264
838783,0.04630562
838784,0.0434016
838785,0.99809223
838786,0.26427323
838787,0.0071507343
838788,0.24716182
838789,0.3240486
838790,0.11858504
838791,0.022148274
838792,0.038148433
838793,0.13983142
838794,0.18360084
838795,0.14422368
838796,0.8801848
838797,0.26949966
838798,0.041264392
838799,0.99418527
838800,0.9668491
838801,0.037124656
838802,0.011521742
838803,0.3339907
838804,0.01541015
838805,0.9830643
838806,0.98145443
838807,0.9645995
838808,0.00950989
838809,0.13956691
838810,0.09139787
838811,0.9929004
838812,0.9796148
838813,0.0383278
838814,0.017083254
838815,0.9901519
838816,0.13054174
838817,0.026727136
838818,0.023897368
838819,0.99858946
838820,0.9953929
838821,0.2558006
838822,0.98303515
838823,0.2413297
838824,0.4007253
838825,0.978972
838826,0.0153953135
838827,0.021098353
838828,0.020445634
838829,0.22824034
838830,0.02640928
838831,0.75202906
838832,0.5039973
838833,0.023498002
838834,0.99695843
838835,0.4993114
838836,0.997285
838837,0.11769201
838838,0.076339535
838839,0.9973414
838840,0.9949586
838841,0.95104414
838842,0.9499094
838843,0.98704845
838844,0.88813645
838845,0.98141617
838846,0.0074817156
838847,0.016849265
838848,0.045132548
838849,0.9874483
838850,0.0045917253
838851,0.9871763
838852,0.102713995
838853,0.9975968
838854,0.027804159
838855,0.11535285
838856,0.021275718
838857,0.025120238
838858,0.9835006
838859,0.1989564
838860,0.93969214
838861,0.02249709
838862,0.0683416
838863,0.5892525
838864,0.019058164
838865,0.99120724
838866,0.94782996
838867,0.51438516
838868,0.11570907
838869,0.19931863
838870,0.048618775
838871,0.11349536
838872,0.92459756
838873,0.0088354405
838874,0.7397456
838875,0.16211572
838876,0.14904334
838877,0.004596356
838878,0.99304014
838879,0.9535445
838880,0.20653151
838881,0.015806027
838882,0.6262767
838883,0.41344365
838884,0.23585224
838885,0.34572202
838886,0.98348385
838887,0.9838491
838888,0.97469306
838889,0.51646876
838890,0.056648314
838891,0.9801371
838892,0.03079143
838893,0.018959513
838894,0.15327099
838895,0.48006698
838896,0.91061723
838897,0.0076149516
838898,0.90591276
838899,0.9954126
838900,0.18728912
838901,0.05652767
838902,0.97060454
838903,0.14905171
838904,0.545028
838905,0.95552546
838906,0.9970292
838907,0.989682
838908,0.12894894
838909,0.7945197
838910,0.9672791
838911,0.89206886
838912,0.9573949
838913,0.62155986
838914,0.6774198
838915,0.86317223
838916,0.94323397
838917,0.0044724094
838918,0.9579532
838919,0.5049748
838920,0.98927104
838921,0.9034741
838922,0.99369085
838923,0.010618252
838924,0.46979097
838925,0.47454867
838926,0.044764064
838927,0.31779882
838928,0.06234085
838929,0.010064836
838930,0.98620534
838931,0.6294999
838932,0.027201088
838933,0.028469391
838934,0.008509989
838935,0.6963289
838936,0.3809607
838937,0.05342185
838938,0.636328
838939,0.0790233
838940,0.97140294
838941,0.96958876
838942,0.15541628
838943,0.88936085
838944,0.14488158
838945,0.69877833
838946,0.29638153
838947,0.9183321
838948,0.17078632
838949,0.28637046
838950,0.040198274
838951,0.6166453
838952,0.7413653
838953,0.70354354
838954,0.0062773987
838955,0.012194378
838956,0.9978007
838957,0.949947
838958,0.012679829
838959,0.7319131
838960,0.99051744
838961,0.92879707
838962,0.96435255
838963,0.045762032
838964,0.9536975
838965,0.027049188
838966,0.7421256
838967,0.07220498
838968,0.95399445
838969,0.01717719
838970,0.016435008
838971,0.04981695
838972,0.9698696
838973,0.9889023
838974,0.2253586
838975,0.26466662
838976,0.04860033
838977,0.07101463
838978,0.91413355
838979,0.95174706
838980,0.98828226
838981,0.00901437
838982,0.027458264
838983,0.023168571
838984,0.88599277
838985,0.9652585
838986,0.6035252
838987,0.95653653
838988,0.023657816
838989,0.13813399
838990,0.09895581
838991,0.9840239
838992,0.00212437
838993,0.066539064
838994,0.0229664
838995,0.80808437
838996,0.96576184
838997,0.74401575
838998,0.0009948794
838999,0.9128945
839000,0.96590865
839001,0.028287116
839002,0.018466752
839003,0.8929889
839004,0.0045110076
839005,0.93146104
839006,0.015963074
839007,0.011582211
839008,0.60476637
839009,0.3240484
839010,0.094956376
839011,0.22119519
839012,0.36580443
839013,0.008518816
839014,0.052044835
839015,0.058918163
839016,0.03056496
839017,0.9884013
839018,0.07877002
839019,0.045228407
839020,0.22665067
839021,0.019060716
839022,0.9327992
839023,0.02981301
839024,0.03936557
839025,0.009223211
839026,0.033403855
839027,0.085398495
839028,0.84002906
839029,0.050992943
839030,0.6626918
839031,0.24436711
839032,0.019958999
839033,0.9882718
839034,0.99402463
839035,0.25262877
839036,0.1264858
839037,0.15363535
839038,0.96747154
839039,0.9134052
839040,0.901512
839041,0.028682228
839042,0.11795573
839043,0.11780665
839044,0.30775905
839045,0.76991284
839046,0.025110805
839047,0.07664324
839048,0.92390215
839049,0.019703552
839050,0.9786675
839051,0.97919494
839052,0.006342474
839053,0.8967991
839054,0.94064546
839055,0.21615586
839056,0.827163
839057,0.99705344
839058,0.7422314
839059,0.99337065
839060,0.9114214
839061,0.041318778
839062,0.14124298
839063,0.039973844
839064,0.9685693
839065,0.98865145
839066,0.018772677
839067,0.007993156
839068,0.12738794
839069,0.09208129
839070,0.95644844
839071,0.44904757
839072,0.10763173
839073,0.073191
839074,0.92155355
839075,0.036887035
839076,0.012836037
839077,0.033314712
839078,0.18631025
839079,0.046330005
839080,0.81579465
839081,0.78760165
839082,0.0686226
839083,0.028398585
839084,0.033495877
839085,0.97933257
839086,0.102213144
839087,0.0067657894
839088,0.065827474
839089,0.98278457
839090,0.9674106
839091,0.0041810516
839092,0.9899912
839093,0.65769815
839094,0.99747276
839095,0.07738961
839096,0.018591143
839097,0.14779098
839098,0.15773681
839099,0.94151676
839100,0.271907
839101,0.97282106
839102,0.008078838
839103,0.002848644
839104,0.072741136
839105,0.6064459
839106,0.3416769
839107,0.8919901
839108,0.57057613
839109,0.4248819
839110,0.2597116
839111,0.1984569
839112,0.8187864
839113,0.041517306
839114,0.9931575
839115,0.96490896
839116,0.89035755
839117,0.98462087
839118,0.99558944
839119,0.020159375
839120,0.09039292
839121,0.011751817
839122,0.06628965
839123,0.911243
839124,0.032597076
839125,0.041792754
839126,0.016270641
839127,0.031505477
839128,0.9923792
839129,0.66084045
839130,0.048762392
839131,0.0072570555
839132,0.86534965
839133,0.042594723
839134,0.96619964
839135,0.31737772
839136,0.108601116
839137,0.9319245
839138,0.6257062
839139,0.95060813
839140,0.022458553
839141,0.0056798547
839142,0.1167824
839143,0.99559337
839144,0.0038501276
839145,0.009404087
839146,0.9664266
839147,0.9656746
839148,0.42697322
839149,0.47998124
839150,0.030142577
839151,0.99494565
839152,0.053617284
839153,0.8038837
839154,0.10207849
839155,0.04227215
839156,0.39896137
839157,0.88886845
839158,0.21594432
839159,0.6251703
839160,0.4880703
839161,0.3039977
839162,0.033388473
839163,0.02377559
839164,0.14860705
839165,0.010756503
839166,0.00989739
839167,0.5838733
839168,0.8436976
839169,0.9482356
839170,0.9943509
839171,0.067580454
839172,0.0362857
839173,0.9811752
839174,0.0143557405
839175,0.9419489
839176,0.014305896
839177,0.13380004
839178,0.042804673
839179,0.997195
839180,0.41578436
839181,0.08585359
839182,0.013894349
839183,0.019972252
839184,0.57227
839185,0.88472354
839186,0.98876333
839187,0.054669462
839188,0.9931624
839189,0.7853923
839190,0.19942757
839191,0.0063252747
839192,0.9886397
839193,0.070095256
839194,0.014541709
839195,0.15540162
839196,0.022820814
839197,0.28568065
839198,0.008986356
839199,0.033866867
839200,0.15001222
839201,0.06417093
839202,0.99383366
839203,0.56353116
839204,0.009214072
839205,0.14307831
839206,0.55833274
839207,0.018828074
839208,0.0342163
839209,0.005394633
839210,0.015860077
839211,0.99237454
839212,0.9558735
839213,0.9800316
839214,0.13829263
839215,0.011142702
839216,0.2204264
839217,0.056636326
839218,0.09168385
839219,0.10464038
839220,0.017563235
839221,0.9194055
839222,0.39238998
839223,0.058300965
839224,0.028713834
839225,0.13171312
839226,0.86746216
839227,0.99562883
839228,0.0207295
839229,0.9788259
839230,0.003932068
839231,0.17425911
839232,0.9552989
839233,0.109771274
839234,0.9859955
839235,0.91907525
839236,0.9745947
839237,0.031608216
839238,0.9885403
839239,0.94908047
839240,0.23180312
839241,0.04958903
839242,0.09146425
839243,0.37422764
839244,0.23741537
839245,0.74197775
839246,0.026511595
839247,0.20016862
839248,0.9790572
839249,0.6579831
839250,0.99617755
839251,0.3562729
839252,0.023751445
839253,0.045241613
839254,0.0011655441
839255,0.9962817
839256,0.026235696
839257,0.98811543
839258,0.032753773
839259,0.37907958
839260,0.7627793
839261,0.0027059265
839262,0.0072195176
839263,0.74477345
839264,0.05831898
839265,0.8231408
839266,0.025969505
839267,0.0100276405
839268,0.015325779
839269,0.972395
839270,0.14309293
839271,0.066671744
839272,0.09038281
839273,0.02044621
839274,0.97110134
839275,0.9961102
839276,0.940752
839277,0.959975
839278,0.023972858
839279,0.010728038
839280,0.79369867
839281,0.009296695
839282,0.005535018
839283,0.020972453
839284,0.30419502
839285,0.123478174
839286,0.79755765
839287,0.09236373
839288,0.049012505
839289,0.9895756
839290,0.01975878
839291,0.15147665
839292,0.08667797
839293,0.69151247
839294,0.4415842
839295,0.019645847
839296,0.9843995
839297,0.91027224
839298,0.99889183
839299,0.7264558
839300,0.14125079
839301,0.10643451
839302,0.002927659
839303,0.99552584
839304,0.36152485
839305,0.79914206
839306,0.027271334
839307,0.37447315
839308,0.07595289
839309,0.9908826
839310,0.24988401
839311,0.9890374
839312,0.0022205582
839313,0.102657795
839314,0.030929746
839315,0.6049419
839316,0.8601353
839317,0.009893423
839318,0.01172693
839319,0.07249069
839320,0.99097157
839321,0.9975084
839322,0.9605737
839323,0.90325034
839324,0.21617332
839325,0.04178878
839326,0.031400003
839327,0.92383015
839328,0.9951666
839329,0.12679037
839330,0.659631
839331,0.013812084
839332,0.26577526
839333,0.08793364
839334,0.34766194
839335,0.90968776
839336,0.973817
839337,0.019060235
839338,0.038795643
839339,0.51125324
839340,0.118567735
839341,0.004847297
839342,0.007727651
839343,0.023465158
839344,0.92848533
839345,0.98542434
839346,0.027561644
839347,0.004076394
839348,0.9870855
839349,0.11238318
839350,0.26662213
839351,0.99670506
839352,0.29160067
839353,0.010111541
839354,0.96326643
839355,0.9225018
839356,0.882586
839357,0.058943663
839358,0.13984686
839359,0.0074062934
839360,0.9906403
839361,0.012388895
839362,0.037515678
839363,0.8819525
839364,0.0041056173
839365,0.26449746
839366,0.9942883
839367,0.99807096
839368,0.0845039
839369,0.09907903
839370,0.0013714096
839371,0.020555623
839372,0.0069886944
839373,0.870484
839374,0.023960691
839375,0.99359536
839376,0.81950945
839377,0.97518015
839378,0.8646053
839379,0.82608986
839380,0.08981148
839381,0.5893177
839382,0.25953412
839383,0.0455194
839384,0.6364951
839385,0.37542188
839386,0.94301224
839387,0.0042329407
839388,0.12415401
839389,0.31479946
839390,0.99767923
839391,0.9614841
839392,0.7659058
839393,0.007432626
839394,0.99247664
839395,0.5337293
839396,0.12878238
839397,0.0104771815
839398,0.9103482
839399,0.008750522
839400,0.59365934
839401,0.8562048
839402,0.9202288
839403,0.8488131
839404,0.84288776
839405,0.9994667
839406,0.99250406
839407,0.79674274
839408,0.07276387
839409,0.07919101
839410,0.9307722
839411,0.99319357
839412,0.21161078
839413,0.039537527
839414,0.9789492
839415,0.008175375
839416,0.040663976
839417,0.6767374
839418,0.036517
839419,0.71300685
839420,0.055262767
839421,0.028497886
839422,0.9224133
839423,0.019269802
839424,0.6283022
839425,0.5470534
839426,0.525783
839427,0.102467395
839428,0.9406825
839429,0.0051891566
839430,0.03187959
839431,0.6460248
839432,0.47463474
839433,0.5460758
839434,0.27254003
839435,0.8544169
839436,0.32772905
839437,0.029153896
839438,0.9730143
839439,0.8928803
839440,0.11531985
839441,0.97839296
839442,0.99614954
839443,0.6321759
839444,0.99373233
839445,0.0020758214
839446,0.93302846
839447,0.78992665
839448,0.006701776
839449,0.99636984
839450,0.05841397
839451,0.8534381
839452,0.98130107
839453,0.7528861
839454,0.3051754
839455,0.8411199
839456,0.026563065
839457,0.8943306
839458,0.8818624
839459,0.0527462
839460,0.97986186
839461,0.032227658
839462,0.036737077
839463,0.0016824894
839464,0.994148
839465,0.073889405
839466,0.30960745
839467,0.954272
839468,0.20579043
839469,0.09857517
839470,0.3247807
839471,0.10158853
839472,0.0072791297
839473,0.99137294
839474,0.036436565
839475,0.049866047
839476,0.9912021
839477,0.11824865
839478,0.937604
839479,0.53566253
839480,0.0052445163
839481,0.0659684
839482,0.06183527
839483,0.98167086
839484,0.00854408
839485,0.009909582
839486,0.8224728
839487,0.9064994
839488,0.08017109
839489,0.09904277
839490,0.9876433
839491,0.46019325
839492,0.030965324
839493,0.989344
839494,0.9940376
839495,0.9929259
839496,0.18757184
839497,0.014306938
839498,0.9993892
839499,0.9857895
839500,0.043118235
839501,0.95771813
839502,0.11111565
839503,0.01985821
839504,0.8429327
839505,0.4461665
839506,0.037767682
839507,0.97525537
839508,0.6265128
839509,0.03307148
839510,0.0061525106
839511,0.96997887
839512,0.023229975
839513,0.1253726
839514,0.010000766
839515,0.9984886
839516,0.6989564
839517,0.096054256
839518,0.9886143
839519,0.06996056
839520,0.012483515
839521,0.8607802
839522,0.1940135
839523,0.11815769
839524,0.011691942
839525,0.97298133
839526,0.009968163
839527,0.89144224
839528,0.8015832
839529,0.97870433
839530,0.2143676
839531,0.01411365
839532,0.423982
839533,0.020945586
839534,0.0943146
839535,0.6004638
839536,0.0070812264
839537,0.02327164
839538,0.018613312
839539,0.19650066
839540,0.002305873
839541,0.033423938
839542,0.0041666473
839543,0.047841553
839544,0.98428124
839545,0.023800645
839546,0.38707617
839547,0.9260315
839548,0.9813625
839549,0.92796326
839550,0.98918325
839551,0.3453829
839552,0.015870614
839553,0.013105676
839554,0.0050553908
839555,0.15051457
839556,0.5957422
839557,0.8826196
839558,0.18549679
839559,0.8900107
839560,0.8799801
839561,0.09631999
839562,0.08981185
839563,0.061131664
839564,0.008798587
839565,0.8007741
839566,0.008847671
839567,0.0013305852
839568,0.14129017
839569,0.26155347
839570,0.03165331
839571,0.007475544
839572,0.98143345
839573,0.8902248
839574,0.016601603
839575,0.3777571
839576,0.04242249
839577,0.14680612
839578,0.053180203
839579,0.71270525
839580,0.8574643
839581,0.18941002
839582,0.7899207
839583,0.008877378
839584,0.84369624
839585,0.5267307
839586,0.9891952
839587,0.0021544942
839588,0.92006266
839589,0.08566189
839590,0.116767116
839591,0.01441011
839592,0.08875778
839593,0.40113294
839594,0.99093014
839595,0.07233642
839596,0.18302134
839597,0.004337855
839598,0.008627608
839599,0.034185614
839600,0.011578654
839601,0.8658591
839602,0.721387
839603,0.03936563
839604,0.6452441
839605,0.96855354
839606,0.52378047
839607,0.61178434
839608,0.046037056
839609,0.12548636
839610,0.3593158
839611,0.65705025
839612,0.9887248
839613,0.97936225
839614,0.94816124
839615,0.96334267
839616,0.9184044
839617,0.3203709
839618,0.007424894
839619,0.0073039476
839620,0.9904909
839621,0.9945216
839622,0.22804911
839623,0.8979998
839624,0.14237389
839625,0.0087202005
839626,0.9569782
839627,0.012934366
839628,0.018121483
839629,0.52918255
839630,0.9036968
839631,0.005757703
839632,0.037243057
839633,0.00925618
839634,0.055343054
839635,0.06475974
839636,0.90712976
839637,0.997849
839638,0.6144592
839639,0.2439832
839640,0.0043819738
839641,0.98894763
839642,0.37941986
839643,0.59817886
839644,0.009570014
839645,0.8319736
839646,0.013925494
839647,0.17854476
839648,0.04472792
839649,0.9931637
839650,0.012115583
839651,0.9837186
839652,0.051694155
839653,0.041525673
839654,0.0031673303
839655,0.96272427
839656,0.98914444
839657,0.011119698
839658,0.9608169
839659,0.04099355
839660,0.012770351
839661,0.96540344
839662,0.9898745
839663,0.038118653
839664,0.98455644
839665,0.8916221
839666,0.99529
839667,0.97374105
839668,0.14025687
839669,0.8749237
839670,0.0055605425
839671,0.005089287
839672,0.98407954
839673,0.9158495
839674,0.71879077
839675,0.04933229
839676,0.11268903
839677,0.0053344225
839678,0.93466836
839679,0.9043045
839680,0.44940346
839681,0.97048193
839682,0.0025018468
839683,0.02380237
839684,0.99784815
839685,0.06993882
839686,0.79094887
839687,0.99591357
839688,0.9485967
839689,0.9920814
839690,0.9655904
839691,0.02357064
839692,0.009282086
839693,0.087460354
839694,0.96631515
839695,0.99855584
839696,0.18342131
839697,0.16425335
839698,0.92615587
839699,0.9952293
839700,0.019718245
839701,0.032675594
839702,0.40825054
839703,0.9761771
839704,0.05325141
839705,0.9976743
839706,0.17905451
839707,0.079425685
839708,0.036233388
839709,0.0017263524
839710,0.1687268
839711,0.99849385
839712,0.8398396
839713,0.02994978
839714,0.1062857
839715,0.9984393
839716,0.97844505
839717,0.95784426
839718,0.95333546
839719,0.39282462
839720,0.12259285
839721,0.02424975
839722,0.10282333
839723,0.9861427
839724,0.63680434
839725,0.9678832
839726,0.69685936
839727,0.9985979
839728,0.03039318
839729,0.044390127
839730,0.12253007
839731,0.011065171
839732,0.8857947
839733,0.07617293
839734,0.003066985
839735,0.08008931
839736,0.95763254
839737,0.98893887
839738,0.15750611
839739,0.9890747
839740,0.9872462
839741,0.1989975
839742,0.1349098
839743,0.006254157
839744,0.063237935
839745,0.94815254
839746,0.018273776
839747,0.98145056
839748,0.033024654
839749,0.3333857
839750,0.9556684
839751,0.96101135
839752,0.96898526
839753,0.9963976
839754,0.74725896
839755,0.06575046
839756,0.9964356
839757,0.64665204
839758,0.0050250096
839759,0.52202994
839760,0.15893286
839761,0.29822394
839762,0.054965243
839763,0.0113656195
839764,0.007709889
839765,0.006939105
839766,0.57917297
839767,0.85030305
839768,0.027803523
839769,0.9967623
839770,0.030873131
839771,0.09729536
839772,0.992708
839773,0.99375796
839774,0.011847343
839775,0.991321
839776,0.12109958
839777,0.96075064
839778,0.04185788
839779,0.99680877
839780,0.6477248
839781,0.3443444
839782,0.028661953
839783,0.78699493
839784,0.9912234
839785,0.54563886
839786,0.7618052
839787,0.015937367
839788,0.9995482
839789,0.1321213
839790,0.06375922
839791,0.9967386
839792,0.8238179
839793,0.99204516
839794,0.8907126
839795,0.9939887
839796,0.18373124
839797,0.2645964
839798,0.042874523
839799,0.18855022
839800,0.9462419
839801,0.015474703
839802,0.14196596
839803,0.060659472
839804,0.022684218
839805,0.01822227
839806,0.9870714
839807,0.5681465
839808,0.98480266
839809,0.9943802
839810,0.012133318
839811,0.016359918
839812,0.0044202264
839813,0.91307056
839814,0.3860587
839815,0.0037932526
839816,0.037255283
839817,0.3236505
839818,0.04368891
839819,0.69362533
839820,0.019190632
839821,0.89645654
839822,0.010053503
839823,0.99164474
839824,0.79304075
839825,0.012372261
839826,0.9935789
839827,0.090990074
839828,0.0023425703
839829,0.99770296
839830,0.0054531116
839831,0.008581106
839832,0.054827694
839833,0.9292357
839834,0.004972096
839835,0.0301595
839836,0.95802045
839837,0.9374851
839838,0.23308364
839839,0.987633
839840,0.023702927
839841,0.009897263
839842,0.12497252
839843,0.9026833
839844,0.0043207123
839845,0.99814427
839846,0.01237887
839847,0.08051555
839848,0.00894903
839849,0.4342997
839850,0.99430996
839851,0.053502098
839852,0.01677007
839853,0.9811355
839854,0.10798929
839855,0.9627434
839856,0.9470288
839857,0.37960005
839858,0.046160534
839859,0.055359755
839860,0.72788054
839861,0.024107207
839862,0.6048679
839863,0.78208965
839864,0.036664486
839865,0.9296987
839866,0.8798522
839867,0.18637362
839868,0.8440393
839869,0.0082450155
839870,0.0038303263
839871,0.6085837
839872,0.19481702
839873,0.052697323
839874,0.9342966
839875,0.7011734
839876,0.014039943
839877,0.14365974
839878,0.009385048
839879,0.9673623
839880,0.9851422
839881,0.021468675
839882,0.11914783
839883,0.19558491
839884,0.062473014
839885,0.98413646
839886,0.13824005
839887,0.0015356743
839888,0.060958013
839889,0.08854663
839890,0.9836948
839891,0.017210722
839892,0.035613902
839893,0.9896755
839894,0.033880092
839895,0.011916206
839896,0.56273806
839897,0.9924772
839898,0.89582825
839899,0.519138
839900,0.99174386
839901,0.052708328
839902,0.10927551
839903,0.82714844
839904,0.99319583
839905,0.009813206
839906,0.95748764
839907,0.4523245
839908,0.9983597
839909,0.04631187
839910,0.08535637
839911,0.025667492
839912,0.001714774
839913,0.05157159
839914,0.00806296
839915,0.99225026
839916,0.16335157
839917,0.004276956
839918,0.9724993
839919,0.8532424
839920,0.01496093
839921,0.9282714
839922,0.67947185
839923,0.97074044
839924,0.0053993897
839925,0.47486004
839926,0.6286121
839927,0.13794419
839928,0.2119701
839929,0.9900732
839930,0.008725753
839931,0.99520266
839932,0.9775083
839933,0.086433046
839934,0.005589751
839935,0.05020148
839936,0.47988862
839937,0.0069622733
839938,0.99519575
839939,0.0073094945
839940,0.044875786
839941,0.20918487
839942,0.748417
839943,0.20207521
839944,0.9764103
839945,0.01790896
839946,0.13164857
839947,0.10392192
839948,0.9849178
839949,0.6699275
839950,0.15832838
839951,0.3109788
839952,0.031005584
839953,0.82709885
839954,0.023091938
839955,0.35704535
839956,0.012371963
839957,0.06553073
839958,0.9226041
839959,0.14453824
839960,0.9696053
839961,0.03748486
839962,0.7127023
839963,0.23310857
839964,0.057077955
839965,0.63944685
839966,0.0135765085
839967,0.70189255
839968,0.020695526
839969,0.93741435
839970,0.99501675
839971,0.8312974
839972,0.7593657
839973,0.99268806
839974,0.025489379
839975,0.9110256
839976,0.88752395
839977,0.009666352
839978,0.9771781
839979,0.23527285
839980,0.034636308
839981,0.038357798
839982,0.13992068
839983,0.9901364
839984,0.009044047
839985,0.60868
839986,0.02306206
839987,0.07019313
839988,0.9921478
839989,0.22322987
839990,0.12745884
839991,0.123844266
839992,0.8611678
839993,0.008721578
839994,0.9742931
839995,0.0063866954
839996,0.30277422
839997,0.99666023
839998,0.6406928
839999,0.55737233
840000,0.96874446
840001,0.08476323
840002,0.04541058
840003,0.90802145
840004,0.08901621
840005,0.13593948
840006,0.96119344
840007,0.9428717
840008,0.049202055
840009,0.019938279
840010,0.03330084
840011,0.005441287
840012,0.8706099
840013,0.91247916
840014,0.64944094
840015,0.94610363
840016,0.04242071
840017,0.5441162
840018,0.9920643
840019,0.9033209
840020,0.97110677
840021,0.006013642
840022,0.9294239
840023,0.18469712
840024,0.9437627
840025,0.89067703
840026,0.4287785
840027,0.5541644
840028,0.01612119
840029,0.7321773
840030,0.13550094
840031,0.27371186
840032,0.2818058
840033,0.010648341
840034,0.99350893
840035,0.99070436
840036,0.98652816
840037,0.5562211
840038,0.023287712
840039,0.075442344
840040,0.7926805
840041,0.98536634
840042,0.01396224
840043,0.018784106
840044,0.0066643083
840045,0.9642912
840046,0.080935515
840047,0.88568413
840048,0.027916923
840049,0.25704467
840050,0.16129458
840051,0.0045932694
840052,0.006416577
840053,0.4395702
840054,0.8217098
840055,0.18960863
840056,0.0060271067
840057,0.90826
840058,0.1831145
840059,0.02736251
840060,0.009519698
840061,0.10625196
840062,0.06416765
840063,0.124421686
840064,0.08242042
840065,0.028040137
840066,0.28073278
840067,0.8709239
840068,0.0073174164
840069,0.03448768
840070,0.1433314
840071,0.98056924
840072,0.018269327
840073,0.93511736
840074,0.17263497
840075,0.9561659
840076,0.20477603
840077,0.95997626
840078,0.21409166
840079,0.86195
840080,0.9978107
840081,0.07479708
840082,0.8979955
840083,0.23573565
840084,0.9543166
840085,0.07108925
840086,0.9787632
840087,0.64243513
840088,0.015540463
840089,0.9791796
840090,0.1544252
840091,0.9902011
840092,0.09110514
840093,0.01795722
840094,0.46483225
840095,0.11172459
840096,0.030647872
840097,0.9899307
840098,0.3066919
840099,0.04455162
840100,0.5079383
840101,0.97428536
840102,0.036797963
840103,0.38087407
840104,0.20801643
840105,0.05195518
840106,0.0843724
840107,0.0066107805
840108,0.9446308
840109,0.083366774
840110,0.9952238
840111,0.081903055
840112,0.08003616
840113,0.28942016
840114,0.98495
840115,0.99111104
840116,0.9647542
840117,0.9894713
840118,0.67773056
840119,0.07073551
840120,0.0036424627
840121,0.015466427
840122,0.01384175
840123,0.8277948
840124,0.98003256
840125,0.05283284
840126,0.74953496
840127,0.9265687
840128,0.015256338
840129,0.03306272
840130,0.27996463
840131,0.10260379
840132,0.7832755
840133,0.7760604
840134,0.042170912
840135,0.99183846
840136,0.71452904
840137,0.9471034
840138,0.64137554
840139,0.0107208975
840140,0.21356007
840141,0.27420324
840142,0.9957246
840143,0.016496003
840144,0.21348451
840145,0.23395288
840146,0.9966587
840147,0.032737665
840148,0.00843116
840149,0.070331044
840150,0.26726007
840151,0.04509945
840152,0.013469595
840153,0.007529741
840154,0.7545595
840155,0.62443084
840156,0.29547358
840157,0.005388736
840158,0.8965056
840159,0.09389428
840160,0.024827465
840161,0.0599751
840162,0.021792453
840163,0.909935
840164,0.39987683
840165,0.9748831
840166,0.01616853
840167,0.34386146
840168,0.005997417
840169,0.9899996
840170,0.99331665
840171,0.9893081
840172,0.0074795545
840173,0.99848586
840174,0.0024206105
840175,0.010822952
840176,0.509633
840177,0.9874668
840178,0.9163185
840179,0.9956091
840180,0.90281606
840181,0.047394592
840182,0.83397233
840183,0.7017713
840184,0.9638102
840185,0.9488752
840186,0.9542738
840187,0.19642851
840188,0.707914
840189,0.9840898
840190,0.0018801405
840191,0.34890515
840192,0.14135653
840193,0.22292368
840194,0.08056333
840195,0.12755166
840196,0.4212194
840197,0.93376774
840198,0.0061696097
840199,0.5853674
840200,0.99606466
840201,0.023122866
840202,0.04502262
840203,0.017258894
840204,0.005240407
840205,0.045334153
840206,0.008183438
840207,0.038862687
840208,0.33022934
840209,0.009007618
840210,0.8370608
840211,0.0022280675
840212,0.021169215
840213,0.3471185
840214,0.0555986
840215,0.03560964
840216,0.011625941
840217,0.011169567
840218,0.017517777
840219,0.97939634
840220,0.006954383
840221,0.074632406
840222,0.0468946
840223,0.028254133
840224,0.76809084
840225,0.9628191
840226,0.9532677
840227,0.4613226
840228,0.012252079
840229,0.011638165
840230,0.03243032
840231,0.49497032
840232,0.103835136
840233,0.008565668
840234,0.013377957
840235,0.006568272
840236,0.13138632
840237,0.4249921
840238,0.018281288
840239,0.9807923
840240,0.04230892
840241,0.011599597
840242,0.036504034
840243,0.14439932
840244,0.89177424
840245,0.65556335
840246,0.91766053
840247,0.17870036
840248,0.31371683
840249,0.0020651754
840250,0.43879238
840251,0.9980608
840252,0.48906046
840253,0.0041810074
840254,0.028032813
840255,0.9810287
840256,0.025381621
840257,0.054305624
840258,0.7205053
840259,0.43511578
840260,0.00682663
840261,0.99494517
840262,0.029906273
840263,0.0091682775
840264,0.0098459385
840265,0.42830884
840266,0.0055021574
840267,0.95109415
840268,0.34276295
840269,0.84812677
840270,0.0022648047
840271,0.7929104
840272,0.02425244
840273,0.7948016
840274,0.1461307
840275,0.0018934936
840276,0.971565
840277,0.9894309
840278,0.0057443287
840279,0.08347898
840280,0.1555476
840281,0.02286517
840282,0.035444804
840283,0.003307824
840284,0.30050924
840285,0.5989087
840286,0.096193574
840287,0.015246491
840288,0.7963668
840289,0.8536438
840290,0.99308383
840291,0.61628354
840292,0.49239355
840293,0.97073954
840294,0.14689474
840295,0.010952081
840296,0.011913665
840297,0.27383623
840298,0.0026259427
840299,0.9985224
840300,0.018230792
840301,0.0038939416
840302,0.42942253
840303,0.014930522
840304,0.9825539
840305,0.98787546
840306,0.4244995
840307,0.9733851
840308,0.9955077
840309,0.045718893
840310,0.0076766554
840311,0.032257527
840312,0.9494173
840313,0.9738802
840314,0.8862366
840315,0.027934648
840316,0.88607776
840317,0.30760378
840318,0.58925956
840319,0.2521007
840320,0.7873633
840321,0.011845253
840322,0.04190755
840323,0.036551096
840324,0.04219171
840325,0.995955
840326,0.9276873
840327,0.8150407
840328,0.007343579
840329,0.014726818
840330,0.30609336
840331,0.9879671
840332,0.99785304
840333,0.22723545
840334,0.44493744
840335,0.9829954
840336,0.5108716
840337,0.9857213
840338,0.92690796
840339,0.004907018
840340,0.11299474
840341,0.94972634
840342,0.8879973
840343,0.9167174
840344,0.6465587
840345,0.035710324
840346,0.8391701
840347,0.02470405
840348,0.52407634
840349,0.45069122
840350,0.0050791753
840351,0.9935428
840352,0.04975555
840353,0.98815376
840354,0.036021166
840355,0.98933595
840356,0.23678008
840357,0.016944773
840358,0.82425463
840359,0.63518286
840360,0.2575521
840361,0.98850656
840362,0.50541544
840363,0.9770488
840364,0.78772056
840365,0.9990453
840366,0.015161714
840367,0.59895325
840368,0.016898653
840369,0.92297477
840370,0.88426983
840371,0.8572792
840372,0.035523277
840373,0.9699335
840374,0.055203304
840375,0.020471696
840376,0.057984088
840377,0.9627981
840378,0.13640195
840379,0.8051325
840380,0.3309825
840381,0.3693283
840382,0.99916613
840383,0.03500691
840384,0.9943247
840385,0.6191175
840386,0.33908218
840387,0.017767737
840388,0.9859005
840389,0.010710947
840390,0.010009321
840391,0.9136322
840392,0.93612945
840393,0.9578383
840394,0.0016601514
840395,0.906955
840396,0.946045
840397,0.04853907
840398,0.7567192
840399,0.5828861
840400,0.02808878
840401,0.28484023
840402,0.0056165075
840403,0.9541919
840404,0.08036854
840405,0.7959088
840406,0.057350744
840407,0.9370746
840408,0.009503659
840409,0.18823433
840410,0.06367601
840411,0.9261315
840412,0.3128984
840413,0.013090512
840414,0.89089304
840415,0.79447067
840416,0.21426858
840417,0.0075110216
840418,0.007307259
840419,0.012426865
840420,0.014882702
840421,0.90915024
840422,0.34983274
840423,0.97430164
840424,0.77045596
840425,0.039038017
840426,0.013849831
840427,0.8891041
840428,0.14860848
840429,0.05534832
840430,0.029617544
840431,0.015877038
840432,0.03488826
840433,0.0059108348
840434,0.65824884
840435,0.9062248
840436,0.91282135
840437,0.9766017
840438,0.20030463
840439,0.06172263
840440,0.9374105
840441,0.05461428
840442,0.12859735
840443,0.007691917
840444,0.3663899
840445,0.06787728
840446,0.91271347
840447,0.98183495
840448,0.013541764
840449,0.018280467
840450,0.00431402
840451,0.9830668
840452,0.54309046
840453,0.91225636
840454,0.17865357
840455,0.1405902
840456,0.97825444
840457,0.20256835
840458,0.86729544
840459,0.9858787
840460,0.51441836
840461,0.13469088
840462,0.032837015
840463,0.011238291
840464,0.955114
840465,0.011220343
840466,0.8978676
840467,0.0046087336
840468,0.19113763
840469,0.18638764
840470,0.99684113
840471,0.003979908
840472,0.05919694
840473,0.4038074
840474,0.006987152
840475,0.008363913
840476,0.99466836
840477,0.029223423
840478,0.9892126
840479,0.20586629
840480,0.065696985
840481,0.27528197
840482,0.13333455
840483,0.009583175
840484,0.010401789
840485,0.9943214
840486,0.21856956
840487,0.22769053
840488,0.0189366
840489,0.010017145
840490,0.9905838
840491,0.67794114
840492,0.04976034
840493,0.99309504
840494,0.9941873
840495,0.47678584
840496,0.15292725
840497,0.012744713
840498,0.0034231553
840499,0.9892764
840500,0.9683068
840501,0.8135049
840502,0.009493539
840503,0.4749034
840504,0.8841106
840505,0.9563426
840506,0.0046464
840507,0.8881529
840508,0.0073883617
840509,0.9607111
840510,0.019986885
840511,0.044476274
840512,0.88822925
840513,0.005275372
840514,0.89995825
840515,0.0058022006
840516,0.8825627
840517,0.12878901
840518,0.9948193
840519,0.91638076
840520,0.9961008
840521,0.26003638
840522,0.34077564
840523,0.86385655
840524,0.17171426
840525,0.996892
840526,0.7484853
840527,0.05949364
840528,0.4502068
840529,0.016113909
840530,0.90973496
840531,0.9734069
840532,0.017809786
840533,0.672508
840534,0.99704146
840535,0.15046053
840536,0.8690987
840537,0.32739645
840538,0.6316962
840539,0.011035281
840540,0.03266148
840541,0.0052995826
840542,0.7334186
840543,0.9829943
840544,0.10824604
840545,0.011582581
840546,0.01197996
840547,0.8819962
840548,0.021832963
840549,0.0069924966
840550,0.74264944
840551,0.027939321
840552,0.12007059
840553,0.819066
840554,0.07814957
840555,0.27331778
840556,0.23415953
840557,0.98670673
840558,0.1488066
840559,0.0380131
840560,0.03976531
840561,0.8930395
840562,0.9757447
840563,0.9416145
840564,0.07298479
840565,0.22772707
840566,0.020169538
840567,0.0005967334
840568,0.49284083
840569,0.98848903
840570,0.75426257
840571,0.9263717
840572,0.8987335
840573,0.9357505
840574,0.9978254
840575,0.9854622
840576,0.9918414
840577,0.46455413
840578,0.050815485
840579,0.035208013
840580,0.9987426
840581,0.023204798
840582,0.9987869
840583,0.017053813
840584,0.011132479
840585,0.037254397
840586,0.18628566
840587,0.50080204
840588,0.99634004
840589,0.09604069
840590,0.8576414
840591,0.9970635
840592,0.7165679
840593,0.030657003
840594,0.993899
840595,0.6247662
840596,0.02553364
840597,0.75665194
840598,0.8610433
840599,0.08661365
840600,0.11406441
840601,0.11656599
840602,0.0036075485
840603,0.0706718
840604,0.99730635
840605,0.72437155
840606,0.0054356274
840607,0.9563165
840608,0.68329895
840609,0.085328996
840610,0.7741142
840611,0.99850965
840612,0.97233886
840613,0.5528686
840614,0.96718395
840615,0.09294663
840616,0.6279942
840617,0.02112576
840618,0.44594008
840619,0.122284904
840620,0.99898493
840621,0.99519974
840622,0.017680213
840623,0.9913982
840624,0.91262233
840625,0.9450642
840626,0.4250172
840627,0.9845185
840628,0.020916507
840629,0.9928727
840630,0.96073186
840631,0.027685393
840632,0.120226905
840633,0.942761
840634,0.047901362
840635,0.8944799
840636,0.98558915
840637,0.047719434
840638,0.99838233
840639,0.08869721
840640,0.051271185
840641,0.046407916
840642,0.022957
840643,0.44519323
840644,0.22441454
840645,0.9630407
840646,0.9948254
840647,0.9551218
840648,0.12794556
840649,0.6456797
840650,0.06253808
840651,0.9922844
840652,0.16000353
840653,0.17775053
840654,0.34797016
840655,0.1133221
840656,0.37415883
840657,0.8914634
840658,0.5593871
840659,0.22046405
840660,0.0057418207
840661,0.026290072
840662,0.033436254
840663,0.19958718
840664,0.025983363
840665,0.040401332
840666,0.8913307
840667,0.07715267
840668,0.9182732
840669,0.09886057
840670,0.99260056
840671,0.0031530135
840672,0.010611594
840673,0.9836623
840674,0.018715361
840675,0.95815957
840676,0.07180932
840677,0.86707914
840678,0.5569381
840679,0.9879522
840680,0.020770488
840681,0.013370851
840682,0.007600133
840683,0.60218287
840684,0.0893725
840685,0.037735336
840686,0.07609422
840687,0.5355474
840688,0.07218939
840689,0.7912817
840690,0.022942845
840691,0.0846064
840692,0.98344815
840693,0.8282657
840694,0.022309894
840695,0.14738637
840696,0.6587197
840697,0.15528032
840698,0.030269407
840699,0.5173876
840700,0.31839377
840701,0.9861934
840702,0.65357107
840703,0.0113866795
840704,0.020133512
840705,0.931463
840706,0.6321787
840707,0.0065036407
840708,0.092192754
840709,0.092151165
840710,0.85302204
840711,0.0020565465
840712,0.31993112
840713,0.9984515
840714,0.0203971
840715,0.99516064
840716,0.0053458717
840717,0.8895991
840718,0.9820582
840719,0.13819224
840720,0.040262215
840721,0.9488962
840722,0.00075575954
840723,0.01984093
840724,0.6803467
840725,0.01867148
840726,0.96591437
840727,0.9542944
840728,0.0057038544
840729,0.14209868
840730,0.06032361
840731,0.9661725
840732,0.8925817
840733,0.38297042
840734,0.4804588
840735,0.029861068
840736,0.10601828
840737,0.8929366
840738,0.23805892
840739,0.010167825
840740,0.0072610136
840741,0.8141672
840742,0.05463135
840743,0.9764416
840744,0.023758981
840745,0.00776104
840746,0.981519
840747,0.21004407
840748,0.15108398
840749,0.4522364
840750,0.0059187366
840751,0.6048206
840752,0.9044734
840753,0.01852813
840754,0.9602919
840755,0.12681134
840756,0.007666584
840757,0.1706107
840758,0.09239504
840759,0.36453226
840760,0.24958661
840761,0.030562272
840762,0.99130964
840763,0.014670534
840764,0.9957517
840765,0.9973286
840766,0.85394686
840767,0.046535574
840768,0.63252926
840769,0.009833563
840770,0.25264525
840771,0.048968285
840772,0.8637974
840773,0.021742225
840774,0.015813686
840775,0.074832216
840776,0.9961822
840777,0.0024095075
840778,0.008376227
840779,0.9070546
840780,0.69441146
840781,0.008800516
840782,0.110912226
840783,0.0091212
840784,0.8944252
840785,0.04485275
840786,0.13554966
840787,0.33004895
840788,0.044811673
840789,0.7568599
840790,0.9947771
840791,0.02305337
840792,0.7273236
840793,0.86658597
840794,0.9081867
840795,0.9893676
840796,0.050736222
840797,0.1227423
840798,0.19690597
840799,0.0075613284
840800,0.86593556
840801,0.064792104
840802,0.99503326
840803,0.14049202
840804,0.97659063
840805,0.20189902
840806,0.9958394
840807,0.46972913
840808,0.036409616
840809,0.995858
840810,0.23305097
840811,0.5142223
840812,0.84368426
840813,0.91207623
840814,0.033493668
840815,0.25733685
840816,0.08570772
840817,0.004633177
840818,0.5806276
840819,0.021792378
840820,0.036479775
840821,0.038675904
840822,0.9698748
840823,0.14742717
840824,0.11463718
840825,0.9243097
840826,0.01990566
840827,0.9916285
840828,0.28871235
840829,0.99199176
840830,0.67027974
840831,0.929105
840832,0.26639593
840833,0.99341214
840834,0.80576754
840835,0.9682565
840836,0.9961828
840837,0.68298954
840838,0.9858986
840839,0.735872
840840,0.9388205
840841,0.9442555
840842,0.8822526
840843,0.009026533
840844,0.011088303
840845,0.9154279
840846,0.052317604
840847,0.99917454
840848,0.026677381
840849,0.38148385
840850,0.011796936
840851,0.033196103
840852,0.7426783
840853,0.6970985
840854,0.98704654
840855,0.9826109
840856,0.32766297
840857,0.0042442707
840858,0.98308134
840859,0.030007502
840860,0.988048
840861,0.007921714
840862,0.8338561
840863,0.0070031737
840864,0.61430395
840865,0.987726
840866,0.0061010853
840867,0.874593
840868,0.63503194
840869,0.46620998
840870,0.3022225
840871,0.07891911
840872,0.25583237
840873,0.9510137
840874,0.9983804
840875,0.049459625
840876,0.9787631
840877,0.26010272
840878,0.23496138
840879,0.46499234
840880,0.36379772
840881,0.09352001
840882,0.018528117
840883,0.8903604
840884,0.8991575
840885,0.84469134
840886,0.1409024
840887,0.9569733
840888,0.57478595
840889,0.060968876
840890,0.0073093004
840891,0.9840621
840892,0.0068942527
840893,0.9682107
840894,0.040468574
840895,0.0055432897
840896,0.97030205
840897,0.015939936
840898,0.31634116
840899,0.9493445
840900,0.98852944
840901,0.9937722
840902,0.96731323
840903,0.0074106203
840904,0.1155477
840905,0.24075285
840906,0.9966246
840907,0.012346113
840908,0.92529076
840909,0.95730895
840910,0.014573105
840911,0.840911
840912,0.80742055
840913,0.24690494
840914,0.23556092
840915,0.0879567
840916,0.002967047
840917,0.34989005
840918,0.3814513
840919,0.9287197
840920,0.035685536
840921,0.02888893
840922,0.1408698
840923,0.94004565
840924,0.35261917
840925,0.9365421
840926,0.0027225565
840927,0.007946269
840928,0.85517466
840929,0.9917575
840930,0.9645615
840931,0.95057464
840932,0.0076730833
840933,0.94145507
840934,0.022246031
840935,0.5550803
840936,0.6943572
840937,0.9746551
840938,0.005221053
840939,0.95372486
840940,0.97924054
840941,0.015908487
840942,0.045658115
840943,0.056380294
840944,0.023766745
840945,0.19591253
840946,0.014133094
840947,0.04999932
840948,0.8339585
840949,0.9946506
840950,0.29154035
840951,0.52328384
840952,0.009178175
840953,0.33234155
840954,0.30219638
840955,0.97076255
840956,0.6496651
840957,0.88872653
840958,0.004872149
840959,0.24628237
840960,0.99648845
840961,0.13317919
840962,0.046303835
840963,0.9931929
840964,0.25900155
840965,0.18493557
840966,0.9256289
840967,0.76689744
840968,0.006329965
840969,0.009622129
840970,0.012857023
840971,0.09583884
840972,0.8375856
840973,0.18912572
840974,0.9969362
840975,0.38853884
840976,0.010202784
840977,0.044312976
840978,0.03286285
840979,0.013197003
840980,0.54767907
840981,0.97970355
840982,0.96594596
840983,0.322258
840984,0.843902
840985,0.012526454
840986,0.9137916
840987,0.94933426
840988,0.009972002
840989,0.2958223
840990,0.050644696
840991,0.96099144
840992,0.4646562
840993,0.96959925
840994,0.99394137
840995,0.005140206
840996,0.99783045
840997,0.1399152
840998,0.724162
840999,0.44779152
841000,0.0378269
841001,0.04312955
841002,0.17092746
841003,0.084537596
841004,0.99577713
841005,0.0043566735
841006,0.02913582
841007,0.66559637
841008,0.9740669
841009,0.9032037
841010,0.9860211
841011,0.015558969
841012,0.99827325
841013,0.99512845
841014,0.8088533
841015,0.4987309
841016,0.5484786
841017,0.83388346
841018,0.95123076
841019,0.021246102
841020,0.9705119
841021,0.95121455
841022,0.0076557207
841023,0.3237745
841024,0.28206554
841025,0.07473383
841026,0.0044442727
841027,0.17320056
841028,0.002867906
841029,0.989728
841030,0.006208776
841031,0.9782349
841032,0.02416796
841033,0.99879855
841034,0.99056405
841035,0.8983408
841036,0.99536836
841037,0.036831312
841038,0.14206646
841039,0.18486203
841040,0.024356768
841041,0.08014489
841042,0.17977323
841043,0.028406085
841044,0.09968556
841045,0.8245306
841046,0.7939653
841047,0.97669494
841048,0.16381973
841049,0.027365189
841050,0.93643475
841051,0.97291344
841052,0.9987708
841053,0.74827445
841054,0.07671305
841055,0.35852614
841056,0.6771914
841057,0.9837862
841058,0.88211733
841059,0.97321147
841060,0.029799648
841061,0.9700936
841062,0.04946787
841063,0.9579252
841064,0.36069322
841065,0.54778725
841066,0.0067205047
841067,0.3775189
841068,0.96561766
841069,0.61142826
841070,0.9227256
841071,0.015691843
841072,0.12399863
841073,0.97673726
841074,0.6338805
841075,0.008687519
841076,0.9413023
841077,0.9971489
841078,0.009140356
841079,0.0055247834
841080,0.053747457
841081,0.030610241
841082,0.7365587
841083,0.71170413
841084,0.6792619
841085,0.8617459
841086,0.8527817
841087,0.9227075
841088,0.93873036
841089,0.97833157
841090,0.016082482
841091,0.042497423
841092,0.0022817196
841093,0.18683092
841094,0.00645198
841095,0.9512523
841096,0.09690623
841097,0.012053706
841098,0.9562922
841099,0.73720723
841100,0.79633296
841101,0.97442627
841102,0.9991555
841103,0.08619528
841104,0.13456859
841105,0.025070816
841106,0.9879117
841107,0.87043387
841108,0.13315752
841109,0.9458661
841110,0.45661384
841111,0.01353976
841112,0.0674994
841113,0.00132424
841114,0.021634
841115,0.99679893
841116,0.9584275
841117,0.014422944
841118,0.95669526
841119,0.10972896
841120,0.24706373
841121,0.7309787
841122,0.9731825
841123,0.10444451
841124,0.988842
841125,0.02896607
841126,0.9876832
841127,0.5246541
841128,0.9720561
841129,0.058749493
841130,0.9749866
841131,0.9490408
841132,0.85805243
841133,0.99143094
841134,0.027790999
841135,0.95645696
841136,0.38148838
841137,0.7248728
841138,0.0044735903
841139,0.00517566
841140,0.6918807
841141,0.004263741
841142,0.20648794
841143,0.9861408
841144,0.15425673
841145,0.9074656
841146,0.36175206
841147,0.95670336
841148,0.15963331
841149,0.05281761
841150,0.14542499
841151,0.032953497
841152,0.949352
841153,0.097470984
841154,0.029921377
841155,0.03496995
841156,0.3022638
841157,0.011819172
841158,0.99718994
841159,0.00081744953
841160,0.078324944
841161,0.011351433
841162,0.06596087
841163,0.21437462
841164,0.55437285
841165,0.04736429
841166,0.007912518
841167,0.9276606
841168,0.03583119
841169,0.019060344
841170,0.9912219
841171,0.10655051
841172,0.23894404
841173,0.99275905
841174,0.878873
841175,0.99806833
841176,0.013322005
841177,0.016943676
841178,0.4550418
841179,0.99488425
841180,0.88099945
841181,0.97727525
841182,0.7459446
841183,0.8014592
841184,0.58267355
841185,0.98787194
841186,0.011163099
841187,0.9803336
841188,0.045308195
841189,0.0015285483
841190,0.01205481
841191,0.20895986
841192,0.73489314
841193,0.9056443
841194,0.008082981
841195,0.03855973
841196,0.41778517
841197,0.9933276
841198,0.89661515
841199,0.9661657
841200,0.8829839
841201,0.09319568
841202,0.0050281803
841203,0.0050402987
841204,0.99134785
841205,0.98678136
841206,0.008865451
841207,0.116837524
841208,0.98931587
841209,0.21618165
841210,0.008577168
841211,0.016590524
841212,0.027613768
841213,0.9774072
841214,0.86376894
841215,0.98361707
841216,0.9904462
841217,0.69074786
841218,0.9975239
841219,0.08433629
841220,0.034848563
841221,0.21596278
841222,0.972237
841223,0.10525832
841224,0.8739701
841225,0.9346569
841226,0.12176636
841227,0.05312287
841228,0.91597295
841229,0.15315382
841230,0.9816057
841231,0.99600506
841232,0.62194127
841233,0.9150528
841234,0.008964894
841235,0.99416554
841236,0.97940457
841237,0.12172855
841238,0.96867675
841239,0.019224336
841240,0.009019
841241,0.91272724
841242,0.009790627
841243,0.9928414
841244,0.99145323
841245,0.035566162
841246,0.98982835
841247,0.31458107
841248,0.035625897
841249,0.14307082
841250,0.021916205
841251,0.0033015339
841252,0.92448986
841253,0.021782173
841254,0.14738843
841255,0.0071964497
841256,0.40833873
841257,0.017505018
841258,0.9644972
841259,0.91737205
841260,0.008181458
841261,0.050396465
841262,0.61243975
841263,0.97623825
841264,0.9932413
841265,0.010681657
841266,0.39944386
841267,0.15009327
841268,0.9798196
841269,0.12243726
841270,0.052690938
841271,0.14607857
841272,0.03714587
841273,0.19860697
841274,0.2631176
841275,0.99819887
841276,0.010266321
841277,0.6169253
841278,0.9977271
841279,0.05916987
841280,0.9470905
841281,0.013851677
841282,0.0038898666
841283,0.24441236
841284,0.46226114
841285,0.18125772
841286,0.012085977
841287,0.015650824
841288,0.014923979
841289,0.13165832
841290,0.1676675
841291,0.005048378
841292,0.98077154
841293,0.9492513
841294,0.014204071
841295,0.008944099
841296,0.97267175
841297,0.014661258
841298,0.007382607
841299,0.9810071
841300,0.9124842
841301,0.90952945
841302,0.0073405122
841303,0.11490096
841304,0.9994903
841305,0.99296725
841306,0.9957285
841307,0.026997363
841308,0.72547245
841309,0.003433534
841310,0.73980194
841311,0.75192523
841312,0.9848695
841313,0.0016685409
841314,0.008849947
841315,0.036936417
841316,0.97083247
841317,0.07326239
841318,0.24918738
841319,0.99877304
841320,0.7957662
841321,0.041450277
841322,0.98244166
841323,0.15760174
841324,0.9924854
841325,0.9978137
841326,0.94328797
841327,0.6217452
841328,0.040458776
841329,0.023317646
841330,0.9937937
841331,0.9950164
841332,0.9369948
841333,0.45012057
841334,0.97204167
841335,0.0071190167
841336,0.68827605
841337,0.0095651215
841338,0.9532201
841339,0.854696
841340,0.92938864
841341,0.059166327
841342,0.9918413
841343,0.99258536
841344,0.116774544
841345,0.39139864
841346,0.11018115
841347,0.03816419
841348,0.99754727
841349,0.046953656
841350,0.2313566
841351,0.899571
841352,0.040870994
841353,0.5253339
841354,0.005795444
841355,0.46546778
841356,0.99580204
841357,0.8223255
841358,0.19725122
841359,0.011095325
841360,0.032254286
841361,0.03656454
841362,0.08108257
841363,0.94432604
841364,0.2914957
841365,0.023082593
841366,0.36715996
841367,0.96301866
841368,0.3200513
841369,0.01533525
841370,0.97719824
841371,0.97417516
841372,0.3564368
841373,0.98495007
841374,0.6744162
841375,0.7978391
841376,0.098558575
841377,0.9860213
841378,0.06754204
841379,0.7683266
841380,0.934914
841381,0.8741566
841382,0.98112935
841383,0.00820181
841384,0.98488003
841385,0.7331915
841386,0.9468154
841387,0.54517573
841388,0.9716923
841389,0.02335244
841390,0.99513716
841391,0.98644245
841392,0.9964307
841393,0.021425204
841394,0.9214026
841395,0.8373629
841396,0.28086755
841397,0.1423321
841398,0.27160573
841399,0.99917716
841400,0.8053309
841401,0.90039843
841402,0.9813647
841403,0.16759776
841404,0.009315109
841405,0.97384214
841406,0.055165682
841407,0.015741928
841408,0.76918536
841409,0.17421013
841410,0.95377487
841411,0.94493145
841412,0.9055908
841413,0.8709403
841414,0.008535968
841415,0.08881277
841416,0.016139446
841417,0.30699414
841418,0.009853553
841419,0.3956276
841420,0.044175975
841421,0.025345232
841422,0.8358015
841423,0.34818408
841424,0.13811196
841425,0.07577808
841426,0.9981093
841427,0.9727991
841428,0.9806858
841429,0.06857931
841430,0.21434999
841431,0.17700773
841432,0.98769116
841433,0.97225046
841434,0.003532465
841435,0.047735382
841436,0.8977202
841437,0.9472097
841438,0.025426557
841439,0.017300148
841440,0.99441004
841441,0.037180543
841442,0.12635614
841443,0.041192308
841444,0.7787914
841445,0.39569733
841446,0.83888036
841447,0.99299335
841448,0.046488926
841449,0.7722655
841450,0.9751084
841451,0.6151067
841452,0.9859062
841453,0.33448103
841454,0.8361605
841455,0.9578363
841456,0.80995667
841457,0.05586383
841458,0.99922967
841459,0.08208775
841460,0.9835092
841461,0.105757
841462,0.0069578616
841463,0.14159438
841464,0.59869474
841465,0.06889817
841466,0.6730833
841467,0.38461977
841468,0.99054337
841469,0.9834368
841470,0.9436438
841471,0.2029349
841472,0.86490613
841473,0.9800513
841474,0.8094004
841475,0.84299576
841476,0.02822636
841477,0.97007644
841478,0.029577266
841479,0.31252748
841480,0.9936388
841481,0.9555627
841482,0.35763153
841483,0.1088825
841484,0.018483365
841485,0.68442714
841486,0.029722106
841487,0.0031240778
841488,0.06789518
841489,0.010579727
841490,0.057826698
841491,0.40742552
841492,0.09812937
841493,0.9981235
841494,0.12161646
841495,0.050214425
841496,0.9474811
841497,0.5298594
841498,0.024927918
841499,0.9316317
841500,0.18644153
841501,0.9969225
841502,0.06546506
841503,0.44526124
841504,0.021703549
841505,0.51517344
841506,0.007788826
841507,0.92212594
841508,0.027145851
841509,0.0057721063
841510,0.044595197
841511,0.9685898
841512,0.9146989
841513,0.6720564
841514,0.09730961
841515,0.0240972
841516,0.29682773
841517,0.71125793
841518,0.046743143
841519,0.9992402
841520,0.008273097
841521,0.9779503
841522,0.96188825
841523,0.2063039
841524,0.99306226
841525,0.10272822
841526,0.4463166
841527,0.027706962
841528,0.08071992
841529,0.9977853
841530,0.011645073
841531,0.1651318
841532,0.00834197
841533,0.883613
841534,0.116522804
841535,0.05641226
841536,0.020036722
841537,0.11604941
841538,0.009949167
841539,0.23021978
841540,0.8545541
841541,0.039537333
841542,0.009371554
841543,0.9813676
841544,0.006353339
841545,0.0018363053
841546,0.16033752
841547,0.26039165
841548,0.90127444
841549,0.98281825
841550,0.009348611
841551,0.19790381
841552,0.00556781
841553,0.015159093
841554,0.9763151
841555,0.9915856
841556,0.9801321
841557,0.9840951
841558,0.9195168
841559,0.042413756
841560,0.0060053524
841561,0.41288847
841562,0.9823975
841563,0.54519373
841564,0.0039696144
841565,0.44506776
841566,0.22110304
841567,0.4843033
841568,0.1038223
841569,0.08350231
841570,0.012341497
841571,0.90163434
841572,0.86213887
841573,0.20631032
841574,0.98902076
841575,0.031184578
841576,0.18603212
841577,0.9812158
841578,0.0060956334
841579,0.99078006
841580,0.6265568
841581,0.9481343
841582,0.022047903
841583,0.937288
841584,0.087614745
841585,0.40116626
841586,0.9441582
841587,0.9951665
841588,0.0063637486
841589,0.02638998
841590,0.9777862
841591,0.97048354
841592,0.9840002
841593,0.5050192
841594,0.0076180827
841595,0.053028304
841596,0.98589855
841597,0.016489986
841598,0.81413895
841599,0.024006454
841600,0.95149094
841601,0.7568679
841602,0.9506967
841603,0.91755605
841604,0.18633795
841605,0.05049331
841606,0.7968753
841607,0.6184202
841608,0.86767817
841609,0.13409749
841610,0.9966199
841611,0.005292114
841612,0.9950137
841613,0.004682759
841614,0.004355359
841615,0.005451062
841616,0.8229008
841617,0.057879433
841618,0.39398018
841619,0.37558088
841620,0.9894875
841621,0.0028100652
841622,0.35727927
841623,0.9932504
841624,0.088354506
841625,0.061591573
841626,0.15852942
841627,0.014897512
841628,0.083672896
841629,0.903199
841630,0.011756093
841631,0.9939091
841632,0.81882375
841633,0.12040231
841634,0.0066574523
841635,0.08799247
841636,0.8280473
841637,0.07435823
841638,0.96510243
841639,0.98897725
841640,0.48828524
841641,0.020928381
841642,0.80553395
841643,0.07509621
841644,0.0072117583
841645,0.3866022
841646,0.9987631
841647,0.00366086
841648,0.880087
841649,0.4499167
841650,0.7276903
841651,0.10971408
841652,0.8424669
841653,0.48415926
841654,0.11750267
841655,0.9860844
841656,0.5346182
841657,0.147599
841658,0.9935462
841659,0.007924885
841660,0.9984107
841661,0.8428759
841662,0.0007948675
841663,0.5983232
841664,0.9861328
841665,0.6073029
841666,0.104045436
841667,0.5950649
841668,0.91514766
841669,0.30373275
841670,0.50076365
841671,0.9330119
841672,0.010006988
841673,0.94320124
841674,0.9749321
841675,0.86397463
841676,0.8743451
841677,0.9832629
841678,0.028957907
841679,0.9239295
841680,0.51523656
841681,0.88473624
841682,0.15732196
841683,0.9733691
841684,0.028692123
841685,0.2076986
841686,0.012283208
841687,0.99465686
841688,0.91211057
841689,0.9992028
841690,0.4109435
841691,0.19234516
841692,0.026451148
841693,0.20100027
841694,0.96912694
841695,0.6190026
841696,0.6920124
841697,0.98261446
841698,0.8984996
841699,0.9685583
841700,0.147232
841701,0.08790265
841702,0.4097048
841703,0.99356604
841704,0.014814037
841705,0.9797476
841706,0.24671409
841707,0.9498364
841708,0.5133355
841709,0.9412665
841710,0.8560139
841711,0.24150693
841712,0.38851744
841713,0.1080638
841714,0.77151024
841715,0.7894233
841716,0.028809372
841717,0.99343824
841718,0.8151153
841719,0.94992626
841720,0.9777905
841721,0.52941734
841722,0.8173998
841723,0.041059885
841724,0.5978158
841725,0.3672225
841726,0.99783385
841727,0.7417425
841728,0.51879036
841729,0.6550063
841730,0.02115126
841731,0.98828
841732,0.9924417
841733,0.9923975
841734,0.96592945
841735,0.12528446
841736,0.9839306
841737,0.88058805
841738,0.12990546
841739,0.9618119
841740,0.93210065
841741,0.13460578
841742,0.9796845
841743,0.00835596
841744,0.009737015
841745,0.022281613
841746,0.9980766
841747,0.86256015
841748,0.13049586
841749,0.9525388
841750,0.0046792994
841751,0.5060102
841752,0.07371092
841753,0.010409793
841754,0.06859059
841755,0.011522569
841756,0.06252673
841757,0.03225331
841758,0.9943471
841759,0.92986465
841760,0.11587196
841761,0.008314054
841762,0.0797822
841763,0.9758103
841764,0.15961663
841765,0.016303975
841766,0.96988475
841767,0.007300566
841768,0.9953044
841769,0.27278802
841770,0.9542805
841771,0.008562572
841772,0.034830723
841773,0.067371726
841774,0.17516518
841775,0.10758406
841776,0.99244714
841777,0.036458295
841778,0.7715398
841779,0.0195788
841780,0.03937456
841781,0.040818486
841782,0.66906387
841783,0.09530721
841784,0.012331865
841785,0.9388291
841786,0.57793707
841787,0.03492818
841788,0.5366736
841789,0.97417736
841790,0.44053322
841791,0.03294891
841792,0.59802866
841793,0.80462253
841794,0.0050925473
841795,0.99614924
841796,0.40949062
841797,0.026196694
841798,0.32659513
841799,0.013776651
841800,0.75035894
841801,0.11345307
841802,0.99765617
841803,0.05698364
841804,0.06973103
841805,0.31926134
841806,0.5625684
841807,0.9802062
841808,0.010632501
841809,0.7349242
841810,0.9519888
841811,0.94025826
841812,0.43885708
841813,0.22821511
841814,0.07598163
841815,0.7774657
841816,0.41608757
841817,0.008262774
841818,0.99891484
841819,0.69672084
841820,0.9971612
841821,0.017260136
841822,0.5395466
841823,0.42040652
841824,0.99929327
841825,0.02354075
841826,0.43187922
841827,0.0110693015
841828,0.010034267
841829,0.35163426
841830,0.8921103
841831,0.99297583
841832,0.0255365
841833,0.040769607
841834,0.56972575
841835,0.65356123
841836,0.02588442
841837,0.970524
841838,0.8480097
841839,0.9970685
841840,0.95905745
841841,0.92279685
841842,0.915574
841843,0.9662709
841844,0.06259053
841845,0.92316365
841846,0.98673266
841847,0.10902193
841848,0.0059985677
841849,0.053682096
841850,0.9917546
841851,0.9793739
841852,0.038809743
841853,0.27173942
841854,0.0364106
841855,0.44351542
841856,0.50580204
841857,0.016897164
841858,0.014273465
841859,0.49494752
841860,0.07058084
841861,0.002505176
841862,0.0061759874
841863,0.98487705
841864,0.9072293
841865,0.00959516
841866,0.025755009
841867,0.9986958
841868,0.009988163
841869,0.9790946
841870,0.14755812
841871,0.14023079
841872,0.95536375
841873,0.9971541
841874,0.5246335
841875,0.9923976
841876,0.0037851073
841877,0.19800344
841878,0.37453836
841879,0.04168071
841880,0.9596141
841881,0.901729
841882,0.060381435
841883,0.0012986342
841884,0.0051464075
841885,0.99555063
841886,0.9585595
841887,0.38304463
841888,0.045508508
841889,0.89382696
841890,0.008189386
841891,0.72746766
841892,0.037053555
841893,0.025410883
841894,0.17267375
841895,0.0068497974
841896,0.88548994
841897,0.5439185
841898,0.9763498
841899,0.0680608
841900,0.006593064
841901,0.9874272
841902,0.51852256
841903,0.38033095
841904,0.10365231
841905,0.093289144
841906,0.11721818
841907,0.96187854
841908,0.8274369
841909,0.96625704
841910,0.10458206
841911,0.9932005
841912,0.060802888
841913,0.057888027
841914,0.9201882
841915,0.027723884
841916,0.26708654
841917,0.6690712
841918,0.020824924
841919,0.54794055
841920,0.84511083
841921,0.90351784
841922,0.96586525
841923,0.27678004
841924,0.87647647
841925,0.031243842
841926,0.006432838
841927,0.015979772
841928,0.285309
841929,0.9608536
841930,0.8378981
841931,0.90546477
841932,0.5931243
841933,0.013136848
841934,0.98501277
841935,0.98664725
841936,0.020914383
841937,0.006812644
841938,0.88704705
841939,0.0034509844
841940,0.9306052
841941,0.4954749
841942,0.0051990096
841943,0.4096578
841944,0.018720973
841945,0.91585994
841946,0.9754034
841947,0.2683807
841948,0.013573404
841949,0.6386515
841950,0.18586576
841951,0.014583797
841952,0.19406134
841953,0.006911545
841954,0.015623948
841955,0.15433307
841956,0.9318012
841957,0.7296904
841958,0.8350344
841959,0.010141382
841960,0.004184018
841961,0.97936624
841962,0.75628275
841963,0.04301088
841964,0.9503342
841965,0.027288098
841966,0.7818628
841967,0.9890165
841968,0.97956187
841969,0.9874042
841970,0.22363289
841971,0.13115078
841972,0.83630913
841973,0.011327126
841974,0.3396542
841975,0.9964677
841976,0.011003085
841977,0.90377665
841978,0.41511965
841979,0.01054037
841980,0.116437785
841981,0.56923187
841982,0.94799507
841983,0.03240861
841984,0.9992585
841985,0.9940309
841986,0.9970837
841987,0.5540713
841988,0.46945682
841989,0.9438484
841990,0.96291083
841991,0.9574442
841992,0.027852055
841993,0.9726557
841994,0.96096265
841995,0.32227212
841996,0.473652
841997,0.04121457
841998,0.08644594
841999,0.85108566
842000,0.9329522
842001,0.031132579
842002,0.03892955
842003,0.647789
842004,0.95321536
842005,0.98357475
842006,0.037071615
842007,0.13914117
842008,0.9669548
842009,0.7553811
842010,0.054637276
842011,0.0111598605
842012,0.8770485
842013,0.020957185
842014,0.21166202
842015,0.12566407
842016,0.7382488
842017,0.36351252
842018,0.13399419
842019,0.07272023
842020,0.004154729
842021,0.032454394
842022,0.97158265
842023,0.72738206
842024,0.023579849
842025,0.08004268
842026,0.0065340865
842027,0.97553325
842028,0.9746771
842029,0.09764426
842030,0.9948003
842031,0.021688042
842032,0.99166733
842033,0.61787665
842034,0.98214936
842035,0.9679527
842036,0.60624033
842037,0.005807057
842038,0.017999584
842039,0.03657963
842040,0.1928227
842041,0.09975549
842042,0.031905506
842043,0.9931312
842044,0.99520165
842045,0.0999845
842046,0.010658007
842047,0.9954101
842048,0.5270536
842049,0.86499274
842050,0.008149014
842051,0.9886981
842052,0.9930855
842053,0.09029658
842054,0.27542156
842055,0.25667143
842056,0.9959352
842057,0.90808666
842058,0.8722708
842059,0.039176412
842060,0.9963879
842061,0.03440708
842062,0.0071660974
842063,0.03516202
842064,0.114660636
842065,0.8639712
842066,0.01139653
842067,0.92817944
842068,0.027694035
842069,0.050700076
842070,0.0852277
842071,0.8662329
842072,0.70152056
842073,0.9748173
842074,0.090024255
842075,0.051599417
842076,0.46343014
842077,0.92446214
842078,0.6323775
842079,0.98258233
842080,0.9944899
842081,0.0024632716
842082,0.049666982
842083,0.33550572
842084,0.017504904
842085,0.124185175
842086,0.39712262
842087,0.7638475
842088,0.9949703
842089,0.005468841
842090,0.03284289
842091,0.09376666
842092,0.95098877
842093,0.015397168
842094,0.79669374
842095,0.99658906
842096,0.005999597
842097,0.0019390273
842098,0.008591314
842099,0.012997234
842100,0.35997298
842101,0.048626967
842102,0.0036914966
842103,0.021329246
842104,0.87398255
842105,0.9982772
842106,0.11819655
842107,0.9087723
842108,0.5219843
842109,0.013638336
842110,0.7102788
842111,0.940494
842112,0.9831759
842113,0.9500484
842114,0.9738883
842115,0.98090404
842116,0.0028010057
842117,0.0035082325
842118,0.76296604
842119,0.15180959
842120,0.23227961
842121,0.23414573
842122,0.26489723
842123,0.0029683388
842124,0.8784921
842125,0.002739398
842126,0.10745404
842127,0.10703612
842128,0.5874572
842129,0.9782615
842130,0.4548825
842131,0.32734808
842132,0.97621894
842133,0.005377706
842134,0.35819384
842135,0.85750455
842136,0.050922386
842137,0.048530065
842138,0.40847427
842139,0.93221056
842140,0.0075229467
842141,0.8975717
842142,0.0958368
842143,0.96344805
842144,0.006446133
842145,0.016022954
842146,0.017670952
842147,0.016157694
842148,0.100345984
842149,0.022031311
842150,0.015702412
842151,0.9324055
842152,0.9741518
842153,0.5408279
842154,0.4694363
842155,0.9895487
842156,0.5200197
842157,0.19561204
842158,0.44717118
842159,0.28412578
842160,0.21692067
842161,0.019668303
842162,0.03780324
842163,0.96489227
842164,0.91044176
842165,0.15665069
842166,0.31081575
842167,0.987139
842168,0.052108385
842169,0.048355334
842170,0.021663165
842171,0.9284191
842172,0.047195025
842173,0.03159577
842174,0.014857348
842175,0.008818248
842176,0.95286417
842177,0.9802487
842178,0.17598954
842179,0.90698004
842180,0.99214804
842181,0.024832685
842182,0.9266261
842183,0.77555454
842184,0.37328
842185,0.9865738
842186,0.9770714
842187,0.25152248
842188,0.09902768
842189,0.98317206
842190,0.013329332
842191,0.28012833
842192,0.0045912866
842193,0.18974917
842194,0.9967497
842195,0.99188524
842196,0.03990647
842197,0.022078764
842198,0.33833528
842199,0.9905617
842200,0.901329
842201,0.030947134
842202,0.023979027
842203,0.09653631
842204,0.68905526
842205,0.0030277572
842206,0.6727697
842207,0.045403652
842208,0.9921074
842209,0.27725616
842210,0.9940281
842211,0.24657866
842212,0.0010899717
842213,0.050804324
842214,0.98724663
842215,0.7946556
842216,0.04953304
842217,0.005021672
842218,0.033007856
842219,0.048575033
842220,0.11922686
842221,0.07624592
842222,0.26810956
842223,0.995904
842224,0.8539248
842225,0.13219954
842226,0.23379974
842227,0.057739653
842228,0.8671836
842229,0.96725917
842230,0.98296416
842231,0.029361824
842232,0.065566115
842233,0.991869
842234,0.021188803
842235,0.021088794
842236,0.0060745883
842237,0.99370825
842238,0.0069172145
842239,0.9443736
842240,0.88939095
842241,0.19707084
842242,0.008795338
842243,0.96850234
842244,0.08063826
842245,0.031669796
842246,0.98145866
842247,0.019782478
842248,0.03501796
842249,0.9230243
842250,0.08564697
842251,0.7550627
842252,0.013615008
842253,0.076577835
842254,0.23102507
842255,0.960441
842256,0.01775741
842257,0.0871181
842258,0.05502998
842259,0.0648964
842260,0.8733877
842261,0.01571309
842262,0.810366
842263,0.85310745
842264,0.07337104
842265,0.08664706
842266,0.9982953
842267,0.08093366
842268,0.9168938
842269,0.022711508
842270,0.010895293
842271,0.97297025
842272,0.99470145
842273,0.1768063
842274,0.07041392
842275,0.01370183
842276,0.06832393
842277,0.8393504
842278,0.96440774
842279,0.60679686
842280,0.012175965
842281,0.98810035
842282,0.9872042
842283,0.6844581
842284,0.00966244
842285,0.006898614
842286,0.012858804
842287,0.9798809
842288,0.89517736
842289,0.039770067
842290,0.0067899725
842291,0.20578623
842292,0.01735637
842293,0.06294675
842294,0.9216775
842295,0.92447466
842296,0.9649216
842297,0.799657
842298,0.01672389
842299,0.10161802
842300,0.5124368
842301,0.9964692
842302,0.9556163
842303,0.993172
842304,0.99261475
842305,0.98720133
842306,0.95751935
842307,0.56741595
842308,0.9964583
842309,0.013819331
842310,0.9298018
842311,0.004966672
842312,0.14011581
842313,0.0033325395
842314,0.5453482
842315,0.9337092
842316,0.9916465
842317,0.820428
842318,0.95486504
842319,0.8721869
842320,0.6340655
842321,0.041221127
842322,0.99198604
842323,0.008077021
842324,0.7691366
842325,0.022537638
842326,0.03171135
842327,0.006597067
842328,0.0947478
842329,0.9953799
842330,0.97807133
842331,0.1755341
842332,0.9825852
842333,0.11488802
842334,0.09199494
842335,0.99316543
842336,0.91525716
842337,0.9463711
842338,0.5329131
842339,0.043158397
842340,0.4123059
842341,0.99708086
842342,0.045718
842343,0.14852522
842344,0.049489863
842345,0.9893217
842346,0.015589857
842347,0.011497724
842348,0.14775896
842349,0.9549954
842350,0.19695199
842351,0.98886514
842352,0.013523251
842353,0.13053782
842354,0.07010224
842355,0.8974793
842356,0.49737123
842357,0.03591862
842358,0.9996336
842359,0.013064801
842360,0.09224883
842361,0.03200674
842362,0.06372912
842363,0.9836691
842364,0.022693716
842365,0.9893911
842366,0.98661774
842367,0.7817378
842368,0.12133457
842369,0.9244618
842370,0.57341087
842371,0.045576654
842372,0.010179606
842373,0.013531622
842374,0.034896176
842375,0.30188143
842376,0.053791877
842377,0.015623816
842378,0.9981131
842379,0.92920464
842380,0.9202732
842381,0.17909268
842382,0.1319978
842383,0.28739074
842384,0.011459243
842385,0.002635296
842386,0.94513893
842387,0.95427465
842388,0.02221445
842389,0.9909674
842390,0.8676153
842391,0.06962121
842392,0.05172734
842393,0.14297073
842394,0.06912029
842395,0.053427216
842396,0.31913176
842397,0.05894255
842398,0.76930153
842399,0.045158178
842400,0.64861786
842401,0.928563
842402,0.17077282
842403,0.09881933
842404,0.09210027
842405,0.120838806
842406,0.06109843
842407,0.103506505
842408,0.88883793
842409,0.8702895
842410,0.93895507
842411,0.52064055
842412,0.10327969
842413,0.017282045
842414,0.0011883911
842415,0.03400822
842416,0.45866066
842417,0.80368596
842418,0.15968668
842419,0.89301026
842420,0.56399804
842421,0.81544304
842422,0.034755457
842423,0.7864045
842424,0.78989345
842425,0.9897647
842426,0.9790539
842427,0.022197206
842428,0.99848163
842429,0.9678993
842430,0.7516732
842431,0.10374394
842432,0.83687115
842433,0.022135654
842434,0.011001501
842435,0.740755
842436,0.001805853
842437,0.052449465
842438,0.8491591
842439,0.009529398
842440,0.8264819
842441,0.97917503
842442,0.0132326
842443,0.9487344
842444,0.7688903
842445,0.04858818
842446,0.008453072
842447,0.2804589
842448,0.6094637
842449,0.9099501
842450,0.013537471
842451,0.011424122
842452,0.9684309
842453,0.006015362
842454,0.90899396
842455,0.6332947
842456,0.996123
842457,0.17212278
842458,0.8961158
842459,0.35257933
842460,0.99583983
842461,0.9859465
842462,0.95638764
842463,0.015737817
842464,0.2629953
842465,0.031227985
842466,0.023355056
842467,0.8004728
842468,0.56517416
842469,0.025771402
842470,0.9924227
842471,0.9932627
842472,0.7268722
842473,0.9615078
842474,0.106622085
842475,0.99215794
842476,0.97744477
842477,0.99387187
842478,0.0045059808
842479,0.019335492
842480,0.08332117
842481,0.0684325
842482,0.31376484
842483,0.10484382
842484,0.9697097
842485,0.15077855
842486,0.039739124
842487,0.92019683
842488,0.686031
842489,0.970675
842490,0.0020976088
842491,0.9895087
842492,0.07158185
842493,0.06376607
842494,0.023674466
842495,0.75143695
842496,0.9662953
842497,0.91901577
842498,0.007884887
842499,0.497656
842500,0.008218057
842501,0.96181583
842502,0.99267834
842503,0.9095515
842504,0.9411038
842505,0.0058722156
842506,0.41674846
842507,0.6670079
842508,0.8263639
842509,0.056679595
842510,0.8959355
842511,0.97521436
842512,0.99246275
842513,0.007522448
842514,0.016918302
842515,0.9982616
842516,0.91626287
842517,0.75208324
842518,0.8365805
842519,0.15370686
842520,0.025857013
842521,0.22814149
842522,0.4309129
842523,0.19509354
842524,0.95878106
842525,0.008920568
842526,0.03000266
842527,0.030097352
842528,0.23014331
842529,0.089964926
842530,0.0014415156
842531,0.0023091615
842532,0.3258223
842533,0.01429691
842534,0.9856346
842535,0.045916982
842536,0.008000851
842537,0.010075568
842538,0.42071855
842539,0.981693
842540,0.006755657
842541,0.7460433
842542,0.033926163
842543,0.0064073633
842544,0.67889345
842545,0.9717923
842546,0.06723295
842547,0.9997101
842548,0.9278592
842549,0.06696537
842550,0.0884538
842551,0.0018121636
842552,0.11878971
842553,0.8343869
842554,0.9255438
842555,0.02218165
842556,0.95882344
842557,0.22762579
842558,0.023379695
842559,0.9917128
842560,0.9522984
842561,0.049739234
842562,0.007458248
842563,0.96003413
842564,0.034927685
842565,0.020232957
842566,0.327075
842567,0.61592156
842568,0.26426113
842569,0.9125026
842570,0.97238886
842571,0.18730596
842572,0.1348133
842573,0.99623805
842574,0.005761305
842575,0.9936316
842576,0.4468498
842577,0.71041363
842578,0.05648376
842579,0.9839998
842580,0.09726453
842581,0.19538268
842582,0.00207122
842583,0.76685286
842584,0.03555533
842585,0.013094885
842586,0.18444455
842587,0.93731165
842588,0.9969251
842589,0.020916019
842590,0.0069269817
842591,0.018680532
842592,0.9958279
842593,0.012066014
842594,0.0117526
842595,0.93629426
842596,0.008158495
842597,0.016220525
842598,0.99455476
842599,0.002808319
842600,0.14691497
842601,0.24606544
842602,0.9984015
842603,0.04583321
842604,0.9738021
842605,0.3193401
842606,0.056534067
842607,0.014756169
842608,0.0049322746
842609,0.12437521
842610,0.056864463
842611,0.47709173
842612,0.005096183
842613,0.8829066
842614,0.022656228
842615,0.0039560515
842616,0.94875884
842617,0.9406253
842618,0.9857435
842619,0.9662501
842620,0.09046154
842621,0.8992978
842622,0.055727236
842623,0.14238885
842624,0.0075720814
842625,0.02302654
842626,0.017653799
842627,0.116103046
842628,0.6644874
842629,0.97636545
842630,0.9830661
842631,0.98595643
842632,0.73321563
842633,0.20561036
842634,0.3689232
842635,0.0026049176
842636,0.9549552
842637,0.5046644
842638,0.14532806
842639,0.9889423
842640,0.058818012
842641,0.030055169
842642,0.028393678
842643,0.04098268
842644,0.9457011
842645,0.0049880054
842646,0.67492473
842647,0.4490055
842648,0.86426044
842649,0.017977856
842650,0.0041862302
842651,0.12375064
842652,0.99158645
842653,0.014059583
842654,0.9953729
842655,0.96491444
842656,0.9929017
842657,0.017296664
842658,0.045501776
842659,0.99788487
842660,0.99676013
842661,0.053296737
842662,0.42375487
842663,0.0016767686
842664,0.11967303
842665,0.06352328
842666,0.37072915
842667,0.96582806
842668,0.01764968
842669,0.0021646956
842670,0.9584885
842671,0.9969133
842672,0.009297863
842673,0.0064032357
842674,0.83372104
842675,0.021858683
842676,0.041997124
842677,0.016489267
842678,0.99446714
842679,0.96123475
842680,0.90457124
842681,0.091055885
842682,0.01655349
842683,0.9631157
842684,0.0100282915
842685,0.0110411905
842686,0.99279416
842687,0.25148302
842688,0.873265
842689,0.07512102
842690,0.9347115
842691,0.14452003
842692,0.9919844
842693,0.26712394
842694,0.016462399
842695,0.5971764
842696,0.16610204
842697,0.08837256
842698,0.9911055
842699,0.056933872
842700,0.014960527
842701,0.032292947
842702,0.851842
842703,0.15457043
842704,0.8311786
842705,0.7071339
842706,0.89212686
842707,0.026658164
842708,0.07842613
842709,0.092686065
842710,0.010142468
842711,0.02343806
842712,0.07566649
842713,0.011208387
842714,0.9858104
842715,0.31661874
842716,0.80788636
842717,0.8252942
842718,0.9892392
842719,0.022647806
842720,0.075770386
842721,0.5117502
842722,0.95701
842723,0.93851143
842724,0.9896075
842725,0.8119283
842726,0.028146563
842727,0.98960114
842728,0.90090966
842729,0.01918718
842730,0.64422995
842731,0.8832556
842732,0.04863309
842733,0.0064610336
842734,0.68090343
842735,0.92297614
842736,0.15500437
842737,0.9974129
842738,0.99746895
842739,0.056183595
842740,0.61221516
842741,0.08684923
842742,0.05171726
842743,0.9371147
842744,0.046027172
842745,0.012549583
842746,0.91060483
842747,0.11829246
842748,0.9863622
842749,0.044655062
842750,0.9064808
842751,0.99516636
842752,0.95636696
842753,0.008368279
842754,0.31983522
842755,0.026664935
842756,0.023989877
842757,0.0763313
842758,0.45304495
842759,0.8728183
842760,0.96248865
842761,0.9732271
842762,0.99866164
842763,0.2629788
842764,0.012174514
842765,0.9898404
842766,0.010094117
842767,0.02891589
842768,0.39012706
842769,0.01515685
842770,0.89131033
842771,0.5940497
842772,0.1303758
842773,0.88967144
842774,0.98182386
842775,0.17281076
842776,0.0033052468
842777,0.9685387
842778,0.8614648
842779,0.021737324
842780,0.101192795
842781,0.49201703
842782,0.98838097
842783,0.9884654
842784,0.24694929
842785,0.9457035
842786,0.21637504
842787,0.9400438
842788,0.31773067
842789,0.044759825
842790,0.9567867
842791,0.92309964
842792,0.019417942
842793,0.65843433
842794,0.025791686
842795,0.62960947
842796,0.8357113
842797,0.35687307
842798,0.7491839
842799,0.009711986
842800,0.45400622
842801,0.00064967864
842802,0.89091533
842803,0.0017357165
842804,0.01518621
842805,0.18061063
842806,0.07061748
842807,0.031504653
842808,0.5794629
842809,0.045005664
842810,0.77840245
842811,0.40689865
842812,0.13967633
842813,0.996333
842814,0.012382282
842815,0.014194157
842816,0.12827036
842817,0.015456063
842818,0.05623561
842819,0.10499283
842820,0.0036456985
842821,0.011419198
842822,0.925488
842823,0.31632775
842824,0.97114193
842825,0.7649993
842826,0.0012048255
842827,0.97247005
842828,0.9057872
842829,0.12858516
842830,0.86747384
842831,0.03524424
842832,0.14775425
842833,0.024887715
842834,0.99425447
842835,0.058304146
842836,0.49710333
842837,0.65321887
842838,0.7239336
842839,0.016449919
842840,0.5316371
842841,0.99705523
842842,0.029346045
842843,0.96852314
842844,0.5656321
842845,0.97818875
842846,0.0286171
842847,0.06379646
842848,0.99430025
842849,0.003825093
842850,0.027125789
842851,0.92454195
842852,0.017226813
842853,0.0031140582
842854,0.93209463
842855,0.992673
842856,0.25932246
842857,0.33183753
842858,0.038540296
842859,0.99840057
842860,0.9049848
842861,0.10903979
842862,0.8280953
842863,0.0035243717
842864,0.5876203
842865,0.98171246
842866,0.11059195
842867,0.8903563
842868,0.048382927
842869,0.021316433
842870,0.3543718
842871,0.04909006
842872,0.060790766
842873,0.9791176
842874,0.007056433
842875,0.98494476
842876,0.03607946
842877,0.974956
842878,0.52428365
842879,0.94021285
842880,0.03374254
842881,0.006559035
842882,0.9286206
842883,0.75696325
842884,0.5970692
842885,0.98301315
842886,0.93548536
842887,0.018450733
842888,0.006459448
842889,0.99328643
842890,0.3179069
842891,0.32523218
842892,0.9836714
842893,0.14348003
842894,0.8033762
842895,0.9940399
842896,0.022615524
842897,0.9975159
842898,0.025418699
842899,0.13576126
842900,0.0043935943
842901,0.9786108
842902,0.07312113
842903,0.95765543
842904,0.96341604
842905,0.025312267
842906,0.86072487
842907,0.06767191
842908,0.90479624
842909,0.989547
842910,0.02941367
842911,0.25160998
842912,0.012294208
842913,0.0052908943
842914,0.98696727
842915,0.004769779
842916,0.0365465
842917,0.5699158
842918,0.9373004
842919,0.10322654
842920,0.43334633
842921,0.9951575
842922,0.9400456
842923,0.14796145
842924,0.026294537
842925,0.9443616
842926,0.9572846
842927,0.771655
842928,0.25349483
842929,0.122769624
842930,0.9987353
842931,0.9953113
842932,0.8100634
842933,0.055134736
842934,0.011517521
842935,0.008992423
842936,0.16976543
842937,0.9989053
842938,0.0063611725
842939,0.9149496
842940,0.8548635
842941,0.03849732
842942,0.9508711
842943,0.98800635
842944,0.25643066
842945,0.9735801
842946,0.021946244
842947,0.89028454
842948,0.6314448
842949,0.06886918
842950,0.065856606
842951,0.9925809
842952,0.98720926
842953,0.16943684
842954,0.882739
842955,0.91505957
842956,0.5934445
842957,0.9930891
842958,0.11709175
842959,0.013303031
842960,0.9281959
842961,0.0635887
842962,0.962152
842963,0.8462705
842964,0.993641
842965,0.005575282
842966,0.14493948
842967,0.4348931
842968,0.005466476
842969,0.040438153
842970,0.98898244
842971,0.9521398
842972,0.12609366
842973,0.29309243
842974,0.16654137
842975,0.33136553
842976,0.7763275
842977,0.9975141
842978,0.9177538
842979,0.9924241
842980,0.003807149
842981,0.9949846
842982,0.9833579
842983,0.004589211
842984,0.92663467
842985,0.19421865
842986,0.9444072
842987,0.13737826
842988,0.01180969
842989,0.91772234
842990,0.010270988
842991,0.77372706
842992,0.112148695
842993,0.99699557
842994,0.36557585
842995,0.9940506
842996,0.025535438
842997,0.020689555
842998,0.03795097
842999,0.9613143
843000,0.5033801
843001,0.04733387
843002,0.10712287
843003,0.48852885
843004,0.40590033
843005,0.06001503
843006,0.73985463
843007,0.72224724
843008,0.9008266
843009,0.9740589
843010,0.5637469
843011,0.91238225
843012,0.008282751
843013,0.9418832
843014,0.98021585
843015,0.012912994
843016,0.050126664
843017,0.008483099
843018,0.052661248
843019,0.004449211
843020,0.9280672
843021,0.99890304
843022,0.99727094
843023,0.9991778
843024,0.7633918
843025,0.048946224
843026,0.9469561
843027,0.61034065
843028,0.19899927
843029,0.9893609
843030,0.9953475
843031,0.85992897
843032,0.9947283
843033,0.04831481
843034,0.0043364833
843035,0.08786381
843036,0.20135589
843037,0.24529457
843038,0.0015839426
843039,0.0906754
843040,0.49874675
843041,0.9704188
843042,0.08593528
843043,0.24682613
843044,0.01717024
843045,0.90820307
843046,0.95007026
843047,0.028731283
843048,0.28651
843049,0.014537495
843050,0.9875196
843051,0.0024004444
843052,0.38013363
843053,0.99894047
843054,0.29427123
843055,0.029344987
843056,0.9977109
843057,0.064718455
843058,0.32730716
843059,0.13120824
843060,0.61526346
843061,0.8409333
843062,0.9921187
843063,0.22382641
843064,0.0077179302
843065,0.90756404
843066,0.9951987
843067,0.6498148
843068,0.007631426
843069,0.058559805
843070,0.9900056
843071,0.005963094
843072,0.87066746
843073,0.91702497
843074,0.9101663
843075,0.83926505
843076,0.22685745
843077,0.9778193
843078,0.91129255
843079,0.9972758
843080,0.049108874
843081,0.0033923308
843082,0.009639246
843083,0.51407075
843084,0.40826637
843085,0.0108782975
843086,0.9966607
843087,0.9936858
843088,0.5133996
843089,0.01984932
843090,0.9925416
843091,0.155752
843092,0.99183697
843093,0.035314932
843094,0.1245869
843095,0.35896048
843096,0.006209604
843097,0.94471014
843098,0.8521362
843099,0.99158615
843100,0.6936852
843101,0.98425376
843102,0.90219986
843103,0.8773056
843104,0.5108782
843105,0.26609305
843106,0.98013395
843107,0.97578245
843108,0.99715775
843109,0.92963606
843110,0.77006614
843111,0.9708951
843112,0.21951656
843113,0.1894179
843114,0.005568688
843115,0.121217825
843116,0.8328514
843117,0.0026518968
843118,0.032298397
843119,0.9970487
843120,0.9163333
843121,0.867536
843122,0.8300712
843123,0.83064055
843124,0.9845938
843125,0.24447928
843126,0.65105313
843127,0.13360225
843128,0.9288776
843129,0.04765385
843130,0.98499566
843131,0.9444683
843132,0.03419219
843133,0.00717448
843134,0.23796774
843135,0.008780023
843136,0.017556157
843137,0.005101949
843138,0.5021297
843139,0.039683968
843140,0.017735798
843141,0.9952312
843142,0.85042524
843143,0.6821438
843144,0.8582492
843145,0.50796103
843146,0.99586344
843147,0.015470665
843148,0.99729633
843149,0.98610747
843150,0.07068065
843151,0.98616934
843152,0.4862272
843153,0.22491716
843154,0.93504846
843155,0.7499689
843156,0.09265438
843157,0.01652648
843158,0.9789232
843159,0.19908677
843160,0.9704128
843161,0.992903
843162,0.21361193
843163,0.9428968
843164,0.0213453
843165,0.0095762815
843166,0.0055327797
843167,0.7996507
843168,0.0053952998
843169,0.6146563
843170,0.9672905
843171,0.84162223
843172,0.827038
843173,0.060708262
843174,0.25939095
843175,0.06922779
843176,0.0225336
843177,0.0062521147
843178,0.8570625
843179,0.8742161
843180,0.6435864
843181,0.10604148
843182,0.004898789
843183,0.9538191
843184,0.71452135
843185,0.070427105
843186,0.12404804
843187,0.543309
843188,0.99592215
843189,0.9950301
843190,0.24247663
843191,0.010289659
843192,0.98808026
843193,0.07288344
843194,0.9290138
843195,0.032537602
843196,0.71685374
843197,0.01879365
843198,0.006537294
843199,0.031413794
843200,0.99058735
843201,0.63848907
843202,0.37291676
843203,0.041168697
843204,0.0035239127
843205,0.09914412
843206,0.80900925
843207,0.13126361
843208,0.06303092
843209,0.3217532
843210,0.078244664
843211,0.003995471
843212,0.9492984
843213,0.2685478
843214,0.018351812
843215,0.6159031
843216,0.016703269
843217,0.03655531
843218,0.72830284
843219,0.9664089
843220,0.03372515
843221,0.0037321365
843222,0.6436227
843223,0.17019843
843224,0.9960203
843225,0.3986469
843226,0.063615076
843227,0.040914603
843228,0.92250514
843229,0.21206807
843230,0.024721544
843231,0.66389793
843232,0.38018358
843233,0.060407754
843234,0.985454
843235,0.99693525
843236,0.67412627
843237,0.32559687
843238,0.022404656
843239,0.0077136476
843240,0.020565642
843241,0.07785257
843242,0.97856313
843243,0.74449754
843244,0.01930179
843245,0.19772254
843246,0.10668421
843247,0.012414945
843248,0.96401554
843249,0.27353078
843250,0.93262255
843251,0.96886754
843252,0.0034697002
843253,0.82233447
843254,0.90718156
843255,0.001437669
843256,0.4837548
843257,0.008735494
843258,0.13547808
843259,0.5722808
843260,0.9926364
843261,0.9762079
843262,0.011543668
843263,0.9992827
843264,0.36880997
843265,0.000738307
843266,0.18464531
843267,0.30830956
843268,0.0028846816
843269,0.060271066
843270,0.9956709
843271,0.006609002
843272,0.9766702
843273,0.181712
843274,0.004933529
843275,0.24959725
843276,0.99927187
843277,0.03109049
843278,0.07403615
843279,0.46687523
843280,0.06336176
843281,0.05469764
843282,0.025642695
843283,0.0061427555
843284,0.7884289
843285,0.99422526
843286,0.6927232
843287,0.6252285
843288,0.30342942
843289,0.111236006
843290,0.026913721
843291,0.0880196
843292,0.20693862
843293,0.9924133
843294,0.96713126
843295,0.007900073
843296,0.43705273
843297,0.024037603
843298,0.9421571
843299,0.0007762275
843300,0.0051951427
843301,0.016036171
843302,0.5689003
843303,0.39405692
843304,0.6751194
843305,0.5958196
843306,0.77603126
843307,0.9708986
843308,0.91565514
843309,0.02204538
843310,0.13048303
843311,0.9226196
843312,0.97036743
843313,0.020847399
843314,0.02195288
843315,0.9207413
843316,0.13785325
843317,0.554788
843318,0.9639773
843319,0.04395902
843320,0.94580644
843321,0.9789946
843322,0.82349753
843323,0.4844339
843324,0.010824939
843325,0.018272758
843326,0.06819826
843327,0.005376859
843328,0.9736616
843329,0.36829823
843330,0.0013519198
843331,0.014155913
843332,0.9946215
843333,0.010499259
843334,0.025791544
843335,0.071454
843336,0.9946184
843337,0.1169484
843338,0.034723528
843339,0.9947277
843340,0.002258974
843341,0.0661539
843342,0.031712927
843343,0.98843336
843344,0.57089907
843345,0.13694145
843346,0.9964816
843347,0.9883872
843348,0.9106289
843349,0.9449197
843350,0.9972037
843351,0.93680537
843352,0.011393
843353,0.97111154
843354,0.08425276
843355,0.0039722277
843356,0.9867537
843357,0.97766465
843358,0.9994629
843359,0.0077884663
843360,0.96745926
843361,0.8368512
843362,0.010550081
843363,0.53029144
843364,0.67196035
843365,0.005415557
843366,0.012616076
843367,0.21495573
843368,0.939816
843369,0.014361559
843370,0.38358325
843371,0.86683905
843372,0.034058996
843373,0.033469122
843374,0.99848616
843375,0.8523162
843376,0.0072509875
843377,0.9636325
843378,0.029553449
843379,0.3878317
843380,0.16553786
843381,0.0077369884
843382,0.63305
843383,0.8564378
843384,0.9785677
843385,0.65730023
843386,0.02069499
843387,0.15399674
843388,0.99309593
843389,0.0010732774
843390,0.02845855
843391,0.7356789
843392,0.0305605
843393,0.3623621
843394,0.47694308
843395,0.0041980566
843396,0.47156084
843397,0.8819419
843398,0.5520778
843399,0.012244586
843400,0.6314609
843401,0.16172962
843402,0.01679392
843403,0.048738353
843404,0.97679293
843405,0.6719278
843406,0.35741907
843407,0.015430475
843408,0.19151148
843409,0.13308868
843410,0.9970567
843411,0.8939638
843412,0.07834135
843413,0.73383427
843414,0.009455603
843415,0.109764665
843416,0.23760925
843417,0.023152163
843418,0.81041944
843419,0.19015063
843420,0.010061862
843421,0.10531481
843422,0.1653116
843423,0.97540915
843424,0.89449
843425,0.036531348
843426,0.26404357
843427,0.8406802
843428,0.026463673
843429,0.0039798236
843430,0.5002523
843431,0.9356022
843432,0.023974808
843433,0.008329047
843434,0.043371286
843435,0.008760584
843436,0.99587256
843437,0.55825627
843438,0.76169175
843439,0.14164628
843440,0.11072662
843441,0.6720795
843442,0.008094197
843443,0.025943547
843444,0.9777359
843445,0.24291405
843446,0.2259244
843447,0.0037049793
843448,0.9864373
843449,0.03078295
843450,0.8498363
843451,0.004790023
843452,0.9962466
843453,0.58596784
843454,0.9152638
843455,0.22737053
843456,0.30231306
843457,0.96780825
843458,0.995936
843459,0.9762656
843460,0.04846148
843461,0.040160283
843462,0.9565772
843463,0.15802836
843464,0.8748738
843465,0.0061330935
843466,0.78172797
843467,0.025641393
843468,0.014880008
843469,0.010373231
843470,0.061168015
843471,0.009973027
843472,0.01933782
843473,0.12722515
843474,0.55570173
843475,0.9604857
843476,0.9952176
843477,0.12910774
843478,0.01667319
843479,0.31634197
843480,0.9652963
843481,0.017747184
843482,0.021640982
843483,0.014404099
843484,0.034735896
843485,0.9262167
843486,0.084346175
843487,0.6913519
843488,0.13546716
843489,0.0025674824
843490,0.97130334
843491,0.02246046
843492,0.5801288
843493,0.91430235
843494,0.94816434
843495,0.97959
843496,0.9635436
843497,0.65720993
843498,0.011985158
843499,0.9802974
843500,0.89814025
843501,0.9902165
843502,0.76691824
843503,0.10968908
843504,0.016399914
843505,0.83403677
843506,0.00077168987
843507,0.08548117
843508,0.9863526
843509,0.0070784823
843510,0.974648
843511,0.20272762
843512,0.8541944
843513,0.3516909
843514,0.9841111
843515,0.9985306
843516,0.6796075
843517,0.5938789
843518,0.024409272
843519,0.0054756273
843520,0.008737774
843521,0.21811572
843522,0.012548361
843523,0.9890834
843524,0.9993046
843525,0.9934843
843526,0.994797
843527,0.93281555
843528,0.01726103
843529,0.99314624
843530,0.07908108
843531,0.07951432
843532,0.98198485
843533,0.82183266
843534,0.11668744
843535,0.025060687
843536,0.7613765
843537,0.022258487
843538,0.17179969
843539,0.06040503
843540,0.13811211
843541,0.02875887
843542,0.13083324
843543,0.037418507
843544,0.8891461
843545,0.59597814
843546,0.8113559
843547,0.110698625
843548,0.19692603
843549,0.93166935
843550,0.8473404
843551,0.99906373
843552,0.59024954
843553,0.8346645
843554,0.7918043
843555,0.018429305
843556,0.04607055
843557,0.05546905
843558,0.9048974
843559,0.020590603
843560,0.02948558
843561,0.9822726
843562,0.696897
843563,0.04035378
843564,0.010304632
843565,0.14455521
843566,0.014270139
843567,0.29667774
843568,0.07101802
843569,0.11488399
843570,0.9117596
843571,0.69461536
843572,0.24158241
843573,0.11898762
843574,0.26732516
843575,0.3797524
843576,0.12437675
843577,0.56694216
843578,0.05609131
843579,0.19436523
843580,0.04401504
843581,0.0037303763
843582,0.41197312
843583,0.017763404
843584,0.014657397
843585,0.1397906
843586,0.22142868
843587,0.95187104
843588,0.40979543
843589,0.91826165
843590,0.09315243
843591,0.5594429
843592,0.9585754
843593,0.90435237
843594,0.96155125
843595,0.006963351
843596,0.04560194
843597,0.045825478
843598,0.18355818
843599,0.005444138
843600,0.87258565
843601,0.8511839
843602,0.93133205
843603,0.9770746
843604,0.4418662
843605,0.02862496
843606,0.7141419
843607,0.009419868
843608,0.14875712
843609,0.063444346
843610,0.02684489
843611,0.99889696
843612,0.027277576
843613,0.085747585
843614,0.003721069
843615,0.07907594
843616,0.8584058
843617,0.59561336
843618,0.8408224
843619,0.002775184
843620,0.25258532
843621,0.9814557
843622,0.9580265
843623,0.94595385
843624,0.0035420498
843625,0.7057088
843626,0.8939175
843627,0.06346785
843628,0.12744015
843629,0.70477843
843630,0.49001947
843631,0.103784226
843632,0.9734062
843633,0.93367904
843634,0.99197686
843635,0.9614982
843636,0.5409656
843637,0.0077873887
843638,0.008966241
843639,0.9900801
843640,0.9609028
843641,0.91343856
843642,0.99598837
843643,0.019943094
843644,0.004456984
843645,0.15289631
843646,0.9531308
843647,0.7766717
843648,0.90887916
843649,0.94608605
843650,0.0093602715
843651,0.0057031075
843652,0.118514
843653,0.0021343073
843654,0.6490614
843655,0.99087906
843656,0.9810593
843657,0.0020463644
843658,0.021507258
843659,0.9926885
843660,0.5134163
843661,0.9486275
843662,0.13147482
843663,0.73146886
843664,0.98128116
843665,0.008256819
843666,0.9672142
843667,0.9778602
843668,0.081586346
843669,0.8873669
843670,0.9476079
843671,0.9807589
843672,0.004015203
843673,0.031188961
843674,0.032714553
843675,0.70832545
843676,0.034500055
843677,0.010425832
843678,0.17930527
843679,0.84167504
843680,0.95275944
843681,0.024793576
843682,0.366366
843683,0.7149059
843684,0.9081836
843685,0.009058698
843686,0.85340565
843687,0.15682049
843688,0.101269096
843689,0.028164092
843690,0.051252224
843691,0.9151534
843692,0.20436296
843693,0.06601204
843694,0.072957374
843695,0.64668566
843696,0.41994017
843697,0.9986305
843698,0.053832244
843699,0.0209374
843700,0.6390021
843701,0.77542794
843702,0.09913123
843703,0.8152954
843704,0.22408523
843705,0.5738409
843706,0.16041826
843707,0.97496635
843708,0.15321854
843709,0.52162254
843710,0.96624887
843711,0.9986975
843712,0.06414524
843713,0.019832054
843714,0.99240434
843715,0.004713282
843716,0.99862754
843717,0.9868356
843718,0.04109262
843719,0.8044945
843720,0.99820924
843721,0.16436435
843722,0.9206987
843723,0.08054221
843724,0.12472084
843725,0.0025034505
843726,0.81733733
843727,0.96652955
843728,0.7883315
843729,0.15465194
843730,0.042705134
843731,0.30371764
843732,0.99293125
843733,0.99580663
843734,0.27659792
843735,0.0028076472
843736,0.023915008
843737,0.60445297
843738,0.09294313
843739,0.67095673
843740,0.0020788321
843741,0.65869814
843742,0.91374516
843743,0.11488275
843744,0.87862873
843745,0.49230257
843746,0.0666524
843747,0.8520218
843748,0.91271293
843749,0.995448
843750,0.99415505
843751,0.01644864
843752,0.19558385
843753,0.016101928
843754,0.06213273
843755,0.9885808
843756,0.27528208
843757,0.013847971
843758,0.9802206
843759,0.016324745
843760,0.01866411
843761,0.9670354
843762,0.5076899
843763,0.14321461
843764,0.914148
843765,0.99820614
843766,0.9916201
843767,0.033051472
843768,0.07039968
843769,0.09898326
843770,0.85927343
843771,0.9209064
843772,0.89131904
843773,0.0742411
843774,0.33467078
843775,0.9310225
843776,0.040552408
843777,0.07966625
843778,0.2783869
843779,0.9992373
843780,0.082349695
843781,0.4548411
843782,0.0724448
843783,0.6308323
843784,0.08714012
843785,0.1592929
843786,0.89621687
843787,0.0030010445
843788,0.94559336
843789,0.90345436
843790,0.011552815
843791,0.605644
843792,0.9987479
843793,0.026004355
843794,0.787922
843795,0.6843888
843796,0.057693638
843797,0.9961893
843798,0.012395838
843799,0.21894965
843800,0.81129515
843801,0.0046487376
843802,0.663199
843803,0.06766698
843804,0.83622634
843805,0.16543499
843806,0.060888603
843807,0.99411213
843808,0.011967448
843809,0.2702349
843810,0.9489692
843811,0.9737663
843812,0.0096731875
843813,0.8288483
843814,0.35570195
843815,0.9606273
843816,0.99161685
843817,0.93212944
843818,0.9439792
843819,0.9881177
843820,0.96297956
843821,0.97879755
843822,0.64351416
843823,0.013527699
843824,0.0315009
843825,0.021357575
843826,0.011342827
843827,0.91414213
843828,0.9976019
843829,0.6970525
843830,0.09927678
843831,0.009213724
843832,0.043173626
843833,0.04330721
843834,0.9803412
843835,0.008436596
843836,0.043405652
843837,0.25731882
843838,0.14505772
843839,0.006964039
843840,0.00846535
843841,0.9322375
843842,0.06599437
843843,0.01951784
843844,0.02341482
843845,0.0077421498
843846,0.7291462
843847,0.97598076
843848,0.022529334
843849,0.076549456
843850,0.7432248
843851,0.31674564
843852,0.68928295
843853,0.71069777
843854,0.6949794
843855,0.011396805
843856,0.034778602
843857,0.9589714
843858,0.040508907
843859,0.054352343
843860,0.9986236
843861,0.06591007
843862,0.031717516
843863,0.0163076
843864,0.9986842
843865,0.7873381
843866,0.9845292
843867,0.03910841
843868,0.2494128
843869,0.3396362
843870,0.005131576
843871,0.024699137
843872,0.13407166
843873,0.6196677
843874,0.018079158
843875,0.0074820323
843876,0.03306039
843877,0.54357505
843878,0.98550534
843879,0.035311162
843880,0.076241165
843881,0.7502103
843882,0.08479579
843883,0.9995534
843884,0.00863528
843885,0.0145033505
843886,0.072427936
843887,0.8789506
843888,0.0057472046
843889,0.8219265
843890,0.7093407
843891,0.008210082
843892,0.5152266
843893,0.010466639
843894,0.97807574
843895,0.78627264
843896,0.055707756
843897,0.6954428
843898,0.77919436
843899,0.83302593
843900,0.7446259
843901,0.9484586
843902,0.18758795
843903,0.36975837
843904,0.07256985
843905,0.034342393
843906,0.014822
843907,0.3642936
843908,0.9931763
843909,0.086051375
843910,0.9223052
843911,0.122219145
843912,0.67888784
843913,0.16992697
843914,0.89462185
843915,0.009042829
843916,0.039899424
843917,0.9415952
843918,0.7617035
843919,0.008750971
843920,0.13256882
843921,0.9925972
843922,0.5779079
843923,0.0056158598
843924,0.9954166
843925,0.93156636
843926,0.6238592
843927,0.9739884
843928,0.34548736
843929,0.9837993
843930,0.03938452
843931,0.3744713
843932,0.00475034
843933,0.052564636
843934,0.09081952
843935,0.0067653256
843936,0.21689418
843937,0.95194507
843938,0.6961853
843939,0.99588656
843940,0.7216165
843941,0.1326201
843942,0.023625009
843943,0.9157764
843944,0.078515634
843945,0.09571884
843946,0.89730746
843947,0.062605456
843948,0.7501192
843949,0.009824324
843950,0.077187136
843951,0.13632996
843952,0.7168901
843953,0.4142209
843954,0.99316883
843955,0.03042491
843956,0.14276797
843957,0.14450622
843958,0.99566686
843959,0.021161232
843960,0.93481374
843961,0.92332125
843962,0.20230821
843963,0.035797317
843964,0.9974536
843965,0.9369998
843966,0.06341684
843967,0.064031884
843968,0.6300807
843969,0.033730026
843970,0.35488358
843971,0.077262454
843972,0.02648794
843973,0.9410361
843974,0.022074211
843975,0.8991028
843976,0.025288107
843977,0.15210792
843978,0.764926
843979,0.007214863
843980,0.94126534
843981,0.33233836
843982,0.3856238
843983,0.99130076
843984,0.5458297
843985,0.040038764
843986,0.98316973
843987,0.21083297
843988,0.023410145
843989,0.010822251
843990,0.20840222
843991,0.050926976
843992,0.04511009
843993,0.1316154
843994,0.27946228
843995,0.96323645
843996,0.33855096
843997,0.97466373
843998,0.9958841
843999,0.028339885
844000,0.00505627
844001,0.0004920995
844002,0.9788391
844003,0.9747502
844004,0.9993509
844005,0.2312732
844006,0.86360323
844007,0.5037846
844008,0.031010905
844009,0.70684624
844010,0.008385171
844011,0.9747309
844012,0.5763108
844013,0.95879304
844014,0.9936935
844015,0.007935718
844016,0.9913179
844017,0.02018594
844018,0.98171306
844019,0.049753968
844020,0.07037952
844021,0.987316
844022,0.04623401
844023,0.7580904
844024,0.2802088
844025,0.046245437
844026,0.0616119
844027,0.9651289
844028,0.9389771
844029,0.97481704
844030,0.9879633
844031,0.93428916
844032,0.061480843
844033,0.019087272
844034,0.004128888
844035,0.21417582
844036,0.5126907
844037,0.5053055
844038,0.96611965
844039,0.06174495
844040,0.9925901
844041,0.9991786
844042,0.99616915
844043,0.0037310007
844044,0.017298747
844045,0.038443908
844046,0.20577945
844047,0.04225724
844048,0.9964478
844049,0.9860555
844050,0.08452468
844051,0.023344668
844052,0.5764846
844053,0.17456608
844054,0.98729694
844055,0.88618195
844056,0.031443577
844057,0.99655527
844058,0.40505278
844059,0.49634475
844060,0.5701038
844061,0.65028113
844062,0.045876313
844063,0.041263573
844064,0.9147868
844065,0.9744701
844066,0.21882227
844067,0.91996706
844068,0.047803245
844069,0.99653393
844070,0.028165245
844071,0.95894873
844072,0.755471
844073,0.011690701
844074,0.029309269
844075,0.9546497
844076,0.23069051
844077,0.99570614
844078,0.08236548
844079,0.1653825
844080,0.970465
844081,0.15886366
844082,0.10101799
844083,0.45491433
844084,0.92632294
844085,0.04635787
844086,0.8211357
844087,0.011053211
844088,0.42628744
844089,0.94873196
844090,0.99720633
844091,0.0044878945
844092,0.16112585
844093,0.3690161
844094,0.9858802
844095,0.9701344
844096,0.99094105
844097,0.8656719
844098,0.098314695
844099,0.045543328
844100,0.070411876
844101,0.013043179
844102,0.017300682
844103,0.9824145
844104,0.9040831
844105,0.20661506
844106,0.58565986
844107,0.016352428
844108,0.94948435
844109,0.93151444
844110,0.34162816
844111,0.39305228
844112,0.932865
844113,0.99335295
844114,0.25842333
844115,0.1586473
844116,0.016127855
844117,0.4099173
844118,0.013794606
844119,0.01288095
844120,0.98768526
844121,0.0416517
844122,0.00480565
844123,0.99439657
844124,0.03413603
844125,0.09061857
844126,0.9151218
844127,0.7716127
844128,0.72548383
844129,0.014469923
844130,0.82150227
844131,0.02558176
844132,0.8156693
844133,0.0619171
844134,0.970329
844135,0.5436008
844136,0.21878384
844137,0.9957144
844138,0.04567717
844139,0.0117207095
844140,0.9319962
844141,0.120158836
844142,0.012630302
844143,0.99365854
844144,0.11707029
844145,0.085172564
844146,0.1867006
844147,0.9984225
844148,0.99195826
844149,0.16374494
844150,0.64822817
844151,0.05653972
844152,0.083463565
844153,0.011133844
844154,0.010125259
844155,0.985076
844156,0.70765394
844157,0.5014671
844158,0.07171872
844159,0.011080682
844160,0.9463662
844161,0.0034378865
844162,0.0071510663
844163,0.8146574
844164,0.96907914
844165,0.18749931
844166,0.200531
844167,0.11024912
844168,0.9890671
844169,0.9663784
844170,0.006231717
844171,0.32997006
844172,0.49793562
844173,0.026796797
844174,0.099325955
844175,0.93488675
844176,0.81938165
844177,0.047472995
844178,0.3404463
844179,0.014507185
844180,0.267029
844181,0.019790562
844182,0.07864604
844183,0.30906013
844184,0.8600837
844185,0.70214033
844186,0.0043470566
844187,0.027066391
844188,0.9778433
844189,0.8835738
844190,0.033315543
844191,0.067365065
844192,0.010146501
844193,0.9586454
844194,0.062445015
844195,0.0023588215
844196,0.45930645
844197,0.47521505
844198,0.9686955
844199,0.9807546
844200,0.5568923
844201,0.6891592
844202,0.13863915
844203,0.6895973
844204,0.024233978
844205,0.014625104
844206,0.72876936
844207,0.9873205
844208,0.95473266
844209,0.098798916
844210,0.98593897
844211,0.0063875164
844212,0.8634547
844213,0.29346368
844214,0.006549868
844215,0.029353887
844216,0.05212984
844217,0.98469687
844218,0.012952891
844219,0.35005894
844220,0.63457656
844221,0.98832643
844222,0.64692813
844223,0.8421983
844224,0.9763571
844225,0.97212195
844226,0.01238483
844227,0.13625516
844228,0.019911317
844229,0.1739304
844230,0.010966427
844231,0.9824275
844232,0.9861693
844233,0.5495527
844234,0.998789
844235,0.98177254
844236,0.094444424
844237,0.6335813
844238,0.96070296
844239,0.5520704
844240,0.045075245
844241,0.9638761
844242,0.39098144
844243,0.6093291
844244,0.7079271
844245,0.025726872
844246,0.99125695
844247,0.9878967
844248,0.98500097
844249,0.48346817
844250,0.14852218
844251,0.9547765
844252,0.97393376
844253,0.08962668
844254,0.98701763
844255,0.890898
844256,0.027110852
844257,0.015420798
844258,0.09695634
844259,0.92913383
844260,0.9591199
844261,0.39448702
844262,0.007621903
844263,0.9409764
844264,0.079590976
844265,0.96053344
844266,0.0027323323
844267,0.24270023
844268,0.093279086
844269,0.030458607
844270,0.9881018
844271,0.1098546
844272,0.9582847
844273,0.12246076
844274,0.9941903
844275,0.060579337
844276,0.0821314
844277,0.010757796
844278,0.44357714
844279,0.5985602
844280,0.98916984
844281,0.9995008
844282,0.14238659
844283,0.013681755
844284,0.07409593
844285,0.9324403
844286,0.95835817
844287,0.008741099
844288,0.9156101
844289,0.28051797
844290,0.24342524
844291,0.93497664
844292,0.9806535
844293,0.7412244
844294,0.52108616
844295,0.05390101
844296,0.008071047
844297,0.040132333
844298,0.26362753
844299,0.087412976
844300,0.21214543
844301,0.12974907
844302,0.9819429
844303,0.0061809155
844304,0.29695988
844305,0.0687671
844306,0.015564462
844307,0.8609154
844308,0.98930335
844309,0.075024806
844310,0.8391675
844311,0.4295392
844312,0.9546059
844313,0.9820108
844314,0.78092945
844315,0.9889609
844316,0.8115487
844317,0.99594617
844318,0.88188154
844319,0.0031720807
844320,0.09265237
844321,0.015804613
844322,0.99097687
844323,0.43997332
844324,0.008262189
844325,0.12406769
844326,0.032120936
844327,0.99412346
844328,0.020220174
844329,0.062040083
844330,0.036114637
844331,0.021986585
844332,0.09240009
844333,0.9205397
844334,0.98759544
844335,0.9585218
844336,0.0024467448
844337,0.016879957
844338,0.70269555
844339,0.91401994
844340,0.0052885334
844341,0.793407
844342,0.25670806
844343,0.39845493
844344,0.7486533
844345,0.7690477
844346,0.0013601927
844347,0.97574836
844348,0.9983699
844349,0.7008437
844350,0.06413874
844351,0.51188385
844352,0.91294885
844353,0.7768446
844354,0.015304467
844355,0.8006978
844356,0.93489605
844357,0.7756274
844358,0.9933431
844359,0.9104761
844360,0.9586275
844361,0.07898576
844362,0.9689012
844363,0.9269951
844364,0.89399487
844365,0.9866209
844366,0.018604957
844367,0.035223253
844368,0.9166029
844369,0.974628
844370,0.98050845
844371,0.016831886
844372,0.064918086
844373,0.9955712
844374,0.029154949
844375,0.05277992
844376,0.015401248
844377,0.034166995
844378,0.6353861
844379,0.002119646
844380,0.97405463
844381,0.9828565
844382,0.30842698
844383,0.046511836
844384,0.8891763
844385,0.2087123
844386,0.43889278
844387,0.05212002
844388,0.027070785
844389,0.6204308
844390,0.6873312
844391,0.032000832
844392,0.9956166
844393,0.342511
844394,0.87934756
844395,0.08921882
844396,0.9034916
844397,0.069965184
844398,0.96678066
844399,0.013451233
844400,0.77209747
844401,0.11295248
844402,0.19184068
844403,0.0002486591
844404,0.9661742
844405,0.032277267
844406,0.9449522
844407,0.008385834
844408,0.99662673
844409,0.7622003
844410,0.47098497
844411,0.9965274
844412,0.8160744
844413,0.26213303
844414,0.04501599
844415,0.0051472196
844416,0.9540905
844417,0.6724622
844418,0.11170068
844419,0.23336042
844420,0.9953168
844421,0.8731526
844422,0.1881254
844423,0.6438402
844424,0.9677035
844425,0.46894598
844426,0.9722201
844427,0.01104066
844428,0.66383755
844429,0.868136
844430,0.009303307
844431,0.03825726
844432,0.13000827
844433,0.99589264
844434,0.9978921
844435,0.8783222
844436,0.976351
844437,0.9964143
844438,0.092886105
844439,0.03390784
844440,0.35680553
844441,0.07509437
844442,0.02363406
844443,0.0020249246
844444,0.08738327
844445,0.0062170327
844446,0.92924446
844447,0.84636873
844448,0.7281747
844449,0.12789045
844450,0.21531886
844451,0.028906282
844452,0.9629836
844453,0.98304516
844454,0.9820784
844455,0.022299696
844456,0.9869941
844457,0.11297972
844458,0.0319887
844459,0.9965371
844460,0.9479207
844461,0.72869015
844462,0.6838956
844463,0.8912041
844464,0.0059686173
844465,0.355175
844466,0.996367
844467,0.350239
844468,0.070531175
844469,0.9865153
844470,0.040406503
844471,0.98647624
844472,0.8548948
844473,0.8671857
844474,0.119617954
844475,0.8346076
844476,0.38530055
844477,0.0014837462
844478,0.068751134
844479,0.009153091
844480,0.980231
844481,0.99412096
844482,0.9046313
844483,0.15154378
844484,0.99555504
844485,0.85217756
844486,0.0020031417
844487,0.93965024
844488,0.9863221
844489,0.94559544
844490,0.12967488
844491,0.59080935
844492,0.18037978
844493,0.9926964
844494,0.06401619
844495,0.010095373
844496,0.87857366
844497,0.098126985
844498,0.1427116
844499,0.9900621
844500,0.9977076
844501,0.012141102
844502,0.010611221
844503,0.008563276
844504,0.017343111
844505,0.03312377
844506,0.95641845
844507,0.93426454
844508,0.018278291
844509,0.9977943
844510,0.9970368
844511,0.13927996
844512,0.94989663
844513,0.029616544
844514,0.04332038
844515,0.021586217
844516,0.09572624
844517,0.9724027
844518,0.63221276
844519,0.15677854
844520,0.9967191
844521,0.078076884
844522,0.045694392
844523,0.09488296
844524,0.14397569
844525,0.04750241
844526,0.8322058
844527,0.90915245
844528,0.0074305474
844529,0.056756597
844530,0.037095316
844531,0.04675127
844532,0.9967426
844533,0.04434842
844534,0.045998476
844535,0.0042182584
844536,0.96854305
844537,0.11267167
844538,0.268703
844539,0.99233806
844540,0.01795774
844541,0.99062264
844542,0.99011546
844543,0.02720854
844544,0.020846674
844545,0.9913912
844546,0.07309338
844547,0.012448834
844548,0.00799767
844549,0.40263256
844550,0.01174134
844551,0.78425574
844552,0.9944168
844553,0.37001097
844554,0.8321815
844555,0.049741037
844556,0.9868394
844557,0.9855456
844558,0.8844903
844559,0.24077204
844560,0.007073728
844561,0.9979354
844562,0.007891524
844563,0.7304854
844564,0.9990796
844565,0.056986637
844566,0.9948951
844567,0.013658234
844568,0.9942049
844569,0.998685
844570,0.002423796
844571,0.9111507
844572,0.99279773
844573,0.30424434
844574,0.0054499875
844575,0.15266559
844576,0.11865058
844577,0.3478241
844578,0.0033811987
844579,0.020986924
844580,0.9988024
844581,0.9633845
844582,0.9980458
844583,0.9348029
844584,0.009149913
844585,0.7085397
844586,0.3092092
844587,0.9749943
844588,0.97719955
844589,0.3230252
844590,0.9660187
844591,0.013586727
844592,0.96800685
844593,0.23652396
844594,0.01604603
844595,0.011253011
844596,0.92464375
844597,0.050599545
844598,0.06875458
844599,0.8632789
844600,0.8296201
844601,0.075469136
844602,0.062509075
844603,0.9758604
844604,0.07512627
844605,0.005938091
844606,0.97929984
844607,0.48841086
844608,0.9393752
844609,0.08041739
844610,0.9668125
844611,0.084365726
844612,0.060741723
844613,0.006817163
844614,0.9088999
844615,0.021117296
844616,0.0094557535
844617,0.98122036
844618,0.1426383
844619,0.5957068
844620,0.025975613
844621,0.9670433
844622,0.9937395
844623,0.90745246
844624,0.12059941
844625,0.98552185
844626,0.011887758
844627,0.9597385
844628,0.12877041
844629,0.019243995
844630,0.009583872
844631,0.10562512
844632,0.91032475
844633,0.23154788
844634,0.4234341
844635,0.8439704
844636,0.9862774
844637,0.9928876
844638,0.118556395
844639,0.90141386
844640,0.0023390509
844641,0.03639087
844642,0.0019451997
844643,0.5432204
844644,0.9694873
844645,0.060617514
844646,0.02420125
844647,0.0458031
844648,0.07349479
844649,0.7732818
844650,0.0043732733
844651,0.8122698
844652,0.011521412
844653,0.005418988
844654,0.0047193165
844655,0.33410513
844656,0.03589096
844657,0.06414093
844658,0.8915667
844659,0.19754508
844660,0.085745424
844661,0.98309004
844662,0.4366401
844663,0.08386751
844664,0.8613174
844665,0.9934592
844666,0.045734406
844667,0.38320893
844668,0.9528182
844669,0.44845337
844670,0.19743016
844671,0.18851067
844672,0.8415781
844673,0.021768585
844674,0.76918733
844675,0.048387524
844676,0.1275213
844677,0.0406646
844678,0.008870229
844679,0.17102122
844680,0.8876483
844681,0.86676884
844682,0.9975525
844683,0.028086698
844684,0.77155876
844685,0.0036277757
844686,0.948577
844687,0.0046889437
844688,0.9065927
844689,0.55034316
844690,0.9820818
844691,0.40710974
844692,0.9905907
844693,0.08598088
844694,0.7576935
844695,0.97819847
844696,0.021399118
844697,0.22472288
844698,0.99717414
844699,0.4215873
844700,0.86738586
844701,0.28611892
844702,0.0024739085
844703,0.016058777
844704,0.95921344
844705,0.9374687
844706,0.0040501077
844707,0.01795232
844708,0.042309582
844709,0.0100164935
844710,0.016981224
844711,0.026360624
844712,0.43721426
844713,0.8299545
844714,0.027776856
844715,0.008539224
844716,0.92672694
844717,0.041784327
844718,0.9758463
844719,0.03163933
844720,0.55014735
844721,0.9790831
844722,0.75719184
844723,0.020423826
844724,0.006887762
844725,0.9667548
844726,0.16589358
844727,0.89893395
844728,0.8586843
844729,0.99618983
844730,0.97250235
844731,0.032391973
844732,0.17789915
844733,0.9555157
844734,0.90258247
844735,0.3202099
844736,0.040893435
844737,0.96597385
844738,0.0320782
844739,0.74251324
844740,0.7072856
844741,0.08550678
844742,0.80712914
844743,0.9336147
844744,0.32804245
844745,0.035832644
844746,0.99491805
844747,0.017640792
844748,0.9069768
844749,0.0043231267
844750,0.012925265
844751,0.49676737
844752,0.24917936
844753,0.92062724
844754,0.85479534
844755,0.0061753644
844756,0.08434788
844757,0.36899447
844758,0.24636507
844759,0.90216905
844760,0.65760493
844761,0.8566218
844762,0.10155389
844763,0.0941118
844764,0.07263685
844765,0.39071897
844766,0.029787645
844767,0.04464599
844768,0.9969095
844769,0.9982507
844770,0.99039423
844771,0.0060581747
844772,0.99913186
844773,0.4708284
844774,0.90346706
844775,0.94132304
844776,0.93941766
844777,0.0073320363
844778,0.52825373
844779,0.09274429
844780,0.11368105
844781,0.022758078
844782,0.98534644
844783,0.0059343018
844784,0.11562121
844785,0.99829954
844786,0.004686063
844787,0.9951439
844788,0.014845882
844789,0.09350815
844790,0.99468493
844791,0.0029258397
844792,0.99308103
844793,0.9502363
844794,0.00730068
844795,0.031494744
844796,0.034583073
844797,0.0003301251
844798,0.011980422
844799,0.5439893
844800,0.0045515858
844801,0.996431
844802,0.001717136
844803,0.7818433
844804,0.038651884
844805,0.99763197
844806,0.99609375
844807,0.03279808
844808,0.59447396
844809,0.98494375
844810,0.97718453
844811,0.06596041
844812,0.01934861
844813,0.11220658
844814,0.07260933
844815,0.006064023
844816,0.032926366
844817,0.076577924
844818,0.9868421
844819,0.9826391
844820,0.5731234
844821,0.78453004
844822,0.014082238
844823,0.9004376
844824,0.99154973
844825,0.27008766
844826,0.95061314
844827,0.012239458
844828,0.0041048094
844829,0.8717505
844830,0.9947269
844831,0.0028227135
844832,0.0077559487
844833,0.010485081
844834,0.8429087
844835,0.120755546
844836,0.9472208
844837,0.10935547
844838,0.007971492
844839,0.7379684
844840,0.9873394
844841,0.04011378
844842,0.93614876
844843,0.9782296
844844,0.12524164
844845,0.9938017
844846,0.85905844
844847,0.02305489
844848,0.0062697646
844849,0.9948353
844850,0.9958701
844851,0.98800486
844852,0.12564276
844853,0.18729967
844854,0.99140555
844855,0.20331536
844856,0.022837982
844857,0.34674054
844858,0.0614999
844859,0.023288604
844860,0.016428705
844861,0.002081229
844862,0.008314935
844863,0.11362245
844864,0.97672987
844865,0.32329306
844866,0.59610295
844867,0.99686646
844868,0.69561887
844869,0.004372758
844870,0.03585432
844871,0.99236363
844872,0.6299739
844873,0.017736787
844874,0.012415651
844875,0.751769
844876,0.15229881
844877,0.0074131372
844878,0.56017804
844879,0.95899695
844880,0.0071466574
844881,0.0081319045
844882,0.9868753
844883,0.020125039
844884,0.027656427
844885,0.15794063
844886,0.99676085
844887,0.01798584
844888,0.08569087
844889,0.25722063
844890,0.89197624
844891,0.7904354
844892,0.83352345
844893,0.45211682
844894,0.032396004
844895,0.03425273
844896,0.09088001
844897,0.97391355
844898,0.9786089
844899,0.2595714
844900,0.3015566
844901,0.9504077
844902,0.47349516
844903,0.9959149
844904,0.012539101
844905,0.41350204
844906,0.113928795
844907,0.56683075
844908,0.022665873
844909,0.14499758
844910,0.33159256
844911,0.049980786
844912,0.9848976
844913,0.6319743
844914,0.02871517
844915,0.0068757273
844916,0.40775764
844917,0.97058237
844918,0.9817884
844919,0.8990243
844920,0.4965566
844921,0.99888974
844922,0.76197225
844923,0.10259147
844924,0.040290058
844925,0.49946564
844926,0.61937326
844927,0.9599607
844928,0.9749468
844929,0.9967409
844930,0.029752502
844931,0.88124514
844932,0.06995453
844933,0.9152463
844934,0.98867804
844935,0.7217411
844936,0.43919092
844937,0.984161
844938,0.26830328
844939,0.030241398
844940,0.77284634
844941,0.98254395
844942,0.9987854
844943,0.50102985
844944,0.21577623
844945,0.9205325
844946,0.009430081
844947,0.9453105
844948,0.14487205
844949,0.9749979
844950,0.90865433
844951,0.004139223
844952,0.19319229
844953,0.56546175
844954,0.021466605
844955,0.9784277
844956,0.98044884
844957,0.023021122
844958,0.8887825
844959,0.29292947
844960,0.9049489
844961,0.056923248
844962,0.9569322
844963,0.99002165
844964,0.69094545
844965,0.9860183
844966,0.013437013
844967,0.27987206
844968,0.011132142
844969,0.034391776
844970,0.9966989
844971,0.91946375
844972,0.017895643
844973,0.01948445
844974,0.4004143
844975,0.011955084
844976,0.9919621
844977,0.5804477
844978,0.011067263
844979,0.034631357
844980,0.9975752
844981,0.97181135
844982,0.7272575
844983,0.96045643
844984,0.21437064
844985,0.73821187
844986,0.8111737
844987,0.0021019857
844988,0.81115
844989,0.08386638
844990,0.0668614
844991,0.030204179
844992,0.011987405
844993,0.952146
844994,0.55326736
844995,0.0022637257
844996,0.8186127
844997,0.006126159
844998,0.9801644
844999,0.9292067
845000,0.12890998
845001,0.007123003
845002,0.01848637
845003,0.9951171
845004,0.36675054
845005,0.019223955
845006,0.81787145
845007,0.010776266
845008,0.85831
845009,0.8161223
845010,0.2790658
845011,0.87428916
845012,0.021273045
845013,0.9925033
845014,0.5569997
845015,0.4212568
845016,0.19194564
845017,0.99313194
845018,0.9310298
845019,0.97178555
845020,0.019585595
845021,0.002419281
845022,0.04850946
845023,0.28785327
845024,0.68765473
845025,0.9451884
845026,0.023729192
845027,0.8008447
845028,0.96739197
845029,0.010758123
845030,0.7574788
845031,0.6579349
845032,0.99547863
845033,0.007886002
845034,0.037065804
845035,0.028318288
845036,0.014391971
845037,0.022465605
845038,0.9705216
845039,0.9910424
845040,0.09301828
845041,0.08898496
845042,0.047524348
845043,0.9967418
845044,0.009012191
845045,0.007004328
845046,0.7026708
845047,0.012617474
845048,0.9985558
845049,0.9362226
845050,0.9383362
845051,0.95685655
845052,0.33760527
845053,0.91111094
845054,0.68739545
845055,0.016473629
845056,0.014081711
845057,0.0987238
845058,0.5952319
845059,0.98718363
845060,0.65709543
845061,0.86864936
845062,0.5447142
845063,0.61525863
845064,0.6975803
845065,0.36884502
845066,0.13378128
845067,0.9303057
845068,0.08897613
845069,0.80602527
845070,0.7021998
845071,0.9781131
845072,0.81619275
845073,0.060702216
845074,0.027792512
845075,0.99243647
845076,0.97324455
845077,0.9957535
845078,0.008355713
845079,0.9857146
845080,0.8205269
845081,0.048311785
845082,0.017099213
845083,0.9425212
845084,0.98478746
845085,0.84513044
845086,0.23352003
845087,0.013300467
845088,0.002255533
845089,0.94706845
845090,0.15992063
845091,0.9791516
845092,0.99873227
845093,0.97887075
845094,0.022986641
845095,0.006328917
845096,0.99228656
845097,0.009499092
845098,0.02382324
845099,0.73466533
845100,0.3441101
845101,0.94009405
845102,0.0048205177
845103,0.015536049
845104,0.27105066
845105,0.7539407
845106,0.50452006
845107,0.9835655
845108,0.3867327
845109,0.5082457
845110,0.85712755
845111,0.24272123
845112,0.09357677
845113,0.268017
845114,0.0053192168
845115,0.999431
845116,0.81400204
845117,0.059977707
845118,0.05674267
845119,0.025962945
845120,0.99277294
845121,0.9930816
845122,0.6263393
845123,0.021060722
845124,0.025475115
845125,0.92215353
845126,0.074345425
845127,0.85504484
845128,0.98819005
845129,0.9967503
845130,0.032322045
845131,0.9275451
845132,0.97241235
845133,0.019591898
845134,0.0116059845
845135,0.9945809
845136,0.9879001
845137,0.75061035
845138,0.03087306
845139,0.43990865
845140,0.98376083
845141,0.6930796
845142,0.002022377
845143,0.9741653
845144,0.99555224
845145,0.028953945
845146,0.29505596
845147,0.0065518953
845148,0.041171383
845149,0.83493954
845150,0.32316303
845151,0.19343418
845152,0.9382727
845153,0.98766804
845154,0.99609447
845155,0.9666628
845156,0.20411086
845157,0.21010104
845158,0.053672273
845159,0.9702197
845160,0.0120976865
845161,0.06162962
845162,0.43078402
845163,0.97680426
845164,0.07966378
845165,0.64334285
845166,0.54689795
845167,0.031925086
845168,0.29056785
845169,0.025158953
845170,0.30778065
845171,0.98874396
845172,0.978675
845173,0.020422261
845174,0.89603233
845175,0.010396872
845176,0.21849062
845177,0.86658996
845178,0.01781793
845179,0.02655625
845180,0.8735695
845181,0.9293126
845182,0.3502981
845183,0.0103287995
845184,0.0016539159
845185,0.14476414
845186,0.8032875
845187,0.82871985
845188,0.9994937
845189,0.07637443
845190,0.9850035
845191,0.9810522
845192,0.015718471
845193,0.3677824
845194,0.08121807
845195,0.17134883
845196,0.9505767
845197,0.9986118
845198,0.28876334
845199,0.040022723
845200,0.50954866
845201,0.0064515714
845202,0.6037009
845203,0.018273126
845204,0.07785916
845205,0.6815897
845206,0.9308187
845207,0.23966901
845208,0.91037077
845209,0.9694493
845210,0.044716205
845211,0.03927068
845212,0.5925193
845213,0.07254942
845214,0.48761666
845215,0.84108335
845216,0.011785062
845217,0.0050350395
845218,0.019001832
845219,0.8276194
845220,0.9698703
845221,0.014465995
845222,0.9665903
845223,0.85514146
845224,0.69545984
845225,0.26139787
845226,0.32484835
845227,0.01626839
845228,0.81485134
845229,0.998108
845230,0.9775571
845231,0.913988
845232,0.08781782
845233,0.9890943
845234,0.0069281547
845235,0.9863885
845236,0.22522421
845237,0.16248216
845238,0.008285231
845239,0.065091774
845240,0.19063954
845241,0.009288352
845242,0.1055762
845243,0.008025175
845244,0.21348043
845245,0.044588946
845246,0.9924291
845247,0.021490864
845248,0.98176134
845249,0.098307475
845250,0.047816362
845251,0.11771683
845252,0.5207332
845253,0.87998587
845254,0.9579144
845255,0.041066907
845256,0.81610215
845257,0.48661962
845258,0.05566319
845259,0.91563195
845260,0.020615872
845261,0.99798656
845262,0.9326303
845263,0.16140729
845264,0.66107666
845265,0.16660872
845266,0.011805034
845267,0.8673416
845268,0.36879194
845269,0.24615717
845270,0.996018
845271,0.5649117
845272,0.017889718
845273,0.89796835
845274,0.041726656
845275,0.5084574
845276,0.05885226
845277,0.22072873
845278,0.9878255
845279,0.9611386
845280,0.07112166
845281,0.075282894
845282,0.99941653
845283,0.70835716
845284,0.99462134
845285,0.92420375
845286,0.049260326
845287,0.5048276
845288,0.88321567
845289,0.041004855
845290,0.24600282
845291,0.0039712503
845292,0.030984681
845293,0.071438506
845294,0.19602118
845295,0.9973297
845296,0.08936067
845297,0.18161643
845298,0.9765589
845299,0.95835185
845300,0.3504247
845301,0.8622867
845302,0.028123243
845303,0.03452404
845304,0.99717927
845305,0.00943739
845306,0.8988754
845307,0.5958776
845308,0.83529305
845309,0.92698693
845310,0.85124344
845311,0.051546197
845312,0.93759793
845313,0.9182452
845314,0.04828719
845315,0.90171516
845316,0.9516543
845317,0.99117655
845318,0.9837748
845319,0.051583093
845320,0.53694606
845321,0.16035101
845322,0.8310873
845323,0.10907057
845324,0.8846706
845325,0.058835436
845326,0.062062427
845327,0.03433939
845328,0.7333491
845329,0.02592488
845330,0.8964418
845331,0.7190225
845332,0.070856035
845333,0.024328751
845334,0.9242555
845335,0.30521142
845336,0.59968704
845337,0.09203876
845338,0.99589854
845339,0.07402486
845340,0.94800967
845341,0.012275413
845342,0.90181077
845343,0.42384097
845344,0.0141567085
845345,0.035394415
845346,0.9290207
845347,0.017681455
845348,0.019873712
845349,0.9953665
845350,0.03620809
845351,0.05612024
845352,0.011832083
845353,0.9991398
845354,0.893718
845355,0.92056096
845356,0.20506313
845357,0.9173628
845358,0.2352352
845359,0.0041166847
845360,0.08367946
845361,0.15077874
845362,0.18929836
845363,0.012701478
845364,0.038699888
845365,0.008408332
845366,0.010226362
845367,0.9790393
845368,0.016941387
845369,0.25268844
845370,0.16503747
845371,0.8233584
845372,0.9850353
845373,0.11548357
845374,0.0863805
845375,0.008423342
845376,0.36360058
845377,0.3907988
845378,0.9962816
845379,0.057465278
845380,0.9624709
845381,0.9962971
845382,0.23775294
845383,0.06921585
845384,0.0031918017
845385,0.31517136
845386,0.2262078
845387,0.062325835
845388,0.18664725
845389,0.9957139
845390,0.06313361
845391,0.021858776
845392,0.034813963
845393,0.7302841
845394,0.8530524
845395,0.13944335
845396,0.94275427
845397,0.79318345
845398,0.09702233
845399,0.013736369
845400,0.99234957
845401,0.27076408
845402,0.9219467
845403,0.82802933
845404,0.99298364
845405,0.8493943
845406,0.5293884
845407,0.9615428
845408,0.0071729505
845409,0.66632175
845410,0.049372885
845411,0.99190676
845412,0.100740105
845413,0.86835396
845414,0.018406985
845415,0.0028238187
845416,0.4657544
845417,0.25500524
845418,0.58733636
845419,0.23180133
845420,0.002810618
845421,0.89734334
845422,0.006434461
845423,0.006058996
845424,0.5794594
845425,0.13439754
845426,0.03190358
845427,0.020210242
845428,0.9975883
845429,0.9198108
845430,0.47383294
845431,0.9023818
845432,0.012174153
845433,0.7368431
845434,0.77778906
845435,0.016890233
845436,0.070573345
845437,0.8189256
845438,0.00517867
845439,0.9692013
845440,0.6507293
845441,0.014876544
845442,0.18738626
845443,0.2673257
845444,0.00587741
845445,0.0054829805
845446,0.9986572
845447,0.030216448
845448,0.61713994
845449,0.7116833
845450,0.38728762
845451,0.51443076
845452,0.9687527
845453,0.7908715
845454,0.09567456
845455,0.96999604
845456,0.02601127
845457,0.036858283
845458,0.06918104
845459,0.44694757
845460,0.61438537
845461,0.9119065
845462,0.015861396
845463,0.05929377
845464,0.009811597
845465,0.016457861
845466,0.18996447
845467,0.09980818
845468,0.029268926
845469,0.097215995
845470,0.020178217
845471,0.16588353
845472,0.5904622
845473,0.08170366
845474,0.021108657
845475,0.8455662
845476,0.9790182
845477,0.35259968
845478,0.81842965
845479,0.9683139
845480,0.06432025
845481,0.25921673
845482,0.9021146
845483,0.0075204973
845484,0.06756407
845485,0.6885766
845486,0.011869691
845487,0.012947442
845488,0.967149
845489,0.95385677
845490,0.010103236
845491,0.96788114
845492,0.12282878
845493,0.0235403
845494,0.051011227
845495,0.0041968157
845496,0.0021061033
845497,0.074022666
845498,0.89228725
845499,0.99837023
845500,0.9894017
845501,0.8282316
845502,0.99218875
845503,0.9180076
845504,0.13674328
845505,0.947721
845506,0.9176534
845507,0.77811337
845508,0.98785275
845509,0.06876031
845510,0.0051681977
845511,0.46040535
845512,0.9920574
845513,0.17749906
845514,0.09292476
845515,0.1158573
845516,0.9837452
845517,0.9660597
845518,0.07780229
845519,0.9691516
845520,0.77482414
845521,0.98712087
845522,0.9584973
845523,0.96387327
845524,0.98133576
845525,0.031858042
845526,0.03440426
845527,0.083156094
845528,0.01383638
845529,0.37773922
845530,0.61738795
845531,0.39700624
845532,0.13669054
845533,0.9759897
845534,0.02834003
845535,0.019405669
845536,0.13159096
845537,0.23570833
845538,0.017620735
845539,0.99738836
845540,0.017358463
845541,0.87885356
845542,0.9761746
845543,0.9945787
845544,0.9916953
845545,0.16843893
845546,0.1389358
845547,0.67666745
845548,0.99775773
845549,0.88928676
845550,0.99788105
845551,0.04807623
845552,0.93946135
845553,0.020400349
845554,0.0409367
845555,0.9746382
845556,0.012859892
845557,0.076791674
845558,0.7770536
845559,0.98110723
845560,0.0070543503
845561,0.9834782
845562,0.9706751
845563,0.040697712
845564,0.09805619
845565,0.023155723
845566,0.01942439
845567,0.95052063
845568,0.14386514
845569,0.87639165
845570,0.032092698
845571,0.2142172
845572,0.1737758
845573,0.764176
845574,0.061272103
845575,0.99476314
845576,0.0069837105
845577,0.25044665
845578,0.020115416
845579,0.9095438
845580,0.9278016
845581,0.021722049
845582,0.66494423
845583,0.070664786
845584,0.00058254256
845585,0.975737
845586,0.38070562
845587,0.95654935
845588,0.024911338
845589,0.8361731
845590,0.6727472
845591,0.095910534
845592,0.04769798
845593,0.97791135
845594,0.99257255
845595,0.5739598
845596,0.006397995
845597,0.022772288
845598,0.016397394
845599,0.02315994
845600,0.09119069
845601,0.7726946
845602,0.984505
845603,0.0279611
845604,0.93315715
845605,0.66093904
845606,0.039703406
845607,0.0018070145
845608,0.010062982
845609,0.009144856
845610,0.99019194
845611,0.9863906
845612,0.44741356
845613,0.7182798
845614,0.96769476
845615,0.39450163
845616,0.032558367
845617,0.9965888
845618,0.018691441
845619,0.61274827
845620,0.8292938
845621,0.611206
845622,0.8275645
845623,0.9899455
845624,0.6358931
845625,0.9795233
845626,0.9890245
845627,0.009399291
845628,0.60237306
845629,0.06668778
845630,0.026866026
845631,0.07338283
845632,0.11707921
845633,0.43262535
845634,0.077004485
845635,0.7706529
845636,0.0053331526
845637,0.0615132
845638,0.0074012764
845639,0.010032469
845640,0.009692282
845641,0.95910543
845642,0.016815525
845643,0.042553116
845644,0.6635991
845645,0.23332563
845646,0.0027741978
845647,0.121022925
845648,0.7868001
845649,0.47411305
845650,0.96048987
845651,0.262806
845652,0.93690515
845653,0.6051129
845654,0.005534518
845655,0.056435872
845656,0.012503533
845657,0.9569567
845658,0.9182852
845659,0.01765982
845660,0.95196867
845661,0.035992622
845662,0.7951412
845663,0.03223341
845664,0.67012775
845665,0.5957608
845666,0.9982506
845667,0.04019901
845668,0.9928083
845669,0.061209083
845670,0.8646696
845671,0.3488211
845672,0.69274807
845673,0.028852379
845674,0.113323346
845675,0.9894619
845676,0.036271118
845677,0.059231073
845678,0.95093143
845679,0.025243303
845680,0.0037349376
845681,0.3003323
845682,0.16785543
845683,0.7460857
845684,0.9167636
845685,0.016407873
845686,0.064398214
845687,0.027908118
845688,0.042509995
845689,0.018389773
845690,0.9201576
845691,0.9315119
845692,0.9576205
845693,0.010113005
845694,0.00644798
845695,0.017066965
845696,0.0043046046
845697,0.02665596
845698,0.21792123
845699,0.09963933
845700,0.96752137
845701,0.90991455
845702,0.061420392
845703,0.39606783
845704,0.33973658
845705,0.059078284
845706,0.03880957
845707,0.07588246
845708,0.022782171
845709,0.97617745
845710,0.020133818
845711,0.93760407
845712,0.011722074
845713,0.87304455
845714,0.80608624
845715,0.006247879
845716,0.95238954
845717,0.96398705
845718,0.1412209
845719,0.98958015
845720,0.36455542
845721,0.8800881
845722,0.0440643
845723,0.06525192
845724,0.99060535
845725,0.0012433412
845726,0.07336368
845727,0.98994136
845728,0.99846363
845729,0.08862742
845730,0.9319743
845731,0.97945035
845732,0.7306754
845733,0.004119793
845734,0.037523005
845735,0.9133241
845736,0.99883574
845737,0.009536501
845738,0.049991474
845739,0.97858775
845740,0.051886074
845741,0.83722746
845742,0.119148396
845743,0.0936628
845744,0.7170536
845745,0.09598086
845746,0.12488801
845747,0.094424516
845748,0.9274125
845749,0.952858
845750,0.90959185
845751,0.9036566
845752,0.010379313
845753,0.9943502
845754,0.95619106
845755,0.009078324
845756,0.6377122
845757,0.29094344
845758,0.5941511
845759,0.8117248
845760,0.43325302
845761,0.8699055
845762,0.0024010534
845763,0.95508194
845764,0.99776775
845765,0.09673868
845766,0.16351251
845767,0.98647106
845768,0.99815273
845769,0.99457407
845770,0.9628171
845771,0.9672812
845772,0.9084755
845773,0.6127593
845774,0.18197504
845775,0.9545951
845776,0.98411167
845777,0.62879825
845778,0.97598386
845779,0.9866491
845780,0.19573545
845781,0.0053160572
845782,0.7238402
845783,0.9871908
845784,0.004996349
845785,0.79905593
845786,0.94018143
845787,0.99860525
845788,0.03797136
845789,0.14013973
845790,0.99924105
845791,0.16227573
845792,0.23692894
845793,0.85322666
845794,0.02829799
845795,0.87941253
845796,0.028871775
845797,0.031575415
845798,0.009314007
845799,0.7482173
845800,0.99129754
845801,0.0075122193
845802,0.7991578
845803,0.04345985
845804,0.033569593
845805,0.5418068
845806,0.01981081
845807,0.01687203
845808,0.044056363
845809,0.9270911
845810,0.8517822
845811,0.007921157
845812,0.012325496
845813,0.1831516
845814,0.048278544
845815,0.15226065
845816,0.9509049
845817,0.013328102
845818,0.006910063
845819,0.13970257
845820,0.11516995
845821,0.91884565
845822,0.0881064
845823,0.051238745
845824,0.88038266
845825,0.011139332
845826,0.99107355
845827,0.03387738
845828,0.9520323
845829,0.05589522
845830,0.7490967
845831,0.8133563
845832,0.1077538
845833,0.01818623
845834,0.7469908
845835,0.9014399
845836,0.9882661
845837,0.25716263
845838,0.020372132
845839,0.3168128
845840,0.85763747
845841,0.017280534
845842,0.99527025
845843,0.8923817
845844,0.538267
845845,0.017469637
845846,0.9973825
845847,0.1740345
845848,0.9983951
845849,0.9985863
845850,0.005763893
845851,0.93241864
845852,0.2762917
845853,0.03532252
845854,0.2205472
845855,0.9611855
845856,0.98960835
845857,0.058610484
845858,0.94509643
845859,0.9886714
845860,0.01942974
845861,0.14671029
845862,0.6162585
845863,0.02700412
845864,0.78507584
845865,0.90066504
845866,0.9572633
845867,0.0060864817
845868,0.22528687
845869,0.0033285515
845870,0.9968577
845871,0.95837766
845872,0.053729884
845873,0.053348094
845874,0.6413702
845875,0.34055507
845876,0.8866396
845877,0.053177953
845878,0.018130418
845879,0.059235
845880,0.08634093
845881,0.023987107
845882,0.78907394
845883,0.92222023
845884,0.90487665
845885,0.06990843
845886,0.96674085
845887,0.010004343
845888,0.028318381
845889,0.008038719
845890,0.0053037284
845891,0.7451883
845892,0.96470416
845893,0.03749642
845894,0.41324085
845895,0.010360732
845896,0.5810324
845897,0.002509987
845898,0.035668217
845899,0.90548754
845900,0.95618576
845901,0.31974602
845902,0.009555816
845903,0.9867892
845904,0.9365251
845905,0.03520461
845906,0.005708207
845907,0.008543886
845908,0.98173076
845909,0.036592044
845910,0.99683124
845911,0.30433252
845912,0.8533721
845913,0.9632207
845914,0.03938735
845915,0.3405638
845916,0.11766437
845917,0.19325832
845918,0.015627079
845919,0.022364944
845920,0.9263057
845921,0.07078085
845922,0.9980532
845923,0.018475328
845924,0.9471124
845925,0.020124817
845926,0.6669469
845927,0.026916314
845928,0.11064911
845929,0.004850086
845930,0.05931492
845931,0.85270476
845932,0.07390561
845933,0.13140471
845934,0.96796906
845935,0.0103666345
845936,0.9792555
845937,0.038938157
845938,0.5443898
845939,0.4798792
845940,0.007462056
845941,0.9366882
845942,0.12924877
845943,0.022640264
845944,0.99313617
845945,0.21757182
845946,0.9955319
845947,0.01700133
845948,0.043409985
845949,0.19807294
845950,0.05043845
845951,0.98204553
845952,0.888743
845953,0.93789506
845954,0.016301356
845955,0.9565381
845956,0.9751841
845957,0.7354075
845958,0.07905554
845959,0.02370697
845960,0.018055793
845961,0.03790611
845962,0.8040873
845963,0.8085339
845964,0.010101266
845965,0.037862957
845966,0.006055207
845967,0.134051
845968,0.04322775
845969,0.96910465
845970,0.00709904
845971,0.12208292
845972,0.011002459
845973,0.14220513
845974,0.9783833
845975,0.009926141
845976,0.14555886
845977,0.027909748
845978,0.95905983
845979,0.8338784
845980,0.3147493
845981,0.23841175
845982,0.9709642
845983,0.9854239
845984,0.0057217553
845985,0.64161366
845986,0.85196334
845987,0.91561735
845988,0.21880165
845989,0.91867894
845990,0.9920425
845991,0.99707156
845992,0.99052024
845993,0.77634597
845994,0.11305806
845995,0.02983432
845996,0.3142374
845997,0.5679604
845998,0.0043281945
845999,0.021605786
846000,0.024737963
846001,0.3935226
846002,0.0024747797
846003,0.8547685
846004,0.7556461
846005,0.97851694
846006,0.42686254
846007,0.0052425936
846008,0.13273993
846009,0.9103938
846010,0.03339947
846011,0.01691041
846012,0.7307963
846013,0.98661065
846014,0.009360105
846015,0.30922106
846016,0.008262577
846017,0.7358704
846018,0.021045446
846019,0.7012403
846020,0.058771808
846021,0.036872856
846022,0.18466166
846023,0.025820525
846024,0.3989624
846025,0.022148957
846026,0.42381203
846027,0.9987088
846028,0.9792299
846029,0.98866475
846030,0.030782647
846031,0.9897479
846032,0.2110772
846033,0.3692726
846034,0.016481318
846035,0.021094419
846036,0.025756842
846037,0.94556963
846038,0.88541806
846039,0.0017082018
846040,0.0473431
846041,0.99005586
846042,0.1088326
846043,0.24287137
846044,0.9490954
846045,0.23699757
846046,0.4954401
846047,0.187007
846048,0.116478674
846049,0.94938433
846050,0.9657288
846051,0.063855946
846052,0.45388505
846053,0.15577418
846054,0.3380539
846055,0.31991237
846056,0.647468
846057,0.15715614
846058,0.97143054
846059,0.01672376
846060,0.0077734645
846061,0.97669077
846062,0.23022723
846063,0.98741007
846064,0.16070935
846065,0.6111784
846066,0.02565216
846067,0.9552718
846068,0.24512863
846069,0.99486476
846070,0.90392286
846071,0.61329126
846072,0.022884613
846073,0.21031126
846074,0.031271476
846075,0.010349179
846076,0.26009583
846077,0.03733695
846078,0.013919368
846079,0.99969476
846080,0.88053346
846081,0.0069988514
846082,0.030885175
846083,0.9212294
846084,0.93636775
846085,0.16490988
846086,0.111937866
846087,0.10033036
846088,0.011543631
846089,0.09001848
846090,0.9872935
846091,0.0432946
846092,0.9586084
846093,0.56811863
846094,0.9748347
846095,0.37921107
846096,0.017104747
846097,0.4342503
846098,0.036531247
846099,0.031643145
846100,0.04860856
846101,0.14215598
846102,0.004245554
846103,0.9699216
846104,0.030755308
846105,0.30282965
846106,0.0059849927
846107,0.0150005445
846108,0.92754495
846109,0.00040096868
846110,0.96218073
846111,0.9953135
846112,0.00961101
846113,0.99454373
846114,0.003375896
846115,0.9938773
846116,0.4462986
846117,0.9059593
846118,0.01889984
846119,0.00840072
846120,0.01844517
846121,0.95351285
846122,0.014033176
846123,0.9495907
846124,0.09097291
846125,0.00632077
846126,0.032528825
846127,0.45221558
846128,0.9252511
846129,0.0017404925
846130,0.060556784
846131,0.5014363
846132,0.006726522
846133,0.077191986
846134,0.020362196
846135,0.9902077
846136,0.966285
846137,0.24710234
846138,0.7362179
846139,0.04611685
846140,0.04797679
846141,0.9959353
846142,0.993783
846143,0.42723158
846144,0.016854469
846145,0.41811514
846146,0.044495218
846147,0.7053271
846148,0.12369535
846149,0.007817171
846150,0.1788103
846151,0.97403526
846152,0.006777821
846153,0.80555093
846154,0.026913356
846155,0.008305168
846156,0.8928157
846157,0.507396
846158,0.005773735
846159,0.78862095
846160,0.89601386
846161,0.9963339
846162,0.64632237
846163,0.070755415
846164,0.95471114
846165,0.88265896
846166,0.9841351
846167,0.06156027
846168,0.0014364534
846169,0.01920558
846170,0.99134815
846171,0.5996218
846172,0.9980247
846173,0.36018577
846174,0.8650723
846175,0.003686542
846176,0.26514813
846177,0.058996834
846178,0.021516612
846179,0.86245334
846180,0.011665366
846181,0.010981412
846182,0.9903858
846183,0.99376535
846184,0.008116718
846185,0.8945434
846186,0.028388165
846187,0.3354972
846188,0.68409365
846189,0.8627285
846190,0.32648414
846191,0.86337966
846192,0.014701119
846193,0.05484446
846194,0.510735
846195,0.009473747
846196,0.99512976
846197,0.024326231
846198,0.9664304
846199,0.11571625
846200,0.74969244
846201,0.26105344
846202,0.79373413
846203,0.011905716
846204,0.99783075
846205,0.982697
846206,0.11836633
846207,0.515341
846208,0.9981189
846209,0.51175386
846210,0.18054797
846211,0.012407972
846212,0.053047244
846213,0.43734527
846214,0.24148558
846215,0.97525364
846216,0.24361315
846217,0.86740935
846218,0.9803612
846219,0.9557402
846220,0.038532555
846221,0.19331478
846222,0.9087013
846223,0.46193632
846224,0.03617631
846225,0.05647856
846226,0.93138814
846227,0.9968791
846228,0.99127626
846229,0.020980125
846230,0.86421025
846231,0.0030525853
846232,0.8750397
846233,0.78242785
846234,0.7800917
846235,0.07910312
846236,0.20554051
846237,0.03865812
846238,0.9932138
846239,0.9895028
846240,0.04774974
846241,0.9699646
846242,0.03310679
846243,0.101048246
846244,0.6497564
846245,0.3516814
846246,0.013937802
846247,0.15009472
846248,0.029202279
846249,0.8516936
846250,0.09617621
846251,0.22782798
846252,0.09501329
846253,0.24010544
846254,0.08432064
846255,0.97667426
846256,0.9157393
846257,0.9927099
846258,0.99661976
846259,0.8943229
846260,0.9953432
846261,0.16687757
846262,0.24115667
846263,0.009034267
846264,0.958385
846265,0.9598122
846266,0.004065127
846267,0.015036938
846268,0.98142004
846269,0.06667896
846270,0.9984002
846271,0.99376047
846272,0.0051703905
846273,0.122281045
846274,0.17402953
846275,0.96890247
846276,0.894022
846277,0.0027392842
846278,0.0037279604
846279,0.8144354
846280,0.10493281
846281,0.96401465
846282,0.90376914
846283,0.00978915
846284,0.16823632
846285,0.9191614
846286,0.88811505
846287,0.8369717
846288,0.23717877
846289,0.08329508
846290,0.99018216
846291,0.002611636
846292,0.0108314715
846293,0.031416208
846294,0.43019336
846295,0.94364667
846296,0.87129647
846297,0.9956749
846298,0.0028768822
846299,0.94102377
846300,0.6130436
846301,0.0017921994
846302,0.008271953
846303,0.011375166
846304,0.029429983
846305,0.8039912
846306,0.011488806
846307,0.26480028
846308,0.001877506
846309,0.56619275
846310,0.5684011
846311,0.99546784
846312,0.87698174
846313,0.07512862
846314,0.15062435
846315,0.48679197
846316,0.08815418
846317,0.9663034
846318,0.94542146
846319,0.10496308
846320,0.9856577
846321,0.0022820705
846322,0.9951966
846323,0.25618178
846324,0.98653686
846325,0.0818564
846326,0.99023443
846327,0.982515
846328,0.74692434
846329,0.032218255
846330,0.8333905
846331,0.98561084
846332,0.0013687323
846333,0.027628962
846334,0.4081384
846335,0.9940888
846336,0.06543812
846337,0.5024672
846338,0.932495
846339,0.4608981
846340,0.02178738
846341,0.9846808
846342,0.040328376
846343,0.9928323
846344,0.2777537
846345,0.29623386
846346,0.013599884
846347,0.019709371
846348,0.44621557
846349,0.19739304
846350,0.03632782
846351,0.14781682
846352,0.027930673
846353,0.007137938
846354,0.3649046
846355,0.7316687
846356,0.012290765
846357,0.010145262
846358,0.46200773
846359,0.9048265
846360,0.036131285
846361,0.6480404
846362,0.007934615
846363,0.3051078
846364,0.028395325
846365,0.7793443
846366,0.5439953
846367,0.96604013
846368,0.9759723
846369,0.9842952
846370,0.96790373
846371,0.99354845
846372,0.06060081
846373,0.15290771
846374,0.21058664
846375,0.04681204
846376,0.94397736
846377,0.11108034
846378,0.37642476
846379,0.4951924
846380,0.13035002
846381,0.76530516
846382,0.9978694
846383,0.027302848
846384,0.97444
846385,0.9836851
846386,0.99089557
846387,0.8326999
846388,0.07694252
846389,0.9913272
846390,0.004437547
846391,0.99251276
846392,0.9937546
846393,0.9381219
846394,0.034968942
846395,0.24306633
846396,0.07678223
846397,0.6052596
846398,0.7649977
846399,0.089026704
846400,0.51505715
846401,0.9979092
846402,0.3150201
846403,0.7335737
846404,0.9724183
846405,0.027584948
846406,0.8400072
846407,0.94910574
846408,0.014085878
846409,0.95531905
846410,0.020499384
846411,0.23665339
846412,0.8280604
846413,0.9181056
846414,0.9950733
846415,0.008280248
846416,0.011215406
846417,0.98693836
846418,0.9978497
846419,0.01997191
846420,0.14465387
846421,0.02636734
846422,0.092976436
846423,0.26449734
846424,0.008521816
846425,0.8858613
846426,0.04745826
846427,0.31629723
846428,0.022572447
846429,0.09885172
846430,0.35776463
846431,0.025020886
846432,0.9922047
846433,0.9966659
846434,0.06605795
846435,0.1779494
846436,0.95978296
846437,0.017113186
846438,0.030900795
846439,0.06335436
846440,0.03456512
846441,0.3428146
846442,0.49103543
846443,0.011024411
846444,0.045768213
846445,0.2490408
846446,0.08532996
846447,0.020101653
846448,0.9504626
846449,0.026704019
846450,0.96095836
846451,0.056874864
846452,0.9913671
846453,0.079542235
846454,0.31574297
846455,0.4029063
846456,0.019398736
846457,0.057682864
846458,0.2707125
846459,0.23948398
846460,0.006446103
846461,0.008331928
846462,0.09259406
846463,0.09616734
846464,0.9700913
846465,0.000998864
846466,0.06492661
846467,0.99850297
846468,0.28974736
846469,0.034740426
846470,0.6492058
846471,0.023051567
846472,0.16557032
846473,0.017708717
846474,0.95404774
846475,0.005186257
846476,0.43377483
846477,0.9469657
846478,0.8788358
846479,0.013263986
846480,0.97014624
846481,0.96453565
846482,0.10980814
846483,0.23846954
846484,0.00694427
846485,0.9815747
846486,0.39371252
846487,0.82180274
846488,0.015363457
846489,0.68012404
846490,0.05327301
846491,0.18737492
846492,0.0046832697
846493,0.01803435
846494,0.0035310804
846495,0.884593
846496,0.01604682
846497,0.04243643
846498,0.0059374636
846499,0.004207701
846500,0.448385
846501,0.9126952
846502,0.18110716
846503,0.35351542
846504,0.9996032
846505,0.3099119
846506,0.0036294407
846507,0.9924646
846508,0.1043339
846509,0.12904522
846510,0.13908178
846511,0.046102215
846512,0.055348776
846513,0.0348766
846514,0.59667885
846515,0.99880064
846516,0.024139617
846517,0.057338044
846518,0.9591353
846519,0.7726176
846520,0.6144538
846521,0.017307553
846522,0.466488
846523,0.033123605
846524,0.85463536
846525,0.9694591
846526,0.07035046
846527,0.44526798
846528,0.5441179
846529,0.0070647495
846530,0.97686493
846531,0.007234883
846532,0.9507399
846533,0.7199172
846534,0.93041754
846535,0.07509948
846536,0.8504106
846537,0.4604588
846538,0.5870596
846539,0.06620586
846540,0.016786749
846541,0.024607347
846542,0.8842217
846543,0.023921847
846544,0.45376283
846545,0.99926054
846546,0.003382002
846547,0.2622
846548,0.99649507
846549,0.028343318
846550,0.0067801434
846551,0.24127632
846552,0.1354908
846553,0.8838018
846554,0.9896541
846555,0.06704649
846556,0.2653894
846557,0.92872536
846558,0.99591833
846559,0.99276185
846560,0.8454449
846561,0.10014862
846562,0.6809235
846563,0.18680087
846564,0.06292828
846565,0.04677017
846566,0.30807897
846567,0.18416436
846568,0.4167877
846569,0.027319139
846570,0.6176113
846571,0.9989697
846572,0.004293157
846573,0.94964135
846574,0.97747576
846575,0.005200473
846576,0.91769695
846577,0.021363204
846578,0.122370504
846579,0.30761492
846580,0.06670011
846581,0.97393286
846582,0.99809545
846583,0.40907553
846584,0.021370593
846585,0.7664262
846586,0.028932981
846587,0.80146813
846588,0.3197223
846589,0.01734511
846590,0.02365035
846591,0.85757536
846592,0.98930025
846593,0.07501453
846594,0.444862
846595,0.024268955
846596,0.8679073
846597,0.9950607
846598,0.1656557
846599,0.0007537307
846600,0.025373593
846601,0.08099855
846602,0.16036373
846603,0.43298897
846604,0.064397044
846605,0.21247284
846606,0.0007122169
846607,0.09148936
846608,0.20793352
846609,0.9488567
846610,0.32948673
846611,0.96327287
846612,0.2502092
846613,0.026310077
846614,0.7128283
846615,0.9912901
846616,0.1669668
846617,0.8582456
846618,0.15820712
846619,0.033071272
846620,0.0032822387
846621,0.010530351
846622,0.041807216
846623,0.96618813
846624,0.0073850295
846625,0.06994686
846626,0.018942535
846627,0.05794994
846628,0.7631323
846629,0.20460337
846630,0.87424684
846631,0.018315969
846632,0.051200032
846633,0.97512805
846634,0.9856099
846635,0.095805764
846636,0.9660332
846637,0.6474863
846638,0.20159957
846639,0.002855641
846640,0.87996054
846641,0.9986615
846642,0.041220732
846643,0.07157256
846644,0.1873726
846645,0.008117906
846646,0.67562103
846647,0.007071179
846648,0.9882572
846649,0.029810688
846650,0.37253356
846651,0.99835986
846652,0.1664807
846653,0.38881803
846654,0.07053083
846655,0.99762416
846656,0.99443847
846657,0.79821354
846658,0.01095945
846659,0.0055504884
846660,0.0033644408
846661,0.9697496
846662,0.9832455
846663,0.05011723
846664,0.0043818583
846665,0.9945867
846666,0.047583282
846667,0.5955986
846668,0.95024514
846669,0.9839361
846670,0.14616932
846671,0.9333572
846672,0.9800248
846673,0.0031751357
846674,0.012074785
846675,0.04176628
846676,0.21374597
846677,0.7446685
846678,0.9918187
846679,0.9965073
846680,0.99456286
846681,0.96658826
846682,0.7430015
846683,0.98767084
846684,0.096029125
846685,0.0069085425
846686,0.90368634
846687,0.9975742
846688,0.82810014
846689,0.96481514
846690,0.23108359
846691,0.03524266
846692,0.014291527
846693,0.25283754
846694,0.12576514
846695,0.13003662
846696,0.84245557
846697,0.9885018
846698,0.9528416
846699,0.11575596
846700,0.42570317
846701,0.042992454
846702,0.054846756
846703,0.9765687
846704,0.9623621
846705,0.01024215
846706,0.2564094
846707,0.8692237
846708,0.019582368
846709,0.94828516
846710,0.9964398
846711,0.6593443
846712,0.3052853
846713,0.41190356
846714,0.522814
846715,0.77949226
846716,0.021802746
846717,0.21074216
846718,0.10144176
846719,0.056580838
846720,0.9383073
846721,0.006424747
846722,0.9701983
846723,0.34580672
846724,0.051165067
846725,0.9398228
846726,0.8076359
846727,0.01950453
846728,0.007404685
846729,0.90546376
846730,0.6210415
846731,0.99653
846732,0.9090256
846733,0.8857037
846734,0.033570167
846735,0.005344401
846736,0.0071105133
846737,0.019645892
846738,0.42007264
846739,0.046563964
846740,0.6963401
846741,0.5749815
846742,0.018116778
846743,0.027512707
846744,0.9904377
846745,0.9101933
846746,0.019431403
846747,0.983322
846748,0.00797096
846749,0.101106234
846750,0.34963217
846751,0.08272385
846752,0.92895776
846753,0.01622525
846754,0.90566707
846755,0.998509
846756,0.09500079
846757,0.051165726
846758,0.9943195
846759,0.09376398
846760,0.007637186
846761,0.27104187
846762,0.09956393
846763,0.31241044
846764,0.044894926
846765,0.022598121
846766,0.03818988
846767,0.041027546
846768,0.9871119
846769,0.8725368
846770,0.022327466
846771,0.004018302
846772,0.8514404
846773,0.6704311
846774,0.39792776
846775,0.985877
846776,0.7445811
846777,0.044541083
846778,0.98844373
846779,0.0845394
846780,0.11635559
846781,0.03832859
846782,0.058915187
846783,0.009714166
846784,0.016603313
846785,0.9543539
846786,0.026130505
846787,0.00352042
846788,0.01865477
846789,0.66138375
846790,0.012483502
846791,0.8651297
846792,0.96693
846793,0.98273426
846794,0.10774617
846795,0.89643306
846796,0.75715965
846797,0.04032196
846798,0.014664329
846799,0.96499443
846800,0.09487265
846801,0.99922895
846802,0.992225
846803,0.82766324
846804,0.9841113
846805,0.9931507
846806,0.009772934
846807,0.06645446
846808,0.9906537
846809,0.25094378
846810,0.06413719
846811,0.9607526
846812,0.37191102
846813,0.90688354
846814,0.11539385
846815,0.0059913695
846816,0.5190786
846817,0.9396421
846818,0.97835076
846819,0.023856074
846820,0.004477045
846821,0.7506531
846822,0.038665988
846823,0.9780254
846824,0.95260805
846825,0.7446828
846826,0.9894781
846827,0.9927211
846828,0.984624
846829,0.037338186
846830,0.01168173
846831,0.17255639
846832,0.65062493
846833,0.811633
846834,0.11220003
846835,0.987362
846836,0.99778724
846837,0.04198692
846838,0.8509352
846839,0.012025661
846840,0.18459646
846841,0.075543046
846842,0.55904764
846843,0.95198226
846844,0.9450904
846845,0.0073056994
846846,0.0020360525
846847,0.9629216
846848,0.9643191
846849,0.08082653
846850,0.056699693
846851,0.13231951
846852,0.9908347
846853,0.410861
846854,0.008316807
846855,0.23261476
846856,0.051658884
846857,0.12825932
846858,0.014931623
846859,0.77982146
846860,0.98834294
846861,0.7102306
846862,0.0444578
846863,0.17089246
846864,0.036104705
846865,0.10993818
846866,0.9768849
846867,0.5887656
846868,0.08271549
846869,0.99507904
846870,0.28608835
846871,0.0054754387
846872,0.11787672
846873,0.025163231
846874,0.0053538927
846875,0.20072147
846876,0.9641503
846877,0.015613944
846878,0.33466464
846879,0.9893901
846880,0.99344504
846881,0.36626282
846882,0.99175847
846883,0.97846526
846884,0.43727314
846885,0.3895842
846886,0.035135992
846887,0.9582485
846888,0.11340573
846889,0.9990953
846890,0.052346826
846891,0.62648547
846892,0.799121
846893,0.025297
846894,0.97563636
846895,0.9368342
846896,0.9884535
846897,0.09048662
846898,0.626501
846899,0.87230325
846900,0.026547335
846901,0.45771894
846902,0.109718904
846903,0.11634604
846904,0.65571356
846905,0.04103531
846906,0.9853365
846907,0.9971752
846908,0.8569306
846909,0.98351485
846910,0.9650182
846911,0.99620336
846912,0.99784154
846913,0.01612368
846914,0.0034822803
846915,0.98507804
846916,0.05749273
846917,0.9345038
846918,0.9566049
846919,0.26461357
846920,0.010337733
846921,0.96122867
846922,0.95363533
846923,0.055624165
846924,0.06455284
846925,0.32140347
846926,0.014172296
846927,0.9118911
846928,0.81390667
846929,0.6491816
846930,0.17344245
846931,0.08724903
846932,0.9734366
846933,0.55661297
846934,0.6963148
846935,0.8036091
846936,0.72796917
846937,0.91628444
846938,0.051105626
846939,0.17783417
846940,0.10330372
846941,0.4726469
846942,0.78193855
846943,0.8811413
846944,0.9469559
846945,0.25020394
846946,0.03401753
846947,0.035966296
846948,0.0074817897
846949,0.14162837
846950,0.9894128
846951,0.9724745
846952,0.7395784
846953,0.8581449
846954,0.95508885
846955,0.02637342
846956,0.03340765
846957,0.9959078
846958,0.9822023
846959,0.02574215
846960,0.84172726
846961,0.60042745
846962,0.94494134
846963,0.842507
846964,0.99847144
846965,0.7564536
846966,0.48542905
846967,0.946172
846968,0.03676171
846969,0.991956
846970,0.75416803
846971,0.00838194
846972,0.47765973
846973,0.9968443
846974,0.31490102
846975,0.05738623
846976,0.06618652
846977,0.027336802
846978,0.031725865
846979,0.9873033
846980,0.13124256
846981,0.019086864
846982,0.17919156
846983,0.5364921
846984,0.524052
846985,0.07519905
846986,0.2814994
846987,0.18110247
846988,0.9874556
846989,0.0053765434
846990,0.009184662
846991,0.8522744
846992,0.9853395
846993,0.13232857
846994,0.9739207
846995,0.65939
846996,0.0067442046
846997,0.013275616
846998,0.026610546
846999,0.16561686
847000,0.86740035
847001,0.99932194
847002,0.8708736
847003,0.55058306
847004,0.011392124
847005,0.20663907
847006,0.47685173
847007,0.95636106
847008,0.9195354
847009,0.98908734
847010,0.9409511
847011,0.99813676
847012,0.008710732
847013,0.8744834
847014,0.023883699
847015,0.022453314
847016,0.9176859
847017,0.13756728
847018,0.23413576
847019,0.0571884
847020,0.7111813
847021,0.9902357
847022,0.99686044
847023,0.94096875
847024,0.034806352
847025,0.2780718
847026,0.9611215
847027,0.071763605
847028,0.67767215
847029,0.1129472
847030,0.078418605
847031,0.10420253
847032,0.095242485
847033,0.84505105
847034,0.7848442
847035,0.98416394
847036,0.05011675
847037,0.99599123
847038,0.9162704
847039,0.99866235
847040,0.99439013
847041,0.003127125
847042,0.7327109
847043,0.92680275
847044,0.034448598
847045,0.023661396
847046,0.40502706
847047,0.0076591824
847048,0.92940557
847049,0.027213484
847050,0.010383789
847051,0.7559155
847052,0.024818769
847053,0.19394925
847054,0.028574387
847055,0.012838583
847056,0.02255564
847057,0.01658151
847058,0.9647177
847059,0.6922841
847060,0.96824986
847061,0.9932648
847062,0.028299853
847063,0.9836323
847064,0.80953664
847065,0.14541635
847066,0.6704751
847067,0.01304944
847068,0.12386511
847069,0.084691614
847070,0.96784836
847071,0.01366526
847072,0.4890174
847073,0.007026259
847074,0.9273828
847075,0.966574
847076,0.005441798
847077,0.074426025
847078,0.2111021
847079,0.03573168
847080,0.9790479
847081,0.98861575
847082,0.72293305
847083,0.011247337
847084,0.07464887
847085,0.91841257
847086,0.5047073
847087,0.05396488
847088,0.4562613
847089,0.06374723
847090,0.7728704
847091,0.020374047
847092,0.011125655
847093,0.041816518
847094,0.8874141
847095,0.009452759
847096,0.9828025
847097,0.13100097
847098,0.9421102
847099,0.07024209
847100,0.14722683
847101,0.94936705
847102,0.021652505
847103,0.86510205
847104,0.004041422
847105,0.011128162
847106,0.98701525
847107,0.9285591
847108,0.0024512988
847109,0.06918041
847110,0.039230026
847111,0.49772727
847112,0.0021917438
847113,0.09867886
847114,0.08565294
847115,0.2917304
847116,0.7434594
847117,0.95690507
847118,0.018645622
847119,0.19414653
847120,0.22966222
847121,0.8524126
847122,0.40657762
847123,0.055321623
847124,0.06316927
847125,0.82756335
847126,0.7679483
847127,0.7427889
847128,0.10323477
847129,0.98447865
847130,0.9892449
847131,0.97569436
847132,0.03534913
847133,0.12929331
847134,0.9198101
847135,0.026023684
847136,0.94813716
847137,0.8374326
847138,0.9686906
847139,0.079895645
847140,0.50579876
847141,0.98127824
847142,0.24513692
847143,0.78476393
847144,0.9877888
847145,0.6477802
847146,0.4797616
847147,0.96584797
847148,0.9941862
847149,0.017545702
847150,0.9270961
847151,0.008252887
847152,0.14600335
847153,0.0025015946
847154,0.9452336
847155,0.972066
847156,0.9899642
847157,0.720248
847158,0.73970526
847159,0.025619613
847160,0.054452725
847161,0.941694
847162,0.070335895
847163,0.8794221
847164,0.688217
847165,0.46756077
847166,0.7790799
847167,0.9849137
847168,0.071912006
847169,0.47798786
847170,0.98214287
847171,0.05485828
847172,0.99280965
847173,0.9633532
847174,0.168159
847175,0.059558474
847176,0.9932174
847177,0.023270596
847178,0.9968277
847179,0.99835956
847180,0.03864693
847181,0.46776748
847182,0.4847098
847183,0.3322708
847184,0.9852954
847185,0.050439
847186,0.030041832
847187,0.99144316
847188,0.019858165
847189,0.99543726
847190,0.9624188
847191,0.01718365
847192,0.4928951
847193,0.037551943
847194,0.024710981
847195,0.97064066
847196,0.58915824
847197,0.2668268
847198,0.9381029
847199,0.97297466
847200,0.24621053
847201,0.966965
847202,0.27322537
847203,0.12708612
847204,0.6724519
847205,0.070028394
847206,0.065784544
847207,0.994866
847208,0.9983439
847209,0.11346224
847210,0.91508627
847211,0.034054328
847212,0.0046797153
847213,0.5411231
847214,0.035421927
847215,0.9165131
847216,0.0013782672
847217,0.012619397
847218,0.0030382765
847219,0.021808848
847220,0.01979577
847221,0.018585084
847222,0.7698358
847223,0.9954137
847224,0.57017577
847225,0.010825446
847226,0.003429797
847227,0.3070382
847228,0.54564285
847229,0.9531827
847230,0.96919376
847231,0.99550307
847232,0.990223
847233,0.9989817
847234,0.04641223
847235,0.09978384
847236,0.87651694
847237,0.1475614
847238,0.99462456
847239,0.002289897
847240,0.0034171487
847241,0.01800301
847242,0.21739466
847243,0.9968208
847244,0.5894506
847245,0.032832272
847246,0.34299222
847247,0.011305459
847248,0.033769283
847249,0.005894985
847250,0.94457436
847251,0.06274411
847252,0.42408696
847253,0.77876496
847254,0.06708717
847255,0.0023586277
847256,0.9101122
847257,0.9589398
847258,0.032431006
847259,0.9123366
847260,0.10459471
847261,0.1393893
847262,0.579863
847263,0.99815327
847264,0.9304079
847265,0.93716276
847266,0.009163457
847267,0.053797185
847268,0.18260759
847269,0.007424471
847270,0.060294677
847271,0.31162286
847272,0.01862244
847273,0.003715413
847274,0.9298378
847275,0.9107461
847276,0.03430266
847277,0.14713496
847278,0.80122495
847279,0.015862556
847280,0.84194314
847281,0.8023635
847282,0.8968624
847283,0.91504467
847284,0.9793174
847285,0.1410068
847286,0.4341367
847287,0.00807901
847288,0.004971536
847289,0.018881189
847290,0.47768658
847291,0.1207366
847292,0.986447
847293,0.0740842
847294,0.6322525
847295,0.053793788
847296,0.9915215
847297,0.1964863
847298,0.34119517
847299,0.10196689
847300,0.63978195
847301,0.963568
847302,0.9846781
847303,0.04982322
847304,0.99223465
847305,0.02058844
847306,0.008962425
847307,0.70369756
847308,0.016387047
847309,0.009715742
847310,0.9947238
847311,0.95924324
847312,0.4774549
847313,0.019101385
847314,0.107023016
847315,0.02825524
847316,0.23596981
847317,0.013185864
847318,0.99703944
847319,0.0016869785
847320,0.017984778
847321,0.10980453
847322,0.9954798
847323,0.06778505
847324,0.98659664
847325,0.4219257
847326,0.21558832
847327,0.2110334
847328,0.45147204
847329,0.3469136
847330,0.4115014
847331,0.9997369
847332,0.8189306
847333,0.8608411
847334,0.5307585
847335,0.6449203
847336,0.9904789
847337,0.12027934
847338,0.94373405
847339,0.9323837
847340,0.9928075
847341,0.14342123
847342,0.4578898
847343,0.9971049
847344,0.006018264
847345,0.9953208
847346,0.12979141
847347,0.010825886
847348,0.025773518
847349,0.020915605
847350,0.30011815
847351,0.9874367
847352,0.975403
847353,0.00547527
847354,0.981839
847355,0.024548478
847356,0.024100104
847357,0.47344637
847358,0.6033636
847359,0.026577516
847360,0.22116137
847361,0.9561929
847362,0.96463275
847363,0.15696375
847364,0.08490161
847365,0.010140671
847366,0.12876539
847367,0.18091781
847368,0.9090357
847369,0.84008765
847370,0.27522078
847371,0.30860806
847372,0.029871931
847373,0.31576174
847374,0.09856862
847375,0.008202998
847376,0.9827236
847377,0.97095025
847378,0.020228133
847379,0.010406133
847380,0.040200375
847381,0.0019694087
847382,0.9904318
847383,0.55601525
847384,0.0038048245
847385,0.004295131
847386,0.12125282
847387,0.904165
847388,0.020353574
847389,0.04869626
847390,0.95476776
847391,0.6593243
847392,0.99755883
847393,0.09219013
847394,0.21150507
847395,0.33298492
847396,0.8268976
847397,0.33796924
847398,0.89444697
847399,0.98161626
847400,0.010665777
847401,0.9645035
847402,0.04197081
847403,0.81358135
847404,0.89129686
847405,0.2109561
847406,0.07401441
847407,0.10626668
847408,0.19294155
847409,0.17138374
847410,0.85299504
847411,0.01260219
847412,0.97050947
847413,0.0033280884
847414,0.047961228
847415,0.95986176
847416,0.20599335
847417,0.051230617
847418,0.054580428
847419,0.97521967
847420,0.35998672
847421,0.013259532
847422,0.35933864
847423,0.18432085
847424,0.8637802
847425,0.84654975
847426,0.64274985
847427,0.08864671
847428,0.97150546
847429,0.011949872
847430,0.98365074
847431,0.9589361
847432,0.014746927
847433,0.004639047
847434,0.2955656
847435,0.039736077
847436,0.31198296
847437,0.17064112
847438,0.011859318
847439,0.03665587
847440,0.33600253
847441,0.43153396
847442,0.99928033
847443,0.44682407
847444,0.004090681
847445,0.0053218207
847446,0.006357033
847447,0.01901441
847448,0.32468426
847449,0.013949306
847450,0.9966469
847451,0.01438448
847452,0.05475302
847453,0.20700422
847454,0.06978275
847455,0.14371347
847456,0.8802488
847457,0.9844923
847458,0.046472885
847459,0.9565743
847460,0.08363794
847461,0.008498933
847462,0.005237801
847463,0.996459
847464,0.99514174
847465,0.6484794
847466,0.9859779
847467,0.2854459
847468,0.021654222
847469,0.99790263
847470,0.0033258332
847471,0.22580636
847472,0.9612625
847473,0.01379084
847474,0.8061319
847475,0.66575813
847476,0.9568873
847477,0.017907497
847478,0.7751517
847479,0.029544635
847480,0.012544308
847481,0.028485756
847482,0.9950141
847483,0.007905844
847484,0.90674603
847485,0.19075751
847486,0.0318709
847487,0.3833783
847488,0.90243316
847489,0.18432987
847490,0.77789664
847491,0.8937111
847492,0.20402372
847493,0.9543807
847494,0.9896597
847495,0.9842897
847496,0.9655293
847497,0.39774987
847498,0.99807876
847499,0.9935354
847500,0.45024619
847501,0.46889538
847502,0.03914562
847503,0.44435194
847504,0.98686045
847505,0.019334989
847506,0.0034682476
847507,0.09087433
847508,0.022128202
847509,0.11436783
847510,0.3411758
847511,0.6633348
847512,0.6020285
847513,0.10425354
847514,0.05438996
847515,0.5300838
847516,0.96929073
847517,0.0363237
847518,0.04074755
847519,0.96260667
847520,0.9816816
847521,0.009328948
847522,0.9925052
847523,0.012642206
847524,0.6623158
847525,0.121637754
847526,0.26862845
847527,0.9484374
847528,0.33247897
847529,0.92591405
847530,0.06542951
847531,0.99518937
847532,0.9415616
847533,0.3921504
847534,0.18574673
847535,0.045028888
847536,0.99859464
847537,0.015889078
847538,0.14579219
847539,0.9959283
847540,0.008519208
847541,0.29189315
847542,0.01820968
847543,0.7917521
847544,0.93349725
847545,0.01992458
847546,0.0030766996
847547,0.0814526
847548,0.99304813
847549,0.0027061626
847550,0.93407166
847551,0.9936421
847552,0.0151160695
847553,0.030479658
847554,0.06372771
847555,0.86828697
847556,0.9886085
847557,0.27677545
847558,0.997935
847559,0.16280365
847560,0.82662106
847561,0.9979482
847562,0.15402624
847563,0.050751813
847564,0.99944556
847565,0.04090552
847566,0.89942086
847567,0.75114375
847568,0.8797909
847569,0.9985808
847570,0.9273299
847571,0.009501179
847572,0.9971696
847573,0.5761437
847574,0.9330903
847575,0.074318886
847576,0.039587222
847577,0.9927248
847578,0.9452578
847579,0.038936928
847580,0.9892607
847581,0.05137804
847582,0.5740653
847583,0.2427308
847584,0.92310643
847585,0.9287208
847586,0.019020747
847587,0.7072097
847588,0.05417179
847589,0.9301921
847590,0.017269578
847591,0.03371132
847592,0.48306274
847593,0.9877889
847594,0.96644807
847595,0.07169435
847596,0.019920455
847597,0.9326806
847598,0.9972009
847599,0.0045368476
847600,0.86955166
847601,0.92921627
847602,0.01811291
847603,0.010659838
847604,0.015863707
847605,0.058467932
847606,0.895138
847607,0.16491985
847608,0.042194795
847609,0.00826137
847610,0.8221896
847611,0.96006984
847612,0.8860911
847613,0.64229393
847614,0.12409618
847615,0.95382273
847616,0.0036410594
847617,0.16702308
847618,0.78595686
847619,0.9586882
847620,0.025181904
847621,0.99713933
847622,0.017169764
847623,0.059926648
847624,0.0047921054
847625,0.7539584
847626,0.26460356
847627,0.9220081
847628,0.0033688406
847629,0.21675737
847630,0.0031631761
847631,0.04626196
847632,0.3368662
847633,0.9804509
847634,0.0039256816
847635,0.017930552
847636,0.77738523
847637,0.14585078
847638,0.9860692
847639,0.9667003
847640,0.9773606
847641,0.052339263
847642,0.0012316403
847643,0.058446564
847644,0.8872068
847645,0.9804885
847646,0.004603055
847647,0.8818012
847648,0.9933828
847649,0.053568777
847650,0.9977017
847651,0.23656976
847652,0.9825125
847653,0.0347325
847654,0.81338835
847655,0.9992297
847656,0.0101727685
847657,0.5944775
847658,0.9778367
847659,0.00296395
847660,0.007012835
847661,0.026403388
847662,0.70312715
847663,0.7163058
847664,0.898619
847665,0.21625336
847666,0.04157117
847667,0.066112205
847668,0.08661315
847669,0.20103946
847670,0.3535722
847671,0.030819727
847672,0.07321068
847673,0.06958504
847674,0.00781207
847675,0.06575441
847676,0.025247402
847677,0.97666675
847678,0.9985877
847679,0.98214865
847680,0.5264502
847681,0.11926306
847682,0.03299223
847683,0.37732297
847684,0.96424806
847685,0.13796091
847686,0.74070007
847687,0.7463302
847688,0.0021096726
847689,0.0156165715
847690,0.5093642
847691,0.00679781
847692,0.023520693
847693,0.9118338
847694,0.021109814
847695,0.96821654
847696,0.4323631
847697,0.08095844
847698,0.24064898
847699,0.05574582
847700,0.7663557
847701,0.9713221
847702,0.9932412
847703,0.9622221
847704,0.62117255
847705,0.47622544
847706,0.014912618
847707,0.05254604
847708,0.87861466
847709,0.7936364
847710,0.0014159052
847711,0.9894127
847712,0.93082225
847713,0.010340741
847714,0.008479383
847715,0.001585972
847716,0.0050693736
847717,0.9730707
847718,0.0029959287
847719,0.99870753
847720,0.99413717
847721,0.029386964
847722,0.0111110695
847723,0.9529588
847724,0.010403179
847725,0.7179598
847726,0.39815396
847727,0.72171426
847728,0.94179636
847729,0.9664219
847730,0.01830883
847731,0.13202387
847732,0.04216151
847733,0.5004396
847734,0.017034402
847735,0.9671508
847736,0.22380006
847737,0.3723893
847738,0.10088906
847739,0.0030002599
847740,0.9885308
847741,0.012424185
847742,0.96445084
847743,0.5005618
847744,0.9957844
847745,0.97698843
847746,0.95874155
847747,0.8651795
847748,0.48728007
847749,0.9743037
847750,0.84293383
847751,0.9667184
847752,0.028970642
847753,0.99901867
847754,0.09500915
847755,0.09163914
847756,0.2616982
847757,0.028472595
847758,0.17627135
847759,0.060390793
847760,0.9869135
847761,0.07143131
847762,0.0135864895
847763,0.25912678
847764,0.0059789554
847765,0.08467743
847766,0.99175036
847767,0.9683731
847768,0.061220393
847769,0.013069896
847770,0.99541306
847771,0.120687656
847772,0.6694793
847773,0.5027924
847774,0.002512394
847775,0.10150795
847776,0.37347004
847777,0.010857327
847778,0.97480553
847779,0.9813767
847780,0.23821798
847781,0.17598954
847782,0.46892744
847783,0.013081423
847784,0.60187864
847785,0.9236929
847786,0.9842281
847787,0.0041777794
847788,0.022621805
847789,0.49832445
847790,0.90810496
847791,0.03361584
847792,0.26380393
847793,0.71777934
847794,0.9753665
847795,0.09816883
847796,0.47425076
847797,0.7385713
847798,0.98044163
847799,0.0067456067
847800,0.99399745
847801,0.9579853
847802,0.91451395
847803,0.5052568
847804,0.0843547
847805,0.5637003
847806,0.7874929
847807,0.02445151
847808,0.022211768
847809,0.0376789
847810,0.20166466
847811,0.4789473
847812,0.013289731
847813,0.004903454
847814,0.02117121
847815,0.346956
847816,0.9238061
847817,0.083486125
847818,0.0044726282
847819,0.8858911
847820,0.02883251
847821,0.023361247
847822,0.99153733
847823,0.76056516
847824,0.014833351
847825,0.53013915
847826,0.38953012
847827,0.58455944
847828,0.33374485
847829,0.9659689
847830,0.9967185
847831,0.50497717
847832,0.11145963
847833,0.9890343
847834,0.007544542
847835,0.8395968
847836,0.00793644
847837,0.008319742
847838,0.035704482
847839,0.9231053
847840,0.7658799
847841,0.9153545
847842,0.87973064
847843,0.011751857
847844,0.98883665
847845,0.8348082
847846,0.038190883
847847,0.02001718
847848,0.013271108
847849,0.9694721
847850,0.71860325
847851,0.7570019
847852,0.99672085
847853,0.01858487
847854,0.6363726
847855,0.9144977
847856,0.99403536
847857,0.86789244
847858,0.030653298
847859,0.9288683
847860,0.84690446
847861,0.18580036
847862,0.9465075
847863,0.038909484
847864,0.19001427
847865,0.021780832
847866,0.0055350624
847867,0.9562011
847868,0.08102758
847869,0.09092126
847870,0.8225763
847871,0.19365187
847872,0.87701946
847873,0.04259075
847874,0.11312282
847875,0.8788457
847876,0.9960598
847877,0.9784831
847878,0.33807707
847879,0.921476
847880,0.96268284
847881,0.89102644
847882,0.28401423
847883,0.043433137
847884,0.020136368
847885,0.05575853
847886,0.059587646
847887,0.014839893
847888,0.9935272
847889,0.2050344
847890,0.9534963
847891,0.990954
847892,0.0787817
847893,0.92328584
847894,0.24666356
847895,0.9180268
847896,0.06750097
847897,0.04908466
847898,0.117046945
847899,0.7931663
847900,0.015692016
847901,0.9886723
847902,0.34278005
847903,0.0033818057
847904,0.01188403
847905,0.9966167
847906,0.989461
847907,0.013888121
847908,0.9800716
847909,0.943321
847910,0.938902
847911,0.9972913
847912,0.0006031501
847913,0.9512774
847914,0.9878236
847915,0.99297523
847916,0.18309775
847917,0.8669995
847918,0.83149743
847919,0.98199767
847920,0.0925907
847921,0.022634342
847922,0.022334734
847923,0.9488561
847924,0.13720667
847925,0.0486608
847926,0.004143195
847927,0.9814857
847928,0.013700758
847929,0.753136
847930,0.8882791
847931,0.889524
847932,0.99465907
847933,0.98433816
847934,0.9690618
847935,0.2324921
847936,0.029817205
847937,0.011394197
847938,0.99458724
847939,0.99726737
847940,0.9763647
847941,0.35764998
847942,0.87530255
847943,0.08542563
847944,0.023956437
847945,0.98111427
847946,0.07964257
847947,0.98696285
847948,0.010358031
847949,0.9922473
847950,0.02915531
847951,0.005815631
847952,0.0056972797
847953,0.9796281
847954,0.48624557
847955,0.01910962
847956,0.95288074
847957,0.4867687
847958,0.044278108
847959,0.041912086
847960,0.9239808
847961,0.9936431
847962,0.056347087
847963,0.10612455
847964,0.66051185
847965,0.010758909
847966,0.048515797
847967,0.95118845
847968,0.03223616
847969,0.07972453
847970,0.1072261
847971,0.9171538
847972,0.610803
847973,0.6148441
847974,0.02667764
847975,0.009084566
847976,0.98211807
847977,0.05531706
847978,0.0043154177
847979,0.024842361
847980,0.09197517
847981,0.017211966
847982,0.16579074
847983,0.98922217
847984,0.8560477
847985,0.6674785
847986,0.012514154
847987,0.010436651
847988,0.20260005
847989,0.2874791
847990,0.32622382
847991,0.050546177
847992,0.105559744
847993,0.28561643
847994,0.8826683
847995,0.9182534
847996,0.008961707
847997,0.95190805
847998,0.9950543
847999,0.852771
848000,0.9935125
848001,0.0037492253
848002,0.0028279854
848003,0.06804678
848004,0.011218203
848005,0.010387398
848006,0.9966073
848007,0.0048068142
848008,0.03784005
848009,0.34271637
848010,0.9946484
848011,0.8164713
848012,0.9755687
848013,0.058133997
848014,0.98237723
848015,0.9953725
848016,0.0058832676
848017,0.9344062
848018,0.17073458
848019,0.019998925
848020,0.9734562
848021,0.018724378
848022,0.99688685
848023,0.64791507
848024,0.3554547
848025,0.011676881
848026,0.4063266
848027,0.9045306
848028,0.9932871
848029,0.99371785
848030,0.017256394
848031,0.6281737
848032,0.58723897
848033,0.77133965
848034,0.8096857
848035,0.8061938
848036,0.91296756
848037,0.010623315
848038,0.9788197
848039,0.78965604
848040,0.40407228
848041,0.04777399
848042,0.98557925
848043,0.95672786
848044,0.93543386
848045,0.17727076
848046,0.45346078
848047,0.06935987
848048,0.006343376
848049,0.010122001
848050,0.91942734
848051,0.78193086
848052,0.4737586
848053,0.0035943463
848054,0.8757779
848055,0.8618904
848056,0.8083532
848057,0.8646332
848058,0.01116994
848059,0.99689436
848060,0.002725775
848061,0.71949744
848062,0.101954296
848063,0.99018115
848064,0.039895155
848065,0.9926142
848066,0.8519953
848067,0.19097781
848068,0.013881625
848069,0.99447113
848070,0.035568245
848071,0.98757106
848072,0.01738542
848073,0.044115085
848074,0.5481815
848075,0.983269
848076,0.98460466
848077,0.8469862
848078,0.028775323
848079,0.8451717
848080,0.020061791
848081,0.94106686
848082,0.7031809
848083,0.45104185
848084,0.006439016
848085,0.9758258
848086,0.9900156
848087,0.4009169
848088,0.052644618
848089,0.05287174
848090,0.88271254
848091,0.9902973
848092,0.010820314
848093,0.9910984
848094,0.97646713
848095,0.014377636
848096,0.94076633
848097,0.014194825
848098,0.96971554
848099,0.1300922
848100,0.088392645
848101,0.045840453
848102,0.7809359
848103,0.013965653
848104,0.0069319126
848105,0.98226035
848106,0.04920688
848107,0.99335086
848108,0.080556974
848109,0.9614927
848110,0.16744694
848111,0.4228018
848112,0.033325016
848113,0.21449265
848114,0.27149826
848115,0.17650148
848116,0.024327863
848117,0.9983061
848118,0.018351795
848119,0.023196783
848120,0.10521684
848121,0.059781134
848122,0.0016454625
848123,0.19584754
848124,0.9129043
848125,0.024116391
848126,0.3400909
848127,0.98715055
848128,0.7194934
848129,0.99306846
848130,0.040386125
848131,0.9853428
848132,0.29847848
848133,0.97734034
848134,0.08420882
848135,0.67224014
848136,0.6593152
848137,0.99339837
848138,0.093062304
848139,0.022299498
848140,0.9391298
848141,0.8147874
848142,0.0515587
848143,0.01011398
848144,0.5008055
848145,0.9988781
848146,0.106533036
848147,0.014589278
848148,0.028759524
848149,0.77576846
848150,0.9776771
848151,0.9959494
848152,0.28487033
848153,0.21093102
848154,0.90803945
848155,0.025601143
848156,0.08678064
848157,0.032337528
848158,0.7957054
848159,0.08647717
848160,0.063592404
848161,0.8956231
848162,0.0072319577
848163,0.029659895
848164,0.47879043
848165,0.033539444
848166,0.005752793
848167,0.9626032
848168,0.0061917393
848169,0.008471024
848170,0.24124128
848171,0.88166356
848172,0.27751663
848173,0.8239055
848174,0.49704176
848175,0.04018874
848176,0.0039964905
848177,0.008664861
848178,0.99767524
848179,0.99548596
848180,0.9221145
848181,0.003526422
848182,0.8631996
848183,0.20419931
848184,0.5907173
848185,0.021047894
848186,0.037277773
848187,0.033506352
848188,0.03417097
848189,0.1938448
848190,0.086727396
848191,0.06608748
848192,0.98660135
848193,0.983858
848194,0.7796851
848195,0.95584434
848196,0.5044384
848197,0.029795302
848198,0.9442011
848199,0.012890748
848200,0.2673954
848201,0.03226157
848202,0.34701777
848203,0.9059753
848204,0.009156416
848205,0.19793941
848206,0.91107565
848207,0.0065505696
848208,0.026196336
848209,0.98704624
848210,0.12395928
848211,0.99776334
848212,0.008565556
848213,0.74818933
848214,0.025762469
848215,0.005521034
848216,0.053743467
848217,0.9012066
848218,0.09710276
848219,0.10633855
848220,0.016204093
848221,0.910766
848222,0.35012645
848223,0.0010410958
848224,0.12043643
848225,0.019852633
848226,0.96265924
848227,0.015577274
848228,0.18670991
848229,0.044794455
848230,0.80712044
848231,0.059724994
848232,0.40680546
848233,0.87857574
848234,0.85294807
848235,0.087298416
848236,0.26642793
848237,0.98137474
848238,0.9347191
848239,0.7627764
848240,0.98134667
848241,0.07980156
848242,0.0042671827
848243,0.90055066
848244,0.0062945294
848245,0.2312266
848246,0.13065103
848247,0.08106457
848248,0.967155
848249,0.010396171
848250,0.7071452
848251,0.99537146
848252,0.69033325
848253,0.6029715
848254,0.005825797
848255,0.9578779
848256,0.99891275
848257,0.07077187
848258,0.011035176
848259,0.009929571
848260,0.98821354
848261,0.99494016
848262,0.99851084
848263,0.93152833
848264,0.030906463
848265,0.81150496
848266,0.85343343
848267,0.05981288
848268,0.02722209
848269,0.06756985
848270,0.09653252
848271,0.9660655
848272,0.007607325
848273,0.98194385
848274,0.00981563
848275,0.050477304
848276,0.017994925
848277,0.86172545
848278,0.021726187
848279,0.05993607
848280,0.06643629
848281,0.23737514
848282,0.28570566
848283,0.03434225
848284,0.004902031
848285,0.997814
848286,0.6666562
848287,0.018918095
848288,0.8769144
848289,0.24008788
848290,0.06673373
848291,0.9969107
848292,0.26622695
848293,0.41623324
848294,0.7480071
848295,0.048297692
848296,0.76516545
848297,0.9755846
848298,0.9469078
848299,0.09695482
848300,0.96908045
848301,0.04544442
848302,0.8039546
848303,0.8823304
848304,0.13734423
848305,0.98426723
848306,0.051235765
848307,0.38556996
848308,0.006676389
848309,0.93692434
848310,0.9696801
848311,0.065955
848312,0.973589
848313,0.24903283
848314,0.008525107
848315,0.40095562
848316,0.92550755
848317,0.9197289
848318,0.9721269
848319,0.9972405
848320,0.40965456
848321,0.45301074
848322,0.12358855
848323,0.1478053
848324,0.9882657
848325,0.9930733
848326,0.9564262
848327,0.13870543
848328,0.2752868
848329,0.90211445
848330,0.49295774
848331,0.46867067
848332,0.86264014
848333,0.64672744
848334,0.98726535
848335,0.8695671
848336,0.54479504
848337,0.045430068
848338,0.17820008
848339,0.4350404
848340,0.067870826
848341,0.07542187
848342,0.11939284
848343,0.057687655
848344,0.18268038
848345,0.01543051
848346,0.9204053
848347,0.08258852
848348,0.060342837
848349,0.997468
848350,0.997324
848351,0.022547957
848352,0.05155503
848353,0.99701285
848354,0.9907797
848355,0.9937305
848356,0.0051181614
848357,0.68474305
848358,0.25486064
848359,0.05216915
848360,0.083053604
848361,0.91989195
848362,0.80452305
848363,0.7995807
848364,0.020150805
848365,0.98349786
848366,0.9336002
848367,0.753579
848368,0.03897405
848369,0.02931147
848370,0.98844093
848371,0.9118276
848372,0.09612446
848373,0.16089556
848374,0.022837497
848375,0.015717264
848376,0.95735687
848377,0.2622413
848378,0.08673182
848379,0.29624274
848380,0.2966236
848381,0.9847887
848382,0.019046854
848383,0.11706131
848384,0.98171794
848385,0.96709096
848386,0.093646064
848387,0.2433511
848388,0.96299195
848389,0.6110716
848390,0.02360677
848391,0.10629392
848392,0.10977446
848393,0.924979
848394,0.98968464
848395,0.17460068
848396,0.08136987
848397,0.06699388
848398,0.9750932
848399,0.9632926
848400,0.59165686
848401,0.07450775
848402,0.9953579
848403,0.047686033
848404,0.027741363
848405,0.0029652459
848406,0.19329268
848407,0.88643837
848408,0.98274493
848409,0.03245206
848410,0.82934844
848411,0.9950386
848412,0.0033071488
848413,0.03562358
848414,0.8493979
848415,0.9032169
848416,0.7823257
848417,0.929395
848418,0.008398825
848419,0.30742466
848420,0.96541524
848421,0.68013555
848422,0.30477402
848423,0.98024607
848424,0.8643433
848425,0.83977485
848426,0.9961113
848427,0.004288457
848428,0.012182176
848429,0.019121211
848430,0.03015928
848431,0.012262639
848432,0.04142777
848433,0.98492444
848434,0.39671144
848435,0.9931618
848436,0.09776747
848437,0.010502268
848438,0.63967973
848439,0.22749309
848440,0.025404327
848441,0.57465243
848442,0.027165402
848443,0.99422586
848444,0.12176017
848445,0.01057943
848446,0.9948931
848447,0.018395064
848448,0.90739655
848449,0.0090063475
848450,0.12839478
848451,0.8815741
848452,0.024631925
848453,0.02557409
848454,0.5548016
848455,0.9681673
848456,0.86261666
848457,0.9838388
848458,0.07157025
848459,0.58005816
848460,0.99023795
848461,0.96508646
848462,0.023618456
848463,0.00070075656
848464,0.06772928
848465,0.0081056915
848466,0.97716326
848467,0.9628891
848468,0.8653306
848469,0.9263375
848470,0.0119226305
848471,0.9913274
848472,0.022581505
848473,0.012335146
848474,0.021523349
848475,0.120723516
848476,0.9806351
848477,0.98498493
848478,0.20695195
848479,0.34054762
848480,0.85331696
848481,0.013180976
848482,0.946767
848483,0.06045233
848484,0.20892784
848485,0.03270849
848486,0.68238866
848487,0.0034151166
848488,0.9984047
848489,0.8297687
848490,0.94858
848491,0.63408655
848492,0.91880554
848493,0.0034855765
848494,0.998128
848495,0.52791107
848496,0.9677452
848497,0.57320523
848498,0.8700366
848499,0.7495673
848500,0.8990955
848501,0.16410097
848502,0.6593783
848503,0.0030536668
848504,0.28105053
848505,0.098953694
848506,0.9876055
848507,0.04124125
848508,0.17475331
848509,0.005050391
848510,0.99683774
848511,0.023996498
848512,0.96235704
848513,0.9952735
848514,0.01134759
848515,0.008987812
848516,0.008066818
848517,0.9494534
848518,0.145244
848519,0.70240784
848520,0.6963735
848521,0.17935024
848522,0.9668893
848523,0.09238201
848524,0.99527943
848525,0.023256028
848526,0.007649413
848527,0.81453043
848528,0.977087
848529,0.35542643
848530,0.9528013
848531,0.9742245
848532,0.18400109
848533,0.5821802
848534,0.20718789
848535,0.03574869
848536,0.75926316
848537,0.062019862
848538,0.23050143
848539,0.8875159
848540,0.006646446
848541,0.9920777
848542,0.03324298
848543,0.20828095
848544,0.8289168
848545,0.022515759
848546,0.15743922
848547,0.0025449523
848548,0.043547247
848549,0.95721376
848550,0.5732926
848551,0.9787309
848552,0.999432
848553,0.003706018
848554,0.09068522
848555,0.97892165
848556,0.027442625
848557,0.3976912
848558,0.13942553
848559,0.050036952
848560,0.21611065
848561,0.98506
848562,0.94142526
848563,0.9951239
848564,0.93033385
848565,0.9862435
848566,0.9603635
848567,0.9907012
848568,0.47076416
848569,0.3825157
848570,0.0426762
848571,0.8470205
848572,0.47694582
848573,0.044528056
848574,0.6765795
848575,0.1375005
848576,0.9691454
848577,0.05427763
848578,0.9693011
848579,0.6759701
848580,0.012845913
848581,0.054807752
848582,0.017379044
848583,0.30755037
848584,0.9572066
848585,0.02734727
848586,0.99905336
848587,0.87053716
848588,0.0017483379
848589,0.010135797
848590,0.08743193
848591,0.019885266
848592,0.015075116
848593,0.12415321
848594,0.99738264
848595,0.5346747
848596,0.068765745
848597,0.6939816
848598,0.33754265
848599,0.16584216
848600,0.8654522
848601,0.017288769
848602,0.98953664
848603,0.026290342
848604,0.98777336
848605,0.0030014545
848606,0.20905083
848607,0.019149855
848608,0.7303214
848609,0.0076499465
848610,0.95355284
848611,0.0049425624
848612,0.99705184
848613,0.96105623
848614,0.12043877
848615,0.5996429
848616,0.01909961
848617,0.7234894
848618,0.2624486
848619,0.9807203
848620,0.13747953
848621,0.58962077
848622,0.9894709
848623,0.6341281
848624,0.015621608
848625,0.46783727
848626,0.80009353
848627,0.97561115
848628,0.9972764
848629,0.9984899
848630,0.33350655
848631,0.24951148
848632,0.09006472
848633,0.9727974
848634,0.99632686
848635,0.030698907
848636,0.9689624
848637,0.103925295
848638,0.17741737
848639,0.12450378
848640,0.06632048
848641,0.9336068
848642,0.008379348
848643,0.480416
848644,0.98982835
848645,0.13979384
848646,0.007026792
848647,0.18385175
848648,0.07504335
848649,0.7148893
848650,0.92528355
848651,0.2881155
848652,0.008340556
848653,0.04555764
848654,0.012536916
848655,0.31638092
848656,0.078631304
848657,0.9844026
848658,0.99771374
848659,0.9241775
848660,0.020187706
848661,0.0075049894
848662,0.28124386
848663,0.9217136
848664,0.0064210966
848665,0.075062215
848666,0.0728598
848667,0.23326847
848668,0.63934475
848669,0.78613454
848670,0.6298886
848671,0.8907249
848672,0.2693641
848673,0.9336958
848674,0.9737376
848675,0.0065061827
848676,0.9903699
848677,0.6468899
848678,0.55088115
848679,0.9985479
848680,0.019730298
848681,0.21087372
848682,0.03130111
848683,0.9937002
848684,0.089080304
848685,0.017893046
848686,0.6301836
848687,0.023724375
848688,0.6167552
848689,0.14637838
848690,0.42715293
848691,0.95629513
848692,0.7315929
848693,0.024392717
848694,0.9827437
848695,0.9889384
848696,0.011851285
848697,0.40601858
848698,0.51119983
848699,0.9475622
848700,0.9989273
848701,0.96166605
848702,0.7064101
848703,0.046687208
848704,0.2355381
848705,0.091746
848706,0.22912887
848707,0.896379
848708,0.004778277
848709,0.9364788
848710,0.93852276
848711,0.20460427
848712,0.03288324
848713,0.93369806
848714,0.71421474
848715,0.05543086
848716,0.9755214
848717,0.017982297
848718,0.93002844
848719,0.9869868
848720,0.6535567
848721,0.92002517
848722,0.915956
848723,0.023886636
848724,0.8078188
848725,0.011482917
848726,0.74165905
848727,0.9311887
848728,0.85836065
848729,0.97867453
848730,0.93533814
848731,0.0051955315
848732,0.050905675
848733,0.021943625
848734,0.24750006
848735,0.020255541
848736,0.99310267
848737,0.98207784
848738,0.10478708
848739,0.032234766
848740,0.081114255
848741,0.58848494
848742,0.05322224
848743,0.041786373
848744,0.017876996
848745,0.8880692
848746,0.022032868
848747,0.80028236
848748,0.14638211
848749,0.9857724
848750,0.016792364
848751,0.0036663031
848752,0.33456492
848753,0.006469717
848754,0.5460808
848755,0.97410464
848756,0.451306
848757,0.0060901744
848758,0.15180546
848759,0.83438015
848760,0.023962775
848761,0.15765837
848762,0.049703296
848763,0.0167684
848764,0.074409075
848765,0.9367746
848766,0.27971852
848767,0.010742862
848768,0.12443201
848769,0.7279698
848770,0.9232719
848771,0.99567664
848772,0.04283005
848773,0.7726587
848774,0.2985744
848775,0.14828834
848776,0.2349534
848777,0.030135501
848778,0.006883623
848779,0.92581666
848780,0.8200751
848781,0.15883565
848782,0.78442097
848783,0.9826025
848784,0.49060774
848785,0.13697636
848786,0.99903476
848787,0.014490151
848788,0.019733628
848789,0.9818319
848790,0.97920537
848791,0.013449038
848792,0.06456518
848793,0.97993493
848794,0.10742007
848795,0.4923563
848796,0.10205309
848797,0.078905776
848798,0.014707571
848799,0.08340632
848800,0.92716837
848801,0.45656294
848802,0.32701296
848803,0.0060552564
848804,0.94176316
848805,0.87932944
848806,0.999122
848807,0.0028204096
848808,0.64182144
848809,0.29499453
848810,0.0732926
848811,0.17106192
848812,0.007339686
848813,0.035182912
848814,0.017188126
848815,0.50996256
848816,0.019685708
848817,0.99295276
848818,0.9340268
848819,0.021585552
848820,0.9513443
848821,0.026502
848822,0.017350383
848823,0.19016361
848824,0.0058095176
848825,0.88245535
848826,0.022002019
848827,0.9796131
848828,0.45564938
848829,0.77328223
848830,0.030632071
848831,0.98864555
848832,0.92795306
848833,0.77325416
848834,0.01761057
848835,0.47175726
848836,0.014508239
848837,0.96402586
848838,0.15528423
848839,0.39272428
848840,0.89894986
848841,0.7601905
848842,0.50271994
848843,0.9118031
848844,0.3260246
848845,0.03965254
848846,0.9310133
848847,0.98142326
848848,0.07397212
848849,0.9287265
848850,0.9697059
848851,0.017972577
848852,0.06304359
848853,0.10401013
848854,0.98960495
848855,0.9966178
848856,0.021916809
848857,0.015318879
848858,0.01201932
848859,0.85136783
848860,0.14639083
848861,0.03338883
848862,0.059115384
848863,0.9926721
848864,0.7490049
848865,0.0038400348
848866,0.986903
848867,0.9984
848868,0.7181678
848869,0.023784962
848870,0.24892433
848871,0.06854581
848872,0.017331854
848873,0.30443764
848874,0.9455608
848875,0.24288443
848876,0.014963852
848877,0.6468799
848878,0.109338716
848879,0.977648
848880,0.0080814585
848881,0.49409857
848882,0.025320996
848883,0.012740617
848884,0.0936694
848885,0.0060281223
848886,0.014198068
848887,0.9732862
848888,0.9832018
848889,0.011336379
848890,0.015988199
848891,0.8813009
848892,0.009993614
848893,0.9975532
848894,0.003978904
848895,0.915201
848896,0.5913889
848897,0.062162966
848898,0.8036448
848899,0.9901947
848900,0.93251884
848901,0.009436
848902,0.04116488
848903,0.19789177
848904,0.0074798153
848905,0.9622393
848906,0.5318136
848907,0.97657573
848908,0.046458736
848909,0.04509788
848910,0.8788862
848911,0.07588705
848912,0.993187
848913,0.27522534
848914,0.8039179
848915,0.6087367
848916,0.49912888
848917,0.017719205
848918,0.98054594
848919,0.13332045
848920,0.9660369
848921,0.21774232
848922,0.8960413
848923,0.14621574
848924,0.117533416
848925,0.9267754
848926,0.993871
848927,0.011022278
848928,0.99305356
848929,0.010051252
848930,0.027881756
848931,0.6352617
848932,0.94302607
848933,0.043085363
848934,0.017463114
848935,0.0714051
848936,0.99269843
848937,0.0109710395
848938,0.03770433
848939,0.09346941
848940,0.023522189
848941,0.07663575
848942,0.9156549
848943,0.002413068
848944,0.9924631
848945,0.5343398
848946,0.021992553
848947,0.032460272
848948,0.02493314
848949,0.060745854
848950,0.12124239
848951,0.90820116
848952,0.029909108
848953,0.24322005
848954,0.023800872
848955,0.09092432
848956,0.9897628
848957,0.46703726
848958,0.039205573
848959,0.004458713
848960,0.81486404
848961,0.07142326
848962,0.34038752
848963,0.37930843
848964,0.016881838
848965,0.66682106
848966,0.49719158
848967,0.00716363
848968,0.9678266
848969,0.034079723
848970,0.38066825
848971,0.9816794
848972,0.38239074
848973,0.03991759
848974,0.9748041
848975,0.66903925
848976,0.033978265
848977,0.5754477
848978,0.030539272
848979,0.52919906
848980,0.010648028
848981,0.9467995
848982,0.3327052
848983,0.06019316
848984,0.005348999
848985,0.7792729
848986,0.4193707
848987,0.9879844
848988,0.40826967
848989,0.2739111
848990,0.30928165
848991,0.9769385
848992,0.25938213
848993,0.6876548
848994,0.9030361
848995,0.21987179
848996,0.9725804
848997,0.99848706
848998,0.57315516
848999,0.98051304
849000,0.013765184
849001,0.036383897
849002,0.8349282
849003,0.6013169
849004,0.014032435
849005,0.8742962
849006,0.01912352
849007,0.39756212
849008,0.010363708
849009,0.9862912
849010,0.9010074
849011,0.9984084
849012,0.123007245
849013,0.99389184
849014,0.53039837
849015,0.074056715
849016,0.5879444
849017,0.9858228
849018,0.48652548
849019,0.01672598
849020,0.94610775
849021,0.95327044
849022,0.77376515
849023,0.23781203
849024,0.18267675
849025,0.98308927
849026,0.8460275
849027,0.5167233
849028,0.92424905
849029,0.013166203
849030,0.9982507
849031,0.9343775
849032,0.965395
849033,0.009013638
849034,0.3980674
849035,0.90380335
849036,0.038848773
849037,0.08585429
849038,0.5684588
849039,0.040161747
849040,0.0077913664
849041,0.76953465
849042,0.14938447
849043,0.0039130775
849044,0.102733925
849045,0.063448146
849046,0.2806347
849047,0.795321
849048,0.038992967
849049,0.036327206
849050,0.0035964
849051,0.21674934
849052,0.988295
849053,0.29096186
849054,0.097132444
849055,0.02323519
849056,0.019075854
849057,0.005458848
849058,0.92541033
849059,0.88982093
849060,0.010605722
849061,0.9982024
849062,0.016744968
849063,0.8893262
849064,0.6856375
849065,0.04404922
849066,0.019396462
849067,0.85273397
849068,0.95768434
849069,0.0073420973
849070,0.055851154
849071,0.004846664
849072,0.97096026
849073,0.7054282
849074,0.015138811
849075,0.7755495
849076,0.3523113
849077,0.070564
849078,0.5075739
849079,0.84990096
849080,0.005379731
849081,0.72420186
849082,0.029538603
849083,0.0044594486
849084,0.38452578
849085,0.007012391
849086,0.014845971
849087,0.012907932
849088,0.9225354
849089,0.0041148374
849090,0.9972535
849091,0.89502513
849092,0.286918
849093,0.040885
849094,0.8477377
849095,0.24117127
849096,0.4202922
849097,0.6133141
849098,0.0121113565
849099,0.0013610169
849100,0.9783151
849101,0.9982622
849102,0.087690696
849103,0.012624
849104,0.03240653
849105,0.98158926
849106,0.97661436
849107,0.78193915
849108,0.054316025
849109,0.93759626
849110,0.7755505
849111,0.009928293
849112,0.015163454
849113,0.9740373
849114,0.044853587
849115,0.54455924
849116,0.051489618
849117,0.9890116
849118,0.7120186
849119,0.70429605
849120,0.018185044
849121,0.24131434
849122,0.23914987
849123,0.06952226
849124,0.22253498
849125,0.07009235
849126,0.21216047
849127,0.1632991
849128,0.11121112
849129,0.9276386
849130,0.98946726
849131,0.28889638
849132,0.01284039
849133,0.85946363
849134,0.3166004
849135,0.6484648
849136,0.05472121
849137,0.007940226
849138,0.0048077116
849139,0.027961772
849140,0.03470621
849141,0.00838157
849142,0.0028998135
849143,0.6734554
849144,0.17919755
849145,0.90900713
849146,0.9743935
849147,0.061715655
849148,0.0146599915
849149,0.94241214
849150,0.044652857
849151,0.6747401
849152,0.003720003
849153,0.38710573
849154,0.5258195
849155,0.9202412
849156,0.9944458
849157,0.010288395
849158,0.6463694
849159,0.045889776
849160,0.9919412
849161,0.9330522
849162,0.025081884
849163,0.044452183
849164,0.7324046
849165,0.9740201
849166,0.0011513212
849167,0.39207378
849168,0.18024226
849169,0.9798286
849170,0.037616737
849171,0.007514607
849172,0.02862447
849173,0.024030715
849174,0.042037286
849175,0.9940647
849176,0.018841859
849177,0.85377884
849178,0.6373545
849179,0.7981405
849180,0.44833922
849181,0.5408224
849182,0.2134265
849183,0.84666747
849184,0.84949166
849185,0.29583147
849186,0.40388334
849187,0.20341298
849188,0.008294419
849189,0.9889995
849190,0.0037412995
849191,0.0023439212
849192,0.2702634
849193,0.012101579
849194,0.98891675
849195,0.9854717
849196,0.9755908
849197,0.020669274
849198,0.5986148
849199,0.0026184737
849200,0.03839494
849201,0.009677123
849202,0.9866951
849203,0.8872993
849204,0.08448719
849205,0.8137573
849206,0.9899415
849207,0.015156245
849208,0.0025591701
849209,0.32113177
849210,0.84349436
849211,0.6346911
849212,0.64644957
849213,0.007608274
849214,0.011875088
849215,0.07705779
849216,0.758183
849217,0.013845095
849218,0.9541907
849219,0.013785958
849220,0.9758193
849221,0.9382835
849222,0.02985753
849223,0.033495758
849224,0.016527805
849225,0.33754918
849226,0.20917028
849227,0.76355696
849228,0.98080057
849229,0.65205723
849230,0.98945534
849231,0.956226
849232,0.05255177
849233,0.12324283
849234,0.0544145
849235,0.6675398
849236,0.63981354
849237,0.0636345
849238,0.2426355
849239,0.040933944
849240,0.988948
849241,0.008268832
849242,0.6031811
849243,0.39656407
849244,0.9830333
849245,0.9191221
849246,0.7614538
849247,0.59788007
849248,0.99432474
849249,0.58822846
849250,0.044551495
849251,0.0069234525
849252,0.64663947
849253,0.025721936
849254,0.5652303
849255,0.7137479
849256,0.15377049
849257,0.025628991
849258,0.8093967
849259,0.9023376
849260,0.95375615
849261,0.09527029
849262,0.9872373
849263,0.85147566
849264,0.89265656
849265,0.9915384
849266,0.90941757
849267,0.9964734
849268,0.04277652
849269,0.9956414
849270,0.21207103
849271,0.9709172
849272,0.010659457
849273,0.08590247
849274,0.006416022
849275,0.027280658
849276,0.047994412
849277,0.97500086
849278,0.032893397
849279,0.9973943
849280,0.010391271
849281,0.14203843
849282,0.36737838
849283,0.9834875
849284,0.4339652
849285,0.94502324
849286,0.08095561
849287,0.0041504805
849288,0.9328685
849289,0.8898877
849290,0.9753609
849291,0.97239476
849292,0.44232595
849293,0.11551397
849294,0.0193712
849295,0.99673223
849296,0.67445624
849297,0.12448303
849298,0.9974838
849299,0.9193635
849300,0.9921232
849301,0.9141339
849302,0.8566148
849303,0.98654646
849304,0.99630034
849305,0.049903087
849306,0.0018329904
849307,0.99550545
849308,0.50105405
849309,0.8537247
849310,0.8851665
849311,0.0070514376
849312,0.9353271
849313,0.092732415
849314,0.9796898
849315,0.0010365951
849316,0.9871286
849317,0.9898346
849318,0.022696935
849319,0.9590641
849320,0.017540608
849321,0.17914584
849322,0.97549087
849323,0.9970916
849324,0.98606277
849325,0.028357655
849326,0.9677797
849327,0.055526227
849328,0.044223525
849329,0.030322244
849330,0.36120993
849331,0.9853854
849332,0.68844265
849333,0.095914885
849334,0.013441944
849335,0.4088876
849336,0.9360158
849337,0.0842295
849338,0.017966788
849339,0.0245235
849340,0.9052736
849341,0.632689
849342,0.07237335
849343,0.992833
849344,0.15541372
849345,0.0018011736
849346,0.4180857
849347,0.004676266
849348,0.7325681
849349,0.9419232
849350,0.04349092
849351,0.8929958
849352,0.009510616
849353,0.99724144
849354,0.99745303
849355,0.48267937
849356,0.060503088
849357,0.8862433
849358,0.009339498
849359,0.44528335
849360,0.40156147
849361,0.26004875
849362,0.99880606
849363,0.015046641
849364,0.99333036
849365,0.09259894
849366,0.0036644419
849367,0.18423638
849368,0.0027596843
849369,0.84106743
849370,0.87029874
849371,0.009721434
849372,0.13914894
849373,0.998255
849374,0.011050944
849375,0.0069872965
849376,0.8431983
849377,0.0043586474
849378,0.03291262
849379,0.29579931
849380,0.28838852
849381,0.8286916
849382,0.03809692
849383,0.9907974
849384,0.98019683
849385,0.5466395
849386,0.051927872
849387,0.03294877
849388,0.99267995
849389,0.99607635
849390,0.5697974
849391,0.37051755
849392,0.90561455
849393,0.9240951
849394,0.0010223455
849395,0.60757446
849396,0.9915383
849397,0.042688634
849398,0.9775958
849399,0.016155178
849400,0.9994998
849401,0.090216495
849402,0.9961144
849403,0.8664798
849404,0.9670621
849405,0.732364
849406,0.85839283
849407,0.75059736
849408,0.9890097
849409,0.6917153
849410,0.97608757
849411,0.03250673
849412,0.17659503
849413,0.89365757
849414,0.15680677
849415,0.05477606
849416,0.98482496
849417,0.03621302
849418,0.22813639
849419,0.82974076
849420,0.04703887
849421,0.0048637046
849422,0.70138586
849423,0.07540257
849424,0.92106354
849425,0.90191245
849426,0.21024482
849427,0.12969634
849428,0.028610475
849429,0.0920316
849430,0.009671729
849431,0.03323526
849432,0.017153814
849433,0.028908497
849434,0.005151608
849435,0.8269402
849436,0.31825802
849437,0.981751
849438,0.14518525
849439,0.107164234
849440,0.41550276
849441,0.13024503
849442,0.34676242
849443,0.84087116
849444,0.12815188
849445,0.34623793
849446,0.33616337
849447,0.9980988
849448,0.92184335
849449,0.9804846
849450,0.99819183
849451,0.08394884
849452,0.4939872
849453,0.011309769
849454,0.03772472
849455,0.013976166
849456,0.19575365
849457,0.033707872
849458,0.04616122
849459,0.99891764
849460,0.9907178
849461,0.9746194
849462,0.013883602
849463,0.8126224
849464,0.0166646
849465,0.9928148
849466,0.055435013
849467,0.9653698
849468,0.029544452
849469,0.98917323
849470,0.022961086
849471,0.00837421
849472,0.888309
849473,0.00035221243
849474,0.5155853
849475,0.7255422
849476,0.44589567
849477,0.8326056
849478,0.5345347
849479,0.08871316
849480,0.99952424
849481,0.432801
849482,0.001366846
849483,0.029162275
849484,0.9822344
849485,0.84129745
849486,0.020069143
849487,0.033092283
849488,0.7670738
849489,0.5244526
849490,0.4917741
849491,0.9962919
849492,0.005221529
849493,0.034332104
849494,0.03354782
849495,0.9213578
849496,0.9601516
849497,0.8911233
849498,0.8430823
849499,0.8271758
849500,0.0126119
849501,0.71665514
849502,0.32001933
849503,0.14938042
849504,0.2994733
849505,0.9856947
849506,0.0126414485
849507,0.998211
849508,0.9625597
849509,0.0074252486
849510,0.58955795
849511,0.016571883
849512,0.1533181
849513,0.018236438
849514,0.46385333
849515,0.99381065
849516,0.42540693
849517,0.92348105
849518,0.18314263
849519,0.9927206
849520,0.027584236
849521,0.33784392
849522,0.09803076
849523,0.014143609
849524,0.7419558
849525,0.90829337
849526,0.0046301787
849527,0.31691104
849528,0.99887174
849529,0.4170727
849530,0.98779505
849531,0.9700969
849532,0.99162716
849533,0.9937498
849534,0.93188345
849535,0.90906733
849536,0.91188097
849537,0.9537764
849538,0.9864379
849539,0.89180094
849540,0.010089306
849541,0.011527153
849542,0.5021705
849543,0.23316154
849544,0.011009516
849545,0.935828
849546,0.49757993
849547,0.9957307
849548,0.99308604
849549,0.99020386
849550,0.032447204
849551,0.038045645
849552,0.88533413
849553,0.12413734
849554,0.052897938
849555,0.5875807
849556,0.10115857
849557,0.04391437
849558,0.86941487
849559,0.91512173
849560,0.001298852
849561,0.9594877
849562,0.007478879
849563,0.98133415
849564,0.026798896
849565,0.2590937
849566,0.9923861
849567,0.11801141
849568,0.045737952
849569,0.9778577
849570,0.061168414
849571,0.963661
849572,0.07960844
849573,0.007074731
849574,0.02385122
849575,0.108793765
849576,0.2247111
849577,0.2010899
849578,0.016739931
849579,0.83604145
849580,0.6840162
849581,0.028525382
849582,0.2635193
849583,0.03937619
849584,0.9794346
849585,0.7603253
849586,0.01623004
849587,0.07806386
849588,0.013322126
849589,0.917024
849590,0.034257054
849591,0.9701995
849592,0.62967455
849593,0.020519923
849594,0.0073455176
849595,0.023151917
849596,0.9876326
849597,0.96020806
849598,0.74425316
849599,0.9950304
849600,0.08879099
849601,0.24990158
849602,0.9532161
849603,0.8547309
849604,0.19096239
849605,0.77318716
849606,0.085530244
849607,0.016361844
849608,0.0018509098
849609,0.98657566
849610,0.04841212
849611,0.030160796
849612,0.0137767475
849613,0.99096864
849614,0.03546723
849615,0.052333973
849616,0.25917262
849617,0.13697024
849618,0.96363723
849619,0.0168286
849620,0.25174454
849621,0.094772935
849622,0.7037612
849623,0.024566738
849624,0.99170154
849625,0.0037964308
849626,0.9285153
849627,0.05736745
849628,0.93498355
849629,0.77202845
849630,0.15808566
849631,0.0066805654
849632,0.9875387
849633,0.68396556
849634,0.0176927
849635,0.18590909
849636,0.9963669
849637,0.06661792
849638,0.017430574
849639,0.023711208
849640,0.09469798
849641,0.005931923
849642,0.6081761
849643,0.9948384
849644,0.012888495
849645,0.0078600105
849646,0.9952165
849647,0.8689292
849648,0.017039863
849649,0.00751252
849650,0.9019005
849651,0.12883538
849652,0.010286702
849653,0.105766274
849654,0.8049139
849655,0.068028755
849656,0.95677996
849657,0.9742402
849658,0.16084415
849659,0.013414349
849660,0.11299422
849661,0.1269484
849662,0.0074316347
849663,0.9826154
849664,0.6760076
849665,0.48879752
849666,0.94384277
849667,0.027017545
849668,0.83007675
849669,0.9911429
849670,0.028151937
849671,0.11747264
849672,0.91780543
849673,0.118608564
849674,0.8517764
849675,0.9899378
849676,0.85335773
849677,0.71385485
849678,0.011033196
849679,0.0020965838
849680,0.3007515
849681,0.014283797
849682,0.83276516
849683,0.013310819
849684,0.9907255
849685,0.9812523
849686,0.988479
849687,0.050862916
849688,0.06588501
849689,0.26465896
849690,0.028238812
849691,0.9182971
849692,0.0061065992
849693,0.45529118
849694,0.07685867
849695,0.9754311
849696,0.1266915
849697,0.37998646
849698,0.4256757
849699,0.04759276
849700,0.85942465
849701,0.5908586
849702,0.992843
849703,0.9432346
849704,0.015312629
849705,0.95353687
849706,0.48758483
849707,0.016559914
849708,0.94529206
849709,0.81339467
849710,0.04012444
849711,0.03528951
849712,0.011512835
849713,0.9857703
849714,0.48421073
849715,0.085143596
849716,0.40667897
849717,0.97433746
849718,0.08083202
849719,0.033898834
849720,0.18201381
849721,0.078426555
849722,0.992622
849723,0.88081264
849724,0.0063425293
849725,0.046449587
849726,0.99593115
849727,0.7443766
849728,0.014724383
849729,0.9671072
849730,0.97059214
849731,0.4941765
849732,0.0061805192
849733,0.0065967767
849734,0.05237351
849735,0.9982121
849736,0.9972955
849737,0.98344827
849738,0.4503022
849739,0.9720093
849740,0.054080524
849741,0.69573414
849742,0.008534826
849743,0.053318985
849744,0.74486
849745,0.010941999
849746,0.1605569
849747,0.9970907
849748,0.023747128
849749,0.13313892
849750,0.9663793
849751,0.9829482
849752,0.14333135
849753,0.7010302
849754,0.05310726
849755,0.005697866
849756,0.043598123
849757,0.9662961
849758,0.037364155
849759,0.02605342
849760,0.443546
849761,0.006930277
849762,0.9927526
849763,0.99772865
849764,0.08522366
849765,0.02870461
849766,0.9685794
849767,0.39121416
849768,0.033769183
849769,0.046818037
849770,0.011103607
849771,0.9939067
849772,0.021970835
849773,0.65416247
849774,0.047183402
849775,0.026074361
849776,0.0030985514
849777,0.0103646265
849778,0.1914726
849779,0.4333011
849780,0.024023041
849781,0.039335415
849782,0.6588659
849783,0.008897091
849784,0.036725495
849785,0.0099222995
849786,0.6329912
849787,0.95604104
849788,0.9982775
849789,0.94000447
849790,0.0039655203
849791,0.2373853
849792,0.93324697
849793,0.025698531
849794,0.99609065
849795,0.004507691
849796,0.2293956
849797,0.04372424
849798,0.088093184
849799,0.682714
849800,0.9738989
849801,0.07959667
849802,0.5837647
849803,0.021271141
849804,0.6960861
849805,0.93516636
849806,0.9810419
849807,0.0027113305
849808,0.025073241
849809,0.9863853
849810,0.025317367
849811,0.050207507
849812,0.23682962
849813,0.6489711
849814,0.9989051
849815,0.8377272
849816,0.92790085
849817,0.07168571
849818,0.5820415
849819,0.08117867
849820,0.01822674
849821,0.86701113
849822,0.91083735
849823,0.99430895
849824,0.017098842
849825,0.15639351
849826,0.70471925
849827,0.9129985
849828,0.8064369
849829,0.038382776
849830,0.061506785
849831,0.006279613
849832,0.002975076
849833,0.07833307
849834,0.81022346
849835,0.21997997
849836,0.012101284
849837,0.066706434
849838,0.97076964
849839,0.05913199
849840,0.9074199
849841,0.62931657
849842,0.058368023
849843,0.99298775
849844,0.7356746
849845,0.032662317
849846,0.9983998
849847,0.99611026
849848,0.044226103
849849,0.014433349
849850,0.015517671
849851,0.12952438
849852,0.14351319
849853,0.72746384
849854,0.052598
849855,0.016261108
849856,0.1780416
849857,0.75029004
849858,0.9957019
849859,0.007090089
849860,0.119508855
849861,0.66269183
849862,0.9985435
849863,0.102934115
849864,0.34454226
849865,0.0084616635
849866,0.42594036
849867,0.009580544
849868,0.014572399
849869,0.055241477
849870,0.036689688
849871,0.00074657367
849872,0.08002959
849873,0.99181134
849874,0.014800403
849875,0.04710917
849876,0.19861747
849877,0.3427244
849878,0.29831612
849879,0.012642937
849880,0.027727176
849881,0.7646519
849882,0.0064055673
849883,0.95799327
849884,0.97601193
849885,0.36403847
849886,0.09665485
849887,0.07426451
849888,0.02306131
849889,0.7535334
849890,0.86511546
849891,0.66563433
849892,0.030945217
849893,0.98746544
849894,0.32530838
849895,0.9918756
849896,0.27714148
849897,0.020099424
849898,0.9789374
849899,0.5776044
849900,0.8041611
849901,0.9401308
849902,0.9981512
849903,0.031869873
849904,0.28742284
849905,0.9381848
849906,0.94733125
849907,0.8764618
849908,0.051702507
849909,0.04302697
849910,0.0127693275
849911,0.20655717
849912,0.58274996
849913,0.21453208
849914,0.97654927
849915,0.9312527
849916,0.9169542
849917,0.9986204
849918,0.0056774262
849919,0.98085237
849920,0.11242834
849921,0.42974958
849922,0.99858046
849923,0.0077150892
849924,0.99546224
849925,0.0055705854
849926,0.006693723
849927,0.9430454
849928,0.79270583
849929,0.036186006
849930,0.15132564
849931,0.014890801
849932,0.8964365
849933,0.10121953
849934,0.019874223
849935,0.9572342
849936,0.09583108
849937,0.02920797
849938,0.023175538
849939,0.6180071
849940,0.94975835
849941,0.86280936
849942,0.7066479
849943,0.9599089
849944,0.08102218
849945,0.04451693
849946,0.06667017
849947,0.95677084
849948,0.023184177
849949,0.21587466
849950,0.9976593
849951,0.9443909
849952,0.018620847
849953,0.9954925
849954,0.96098036
849955,0.092667066
849956,0.023171704
849957,0.111766726
849958,0.22231914
849959,0.972352
849960,0.04620666
849961,0.010117898
849962,0.020455008
849963,0.97225827
849964,0.932953
849965,0.050134912
849966,0.25462112
849967,0.30659032
849968,0.03048031
849969,0.092772886
849970,0.5648602
849971,0.97830504
849972,0.09036506
849973,0.99597657
849974,0.014034494
849975,0.08495855
849976,0.08132815
849977,0.95728076
849978,0.05265006
849979,0.9907163
849980,0.74071276
849981,0.15508908
849982,0.004898568
849983,0.4312712
849984,0.92818606
849985,0.054794855
849986,0.03233958
849987,0.97991264
849988,0.9737917
849989,0.99874234
849990,0.83457595
849991,0.009625332
849992,0.99437195
849993,0.8383259
849994,0.91069204
849995,0.98778594
849996,0.9970182
849997,0.9951253
849998,0.9855809
849999,0.03351364
850000,0.79704094
850001,0.0033540865
850002,0.968017
850003,0.17589349
850004,0.9981585
850005,0.011242037
850006,0.9984236
850007,0.7674842
850008,0.9665806
850009,0.9987066
850010,0.049196985
850011,0.9952465
850012,0.99820864
850013,0.4833461
850014,0.8398881
850015,0.9911434
850016,0.00061939954
850017,0.9426577
850018,0.98566234
850019,0.010259271
850020,0.9857022
850021,0.013124375
850022,0.99513626
850023,0.0019850726
850024,0.036606636
850025,0.00457388
850026,0.93994325
850027,0.62581724
850028,0.5258613
850029,0.5209723
850030,0.6116668
850031,0.009988265
850032,0.9523794
850033,0.9753003
850034,0.82698786
850035,0.0050035105
850036,0.042352483
850037,0.003799005
850038,0.9856752
850039,0.012059079
850040,0.552944
850041,0.07945992
850042,0.91123164
850043,0.35697508
850044,0.9582474
850045,0.99980426
850046,0.9988998
850047,0.9487574
850048,0.14987345
850049,0.047704834
850050,0.7493586
850051,0.9820199
850052,0.98627037
850053,0.9561725
850054,0.021622114
850055,0.8488401
850056,0.8807223
850057,0.122065745
850058,0.99198556
850059,0.017023873
850060,0.04297556
850061,0.5122828
850062,0.2588572
850063,0.98053646
850064,0.52051234
850065,0.9980064
850066,0.9339981
850067,0.6569143
850068,0.3984019
850069,0.1629307
850070,0.011318387
850071,0.017900068
850072,0.42094016
850073,0.045918927
850074,0.5875337
850075,0.18399459
850076,0.0028744317
850077,0.0059252223
850078,0.9873775
850079,0.46227336
850080,0.08079803
850081,0.0006298196
850082,0.4032888
850083,0.8763458
850084,0.15570778
850085,0.297491
850086,0.04122144
850087,0.44006994
850088,0.010986216
850089,0.00670175
850090,0.05383592
850091,0.024343044
850092,0.00822862
850093,0.005518847
850094,0.53668183
850095,0.0021494292
850096,0.0022611674
850097,0.009455704
850098,0.99813616
850099,0.0089986855
850100,0.99845815
850101,0.039989226
850102,0.89212704
850103,0.024980476
850104,0.1085915
850105,0.0053831288
850106,0.02440992
850107,0.7878292
850108,0.13351497
850109,0.62350667
850110,0.9867801
850111,0.8782903
850112,0.006121512
850113,0.10527572
850114,0.903499
850115,0.037508592
850116,0.034944873
850117,0.6831311
850118,0.9560392
850119,0.626672
850120,0.014576899
850121,0.026640778
850122,0.94625616
850123,0.09452729
850124,0.5397476
850125,0.92810726
850126,0.4083531
850127,0.20335338
850128,0.97809696
850129,0.95008403
850130,0.7715465
850131,0.98076504
850132,0.92806983
850133,0.9549376
850134,0.238869
850135,0.21340804
850136,0.78823096
850137,0.8429098
850138,0.23109345
850139,0.08211513
850140,0.16304795
850141,0.99609673
850142,0.9079829
850143,0.045396052
850144,0.07117782
850145,0.010359744
850146,0.8889383
850147,0.80557483
850148,0.039623357
850149,0.007463289
850150,0.059635352
850151,0.016065653
850152,0.8426976
850153,0.285566
850154,0.0045756223
850155,0.013480455
850156,0.0056781378
850157,0.79728854
850158,0.5172692
850159,0.98019886
850160,0.8586055
850161,0.96914995
850162,0.2585922
850163,0.40186727
850164,0.7273746
850165,0.9929795
850166,0.015104219
850167,0.3716132
850168,0.9960719
850169,0.044628546
850170,0.074215144
850171,0.9717583
850172,0.26837978
850173,0.010209879
850174,0.8193696
850175,0.99171376
850176,0.045265865
850177,0.8829235
850178,0.9522331
850179,0.033101957
850180,0.80907667
850181,0.95608526
850182,0.23997355
850183,0.050116833
850184,0.81903243
850185,0.9200001
850186,0.9846399
850187,0.9877424
850188,0.9222998
850189,0.061319847
850190,0.60624784
850191,0.0035055135
850192,0.91988385
850193,0.005445091
850194,0.012167669
850195,0.90499467
850196,0.6469234
850197,0.9982834
850198,0.9895246
850199,0.009190471
850200,0.9911854
850201,0.074457444
850202,0.93865955
850203,0.5463759
850204,0.98100764
850205,0.9932304
850206,0.998576
850207,0.046570793
850208,0.6139812
850209,0.016883083
850210,0.92199254
850211,0.032780908
850212,0.0316604
850213,0.64264107
850214,0.02076574
850215,0.996151
850216,0.9827368
850217,0.4626016
850218,0.9783727
850219,0.010682334
850220,0.99157375
850221,0.71381605
850222,0.021292422
850223,0.9043218
850224,0.92324114
850225,0.09103282
850226,0.20624672
850227,0.0038436702
850228,0.08203208
850229,0.5667748
850230,0.37074396
850231,0.026322136
850232,0.065489456
850233,0.96578836
850234,0.18534425
850235,0.020691594
850236,0.34583628
850237,0.24819224
850238,0.02427299
850239,0.12539473
850240,0.6638467
850241,0.04484544
850242,0.02626616
850243,0.24170378
850244,0.8430021
850245,0.9699516
850246,0.9467529
850247,0.0064787576
850248,0.046360992
850249,0.020051647
850250,0.0055307075
850251,0.21268947
850252,0.086681545
850253,0.013374806
850254,0.010648211
850255,0.99844754
850256,0.014094051
850257,0.05446281
850258,0.9768362
850259,0.0054958053
850260,0.48730585
850261,0.99801546
850262,0.79903257
850263,0.9924234
850264,0.9600153
850265,0.98713475
850266,0.9834318
850267,0.42483348
850268,0.2238293
850269,0.08493183
850270,0.9160857
850271,0.029662052
850272,0.018940352
850273,0.032158922
850274,0.9629981
850275,0.9903922
850276,0.44782686
850277,0.0008849411
850278,0.011603318
850279,0.020625073
850280,0.928095
850281,0.014949488
850282,0.007241181
850283,0.04969775
850284,0.985386
850285,0.018700862
850286,0.9906233
850287,0.9926844
850288,0.0060143685
850289,0.75708926
850290,0.055018425
850291,0.9856519
850292,0.16335805
850293,0.30247736
850294,0.982113
850295,0.51648676
850296,0.4290288
850297,0.9858488
850298,0.9855981
850299,0.013129538
850300,0.108125925
850301,0.9790895
850302,0.81874573
850303,0.041235723
850304,0.76858944
850305,0.30743587
850306,0.03669703
850307,0.069112524
850308,0.9873008
850309,0.7129594
850310,0.5657436
850311,0.98577154
850312,0.9829782
850313,0.84985423
850314,0.95462084
850315,0.032558624
850316,0.081850186
850317,0.04796472
850318,0.9255378
850319,0.08573614
850320,0.0036521412
850321,0.52178335
850322,0.11276537
850323,0.19555095
850324,0.16094118
850325,0.1438816
850326,0.63895774
850327,0.062174298
850328,0.08403276
850329,0.7057042
850330,0.063117936
850331,0.94745415
850332,0.98949176
850333,0.0038939207
850334,0.96222204
850335,0.0067665707
850336,0.016730707
850337,0.0029895166
850338,0.029236898
850339,0.011507346
850340,0.18257776
850341,0.1232353
850342,0.029277144
850343,0.15959758
850344,0.080206886
850345,0.9783064
850346,0.96912825
850347,0.1361568
850348,0.04212401
850349,0.31941462
850350,0.93596405
850351,0.13489413
850352,0.54051524
850353,0.9513731
850354,0.1228514
850355,0.2019653
850356,0.03081536
850357,0.23441724
850358,0.32900822
850359,0.031108394
850360,0.13645536
850361,0.005613504
850362,0.0049829306
850363,0.028657809
850364,0.9918906
850365,0.077889666
850366,0.16966896
850367,0.08449955
850368,0.05752621
850369,0.9414657
850370,0.30159974
850371,0.74439704
850372,0.2557814
850373,0.0865113
850374,0.9927176
850375,0.013524907
850376,0.0017560608
850377,0.996083
850378,0.012133606
850379,0.02256826
850380,0.46435404
850381,0.88964283
850382,0.3710462
850383,0.58178705
850384,0.03856593
850385,0.020116894
850386,0.5555555
850387,0.9157343
850388,0.9515496
850389,0.07966841
850390,0.08555402
850391,0.00943635
850392,0.23565447
850393,0.17725308
850394,0.5488474
850395,0.07243946
850396,0.9948815
850397,0.16195115
850398,0.99325633
850399,0.28813362
850400,0.9657991
850401,0.9187472
850402,0.012868926
850403,0.21521635
850404,0.038197253
850405,0.98388726
850406,0.63188887
850407,0.13455048
850408,0.5540574
850409,0.018645512
850410,0.016203113
850411,0.9981157
850412,0.15250804
850413,0.07986172
850414,0.98600197
850415,0.004945709
850416,0.050619353
850417,0.52737004
850418,0.1267736
850419,0.97936773
850420,0.097622454
850421,0.97734135
850422,0.27436778
850423,0.76607025
850424,0.16417189
850425,0.03556443
850426,0.1210003
850427,0.9836305
850428,0.9897731
850429,0.02645883
850430,0.87860465
850431,0.020216018
850432,0.043776847
850433,0.027155478
850434,0.359041
850435,0.98898137
850436,0.2138663
850437,0.19428025
850438,0.050323833
850439,0.090658225
850440,0.15213689
850441,0.052343145
850442,0.99887145
850443,0.014853728
850444,0.00827563
850445,0.16130094
850446,0.10233876
850447,0.80339897
850448,0.6479434
850449,0.021847619
850450,0.016620481
850451,0.009387465
850452,0.97720265
850453,0.035724543
850454,0.024011228
850455,0.011866674
850456,0.99770844
850457,0.811605
850458,0.98577935
850459,0.90193945
850460,0.15981027
850461,0.9501897
850462,0.04946345
850463,0.90720576
850464,0.024881568
850465,0.974688
850466,0.03829175
850467,0.09886156
850468,0.94126004
850469,0.5643792
850470,0.19299264
850471,0.21027288
850472,0.025343172
850473,0.9772193
850474,0.26268983
850475,0.02288059
850476,0.9858751
850477,0.016593043
850478,0.71350986
850479,0.7953657
850480,0.005610976
850481,0.20713085
850482,0.88881993
850483,0.040286962
850484,0.2617343
850485,0.76306415
850486,0.93554676
850487,0.03247964
850488,0.0056838314
850489,0.05482453
850490,0.898966
850491,0.9931278
850492,0.0930262
850493,0.98655605
850494,0.099793434
850495,0.2810649
850496,0.057740174
850497,0.0133654075
850498,0.90243244
850499,0.98336184
850500,0.9983512
850501,0.059580114
850502,0.5708678
850503,0.9816077
850504,0.0025651269
850505,0.00969786
850506,0.04534368
850507,0.027692711
850508,0.8612775
850509,0.018068044
850510,0.9842539
850511,0.096123844
850512,0.0033864216
850513,0.053860106
850514,0.29453826
850515,0.0050167064
850516,0.54635024
850517,0.014087266
850518,0.16856095
850519,0.00045457363
850520,0.26507416
850521,0.05416003
850522,0.039170783
850523,0.031101378
850524,0.0034772796
850525,0.0072422996
850526,0.9614013
850527,0.99245095
850528,0.53292215
850529,0.04647419
850530,0.94548535
850531,0.44710937
850532,0.3476457
850533,0.9245918
850534,0.014682415
850535,0.002525949
850536,0.9928278
850537,0.8105482
850538,0.9694139
850539,0.07350467
850540,0.011639179
850541,0.99635804
850542,0.009860182
850543,0.010294642
850544,0.014416584
850545,0.6807162
850546,0.939229
850547,0.97994924
850548,0.03620906
850549,0.00440229
850550,0.5189316
850551,0.12852246
850552,0.1292372
850553,0.8877507
850554,0.93671346
850555,0.98936373
850556,0.02283109
850557,0.99963397
850558,0.99112976
850559,0.9973912
850560,0.2300092
850561,0.08456716
850562,0.23892303
850563,0.13103354
850564,0.23867714
850565,0.95421135
850566,0.0028493588
850567,0.01882254
850568,0.99330676
850569,0.045889135
850570,0.5665755
850571,0.8347306
850572,0.008931941
850573,0.88428295
850574,0.1470551
850575,0.9794897
850576,0.6434003
850577,0.5978869
850578,0.99217546
850579,0.96558857
850580,0.02538804
850581,0.5079912
850582,0.7581768
850583,0.9831247
850584,0.09541254
850585,0.96044225
850586,0.9961774
850587,0.016255895
850588,0.05584207
850589,0.9737295
850590,0.04675615
850591,0.15296501
850592,0.97534454
850593,0.06725207
850594,0.14234754
850595,0.00375632
850596,0.9422796
850597,0.0260898
850598,0.6760995
850599,0.13782892
850600,0.7210753
850601,0.008961446
850602,0.9600092
850603,0.2798886
850604,0.013682513
850605,0.32292083
850606,0.91139483
850607,0.9954072
850608,0.5433805
850609,0.0026582647
850610,0.18590467
850611,0.023038674
850612,0.04593299
850613,0.7308675
850614,0.01561597
850615,0.00029443964
850616,0.0060077123
850617,0.82920736
850618,0.29657662
850619,0.032512706
850620,0.73861474
850621,0.9597729
850622,0.11689715
850623,0.014157474
850624,0.93156487
850625,0.06719932
850626,0.941341
850627,0.16896185
850628,0.08866761
850629,0.01034782
850630,0.9877606
850631,0.070065424
850632,0.017161742
850633,0.09111044
850634,0.034193367
850635,0.96559125
850636,0.7577248
850637,0.60641193
850638,0.645398
850639,0.2175118
850640,0.34056062
850641,0.0031234028
850642,0.014912293
850643,0.018405505
850644,0.0035041047
850645,0.99411356
850646,0.4750629
850647,0.51317567
850648,0.015344368
850649,0.81253177
850650,0.5194214
850651,0.89548135
850652,0.7171148
850653,0.9685721
850654,0.02340863
850655,0.020213695
850656,0.07547277
850657,0.9783119
850658,0.024969157
850659,0.6785883
850660,0.011889364
850661,0.0012722141
850662,0.045140594
850663,0.9144129
850664,0.1726764
850665,0.87989414
850666,0.047439136
850667,0.95894414
850668,0.33123094
850669,0.5541978
850670,0.5795177
850671,0.98124933
850672,0.9786666
850673,0.9978568
850674,0.9881264
850675,0.040255822
850676,0.07775439
850677,0.13838771
850678,0.6073855
850679,0.99568737
850680,0.23943442
850681,0.041544437
850682,0.9893723
850683,0.058849923
850684,0.022305353
850685,0.9971877
850686,0.94295835
850687,0.08197826
850688,0.9881743
850689,0.031343535
850690,0.9681965
850691,0.993004
850692,0.9649992
850693,0.33938578
850694,0.06952362
850695,0.32805863
850696,0.05375869
850697,0.046389624
850698,0.99908984
850699,0.011626115
850700,0.8851614
850701,0.47439748
850702,0.021789247
850703,0.62697387
850704,0.9976905
850705,0.59607077
850706,0.025056388
850707,0.16101168
850708,0.055217158
850709,0.6561082
850710,0.046467163
850711,0.95271504
850712,0.9584362
850713,0.013172288
850714,0.63308066
850715,0.09987939
850716,0.4502643
850717,0.9952693
850718,0.96416366
850719,0.020245781
850720,0.0024476242
850721,0.99792314
850722,0.115724824
850723,0.006478139
850724,0.0016080376
850725,0.04651323
850726,0.02916596
850727,0.011579793
850728,0.94295824
850729,0.5122418
850730,0.99874216
850731,0.023013957
850732,0.049323104
850733,0.04891804
850734,0.1338941
850735,0.1700195
850736,0.10197854
850737,0.99544364
850738,0.03729312
850739,0.98889995
850740,0.8574607
850741,0.9769161
850742,0.124568924
850743,0.006608503
850744,0.76382977
850745,0.01867824
850746,0.37850523
850747,0.2918748
850748,0.72307026
850749,0.01353536
850750,0.064910725
850751,0.015860215
850752,0.99910164
850753,0.07848035
850754,0.040190425
850755,0.2197842
850756,0.09367913
850757,0.9660558
850758,0.05760093
850759,0.13356085
850760,0.12042667
850761,0.3367467
850762,0.014384817
850763,0.19441132
850764,0.5881045
850765,0.99617624
850766,0.004568168
850767,0.0046284017
850768,0.9485758
850769,0.034894828
850770,0.019019622
850771,0.9978143
850772,0.008872295
850773,0.0073260977
850774,0.98685944
850775,0.9911355
850776,0.07789807
850777,0.870918
850778,0.075363174
850779,0.7851263
850780,0.706784
850781,0.96355855
850782,0.02411631
850783,0.7118437
850784,0.10505066
850785,0.26606277
850786,0.016204381
850787,0.9862294
850788,0.00914783
850789,0.9633185
850790,0.0075566815
850791,0.96435934
850792,0.98929846
850793,0.034906745
850794,0.2342566
850795,0.8349117
850796,0.011814672
850797,0.91491973
850798,0.99299
850799,0.9959943
850800,0.0296067
850801,0.08597657
850802,0.28180736
850803,0.991799
850804,0.94512403
850805,0.07778678
850806,0.17429301
850807,0.23433548
850808,0.16197202
850809,0.701271
850810,0.06844179
850811,0.6037127
850812,0.011861029
850813,0.88114256
850814,0.014748122
850815,0.991575
850816,0.0007892885
850817,0.97931105
850818,0.87587893
850819,0.87019193
850820,0.025045708
850821,0.30371827
850822,0.9632329
850823,0.8331156
850824,0.9920931
850825,0.0047414405
850826,0.012310394
850827,0.03039303
850828,0.26485097
850829,0.02439781
850830,0.89054877
850831,0.022621188
850832,0.98699105
850833,0.57029504
850834,0.025292197
850835,0.006855808
850836,0.9880324
850837,0.0218424
850838,0.1194423
850839,0.053441554
850840,0.96608555
850841,0.81808865
850842,0.98960304
850843,0.34197366
850844,0.18077722
850845,0.4514681
850846,0.9634861
850847,0.9736167
850848,0.018658822
850849,0.074063614
850850,0.059865724
850851,0.019143948
850852,0.7361097
850853,0.9944281
850854,0.2227161
850855,0.9893163
850856,0.98928106
850857,0.05620586
850858,0.99768144
850859,0.012848049
850860,0.03161818
850861,0.8357865
850862,0.99102664
850863,0.031254984
850864,0.044991236
850865,0.008705115
850866,0.24382001
850867,0.9664109
850868,0.98229134
850869,0.3966097
850870,0.03002606
850871,0.005764071
850872,0.98493636
850873,0.93597615
850874,0.99532956
850875,0.8320649
850876,0.9977835
850877,0.018393043
850878,0.39765555
850879,0.87227535
850880,0.53643626
850881,0.20782916
850882,0.030296069
850883,0.99375945
850884,0.96391845
850885,0.0060401317
850886,0.5898561
850887,0.6905569
850888,0.0029447635
850889,0.9788629
850890,0.6287722
850891,0.9932078
850892,0.008608079
850893,0.92795616
850894,0.029733343
850895,0.010900944
850896,0.99955386
850897,0.96587086
850898,0.99684596
850899,0.75905883
850900,0.85027343
850901,0.1766255
850902,0.21482986
850903,0.10216992
850904,0.9906652
850905,0.18906052
850906,0.017005228
850907,0.0083368495
850908,0.031610325
850909,0.11519306
850910,0.9962971
850911,0.10219911
850912,0.8361391
850913,0.99010885
850914,0.020270254
850915,0.016774999
850916,0.8042598
850917,0.8334442
850918,0.0031910578
850919,0.28636837
850920,0.9973117
850921,0.9958154
850922,0.026883654
850923,0.0060154884
850924,0.9625215
850925,0.78471625
850926,0.98524964
850927,0.5186448
850928,0.7497893
850929,0.06946488
850930,0.47762316
850931,0.8240897
850932,0.021761218
850933,0.016314728
850934,0.017082259
850935,0.03593075
850936,0.7773337
850937,0.007493646
850938,0.0066199074
850939,0.017048309
850940,0.072543815
850941,0.99876964
850942,0.60910857
850943,0.8612698
850944,0.63372934
850945,0.033300225
850946,0.00307161
850947,0.0033580877
850948,0.9893807
850949,0.9284961
850950,0.9335599
850951,0.88020325
850952,0.032996267
850953,0.03222528
850954,0.011607278
850955,0.9946872
850956,0.010145982
850957,0.04495885
850958,0.16467676
850959,0.49507716
850960,0.03030792
850961,0.13980366
850962,0.6313082
850963,0.010647033
850964,0.12779184
850965,0.9505163
850966,0.96425116
850967,0.14701568
850968,0.9598362
850969,0.013464661
850970,0.9913113
850971,0.9885558
850972,0.035537597
850973,0.8573103
850974,0.9795756
850975,0.76364106
850976,0.8683646
850977,0.02093961
850978,0.005766467
850979,0.009337068
850980,0.9219618
850981,0.98845834
850982,0.056143936
850983,0.72050625
850984,0.95991075
850985,0.005477749
850986,0.07593947
850987,0.9876652
850988,0.9778459
850989,0.99275434
850990,0.9311701
850991,0.2683997
850992,0.91856825
850993,0.94189084
850994,0.32673225
850995,0.031072233
850996,0.0066108047
850997,0.011602348
850998,0.03344808
850999,0.9815485
851000,0.03357842
851001,0.98181957
851002,0.8788912
851003,0.007970275
851004,0.051463284
851005,0.11460738
851006,0.9882621
851007,0.14931223
851008,0.53115475
851009,0.8327838
851010,0.8984922
851011,0.015505614
851012,0.21405138
851013,0.9948052
851014,0.42567196
851015,0.9710669
851016,0.99507385
851017,0.013891462
851018,0.027725168
851019,0.42777938
851020,0.057846166
851021,0.019117933
851022,0.018733509
851023,0.5206169
851024,0.93935025
851025,0.71770865
851026,0.020174136
851027,0.009521534
851028,0.1132238
851029,0.01497291
851030,0.02089966
851031,0.9503931
851032,0.904418
851033,0.96420085
851034,0.63235193
851035,0.9759579
851036,0.9878995
851037,0.015594829
851038,0.9654758
851039,0.7646064
851040,0.01249821
851041,0.6631597
851042,0.196347
851043,0.09938122
851044,0.15923704
851045,0.6684534
851046,0.9679048
851047,0.14657584
851048,0.78626645
851049,0.99234164
851050,0.67958885
851051,0.29201183
851052,0.85972375
851053,0.77798367
851054,0.02986791
851055,0.07490066
851056,0.041084863
851057,0.07684399
851058,0.16965866
851059,0.97837937
851060,0.5678013
851061,0.22764915
851062,0.4207789
851063,0.9954883
851064,0.0051708533
851065,0.069499746
851066,0.01352692
851067,0.062109187
851068,0.84537125
851069,0.8285761
851070,0.08178368
851071,0.4621145
851072,0.7616201
851073,0.24671122
851074,0.023167413
851075,0.99247485
851076,0.22492875
851077,0.07907748
851078,0.0022730464
851079,0.99897146
851080,0.046209306
851081,0.02725042
851082,0.0036293464
851083,0.0025429525
851084,0.9953991
851085,0.98390794
851086,0.30968255
851087,0.008821324
851088,0.0041243276
851089,0.97572803
851090,0.016778534
851091,0.029296177
851092,0.91879433
851093,0.020430805
851094,0.010532024
851095,0.008543466
851096,0.6950504
851097,0.9259361
851098,0.97291744
851099,0.85076797
851100,0.032110356
851101,0.007422832
851102,0.46299577
851103,0.7992833
851104,0.2679267
851105,0.011318327
851106,0.5103246
851107,0.99349177
851108,0.9346659
851109,0.5851197
851110,0.0042883595
851111,0.9612536
851112,0.5857472
851113,0.04819299
851114,0.030673558
851115,0.99810934
851116,0.9846585
851117,0.98976177
851118,0.032412503
851119,0.028174723
851120,0.40103328
851121,0.6327734
851122,0.8456097
851123,0.0037129938
851124,0.035579514
851125,0.026888669
851126,0.03184334
851127,0.87579286
851128,0.18491457
851129,0.0542949
851130,0.13666455
851131,0.9630681
851132,0.9735104
851133,0.7194114
851134,0.0071831523
851135,0.9848048
851136,0.042562358
851137,0.99675375
851138,0.26275083
851139,0.9964361
851140,0.025087174
851141,0.9875166
851142,0.022008406
851143,0.0070286766
851144,0.008741166
851145,0.11073384
851146,0.008648161
851147,0.80618787
851148,0.4472943
851149,0.95497465
851150,0.89448166
851151,0.80094093
851152,0.76136136
851153,0.54412544
851154,0.0076773353
851155,0.96406317
851156,0.0051729167
851157,0.01228114
851158,0.9773533
851159,0.96876556
851160,0.8606515
851161,0.19546166
851162,0.8594692
851163,0.07724821
851164,0.01005214
851165,0.06854014
851166,0.87472504
851167,0.76211494
851168,0.92962587
851169,0.5873379
851170,0.039658107
851171,0.99618
851172,0.99801964
851173,0.0020363568
851174,0.011675903
851175,0.016210426
851176,0.012345731
851177,0.8258779
851178,0.8907072
851179,0.9689045
851180,0.0031940546
851181,0.0071037197
851182,0.9824411
851183,0.7274601
851184,0.024891095
851185,0.020253796
851186,0.45026094
851187,0.1577117
851188,0.0030345712
851189,0.9888748
851190,0.008850183
851191,0.16620491
851192,0.085669786
851193,0.85776174
851194,0.025789004
851195,0.02372382
851196,0.08604499
851197,0.029310878
851198,0.02961106
851199,0.028304521
851200,0.72887087
851201,0.9711843
851202,0.011833531
851203,0.008344732
851204,0.012743734
851205,0.48509255
851206,0.9997077
851207,0.017144812
851208,0.11901625
851209,0.0084322225
851210,0.034643993
851211,0.7621207
851212,0.78133553
851213,0.058060035
851214,0.0033356417
851215,0.23636775
851216,0.012933054
851217,0.04494206
851218,0.8908093
851219,0.019957991
851220,0.960781
851221,0.037689276
851222,0.011611879
851223,0.39213407
851224,0.044419114
851225,0.018214358
851226,0.053749945
851227,0.016552523
851228,0.95160985
851229,0.2607841
851230,0.654588
851231,0.9882215
851232,0.6963175
851233,0.99199224
851234,0.98604137
851235,0.9945825
851236,0.5488126
851237,0.021754477
851238,0.009111161
851239,0.7260423
851240,0.009512377
851241,0.9963541
851242,0.927075
851243,0.012567402
851244,0.88201904
851245,0.5732162
851246,0.997952
851247,0.046645388
851248,0.012094691
851249,0.99535793
851250,0.0012132501
851251,0.9666221
851252,0.020680714
851253,0.16039366
851254,0.06395554
851255,0.009662299
851256,0.12509513
851257,0.9890294
851258,0.005932674
851259,0.5790199
851260,0.07640628
851261,0.18472388
851262,0.035210826
851263,0.18975614
851264,0.038775392
851265,0.0053437436
851266,0.007627746
851267,0.0096030105
851268,0.2115769
851269,0.07486693
851270,0.4363475
851271,0.9980167
851272,0.022931682
851273,0.01674314
851274,0.011074275
851275,0.0074136723
851276,0.9695765
851277,0.9256834
851278,0.30168086
851279,0.30093414
851280,0.21806389
851281,0.013569351
851282,0.14292476
851283,0.019426633
851284,0.953684
851285,0.19200434
851286,0.016405018
851287,0.3459283
851288,0.073785305
851289,0.7376654
851290,0.01966777
851291,0.99542123
851292,0.023731057
851293,0.0068178354
851294,0.087372504
851295,0.7519903
851296,0.0155750755
851297,0.17180723
851298,0.9438586
851299,0.9919959
851300,0.07056381
851301,0.30907264
851302,0.9754567
851303,0.018968489
851304,0.89430296
851305,0.053550422
851306,0.050355524
851307,0.93862265
851308,0.8556627
851309,0.98165226
851310,0.071750626
851311,0.33168936
851312,0.8984025
851313,0.05237709
851314,0.95357645
851315,0.13652611
851316,0.98928523
851317,0.99505043
851318,0.009167239
851319,0.98849064
851320,0.9898314
851321,0.9925474
851322,0.0068635605
851323,0.76465726
851324,0.019692045
851325,0.9011034
851326,0.07591159
851327,0.014806882
851328,0.04380005
851329,0.06767414
851330,0.96568704
851331,0.058215104
851332,0.7021169
851333,0.099435665
851334,0.045361564
851335,0.14206384
851336,0.19856778
851337,0.46911484
851338,0.9558476
851339,0.21591426
851340,0.9941836
851341,0.030325688
851342,0.47710717
851343,0.14802672
851344,0.9396395
851345,0.9679234
851346,0.99574316
851347,0.03899426
851348,0.011898092
851349,0.056685165
851350,0.054670166
851351,0.6323998
851352,0.03981301
851353,0.016414333
851354,0.03184336
851355,0.99745554
851356,0.9858258
851357,0.99252325
851358,0.74999684
851359,0.0030345675
851360,0.98880684
851361,0.008059816
851362,0.41067287
851363,0.6326465
851364,0.0075820303
851365,0.73317254
851366,0.9852999
851367,0.62852734
851368,0.016842607
851369,0.04995627
851370,0.89296365
851371,0.08365986
851372,0.0058399793
851373,0.03765586
851374,0.89301777
851375,0.98626834
851376,0.047360197
851377,0.036334448
851378,0.096769206
851379,0.32374883
851380,0.9845544
851381,0.47196558
851382,0.39555666
851383,0.21807548
851384,0.04130794
851385,0.88610643
851386,0.037155725
851387,0.9834185
851388,0.9863001
851389,0.9516838
851390,0.010876631
851391,0.8820292
851392,0.011177473
851393,0.86582756
851394,0.025128456
851395,0.9802211
851396,0.9537518
851397,0.19991651
851398,0.7355945
851399,0.041805357
851400,0.45311856
851401,0.7091785
851402,0.047396895
851403,0.83455634
851404,0.18551861
851405,0.82028866
851406,0.2053458
851407,0.0079743
851408,0.54512495
851409,0.14867878
851410,0.5650245
851411,0.027064303
851412,0.95954365
851413,0.94919586
851414,0.044152822
851415,0.0060584545
851416,0.13180085
851417,0.090313934
851418,0.95664394
851419,0.95379657
851420,0.022758203
851421,0.14392075
851422,0.99845123
851423,0.039156068
851424,0.9888855
851425,0.22242378
851426,0.9578176
851427,0.11544104
851428,0.3631753
851429,0.99054295
851430,0.010992736
851431,0.9655247
851432,0.034454275
851433,0.011486499
851434,0.069076754
851435,0.9462947
851436,0.17015168
851437,0.8763509
851438,0.8344528
851439,0.017832417
851440,0.030766234
851441,0.8568208
851442,0.25278047
851443,0.008495766
851444,0.9443699
851445,0.7519862
851446,0.054562796
851447,0.033512786
851448,0.022188796
851449,0.010775186
851450,0.95350033
851451,0.009739684
851452,0.12601769
851453,0.033832714
851454,0.7620064
851455,0.013115844
851456,0.9805286
851457,0.99038786
851458,0.25199097
851459,0.1640259
851460,0.8909012
851461,0.9818466
851462,0.9939252
851463,0.020764235
851464,0.30632603
851465,0.6264012
851466,0.039409477
851467,0.8828712
851468,0.71017176
851469,0.7433779
851470,0.57332695
851471,0.822943
851472,0.03304094
851473,0.4764429
851474,0.13173932
851475,0.86784905
851476,0.007842737
851477,0.013547498
851478,0.93839777
851479,0.99649525
851480,0.2669419
851481,0.25309798
851482,0.013555674
851483,0.99588
851484,0.18010196
851485,0.647248
851486,0.043708675
851487,0.9917933
851488,0.036720928
851489,0.9693397
851490,0.02548074
851491,0.016634498
851492,0.9971443
851493,0.8350656
851494,0.012872798
851495,0.42604673
851496,0.90140605
851497,0.6093721
851498,0.09081335
851499,0.9856583
851500,0.8898839
851501,0.953312
851502,0.9735012
851503,0.13989316
851504,0.27517787
851505,0.1827271
851506,0.5650121
851507,0.86003506
851508,0.008832647
851509,0.9826853
851510,0.10346026
851511,0.12847947
851512,0.015739342
851513,0.045946214
851514,0.79983705
851515,0.3900952
851516,0.99329746
851517,0.2927627
851518,0.007381801
851519,0.9976508
851520,0.99672323
851521,0.086032756
851522,0.21303326
851523,0.020930756
851524,0.80423325
851525,0.99237144
851526,0.11192137
851527,0.01748941
851528,0.13548964
851529,0.096014105
851530,0.8958997
851531,0.9187155
851532,0.0117390845
851533,0.9931117
851534,0.114648946
851535,0.011953994
851536,0.036902085
851537,0.008061439
851538,0.19946286
851539,0.014130761
851540,0.0036178064
851541,0.9689745
851542,0.4532324
851543,0.21640259
851544,0.0056987144
851545,0.99194676
851546,0.989223
851547,0.939778
851548,0.9871164
851549,0.004513087
851550,0.06817489
851551,0.49612632
851552,0.14244525
851553,0.0021786212
851554,0.104110524
851555,0.69525373
851556,0.023927402
851557,0.3627908
851558,0.0074186358
851559,0.64605623
851560,0.0881142
851561,0.9131559
851562,0.041889057
851563,0.015098129
851564,0.033620693
851565,0.048425157
851566,0.9821409
851567,0.040215764
851568,0.016469292
851569,0.008978763
851570,0.17854051
851571,0.944314
851572,0.66354525
851573,0.9708543
851574,0.4547161
851575,0.003926298
851576,0.6810115
851577,0.8734027
851578,0.018473448
851579,0.99742603
851580,0.007877817
851581,0.031432837
851582,0.03173753
851583,0.98843765
851584,0.003353823
851585,0.97651625
851586,0.4383257
851587,0.006681946
851588,0.8699813
851589,0.5044849
851590,0.025881652
851591,0.751578
851592,0.99767756
851593,0.98982716
851594,0.1678573
851595,0.9972422
851596,0.80277103
851597,0.9815257
851598,0.014179012
851599,0.45398018
851600,0.53815156
851601,0.30052134
851602,0.14371414
851603,0.011401913
851604,0.9533734
851605,0.9909131
851606,0.21549919
851607,0.04905881
851608,0.9927237
851609,0.9734201
851610,0.6145946
851611,0.026643498
851612,0.72063124
851613,0.013480738
851614,0.084277906
851615,0.1447274
851616,0.38378534
851617,0.6373006
851618,0.02472663
851619,0.04891817
851620,0.9986737
851621,0.9852426
851622,0.22090678
851623,0.006206729
851624,0.9836781
851625,0.12648545
851626,0.13795157
851627,0.9965807
851628,0.47602117
851629,0.8656702
851630,0.2938585
851631,0.0416751
851632,0.8333491
851633,0.41854712
851634,0.037053354
851635,0.99886703
851636,0.962368
851637,0.9851161
851638,0.74966717
851639,0.010362669
851640,0.99968594
851641,0.90229535
851642,0.9519484
851643,0.05134188
851644,0.06373756
851645,0.020181192
851646,0.0374586
851647,0.3528586
851648,0.28133902
851649,0.003268159
851650,0.010432829
851651,0.014765045
851652,0.51370776
851653,0.9263326
851654,0.9961441
851655,0.0015456136
851656,0.9875764
851657,0.23874658
851658,0.0090633165
851659,0.90362775
851660,0.82415164
851661,0.0069437786
851662,0.005866032
851663,0.20900317
851664,0.9246453
851665,0.002238494
851666,0.004957287
851667,0.4793315
851668,0.060998946
851669,0.9904946
851670,0.9064518
851671,0.008641015
851672,0.06430466
851673,0.015794966
851674,0.033733208
851675,0.029339025
851676,0.46239504
851677,0.99375933
851678,0.014294963
851679,0.07303442
851680,0.9958763
851681,0.98778224
851682,0.029621394
851683,0.9941524
851684,0.046814077
851685,0.0074232123
851686,0.08494195
851687,0.09396247
851688,0.75572574
851689,0.93183607
851690,0.22970933
851691,0.028474806
851692,0.98225
851693,0.8376392
851694,0.141578
851695,0.13585752
851696,0.072435975
851697,0.55691016
851698,0.01895328
851699,0.24139109
851700,0.0012809576
851701,0.045119043
851702,0.9619975
851703,0.983575
851704,0.7384088
851705,0.2209543
851706,0.99223316
851707,0.027438639
851708,0.99257725
851709,0.99478436
851710,0.9483086
851711,0.8916844
851712,0.05288034
851713,0.8753876
851714,0.031596027
851715,0.023560904
851716,0.98881495
851717,0.9606033
851718,0.08584793
851719,0.27457243
851720,0.0033947667
851721,0.0013073367
851722,0.067198806
851723,0.041680455
851724,0.99042046
851725,0.011484743
851726,0.029149693
851727,0.9160286
851728,0.8938199
851729,0.095538095
851730,0.8168811
851731,0.12113304
851732,0.019625347
851733,0.0020549614
851734,0.9924379
851735,0.029709572
851736,0.9843803
851737,0.111692935
851738,0.050722968
851739,0.009248007
851740,0.07052624
851741,0.29098672
851742,0.0061660474
851743,0.04878016
851744,0.011122977
851745,0.007897842
851746,0.39144835
851747,0.06549078
851748,0.9228089
851749,0.6677959
851750,0.78356326
851751,0.81055534
851752,0.018268233
851753,0.93491113
851754,0.9358377
851755,0.7603551
851756,0.024228372
851757,0.8411809
851758,0.8954484
851759,0.017446803
851760,0.9695413
851761,0.14236358
851762,0.1049385
851763,0.027580835
851764,0.008081739
851765,0.88245857
851766,0.7022609
851767,0.8866275
851768,0.03294513
851769,0.8591356
851770,0.11472846
851771,0.8931563
851772,0.9563284
851773,0.9602778
851774,0.81822705
851775,0.018906483
851776,0.9576559
851777,0.054889724
851778,0.99604756
851779,0.032070834
851780,0.9552536
851781,0.09485023
851782,0.15209915
851783,0.96831405
851784,0.009842315
851785,0.010715008
851786,0.008438719
851787,0.6400143
851788,0.87164193
851789,0.008318474
851790,0.69109684
851791,0.19860935
851792,0.9237243
851793,0.98535043
851794,0.9420949
851795,0.9270173
851796,0.027539978
851797,0.9239552
851798,0.21707626
851799,0.9656305
851800,0.99681306
851801,0.04056582
851802,0.9994809
851803,0.028325908
851804,0.0024894539
851805,0.9659437
851806,0.2664324
851807,0.939067
851808,0.07720008
851809,0.95874196
851810,0.046645314
851811,0.029464887
851812,0.9915803
851813,0.04825642
851814,0.6278886
851815,0.014093788
851816,0.7521898
851817,0.053633094
851818,0.041053034
851819,0.6878977
851820,0.69872826
851821,0.38444594
851822,0.9940925
851823,0.8992853
851824,0.012420075
851825,0.7947031
851826,0.10919303
851827,0.004260739
851828,0.36383718
851829,0.9990942
851830,0.9224444
851831,0.16084668
851832,0.085613966
851833,0.028506588
851834,0.6838618
851835,0.8383162
851836,0.0074611367
851837,0.886986
851838,0.9853371
851839,0.95171434
851840,0.020157583
851841,0.9933585
851842,0.014535738
851843,0.45328286
851844,0.6016348
851845,0.12913536
851846,0.058721475
851847,0.88351476
851848,0.1771496
851849,0.7179343
851850,0.029558701
851851,0.9222624
851852,0.002679991
851853,0.20031035
851854,0.0072055547
851855,0.062227696
851856,0.042937644
851857,0.31293845
851858,0.009943654
851859,0.9109576
851860,0.0423055
851861,0.0066683143
851862,0.9977638
851863,0.10747937
851864,0.19566101
851865,0.049361657
851866,0.23225637
851867,0.98743206
851868,0.36682862
851869,0.046478048
851870,0.9853835
851871,0.0060183965
851872,0.0173922
851873,0.086935036
851874,0.0049258852
851875,0.01583198
851876,0.15976512
851877,0.656342
851878,0.06779148
851879,0.060909398
851880,0.023957944
851881,0.022842042
851882,0.0042326436
851883,0.48466158
851884,0.0153240245
851885,0.19686005
851886,0.93760085
851887,0.42387366
851888,0.060234513
851889,0.040615786
851890,0.5816408
851891,0.07885164
851892,0.02035918
851893,0.03657656
851894,0.0030180067
851895,0.012860538
851896,0.014238331
851897,0.010222201
851898,0.15854941
851899,0.35992962
851900,0.09046267
851901,0.59252834
851902,0.06667313
851903,0.94180137
851904,0.429748
851905,0.54720205
851906,0.0941414
851907,0.97988015
851908,0.29285663
851909,0.003562985
851910,0.99096733
851911,0.9270771
851912,0.006539499
851913,0.0119689265
851914,0.97886676
851915,0.8474842
851916,0.015523527
851917,0.739315
851918,0.99612033
851919,0.04993812
851920,0.99815065
851921,0.83096623
851922,0.3338217
851923,0.9981695
851924,0.019719344
851925,0.92574227
851926,0.31546652
851927,0.016616808
851928,0.014494782
851929,0.79065573
851930,0.01707621
851931,0.0014836479
851932,0.92222667
851933,0.9804576
851934,0.72415614
851935,0.013543236
851936,0.50637406
851937,0.75153923
851938,0.9720727
851939,0.98950505
851940,0.7845168
851941,0.99198383
851942,0.8746309
851943,0.6825169
851944,0.7999183
851945,0.20959637
851946,0.0022873282
851947,0.020071225
851948,0.8905451
851949,0.0010975591
851950,0.026647633
851951,0.26655734
851952,0.9876186
851953,0.21392848
851954,0.0022187268
851955,0.8864459
851956,0.5631512
851957,0.44848835
851958,0.981863
851959,0.68617225
851960,0.003894777
851961,0.13958125
851962,0.0058548767
851963,0.96469915
851964,0.0023900557
851965,0.95073956
851966,0.22201869
851967,0.009735227
851968,0.9616099
851969,0.028876498
851970,0.162992
851971,0.5157648
851972,0.044838477
851973,0.808946
851974,0.99745256
851975,0.6979458
851976,0.7139374
851977,0.92930764
851978,0.9770762
851979,0.44214672
851980,0.8364926
851981,0.0015222582
851982,0.048249014
851983,0.9366009
851984,0.011635343
851985,0.20897219
851986,0.05308641
851987,0.99148583
851988,0.32102132
851989,0.05583647
851990,0.011000594
851991,0.774032
851992,0.67924255
851993,0.014257054
851994,0.9972066
851995,0.014972074
851996,0.14946955
851997,0.0086176535
851998,0.04365784
851999,0.036150075
852000,0.44497746
852001,0.013747929
852002,0.9780594
852003,0.98914003
852004,0.9650452
852005,0.98310304
852006,0.9561453
852007,0.016945364
852008,0.10991886
852009,0.34502697
852010,0.49020246
852011,0.99735194
852012,0.0846461
852013,0.05571648
852014,0.97028685
852015,0.9960046
852016,0.88182807
852017,0.99781007
852018,0.2507428
852019,0.8737905
852020,0.3342815
852021,0.8677584
852022,0.023395095
852023,0.12271072
852024,0.9274477
852025,0.9793334
852026,0.14786866
852027,0.96691
852028,0.02646286
852029,0.05298695
852030,0.0132142175
852031,0.17393582
852032,0.084263794
852033,0.011533679
852034,0.9950931
852035,0.818749
852036,0.98996365
852037,0.97512144
852038,0.88950586
852039,0.9258195
852040,0.08468056
852041,0.0052751256
852042,0.014211716
852043,0.46730947
852044,0.9141148
852045,0.007468585
852046,0.0075108567
852047,0.049833894
852048,0.6496744
852049,0.014357989
852050,0.7881566
852051,0.058250695
852052,0.09159603
852053,0.28390706
852054,0.10841344
852055,0.9590858
852056,0.9784292
852057,0.014258103
852058,0.9097064
852059,0.059728906
852060,0.9347893
852061,0.99257994
852062,0.9671052
852063,0.99343014
852064,0.7506353
852065,0.9775709
852066,0.749974
852067,0.7616092
852068,0.050420593
852069,0.992969
852070,0.5973314
852071,0.00967212
852072,0.9981201
852073,0.316666
852074,0.06815134
852075,0.051312745
852076,0.9215649
852077,0.017153399
852078,0.9989517
852079,0.99517167
852080,0.0037668757
852081,0.01323997
852082,0.94429255
852083,0.0076418007
852084,0.98454165
852085,0.042993434
852086,0.9840828
852087,0.0020415515
852088,0.96999276
852089,0.8568422
852090,0.9948147
852091,0.0045519345
852092,0.000856893
852093,0.0013708594
852094,0.55003667
852095,0.98341227
852096,0.009348381
852097,0.99495375
852098,0.030661177
852099,0.15795548
852100,0.6978698
852101,0.95611644
852102,0.08143172
852103,0.01064169
852104,0.94505966
852105,0.17086439
852106,0.87577
852107,0.7177672
852108,0.52373904
852109,0.4828201
852110,0.89922243
852111,0.019004755
852112,0.058084406
852113,0.8041327
852114,0.9942047
852115,0.011086737
852116,0.883464
852117,0.68212664
852118,0.004981709
852119,0.042819254
852120,0.80720806
852121,0.9973762
852122,0.05747901
852123,0.016144129
852124,0.0061879554
852125,0.010160099
852126,0.21081054
852127,0.98813975
852128,0.002786408
852129,0.9305514
852130,0.9304305
852131,0.4857784
852132,0.013236738
852133,0.9986416
852134,0.0627321
852135,0.023293661
852136,0.9826226
852137,0.9893591
852138,0.32556546
852139,0.08993621
852140,0.34761298
852141,0.022510793
852142,0.12300409
852143,0.62919796
852144,0.041780338
852145,0.9975604
852146,0.16262226
852147,0.9980611
852148,0.22993574
852149,0.057920776
852150,0.07152067
852151,0.07797565
852152,0.9900943
852153,0.4089959
852154,0.009917464
852155,0.4704766
852156,0.054996263
852157,0.2181884
852158,0.60641265
852159,0.9690659
852160,0.99256355
852161,0.45245895
852162,0.02497608
852163,0.8857638
852164,0.015658788
852165,0.9531388
852166,0.97514176
852167,0.01937864
852168,0.78604317
852169,0.7589037
852170,0.9996011
852171,0.0137693025
852172,0.95725137
852173,0.9987709
852174,0.8913431
852175,0.0483993
852176,0.7388994
852177,0.60122067
852178,0.004657343
852179,0.66043407
852180,0.7792121
852181,0.11835414
852182,0.9969402
852183,0.0061971466
852184,0.9325462
852185,0.051064752
852186,0.071614094
852187,0.9974215
852188,0.9552765
852189,0.2979407
852190,0.011930892
852191,0.95913446
852192,0.99747336
852193,0.31040275
852194,0.3700377
852195,0.9628769
852196,0.9725664
852197,0.0621798
852198,0.99799174
852199,0.11148926
852200,0.56732726
852201,0.015912171
852202,0.024809683
852203,0.010607876
852204,0.9451556
852205,0.072590075
852206,0.02295965
852207,0.98355937
852208,0.14410417
852209,0.030312235
852210,0.94346267
852211,0.13482921
852212,0.0058336374
852213,0.91386765
852214,0.08806031
852215,0.9989359
852216,0.06840153
852217,0.9142729
852218,0.019106962
852219,0.0033079453
852220,0.9874207
852221,0.74129605
852222,0.9992019
852223,0.0149969775
852224,0.023769371
852225,0.0044102543
852226,0.61454
852227,0.68990463
852228,0.0041307793
852229,0.64494693
852230,0.96213675
852231,0.3586884
852232,0.9868107
852233,0.052762788
852234,0.99143285
852235,0.016998542
852236,0.99122506
852237,0.015248425
852238,0.1706292
852239,0.9847752
852240,0.005125679
852241,0.7105514
852242,0.831354
852243,0.67629796
852244,0.6573937
852245,0.31904832
852246,0.022147737
852247,0.007243477
852248,0.48436147
852249,0.6822381
852250,0.69687796
852251,0.111407235
852252,0.7808066
852253,0.021016005
852254,0.813592
852255,0.9926577
852256,0.041862912
852257,0.80812323
852258,0.088827044
852259,0.9990413
852260,0.6734575
852261,0.011951596
852262,0.99886763
852263,0.97845733
852264,0.9121087
852265,0.818188
852266,0.10332596
852267,0.27626497
852268,0.09841544
852269,0.06798563
852270,0.03475754
852271,0.074112654
852272,0.014577036
852273,0.98519003
852274,0.990865
852275,0.01331695
852276,0.22415772
852277,0.9948987
852278,0.107993625
852279,0.9788313
852280,0.31024975
852281,0.98443806
852282,0.767245
852283,0.013982481
852284,0.043739647
852285,0.9137333
852286,0.2129197
852287,0.7429801
852288,0.6777816
852289,0.032404337
852290,0.8423015
852291,0.022553146
852292,0.040030446
852293,0.06605737
852294,0.9739403
852295,0.8887428
852296,0.05306323
852297,0.12708586
852298,0.8075673
852299,0.9514999
852300,0.92513984
852301,0.98427534
852302,0.8347706
852303,0.8787272
852304,0.17792928
852305,0.8672036
852306,0.46715376
852307,0.62534314
852308,0.6691668
852309,0.8615922
852310,0.4816152
852311,0.056348428
852312,0.105108276
852313,0.18224223
852314,0.8638058
852315,0.124115966
852316,0.7300409
852317,0.99301064
852318,0.18359981
852319,0.6592777
852320,0.9978516
852321,0.029155467
852322,0.92927766
852323,0.5115587
852324,0.0071396707
852325,0.86986744
852326,0.5455488
852327,0.9724534
852328,0.89227456
852329,0.01019326
852330,0.17844383
852331,0.7781589
852332,0.8996344
852333,0.9624411
852334,0.012403995
852335,0.6466926
852336,0.008894322
852337,0.9980325
852338,0.84424037
852339,0.71511
852340,0.0044303774
852341,0.86633736
852342,0.8540009
852343,0.051766343
852344,0.6754394
852345,0.013424229
852346,0.9927749
852347,0.9987818
852348,0.6664561
852349,0.6227014
852350,0.942442
852351,0.9985994
852352,0.93671715
852353,0.013191777
852354,0.79264796
852355,0.55141425
852356,0.021497445
852357,0.005251457
852358,0.9673304
852359,0.406475
852360,0.5629976
852361,0.09651036
852362,0.014431776
852363,0.8909312
852364,0.025477104
852365,0.98956895
852366,0.9995675
852367,0.9834947
852368,0.97968906
852369,0.0074760327
852370,0.022041094
852371,0.9921434
852372,0.0042438493
852373,0.56556624
852374,0.060879186
852375,0.3085664
852376,0.066249
852377,0.6038769
852378,0.7246547
852379,0.97586286
852380,0.64568114
852381,0.86462724
852382,0.55043113
852383,0.03491825
852384,0.27069262
852385,0.026813243
852386,0.05282882
852387,0.15681976
852388,0.004774419
852389,0.1286483
852390,0.034765303
852391,0.7227108
852392,0.04283823
852393,0.6641658
852394,0.55079025
852395,0.16492644
852396,0.89225864
852397,0.20843741
852398,0.97121155
852399,0.04713358
852400,0.8531723
852401,0.99000716
852402,0.9964671
852403,0.3384964
852404,0.0041978955
852405,0.031602528
852406,0.8875891
852407,0.05537408
852408,0.12988935
852409,0.95849633
852410,0.0018407453
852411,0.8179289
852412,0.025330748
852413,0.014919395
852414,0.9921155
852415,0.06750431
852416,0.99191177
852417,0.9829407
852418,0.0062943525
852419,0.2188662
852420,0.9100019
852421,0.059937235
852422,0.9867465
852423,0.06391386
852424,0.658718
852425,0.11337918
852426,0.99278283
852427,0.05928803
852428,0.050009888
852429,0.65705985
852430,0.016922748
852431,0.0132407695
852432,0.19672291
852433,0.99852896
852434,0.024938865
852435,0.9158175
852436,0.99847114
852437,0.017481325
852438,0.09604624
852439,0.9267502
852440,0.9410038
852441,0.7780632
852442,0.9980835
852443,0.39286578
852444,0.005144403
852445,0.674312
852446,0.004121668
852447,0.24768084
852448,0.96838087
852449,0.0040953304
852450,0.17302701
852451,0.06661488
852452,0.6616965
852453,0.03762805
852454,0.94303954
852455,0.9647734
852456,0.011398241
852457,0.03976812
852458,0.045127224
852459,0.042114586
852460,0.9195561
852461,0.6307124
852462,0.94995344
852463,0.97576153
852464,0.070372835
852465,0.07648612
852466,0.9882688
852467,0.9958066
852468,0.03584701
852469,0.105165444
852470,0.06193787
852471,0.9891117
852472,0.9873681
852473,0.018103529
852474,0.7161193
852475,0.033749364
852476,0.013451128
852477,0.8440325
852478,0.96023333
852479,0.6380975
852480,0.061736368
852481,0.1590427
852482,0.72397125
852483,0.83338034
852484,0.67951137
852485,0.018689733
852486,0.97959393
852487,0.017933588
852488,0.79272866
852489,0.11084232
852490,0.057678916
852491,0.012995043
852492,0.2844109
852493,0.13952664
852494,0.9730104
852495,0.99886763
852496,0.973097
852497,0.030603075
852498,0.070780724
852499,0.005957688
852500,0.0037176213
852501,0.9991003
852502,0.0065549402
852503,0.8699881
852504,0.010618592
852505,0.022167815
852506,0.17310606
852507,0.036500726
852508,0.088530235
852509,0.17366141
852510,0.12752548
852511,0.06139913
852512,0.09390248
852513,0.0062549463
852514,0.31730378
852515,0.018779635
852516,0.9834924
852517,0.60292447
852518,0.31608152
852519,0.82911557
852520,0.019667396
852521,0.65082365
852522,0.9990692
852523,0.76967204
852524,0.0061844466
852525,0.5163127
852526,0.90999496
852527,0.08016878
852528,0.013187923
852529,0.9470141
852530,0.67819345
852531,0.0075288326
852532,0.89944416
852533,0.23983844
852534,0.93085504
852535,0.99886286
852536,0.33307347
852537,0.57053447
852538,0.91202915
852539,0.16228285
852540,0.9004807
852541,0.18684572
852542,0.29419258
852543,0.017359123
852544,0.9944287
852545,0.010852789
852546,0.743007
852547,0.013234781
852548,0.030372707
852549,0.5118476
852550,0.36948156
852551,0.9980334
852552,0.79234195
852553,0.9824698
852554,0.04533561
852555,0.997654
852556,0.006340516
852557,0.17531425
852558,0.91231215
852559,0.34397036
852560,0.9178981
852561,0.7162
852562,0.8401246
852563,0.013762696
852564,0.92601764
852565,0.96941566
852566,0.5109997
852567,0.015199816
852568,0.99188125
852569,0.875015
852570,0.052780822
852571,0.09616828
852572,0.023723567
852573,0.99707896
852574,0.011971407
852575,0.0042137476
852576,0.98340297
852577,0.8127415
852578,0.5487122
852579,0.020738464
852580,0.028690794
852581,0.023525273
852582,0.03340786
852583,0.81697285
852584,0.9906465
852585,0.46643722
852586,0.2964185
852587,0.17168052
852588,0.99368614
852589,0.015413874
852590,0.61185384
852591,0.016285188
852592,0.21739739
852593,0.03326033
852594,0.11832585
852595,0.9970349
852596,0.0016295991
852597,0.024795286
852598,0.9572978
852599,0.0060377074
852600,0.38472807
852601,0.019010924
852602,0.2979349
852603,0.35091084
852604,0.026764102
852605,0.06885149
852606,0.61786413
852607,0.2573044
852608,0.9931554
852609,0.040425528
852610,0.06519061
852611,0.043327056
852612,0.012566525
852613,0.044802126
852614,0.8628285
852615,0.6143651
852616,0.945674
852617,0.69368786
852618,0.6079131
852619,0.86407286
852620,0.9845277
852621,0.018977797
852622,0.082451046
852623,0.5768863
852624,0.9623516
852625,0.018255971
852626,0.9965834
852627,0.07922594
852628,0.8219172
852629,0.1908927
852630,0.91506314
852631,0.4579879
852632,0.9905826
852633,0.30546668
852634,0.9329379
852635,0.017994953
852636,0.94495213
852637,0.15924373
852638,0.19586621
852639,0.12034196
852640,0.11035695
852641,0.051627632
852642,0.5064387
852643,0.8229166
852644,0.3637284
852645,0.008608694
852646,0.98500204
852647,0.027617471
852648,0.92752767
852649,0.02055161
852650,0.015110718
852651,0.001328537
852652,0.9939308
852653,0.1135271
852654,0.89182717
852655,0.12877941
852656,0.9901926
852657,0.9222759
852658,0.01757755
852659,0.96445185
852660,0.0141638
852661,0.024806622
852662,0.6170633
852663,0.093683615
852664,0.37738055
852665,0.9849224
852666,0.6724249
852667,0.9717586
852668,0.042979315
852669,0.19387309
852670,0.073853105
852671,0.3812825
852672,0.03434639
852673,0.03183922
852674,0.994292
852675,0.9961632
852676,0.027598143
852677,0.93257445
852678,0.014660155
852679,0.97699094
852680,0.3175519
852681,0.9423739
852682,0.70847565
852683,0.0042464444
852684,0.008704534
852685,0.0062143994
852686,0.57857347
852687,0.9953763
852688,0.012942574
852689,0.81425625
852690,0.9852283
852691,0.92891246
852692,0.03324747
852693,0.78909147
852694,0.02861864
852695,0.9878496
852696,0.015610476
852697,0.05126268
852698,0.04635977
852699,0.9541407
852700,0.036786046
852701,0.062898636
852702,0.7336955
852703,0.015699565
852704,0.23046075
852705,0.019991025
852706,0.05491929
852707,0.19587612
852708,0.16231571
852709,0.008684188
852710,0.90571994
852711,0.011124708
852712,0.6113067
852713,0.15047348
852714,0.023733668
852715,0.99823016
852716,0.69316006
852717,0.9542735
852718,0.96196765
852719,0.96011233
852720,0.61463076
852721,0.06462595
852722,0.008882589
852723,0.9986198
852724,0.028573338
852725,0.93817854
852726,0.794136
852727,0.9704298
852728,0.0015591714
852729,0.9936693
852730,0.9323727
852731,0.003617697
852732,0.4383348
852733,0.054067753
852734,0.9936187
852735,0.07834855
852736,0.6069771
852737,0.8827745
852738,0.051722735
852739,0.034547202
852740,0.714975
852741,0.0078072697
852742,0.049281564
852743,0.0022009157
852744,0.0002825365
852745,0.24340102
852746,0.5493779
852747,0.024955826
852748,0.3627745
852749,0.23351488
852750,0.5409541
852751,0.20062631
852752,0.98947704
852753,0.012939882
852754,0.028293312
852755,0.013774738
852756,0.032448657
852757,0.03940223
852758,0.13710402
852759,0.1363031
852760,0.34045732
852761,0.9861908
852762,0.2913801
852763,0.06867197
852764,0.048550114
852765,0.9912806
852766,0.08098829
852767,0.9553611
852768,0.8371037
852769,0.11417073
852770,0.06883885
852771,0.010714319
852772,0.45631295
852773,0.9430738
852774,0.18129066
852775,0.0046925666
852776,0.1141639
852777,0.030557755
852778,0.88122666
852779,0.39714152
852780,0.090995684
852781,0.010025123
852782,0.05239848
852783,0.41480908
852784,0.05459158
852785,0.11413861
852786,0.034765586
852787,0.008986669
852788,0.10224125
852789,0.013683137
852790,0.11241867
852791,0.8572749
852792,0.9016455
852793,0.987489
852794,0.08842541
852795,0.87982917
852796,0.13640738
852797,0.9427178
852798,0.41649938
852799,0.07442291
852800,0.055153042
852801,0.4020359
852802,0.5612337
852803,0.99722624
852804,0.93524396
852805,0.7921977
852806,0.016083224
852807,0.033772342
852808,0.013042627
852809,0.49591744
852810,0.057680752
852811,0.055269465
852812,0.1913434
852813,0.0050053853
852814,0.9643532
852815,0.91261256
852816,0.0021970156
852817,0.079664305
852818,0.040998023
852819,0.9685182
852820,0.868028
852821,0.9768933
852822,0.6449192
852823,0.9977446
852824,0.11059143
852825,0.9662717
852826,0.02272472
852827,0.0075009298
852828,0.9596331
852829,0.9668411
852830,0.9585241
852831,0.90551376
852832,0.6332602
852833,0.033238694
852834,0.3569654
852835,0.33083817
852836,0.118777774
852837,0.0054266015
852838,0.13676861
852839,0.014081409
852840,0.041263722
852841,0.94390494
852842,0.06991643
852843,0.30656478
852844,0.048378393
852845,0.8182323
852846,0.9156076
852847,0.97051287
852848,0.9505491
852849,0.10217883
852850,0.9749703
852851,0.03574969
852852,0.47656152
852853,0.9983419
852854,0.008299293
852855,0.99807066
852856,0.015295758
852857,0.9734739
852858,0.0044391877
852859,0.116833806
852860,0.42138922
852861,0.018500838
852862,0.0189212
852863,0.99807703
852864,0.9917817
852865,0.9318094
852866,0.003284241
852867,0.5393536
852868,0.027780205
852869,0.16366483
852870,0.02901254
852871,0.8743723
852872,0.9339199
852873,0.00069871615
852874,0.995764
852875,0.9516014
852876,0.9801616
852877,0.690933
852878,0.044184614
852879,0.0034400849
852880,0.010334931
852881,0.012891268
852882,0.34209722
852883,0.04709764
852884,0.66745585
852885,0.9993544
852886,0.0064714514
852887,0.060271397
852888,0.11745325
852889,0.14116263
852890,0.013403159
852891,0.052704006
852892,0.08997434
852893,0.2968251
852894,0.89099437
852895,0.28148898
852896,0.005412147
852897,0.307918
852898,0.80170274
852899,0.26869372
852900,0.9715461
852901,0.84479994
852902,0.9245201
852903,0.9620219
852904,0.6897569
852905,0.74329406
852906,0.010880315
852907,0.93401754
852908,0.71653044
852909,0.5707628
852910,0.90867746
852911,0.2626978
852912,0.6962798
852913,0.025285138
852914,0.03287333
852915,0.4115511
852916,0.606803
852917,0.97248876
852918,0.102953956
852919,0.007978456
852920,0.9342213
852921,0.04688747
852922,0.012201153
852923,0.9770279
852924,0.98942494
852925,0.098005205
852926,0.9971844
852927,0.30546233
852928,0.20898189
852929,0.019134087
852930,0.8452853
852931,0.56422293
852932,0.6356858
852933,0.95770925
852934,0.001292767
852935,0.90108
852936,0.89811194
852937,0.018345524
852938,0.8538873
852939,0.0031368788
852940,0.16508523
852941,0.97851074
852942,0.03936157
852943,0.9951441
852944,0.108505644
852945,0.0357088
852946,0.97004586
852947,0.085839
852948,0.991343
852949,0.7506973
852950,0.95722413
852951,0.26993376
852952,0.7274884
852953,0.9815975
852954,0.9910722
852955,0.67131627
852956,0.75036025
852957,0.797747
852958,0.11368153
852959,0.42318285
852960,0.95794713
852961,0.9969634
852962,0.029569458
852963,0.70890033
852964,0.03865371
852965,0.02403524
852966,0.019853119
852967,0.02506024
852968,0.8827209
852969,0.9909076
852970,0.97564286
852971,0.9766659
852972,0.9747877
852973,0.18077022
852974,0.072509155
852975,0.002240331
852976,0.9889162
852977,0.17687751
852978,0.57643074
852979,0.016560704
852980,0.24148549
852981,0.3625574
852982,0.17630243
852983,0.8544414
852984,0.08028607
852985,0.07657516
852986,0.98481244
852987,0.028645772
852988,0.19701456
852989,0.6810418
852990,0.00663436
852991,0.031807683
852992,0.9989521
852993,0.99000204
852994,0.02583518
852995,0.2818409
852996,0.34518284
852997,0.020206574
852998,0.0048879506
852999,0.011134806
853000,0.98641443
853001,0.0038890606
853002,0.7159162
853003,0.0065155355
853004,0.90071225
853005,0.015875153
853006,0.8165785
853007,0.4929827
853008,0.98216766
853009,0.9954787
853010,0.083956525
853011,0.54072964
853012,0.22160798
853013,0.22223496
853014,0.9941311
853015,0.9839103
853016,0.2533565
853017,0.96527743
853018,0.9344381
853019,0.11836662
853020,0.20804952
853021,0.8847228
853022,0.7037032
853023,0.020872626
853024,0.9723947
853025,0.0062327366
853026,0.37404206
853027,0.0048109596
853028,0.03556774
853029,0.99650806
853030,0.8611479
853031,0.045640897
853032,0.010682932
853033,0.7407944
853034,0.039737307
853035,0.99455035
853036,0.007342755
853037,0.15304846
853038,0.9845861
853039,0.21428983
853040,0.017590376
853041,0.9993282
853042,0.024255669
853043,0.25776982
853044,0.02627394
853045,0.49975067
853046,0.15426219
853047,0.055398062
853048,0.9551678
853049,0.11165644
853050,0.7688441
853051,0.011242595
853052,0.012378881
853053,0.7204734
853054,0.007687887
853055,0.34052384
853056,0.21572225
853057,0.25216627
853058,0.118826516
853059,0.99728143
853060,0.06316627
853061,0.47171
853062,0.05754177
853063,0.77339655
853064,0.981149
853065,0.8641608
853066,0.41305506
853067,0.00045268476
853068,0.8040567
853069,0.21734433
853070,0.9783348
853071,0.0029521948
853072,0.010836797
853073,0.113772735
853074,0.1350163
853075,0.017376993
853076,0.9595472
853077,0.962916
853078,0.02064971
853079,0.019601218
853080,0.9924283
853081,0.0028688884
853082,0.994511
853083,0.012440262
853084,0.8442316
853085,0.042486034
853086,0.389072
853087,0.8802154
853088,0.02135146
853089,0.94550097
853090,0.06541212
853091,0.99482524
853092,0.10773749
853093,0.007698793
853094,0.020651067
853095,0.637048
853096,0.19762598
853097,0.9550787
853098,0.98040444
853099,0.9648483
853100,0.9758877
853101,0.056482334
853102,0.04658886
853103,0.99685764
853104,0.98371285
853105,0.05847236
853106,0.05670611
853107,0.97014797
853108,0.85939294
853109,0.6474807
853110,0.7617434
853111,0.013779514
853112,0.1977529
853113,0.5227382
853114,0.9889003
853115,0.06253175
853116,0.06581457
853117,0.949295
853118,0.02124379
853119,0.993464
853120,0.09338881
853121,0.004239266
853122,0.4867927
853123,0.6336303
853124,0.6249083
853125,0.95342684
853126,0.97596437
853127,0.96718395
853128,0.015137456
853129,0.005641357
853130,0.027454311
853131,0.97264373
853132,0.0029640072
853133,0.6168765
853134,0.00698429
853135,0.030443424
853136,0.9727591
853137,0.90260804
853138,0.8339819
853139,0.4418309
853140,0.9516044
853141,0.0022317283
853142,0.06108079
853143,0.75713426
853144,0.030208316
853145,0.9235657
853146,0.94893676
853147,0.8281005
853148,0.057364173
853149,0.9988552
853150,0.4949239
853151,0.28655097
853152,0.9984799
853153,0.13831046
853154,0.96014184
853155,0.06815247
853156,0.7838891
853157,0.2864073
853158,0.022874925
853159,0.27627194
853160,0.07008749
853161,0.9924123
853162,0.04400433
853163,0.9031086
853164,0.0077031413
853165,0.99159133
853166,0.01634457
853167,0.04032962
853168,0.0057362593
853169,0.26136094
853170,0.5329851
853171,0.024033159
853172,0.96768975
853173,0.9452828
853174,0.9925828
853175,0.035014212
853176,0.2416185
853177,0.0038382832
853178,0.010356564
853179,0.9765235
853180,0.16083151
853181,0.1830686
853182,0.59997886
853183,0.73025477
853184,0.8426002
853185,0.9882919
853186,0.9986096
853187,0.7593092
853188,0.9732545
853189,0.071755394
853190,0.9613308
853191,0.9116175
853192,0.0063171736
853193,0.16676137
853194,0.03986709
853195,0.017778266
853196,0.106016174
853197,0.40780166
853198,0.97642237
853199,0.86065954
853200,0.9826931
853201,0.028493436
853202,0.9984133
853203,0.044888888
853204,0.08999227
853205,0.020704975
853206,0.06690115
853207,0.1031545
853208,0.032009292
853209,0.02693538
853210,0.9221959
853211,0.09830774
853212,0.9925972
853213,0.9926178
853214,0.023304112
853215,0.98541754
853216,0.077834725
853217,0.020926455
853218,0.62338924
853219,0.024576347
853220,0.01054823
853221,0.76279855
853222,0.08433688
853223,0.9962585
853224,0.9736199
853225,0.05280691
853226,0.10238934
853227,0.0611451
853228,0.9678327
853229,0.9878714
853230,0.028224532
853231,0.9974879
853232,0.1742047
853233,0.009717492
853234,0.004293233
853235,0.044688128
853236,0.0214001
853237,0.010226695
853238,0.05298106
853239,0.064422294
853240,0.6652236
853241,0.49811026
853242,0.032541055
853243,0.045223568
853244,0.3509186
853245,0.020278428
853246,0.9927444
853247,0.5413883
853248,0.9642984
853249,0.06285148
853250,0.15044595
853251,0.013873031
853252,0.7332648
853253,0.056127887
853254,0.9930922
853255,0.008223906
853256,0.96098304
853257,0.012485862
853258,0.20407048
853259,0.022996956
853260,0.024410106
853261,0.79931355
853262,0.0152266435
853263,0.9653052
853264,0.998422
853265,0.02364436
853266,0.013630316
853267,0.020113235
853268,0.02403127
853269,0.9648986
853270,0.14022031
853271,0.008368128
853272,0.91110003
853273,0.016285658
853274,0.9437431
853275,0.0056057093
853276,0.99707115
853277,0.020686733
853278,0.06593359
853279,0.1806808
853280,0.320001
853281,0.007824635
853282,0.078949705
853283,0.07607439
853284,0.995243
853285,0.25005504
853286,0.0054379916
853287,0.19147384
853288,0.1835973
853289,0.9585743
853290,0.9215618
853291,0.054374088
853292,0.20007497
853293,0.87114006
853294,0.1249951
853295,0.01383725
853296,0.98143893
853297,0.991752
853298,0.016054414
853299,0.870183
853300,0.88094246
853301,0.1708271
853302,0.10952109
853303,0.99491304
853304,0.99872065
853305,0.89645135
853306,0.6886714
853307,0.010703845
853308,0.0077007553
853309,0.0041414415
853310,0.9962353
853311,0.218438
853312,0.9878172
853313,0.9420644
853314,0.9805276
853315,0.99897945
853316,0.015803844
853317,0.6831294
853318,0.70084774
853319,0.06467788
853320,0.008718656
853321,0.83688825
853322,0.4415698
853323,0.0060667777
853324,0.22989677
853325,0.0016596925
853326,0.99368244
853327,0.9993919
853328,0.73127776
853329,0.80192566
853330,0.039931472
853331,0.75928664
853332,0.5656126
853333,0.0077915657
853334,0.71850044
853335,0.95103323
853336,0.62225574
853337,0.031317458
853338,0.007946628
853339,0.0061048022
853340,0.0013845159
853341,0.6039751
853342,0.65584636
853343,0.0026181843
853344,0.01756964
853345,0.86446124
853346,0.5650191
853347,0.86404014
853348,0.29773065
853349,0.005198139
853350,0.051483594
853351,0.017417975
853352,0.91014993
853353,0.8619186
853354,0.9861678
853355,0.43911818
853356,0.99596435
853357,0.028455399
853358,0.024593886
853359,0.94331414
853360,0.06428653
853361,0.22092022
853362,0.013234746
853363,0.97669286
853364,0.9091981
853365,0.0060392525
853366,0.5084828
853367,0.019689912
853368,0.008971894
853369,0.9690459
853370,0.079670034
853371,0.003793519
853372,0.9827412
853373,0.38944668
853374,0.017290618
853375,0.5225761
853376,0.16994214
853377,0.029275656
853378,0.94435084
853379,0.31352967
853380,0.079289265
853381,0.0035356777
853382,0.07403966
853383,0.0040461537
853384,0.23711729
853385,0.67966676
853386,0.010682279
853387,0.018633394
853388,0.9760732
853389,0.4843424
853390,0.5253296
853391,0.012677548
853392,0.42280245
853393,0.36919788
853394,0.13605079
853395,0.9341614
853396,0.9946052
853397,0.9799529
853398,0.94910264
853399,0.73590815
853400,0.99199176
853401,0.12959194
853402,0.27611598
853403,0.08067165
853404,0.03299136
853405,0.9944418
853406,0.735618
853407,0.010618184
853408,0.9725019
853409,0.7593453
853410,0.2819698
853411,0.29270512
853412,0.036475874
853413,0.057764854
853414,0.110485844
853415,0.022996299
853416,0.9993108
853417,0.8554598
853418,0.7777104
853419,0.78089154
853420,0.99006486
853421,0.008576967
853422,0.004225582
853423,0.112696394
853424,0.9715449
853425,0.0013393776
853426,0.006167997
853427,0.9546784
853428,0.991573
853429,0.011126019
853430,0.14807397
853431,0.049205508
853432,0.06178747
853433,0.015009103
853434,0.93963253
853435,0.043138783
853436,0.99232894
853437,0.9842658
853438,0.07996544
853439,0.0153810475
853440,0.045705922
853441,0.78847396
853442,0.30723146
853443,0.0031029016
853444,0.9928646
853445,0.61983633
853446,0.08115848
853447,0.02726145
853448,0.141197
853449,0.4774224
853450,0.9594762
853451,0.85119236
853452,0.34235838
853453,0.57383
853454,0.35211015
853455,0.004187381
853456,0.58070445
853457,0.9160815
853458,0.069062844
853459,0.84946
853460,0.84292316
853461,0.11764705
853462,0.067819744
853463,0.98323286
853464,0.1427158
853465,0.97584105
853466,0.9394832
853467,0.96425986
853468,0.97623587
853469,0.1720649
853470,0.019663468
853471,0.6961126
853472,0.012400775
853473,0.9955181
853474,0.14900005
853475,0.16406497
853476,0.9366177
853477,0.05329992
853478,0.9857406
853479,0.008934464
853480,0.038463566
853481,0.01206483
853482,0.13856104
853483,0.005516983
853484,0.49464643
853485,0.45256254
853486,0.032839105
853487,0.8848391
853488,0.9341024
853489,0.13448136
853490,0.048202895
853491,0.027225006
853492,0.32878974
853493,0.89644235
853494,0.11465511
853495,0.76968443
853496,0.98919815
853497,0.07808442
853498,0.057712533
853499,0.923831
853500,0.97886825
853501,0.99309474
853502,0.919633
853503,0.08966951
853504,0.98399496
853505,0.9698017
853506,0.014111586
853507,0.07794154
853508,0.09980126
853509,0.7837092
853510,0.123919696
853511,0.00987689
853512,0.9879747
853513,0.9706174
853514,0.09205974
853515,0.9884125
853516,0.7652262
853517,0.15411969
853518,0.9924941
853519,0.003691543
853520,0.9804613
853521,0.2397683
853522,0.018111695
853523,0.9313097
853524,0.042104077
853525,0.021463659
853526,0.020796444
853527,0.00906934
853528,0.1556836
853529,0.6282705
853530,0.12899089
853531,0.8403337
853532,0.005881747
853533,0.028111577
853534,0.9914375
853535,0.13720807
853536,0.093798734
853537,0.91325223
853538,0.9964673
853539,0.15722606
853540,0.04149857
853541,0.9957643
853542,0.8661529
853543,0.98728263
853544,0.9822111
853545,0.09888065
853546,0.9658896
853547,0.09934413
853548,0.0051830118
853549,0.029779285
853550,0.0091401
853551,0.20206216
853552,0.46861345
853553,0.44388634
853554,0.781399
853555,0.094312884
853556,0.025091758
853557,0.00321584
853558,0.22688244
853559,0.14363433
853560,0.012607368
853561,0.98617446
853562,0.9924623
853563,0.53005254
853564,0.81047475
853565,0.2155919
853566,0.32522103
853567,0.99341
853568,0.5270592
853569,0.0034148127
853570,0.9829964
853571,0.2493886
853572,0.59224504
853573,0.06543052
853574,0.120001145
853575,0.8980255
853576,0.28811142
853577,0.36539972
853578,0.041876137
853579,0.9936071
853580,0.21472216
853581,0.86431986
853582,0.0015543699
853583,0.09286039
853584,0.91608655
853585,0.52075076
853586,0.08870083
853587,0.015197573
853588,0.029456094
853589,0.033967942
853590,0.007020372
853591,0.3777619
853592,0.9839096
853593,0.011239292
853594,0.9961895
853595,0.57280976
853596,0.999405
853597,0.98841286
853598,0.10369497
853599,0.98056054
853600,0.9410173
853601,0.8703862
853602,0.9764705
853603,0.044449225
853604,0.97759515
853605,0.24451396
853606,0.92449605
853607,0.010903726
853608,0.009250834
853609,0.030215144
853610,0.13999656
853611,0.023888636
853612,0.0050119897
853613,0.8506388
853614,0.97620124
853615,0.0039940323
853616,0.7815241
853617,0.0025120606
853618,0.18591477
853619,0.9979337
853620,0.52620924
853621,0.017311258
853622,0.9812623
853623,0.056937836
853624,0.15960056
853625,0.07952028
853626,0.0975672
853627,0.017658181
853628,0.056069206
853629,0.9827459
853630,0.0022721263
853631,0.79272896
853632,0.72435653
853633,0.20199376
853634,0.054238517
853635,0.5111921
853636,0.99375844
853637,0.30621672
853638,0.111730054
853639,0.9959793
853640,0.9798873
853641,0.022530524
853642,0.033164173
853643,0.043514594
853644,0.95578337
853645,0.3005615
853646,0.86831045
853647,0.042496838
853648,0.9606612
853649,0.063611075
853650,0.52569914
853651,0.39280558
853652,0.99199396
853653,0.010473639
853654,0.035535228
853655,0.0033416166
853656,0.09560295
853657,0.6734848
853658,0.7740149
853659,0.9741888
853660,0.118468314
853661,0.0032469742
853662,0.9931073
853663,0.30839598
853664,0.021201665
853665,0.68166685
853666,0.017075159
853667,0.96275294
853668,0.9976717
853669,0.95980275
853670,0.14461476
853671,0.09975523
853672,0.048390538
853673,0.991263
853674,0.99790794
853675,0.9961779
853676,0.9363727
853677,0.3074216
853678,0.9945031
853679,0.3846542
853680,0.020592107
853681,0.005633992
853682,0.98217285
853683,0.010094737
853684,0.16136624
853685,0.6161339
853686,0.0076206415
853687,0.009032905
853688,0.03616614
853689,0.94776535
853690,0.0065141795
853691,0.97726405
853692,0.99767065
853693,0.8010942
853694,0.007678422
853695,0.013019392
853696,0.9846271
853697,0.001766891
853698,0.4592164
853699,0.22095248
853700,0.8393353
853701,0.9983498
853702,0.124088734
853703,0.034864426
853704,0.055064548
853705,0.11677535
853706,0.16947177
853707,0.01379314
853708,0.5877135
853709,0.956582
853710,0.03122209
853711,0.98120123
853712,0.03480523
853713,0.93703425
853714,0.22451738
853715,0.9980079
853716,0.96299887
853717,0.59006643
853718,0.10441593
853719,0.04029207
853720,0.5742192
853721,0.8033874
853722,0.9753274
853723,0.22087555
853724,0.047782417
853725,0.019667642
853726,0.0223197
853727,0.007769968
853728,0.9895295
853729,0.9973943
853730,0.044613786
853731,0.9856294
853732,0.92191255
853733,0.995201
853734,0.27781114
853735,0.9527854
853736,0.15139206
853737,0.3836143
853738,0.002341833
853739,0.021602213
853740,0.017262358
853741,0.9917375
853742,0.030375786
853743,0.98292446
853744,0.98923934
853745,0.5136658
853746,0.939327
853747,0.6474725
853748,0.943429
853749,0.13901567
853750,0.010515564
853751,0.045275215
853752,0.04243017
853753,0.21134219
853754,0.08722707
853755,0.29738057
853756,0.9810059
853757,0.027961053
853758,0.99973845
853759,0.20302849
853760,0.99521405
853761,0.96734095
853762,0.010933726
853763,0.010131019
853764,0.9965395
853765,0.99029535
853766,0.41582274
853767,0.16477717
853768,0.8730398
853769,0.7878089
853770,0.9594904
853771,0.08273533
853772,0.95517063
853773,0.87881166
853774,0.9334491
853775,0.9599828
853776,0.9449406
853777,0.24699065
853778,0.21391006
853779,0.25625718
853780,0.9025955
853781,0.008134243
853782,0.66008896
853783,0.83706915
853784,0.7998508
853785,0.9845042
853786,0.104474716
853787,0.007559554
853788,0.366817
853789,0.08361733
853790,0.17374071
853791,0.72367346
853792,0.9758171
853793,0.024456654
853794,0.96216136
853795,0.49473253
853796,0.11565428
853797,0.9381583
853798,0.97582656
853799,0.5035994
853800,0.0054452717
853801,0.033208583
853802,0.15826012
853803,0.965435
853804,0.053980954
853805,0.040222857
853806,0.50251794
853807,0.047113135
853808,0.97710776
853809,0.012297373
853810,0.9995179
853811,0.9979301
853812,0.88812554
853813,0.061619364
853814,0.9815146
853815,0.07841556
853816,0.7358696
853817,0.99706024
853818,0.94870037
853819,0.7695946
853820,0.022355495
853821,0.85377586
853822,0.5839745
853823,0.99309653
853824,0.0049912496
853825,0.98265547
853826,0.036875248
853827,0.9552516
853828,0.13044007
853829,0.012383195
853830,0.99205714
853831,0.12998122
853832,0.9756768
853833,0.20540209
853834,0.9402436
853835,0.0156042045
853836,0.9912728
853837,0.004595607
853838,0.9868814
853839,0.9350321
853840,0.0106578395
853841,0.9097916
853842,0.009073038
853843,0.0061762724
853844,0.0059060594
853845,0.007932661
853846,0.015409783
853847,0.8589943
853848,0.9171911
853849,0.45401806
853850,0.010603727
853851,0.02045121
853852,0.28162852
853853,0.01847622
853854,0.18697698
853855,0.6956753
853856,0.15945026
853857,0.61434394
853858,0.9782875
853859,0.97628087
853860,0.9816453
853861,0.0516422
853862,0.42733592
853863,0.027008085
853864,0.026047586
853865,0.9288016
853866,0.8341706
853867,0.007078497
853868,0.54229444
853869,0.9989875
853870,0.97974044
853871,0.5809743
853872,0.99453896
853873,0.9726567
853874,0.996663
853875,0.842091
853876,0.55131567
853877,0.9486769
853878,0.040778693
853879,0.014066029
853880,0.71667325
853881,0.85314745
853882,0.6518456
853883,0.5760436
853884,0.8535196
853885,0.98590285
853886,0.092996515
853887,0.010999606
853888,0.051256187
853889,0.99898064
853890,0.99152017
853891,0.023449825
853892,0.93607545
853893,0.005621782
853894,0.10445454
853895,0.43570942
853896,0.10950793
853897,0.011664188
853898,0.99483275
853899,0.9646201
853900,0.042644553
853901,0.9579171
853902,0.0081099095
853903,0.1655926
853904,0.014149047
853905,0.02773596
853906,0.48375702
853907,0.43663672
853908,0.029896272
853909,0.95334244
853910,0.9427264
853911,0.9591826
853912,0.65993583
853913,0.0073207566
853914,0.86707795
853915,0.02467047
853916,0.21566145
853917,0.01580035
853918,0.026005283
853919,0.1012469
853920,0.9046517
853921,0.9958226
853922,0.030416444
853923,0.005001006
853924,0.028947126
853925,0.007977758
853926,0.6858338
853927,0.99958676
853928,0.021098536
853929,0.012595638
853930,0.009508234
853931,0.64072233
853932,0.4288846
853933,0.057745162
853934,0.9335476
853935,0.03619288
853936,0.30050126
853937,0.35026702
853938,0.036461424
853939,0.042836763
853940,0.9816637
853941,0.036897786
853942,0.31870943
853943,0.04371794
853944,0.64353085
853945,0.017415494
853946,0.015908621
853947,0.6279867
853948,0.93068266
853949,0.9800993
853950,0.42395502
853951,0.044142675
853952,0.07369346
853953,0.27269554
853954,0.9920506
853955,0.41221958
853956,0.0047837114
853957,0.5606955
853958,0.9907421
853959,0.023655623
853960,0.86228627
853961,0.9991958
853962,0.039239306
853963,0.33904225
853964,0.9229446
853965,0.46647647
853966,0.45499504
853967,0.01083095
853968,0.17799392
853969,0.060993664
853970,0.07984146
853971,0.92431664
853972,0.34476006
853973,0.018494258
853974,0.013112306
853975,0.08705049
853976,0.99476165
853977,0.016063914
853978,0.117707916
853979,0.95949185
853980,0.027244354
853981,0.6659779
853982,0.04002443
853983,0.12074723
853984,0.009655031
853985,0.9055644
853986,0.07922612
853987,0.2828882
853988,0.010500692
853989,0.04391168
853990,0.4940663
853991,0.007839756
853992,0.12360765
853993,0.33071816
853994,0.788555
853995,0.4826654
853996,0.7937592
853997,0.06039032
853998,0.19182089
853999,0.046164587
854000,0.40107566
854001,0.17567271
854002,0.0065920334
854003,0.45310307
854004,0.88585854
854005,0.007605181
854006,0.23491105
854007,0.03531344
854008,0.69852024
854009,0.9063375
854010,0.9522683
854011,0.956388
854012,0.7588887
854013,0.033284217
854014,0.13819544
854015,0.9906523
854016,0.6088704
854017,0.038958512
854018,0.66400474
854019,0.020576123
854020,0.9925455
854021,0.9185004
854022,0.99480194
854023,0.039573833
854024,0.012846977
854025,0.007598588
854026,0.9820609
854027,0.9954455
854028,0.010911713
854029,0.16110769
854030,0.9321768
854031,0.8737331
854032,0.12582934
854033,0.011515324
854034,0.08514937
854035,0.7803993
854036,0.99295306
854037,0.95582634
854038,0.029437454
854039,0.94803894
854040,0.061119705
854041,0.09270912
854042,0.99854994
854043,0.4252883
854044,0.99464834
854045,0.95646334
854046,0.003278889
854047,0.4451475
854048,0.15695602
854049,0.3122806
854050,0.98898065
854051,0.5447878
854052,0.8532828
854053,0.4409421
854054,0.012431068
854055,0.7182344
854056,0.9728442
854057,0.994892
854058,0.04616031
854059,0.18942
854060,0.011445973
854061,0.43651867
854062,0.011849261
854063,0.9273014
854064,0.0052975053
854065,0.0064830747
854066,0.48196515
854067,0.005102639
854068,0.008446275
854069,0.9478147
854070,0.43677136
854071,0.0028342602
854072,0.1043205
854073,0.14586727
854074,0.98609644
854075,0.96078944
854076,0.21650103
854077,0.30299437
854078,0.033061847
854079,0.99654853
854080,0.0052108117
854081,0.008689002
854082,0.91098046
854083,0.054543804
854084,0.017327324
854085,0.13900498
854086,0.12434344
854087,0.07812304
854088,0.0034281712
854089,0.016816085
854090,0.0037258593
854091,0.1410625
854092,0.0150709385
854093,0.40912306
854094,0.025794987
854095,0.031773124
854096,0.17784517
854097,0.9628316
854098,0.1141632
854099,0.92740905
854100,0.09494014
854101,0.9871063
854102,0.011155859
854103,0.16372892
854104,0.98455524
854105,0.18164945
854106,0.10949085
854107,0.30105102
854108,0.04279328
854109,0.04232905
854110,0.019681446
854111,0.0073625986
854112,0.677596
854113,0.94643754
854114,0.46484748
854115,0.9700064
854116,0.90139395
854117,0.010885333
854118,0.9987351
854119,0.94635224
854120,0.007948914
854121,0.020512346
854122,0.19931415
854123,0.005910311
854124,0.0049621
854125,0.041366752
854126,0.019141592
854127,0.98773676
854128,0.9775281
854129,0.24433146
854130,0.6157659
854131,0.022738758
854132,0.95131075
854133,0.9741894
854134,0.99001265
854135,0.012164871
854136,0.035555538
854137,0.012715742
854138,0.013606314
854139,0.9830859
854140,0.013941312
854141,0.047795415
854142,0.9493431
854143,0.036569398
854144,0.67363584
854145,0.9956217
854146,0.22097595
854147,0.0074589187
854148,0.7881073
854149,0.9953495
854150,0.03450297
854151,0.003396506
854152,0.9945089
854153,0.97953576
854154,0.9846429
854155,0.1325824
854156,0.002610638
854157,0.01869338
854158,0.59092206
854159,0.35980463
854160,0.0036822248
854161,0.5057248
854162,0.77979505
854163,0.9968556
854164,0.9255365
854165,0.6050361
854166,0.0073451432
854167,0.737098
854168,0.039797943
854169,0.008177329
854170,0.35969046
854171,0.94427407
854172,0.77748746
854173,0.051826645
854174,0.0118133845
854175,0.04070737
854176,0.012181578
854177,0.9281456
854178,0.0040490767
854179,0.04479489
854180,0.011155973
854181,0.003171212
854182,0.033298537
854183,0.9937052
854184,0.41403538
854185,0.06167561
854186,0.28868037
854187,0.025474632
854188,0.95977163
854189,0.078172356
854190,0.7516811
854191,0.0738717
854192,0.19905098
854193,0.017390873
854194,0.9957302
854195,0.48835817
854196,0.019315522
854197,0.23951797
854198,0.9993055
854199,0.059721712
854200,0.06794367
854201,0.1698623
854202,0.2461085
854203,0.018016726
854204,0.28674024
854205,0.41758847
854206,0.91129917
854207,0.06310285
854208,0.032530643
854209,0.2036427
854210,0.030277323
854211,0.9962169
854212,0.9792746
854213,0.036952592
854214,0.1524775
854215,0.0024845595
854216,0.2745902
854217,0.23538107
854218,0.683952
854219,0.03471984
854220,0.008181107
854221,0.9964423
854222,0.6446669
854223,0.012793987
854224,0.9957874
854225,0.12120369
854226,0.89538383
854227,0.98674196
854228,0.011371678
854229,0.019356994
854230,0.018193467
854231,0.049704365
854232,0.750301
854233,0.04017061
854234,0.27092823
854235,0.8431715
854236,0.56609404
854237,0.002797426
854238,0.0039006958
854239,0.37542906
854240,0.28727257
854241,0.007617764
854242,0.009622411
854243,0.92772996
854244,0.9964367
854245,0.95857346
854246,0.046254817
854247,0.9508033
854248,0.17757888
854249,0.036035873
854250,0.0030586931
854251,0.4487002
854252,0.033947
854253,0.026683837
854254,0.08096215
854255,0.019052284
854256,0.99899685
854257,0.5886925
854258,0.05786707
854259,0.98492616
854260,0.012536086
854261,0.060499556
854262,0.15434873
854263,0.13244136
854264,0.99544555
854265,0.77061766
854266,0.06443389
854267,0.99821055
854268,0.7529719
854269,0.87681043
854270,0.009538926
854271,0.7809261
854272,0.020000344
854273,0.014884662
854274,0.11950857
854275,0.98190725
854276,0.99262786
854277,0.84343266
854278,0.026111012
854279,0.40061358
854280,0.34685466
854281,0.0008150486
854282,0.029704414
854283,0.30618727
854284,0.6332283
854285,0.027616812
854286,0.8401234
854287,0.9964091
854288,0.98242915
854289,0.029290784
854290,0.9882503
854291,0.9856017
854292,0.094231166
854293,0.020281177
854294,0.9838279
854295,0.12809567
854296,0.20600733
854297,0.010922432
854298,0.02367507
854299,0.9975967
854300,0.97451234
854301,0.003861665
854302,0.56657994
854303,0.99850374
854304,0.023176568
854305,0.0400683
854306,0.014510657
854307,0.0027011582
854308,0.98827016
854309,0.008610333
854310,0.9706251
854311,0.75645703
854312,0.970797
854313,0.9954844
854314,0.16077827
854315,0.90853816
854316,0.051081073
854317,0.024591599
854318,0.9829568
854319,0.84639454
854320,0.0064160144
854321,0.032214314
854322,0.024500832
854323,0.69471586
854324,0.010002329
854325,0.99805737
854326,0.015751855
854327,0.012843995
854328,0.5980069
854329,0.012953034
854330,0.9542239
854331,0.45808727
854332,0.0019583253
854333,0.27104735
854334,0.9686971
854335,0.9890092
854336,0.03421426
854337,0.07319194
854338,0.9000402
854339,0.9988626
854340,0.995172
854341,0.9936078
854342,0.9121073
854343,0.94552696
854344,0.9468342
854345,0.7894046
854346,0.012422452
854347,0.00661842
854348,0.0031639675
854349,0.9160683
854350,0.96883255
854351,0.9950604
854352,0.034297552
854353,0.9931804
854354,0.0118504185
854355,0.99311036
854356,0.086447366
854357,0.08311491
854358,0.2836764
854359,0.012126539
854360,0.12490701
854361,0.04879004
854362,0.06457895
854363,0.8736214
854364,0.71653366
854365,0.48557115
854366,0.9940067
854367,0.99206495
854368,0.66276515
854369,0.016485482
854370,0.82866883
854371,0.20533267
854372,0.0025663474
854373,0.011653933
854374,0.87490535
854375,0.9960027
854376,0.0037265879
854377,0.0026629658
854378,0.9760746
854379,0.014290531
854380,0.0049514594
854381,0.0050272625
854382,0.9358692
854383,0.17434955
854384,0.9917064
854385,0.98776066
854386,0.82601166
854387,0.19791159
854388,0.049511347
854389,0.029329652
854390,0.029459275
854391,0.010687647
854392,0.32723367
854393,0.0027392793
854394,0.99486196
854395,0.013492416
854396,0.9938063
854397,0.11687884
854398,0.010705118
854399,0.23054284
854400,0.9499355
854401,0.7845917
854402,0.33405071
854403,0.73015916
854404,0.06560042
854405,0.19514222
854406,0.91332996
854407,0.0313754
854408,0.0051499414
854409,0.4147803
854410,0.20800613
854411,0.92852175
854412,0.022754507
854413,0.99173903
854414,0.014743681
854415,0.0035150535
854416,0.783826
854417,0.073001996
854418,0.06957729
854419,0.019808855
854420,0.0077779116
854421,0.036599457
854422,0.023542056
854423,0.058834523
854424,0.9673197
854425,0.95535874
854426,0.6820951
854427,0.28810441
854428,0.39459828
854429,0.07311482
854430,0.21362188
854431,0.7871654
854432,0.969231
854433,0.0035937703
854434,0.14068337
854435,0.23075336
854436,0.7569309
854437,0.06944982
854438,0.093140155
854439,0.13863352
854440,0.9755916
854441,0.99659204
854442,0.5849879
854443,0.011698779
854444,0.9219516
854445,0.04048772
854446,0.6874021
854447,0.99922407
854448,0.038710624
854449,0.0063557844
854450,0.855719
854451,0.9944148
854452,0.06859266
854453,0.045799695
854454,0.5877081
854455,0.5374725
854456,0.8946807
854457,0.111794725
854458,0.009703037
854459,0.028018525
854460,0.0108505115
854461,0.9713275
854462,0.025930746
854463,0.99284786
854464,0.94508046
854465,0.0032140785
854466,0.0047800234
854467,0.9549038
854468,0.78753984
854469,0.36585355
854470,0.40183127
854471,0.9523381
854472,0.99248004
854473,0.66724265
854474,0.18282945
854475,0.9528956
854476,0.2548326
854477,0.41911033
854478,0.93531185
854479,0.89715624
854480,0.030612862
854481,0.6824268
854482,0.10089172
854483,0.0723806
854484,0.9463929
854485,0.68765616
854486,0.9760541
854487,0.032885402
854488,0.004404125
854489,0.95107704
854490,0.9433516
854491,0.70304596
854492,0.8351269
854493,0.6266135
854494,0.50934446
854495,0.017223915
854496,0.0005411967
854497,0.04377901
854498,0.009917011
854499,0.14049417
854500,0.020592868
854501,0.93800294
854502,0.90245783
854503,0.012737921
854504,0.029591687
854505,0.27048123
854506,0.1147153
854507,0.021294381
854508,0.011434563
854509,0.4288074
854510,0.0049109254
854511,0.369318
854512,0.95158917
854513,0.048709165
854514,0.0073931646
854515,0.051967964
854516,0.6912143
854517,0.9763115
854518,0.06102171
854519,0.19225666
854520,0.11233622
854521,0.97909796
854522,0.70943487
854523,0.9786919
854524,0.11814146
854525,0.0785131
854526,0.02658574
854527,0.9424682
854528,0.8569845
854529,0.9286121
854530,0.037868876
854531,0.02766211
854532,0.8100797
854533,0.9249718
854534,0.5317553
854535,0.887907
854536,0.014704112
854537,0.9258384
854538,0.011729471
854539,0.6562795
854540,0.22164471
854541,0.9648819
854542,0.6446115
854543,0.05908776
854544,0.3551333
854545,0.057465397
854546,0.2063984
854547,0.31949547
854548,0.99328125
854549,0.7003128
854550,0.031161439
854551,0.25927114
854552,0.8648986
854553,0.11141802
854554,0.036625735
854555,0.98533344
854556,0.8840836
854557,0.064578176
854558,0.037103567
854559,0.9565556
854560,0.003642034
854561,0.8397648
854562,0.048314784
854563,0.060291447
854564,0.54798
854565,0.006439664
854566,0.95918566
854567,0.89361656
854568,0.9974994
854569,0.9980755
854570,0.7204825
854571,0.03391271
854572,0.98031104
854573,0.0065754126
854574,0.0063598757
854575,0.05001539
854576,0.8698838
854577,0.020177469
854578,0.056800842
854579,0.037427258
854580,0.37634596
854581,0.019071812
854582,0.058146417
854583,0.98861563
854584,0.024839945
854585,0.042485166
854586,0.99255896
854587,0.077582926
854588,0.011792836
854589,0.8640344
854590,0.21746206
854591,0.02252008
854592,0.13104966
854593,0.98415124
854594,0.9858078
854595,0.996079
854596,0.17795679
854597,0.014154049
854598,0.93985945
854599,0.25993943
854600,0.027350545
854601,0.0024981396
854602,0.9716499
854603,0.018126635
854604,0.18166405
854605,0.8847977
854606,0.03467352
854607,0.0071440535
854608,0.16380379
854609,0.007937092
854610,0.20571208
854611,0.9893063
854612,0.03458271
854613,0.99450356
854614,0.044468492
854615,0.5927142
854616,0.15023158
854617,0.39229572
854618,0.0018890776
854619,0.16945356
854620,0.018543111
854621,0.7951286
854622,0.95341516
854623,0.021664117
854624,0.99865615
854625,0.32173967
854626,0.057205774
854627,0.9218001
854628,0.0075903838
854629,0.25917542
854630,0.013460465
854631,0.2348319
854632,0.9997412
854633,0.037254497
854634,0.0047336444
854635,0.017241465
854636,0.030392988
854637,0.24692321
854638,0.38795668
854639,0.01727896
854640,0.023880208
854641,0.0059770206
854642,0.68474036
854643,0.979615
854644,0.024991617
854645,0.58983564
854646,0.011265659
854647,0.58800757
854648,0.015092456
854649,0.1945333
854650,0.02438978
854651,0.9906858
854652,0.6572325
854653,0.10157083
854654,0.9373217
854655,0.041247737
854656,0.99400747
854657,0.11979633
854658,0.9305949
854659,0.008420479
854660,0.9702803
854661,0.99783826
854662,0.5314495
854663,0.9886576
854664,0.94245404
854665,0.014118142
854666,0.022984523
854667,0.4812979
854668,0.707037
854669,0.14463238
854670,0.9801669
854671,0.0042816587
854672,0.023177087
854673,0.0029893834
854674,0.85848254
854675,0.97964466
854676,0.91683805
854677,0.8005689
854678,0.785127
854679,0.686796
854680,0.0038957132
854681,0.6970841
854682,0.0756431
854683,0.18825708
854684,0.14084052
854685,0.006726157
854686,0.023026079
854687,0.065219864
854688,0.102925405
854689,0.54073733
854690,0.04003083
854691,0.7906208
854692,0.008737546
854693,0.0031397764
854694,0.19772357
854695,0.050834086
854696,0.047673635
854697,0.049156673
854698,0.0009914491
854699,0.462775
854700,0.74508655
854701,0.01102162
854702,0.019069228
854703,0.0075365575
854704,0.023738366
854705,0.947115
854706,0.053703006
854707,0.87545407
854708,0.95981145
854709,0.6670962
854710,0.006344449
854711,0.028724402
854712,0.7261717
854713,0.11121477
854714,0.98672396
854715,0.08794762
854716,0.70184416
854717,0.03834299
854718,0.019367237
854719,0.93730474
854720,0.017438332
854721,0.22419868
854722,0.983735
854723,0.9504524
854724,0.02884956
854725,0.04447096
854726,0.03563624
854727,0.020147512
854728,0.13628119
854729,0.46742904
854730,0.47254583
854731,0.043121923
854732,0.98498607
854733,0.56394243
854734,0.58801794
854735,0.1682714
854736,0.018674139
854737,0.521201
854738,0.062078092
854739,0.2015275
854740,0.54726714
854741,0.017071586
854742,0.102202594
854743,0.04772857
854744,0.13848005
854745,0.08623729
854746,0.14581175
854747,0.26909012
854748,0.85639113
854749,0.9947575
854750,0.69390833
854751,0.995664
854752,0.7853606
854753,0.9982525
854754,0.97186416
854755,0.019469416
854756,0.29418615
854757,0.8811634
854758,0.6745206
854759,0.20341808
854760,0.71173084
854761,0.010815149
854762,0.001825759
854763,0.14883476
854764,0.019561138
854765,0.034155864
854766,0.7224847
854767,0.10180629
854768,0.009030926
854769,0.039679207
854770,0.9807639
854771,0.64207506
854772,0.021470819
854773,0.9890472
854774,0.9564451
854775,0.036094606
854776,0.7054421
854777,0.011506073
854778,0.08519847
854779,0.08730222
854780,0.9835174
854781,0.9331058
854782,0.18657197
854783,0.82593036
854784,0.9494736
854785,0.016965032
854786,0.9539758
854787,0.73317397
854788,0.92387736
854789,0.86099166
854790,0.25060293
854791,0.49781987
854792,0.90059555
854793,0.40331528
854794,0.1044676
854795,0.4730907
854796,0.048912667
854797,0.0044349222
854798,0.08778125
854799,0.12335492
854800,0.98251116
854801,0.02062895
854802,0.89390963
854803,0.019787751
854804,0.010160125
854805,0.31982124
854806,0.941835
854807,0.05075389
854808,0.6586069
854809,0.011156911
854810,0.8955735
854811,0.06792292
854812,0.021816717
854813,0.98525625
854814,0.6570254
854815,0.9576795
854816,0.013839255
854817,0.9969474
854818,0.10904616
854819,0.017662032
854820,0.011355206
854821,0.040893264
854822,0.0119193895
854823,0.051270224
854824,0.004887584
854825,0.1526249
854826,0.028356709
854827,0.0041285874
854828,0.28399935
854829,0.0075517073
854830,0.997182
854831,0.9967357
854832,0.96646416
854833,0.9309524
854834,0.99117374
854835,0.055805545
854836,0.7115645
854837,0.0052770237
854838,0.9695369
854839,0.041314993
854840,0.025065076
854841,0.0048373016
854842,0.9443384
854843,0.97171974
854844,0.36426666
854845,0.024055742
854846,0.996241
854847,0.77460945
854848,0.05935373
854849,0.28429934
854850,0.94856477
854851,0.0031894296
854852,0.9694365
854853,0.9850546
854854,0.99346864
854855,0.016180221
854856,0.8307382
854857,0.6478096
854858,0.034560308
854859,0.97367734
854860,0.033548355
854861,0.8930695
854862,0.959345
854863,0.025431708
854864,0.9873707
854865,0.70667815
854866,0.9311734
854867,0.049337067
854868,0.83859813
854869,0.0072457604
854870,0.24515012
854871,0.024850313
854872,0.9493048
854873,0.96882385
854874,0.054203253
854875,0.078905225
854876,0.0749383
854877,0.046307456
854878,0.9722473
854879,0.054760393
854880,0.004353801
854881,0.25527
854882,0.41446364
854883,0.68548805
854884,0.01754829
854885,0.009135088
854886,0.81235796
854887,0.044806138
854888,0.13270639
854889,0.9370933
854890,0.017169103
854891,0.9173113
854892,0.80212826
854893,0.017763566
854894,0.02714555
854895,0.0086881425
854896,0.037781615
854897,0.5081852
854898,0.05019768
854899,0.9225403
854900,0.8967474
854901,0.38242498
854902,0.98836905
854903,0.9840275
854904,0.09307529
854905,0.023517486
854906,0.008649651
854907,0.9363215
854908,0.006765222
854909,0.9908819
854910,0.4272331
854911,0.66215163
854912,0.8442254
854913,0.9827905
854914,0.9710233
854915,0.9711834
854916,0.9882921
854917,0.093052775
854918,0.003878187
854919,0.7124872
854920,0.93079144
854921,0.009333636
854922,0.29459184
854923,0.8780376
854924,0.61356187
854925,0.013466797
854926,0.771133
854927,0.8588239
854928,0.9901701
854929,0.9649731
854930,0.19129337
854931,0.0045804298
854932,0.0705523
854933,0.7210382
854934,0.014832136
854935,0.9857241
854936,0.029652763
854937,0.23195542
854938,0.63076186
854939,0.05856873
854940,0.75641704
854941,0.9978231
854942,0.021608252
854943,0.8968901
854944,0.0045765806
854945,0.0085866945
854946,0.2165991
854947,0.99336135
854948,0.99740726
854949,0.43420407
854950,0.11887217
854951,0.022745801
854952,0.67745006
854953,0.006117108
854954,0.61144394
854955,0.95952076
854956,0.9424564
854957,0.9947077
854958,0.98371744
854959,0.008586031
854960,0.038316086
854961,0.48236156
854962,0.7122655
854963,0.043956976
854964,0.013769685
854965,0.9892951
854966,0.0434527
854967,0.007941173
854968,0.05183319
854969,0.45587015
854970,0.7175583
854971,0.025190644
854972,0.16280958
854973,0.9515776
854974,0.6773284
854975,0.9178719
854976,0.9711006
854977,0.9834124
854978,0.015782677
854979,0.6252079
854980,0.99408144
854981,0.995708
854982,0.10993746
854983,0.9973169
854984,0.7557076
854985,0.7290769
854986,0.0365044
854987,0.99094534
854988,0.9933217
854989,0.012434428
854990,0.9454278
854991,0.43634236
854992,0.41230184
854993,0.14339131
854994,0.08354877
854995,0.67128253
854996,0.014307288
854997,0.0054538343
854998,0.6874086
854999,0.14346313
855000,0.22657499
855001,0.0105695985
855002,0.9877473
855003,0.9855824
855004,0.104613006
855005,0.06693216
855006,0.03798233
855007,0.1310953
855008,0.9886061
855009,0.0055255396
855010,0.9456674
855011,0.9651917
855012,0.9826392
855013,0.17214692
855014,0.8757938
855015,0.9866786
855016,0.05206652
855017,0.009414433
855018,0.9911698
855019,0.9907451
855020,0.028917236
855021,0.13237262
855022,0.19793409
855023,0.0037328405
855024,0.11903028
855025,0.057865113
855026,0.0035414153
855027,0.73732793
855028,0.9108237
855029,0.9778712
855030,0.028203813
855031,0.003499697
855032,0.03654652
855033,0.2746192
855034,0.9474295
855035,0.04417009
855036,0.9706819
855037,0.045031093
855038,0.67426264
855039,0.8077369
855040,0.62299114
855041,0.56346107
855042,0.35101086
855043,0.101757355
855044,0.12200448
855045,0.072972536
855046,0.016215522
855047,0.35049662
855048,0.0035216107
855049,0.777775
855050,0.12197222
855051,0.59419996
855052,0.38615954
855053,0.9537399
855054,0.003698693
855055,0.89561456
855056,0.16467166
855057,0.01290649
855058,0.029940354
855059,0.055106223
855060,0.005247567
855061,0.6727441
855062,0.0103162145
855063,0.043581422
855064,0.63438505
855065,0.057766333
855066,0.95378506
855067,0.46161705
855068,0.033679757
855069,0.09005144
855070,0.9506228
855071,0.0686233
855072,0.038667843
855073,0.96804446
855074,0.38822323
855075,0.93545955
855076,0.99574023
855077,0.948516
855078,0.001064044
855079,0.20275362
855080,0.99176204
855081,0.90646905
855082,0.28584114
855083,0.9721956
855084,0.90146804
855085,0.23874378
855086,0.99123394
855087,0.9927572
855088,0.9876926
855089,0.0033183924
855090,0.64960945
855091,0.9811263
855092,0.98530585
855093,0.9901172
855094,0.9377116
855095,0.0181937
855096,0.004167361
855097,0.75960463
855098,0.009857333
855099,0.0060292715
855100,0.18580028
855101,0.01743985
855102,0.0055707362
855103,0.9659706
855104,0.99543524
855105,0.021369211
855106,0.9818119
855107,0.018988397
855108,0.30422288
855109,0.993532
855110,0.99707544
855111,0.21607758
855112,0.015567709
855113,0.8871742
855114,0.6271837
855115,0.7722411
855116,0.75140905
855117,0.016631661
855118,0.78131604
855119,0.048428252
855120,0.0043357434
855121,0.009865813
855122,0.35016334
855123,0.45959607
855124,0.026278012
855125,0.9610146
855126,0.99870014
855127,0.04596204
855128,0.8968306
855129,0.1898651
855130,0.9791977
855131,0.53518444
855132,0.16692936
855133,0.4938427
855134,0.07449461
855135,0.53596175
855136,0.9345052
855137,0.1529047
855138,0.022516694
855139,0.027395748
855140,0.05090406
855141,0.5701418
855142,0.20120145
855143,0.9802133
855144,0.1387435
855145,0.0062225284
855146,0.9467527
855147,0.1304097
855148,0.0063541695
855149,0.017792623
855150,0.98576313
855151,0.015602738
855152,0.0056587914
855153,0.9316057
855154,0.25229442
855155,0.8850206
855156,0.9849974
855157,0.021768972
855158,0.15631634
855159,0.9898269
855160,0.8840856
855161,0.97135824
855162,0.014030678
855163,0.98577255
855164,0.9966737
855165,0.013449472
855166,0.15006138
855167,0.060085244
855168,0.9938187
855169,0.48985463
855170,0.6397744
855171,0.9572705
855172,0.7208482
855173,0.9454365
855174,0.6542935
855175,0.065807156
855176,0.9050285
855177,0.005449316
855178,0.06869309
855179,0.99190366
855180,0.9990441
855181,0.7987381
855182,0.047850925
855183,0.009170974
855184,0.65460134
855185,0.014336709
855186,0.008337659
855187,0.0031384076
855188,0.0022297248
855189,0.015851038
855190,0.47273588
855191,0.11114654
855192,0.5561958
855193,0.01949462
855194,0.2999502
855195,0.08300042
855196,0.95670694
855197,0.9758079
855198,0.03974547
855199,0.03562572
855200,0.01363792
855201,0.1365777
855202,0.97104484
855203,0.30599135
855204,0.9838851
855205,0.83766097
855206,0.9947272
855207,0.9226887
855208,0.03815856
855209,0.0049660094
855210,0.51311064
855211,0.019492084
855212,0.9685801
855213,0.85377836
855214,0.018448591
855215,0.9928447
855216,0.59290594
855217,0.9879277
855218,0.018950367
855219,0.59650207
855220,0.20691054
855221,0.99054706
855222,0.36622095
855223,0.0064892266
855224,0.036624435
855225,0.010472258
855226,0.18219486
855227,0.29923347
855228,0.94959724
855229,0.9776069
855230,0.9546369
855231,0.40167767
855232,0.93108475
855233,0.9904967
855234,0.99433637
855235,0.47420382
855236,0.252211
855237,0.989718
855238,0.62609047
855239,0.41750574
855240,0.06980528
855241,0.9719529
855242,0.07835897
855243,0.3496527
855244,0.9942829
855245,0.51766205
855246,0.0059795994
855247,0.9593878
855248,0.6250844
855249,0.26397017
855250,0.98262334
855251,0.025474386
855252,0.00819046
855253,0.91500807
855254,0.023540517
855255,0.4083156
855256,0.9835038
855257,0.15096053
855258,0.05480569
855259,0.01185203
855260,0.73869807
855261,0.42421556
855262,0.9904604
855263,0.014721789
855264,0.6983496
855265,0.023994625
855266,0.97910964
855267,0.08653996
855268,0.4886623
855269,0.9472173
855270,0.2825143
855271,0.68467665
855272,0.39199716
855273,0.96239257
855274,0.9868939
855275,0.7537163
855276,0.692176
855277,0.789113
855278,0.7784456
855279,0.34735507
855280,0.7386725
855281,0.7906489
855282,0.99419796
855283,0.95282435
855284,0.9863445
855285,0.98469454
855286,0.045976084
855287,0.98031926
855288,0.34353548
855289,0.32566047
855290,0.009917999
855291,0.08489532
855292,0.03924717
855293,0.9920082
855294,0.059674315
855295,0.005469526
855296,0.913767
855297,0.37440452
855298,0.93295693
855299,0.12711714
855300,0.14413187
855301,0.9794704
855302,0.98634005
855303,0.0054576937
855304,0.9948259
855305,0.85706824
855306,0.99132544
855307,0.84176195
855308,0.42562136
855309,0.9850053
855310,0.018658165
855311,0.6259068
855312,0.005093832
855313,0.4825061
855314,0.0051321113
855315,0.122928746
855316,0.04059786
855317,0.40861925
855318,0.98052514
855319,0.23648326
855320,0.92376804
855321,0.0759541
855322,0.039519455
855323,0.7489107
855324,0.23026161
855325,0.5605173
855326,0.032829676
855327,0.050902963
855328,0.9887696
855329,0.010128902
855330,0.55804455
855331,0.13286015
855332,0.9981408
855333,0.93716085
855334,0.6700165
855335,0.010640048
855336,0.0038039968
855337,0.9567874
855338,0.9967685
855339,0.32464066
855340,0.119589776
855341,0.09690491
855342,0.5417652
855343,0.009871353
855344,0.6272532
855345,0.026695747
855346,0.93290734
855347,0.82321596
855348,0.9196464
855349,0.97406375
855350,0.9907693
855351,0.19638854
855352,0.6660634
855353,0.93079835
855354,0.9922683
855355,0.9292579
855356,0.15089682
855357,0.93234503
855358,0.95567715
855359,0.9361147
855360,0.029810118
855361,0.96294975
855362,0.85539544
855363,0.95414937
855364,0.007961406
855365,0.9846773
855366,0.64517283
855367,0.84060717
855368,0.7900287
855369,0.9536019
855370,0.15343775
855371,0.6437042
855372,0.6100817
855373,0.35940522
855374,0.15686217
855375,0.021757469
855376,0.011543594
855377,0.718781
855378,0.99801326
855379,0.90537107
855380,0.99872947
855381,0.06648786
855382,0.9992409
855383,0.98793477
855384,0.9992638
855385,0.012915651
855386,0.10948638
855387,0.008331714
855388,0.95140404
855389,0.98825276
855390,0.02503987
855391,0.08247358
855392,0.9494128
855393,0.8636905
855394,0.16079052
855395,0.0015766071
855396,0.9844504
855397,0.9702059
855398,0.9307133
855399,0.38977817
855400,0.44827014
855401,0.8760749
855402,0.0006671247
855403,0.38732097
855404,0.029711079
855405,0.98599267
855406,0.05639734
855407,0.06733197
855408,0.7776593
855409,0.38803124
855410,0.21876441
855411,0.9957231
855412,0.06804131
855413,0.04409369
855414,0.81418556
855415,0.9947952
855416,0.9072694
855417,0.048718505
855418,0.37918425
855419,0.94299984
855420,0.029829588
855421,0.008911916
855422,0.0045494125
855423,0.55295444
855424,0.9507846
855425,0.01227831
855426,0.032364327
855427,0.93515646
855428,0.61850476
855429,0.21563804
855430,0.04861582
855431,0.019039506
855432,0.107595034
855433,0.7071917
855434,0.013166416
855435,0.012878755
855436,0.07839424
855437,0.8192376
855438,0.97202027
855439,0.9951227
855440,0.029744025
855441,0.034847688
855442,0.061961837
855443,0.0094483495
855444,0.8932593
855445,0.93373436
855446,0.42585084
855447,0.45372552
855448,0.02764545
855449,0.021903297
855450,0.53494847
855451,0.8266972
855452,0.06790583
855453,0.96871895
855454,0.010310042
855455,0.043244608
855456,0.9497833
855457,0.041732155
855458,0.80106866
855459,0.04006138
855460,0.98735034
855461,0.012037203
855462,0.9890949
855463,0.7790268
855464,0.98526186
855465,0.96682435
855466,0.083611414
855467,0.11692407
855468,0.99837804
855469,0.9587559
855470,0.80436933
855471,0.012608598
855472,0.9575124
855473,0.007203509
855474,0.99440694
855475,0.024086323
855476,0.101282895
855477,0.39332384
855478,0.0065343035
855479,0.9801339
855480,0.9693953
855481,0.9185588
855482,0.9920258
855483,0.0642934
855484,0.83126324
855485,0.54372174
855486,0.4748323
855487,0.003970858
855488,0.8969326
855489,0.9848296
855490,0.012389718
855491,0.66362745
855492,0.0144920545
855493,0.18479767
855494,0.48293042
855495,0.9925738
855496,0.01659986
855497,0.011410457
855498,0.42934343
855499,0.023721911
855500,0.35181758
855501,0.60794544
855502,0.0061982507
855503,0.03723373
855504,0.039136562
855505,0.67074597
855506,0.8079494
855507,0.9776858
855508,0.034063835
855509,0.99751145
855510,0.25506267
855511,0.8836885
855512,0.96589243
855513,0.20222151
855514,0.011332182
855515,0.0060077943
855516,0.58708584
855517,0.99031556
855518,0.3942764
855519,0.31061238
855520,0.99938554
855521,0.86345387
855522,0.040032886
855523,0.032804374
855524,0.008427301
855525,0.9797947
855526,0.9509585
855527,0.021326631
855528,0.018319914
855529,0.5292899
855530,0.040576097
855531,0.011502414
855532,0.008385458
855533,0.93101513
855534,0.013034334
855535,0.9960843
855536,0.109982334
855537,0.12085046
855538,0.9985802
855539,0.10753742
855540,0.25334036
855541,0.62768334
855542,0.9548814
855543,0.0080153495
855544,0.46147487
855545,0.04997516
855546,0.023841117
855547,0.99766743
855548,0.14307986
855549,0.04627765
855550,0.25412673
855551,0.6034026
855552,0.05937415
855553,0.8530156
855554,0.9986968
855555,0.004522493
855556,0.92119133
855557,0.98556477
855558,0.02696321
855559,0.47339082
855560,0.99400425
855561,0.12142797
855562,0.01667843
855563,0.32055047
855564,0.51632947
855565,0.17257224
855566,0.6650764
855567,0.96240723
855568,0.9965401
855569,0.10080183
855570,0.21964702
855571,0.0061196378
855572,0.04962089
855573,0.019232638
855574,0.6336919
855575,0.91213655
855576,0.026937537
855577,0.95453596
855578,0.018657386
855579,0.060167916
855580,0.0579705
855581,0.022796031
855582,0.925509
855583,0.044614956
855584,0.7723895
855585,0.91556203
855586,0.2954529
855587,0.61233974
855588,0.91307086
855589,0.48393065
855590,0.95134884
855591,0.081547126
855592,0.9786375
855593,0.9520114
855594,0.018659187
855595,0.08316697
855596,0.3053517
855597,0.009236451
855598,0.01704941
855599,0.11203175
855600,0.996789
855601,0.99717903
855602,0.04787931
855603,0.10865314
855604,0.98656774
855605,0.99845743
855606,0.90094936
855607,0.35394496
855608,0.22532141
855609,0.07637019
855610,0.39986706
855611,0.019821454
855612,0.03694705
855613,0.012788454
855614,0.9860313
855615,0.8401453
855616,0.2432582
855617,0.7532537
855618,0.33368105
855619,0.9935107
855620,0.3615889
855621,0.0030391337
855622,0.013399505
855623,0.02386934
855624,0.19454762
855625,0.17958733
855626,0.4132955
855627,0.05618345
855628,0.5757109
855629,0.9380429
855630,0.97017485
855631,0.036945
855632,0.3463597
855633,0.050408997
855634,0.011915674
855635,0.94409335
855636,0.9083499
855637,0.35291314
855638,0.89813465
855639,0.983572
855640,0.40828663
855641,0.034703992
855642,0.98136294
855643,0.045996334
855644,0.038462613
855645,0.034537755
855646,0.0052140523
855647,0.3037651
855648,0.1751967
855649,0.99114877
855650,0.9984312
855651,0.09506807
855652,0.302106
855653,0.84482163
855654,0.97519135
855655,0.034570478
855656,0.26144573
855657,0.65374357
855658,0.37886614
855659,0.9927481
855660,0.032671325
855661,0.039302357
855662,0.58585894
855663,0.08337094
855664,0.97350746
855665,0.110018484
855666,0.0031177902
855667,0.9613399
855668,0.9924072
855669,0.8995352
855670,0.2262564
855671,0.018801626
855672,0.029972345
855673,0.018804286
855674,0.010118542
855675,0.009220016
855676,0.009982956
855677,0.17604655
855678,0.0021110715
855679,0.19077113
855680,0.011233886
855681,0.9813716
855682,0.929282
855683,0.9872764
855684,0.028207418
855685,0.779089
855686,0.010433616
855687,0.0044687814
855688,0.7484753
855689,0.5640385
855690,0.69424427
855691,0.5955255
855692,0.034168445
855693,0.99398625
855694,0.01920214
855695,0.9287895
855696,0.06319423
855697,0.009742234
855698,0.99424255
855699,0.1194835
855700,0.031416167
855701,0.12165602
855702,0.6078423
855703,0.015634974
855704,0.019340545
855705,0.0137792295
855706,0.06517085
855707,0.8417872
855708,0.65573263
855709,0.10982398
855710,0.81711274
855711,0.9683834
855712,0.95702344
855713,0.037776116
855714,0.9693839
855715,0.004809243
855716,0.067490995
855717,0.072218604
855718,0.97239554
855719,0.33680362
855720,0.92466843
855721,0.6906876
855722,0.005453068
855723,0.017501371
855724,0.9994689
855725,0.072474256
855726,0.9610503
855727,0.09714615
855728,0.0029520323
855729,0.94841886
855730,0.023299614
855731,0.021129549
855732,0.007236582
855733,0.5083665
855734,0.02395287
855735,0.03729614
855736,0.055466503
855737,0.0276823
855738,0.998987
855739,0.98442715
855740,0.9764265
855741,0.18466432
855742,0.9481464
855743,0.803579
855744,0.1480958
855745,0.9372039
855746,0.8777381
855747,0.14567892
855748,0.004220762
855749,0.9806467
855750,0.21874346
855751,0.9079051
855752,0.97210777
855753,0.90820825
855754,0.74559766
855755,0.8836536
855756,0.9956774
855757,0.9735589
855758,0.08634405
855759,0.0057396684
855760,0.0035211882
855761,0.9923613
855762,0.49158043
855763,0.013409334
855764,0.13060214
855765,0.9983547
855766,0.02491378
855767,0.01942592
855768,0.44473994
855769,0.30624768
855770,0.020993095
855771,0.061898183
855772,0.0045356024
855773,0.026092554
855774,0.011307329
855775,0.21752876
855776,0.8931051
855777,0.004897548
855778,0.7246319
855779,0.019269459
855780,0.028344069
855781,0.30773214
855782,0.95693314
855783,0.06073483
855784,0.9926801
855785,0.0041648145
855786,0.002936109
855787,0.74758023
855788,0.20977935
855789,0.92755795
855790,0.99200344
855791,0.008219259
855792,0.031161882
855793,0.9008129
855794,0.9817731
855795,0.0069698608
855796,0.85724646
855797,0.016487874
855798,0.002430234
855799,0.34044
855800,0.9194488
855801,0.92492366
855802,0.98594266
855803,0.0013448643
855804,0.013453838
855805,0.65294015
855806,0.061075866
855807,0.1637406
855808,0.010892218
855809,0.15493093
855810,0.5189898
855811,0.16683206
855812,0.007173741
855813,0.014046448
855814,0.0364454
855815,0.039149545
855816,0.010495027
855817,0.45243603
855818,0.87428886
855819,0.006179789
855820,0.015824093
855821,0.037783567
855822,0.17258109
855823,0.9541449
855824,0.04702163
855825,0.008926452
855826,0.10976167
855827,0.06027538
855828,0.13052136
855829,0.12842284
855830,0.008926088
855831,0.9028138
855832,0.7293931
855833,0.97819686
855834,0.028710041
855835,0.99459374
855836,0.14084414
855837,0.11357301
855838,0.23629393
855839,0.22383687
855840,0.9923644
855841,0.34422582
855842,0.5518609
855843,0.15913044
855844,0.9997922
855845,0.9843297
855846,0.0045497552
855847,0.018144647
855848,0.3890954
855849,0.4888059
855850,0.9871051
855851,0.22197619
855852,0.23808752
855853,0.97805405
855854,0.98559904
855855,0.046257827
855856,0.0055932207
855857,0.9711768
855858,0.13539423
855859,0.0066728336
855860,0.10785656
855861,0.65861297
855862,0.789596
855863,0.8574009
855864,0.05702571
855865,0.011914376
855866,0.51476884
855867,0.005291433
855868,0.3259832
855869,0.093259215
855870,0.93564194
855871,0.08486656
855872,0.005051378
855873,0.06260299
855874,0.011595814
855875,0.00739514
855876,0.7532191
855877,0.99253154
855878,0.9804429
855879,0.047690768
855880,0.81647843
855881,0.9621318
855882,0.14091432
855883,0.0100828605
855884,0.0030649395
855885,0.3177814
855886,0.9626568
855887,0.111693695
855888,0.13519011
855889,0.31762734
855890,0.94166464
855891,0.9573657
855892,0.012883221
855893,0.7433685
855894,0.018674286
855895,0.95824015
855896,0.9427246
855897,0.9182199
855898,0.0095220255
855899,0.07624413
855900,0.027342666
855901,0.90412617
855902,0.14363648
855903,0.9747576
855904,0.9942179
855905,0.9149878
855906,0.45597035
855907,0.8047609
855908,0.9961503
855909,0.9364458
855910,0.12663665
855911,0.43765014
855912,0.9540771
855913,0.0038880813
855914,0.66964877
855915,0.7355639
855916,0.035476208
855917,0.118677035
855918,0.8869096
855919,0.8795521
855920,0.08455049
855921,0.48324984
855922,0.9657315
855923,0.024073843
855924,0.12759286
855925,0.26751807
855926,0.10514405
855927,0.9078024
855928,0.81194735
855929,0.081707805
855930,0.87954247
855931,0.1788649
855932,0.9204339
855933,0.08145179
855934,0.05174277
855935,0.09801796
855936,0.025306514
855937,0.01615202
855938,0.94793063
855939,0.9967731
855940,0.56148493
855941,0.029514475
855942,0.9900684
855943,0.06727344
855944,0.006403705
855945,0.39987516
855946,0.99313796
855947,0.96593225
855948,0.11162809
855949,0.99673456
855950,0.8988956
855951,0.3706792
855952,0.9876727
855953,0.024235953
855954,0.96033454
855955,0.92773414
855956,0.24136937
855957,0.2138851
855958,0.97435164
855959,0.9513517
855960,0.7413273
855961,0.14456268
855962,0.9630877
855963,0.041610576
855964,0.9069916
855965,0.968383
855966,0.36878967
855967,0.7399337
855968,0.9780264
855969,0.008053078
855970,0.9793699
855971,0.39532706
855972,0.28058428
855973,0.9774549
855974,0.018655062
855975,0.11383499
855976,0.9457883
855977,0.026241545
855978,0.9356172
855979,0.054500505
855980,0.9975176
855981,0.12338191
855982,0.95247
855983,0.04702226
855984,0.018842023
855985,0.031567216
855986,0.046802424
855987,0.028243348
855988,0.26716757
855989,0.24597129
855990,0.06443672
855991,0.028649304
855992,0.56234086
855993,0.9481598
855994,0.8576658
855995,0.79671067
855996,0.952094
855997,0.033294383
855998,0.061580908
855999,0.053379845
856000,0.030925691
856001,0.99590373
856002,0.008942863
856003,0.19539043
856004,0.041130207
856005,0.033371586
856006,0.8748219
856007,0.49455208
856008,0.84219795
856009,0.5142928
856010,0.8169496
856011,0.84559256
856012,0.94157976
856013,0.9295644
856014,0.001373715
856015,0.99910367
856016,0.061526652
856017,0.13195238
856018,0.009733305
856019,0.0051925736
856020,0.28764513
856021,0.004567387
856022,0.020061184
856023,0.39110735
856024,0.1200818
856025,0.10474844
856026,0.002731772
856027,0.0051912377
856028,0.026109282
856029,0.9062279
856030,0.15803944
856031,0.5907052
856032,0.25674745
856033,0.9914916
856034,0.98823255
856035,0.09973568
856036,0.4437428
856037,0.62495387
856038,0.014965082
856039,0.6088888
856040,0.8366167
856041,0.93021506
856042,0.009438144
856043,0.0685863
856044,0.0061329203
856045,0.36247757
856046,0.9533017
856047,0.93515396
856048,0.023477282
856049,0.38343954
856050,0.6847236
856051,0.037194453
856052,0.99297833
856053,0.1437031
856054,0.7002871
856055,0.6093441
856056,0.98647386
856057,0.9964244
856058,0.4248451
856059,0.9923316
856060,0.9975078
856061,0.28549236
856062,0.038307704
856063,0.012563752
856064,0.8635285
856065,0.052400857
856066,0.26253483
856067,0.004020388
856068,0.08225033
856069,0.0123420525
856070,0.5804822
856071,0.87447757
856072,0.95632255
856073,0.6994452
856074,0.026549648
856075,0.057866488
856076,0.026908416
856077,0.0041877483
856078,0.9254937
856079,0.9985413
856080,0.018327016
856081,0.068624854
856082,0.06136038
856083,0.90902543
856084,0.9848778
856085,0.92553425
856086,0.025609948
856087,0.25081122
856088,0.09476278
856089,0.02470088
856090,0.9513826
856091,0.77955264
856092,0.8194271
856093,0.0076758303
856094,0.969635
856095,0.84421617
856096,0.9297225
856097,0.016606832
856098,0.9985824
856099,0.5335446
856100,0.8121563
856101,0.9870832
856102,0.9202866
856103,0.004826676
856104,0.3227159
856105,0.9566068
856106,0.9803256
856107,0.017776972
856108,0.19688196
856109,0.9744233
856110,0.95923537
856111,0.18345535
856112,0.98025584
856113,0.0072536594
856114,0.24026974
856115,0.8023704
856116,0.19027886
856117,0.054482296
856118,0.014665488
856119,0.00279537
856120,0.9906834
856121,0.9286791
856122,0.99506074
856123,0.16789953
856124,0.7245524
856125,0.063269846
856126,0.95865244
856127,0.89751136
856128,0.21245492
856129,0.00887743
856130,0.072995804
856131,0.932704
856132,0.15168157
856133,0.7786756
856134,0.0069452263
856135,0.9954864
856136,0.9562
856137,0.019457307
856138,0.7812059
856139,0.5404069
856140,0.013422329
856141,0.071558684
856142,0.99895895
856143,0.98606825
856144,0.99168044
856145,0.029183384
856146,0.9805357
856147,0.016523637
856148,0.018462546
856149,0.8777698
856150,0.02064506
856151,0.046864845
856152,0.9927185
856153,0.029646767
856154,0.14170027
856155,0.02184607
856156,0.023172932
856157,0.56459826
856158,0.97757167
856159,0.03037358
856160,0.87619317
856161,0.9182185
856162,0.80279773
856163,0.04556171
856164,0.7233081
856165,0.9876109
856166,0.0012885699
856167,0.78712
856168,0.45127648
856169,0.075866826
856170,0.95395374
856171,0.6506067
856172,0.7653891
856173,0.021117069
856174,0.5196994
856175,0.057022512
856176,0.70941174
856177,0.7416519
856178,0.9295155
856179,0.997126
856180,0.5907434
856181,0.53749937
856182,0.4951385
856183,0.015797373
856184,0.036298655
856185,0.005387473
856186,0.3337315
856187,0.8936
856188,0.070098914
856189,0.6103904
856190,0.15852273
856191,0.95905733
856192,0.005389888
856193,0.13697237
856194,0.080766626
856195,0.08027749
856196,0.8940446
856197,0.60639143
856198,0.020640483
856199,0.026741369
856200,0.9902377
856201,0.3048219
856202,0.9396621
856203,0.2769917
856204,0.0075748023
856205,0.051303815
856206,0.5819334
856207,0.9950118
856208,0.7972418
856209,0.014487823
856210,0.9355745
856211,0.9925353
856212,0.008402055
856213,0.9713125
856214,0.14652869
856215,0.06370803
856216,0.14865978
856217,0.0062395544
856218,0.5484361
856219,0.18867052
856220,0.70007056
856221,0.9919939
856222,0.044570405
856223,0.03433146
856224,0.8525425
856225,0.14160222
856226,0.9921888
856227,0.9638516
856228,0.32133943
856229,0.03450966
856230,0.21699463
856231,0.31376436
856232,0.009126147
856233,0.014121501
856234,0.70877147
856235,0.9921897
856236,0.98163587
856237,0.23761012
856238,0.9633261
856239,0.019397287
856240,0.99521047
856241,0.83992344
856242,0.076547176
856243,0.0063067535
856244,0.97982764
856245,0.6360924
856246,0.43283498
856247,0.0038512105
856248,0.065092966
856249,0.15144977
856250,0.12637517
856251,0.018233424
856252,0.009270541
856253,0.9886075
856254,0.9827278
856255,0.0064593926
856256,0.78218603
856257,0.98643553
856258,0.9107032
856259,0.011556042
856260,0.9935185
856261,0.9991384
856262,0.0013273791
856263,0.5538651
856264,0.99423265
856265,0.0026406953
856266,0.025824185
856267,0.38861477
856268,0.35236356
856269,0.13736716
856270,0.038770523
856271,0.24052341
856272,0.48321983
856273,0.020692887
856274,0.0036543938
856275,0.9584104
856276,0.8054586
856277,0.17933957
856278,0.1901712
856279,0.6533522
856280,0.0055460413
856281,0.99723566
856282,0.042935
856283,0.053634256
856284,0.67874503
856285,0.26831135
856286,0.027018208
856287,0.05628876
856288,0.03260705
856289,0.014591077
856290,0.96142673
856291,0.25924158
856292,0.99360925
856293,0.8658549
856294,0.89525366
856295,0.99610466
856296,0.10077481
856297,0.0072327317
856298,0.0044213007
856299,0.7810542
856300,0.14973173
856301,0.95571595
856302,0.026925486
856303,0.002412273
856304,0.99613374
856305,0.2893385
856306,0.98698616
856307,0.0032534592
856308,0.9841363
856309,0.9624702
856310,0.9609569
856311,0.018148057
856312,0.0026663737
856313,0.16727254
856314,0.5927109
856315,0.16240513
856316,0.43729797
856317,0.5010226
856318,0.09452887
856319,0.31571764
856320,0.91897595
856321,0.009166764
856322,0.36090833
856323,0.48428112
856324,0.0062945373
856325,0.005384723
856326,0.9846878
856327,0.9957349
856328,0.9948553
856329,0.04373567
856330,0.8972136
856331,0.9927669
856332,0.0059757913
856333,0.99325514
856334,0.9916956
856335,0.068567686
856336,0.01317964
856337,0.04136584
856338,0.99973947
856339,0.9885979
856340,0.073509485
856341,0.6489789
856342,0.3939166
856343,0.020713918
856344,0.011007047
856345,0.038781308
856346,0.99571717
856347,0.030853838
856348,0.017499546
856349,0.114766106
856350,0.029086092
856351,0.9805751
856352,0.038291454
856353,0.9805134
856354,0.08725432
856355,0.00048250472
856356,0.008811015
856357,0.96411175
856358,0.062382434
856359,0.9625111
856360,0.4745581
856361,0.0066283983
856362,0.02172707
856363,0.038999252
856364,0.27302375
856365,0.17780252
856366,0.36550498
856367,0.9962315
856368,0.9981629
856369,0.2647981
856370,0.10192498
856371,0.7871265
856372,0.007944825
856373,0.97129846
856374,0.3983693
856375,0.1453769
856376,0.012490157
856377,0.9983766
856378,0.04859683
856379,0.0645306
856380,0.052363757
856381,0.61267775
856382,0.08531087
856383,0.024529243
856384,0.003804733
856385,0.10545252
856386,0.99617976
856387,0.008763847
856388,0.8750822
856389,0.9861536
856390,0.012506819
856391,0.2125211
856392,0.008097113
856393,0.052244283
856394,0.04589606
856395,0.92132777
856396,0.8294494
856397,0.93938947
856398,0.9934047
856399,0.77742344
856400,0.9876832
856401,0.87194735
856402,0.96284586
856403,0.9893426
856404,0.0088399835
856405,0.5842328
856406,0.028553857
856407,0.9948563
856408,0.90078646
856409,0.96768105
856410,0.005516833
856411,0.6199145
856412,0.019989328
856413,0.9873351
856414,0.017348897
856415,0.17578731
856416,0.004738381
856417,0.051108662
856418,0.88167495
856419,0.90377736
856420,0.95559883
856421,0.22259146
856422,0.9206727
856423,0.020150587
856424,0.123252496
856425,0.032522503
856426,0.9491693
856427,0.8446244
856428,0.03738929
856429,0.99704415
856430,0.13540602
856431,0.020945335
856432,0.27636933
856433,0.019447502
856434,0.018545179
856435,0.021430228
856436,0.03410569
856437,0.6730185
856438,0.8597356
856439,0.98866665
856440,0.78022456
856441,0.9417112
856442,0.992945
856443,0.3660587
856444,0.8038811
856445,0.9379454
856446,0.8450284
856447,0.9409858
856448,0.017405955
856449,0.6004728
856450,0.18373317
856451,0.9817868
856452,0.007894715
856453,0.05445941
856454,0.9906303
856455,0.98934376
856456,0.9929379
856457,0.07578693
856458,0.98321956
856459,0.13570923
856460,0.070784226
856461,0.89886427
856462,0.99520916
856463,0.1797751
856464,0.06454142
856465,0.97179717
856466,0.0010977429
856467,0.14918563
856468,0.009318304
856469,0.08585787
856470,0.44344077
856471,0.05144401
856472,0.029392973
856473,0.05373892
856474,0.9440233
856475,0.01365488
856476,0.99766433
856477,0.663399
856478,0.47427383
856479,0.44579232
856480,0.15696694
856481,0.90143466
856482,0.94902253
856483,0.99376667
856484,0.7982806
856485,0.067669466
856486,0.17471041
856487,0.42787325
856488,0.49656898
856489,0.17190506
856490,0.007908066
856491,0.99598277
856492,0.31905347
856493,0.16114676
856494,0.2052012
856495,0.99027914
856496,0.14523385
856497,0.010215856
856498,0.045612857
856499,0.01000474
856500,0.91959035
856501,0.0083894525
856502,0.06469417
856503,0.0023861409
856504,0.9957259
856505,0.64465356
856506,0.09044379
856507,0.96241367
856508,0.012038466
856509,0.23786467
856510,0.953236
856511,0.8926498
856512,0.44407594
856513,0.2083879
856514,0.055340346
856515,0.30972564
856516,0.19241568
856517,0.964983
856518,0.9254486
856519,0.07146432
856520,0.007829197
856521,0.99751925
856522,0.3872721
856523,0.94387096
856524,0.042884722
856525,0.008890036
856526,0.24557309
856527,0.6045531
856528,0.06586839
856529,0.7840513
856530,0.19457164
856531,0.0050556324
856532,0.012555889
856533,0.04301065
856534,0.003570342
856535,0.99193007
856536,0.99458474
856537,0.054965157
856538,0.6619812
856539,0.23241039
856540,0.13271433
856541,0.5385219
856542,0.3664012
856543,0.048301972
856544,0.9838433
856545,0.005681034
856546,0.9926636
856547,0.84342253
856548,0.966026
856549,0.15979213
856550,0.99160683
856551,0.99364245
856552,0.03767589
856553,0.061211925
856554,0.042055752
856555,0.8784849
856556,0.35060441
856557,0.115148
856558,0.039929617
856559,0.61664134
856560,0.0048079304
856561,0.029600013
856562,0.006965709
856563,0.55518407
856564,0.41020405
856565,0.8852033
856566,0.5792908
856567,0.99124515
856568,0.7767841
856569,0.13726449
856570,0.044700272
856571,0.16272074
856572,0.9988229
856573,0.07570018
856574,0.0525082
856575,0.040091068
856576,0.114297986
856577,0.7888873
856578,0.006756041
856579,0.32967073
856580,0.8823854
856581,0.1041037
856582,0.99635124
856583,0.0038770537
856584,0.35824692
856585,0.9523884
856586,0.4578832
856587,0.92677444
856588,0.28487873
856589,0.62544376
856590,0.9609281
856591,0.022221476
856592,0.9343428
856593,0.99966323
856594,0.98190546
856595,0.11735824
856596,0.990101
856597,0.05599267
856598,0.009441022
856599,0.011368669
856600,0.024109714
856601,0.5770577
856602,0.9875191
856603,0.048087385
856604,0.0050667594
856605,0.28533694
856606,0.011021722
856607,0.008750103
856608,0.99442333
856609,0.02522356
856610,0.4775271
856611,0.34670305
856612,0.9132018
856613,0.77685773
856614,0.9196722
856615,0.030340943
856616,0.046590824
856617,0.036239807
856618,0.090017
856619,0.008314996
856620,0.881996
856621,0.36980182
856622,0.99687743
856623,0.95934916
856624,0.80770767
856625,0.018171424
856626,0.1280559
856627,0.036423028
856628,0.17207876
856629,0.018421179
856630,0.9283736
856631,0.4659155
856632,0.85154694
856633,0.9956008
856634,0.13965353
856635,0.011518512
856636,0.02198575
856637,0.6547841
856638,0.9967629
856639,0.002875864
856640,0.0053695757
856641,0.01665004
856642,0.9300536
856643,0.30640504
856644,0.0029884316
856645,0.15020403
856646,0.013521208
856647,0.0076517835
856648,0.15246871
856649,0.504882
856650,0.99856853
856651,0.012086522
856652,0.03695629
856653,0.5714559
856654,0.025304053
856655,0.833096
856656,0.7882513
856657,0.034790654
856658,0.010472799
856659,0.95623434
856660,0.11573005
856661,0.930432
856662,0.9040724
856663,0.016851489
856664,0.9972462
856665,0.0029583974
856666,0.92540383
856667,0.02053758
856668,0.962604
856669,0.119748056
856670,0.9495348
856671,0.8596823
856672,0.76444626
856673,0.35395014
856674,0.502677
856675,0.46183538
856676,0.19614749
856677,0.0028302465
856678,0.97363174
856679,0.81037915
856680,0.42775527
856681,0.9886451
856682,0.10018773
856683,0.012514308
856684,0.824334
856685,0.20266668
856686,0.03481625
856687,0.20226544
856688,0.985021
856689,0.14253625
856690,0.024946468
856691,0.011204183
856692,0.029506676
856693,0.9470259
856694,0.025566202
856695,0.003566448
856696,0.81761974
856697,0.9733825
856698,0.020362005
856699,0.07289629
856700,0.85970294
856701,0.71145487
856702,0.7817979
856703,0.986912
856704,0.88885415
856705,0.93441373
856706,0.96440786
856707,0.6489834
856708,0.47279054
856709,0.32197416
856710,0.24747479
856711,0.027780777
856712,0.9141396
856713,0.03177038
856714,0.15790309
856715,0.94202447
856716,0.09720676
856717,0.10154323
856718,0.03850513
856719,0.6431798
856720,0.06981896
856721,0.48005575
856722,0.26802647
856723,0.6034212
856724,0.2142852
856725,0.2832126
856726,0.11246339
856727,0.20951177
856728,0.9171083
856729,0.9221652
856730,0.10340032
856731,0.06425671
856732,0.7712778
856733,0.41521898
856734,0.99560606
856735,0.012159628
856736,0.4321134
856737,0.9219446
856738,0.9594798
856739,0.07751144
856740,0.208534
856741,0.32011566
856742,0.8939955
856743,0.9932391
856744,0.01075468
856745,0.065963775
856746,0.82565194
856747,0.009450563
856748,0.72801363
856749,0.987848
856750,0.9738475
856751,0.937731
856752,0.025015619
856753,0.24128054
856754,0.9603431
856755,0.11169529
856756,0.9951587
856757,0.99458337
856758,0.9937254
856759,0.05798356
856760,0.9082172
856761,0.9734304
856762,0.09338661
856763,0.083743
856764,0.9559707
856765,0.39950693
856766,0.06142223
856767,0.9511519
856768,0.010563866
856769,0.066568
856770,0.35411355
856771,0.01715231
856772,0.97864884
856773,0.7039662
856774,0.1180633
856775,0.89996994
856776,0.98803085
856777,0.8912747
856778,0.11452499
856779,0.95675886
856780,0.943713
856781,0.027401576
856782,0.009079188
856783,0.11720421
856784,0.37237915
856785,0.28702602
856786,0.0033740953
856787,0.022201559
856788,0.09290484
856789,0.86973625
856790,0.027399007
856791,0.8697008
856792,0.041069854
856793,0.057899892
856794,0.99375343
856795,0.76736104
856796,0.5453547
856797,0.055850092
856798,0.044106815
856799,0.03160122
856800,0.0052782856
856801,0.0028610826
856802,0.19367078
856803,0.07018426
856804,0.032823812
856805,0.9669601
856806,0.99937654
856807,0.12598442
856808,0.007117686
856809,0.9246521
856810,0.99055064
856811,0.25410962
856812,0.9993613
856813,0.88136053
856814,0.043593936
856815,0.8663923
856816,0.89470655
856817,0.13835815
856818,0.90867156
856819,0.641046
856820,0.8993326
856821,0.9930835
856822,0.06915011
856823,0.21485573
856824,0.791914
856825,0.0043232404
856826,0.9549171
856827,0.79359144
856828,0.098387755
856829,0.0044369507
856830,0.9875577
856831,0.00865031
856832,0.023266034
856833,0.99404466
856834,0.10741525
856835,0.9627859
856836,0.05239983
856837,0.12101515
856838,0.10049199
856839,0.025371546
856840,0.8384753
856841,0.0768286
856842,0.9772067
856843,0.056036096
856844,0.054259934
856845,0.34235513
856846,0.0063234367
856847,0.89932615
856848,0.24758346
856849,0.25933123
856850,0.07550724
856851,0.14026254
856852,0.6385264
856853,0.7696432
856854,0.18965438
856855,0.05648765
856856,0.0037060084
856857,0.082728565
856858,0.27316108
856859,0.005458964
856860,0.9777143
856861,0.28147626
856862,0.9714694
856863,0.9407418
856864,0.005397387
856865,0.98529905
856866,0.008416635
856867,0.94331247
856868,0.0070631737
856869,0.99513537
856870,0.9817977
856871,0.08963045
856872,0.017822035
856873,0.50692886
856874,0.9261414
856875,0.026313743
856876,0.017871542
856877,0.9329711
856878,0.90731746
856879,0.9958012
856880,0.69794106
856881,0.98119354
856882,0.9668667
856883,0.92758894
856884,0.60758084
856885,0.02701116
856886,0.7316696
856887,0.23437352
856888,0.15266727
856889,0.82367224
856890,0.9985706
856891,0.9942916
856892,0.3167896
856893,0.20414723
856894,0.88975286
856895,0.7068348
856896,0.99852955
856897,0.02097257
856898,0.012540398
856899,0.018141575
856900,0.9869669
856901,0.013439055
856902,0.8456113
856903,0.93581694
856904,0.99632674
856905,0.9193988
856906,0.9636022
856907,0.9116805
856908,0.24711904
856909,0.92606604
856910,0.9850338
856911,0.25133857
856912,0.99131525
856913,0.8765485
856914,0.9884274
856915,0.89245355
856916,0.062006615
856917,0.74892855
856918,0.005211351
856919,0.42568618
856920,0.9677951
856921,0.053730402
856922,0.9807016
856923,0.9709499
856924,0.18852913
856925,0.4345606
856926,0.71550405
856927,0.9514521
856928,0.77053404
856929,0.017093189
856930,0.9933413
856931,0.8233663
856932,0.028959613
856933,0.03069887
856934,0.8179542
856935,0.99267817
856936,0.025035677
856937,0.9941459
856938,0.0363967
856939,0.29119694
856940,0.9360371
856941,0.014644731
856942,0.97878087
856943,0.97631913
856944,0.24115708
856945,0.9684532
856946,0.9155346
856947,0.92131823
856948,0.90723056
856949,0.9631299
856950,0.9461263
856951,0.11245519
856952,0.9252544
856953,0.46481138
856954,0.18550576
856955,0.051417477
856956,0.033271205
856957,0.8944502
856958,0.026232187
856959,0.008440651
856960,0.71330035
856961,0.17054053
856962,0.62427765
856963,0.06581173
856964,0.92914057
856965,0.9577232
856966,0.99925417
856967,0.57651067
856968,0.9950578
856969,0.3828176
856970,0.53589165
856971,0.024924405
856972,0.3684855
856973,0.05226064
856974,0.9897416
856975,0.008213689
856976,0.5063926
856977,0.046617277
856978,0.07538625
856979,0.72248673
856980,0.44044602
856981,0.013259741
856982,0.0034196742
856983,0.31031808
856984,0.018202938
856985,0.0333303
856986,0.012412725
856987,0.25697255
856988,0.043864284
856989,0.937583
856990,0.9847157
856991,0.045913793
856992,0.97529805
856993,0.017412841
856994,0.9258338
856995,0.23741351
856996,0.9525592
856997,0.3152292
856998,0.96089226
856999,0.8419378
857000,0.61001366
857001,0.0018093348
857002,0.8242077
857003,0.7304286
857004,0.16659035
857005,0.24164388
857006,0.30600232
857007,0.80930656
857008,0.0040828926
857009,0.045043513
857010,0.63751346
857011,0.055739027
857012,0.048792128
857013,0.96996725
857014,0.0020057256
857015,0.034874868
857016,0.026251033
857017,0.13942343
857018,0.118307374
857019,0.2345625
857020,0.069074236
857021,0.0132848965
857022,0.008610074
857023,0.8116809
857024,0.06522007
857025,0.93771
857026,0.010767642
857027,0.9983986
857028,0.9432518
857029,0.18012184
857030,0.9599399
857031,0.09028702
857032,0.08616689
857033,0.91202515
857034,0.54672307
857035,0.06976575
857036,0.98582375
857037,0.18446934
857038,0.013203326
857039,0.089613214
857040,0.15402704
857041,0.75736284
857042,0.952321
857043,0.3039089
857044,0.069614604
857045,0.008588787
857046,0.12428173
857047,0.43891
857048,0.14447065
857049,0.41625655
857050,0.010769503
857051,0.03669751
857052,0.8167706
857053,0.6218742
857054,0.08428262
857055,0.03573396
857056,0.96773785
857057,0.15008555
857058,0.9095404
857059,0.7293231
857060,0.9613162
857061,0.33092594
857062,0.13185573
857063,0.29778063
857064,0.9477116
857065,0.45885506
857066,0.86829644
857067,0.35248163
857068,0.08438542
857069,0.08132708
857070,0.41059977
857071,0.9916514
857072,0.9243705
857073,0.99775743
857074,0.04780309
857075,0.9278439
857076,0.91555774
857077,0.030641023
857078,0.037809085
857079,0.5524353
857080,0.8185806
857081,0.01269261
857082,0.23279858
857083,0.008670876
857084,0.31897682
857085,0.21700318
857086,0.32445124
857087,0.9944421
857088,0.025373042
857089,0.91895986
857090,0.9582267
857091,0.35220444
857092,0.05746582
857093,0.8829373
857094,0.98555446
857095,0.0656831
857096,0.8545455
857097,0.9951344
857098,0.033007663
857099,0.005579939
857100,0.03238989
857101,0.01161865
857102,0.009085122
857103,0.9794004
857104,0.06982202
857105,0.31836635
857106,0.12558113
857107,0.3731675
857108,0.20042408
857109,0.29458246
857110,0.995026
857111,0.01640227
857112,0.003441768
857113,0.9904674
857114,0.096142426
857115,0.024236716
857116,0.01545037
857117,0.08196847
857118,0.047770172
857119,0.08200231
857120,0.9941407
857121,0.0077614808
857122,0.7287431
857123,0.94317216
857124,0.99619466
857125,0.4241371
857126,0.99012697
857127,0.028302241
857128,0.05887953
857129,0.9987366
857130,0.053059615
857131,0.14371148
857132,0.004693237
857133,0.052235827
857134,0.9768354
857135,0.97363675
857136,0.0067351693
857137,0.037848182
857138,0.4680825
857139,0.0064027724
857140,0.4002612
857141,0.82294685
857142,0.8994151
857143,0.9712731
857144,0.013325459
857145,0.0044997856
857146,0.05702258
857147,0.8853798
857148,0.05846247
857149,0.0071688956
857150,0.24339105
857151,0.99794775
857152,0.08448132
857153,0.96099764
857154,0.01754763
857155,0.8708067
857156,0.028199928
857157,0.9362374
857158,0.9903115
857159,0.55655706
857160,0.94681495
857161,0.5924815
857162,0.018707138
857163,0.13779894
857164,0.014522111
857165,0.9395893
857166,0.74974483
857167,0.8876058
857168,0.26041478
857169,0.96356666
857170,0.0027611968
857171,0.71781087
857172,0.33559886
857173,0.91976905
857174,0.34542677
857175,0.9841237
857176,0.016463544
857177,0.8325938
857178,0.7708356
857179,0.0012845198
857180,0.010420866
857181,0.029227728
857182,0.09031644
857183,0.0038651528
857184,0.94439495
857185,0.24124926
857186,0.1894218
857187,0.0061994325
857188,0.99098444
857189,0.08363696
857190,0.16299532
857191,0.008839237
857192,0.08416679
857193,0.39741307
857194,0.9824747
857195,0.15318573
857196,0.979632
857197,0.7556207
857198,0.7330212
857199,0.03299276
857200,0.16678733
857201,0.13236432
857202,0.30453792
857203,0.007926501
857204,0.0071340343
857205,0.63621193
857206,0.06264713
857207,0.15526713
857208,0.08290608
857209,0.97029525
857210,0.8972902
857211,0.17076875
857212,0.994353
857213,0.08016159
857214,0.027499722
857215,0.95358557
857216,0.22943774
857217,0.012001667
857218,0.99832344
857219,0.23641664
857220,0.9975295
857221,0.019450702
857222,0.032932363
857223,0.043603674
857224,0.9424323
857225,0.06315759
857226,0.10537434
857227,0.041902382
857228,0.54837567
857229,0.017104132
857230,0.78149474
857231,0.049536448
857232,0.34565735
857233,0.86220765
857234,0.32168812
857235,0.35326988
857236,0.0932284
857237,0.91407853
857238,0.9942856
857239,0.02052808
857240,0.035161413
857241,0.9894782
857242,0.9405721
857243,0.6167472
857244,0.16068658
857245,0.97488356
857246,0.007124313
857247,0.6737871
857248,0.8905699
857249,0.99917257
857250,0.40869266
857251,0.9716755
857252,0.9917476
857253,0.28169486
857254,0.12460643
857255,0.008084805
857256,0.0137613155
857257,0.91824996
857258,0.010932278
857259,0.9488801
857260,0.971663
857261,0.7285869
857262,0.31272963
857263,0.03183514
857264,0.27063793
857265,0.16955867
857266,0.20592862
857267,0.6738494
857268,0.99896693
857269,0.9716088
857270,0.0018984263
857271,0.39106107
857272,0.007605586
857273,0.0028839586
857274,0.039511338
857275,0.9407371
857276,0.9967792
857277,0.9830737
857278,0.9927745
857279,0.99405473
857280,0.005531089
857281,0.5910781
857282,0.19392373
857283,0.9960524
857284,0.013001344
857285,0.8136065
857286,0.010989807
857287,0.17227851
857288,0.05509381
857289,0.82515836
857290,0.9959495
857291,0.025165334
857292,0.99599934
857293,0.9876123
857294,0.9315416
857295,0.9893701
857296,0.13942057
857297,0.9859382
857298,0.5799433
857299,0.66633487
857300,0.12437639
857301,0.12690696
857302,0.5580978
857303,0.37521645
857304,0.9909243
857305,0.3080392
857306,0.9254544
857307,0.88457716
857308,0.07495817
857309,0.8307153
857310,0.0070893625
857311,0.0071812505
857312,0.008017043
857313,0.4540332
857314,0.024671098
857315,0.99572515
857316,0.029830555
857317,0.99627507
857318,0.9224328
857319,0.9914653
857320,0.03146953
857321,0.12241602
857322,0.02420456
857323,0.07399834
857324,0.073694326
857325,0.9629583
857326,0.25700474
857327,0.9850871
857328,0.7620301
857329,0.9961615
857330,0.05824216
857331,0.33002043
857332,0.31940582
857333,0.44276714
857334,0.010632446
857335,0.006381989
857336,0.0032385928
857337,0.31671187
857338,0.75016135
857339,0.8836874
857340,0.050695352
857341,0.017803945
857342,0.004700602
857343,0.9893598
857344,0.22019467
857345,0.48103368
857346,0.9947475
857347,0.69122875
857348,0.8922383
857349,0.66849405
857350,0.26360196
857351,0.001991904
857352,0.012913444
857353,0.22061083
857354,0.021811925
857355,0.10703549
857356,0.037364643
857357,0.47629276
857358,0.007254325
857359,0.99407995
857360,0.7353534
857361,0.97247845
857362,0.92955583
857363,0.0089336
857364,0.0046964446
857365,0.027969964
857366,0.022714928
857367,0.59044695
857368,0.1317353
857369,0.011669545
857370,0.9839981
857371,0.008475509
857372,0.80210745
857373,0.023200562
857374,0.7736044
857375,0.16915084
857376,0.11376307
857377,0.113112494
857378,0.18749383
857379,0.95203936
857380,0.23065795
857381,0.88730794
857382,0.11436528
857383,0.067871995
857384,0.99078155
857385,0.041127473
857386,0.100446925
857387,0.012029011
857388,0.4677655
857389,0.9851499
857390,0.10232696
857391,0.022874491
857392,0.9603434
857393,0.6761255
857394,0.00049895566
857395,0.11818391
857396,0.9994381
857397,0.91390216
857398,0.8286023
857399,0.0075190505
857400,0.09807829
857401,0.047250528
857402,0.92898446
857403,0.010873342
857404,0.29812762
857405,0.9978962
857406,0.88006467
857407,0.082857154
857408,0.790414
857409,0.06683198
857410,0.932674
857411,0.97546
857412,0.10600396
857413,0.98354954
857414,0.9457493
857415,0.15341862
857416,0.003426303
857417,0.97348607
857418,0.36664766
857419,0.9978216
857420,0.01264586
857421,0.9925417
857422,0.021101108
857423,0.08042324
857424,0.10088937
857425,0.637815
857426,0.0073847864
857427,0.9949961
857428,0.47171897
857429,0.02939389
857430,0.99853945
857431,0.34982514
857432,0.94697356
857433,0.98030674
857434,0.02452318
857435,0.8238466
857436,0.19293463
857437,0.9645785
857438,0.060070254
857439,0.04326925
857440,0.014814709
857441,0.05540502
857442,0.038582858
857443,0.05546292
857444,0.005477901
857445,0.926851
857446,0.8717507
857447,0.005850099
857448,0.12026959
857449,0.008619513
857450,0.4004265
857451,0.96223104
857452,0.013838118
857453,0.00815646
857454,0.007941525
857455,0.3722856
857456,0.016794927
857457,0.43159723
857458,0.052559108
857459,0.055149972
857460,0.9866272
857461,0.27934945
857462,0.9925797
857463,0.009525538
857464,0.9787825
857465,0.02336011
857466,0.12600002
857467,0.9698844
857468,0.9452821
857469,0.07943911
857470,0.571911
857471,0.06323463
857472,0.123091206
857473,0.9642621
857474,0.13266382
857475,0.014647599
857476,0.2815423
857477,0.013790598
857478,0.18701752
857479,0.9833213
857480,0.99010676
857481,0.98175603
857482,0.006714986
857483,0.9889496
857484,0.118127964
857485,0.203274
857486,0.8399219
857487,0.76574755
857488,0.1336667
857489,0.9943482
857490,0.7096336
857491,0.97275126
857492,0.53672796
857493,0.029630112
857494,0.17771605
857495,0.6771404
857496,0.09742072
857497,0.1677135
857498,0.03897816
857499,0.0021874101
857500,0.98823124
857501,0.6622218
857502,0.68730676
857503,0.5437573
857504,0.99727356
857505,0.031266242
857506,0.014514455
857507,0.9340174
857508,0.036349535
857509,0.91835785
857510,0.0153048625
857511,0.010292697
857512,0.019984366
857513,0.98212045
857514,0.017793845
857515,0.9599949
857516,0.9789803
857517,0.017978638
857518,0.41443926
857519,0.051233366
857520,0.5874001
857521,0.032046653
857522,0.05158343
857523,0.19198525
857524,0.061545596
857525,0.9910848
857526,0.17401507
857527,0.056894
857528,0.8884543
857529,0.6178612
857530,0.3036024
857531,0.006044751
857532,0.96583587
857533,0.95301193
857534,0.9974955
857535,0.99252784
857536,0.006479023
857537,0.9708083
857538,0.99065375
857539,0.89487267
857540,0.022344373
857541,0.91232073
857542,0.88818043
857543,0.023985127
857544,0.06352033
857545,0.84870756
857546,0.430965
857547,0.8900763
857548,0.99540174
857549,0.044690665
857550,0.5880054
857551,0.058317713
857552,0.016691234
857553,0.99825287
857554,0.7799615
857555,0.13638395
857556,0.6087758
857557,0.85278493
857558,0.9903648
857559,0.033066254
857560,0.59733605
857561,0.7280319
857562,0.6238199
857563,0.0031284478
857564,0.90185
857565,0.99586344
857566,0.8865632
857567,0.50357735
857568,0.7526667
857569,0.9447287
857570,0.7713728
857571,0.42142457
857572,0.042483963
857573,0.014074856
857574,0.869243
857575,0.9444839
857576,0.24165264
857577,0.99829644
857578,0.9885211
857579,0.9721347
857580,0.95016176
857581,0.9994782
857582,0.013495879
857583,0.0067492737
857584,0.7974963
857585,0.050348714
857586,0.0064254613
857587,0.99822265
857588,0.023501886
857589,0.085569836
857590,0.064008415
857591,0.9678974
857592,0.53647774
857593,0.020529872
857594,0.09891313
857595,0.99079335
857596,0.8488307
857597,0.020546462
857598,0.6849688
857599,0.97204304
857600,0.9179697
857601,0.008888024
857602,0.12237392
857603,0.8452542
857604,0.10517644
857605,0.85524184
857606,0.99824506
857607,0.028965924
857608,0.84315836
857609,0.99311185
857610,0.062344566
857611,0.9195824
857612,0.952731
857613,0.014532831
857614,0.20493147
857615,0.21373494
857616,0.8926199
857617,0.03322529
857618,0.015649334
857619,0.035803825
857620,0.9923753
857621,0.6898445
857622,0.07950015
857623,0.22824153
857624,0.99648887
857625,0.11775907
857626,0.014516956
857627,0.02773054
857628,0.9815024
857629,0.23325703
857630,0.7005233
857631,0.036456004
857632,0.044893913
857633,0.8723568
857634,0.022831036
857635,0.12583804
857636,0.006154493
857637,0.017410006
857638,0.74542874
857639,0.021476384
857640,0.87827766
857641,0.263886
857642,0.966373
857643,0.16127545
857644,0.98695064
857645,0.30701864
857646,0.0026108364
857647,0.87225544
857648,0.034704957
857649,0.83109516
857650,0.9937949
857651,0.25670385
857652,0.022533717
857653,0.99730015
857654,0.8871589
857655,0.9913221
857656,0.0050186114
857657,0.77648515
857658,0.29892138
857659,0.9475641
857660,0.007599403
857661,0.05720269
857662,0.2252742
857663,0.12945655
857664,0.7929248
857665,0.9781121
857666,0.096272446
857667,0.13504754
857668,0.8691334
857669,0.13447356
857670,0.45101193
857671,0.9918889
857672,0.53920245
857673,0.057032473
857674,0.3869681
857675,0.97849184
857676,0.030877303
857677,0.0048444225
857678,0.8145865
857679,0.9006331
857680,0.99829054
857681,0.0333737
857682,0.019954212
857683,0.009638629
857684,0.98070335
857685,0.011027867
857686,0.9947891
857687,0.9927217
857688,0.032822758
857689,0.018871427
857690,0.015380005
857691,0.91943264
857692,0.19411513
857693,0.965232
857694,0.0044938
857695,0.018398065
857696,0.9892088
857697,0.99845636
857698,0.012918068
857699,0.021450933
857700,0.9898009
857701,0.021302525
857702,0.087471984
857703,0.09481983
857704,0.04371029
857705,0.11870621
857706,0.055771694
857707,0.081437424
857708,0.7210345
857709,0.076322615
857710,0.02417039
857711,0.99916804
857712,0.041569926
857713,0.070840314
857714,0.013738048
857715,0.98852587
857716,0.034454696
857717,0.022707127
857718,0.03143168
857719,0.9283384
857720,0.98854023
857721,0.9966341
857722,0.96368015
857723,0.10369586
857724,0.9990739
857725,0.15073963
857726,0.638243
857727,0.985502
857728,0.009115919
857729,0.8845183
857730,0.22583663
857731,0.631937
857732,0.015077613
857733,0.6286669
857734,0.6688268
857735,0.0825444
857736,0.92358404
857737,0.0057363315
857738,0.43970543
857739,0.6962653
857740,0.9624454
857741,0.060589563
857742,0.06226273
857743,0.9885374
857744,0.053894185
857745,0.018870436
857746,0.013853775
857747,0.035862114
857748,0.8875222
857749,0.087075084
857750,0.83690727
857751,0.24073541
857752,0.74015594
857753,0.9917779
857754,0.98493254
857755,0.009954022
857756,0.9985212
857757,0.3117027
857758,0.0064784633
857759,0.9067488
857760,0.010598408
857761,0.008721837
857762,0.95634055
857763,0.010515427
857764,0.0028375774
857765,0.005318271
857766,0.03436045
857767,0.007170477
857768,0.64412653
857769,0.0032876385
857770,0.86910105
857771,0.9558733
857772,0.998788
857773,0.004993705
857774,0.28162456
857775,0.7407547
857776,0.006229232
857777,0.0493114
857778,0.16121125
857779,0.029129226
857780,0.0016378456
857781,0.6710033
857782,0.98812187
857783,0.015070404
857784,0.3407898
857785,0.98670036
857786,0.14657429
857787,0.10270955
857788,0.55185354
857789,0.011458376
857790,0.05798044
857791,0.029826406
857792,0.016089886
857793,0.095432125
857794,0.064561434
857795,0.006693445
857796,0.9501395
857797,0.9285485
857798,0.98943317
857799,0.40660056
857800,0.0030210882
857801,0.93630743
857802,0.12168988
857803,0.93673754
857804,0.86996704
857805,0.9990201
857806,0.013986401
857807,0.19272187
857808,0.062637165
857809,0.9931264
857810,0.9855153
857811,0.9801032
857812,0.9525486
857813,0.9834368
857814,0.99595696
857815,0.42001697
857816,0.13202897
857817,0.70998794
857818,0.9808728
857819,0.0052634403
857820,0.8680495
857821,0.013340057
857822,0.25131184
857823,0.56438273
857824,0.12438005
857825,0.001808254
857826,0.38703895
857827,0.038173966
857828,0.9786868
857829,0.9972916
857830,0.9938583
857831,0.0066114273
857832,0.9501867
857833,0.9934338
857834,0.9987867
857835,0.982815
857836,0.9918906
857837,0.03757697
857838,0.03617759
857839,0.008725543
857840,0.0042938883
857841,0.98402125
857842,0.98245275
857843,0.997001
857844,0.67017466
857845,0.63270193
857846,0.9681581
857847,0.11070414
857848,0.9859949
857849,0.57337826
857850,0.03876068
857851,0.020424146
857852,0.03294405
857853,0.8410082
857854,0.8891858
857855,0.004601771
857856,0.0038176286
857857,0.07887168
857858,0.06548484
857859,0.005137825
857860,0.0068298727
857861,0.004285162
857862,0.30812517
857863,0.006084811
857864,0.24339217
857865,0.98039186
857866,0.09976621
857867,0.02588024
857868,0.05449177
857869,0.34316006
857870,0.10331303
857871,0.036554486
857872,0.004459604
857873,0.18173733
857874,0.5046122
857875,0.63268024
857876,0.710708
857877,0.020415248
857878,0.0525604
857879,0.1670218
857880,0.27777284
857881,0.29434186
857882,0.016413085
857883,0.0507012
857884,0.020104371
857885,0.38906315
857886,0.42568445
857887,0.99158037
857888,0.1933851
857889,0.10536754
857890,0.37206903
857891,0.019009428
857892,0.9313267
857893,0.96193707
857894,0.5506146
857895,0.989661
857896,0.047468
857897,0.0060133487
857898,0.6273861
857899,0.9978791
857900,0.92381865
857901,0.95088357
857902,0.0143221
857903,0.0141397165
857904,0.27431864
857905,0.9827758
857906,0.8139122
857907,0.029277362
857908,0.98203176
857909,0.9614574
857910,0.0058997627
857911,0.9436421
857912,0.7946109
857913,0.01160061
857914,0.518434
857915,0.07788112
857916,0.75505626
857917,0.016874464
857918,0.19756548
857919,0.001498601
857920,0.020431664
857921,0.80810344
857922,0.997978
857923,0.019141728
857924,0.9087501
857925,0.01926912
857926,0.97031516
857927,0.98527014
857928,0.03362991
857929,0.99577224
857930,0.9970321
857931,0.9954283
857932,0.030952832
857933,0.99601865
857934,0.014979802
857935,0.016892476
857936,0.9575193
857937,0.9747614
857938,0.026141062
857939,0.38853848
857940,0.9941775
857941,0.96164215
857942,0.5820024
857943,0.008044324
857944,0.022637917
857945,0.9549022
857946,0.9603994
857947,0.9416633
857948,0.96966636
857949,0.9266028
857950,0.17305179
857951,0.98542327
857952,0.9603617
857953,0.03312518
857954,0.21968673
857955,0.3985259
857956,0.23513715
857957,0.9951678
857958,0.012428074
857959,0.9982194
857960,0.007219398
857961,0.9980692
857962,0.01476231
857963,0.083443195
857964,0.2369509
857965,0.046675768
857966,0.07817601
857967,0.2902821
857968,0.9860361
857969,0.00030933088
857970,0.9835321
857971,0.9948534
857972,0.9695259
857973,0.06465118
857974,0.9893092
857975,0.74669427
857976,0.80698323
857977,0.7374774
857978,0.083141625
857979,0.98764646
857980,0.8334098
857981,0.06337748
857982,0.978886
857983,0.8829222
857984,0.009454119
857985,0.037427448
857986,0.48975766
857987,0.035467662
857988,0.043675344
857989,0.030122612
857990,0.75757164
857991,0.0030111738
857992,0.017220257
857993,0.7484566
857994,0.9987658
857995,0.9475205
857996,0.99813247
857997,0.9969461
857998,0.96881956
857999,0.067975864
858000,0.02776972
858001,0.7161608
858002,0.012113372
858003,0.98836327
858004,0.014767247
858005,0.9549998
858006,0.0041561564
858007,0.8302572
858008,0.069246314
858009,0.7523029
858010,0.027411599
858011,0.42458934
858012,0.9981121
858013,0.99261975
858014,0.6814658
858015,0.689393
858016,0.98263717
858017,0.8604661
858018,0.5271938
858019,0.021929502
858020,0.75657487
858021,0.8562588
858022,0.6990014
858023,0.9180267
858024,0.44026825
858025,0.017676437
858026,0.30691695
858027,0.9835234
858028,0.6199623
858029,0.0140095055
858030,0.013527872
858031,0.4618086
858032,0.45520833
858033,0.80685437
858034,0.012382083
858035,0.003418916
858036,0.8459038
858037,0.9770757
858038,0.044497337
858039,0.024056084
858040,0.004869185
858041,0.16388041
858042,0.015830033
858043,0.9716927
858044,0.43491
858045,0.0007325641
858046,0.16479634
858047,0.9805858
858048,0.01975316
858049,0.9888334
858050,0.14223531
858051,0.9424155
858052,0.027191762
858053,0.12705109
858054,0.9924282
858055,0.42739463
858056,0.006727867
858057,0.025697341
858058,0.033222035
858059,0.0152347805
858060,0.9765539
858061,0.9963777
858062,0.85690236
858063,0.015141322
858064,0.9885262
858065,0.09524579
858066,0.036794066
858067,0.18106028
858068,0.042935006
858069,0.6398407
858070,0.987496
858071,0.9968349
858072,0.96855927
858073,0.0574523
858074,0.6640897
858075,0.17664535
858076,0.0022942293
858077,0.0081181135
858078,0.0058035217
858079,0.1607975
858080,0.99348783
858081,0.92769873
858082,0.98335636
858083,0.18153541
858084,0.071581624
858085,0.8105686
858086,0.9462279
858087,0.7692267
858088,0.30848992
858089,0.708748
858090,0.96714044
858091,0.40502813
858092,0.027316805
858093,0.5311922
858094,0.12696914
858095,0.45782486
858096,0.43903852
858097,0.22038673
858098,0.0641388
858099,0.23653418
858100,0.0067246817
858101,0.005893607
858102,0.11460684
858103,0.9914276
858104,0.9721875
858105,0.1801464
858106,0.10308967
858107,0.01987394
858108,0.08653334
858109,0.102687135
858110,0.93654275
858111,0.0021777009
858112,0.9176924
858113,0.023357932
858114,0.95620185
858115,0.88770837
858116,0.039567113
858117,0.0346713
858118,0.55192
858119,0.01223029
858120,0.16750938
858121,0.6373929
858122,0.71353173
858123,0.76281565
858124,0.619001
858125,0.007854871
858126,0.66168755
858127,0.99540263
858128,0.9972475
858129,0.0739331
858130,0.24843606
858131,0.04570873
858132,0.9709169
858133,0.02867152
858134,0.9982254
858135,0.16229549
858136,0.0050914176
858137,0.0047183977
858138,0.91740763
858139,0.0058152694
858140,0.09248835
858141,0.97238576
858142,0.093221396
858143,0.4409993
858144,0.022125298
858145,0.08689494
858146,0.16712956
858147,0.12778659
858148,0.4893349
858149,0.019225106
858150,0.9472136
858151,0.9865859
858152,0.1254601
858153,0.08104536
858154,0.11730543
858155,0.5258826
858156,0.9339044
858157,0.69098634
858158,0.9953113
858159,0.057592284
858160,0.77755535
858161,0.6678375
858162,0.0425696
858163,0.9807851
858164,0.85930294
858165,0.069947205
858166,0.40306625
858167,0.04160023
858168,0.7213186
858169,0.9792985
858170,0.94487053
858171,0.5567667
858172,0.2167621
858173,0.22512802
858174,0.05278233
858175,0.047848314
858176,0.9611512
858177,0.99811727
858178,0.09047786
858179,0.9807792
858180,0.0042865956
858181,0.039562657
858182,0.6884699
858183,0.95230055
858184,0.002339488
858185,0.39450005
858186,0.004225169
858187,0.9719332
858188,0.042517703
858189,0.32351604
858190,0.025182799
858191,0.14244585
858192,0.9970446
858193,0.99199015
858194,0.94949114
858195,0.9366574
858196,0.005099957
858197,0.02291071
858198,0.0637982
858199,0.019344712
858200,0.97540915
858201,0.05797535
858202,0.05607491
858203,0.009973528
858204,0.12904012
858205,0.9702744
858206,0.20922494
858207,0.9225932
858208,0.98882043
858209,0.9642676
858210,0.009367616
858211,0.022621501
858212,0.84729713
858213,0.7651009
858214,0.9923691
858215,0.9948684
858216,0.031646967
858217,0.8222529
858218,0.0824938
858219,0.015813764
858220,0.03750632
858221,0.9668705
858222,0.90000594
858223,0.54944783
858224,0.98502696
858225,0.18179682
858226,0.11754096
858227,0.14697263
858228,0.053073764
858229,0.98813266
858230,0.018288827
858231,0.9855061
858232,0.029766347
858233,0.93925
858234,0.063846186
858235,0.9531975
858236,0.0314906
858237,0.98542637
858238,0.88021874
858239,0.815626
858240,0.0041030543
858241,0.89510345
858242,0.98883235
858243,0.09328017
858244,0.18592378
858245,0.4751231
858246,0.9991235
858247,0.06646401
858248,0.04855818
858249,0.15557797
858250,0.90420985
858251,0.66764426
858252,0.27728558
858253,0.8498181
858254,0.0034508174
858255,0.026409138
858256,0.93040323
858257,0.029208068
858258,0.9943662
858259,0.119527236
858260,0.8810799
858261,0.7701914
858262,0.9966415
858263,0.98896295
858264,0.274588
858265,0.57846844
858266,0.99056375
858267,0.5486422
858268,0.87128866
858269,0.007610709
858270,0.009308092
858271,0.49980447
858272,0.005716924
858273,0.9908576
858274,0.8493346
858275,0.3748434
858276,0.063991524
858277,0.19249979
858278,0.48596293
858279,0.929726
858280,0.0067632413
858281,0.9281465
858282,0.059134103
858283,0.040050264
858284,0.10182146
858285,0.0034917975
858286,0.033418965
858287,0.0029620286
858288,0.9953683
858289,0.0032231424
858290,0.9822917
858291,0.006141836
858292,0.015371219
858293,0.09792485
858294,0.75167066
858295,0.98462117
858296,0.08722301
858297,0.08485642
858298,0.45260775
858299,0.027030986
858300,0.9721264
858301,0.0033129503
858302,0.45378
858303,0.9686137
858304,0.03373535
858305,0.044164866
858306,0.98277426
858307,0.024746891
858308,0.25115043
858309,0.02241756
858310,0.022607142
858311,0.33716843
858312,0.9981379
858313,0.03294212
858314,0.6530541
858315,0.06502321
858316,0.9987259
858317,0.010776787
858318,0.9768312
858319,0.46778405
858320,0.019200336
858321,0.0067168092
858322,0.9595016
858323,0.9848113
858324,0.8316625
858325,0.90561545
858326,0.299019
858327,0.17781271
858328,0.16154504
858329,0.8766204
858330,0.09019008
858331,0.03829367
858332,0.6474227
858333,0.31103212
858334,0.9973801
858335,0.41971144
858336,0.99840057
858337,0.98407805
858338,0.90615463
858339,0.581866
858340,0.003350452
858341,0.008869756
858342,0.0034839495
858343,0.6419349
858344,0.45424438
858345,0.8872919
858346,0.96414983
858347,0.26074845
858348,0.9235064
858349,0.9846114
858350,0.07836172
858351,0.4521559
858352,0.0209401
858353,0.124184445
858354,0.0071861073
858355,0.85293746
858356,0.022874473
858357,0.9712274
858358,0.01570442
858359,0.018826762
858360,0.9840462
858361,0.9811051
858362,0.103929654
858363,0.9976803
858364,0.993966
858365,0.0119110355
858366,0.045222383
858367,0.021776237
858368,0.14295073
858369,0.074769795
858370,0.26343668
858371,0.03510769
858372,0.014602493
858373,0.7950618
858374,0.033411555
858375,0.004059911
858376,0.41814017
858377,0.0050876928
858378,0.91259867
858379,0.004881311
858380,0.95181876
858381,0.99514335
858382,0.012619898
858383,0.5011991
858384,0.017334484
858385,0.8396845
858386,0.9818052
858387,0.9774642
858388,0.030528467
858389,0.005781523
858390,0.012608153
858391,0.99739885
858392,0.75235003
858393,0.059354946
858394,0.051698096
858395,0.9928482
858396,0.05149935
858397,0.07407046
858398,0.033911023
858399,0.6599155
858400,0.676808
858401,0.16979203
858402,0.015048741
858403,0.95661086
858404,0.76996344
858405,0.025497533
858406,0.8248231
858407,0.034980815
858408,0.05716849
858409,0.040363774
858410,0.98923707
858411,0.7710089
858412,0.18173887
858413,0.041951954
858414,0.019105792
858415,0.990075
858416,0.14249945
858417,0.0072869523
858418,0.98212445
858419,0.22952697
858420,0.050193053
858421,0.20475373
858422,0.035170555
858423,0.9737527
858424,0.2042521
858425,0.9938986
858426,0.03381031
858427,0.9407364
858428,0.12880729
858429,0.8718813
858430,0.22106634
858431,0.572085
858432,0.48003614
858433,0.9890326
858434,0.98595524
858435,0.09818445
858436,0.83125836
858437,0.33102977
858438,0.992545
858439,0.031554103
858440,0.07497761
858441,0.714905
858442,0.32539874
858443,0.95374674
858444,0.017030116
858445,0.8565937
858446,0.9800482
858447,0.02729413
858448,0.60024285
858449,0.019820416
858450,0.99906296
858451,0.90474886
858452,0.9510215
858453,0.45849878
858454,0.89492285
858455,0.9567683
858456,0.9938481
858457,0.037881993
858458,0.038446892
858459,0.13556616
858460,0.09568174
858461,0.059102803
858462,0.9976798
858463,0.005904936
858464,0.012619484
858465,0.7113936
858466,0.03545797
858467,0.087792486
858468,0.077288896
858469,0.09758371
858470,0.9879055
858471,0.02893242
858472,0.0040239776
858473,0.5238897
858474,0.07171215
858475,0.99429685
858476,0.4598917
858477,0.004925329
858478,0.99143565
858479,0.34770903
858480,0.018271876
858481,0.845676
858482,0.8946729
858483,0.97480136
858484,0.9870724
858485,0.04469153
858486,0.0603387
858487,0.919549
858488,0.0024452184
858489,0.004574897
858490,0.3539205
858491,0.015194388
858492,0.006615198
858493,0.12656489
858494,0.24662451
858495,0.012483269
858496,0.013571681
858497,0.012900264
858498,0.9567949
858499,0.9680423
858500,0.13745898
858501,0.026499435
858502,0.012212577
858503,0.02098541
858504,0.5298214
858505,0.004084955
858506,0.9232551
858507,0.014857066
858508,0.98050576
858509,0.9889209
858510,0.19094922
858511,0.015422112
858512,0.92694116
858513,0.026291177
858514,0.0029435684
858515,0.6280594
858516,0.008646737
858517,0.83323014
858518,0.99730223
858519,0.9085711
858520,0.003980334
858521,0.9990806
858522,0.119363144
858523,0.61954343
858524,0.0035131227
858525,0.100968815
858526,0.15069218
858527,0.014756337
858528,0.031183053
858529,0.084946364
858530,0.98146474
858531,0.020863637
858532,0.030375823
858533,0.8596143
858534,0.19396827
858535,0.87712383
858536,0.01844142
858537,0.9789923
858538,0.11201128
858539,0.04934264
858540,0.30750746
858541,0.034276426
858542,0.9156582
858543,0.06494267
858544,0.04756664
858545,0.99249715
858546,0.26390344
858547,0.58778787
858548,0.9918063
858549,0.8790384
858550,0.9951074
858551,0.9852099
858552,0.56428105
858553,0.7574249
858554,0.013412273
858555,0.0027670893
858556,0.99395746
858557,0.9557382
858558,0.17604496
858559,0.9808142
858560,0.02987839
858561,0.60254365
858562,0.011111358
858563,0.7374711
858564,0.4228389
858565,0.21579677
858566,0.96615076
858567,0.7218227
858568,0.016538007
858569,0.13245592
858570,0.018585524
858571,0.033009067
858572,0.04427116
858573,0.0035417723
858574,0.9978664
858575,0.058089107
858576,0.03038442
858577,0.07445568
858578,0.0894609
858579,0.11780691
858580,0.9927952
858581,0.6167823
858582,0.63232344
858583,0.053833578
858584,0.04133143
858585,0.00401873
858586,0.9974874
858587,0.26453
858588,0.02793799
858589,0.13724497
858590,0.80976796
858591,0.80288
858592,0.029859643
858593,0.5890137
858594,0.09881626
858595,0.06851233
858596,0.08230345
858597,0.8828295
858598,0.53665876
858599,0.48293942
858600,0.0791306
858601,0.1598461
858602,0.008446335
858603,0.0051849997
858604,0.9955055
858605,0.052151352
858606,0.0042450563
858607,0.92265856
858608,0.8818739
858609,0.9925631
858610,0.5657174
858611,0.0059352294
858612,0.9949943
858613,0.97655565
858614,0.98132235
858615,0.8873271
858616,0.025736231
858617,0.9979017
858618,0.16880569
858619,0.9868408
858620,0.04253216
858621,0.11059571
858622,0.016387288
858623,0.02446774
858624,0.096991464
858625,0.068655685
858626,0.47561768
858627,0.0022756062
858628,0.97345895
858629,0.98054546
858630,0.013987979
858631,0.701648
858632,0.009716955
858633,0.7170035
858634,0.14381726
858635,0.60953707
858636,0.2535021
858637,0.0075128702
858638,0.107246086
858639,0.07816353
858640,0.26530176
858641,0.5988055
858642,0.03803795
858643,0.021632696
858644,0.99560726
858645,0.07274282
858646,0.003960081
858647,0.97303116
858648,0.99012375
858649,0.93096626
858650,0.12899081
858651,0.03198371
858652,0.88820666
858653,0.98980564
858654,0.10001378
858655,0.99182355
858656,0.01704342
858657,0.99841464
858658,0.88704056
858659,0.022176618
858660,0.63756824
858661,0.026679907
858662,0.14447564
858663,0.9894028
858664,0.006672522
858665,0.5790832
858666,0.8950453
858667,0.0027537574
858668,0.98801905
858669,0.9982495
858670,0.022087079
858671,0.89985305
858672,0.33547544
858673,0.8884419
858674,0.0057447264
858675,0.379971
858676,0.4808774
858677,0.8115092
858678,0.017476246
858679,0.9850757
858680,0.014283154
858681,0.95646
858682,0.99930286
858683,0.44885093
858684,0.93291414
858685,0.13876998
858686,0.22826722
858687,0.87639064
858688,0.18612619
858689,0.9075243
858690,0.1572727
858691,0.030871835
858692,0.92833453
858693,0.023159508
858694,0.024233973
858695,0.98436093
858696,0.019696217
858697,0.01723257
858698,0.22493029
858699,0.9920085
858700,0.033536073
858701,0.13901633
858702,0.20959893
858703,0.9375814
858704,0.1331825
858705,0.15828064
858706,0.030895581
858707,0.041353285
858708,0.9985327
858709,0.9890349
858710,0.006709533
858711,0.9931583
858712,0.98161745
858713,0.38036656
858714,0.8256422
858715,0.93653464
858716,0.009493545
858717,0.013662131
858718,0.68522596
858719,0.042916685
858720,0.21155965
858721,0.9368301
858722,0.43926066
858723,0.061195843
858724,0.05010568
858725,0.2247296
858726,0.019070521
858727,0.0036380955
858728,0.61245203
858729,0.14726865
858730,0.98715913
858731,0.08025487
858732,0.99480957
858733,0.856243
858734,0.03494736
858735,0.99461776
858736,0.9467052
858737,0.12588403
858738,0.8867281
858739,0.9907951
858740,0.9662736
858741,0.93811876
858742,0.4418821
858743,0.6475016
858744,0.027713072
858745,0.88674796
858746,0.8887986
858747,0.058133993
858748,0.0093356585
858749,0.99920964
858750,0.0036085916
858751,0.0184135
858752,0.5723274
858753,0.9794752
858754,0.6435336
858755,0.01445285
858756,0.009068088
858757,0.8289187
858758,0.124243625
858759,0.14794885
858760,0.9869251
858761,0.86128366
858762,0.05669985
858763,0.66850823
858764,0.70430064
858765,0.037291583
858766,0.965348
858767,0.016874557
858768,0.95781946
858769,0.0048781373
858770,0.95404255
858771,0.98823017
858772,0.19002913
858773,0.99114656
858774,0.9396878
858775,0.006795122
858776,0.015776787
858777,0.9970529
858778,0.024051875
858779,0.004065548
858780,0.9366338
858781,0.99868304
858782,0.008391791
858783,0.091685615
858784,0.063800536
858785,0.22024249
858786,0.046260923
858787,0.95898265
858788,0.9583745
858789,0.034722187
858790,0.015432032
858791,0.92152154
858792,0.44131336
858793,0.98060703
858794,0.93494505
858795,0.3662359
858796,0.21973778
858797,0.90148914
858798,0.023301635
858799,0.015019599
858800,0.07166925
858801,0.001299683
858802,0.015890164
858803,0.92161226
858804,0.038875777
858805,0.7605805
858806,0.80616486
858807,0.010390542
858808,0.93414146
858809,0.024067
858810,0.0076857405
858811,0.02106296
858812,0.047017414
858813,0.14980806
858814,0.98655576
858815,0.9521764
858816,0.90213895
858817,0.11522518
858818,0.0016407035
858819,0.9503994
858820,0.99674153
858821,0.028707506
858822,0.004323925
858823,0.9971609
858824,0.99480754
858825,0.9948595
858826,0.9435638
858827,0.9877156
858828,0.23464741
858829,0.7849488
858830,0.013951112
858831,0.8592514
858832,0.9891328
858833,0.2949507
858834,0.04224091
858835,0.900153
858836,0.6021187
858837,0.72164667
858838,0.9927948
858839,0.15198086
858840,0.9952254
858841,0.4711679
858842,0.99048513
858843,0.93140346
858844,0.011541485
858845,0.0053582727
858846,0.0075673535
858847,0.8139696
858848,0.030034916
858849,0.5394618
858850,0.14879704
858851,0.08233605
858852,0.18727878
858853,0.0031125315
858854,0.018928455
858855,0.7300233
858856,0.9996425
858857,0.035870377
858858,0.0020331661
858859,0.35327426
858860,0.007876541
858861,0.89102757
858862,0.0160266
858863,0.8397911
858864,0.23879763
858865,0.07614207
858866,0.038834337
858867,0.8740525
858868,0.96831626
858869,0.004229489
858870,0.017609091
858871,0.07955239
858872,0.053738005
858873,0.9870275
858874,0.6228535
858875,0.2515696
858876,0.9508869
858877,0.02396309
858878,0.044366613
858879,0.9186601
858880,0.0062062815
858881,0.99502057
858882,0.06308649
858883,0.98731923
858884,0.9700632
858885,0.99910986
858886,0.078679115
858887,0.9347826
858888,0.9873407
858889,0.10238345
858890,0.79420197
858891,0.99119633
858892,0.084869266
858893,0.9895751
858894,0.47225153
858895,0.74633706
858896,0.01499371
858897,0.940095
858898,0.013428584
858899,0.009785819
858900,0.98348665
858901,0.0064649116
858902,0.98735714
858903,0.02836537
858904,0.029478109
858905,0.006616868
858906,0.9381897
858907,0.16361493
858908,0.2217969
858909,0.97056
858910,0.0045701414
858911,0.9172046
858912,0.0125580635
858913,0.051964544
858914,0.09628845
858915,0.93687767
858916,0.07560872
858917,0.6392145
858918,0.024371387
858919,0.9540287
858920,0.8764293
858921,0.022670276
858922,0.9880048
858923,0.99287057
858924,0.34077695
858925,0.67596865
858926,0.9389804
858927,0.4625359
858928,0.58901346
858929,0.97995013
858930,0.0100947665
858931,0.14665306
858932,0.0301606
858933,0.12628505
858934,0.09092333
858935,0.9957955
858936,0.010075112
858937,0.9588121
858938,0.11702681
858939,0.9915672
858940,0.9965056
858941,0.17385931
858942,0.021158816
858943,0.9683675
858944,0.03271313
858945,0.0027805043
858946,0.11983287
858947,0.21663399
858948,0.04875564
858949,0.005705817
858950,0.0041778777
858951,0.12882659
858952,0.37070656
858953,0.3286503
858954,0.9971394
858955,0.9071952
858956,0.6430823
858957,0.096651584
858958,0.08883121
858959,0.803059
858960,0.99453026
858961,0.56687874
858962,0.027150514
858963,0.03248296
858964,0.245549
858965,0.113724254
858966,0.36639887
858967,0.6048012
858968,0.96370494
858969,0.5510353
858970,0.26371706
858971,0.013461113
858972,0.9555186
858973,0.1520464
858974,0.71336347
858975,0.0063668555
858976,0.086723104
858977,0.9960088
858978,0.99774414
858979,0.071760714
858980,0.83436227
858981,0.9589821
858982,0.34938693
858983,0.012899436
858984,0.10621159
858985,0.7720813
858986,0.9914583
858987,0.1308846
858988,0.99847037
858989,0.0041757524
858990,0.9792179
858991,0.23601624
858992,0.004328912
858993,0.15889263
858994,0.6633027
858995,0.00712181
858996,0.9858708
858997,0.1316122
858998,0.0592107
858999,0.94514513
859000,0.05072562
859001,0.025120687
859002,0.72321886
859003,0.43832996
859004,0.016104696
859005,0.5867004
859006,0.09998325
859007,0.96030784
859008,0.9785444
859009,0.6749483
859010,0.97366214
859011,0.001023496
859012,0.23536044
859013,0.0016490078
859014,0.9353038
859015,0.20733777
859016,0.9689883
859017,0.3016523
859018,0.038970105
859019,0.1458207
859020,0.9639196
859021,0.12719715
859022,0.008034974
859023,0.9268787
859024,0.009957442
859025,0.06192787
859026,0.058585845
859027,0.032922424
859028,0.11822505
859029,0.05857748
859030,0.26505396
859031,0.9961616
859032,0.9943921
859033,0.036604743
859034,0.016741179
859035,0.98254216
859036,0.08557171
859037,0.9680985
859038,0.8913015
859039,0.9612408
859040,0.011424148
859041,0.06423855
859042,0.6223312
859043,0.03624859
859044,0.020891698
859045,0.99865496
859046,0.5298826
859047,0.5703762
859048,0.07506018
859049,0.2253645
859050,0.4622516
859051,0.48885804
859052,0.009751115
859053,0.010849355
859054,0.9909053
859055,0.053058166
859056,0.15271127
859057,0.10898136
859058,0.12333265
859059,0.9935008
859060,0.13237569
859061,0.27740574
859062,0.7882334
859063,0.92128694
859064,0.8968153
859065,0.19301155
859066,0.67298484
859067,0.9717953
859068,0.15036446
859069,0.97560656
859070,0.854891
859071,0.99934405
859072,0.9816819
859073,0.15100074
859074,0.98717904
859075,0.92208064
859076,0.0015981664
859077,0.47528404
859078,0.005336836
859079,0.20980418
859080,0.0019835941
859081,0.0455543
859082,0.9892779
859083,0.015259035
859084,0.16680707
859085,0.95784783
859086,0.04659413
859087,0.019959306
859088,0.9563171
859089,0.003382873
859090,0.99475527
859091,0.012943873
859092,0.9954394
859093,0.04746341
859094,0.98563963
859095,0.50724715
859096,0.00215529
859097,0.018529296
859098,0.45004052
859099,0.033385783
859100,0.99681616
859101,0.06957728
859102,0.96485907
859103,0.06595652
859104,0.009805128
859105,0.99931186
859106,0.5556253
859107,0.050806623
859108,0.107555084
859109,0.3786115
859110,0.99277455
859111,0.018339036
859112,0.5610224
859113,0.9092956
859114,0.0383237
859115,0.9722474
859116,0.99564165
859117,0.01788556
859118,0.022620246
859119,0.8645729
859120,0.8590088
859121,0.98119617
859122,0.7780419
859123,0.116011694
859124,0.89537746
859125,0.15917958
859126,0.3705352
859127,0.21751289
859128,0.018119512
859129,0.64906204
859130,0.7862364
859131,0.9985902
859132,0.03083036
859133,0.050151072
859134,0.08082642
859135,0.7620323
859136,0.08302249
859137,0.5275401
859138,0.6368377
859139,0.52360725
859140,0.8686544
859141,0.1935302
859142,0.01741638
859143,0.01175278
859144,0.97005546
859145,0.99505377
859146,0.8500067
859147,0.99358475
859148,0.014415549
859149,0.3573362
859150,0.82466054
859151,0.024426663
859152,0.9872469
859153,0.96709335
859154,0.098798625
859155,0.029952582
859156,0.058804803
859157,0.974145
859158,0.057933092
859159,0.99722135
859160,0.98922974
859161,0.9928517
859162,0.7510656
859163,0.16673082
859164,0.29823953
859165,0.016086817
859166,0.8783147
859167,0.86307997
859168,0.9994845
859169,0.018663334
859170,0.13048655
859171,0.004827727
859172,0.17935967
859173,0.8011972
859174,0.099178046
859175,0.9025793
859176,0.003277447
859177,0.73396397
859178,0.23216942
859179,0.010032406
859180,0.97086656
859181,0.98938537
859182,0.06300278
859183,0.2073531
859184,0.16336134
859185,0.044541623
859186,0.03747098
859187,0.03580038
859188,0.00632252
859189,0.3932813
859190,0.99026656
859191,0.95731294
859192,0.10733086
859193,0.9729817
859194,0.90283376
859195,0.7185015
859196,0.86678845
859197,0.8547281
859198,0.9632215
859199,0.35191095
859200,0.8494986
859201,0.769889
859202,0.005167477
859203,0.82944417
859204,0.071527965
859205,0.9918947
859206,0.83165586
859207,0.012214232
859208,0.6052865
859209,0.89083856
859210,0.8645515
859211,0.6327202
859212,0.0034072883
859213,0.92260194
859214,0.030800287
859215,0.9097352
859216,0.93364817
859217,0.02033163
859218,0.5848632
859219,0.62749493
859220,0.0156724
859221,0.0069310633
859222,0.002438798
859223,0.029937562
859224,0.006886776
859225,0.498215
859226,0.013912461
859227,0.5733016
859228,0.49675816
859229,0.97183216
859230,0.37344906
859231,0.060142055
859232,0.9216923
859233,0.025846057
859234,0.10650606
859235,0.010467449
859236,0.23004219
859237,0.04356104
859238,0.0066793067
859239,0.976277
859240,0.38587064
859241,0.6899339
859242,0.9716906
859243,0.007722385
859244,0.9855115
859245,0.89546
859246,0.3266685
859247,0.038754888
859248,0.89757055
859249,0.8887242
859250,0.9966914
859251,0.0060065156
859252,0.022303171
859253,0.47058237
859254,0.96697366
859255,0.011654314
859256,0.106619485
859257,0.15408672
859258,0.6813673
859259,0.186179
859260,0.0024749103
859261,0.5050217
859262,0.20776746
859263,0.07793014
859264,0.18877357
859265,0.036879554
859266,0.12739936
859267,0.93055165
859268,0.0049986374
859269,0.9684901
859270,0.052373387
859271,0.9811321
859272,0.063471586
859273,0.5010605
859274,0.9707917
859275,0.03923606
859276,0.11308721
859277,0.014470356
859278,0.02902688
859279,0.008688748
859280,0.008771007
859281,0.9832701
859282,0.029193135
859283,0.76191777
859284,0.9967867
859285,0.94953024
859286,0.42162976
859287,0.021023404
859288,0.99108946
859289,0.99225307
859290,0.600377
859291,0.88895595
859292,0.10707882
859293,0.2681596
859294,0.95095164
859295,0.5415834
859296,0.54326236
859297,0.13873544
859298,0.012379929
859299,0.008560488
859300,0.014767801
859301,0.052699517
859302,0.008405449
859303,0.975607
859304,0.01055962
859305,0.98051023
859306,0.9385828
859307,0.8842442
859308,0.9891998
859309,0.008701308
859310,0.67554355
859311,0.06789961
859312,0.9872515
859313,0.06773761
859314,0.08545042
859315,0.030317456
859316,0.3071889
859317,0.3236637
859318,0.67757905
859319,0.67602396
859320,0.9983673
859321,0.2694721
859322,0.5655987
859323,0.9225558
859324,0.98918664
859325,0.015726706
859326,0.005332302
859327,0.9804219
859328,0.28315386
859329,0.9657723
859330,0.95163167
859331,0.94936377
859332,0.94747007
859333,0.03192036
859334,0.036308154
859335,0.02688121
859336,0.06845133
859337,0.9952291
859338,0.008140081
859339,0.9918573
859340,0.49794936
859341,0.61273175
859342,0.96126336
859343,0.917835
859344,0.9884699
859345,0.2129249
859346,0.023413703
859347,0.022771243
859348,0.9975666
859349,0.24552019
859350,0.9897469
859351,0.9973258
859352,0.02170849
859353,0.047009833
859354,0.15603407
859355,0.06933703
859356,0.5246889
859357,0.060869288
859358,0.990024
859359,0.8210463
859360,0.0118612945
859361,0.9659084
859362,0.039429657
859363,0.14598686
859364,0.9313959
859365,0.011933965
859366,0.9733969
859367,0.8410321
859368,0.97796404
859369,0.031329837
859370,0.4684025
859371,0.034881603
859372,0.0009852367
859373,0.09653975
859374,0.9945893
859375,0.0040426333
859376,0.9467901
859377,0.022073554
859378,0.048627466
859379,0.9978934
859380,0.6344515
859381,0.070025824
859382,0.017980535
859383,0.026678368
859384,0.9983829
859385,0.6893538
859386,0.97907674
859387,0.043687474
859388,0.004181844
859389,0.7249764
859390,0.03067945
859391,0.1547725
859392,0.98358107
859393,0.9958855
859394,0.7970535
859395,0.37691957
859396,0.02973567
859397,0.30458215
859398,0.009440072
859399,0.32223263
859400,0.12755655
859401,0.15127876
859402,0.05000022
859403,0.6483309
859404,0.9941635
859405,0.018669875
859406,0.23370944
859407,0.99538696
859408,0.9971398
859409,0.6910335
859410,0.96868527
859411,0.0030782213
859412,0.01590232
859413,0.55422765
859414,0.13234994
859415,0.12975696
859416,0.72830725
859417,0.03691824
859418,0.95000374
859419,0.40067607
859420,0.026365837
859421,0.8879451
859422,0.0031305219
859423,0.939973
859424,0.932695
859425,0.01776038
859426,0.8103981
859427,0.9819348
859428,0.9818008
859429,0.0031263058
859430,0.93738365
859431,0.4381953
859432,0.73109704
859433,0.10263709
859434,0.16726413
859435,0.0986946
859436,0.19072342
859437,0.35009164
859438,0.57738924
859439,0.9546674
859440,0.022210745
859441,0.035884608
859442,0.95751756
859443,0.015154561
859444,0.20483552
859445,0.96275985
859446,0.005566468
859447,0.75589836
859448,0.16804849
859449,0.4890097
859450,0.017518956
859451,0.017125579
859452,0.015228588
859453,0.6717509
859454,0.975568
859455,0.0056681633
859456,0.20582305
859457,0.03579475
859458,0.013323983
859459,0.6541436
859460,0.9897172
859461,0.0433758
859462,0.13117221
859463,0.9488182
859464,0.41840717
859465,0.97208613
859466,0.04709523
859467,0.653252
859468,0.11538036
859469,0.11012386
859470,0.9855265
859471,0.95338094
859472,0.9675621
859473,0.7930191
859474,0.014730566
859475,0.013871566
859476,0.028593414
859477,0.028738353
859478,0.0018411423
859479,0.99687296
859480,0.011828637
859481,0.04202594
859482,0.9892126
859483,0.9954766
859484,0.66015375
859485,0.15664989
859486,0.9910301
859487,0.023307709
859488,0.9697859
859489,0.002493578
859490,0.469495
859491,0.97671974
859492,0.8910022
859493,0.027216403
859494,0.044325065
859495,0.2074531
859496,0.035484985
859497,0.058810562
859498,0.19048402
859499,0.009537074
859500,0.089158274
859501,0.8739749
859502,0.06849761
859503,0.9253707
859504,0.011999307
859505,0.98930436
859506,0.9345922
859507,0.99715436
859508,0.8439065
859509,0.025654638
859510,0.92315555
859511,0.012146192
859512,0.9972956
859513,0.013292549
859514,0.8505863
859515,0.7723052
859516,0.63167566
859517,0.9209693
859518,0.16635989
859519,0.9596218
859520,0.765531
859521,0.39671677
859522,0.046631314
859523,0.73238593
859524,0.9334487
859525,0.031240549
859526,0.9030338
859527,0.04651557
859528,0.37678948
859529,0.9456498
859530,0.69539475
859531,0.8915295
859532,0.95050395
859533,0.17585658
859534,0.13509502
859535,0.03551154
859536,0.8949717
859537,0.013283
859538,0.064192034
859539,0.9985331
859540,0.4847771
859541,0.61941403
859542,0.52857006
859543,0.9884511
859544,0.93688637
859545,0.99235326
859546,0.8241894
859547,0.0005822945
859548,0.08149309
859549,0.007900459
859550,0.7537677
859551,0.553354
859552,0.9968958
859553,0.8194164
859554,0.44846243
859555,0.027675748
859556,0.9966876
859557,0.393082
859558,0.09377651
859559,0.84959054
859560,0.09964998
859561,0.96615887
859562,0.03330802
859563,0.9937703
859564,0.73874193
859565,0.36592025
859566,0.15246063
859567,0.9932541
859568,0.017055314
859569,0.07328408
859570,0.98170865
859571,0.0067397547
859572,0.84209186
859573,0.0408849
859574,0.9982735
859575,0.016180228
859576,0.9236206
859577,0.08074258
859578,0.008555268
859579,0.872447
859580,0.012025442
859581,0.93797827
859582,0.8305564
859583,0.14924626
859584,0.22742647
859585,0.65981245
859586,0.011206759
859587,0.025129385
859588,0.006844496
859589,0.39877892
859590,0.33758563
859591,0.2200599
859592,0.99084604
859593,0.9846835
859594,0.029693201
859595,0.5325597
859596,0.09651179
859597,0.7166179
859598,0.9408419
859599,0.4039139
859600,0.100201994
859601,0.6424188
859602,0.9370141
859603,0.9852796
859604,0.015462803
859605,0.0013891404
859606,0.62552166
859607,0.9938138
859608,0.10812229
859609,0.03962463
859610,0.63406014
859611,0.009919306
859612,0.22936559
859613,0.9352543
859614,0.008617038
859615,0.4643767
859616,0.9827904
859617,0.03444048
859618,0.012046778
859619,0.98455316
859620,0.023207184
859621,0.8934944
859622,0.96983844
859623,0.9936225
859624,0.92085683
859625,0.97225
859626,0.96179116
859627,0.9822568
859628,0.8330446
859629,0.025740303
859630,0.15406802
859631,0.9361
859632,0.98202056
859633,0.9942273
859634,0.9983667
859635,0.0153666325
859636,0.018154858
859637,0.9799937
859638,0.91804326
859639,0.16547899
859640,0.051589943
859641,0.99573755
859642,0.0143429935
859643,0.07157586
859644,0.44719166
859645,0.9950975
859646,0.0063432343
859647,0.5672597
859648,0.24704327
859649,0.117709935
859650,0.0034216333
859651,0.13707483
859652,0.64467525
859653,0.9904453
859654,0.040285733
859655,0.09058884
859656,0.2118077
859657,0.74472857
859658,0.27110296
859659,0.024282334
859660,0.86724925
859661,0.016092224
859662,0.007636925
859663,0.104586214
859664,0.047060877
859665,0.799291
859666,0.4796833
859667,0.0024848348
859668,0.027466917
859669,0.016076023
859670,0.062336802
859671,0.93889326
859672,0.03128576
859673,0.9778457
859674,0.038097546
859675,0.9688417
859676,0.9145605
859677,0.017840285
859678,0.08273575
859679,0.98395306
859680,0.17069998
859681,0.06221146
859682,0.018012958
859683,0.018174727
859684,0.006967511
859685,0.9809657
859686,0.99382925
859687,0.9913377
859688,0.9918229
859689,0.1106983
859690,0.022247482
859691,0.67101705
859692,0.9372146
859693,0.9923891
859694,0.42127284
859695,0.863482
859696,0.99598837
859697,0.9929998
859698,0.97161
859699,0.45093098
859700,0.12881356
859701,0.034089383
859702,0.4845677
859703,0.06107298
859704,0.21930519
859705,0.016770873
859706,0.041031588
859707,0.9121644
859708,0.877375
859709,0.98578495
859710,0.09435522
859711,0.5764725
859712,0.098760806
859713,0.006232463
859714,0.88930005
859715,0.033647865
859716,0.84479433
859717,0.5099413
859718,0.41985536
859719,0.06475774
859720,0.99836284
859721,0.93852085
859722,0.9409274
859723,0.056297783
859724,0.08539377
859725,0.04325101
859726,0.99378306
859727,0.00759927
859728,0.7806641
859729,0.97415584
859730,0.99698246
859731,0.15112421
859732,0.0012687449
859733,0.024375618
859734,0.16715254
859735,0.0023554447
859736,0.028113535
859737,0.5572134
859738,0.054041944
859739,0.11712819
859740,0.18922278
859741,0.6574932
859742,0.98132133
859743,0.11527478
859744,0.8658323
859745,0.011550864
859746,0.99542236
859747,0.023005065
859748,0.99394953
859749,0.800531
859750,0.9901874
859751,0.047324434
859752,0.03461513
859753,0.95558536
859754,0.9923407
859755,0.74244696
859756,0.89376056
859757,0.11451855
859758,0.0107174255
859759,0.0043872623
859760,0.114637
859761,0.008323284
859762,0.9742243
859763,0.017826062
859764,0.13036516
859765,0.98775715
859766,0.9966315
859767,0.8611226
859768,0.09988378
859769,0.9854216
859770,0.05879671
859771,0.9047957
859772,0.9944014
859773,0.0996249
859774,0.18273945
859775,0.07691983
859776,0.82682705
859777,0.6672491
859778,0.9571233
859779,0.07437783
859780,0.013345756
859781,0.9935056
859782,0.8469471
859783,0.063759096
859784,0.12405154
859785,0.6509814
859786,0.7884539
859787,0.957974
859788,0.4346924
859789,0.07550084
859790,0.7498599
859791,0.008087405
859792,0.011220854
859793,0.0019052746
859794,0.9909745
859795,0.0154920835
859796,0.06555985
859797,0.99904305
859798,0.9925453
859799,0.16302137
859800,0.13656834
859801,0.75938267
859802,0.9783145
859803,0.0047857515
859804,0.15768759
859805,0.012552941
859806,0.040712908
859807,0.19565365
859808,0.017724331
859809,0.6608554
859810,0.58523643
859811,0.15992719
859812,0.036659874
859813,0.7981178
859814,0.9108653
859815,0.43183178
859816,0.6359528
859817,0.01656525
859818,0.57325757
859819,0.120626636
859820,0.9687129
859821,0.61503446
859822,0.012525318
859823,0.44459876
859824,0.9938108
859825,0.22354403
859826,0.7267214
859827,0.9348434
859828,0.39634496
859829,0.810866
859830,0.99162817
859831,0.984963
859832,0.03064078
859833,0.0057676407
859834,0.36819583
859835,0.3109991
859836,0.021746235
859837,0.97709966
859838,0.9537983
859839,0.006490942
859840,0.9680314
859841,0.5448121
859842,0.8687271
859843,0.996436
859844,0.9100655
859845,0.20605007
859846,0.025896575
859847,0.24568906
859848,0.165411
859849,0.026509833
859850,0.7504375
859851,0.7790707
859852,0.9864643
859853,0.010431213
859854,0.22827019
859855,0.8898256
859856,0.98591566
859857,0.88761985
859858,0.99477994
859859,0.9572681
859860,0.20229428
859861,0.1313868
859862,0.99802995
859863,0.9907181
859864,0.9514156
859865,0.024750836
859866,0.99189615
859867,0.98244035
859868,0.0030804742
859869,0.1607798
859870,0.57594013
859871,0.9887909
859872,0.045902584
859873,0.01310956
859874,0.06218957
859875,0.07857427
859876,0.1703765
859877,0.006643695
859878,0.9451919
859879,0.13286527
859880,0.6359968
859881,0.62668633
859882,0.9515289
859883,0.99234927
859884,0.90646106
859885,0.9954448
859886,0.69453716
859887,0.0043411274
859888,0.021166392
859889,0.0076994663
859890,0.88682085
859891,0.029372972
859892,0.19091205
859893,0.85250765
859894,0.05104368
859895,0.92530555
859896,0.9801993
859897,0.9517781
859898,0.32010517
859899,0.99889785
859900,0.830447
859901,0.19263878
859902,0.99442333
859903,0.78063774
859904,0.20536284
859905,0.17250988
859906,0.5437279
859907,0.014295086
859908,0.035060525
859909,0.9963618
859910,0.06737382
859911,0.45957553
859912,0.5154432
859913,0.81591475
859914,0.5320258
859915,0.48453623
859916,0.5895704
859917,0.046843085
859918,0.07368118
859919,0.022869153
859920,0.99916965
859921,0.023918977
859922,0.32378474
859923,0.9611776
859924,0.9959986
859925,0.996555
859926,0.083189726
859927,0.2544122
859928,0.07112539
859929,0.90779126
859930,0.046422973
859931,0.0072987396
859932,0.05457281
859933,0.9928099
859934,0.29167503
859935,0.2955518
859936,0.03159437
859937,0.009379806
859938,0.061356187
859939,0.9959243
859940,0.14744043
859941,0.9973529
859942,0.026268402
859943,0.7234503
859944,0.64272845
859945,0.9873312
859946,0.7360127
859947,0.004461858
859948,0.89051044
859949,0.37759748
859950,0.8687767
859951,0.99886954
859952,0.78826004
859953,0.6435925
859954,0.040818594
859955,0.040059667
859956,0.97387993
859957,0.81053305
859958,0.044446416
859959,0.028206548
859960,0.75012064
859961,0.615198
859962,0.95826787
859963,0.97223467
859964,0.99657553
859965,0.010372742
859966,0.89369786
859967,0.07253568
859968,0.029045783
859969,0.9855688
859970,0.7162891
859971,0.0050719674
859972,0.99337935
859973,0.017948145
859974,0.44844747
859975,0.17776534
859976,0.99183303
859977,0.9245629
859978,0.0034080858
859979,0.72489417
859980,0.35132787
859981,0.9990596
859982,0.77720135
859983,0.19024694
859984,0.4791652
859985,0.521748
859986,0.89122933
859987,0.80784595
859988,0.1679546
859989,0.023446038
859990,0.8608746
859991,0.9950893
859992,0.94897306
859993,0.9601244
859994,0.13210893
859995,0.98876524
859996,0.9851639
859997,0.9653793
859998,0.990602
859999,0.9748385
860000,0.20176311
860001,0.99084175
860002,0.6685694
860003,0.8323049
860004,0.9402153
860005,0.0526316
860006,0.7757933
860007,0.048581854
860008,0.0095464345
860009,0.10613614
860010,0.007060422
860011,0.9374067
860012,0.015305404
860013,0.95249903
860014,0.053182267
860015,0.9899005
860016,0.32073194
860017,0.0552948
860018,0.9624139
860019,0.7976061
860020,0.93480515
860021,0.6915531
860022,0.024143886
860023,0.9927477
860024,0.37396663
860025,0.2888389
860026,0.061201006
860027,0.20801541
860028,0.016684348
860029,0.60990626
860030,0.8552054
860031,0.9765458
860032,0.88094723
860033,0.81202906
860034,0.7603586
860035,0.025277704
860036,0.01506918
860037,0.007578828
860038,0.98629034
860039,0.98140144
860040,0.009459093
860041,0.030828837
860042,0.46880543
860043,0.867286
860044,0.15273292
860045,0.9486531
860046,0.69516265
860047,0.13306704
860048,0.0062352414
860049,0.0145993475
860050,0.32101452
860051,0.06279174
860052,0.0102063995
860053,0.99336946
860054,0.03791611
860055,0.5621407
860056,0.9511485
860057,0.8816613
860058,0.25065318
860059,0.99937606
860060,0.015136013
860061,0.26000065
860062,0.9653453
860063,0.023845913
860064,0.059932403
860065,0.07216152
860066,0.99203056
860067,0.989232
860068,0.85650337
860069,0.9816724
860070,0.9358718
860071,0.009914906
860072,0.018036861
860073,0.33018953
860074,0.9239162
860075,0.026897438
860076,0.75841117
860077,0.014804975
860078,0.977867
860079,0.0034227313
860080,0.9632701
860081,0.22120461
860082,0.23395395
860083,0.08501108
860084,0.0057720006
860085,0.9661054
860086,0.02261566
860087,0.0057390714
860088,0.98181057
860089,0.9524598
860090,0.051598545
860091,0.054858528
860092,0.0054544588
860093,0.8232855
860094,0.27382553
860095,0.024096876
860096,0.9012813
860097,0.23557708
860098,0.07600833
860099,0.28220007
860100,0.9342555
860101,0.99428785
860102,0.5915501
860103,0.044330318
860104,0.9450048
860105,0.935099
860106,0.45297274
860107,0.81470907
860108,0.039542276
860109,0.073597506
860110,0.15709135
860111,0.13567133
860112,0.89579403
860113,0.030438425
860114,0.93452424
860115,0.17080839
860116,0.95622104
860117,0.113903284
860118,0.0045636706
860119,0.9237697
860120,0.061481588
860121,0.9289063
860122,0.98284686
860123,0.99775034
860124,0.50352824
860125,0.0101912515
860126,0.013015913
860127,0.9650179
860128,0.96723145
860129,0.009841448
860130,0.19734469
860131,0.9655014
860132,0.016501518
860133,0.76129663
860134,0.3170907
860135,0.96773225
860136,0.9900366
860137,0.19307207
860138,0.0040240195
860139,0.039792694
860140,0.9892232
860141,0.9918365
860142,0.014713741
860143,0.9822671
860144,0.012842449
860145,0.15677011
860146,0.13373365
860147,0.10285454
860148,0.100230016
860149,0.9976779
860150,0.036032915
860151,0.92905915
860152,0.93642265
860153,0.99298304
860154,0.80667216
860155,0.710211
860156,0.09631871
860157,0.64998114
860158,0.30190778
860159,0.0075504123
860160,0.9021355
860161,0.7202996
860162,0.96254784
860163,0.9948113
860164,0.0013611494
860165,0.020241003
860166,0.19047895
860167,0.03647062
860168,0.4571996
860169,0.47918066
860170,0.0107600065
860171,0.012160159
860172,0.878795
860173,0.035003517
860174,0.03658995
860175,0.71128345
860176,0.98573136
860177,0.04592015
860178,0.06817385
860179,0.019786857
860180,0.06708236
860181,0.9241342
860182,0.0029725935
860183,0.35027352
860184,0.06660852
860185,0.35200125
860186,0.031899646
860187,0.1276358
860188,0.019333212
860189,0.003154591
860190,0.03272298
860191,0.9987265
860192,0.98663384
860193,0.007806774
860194,0.00416614
860195,0.015180036
860196,0.038214795
860197,0.987857
860198,0.96375805
860199,0.23178664
860200,0.9022811
860201,0.8562469
860202,0.5375217
860203,0.92156845
860204,0.055651642
860205,0.02453155
860206,0.8213424
860207,0.024739077
860208,0.3271351
860209,0.9382245
860210,0.022418132
860211,0.9317914
860212,0.99195915
860213,0.90201527
860214,0.009288452
860215,0.031220064
860216,0.41090545
860217,0.004925525
860218,0.8774742
860219,0.726756
860220,0.226827
860221,0.9955587
860222,0.017493458
860223,0.050181545
860224,0.08214332
860225,0.91159403
860226,0.18471146
860227,0.004814277
860228,0.06568679
860229,0.010124344
860230,0.02295797
860231,0.28073698
860232,0.01279013
860233,0.4745472
860234,0.900178
860235,0.16225806
860236,0.08348561
860237,0.85187054
860238,0.6356091
860239,0.9821362
860240,0.85576266
860241,0.8620403
860242,0.5940081
860243,0.33313018
860244,0.9139674
860245,0.010663595
860246,0.09641123
860247,0.5641527
860248,0.022261389
860249,0.96181643
860250,0.0109692365
860251,0.0057073636
860252,0.8031517
860253,0.030407123
860254,0.49792522
860255,0.015190439
860256,0.037418745
860257,0.14721724
860258,0.74596167
860259,0.88663167
860260,0.01893585
860261,0.059548706
860262,0.024339942
860263,0.9885956
860264,0.04741872
860265,0.954558
860266,0.057085216
860267,0.8110653
860268,0.0043529696
860269,0.42415404
860270,0.32985377
860271,0.090029396
860272,0.020054149
860273,0.9551127
860274,0.742537
860275,0.013129467
860276,0.014147387
860277,0.9180218
860278,0.9990569
860279,0.047873117
860280,0.003930559
860281,0.4356423
860282,0.8526476
860283,0.7401137
860284,0.99569213
860285,0.9517628
860286,0.9103934
860287,0.03848549
860288,0.96418744
860289,0.8770319
860290,0.11338497
860291,0.81752855
860292,0.9290366
860293,0.08410497
860294,0.033917796
860295,0.099313274
860296,0.021126637
860297,0.039456535
860298,0.037315007
860299,0.9994569
860300,0.60320026
860301,0.5618471
860302,0.5579451
860303,0.9882258
860304,0.027796881
860305,0.046161868
860306,0.07647525
860307,0.9849251
860308,0.002218205
860309,0.91534317
860310,0.013524298
860311,0.9947985
860312,0.9943709
860313,0.48228654
860314,0.03387299
860315,0.28550106
860316,0.8534919
860317,0.033150207
860318,0.27582544
860319,0.05294244
860320,0.937893
860321,0.06834143
860322,0.9929238
860323,0.977757
860324,0.008048599
860325,0.02291942
860326,0.23605347
860327,0.0038204417
860328,0.11381444
860329,0.07672023
860330,0.013349162
860331,0.99646217
860332,0.011357075
860333,0.015938202
860334,0.9555777
860335,0.9662136
860336,0.04426664
860337,0.005756526
860338,0.99873155
860339,0.21552733
860340,0.13863163
860341,0.48668903
860342,0.43057346
860343,0.7206453
860344,0.027764503
860345,0.99406046
860346,0.06652135
860347,0.091834545
860348,0.061276495
860349,0.26138002
860350,0.121007346
860351,0.9782319
860352,0.9949802
860353,0.03755945
860354,0.40996575
860355,0.06733734
860356,0.05216351
860357,0.2887269
860358,0.2333282
860359,0.7201584
860360,0.1580112
860361,0.664158
860362,0.9292982
860363,0.5907909
860364,0.21276522
860365,0.673093
860366,0.82010674
860367,0.11373556
860368,0.019481882
860369,0.8533138
860370,0.026916668
860371,0.05524337
860372,0.37936035
860373,0.0018271492
860374,0.97954357
860375,0.008199249
860376,0.96822083
860377,0.044889394
860378,0.94144106
860379,0.017946292
860380,0.0013930463
860381,0.93370265
860382,0.727106
860383,0.42892152
860384,0.52989775
860385,0.66408247
860386,0.099436596
860387,0.8706158
860388,0.104273535
860389,0.009605401
860390,0.002778687
860391,0.8548789
860392,0.0462792
860393,0.9708656
860394,0.004841669
860395,0.9695605
860396,0.82068074
860397,0.87602216
860398,0.006725196
860399,0.99707735
860400,0.9147314
860401,0.08150491
860402,0.91642785
860403,0.9875237
860404,0.8838042
860405,0.8610864
860406,0.0057319677
860407,0.009742717
860408,0.99301636
860409,0.9954948
860410,0.001201724
860411,0.9765678
860412,0.5092845
860413,0.010383127
860414,0.021007981
860415,0.9045329
860416,0.98754275
860417,0.005626515
860418,0.0086018415
860419,0.089367434
860420,0.95917845
860421,0.017660832
860422,0.73750186
860423,0.024188569
860424,0.034451254
860425,0.9914055
860426,0.004622064
860427,0.89704436
860428,0.98441714
860429,0.97169966
860430,0.98203313
860431,0.024308983
860432,0.99375147
860433,0.03997723
860434,0.92867804
860435,0.06777012
860436,0.043283034
860437,0.9070327
860438,0.005654907
860439,0.9913356
860440,0.65676504
860441,0.31090754
860442,0.88821447
860443,0.9869967
860444,0.1669261
860445,0.9833135
860446,0.85105985
860447,0.04343971
860448,0.69686973
860449,0.96779287
860450,0.22005694
860451,0.0070619816
860452,0.031067114
860453,0.26481044
860454,0.32403925
860455,0.0895582
860456,0.1320501
860457,0.5739448
860458,0.9927433
860459,0.96095395
860460,0.9602426
860461,0.7325419
860462,0.033835214
860463,0.9927376
860464,0.08682329
860465,0.90134513
860466,0.9123071
860467,0.005946918
860468,0.9437926
860469,0.59217125
860470,0.96374
860471,0.25600365
860472,0.99985313
860473,0.8937118
860474,0.1979816
860475,0.95940864
860476,0.0014060219
860477,0.95720625
860478,0.8333775
860479,0.06989224
860480,0.98987365
860481,0.93150914
860482,0.9883666
860483,0.19434097
860484,0.00468621
860485,0.91242266
860486,0.3594451
860487,0.015313668
860488,0.1858798
860489,0.24377027
860490,0.023861017
860491,0.14449143
860492,0.01982084
860493,0.5953117
860494,0.03259062
860495,0.8333712
860496,0.028351977
860497,0.7969705
860498,0.034750387
860499,0.4134589
860500,0.97086763
860501,0.79455864
860502,0.015070605
860503,0.9925046
860504,0.00861555
860505,0.99341005
860506,0.81090075
860507,0.09076346
860508,0.35669166
860509,0.0064164223
860510,0.0031862305
860511,0.46996313
860512,0.31554332
860513,0.08264592
860514,0.9360872
860515,0.3050513
860516,0.005132514
860517,0.0027536214
860518,0.022558425
860519,0.013604988
860520,0.97544014
860521,0.0118585145
860522,0.020200666
860523,0.70254266
860524,0.035092887
860525,0.0145018
860526,0.031428743
860527,0.52509964
860528,0.4602171
860529,0.9515359
860530,0.99676955
860531,0.4830868
860532,0.51880455
860533,0.07654139
860534,0.90233696
860535,0.058434855
860536,0.1824259
860537,0.08666383
860538,0.008222518
860539,0.8623438
860540,0.8653418
860541,0.8945092
860542,0.013749727
860543,0.9786152
860544,0.010448409
860545,0.053376816
860546,0.99045813
860547,0.0030038138
860548,0.9743668
860549,0.003112215
860550,0.87282443
860551,0.8968595
860552,0.8988365
860553,0.96462834
860554,0.008474663
860555,0.102443144
860556,0.6371335
860557,0.71687084
860558,0.97694767
860559,0.0027585255
860560,0.2915457
860561,0.062112305
860562,0.8924141
860563,0.0066375304
860564,0.29036608
860565,0.25800064
860566,0.78009015
860567,0.18288845
860568,0.1088352
860569,0.8218783
860570,0.0039480682
860571,0.78792644
860572,0.53399074
860573,0.14667958
860574,0.006343556
860575,0.057293646
860576,0.015800962
860577,0.3076633
860578,0.6158916
860579,0.62606543
860580,0.031577248
860581,0.007026436
860582,0.75054854
860583,0.9766313
860584,0.07702954
860585,0.6512776
860586,0.9831892
860587,0.99140537
860588,0.016629077
860589,0.9690145
860590,0.21065515
860591,0.9877201
860592,0.94298565
860593,0.02747033
860594,0.7326399
860595,0.6361915
860596,0.03523487
860597,0.9925725
860598,0.9559704
860599,0.04799972
860600,0.9673347
860601,0.17550266
860602,0.04534229
860603,0.9825991
860604,0.11182425
860605,0.9936409
860606,0.24884737
860607,0.98667955
860608,0.5217536
860609,0.019009437
860610,0.33026016
860611,0.93948907
860612,0.9360498
860613,0.9664668
860614,0.25578028
860615,0.056246854
860616,0.9478279
860617,0.9966204
860618,0.20789307
860619,0.4707151
860620,0.31506562
860621,0.38424683
860622,0.026095299
860623,0.09116766
860624,0.5399723
860625,0.35970515
860626,0.03239397
860627,0.44755983
860628,0.05349873
860629,0.9803655
860630,0.027032282
860631,0.05619835
860632,0.024966525
860633,0.12303722
860634,0.94613194
860635,0.8433941
860636,0.47270077
860637,0.080327235
860638,0.485015
860639,0.0042453213
860640,0.20977703
860641,0.7887919
860642,0.060617354
860643,0.8131047
860644,0.02837528
860645,0.99437237
860646,0.9214654
860647,0.08690613
860648,0.107110664
860649,0.013300793
860650,0.96385944
860651,0.9983144
860652,0.8976597
860653,0.5902155
860654,0.061768256
860655,0.0710493
860656,0.9469044
860657,0.42228103
860658,0.6858048
860659,0.8537674
860660,0.53422415
860661,0.026407305
860662,0.99414575
860663,0.78958195
860664,0.9586419
860665,0.9987763
860666,0.16792715
860667,0.14971837
860668,0.50121504
860669,0.9695153
860670,0.52294797
860671,0.9285799
860672,0.36492845
860673,0.04888203
860674,0.020478735
860675,0.99189115
860676,0.9037203
860677,0.9764579
860678,0.96418935
860679,0.97767967
860680,0.99419117
860681,0.0074501997
860682,0.18171555
860683,0.22016603
860684,0.14685355
860685,0.014762985
860686,0.655574
860687,0.98513937
860688,0.9981146
860689,0.5930815
860690,0.59578884
860691,0.07553914
860692,0.062042862
860693,0.9882131
860694,0.9722015
860695,0.0893785
860696,0.045653377
860697,0.38960847
860698,0.0074149426
860699,0.9684321
860700,0.9881131
860701,0.7943696
860702,0.9535678
860703,0.03210212
860704,0.99698675
860705,0.9568825
860706,0.01177816
860707,0.3470943
860708,0.009535072
860709,0.97671354
860710,0.005589803
860711,0.024290666
860712,0.98404557
860713,0.039132535
860714,0.004116394
860715,0.06469831
860716,0.99569935
860717,0.2966895
860718,0.0052356017
860719,0.0034108595
860720,0.004406763
860721,0.023462884
860722,0.042995293
860723,0.59088075
860724,0.10773274
860725,0.0063723316
860726,0.044373933
860727,0.19851524
860728,0.0307959
860729,0.0065652784
860730,0.8332551
860731,0.01966414
860732,0.02833052
860733,0.387017
860734,0.97566116
860735,0.46678394
860736,0.49558944
860737,0.586231
860738,0.99100983
860739,0.2739332
860740,0.005348928
860741,0.025411645
860742,0.9728099
860743,0.42505664
860744,0.061521977
860745,0.22364753
860746,0.457918
860747,0.3464213
860748,0.3394082
860749,0.8991988
860750,0.010674062
860751,0.0034644771
860752,0.00820514
860753,0.042449627
860754,0.24437173
860755,0.98514485
860756,0.9182794
860757,0.5442775
860758,0.020972054
860759,0.0161799
860760,0.99336934
860761,0.017312521
860762,0.029705036
860763,0.043759473
860764,0.15655977
860765,0.2781474
860766,0.035837267
860767,0.7973641
860768,0.3038553
860769,0.016564202
860770,0.38437024
860771,0.3032403
860772,0.048163444
860773,0.9648624
860774,0.056731407
860775,0.009675788
860776,0.030223092
860777,0.10651692
860778,0.99645305
860779,0.98697186
860780,0.83806163
860781,0.9224146
860782,0.9645695
860783,0.97086066
860784,0.13662246
860785,0.20527722
860786,0.6196979
860787,0.96366274
860788,0.5225202
860789,0.751937
860790,0.09552207
860791,0.774998
860792,0.011036959
860793,0.84629494
860794,0.6332976
860795,0.9978907
860796,0.90673643
860797,0.028144794
860798,0.028369136
860799,0.21719976
860800,0.9332308
860801,0.0035273156
860802,0.6149784
860803,0.53419656
860804,0.047549535
860805,0.5158721
860806,0.24273157
860807,0.5174629
860808,0.12993492
860809,0.0117848795
860810,0.9987916
860811,0.025157083
860812,0.21442768
860813,0.95574206
860814,0.012371974
860815,0.99907625
860816,0.04219558
860817,0.9000742
860818,0.13637857
860819,0.23421109
860820,0.12035944
860821,0.86721593
860822,0.05406586
860823,0.0051597776
860824,0.9393456
860825,0.008229084
860826,0.78261757
860827,0.66058075
860828,0.9053564
860829,0.0043537198
860830,0.9889357
860831,0.08595584
860832,0.67260206
860833,0.122073896
860834,0.9557058
860835,0.004099994
860836,0.677318
860837,0.37385458
860838,0.25068563
860839,0.94336224
860840,0.68387926
860841,0.5697943
860842,0.76916796
860843,0.033737954
860844,0.021418257
860845,0.036561087
860846,0.0073940903
860847,0.1864141
860848,0.9239857
860849,0.8255969
860850,0.97035563
860851,0.97778374
860852,0.8007984
860853,0.26167122
860854,0.014771026
860855,0.8090783
860856,0.97262543
860857,0.5298069
860858,0.072169185
860859,0.014555218
860860,0.9738994
860861,0.09767502
860862,0.962911
860863,0.20844126
860864,0.93463814
860865,0.5476494
860866,0.028110448
860867,0.24051471
860868,0.95072573
860869,0.008742655
860870,0.032109734
860871,0.19281067
860872,0.6956886
860873,0.9668801
860874,0.045395408
860875,0.061065312
860876,0.9726393
860877,0.86983293
860878,0.93709147
860879,0.9689936
860880,0.973367
860881,0.016198324
860882,0.034939364
860883,0.42086306
860884,0.002506704
860885,0.08345039
860886,0.0011476396
860887,0.4493668
860888,0.69061244
860889,0.14126353
860890,0.16724433
860891,0.99504244
860892,0.019416098
860893,0.91753703
860894,0.09730993
860895,0.0150290895
860896,0.1356787
860897,0.25726083
860898,0.99492705
860899,0.8879
860900,0.13988456
860901,0.12785624
860902,0.92780125
860903,0.68976665
860904,0.97726274
860905,0.14201374
860906,0.82790965
860907,0.012941718
860908,0.97784716
860909,0.0013297917
860910,0.85730064
860911,0.033602998
860912,0.020290498
860913,0.9966253
860914,0.010922953
860915,0.98602694
860916,0.17032015
860917,0.9960627
860918,0.03777868
860919,0.02169913
860920,0.21187267
860921,0.3822687
860922,0.043524683
860923,0.07764363
860924,0.94180554
860925,0.1678188
860926,0.3045734
860927,0.17565492
860928,0.9831127
860929,0.96222043
860930,0.9911872
860931,0.034708515
860932,0.48213637
860933,0.07001348
860934,0.955186
860935,0.97990984
860936,0.044689376
860937,0.98103964
860938,0.718654
860939,0.9979604
860940,0.018142631
860941,0.13036565
860942,0.97114515
860943,0.135037
860944,0.0033017206
860945,0.011146609
860946,0.1665341
860947,0.022397887
860948,0.3002368
860949,0.11663559
860950,0.21444717
860951,0.5370376
860952,0.012145718
860953,0.10793047
860954,0.9883725
860955,0.28909594
860956,0.99188006
860957,0.30226353
860958,0.033644702
860959,0.008710528
860960,0.029223029
860961,0.022987396
860962,0.9841604
860963,0.97765815
860964,0.005798514
860965,0.026254073
860966,0.1983364
860967,0.054388784
860968,0.0024197835
860969,0.99320644
860970,0.77449024
860971,0.8434044
860972,0.59790426
860973,0.12549677
860974,0.013400048
860975,0.028122928
860976,0.007221467
860977,0.03506282
860978,0.93550855
860979,0.021106632
860980,0.9937422
860981,0.006444066
860982,0.9987045
860983,0.019581577
860984,0.04562802
860985,0.9816682
860986,0.24021676
860987,0.009837711
860988,0.23642251
860989,0.033193737
860990,0.14907418
860991,0.017953698
860992,0.025651922
860993,0.014671465
860994,0.8499531
860995,0.9918974
860996,0.10168918
860997,0.94590604
860998,0.011349085
860999,0.23794694
861000,0.8560117
861001,0.21893899
861002,0.43089628
861003,0.005497114
861004,0.030960305
861005,0.97395325
861006,0.9986598
861007,0.019312315
861008,0.07182808
861009,0.9834147
861010,0.28398657
861011,0.104404904
861012,0.8797523
861013,0.41732737
861014,0.21573871
861015,0.971998
861016,0.9745993
861017,0.28316575
861018,0.71598375
861019,0.19090211
861020,0.025652945
861021,0.046749543
861022,0.033198
861023,0.98424405
861024,0.99323535
861025,0.99691296
861026,0.96212846
861027,0.124463655
861028,0.0024009626
861029,0.6752819
861030,0.01015372
861031,0.010982951
861032,0.05553532
861033,0.9898191
861034,0.035629306
861035,0.7795868
861036,0.20723686
861037,0.016237956
861038,0.5912302
861039,0.08524169
861040,0.95498884
861041,0.9496895
861042,0.03161502
861043,0.97431463
861044,0.18923442
861045,0.0010728857
861046,0.95666677
861047,0.98486364
861048,0.9960963
861049,0.2825824
861050,0.032544736
861051,0.8798671
861052,0.020480879
861053,0.00822542
861054,0.016080841
861055,0.016760714
861056,0.029277291
861057,0.5294148
861058,0.38680968
861059,0.1611808
861060,0.010036164
861061,0.9177594
861062,0.99231654
861063,0.9660288
861064,0.005457428
861065,0.95768523
861066,0.48172858
861067,0.019119011
861068,0.0012517951
861069,0.18621337
861070,0.0049457294
861071,0.15870759
861072,0.024784928
861073,0.014710408
861074,0.9930489
861075,0.8374765
861076,0.02194142
861077,0.016782612
861078,0.005521086
861079,0.99677706
861080,0.054398775
861081,0.7329618
861082,0.8513169
861083,0.12075498
861084,0.035595365
861085,0.99586356
861086,0.5743808
861087,0.0080103995
861088,0.014391992
861089,0.9670421
861090,0.19930188
861091,0.99044985
861092,0.90722936
861093,0.17724779
861094,0.00616381
861095,0.9951203
861096,0.0044318577
861097,0.8739003
861098,0.018890241
861099,0.99662167
861100,0.36694792
861101,0.3224893
861102,0.2590789
861103,0.99761355
861104,0.055011645
861105,0.03647943
861106,0.23331961
861107,0.28053167
861108,0.41450632
861109,0.3683806
861110,0.026967004
861111,0.014312974
861112,0.8739629
861113,0.012064391
861114,0.0021965443
861115,0.024453988
861116,0.030458055
861117,0.0074469694
861118,0.6891954
861119,0.117053576
861120,0.03311313
861121,0.43406177
861122,0.93051463
861123,0.19117658
861124,0.98803544
861125,0.021651989
861126,0.1446959
861127,0.42150074
861128,0.95021385
861129,0.06937465
861130,0.10372177
861131,0.7767821
861132,0.107370794
861133,0.004882919
861134,0.026682071
861135,0.04310182
861136,0.15680091
861137,0.0133162355
861138,0.9960753
861139,0.27024364
861140,0.9789289
861141,0.99910647
861142,0.3023264
861143,0.14145537
861144,0.05658127
861145,0.016265277
861146,0.00371908
861147,0.03188142
861148,0.02814778
861149,0.011469321
861150,0.9943652
861151,0.009013707
861152,0.016484248
861153,0.34361526
861154,0.20548588
861155,0.391546
861156,0.6092617
861157,0.053736918
861158,0.9996274
861159,0.0048526423
861160,0.10318026
861161,0.3701136
861162,0.08597204
861163,0.027492907
861164,0.02557398
861165,0.048185073
861166,0.9862952
861167,0.001958665
861168,0.016644673
861169,0.94548154
861170,0.027505752
861171,0.98885345
861172,0.09510087
861173,0.008557669
861174,0.1248509
861175,0.41468364
861176,0.94819343
861177,0.89839524
861178,0.0011440583
861179,0.9167882
861180,0.9974905
861181,0.6847419
861182,0.9167818
861183,0.4717979
861184,0.99904203
861185,0.98089087
861186,0.9963089
861187,0.9838668
861188,0.2875899
861189,0.021964403
861190,0.9242878
861191,0.02925613
861192,0.9889975
861193,0.5625352
861194,0.13112484
861195,0.12642801
861196,0.27731028
861197,0.012308772
861198,0.99901634
861199,0.2105524
861200,0.113779895
861201,0.3075184
861202,0.024028646
861203,0.038514763
861204,0.99074686
861205,0.90462583
861206,0.9992285
861207,0.02966411
861208,0.8202281
861209,0.09245649
861210,0.048405472
861211,0.9988202
861212,0.99123585
861213,0.99714017
861214,0.37010914
861215,0.82788336
861216,0.96502113
861217,0.072932914
861218,0.753221
861219,0.0045306515
861220,0.29969564
861221,0.053431377
861222,0.6419835
861223,0.7513438
861224,0.22635028
861225,0.028351938
861226,0.099471025
861227,0.11671784
861228,0.009764712
861229,0.03588347
861230,0.9847981
861231,0.9324256
861232,0.031048771
861233,0.003929861
861234,0.010712409
861235,0.43853796
861236,0.009929687
861237,0.879371
861238,0.8677772
861239,0.09036516
861240,0.9907556
861241,0.9145977
861242,0.0035162158
861243,0.025861342
861244,0.9935843
861245,0.95427537
861246,0.008874707
861247,0.00462798
861248,0.5181633
861249,0.07575737
861250,0.14945075
861251,0.93350726
861252,0.009410783
861253,0.020264328
861254,0.03511917
861255,0.9588612
861256,0.0014922009
861257,0.8220443
861258,0.9519594
861259,0.86992455
861260,0.9753391
861261,0.018256377
861262,0.0070523345
861263,0.93709815
861264,0.5329395
861265,0.96414804
861266,0.10574219
861267,0.7988925
861268,0.720366
861269,0.055837527
861270,0.034337156
861271,0.99737686
861272,0.041868187
861273,0.037972018
861274,0.0448704
861275,0.9290019
861276,0.11298176
861277,0.07963687
861278,0.017300513
861279,0.9213118
861280,0.036208116
861281,0.027455729
861282,0.9377993
861283,0.007009434
861284,0.9954439
861285,0.019798936
861286,0.048490264
861287,0.9704362
861288,0.050227545
861289,0.039178245
861290,0.0010054166
861291,0.9887886
861292,0.3391081
861293,0.41785687
861294,0.0819812
861295,0.054645468
861296,0.9994925
861297,0.3212464
861298,0.99365586
861299,0.38656715
861300,0.997923
861301,0.052711245
861302,0.9835266
861303,0.94144684
861304,0.12582108
861305,0.9964167
861306,0.9871658
861307,0.26916644
861308,0.06652995
861309,0.9942344
861310,0.9712624
861311,0.43940437
861312,0.6547948
861313,0.99898773
861314,0.063096404
861315,0.99001515
861316,0.23883447
861317,0.09240876
861318,0.035556123
861319,0.020853031
861320,0.024117101
861321,0.99960595
861322,0.15530115
861323,0.28039214
861324,0.021111425
861325,0.4182262
861326,0.022262089
861327,0.99852866
861328,0.872553
861329,0.056267735
861330,0.014449039
861331,0.00635272
861332,0.92323124
861333,0.33324718
861334,0.94669855
861335,0.9648106
861336,0.21526757
861337,0.33417028
861338,0.99409604
861339,0.9990224
861340,0.09237712
861341,0.213852
861342,0.9532268
861343,0.9944901
861344,0.99739075
861345,0.047992792
861346,0.0051202076
861347,0.003612285
861348,0.009931533
861349,0.2025582
861350,0.05881584
861351,0.15048961
861352,0.05991607
861353,0.99734664
861354,0.06446852
861355,0.013229345
861356,0.6053622
861357,0.70146996
861358,0.25058237
861359,0.03180508
861360,0.9872507
861361,0.98323274
861362,0.0650695
861363,0.9751735
861364,0.019198995
861365,0.39988214
861366,0.17299299
861367,0.37309065
861368,0.0029233042
861369,0.94814193
861370,0.9780313
861371,0.13183618
861372,0.9946831
861373,0.0064041074
861374,0.99155045
861375,0.96366584
861376,0.085926116
861377,0.046569746
861378,0.9729854
861379,0.21623288
861380,0.12289112
861381,0.9872412
861382,0.944061
861383,0.010013983
861384,0.043742724
861385,0.81408536
861386,0.7678576
861387,0.22733143
861388,0.010398028
861389,0.3740034
861390,0.10146487
861391,0.9416027
861392,0.008674545
861393,0.9805167
861394,0.9597062
861395,0.040925812
861396,0.79837143
861397,0.9940373
861398,0.020278746
861399,0.9677614
861400,0.95957774
861401,0.68309605
861402,0.6559838
861403,0.78326845
861404,0.7839428
861405,0.018484645
861406,0.77158487
861407,0.05852491
861408,0.88227946
861409,0.04364538
861410,0.19395602
861411,0.006885766
861412,0.7958436
861413,0.32490906
861414,0.013724953
861415,0.06393831
861416,0.09094081
861417,0.01685416
861418,0.991035
861419,0.9749764
861420,0.9615461
861421,0.022545338
861422,0.012201989
861423,0.9695618
861424,0.22971834
861425,0.9978178
861426,0.8307904
861427,0.0897921
861428,0.077083446
861429,0.26296008
861430,0.99456567
861431,0.99471635
861432,0.639739
861433,0.011475339
861434,0.38830596
861435,0.16844033
861436,0.08751963
861437,0.96510524
861438,0.91640604
861439,0.076121405
861440,0.08610608
861441,0.01650977
861442,0.99683625
861443,0.10627814
861444,0.81075895
861445,0.041611865
861446,0.046158083
861447,0.9897013
861448,0.94627273
861449,0.63676023
861450,0.019941857
861451,0.89634126
861452,0.032152563
861453,0.6216454
861454,0.27882397
861455,0.9622631
861456,0.008754961
861457,0.02697327
861458,0.5945397
861459,0.9879923
861460,0.088702574
861461,0.5817366
861462,0.028138071
861463,0.008963283
861464,0.995618
861465,0.022144074
861466,0.88817567
861467,0.38450843
861468,0.16342764
861469,0.048301093
861470,0.016772652
861471,0.99763286
861472,0.04376384
861473,0.9614789
861474,0.39709806
861475,0.028994536
861476,0.88785714
861477,0.3312782
861478,0.86516684
861479,0.8549801
861480,0.6447266
861481,0.85047144
861482,0.080681644
861483,0.14951038
861484,0.039072182
861485,0.007842232
861486,0.9807102
861487,0.30300027
861488,0.533726
861489,0.48431575
861490,0.013044352
861491,0.020211158
861492,0.008182187
861493,0.7014065
861494,0.97351795
861495,0.012158987
861496,0.039489944
861497,0.17344747
861498,0.33713493
861499,0.5155334
861500,0.89519763
861501,0.8229768
861502,0.17520687
861503,0.8120527
861504,0.56285906
861505,0.9897877
861506,0.21653198
861507,0.78846824
861508,0.67070156
861509,0.99362445
861510,0.44787613
861511,0.04253858
861512,0.9017989
861513,0.017466575
861514,0.9822053
861515,0.9490429
861516,0.14435571
861517,0.12598851
861518,0.87755597
861519,0.5102141
861520,0.11302459
861521,0.6413443
861522,0.98927104
861523,0.011267604
861524,0.010706873
861525,0.0048576747
861526,0.30576307
861527,0.07585402
861528,0.9843147
861529,0.98905146
861530,0.27781636
861531,0.99484307
861532,0.14818382
861533,0.06362433
861534,0.09113917
861535,0.008168262
861536,0.04496355
861537,0.07260199
861538,0.44757336
861539,0.95839345
861540,0.9943679
861541,0.9962361
861542,0.99754936
861543,0.97453
861544,0.61941075
861545,0.01636556
861546,0.016581515
861547,0.73840386
861548,0.82376385
861549,0.0076214187
861550,0.014684699
861551,0.99610746
861552,0.039550643
861553,0.9917022
861554,0.0340538
861555,0.13654654
861556,0.9812068
861557,0.00980952
861558,0.99489903
861559,0.99362874
861560,0.012894476
861561,0.99202174
861562,0.75532526
861563,0.0056361347
861564,0.32306513
861565,0.52002853
861566,0.95222604
861567,0.97718835
861568,0.006172035
861569,0.017263548
861570,0.5355424
861571,0.18734065
861572,0.09325602
861573,0.5652657
861574,0.866904
861575,0.99798644
861576,0.9810753
861577,0.43820214
861578,0.99161017
861579,0.99952185
861580,0.6082676
861581,0.035217296
861582,0.030241065
861583,0.0856163
861584,0.025293399
861585,0.007341376
861586,0.039610036
861587,0.07481786
861588,0.24854673
861589,0.03030888
861590,0.011422132
861591,0.9272672
861592,0.96334374
861593,0.10074343
861594,0.99602836
861595,0.8127864
861596,0.93568003
861597,0.5660166
861598,0.1291567
861599,0.6434738
861600,0.01301511
861601,0.041053623
861602,0.6310127
861603,0.019637352
861604,0.9473957
861605,0.015879147
861606,0.13695323
861607,0.9984031
861608,0.035613876
861609,0.96785164
861610,0.12720288
861611,0.19384886
861612,0.8053833
861613,0.015028181
861614,0.3962895
861615,0.0103756385
861616,0.00421472
861617,0.9971565
861618,0.05084712
861619,0.88300824
861620,0.06822852
861621,0.1489819
861622,0.010251285
861623,0.9912566
861624,0.1408029
861625,0.007286682
861626,0.9672476
861627,0.06848426
861628,0.9962688
861629,0.2821046
861630,0.10969197
861631,0.0031703566
861632,0.9856186
861633,0.94276816
861634,0.08381237
861635,0.013723448
861636,0.88146245
861637,0.01006408
861638,0.91230357
861639,0.004790835
861640,0.6951695
861641,0.16709417
861642,0.0339807
861643,0.04409667
861644,0.035220526
861645,0.99531376
861646,0.99433905
861647,0.451657
861648,0.88081884
861649,0.00992585
861650,0.022266418
861651,0.9894517
861652,0.0058299443
861653,0.99101496
861654,0.85146546
861655,0.9629719
861656,0.06900063
861657,0.044376094
861658,0.22023103
861659,0.27682495
861660,0.7650328
861661,0.006609277
861662,0.9754555
861663,0.27403185
861664,0.07118182
861665,0.037891917
861666,0.47391745
861667,0.15343513
861668,0.9414094
861669,0.01023634
861670,0.068174526
861671,0.99859303
861672,0.02846876
861673,0.98488545
861674,0.5212722
861675,0.1774187
861676,0.5302752
861677,0.019054588
861678,0.004569397
861679,0.029784169
861680,0.0052201445
861681,0.020268256
861682,0.9030192
861683,0.997895
861684,0.052153904
861685,0.07386818
861686,0.10864361
861687,0.11049993
861688,0.9961897
861689,0.14428481
861690,0.007927392
861691,0.9957933
861692,0.13741848
861693,0.0021823253
861694,0.96429086
861695,0.003326817
861696,0.9428745
861697,0.9048811
861698,0.8076198
861699,0.040001053
861700,0.0053064562
861701,0.046133377
861702,0.28154224
861703,0.8123556
861704,0.076096766
861705,0.98649895
861706,0.964197
861707,0.09889124
861708,0.0036349387
861709,0.91326666
861710,0.87449205
861711,0.54963547
861712,0.21810961
861713,0.04230821
861714,0.0009868038
861715,0.98559445
861716,0.074052215
861717,0.25218925
861718,0.93527436
861719,0.9758416
861720,0.088830665
861721,0.064616986
861722,0.42297247
861723,0.14452015
861724,0.9414215
861725,0.6961145
861726,0.14373343
861727,0.007987941
861728,0.98843706
861729,0.3029315
861730,0.99155694
861731,0.004672804
861732,0.90675163
861733,0.09806609
861734,0.49942628
861735,0.9851482
861736,0.012063447
861737,0.83164084
861738,0.9910328
861739,0.009597855
861740,0.28116208
861741,0.04596445
861742,0.004307977
861743,0.078607336
861744,0.95212173
861745,0.031402577
861746,0.056600284
861747,0.36803386
861748,0.97131807
861749,0.164576
861750,0.0035166468
861751,0.038590234
861752,0.0018593692
861753,0.6518412
861754,0.010185986
861755,0.88933897
861756,0.0051741404
861757,0.95741045
861758,0.032965224
861759,0.9916587
861760,0.025161903
861761,0.8694218
861762,0.05900374
861763,0.95545405
861764,0.3743911
861765,0.024686128
861766,0.9716147
861767,0.4822778
861768,0.8060572
861769,0.99567026
861770,0.9973743
861771,0.008586039
861772,0.026932662
861773,0.5330969
861774,0.8188875
861775,0.06688885
861776,0.0036458804
861777,0.88458943
861778,0.11678932
861779,0.87093073
861780,0.011000737
861781,0.2742331
861782,0.6964953
861783,0.051241826
861784,0.22285667
861785,0.35677385
861786,0.23407276
861787,0.037757277
861788,0.9926978
861789,0.059537254
861790,0.85022795
861791,0.8383765
861792,0.532395
861793,0.1263771
861794,0.06818483
861795,0.04784956
861796,0.49974838
861797,0.40370107
861798,0.21451302
861799,0.9887748
861800,0.9641317
861801,0.9801447
861802,0.024075087
861803,0.98392975
861804,0.0780129
861805,0.96847224
861806,0.98752886
861807,0.025712388
861808,0.016345073
861809,0.40916586
861810,0.9065242
861811,0.9794394
861812,0.5174296
861813,0.10640134
861814,0.98629975
861815,0.9986612
861816,0.9607022
861817,0.9844686
861818,0.28028637
861819,0.99269116
861820,0.9904009
861821,0.9486831
861822,0.7061789
861823,0.93017447
861824,0.030099984
861825,0.84554696
861826,0.95470357
861827,0.0043626516
861828,0.9304409
861829,0.90804744
861830,0.57323766
861831,0.0664186
861832,0.9717202
861833,0.008354243
861834,0.021006277
861835,0.09727994
861836,0.17815985
861837,0.012318592
861838,0.25295717
861839,0.0063010138
861840,0.008917159
861841,0.14121702
861842,0.7605703
861843,0.9766615
861844,0.78766406
861845,0.971453
861846,0.9514055
861847,0.56841457
861848,0.010863339
861849,0.7994294
861850,0.9652742
861851,0.9877877
861852,0.30787742
861853,0.7200376
861854,0.9556272
861855,0.14047675
861856,0.97645193
861857,0.13045289
861858,0.9984583
861859,0.024768932
861860,0.0033574777
861861,0.7996671
861862,0.492086
861863,0.36759663
861864,0.93781316
861865,0.93311876
861866,0.29463956
861867,0.055175968
861868,0.93542856
861869,0.32651612
861870,0.008502504
861871,0.8489101
861872,0.6140224
861873,0.098600864
861874,0.04084678
861875,0.92067635
861876,0.017240092
861877,0.2568899
861878,0.012151164
861879,0.012153711
861880,0.003123274
861881,0.010007425
861882,0.10094651
861883,0.9515817
861884,0.1393319
861885,0.0043723676
861886,0.058110036
861887,0.9987526
861888,0.17150316
861889,0.9657936
861890,0.23979345
861891,0.957461
861892,0.9859344
861893,0.1658707
861894,0.039227918
861895,0.9657936
861896,0.87955123
861897,0.010018766
861898,0.01983328
861899,0.9880185
861900,0.99770224
861901,0.0063443207
861902,0.050480515
861903,0.94986355
861904,0.13872041
861905,0.88235795
861906,0.020510193
861907,0.0695881
861908,0.8845109
861909,0.95888716
861910,0.006814259
861911,0.9817257
861912,0.07570069
861913,0.9460803
861914,0.3816501
861915,0.006715812
861916,0.031523414
861917,0.99928445
861918,0.35513836
861919,0.9793007
861920,0.96779054
861921,0.9216069
861922,0.937764
861923,0.9664824
861924,0.35522294
861925,0.97773206
861926,0.030335627
861927,0.5004778
861928,0.048392713
861929,0.9634496
861930,0.16822895
861931,0.26927382
861932,0.06963412
861933,0.33059573
861934,0.8782246
861935,0.9920943
861936,0.046205528
861937,0.013652396
861938,0.036749583
861939,0.9955486
861940,0.007064716
861941,0.07013047
861942,0.026193399
861943,0.9716464
861944,0.055366736
861945,0.9975565
861946,0.062733464
861947,0.9662322
861948,0.99589324
861949,0.034753136
861950,0.07503943
861951,0.8900039
861952,0.86658466
861953,0.047896482
861954,0.022617714
861955,0.8266814
861956,0.99168
861957,0.37651625
861958,0.3205698
861959,0.05787509
861960,0.01527885
861961,0.0029594647
861962,0.004147977
861963,0.98163044
861964,0.9961481
861965,0.09818084
861966,0.21325119
861967,0.99910533
861968,0.9974227
861969,0.77628756
861970,0.21457615
861971,0.019872338
861972,0.94937706
861973,0.9807958
861974,0.038224317
861975,0.24723943
861976,0.05016344
861977,0.024971833
861978,0.019141156
861979,0.23220977
861980,0.4371181
861981,0.99205816
861982,0.016954245
861983,0.22308536
861984,0.05228354
861985,0.59609187
861986,0.93263024
861987,0.9314414
861988,0.93033373
861989,0.344427
861990,0.7344448
861991,0.971184
861992,0.9313264
861993,0.008335348
861994,0.9972887
861995,0.9110115
861996,0.72129
861997,0.9453759
861998,0.08370833
861999,0.0119850375
862000,0.1276586
862001,0.13485415
862002,0.9509995
862003,0.94709337
862004,0.6866448
862005,0.23213452
862006,0.043178953
862007,0.9859145
862008,0.5759734
862009,0.4735097
862010,0.09059247
862011,0.023564791
862012,0.09729826
862013,0.99223614
862014,0.23220535
862015,0.014812574
862016,0.035572894
862017,0.50903076
862018,0.022868244
862019,0.27382386
862020,0.9989889
862021,0.9948261
862022,0.0064076455
862023,0.013654207
862024,0.15959242
862025,0.022242574
862026,0.15200469
862027,0.9003366
862028,0.98998827
862029,0.015501715
862030,0.03673034
862031,0.9968655
862032,0.9839805
862033,0.72160006
862034,0.02283533
862035,0.98589206
862036,0.22129911
862037,0.0036368947
862038,0.8992432
862039,0.92277014
862040,0.038510274
862041,0.9537258
862042,0.012026124
862043,0.9680842
862044,0.29775637
862045,0.01636816
862046,0.020477045
862047,0.96295893
862048,0.12916356
862049,0.43466607
862050,0.95818955
862051,0.030181196
862052,0.82397634
862053,0.9577048
862054,0.967003
862055,0.67178893
862056,0.99259233
862057,0.018674716
862058,0.95964307
862059,0.9990645
862060,0.12317597
862061,0.7222216
862062,0.27437055
862063,0.91664404
862064,0.99450123
862065,0.045198385
862066,0.13424613
862067,0.03127092
862068,0.4585363
862069,0.9932281
862070,0.20147622
862071,0.9806937
862072,0.16320018
862073,0.99922127
862074,0.23319682
862075,0.006189216
862076,0.9415173
862077,0.56620747
862078,0.31394762
862079,0.9292455
862080,0.9594018
862081,0.9809501
862082,0.3855632
862083,0.90550286
862084,0.216896
862085,0.39195126
862086,0.05145525
862087,0.010797009
862088,0.017293625
862089,0.3149093
862090,0.9161185
862091,0.6984042
862092,0.17108484
862093,0.002298816
862094,0.0047542173
862095,0.13086553
862096,0.0034861364
862097,0.71053743
862098,0.04686714
862099,0.9929116
862100,0.9602535
862101,0.0073518096
862102,0.89385366
862103,0.014279222
862104,0.99058723
862105,0.2807046
862106,0.91484535
862107,0.06760228
862108,0.971931
862109,0.050947405
862110,0.70911425
862111,0.9778042
862112,0.04605056
862113,0.25844616
862114,0.9774743
862115,0.35953048
862116,0.022565316
862117,0.9173205
862118,0.110757716
862119,0.03181119
862120,0.6279944
862121,0.010860805
862122,0.9844915
862123,0.57522935
862124,0.5772131
862125,0.6323935
862126,0.9915912
862127,0.99305224
862128,0.56977564
862129,0.95359385
862130,0.83110535
862131,0.08945878
862132,0.13552563
862133,0.07885256
862134,0.8487533
862135,0.9030976
862136,0.8400327
862137,0.08966077
862138,0.44687235
862139,0.04339302
862140,0.3737244
862141,0.02291939
862142,0.90033853
862143,0.76446307
862144,0.11166436
862145,0.91865385
862146,0.5353804
862147,0.02735942
862148,0.53083944
862149,0.0012987563
862150,0.16670144
862151,0.98775446
862152,0.031082084
862153,0.87669307
862154,0.9966215
862155,0.97430146
862156,0.0019192506
862157,0.8536049
862158,0.009366458
862159,0.0015303915
862160,0.02900263
862161,0.5049498
862162,0.9880924
862163,0.982535
862164,0.012010958
862165,0.9187002
862166,0.9974648
862167,0.97178024
862168,0.09943783
862169,0.77814895
862170,0.20002486
862171,0.025776649
862172,0.0099369
862173,0.035567768
862174,0.0045237127
862175,0.17333882
862176,0.053317495
862177,0.80211306
862178,0.26483512
862179,0.9772249
862180,0.2508758
862181,0.23841748
862182,0.43107337
862183,0.82772243
862184,0.8715582
862185,0.9937592
862186,0.017506385
862187,0.81818855
862188,0.12354317
862189,0.051085286
862190,0.0058933226
862191,0.24510175
862192,0.023779925
862193,0.9379352
862194,0.9745286
862195,0.735153
862196,0.14290056
862197,0.45291227
862198,0.98429376
862199,0.10590865
862200,0.568714
862201,0.9929379
862202,0.112495765
862203,0.9725136
862204,0.6174773
862205,0.018349174
862206,0.015539995
862207,0.6608553
862208,0.99790365
862209,0.076359004
862210,0.8866127
862211,0.98880386
862212,0.13030267
862213,0.2751922
862214,0.9938585
862215,0.008053861
862216,0.96773326
862217,0.068170086
862218,0.9811368
862219,0.99866045
862220,0.9981869
862221,0.91842884
862222,0.86438787
862223,0.02677668
862224,0.594765
862225,0.042624667
862226,0.009463359
862227,0.37916425
862228,0.095120326
862229,0.37416855
862230,0.98464125
862231,0.30581072
862232,0.125299
862233,0.95722103
862234,0.60783386
862235,0.009309792
862236,0.8485403
862237,0.012458199
862238,0.0035075203
862239,0.035404902
862240,0.024520688
862241,0.03616486
862242,0.23568934
862243,0.9817124
862244,0.16239852
862245,0.22546543
862246,0.37868726
862247,0.9731269
862248,0.05561143
862249,0.020355666
862250,0.01642313
862251,0.72857404
862252,0.44622797
862253,0.210971
862254,0.14002354
862255,0.18843167
862256,0.97224617
862257,0.03405678
862258,0.008577771
862259,0.30670768
862260,0.08244831
862261,0.15963954
862262,0.0012894383
862263,0.90238714
862264,0.023614064
862265,0.34320623
862266,0.12054612
862267,0.013239408
862268,0.34481344
862269,0.025537644
862270,0.84558
862271,0.84208626
862272,0.9545112
862273,0.1821534
862274,0.015623657
862275,0.044811342
862276,0.05136075
862277,0.9968959
862278,0.012841624
862279,0.8916024
862280,0.9701382
862281,0.53296745
862282,0.76608527
862283,0.24676527
862284,0.04443891
862285,0.987994
862286,0.10596664
862287,0.9901488
862288,0.010356275
862289,0.041663367
862290,0.024629984
862291,0.01571744
862292,0.14512508
862293,0.03454682
862294,0.98749787
862295,0.7672875
862296,0.9302062
862297,0.9985598
862298,0.1028057
862299,0.83987474
862300,0.7794212
862301,0.9580995
862302,0.98534966
862303,0.30485642
862304,0.0040142266
862305,0.98027503
862306,0.49325657
862307,0.009891331
862308,0.052998737
862309,0.0036855733
862310,0.014869527
862311,0.33965024
862312,0.9943149
862313,0.04246653
862314,0.5482669
862315,0.8954081
862316,0.048819654
862317,0.17979184
862318,0.988456
862319,0.07903737
862320,0.010420695
862321,0.06735153
862322,0.98762095
862323,0.9783324
862324,0.039195314
862325,0.33837104
862326,0.95829666
862327,0.926821
862328,0.9474114
862329,0.8380684
862330,0.025126489
862331,0.9605093
862332,0.008018229
862333,0.009339032
862334,0.036623932
862335,0.95680106
862336,0.7864363
862337,0.9992621
862338,0.9971784
862339,0.19310734
862340,0.98354316
862341,0.010065585
862342,0.48698735
862343,0.0077673644
862344,0.98611265
862345,0.9978154
862346,0.045051552
862347,0.9809246
862348,0.44347128
862349,0.054945476
862350,0.01499365
862351,0.999565
862352,0.8916993
862353,0.17690936
862354,0.029102758
862355,0.708552
862356,0.013882967
862357,0.06840853
862358,0.008974113
862359,0.14708887
862360,0.6974956
862361,0.2605875
862362,0.97745705
862363,0.021428179
862364,0.089741796
862365,0.9108638
862366,0.99418503
862367,0.9572603
862368,0.4829033
862369,0.97285706
862370,0.054326423
862371,0.99547863
862372,0.8027326
862373,0.23534201
862374,0.07990618
862375,0.9839111
862376,0.021399673
862377,0.27449137
862378,0.9968256
862379,0.94206357
862380,0.9882491
862381,0.058875624
862382,0.0066960067
862383,0.90289474
862384,0.99176055
862385,0.058698323
862386,0.960483
862387,0.007139438
862388,0.90158415
862389,0.08345239
862390,0.9743666
862391,0.9151108
862392,0.7420277
862393,0.9996407
862394,0.99317175
862395,0.8741598
862396,0.9736794
862397,0.018460924
862398,0.96038604
862399,0.8595392
862400,0.9251796
862401,0.1022816
862402,0.82043535
862403,0.95892215
862404,0.40777278
862405,0.41762385
862406,0.0023956578
862407,0.75636685
862408,0.025855247
862409,0.009197726
862410,0.9899974
862411,0.06549544
862412,0.01594758
862413,0.7883926
862414,0.8775494
862415,0.87902904
862416,0.8118514
862417,0.2621113
862418,0.016906962
862419,0.09128332
862420,0.049577996
862421,0.020237872
862422,0.036109693
862423,0.041340582
862424,0.052124586
862425,0.12756045
862426,0.0044450164
862427,0.011848975
862428,0.026995176
862429,0.97346956
862430,0.01731592
862431,0.060344674
862432,0.1007632
862433,0.64511275
862434,0.0056793336
862435,0.12307516
862436,0.13391063
862437,0.09892157
862438,0.14075685
862439,0.5894341
862440,0.04940766
862441,0.995853
862442,0.013257975
862443,0.7920737
862444,0.95457345
862445,0.8280885
862446,0.016981095
862447,0.92673945
862448,0.03878078
862449,0.03932406
862450,0.3870845
862451,0.119560525
862452,0.014713559
862453,0.87019694
862454,0.005012676
862455,0.33077204
862456,0.7213308
862457,0.4087826
862458,0.32322192
862459,0.13991183
862460,0.44980478
862461,0.04159901
862462,0.5628897
862463,0.072470605
862464,0.9361361
862465,0.6769165
862466,0.1343467
862467,0.012887999
862468,0.40460387
862469,0.7040507
862470,0.9920114
862471,0.99409676
862472,0.038582295
862473,0.18844005
862474,0.92443347
862475,0.14033571
862476,0.9829544
862477,0.92473495
862478,0.021081464
862479,0.8349117
862480,0.7837615
862481,0.2717373
862482,0.99499995
862483,0.90210414
862484,0.9735971
862485,0.029891264
862486,0.34919912
862487,0.0325403
862488,0.8968617
862489,0.20313583
862490,0.045346707
862491,0.8046193
862492,0.77072495
862493,0.9967197
862494,0.89025736
862495,0.021214936
862496,0.013490211
862497,0.95901495
862498,0.8949512
862499,0.0341413
862500,0.12397918
862501,0.11724559
862502,0.98974407
862503,0.19344367
862504,0.047209814
862505,0.02313482
862506,0.5539211
862507,0.97290194
862508,0.93329906
862509,0.3535162
862510,0.06071015
862511,0.0030105063
862512,0.010018139
862513,0.0866061
862514,0.29379654
862515,0.98613125
862516,0.4802065
862517,0.9947771
862518,0.0068042157
862519,0.9884991
862520,0.08678482
862521,0.024673458
862522,0.97996855
862523,0.9961819
862524,0.32426998
862525,0.96762544
862526,0.007859765
862527,0.9784767
862528,0.06702843
862529,0.9821255
862530,0.02225513
862531,0.039338607
862532,0.9899935
862533,0.6308359
862534,0.90348107
862535,0.039520264
862536,0.8053257
862537,0.9630704
862538,0.39348316
862539,0.008300505
862540,0.9986634
862541,0.5071794
862542,0.07264611
862543,0.8281939
862544,0.30250776
862545,0.04747581
862546,0.028061934
862547,0.60324186
862548,0.034538515
862549,0.012282601
862550,0.0032907096
862551,0.9154422
862552,0.65992343
862553,0.0038391284
862554,0.027111303
862555,0.98692775
862556,0.06652951
862557,0.95615023
862558,0.95431596
862559,0.9840871
862560,0.74776435
862561,0.0056379433
862562,0.9777521
862563,0.049729176
862564,0.0068267053
862565,0.82566065
862566,0.014521198
862567,0.9678181
862568,0.86261547
862569,0.96791047
862570,0.22615594
862571,0.96184796
862572,0.9088563
862573,0.9905126
862574,0.8132886
862575,0.94607747
862576,0.05341046
862577,0.016902633
862578,0.97748375
862579,0.35921127
862580,0.9054542
862581,0.953219
862582,0.002030141
862583,0.0075861113
862584,0.026050484
862585,0.97958
862586,0.09247481
862587,0.03915636
862588,0.8186108
862589,0.58108044
862590,0.30227488
862591,0.4593063
862592,0.17447564
862593,0.98105496
862594,0.0115810875
862595,0.99863786
862596,0.13304885
862597,0.0057377717
862598,0.8778542
862599,0.97945285
862600,0.98998773
862601,0.9840679
862602,0.99170625
862603,0.18753725
862604,0.9777868
862605,0.9604724
862606,0.12129147
862607,0.9940498
862608,0.96966374
862609,0.98101145
862610,0.65838057
862611,0.9232821
862612,0.9969427
862613,0.98725635
862614,0.06254906
862615,0.05312655
862616,0.9494766
862617,0.99818575
862618,0.9992559
862619,0.9964722
862620,0.049332883
862621,0.024900947
862622,0.9980447
862623,0.22446264
862624,0.041366115
862625,0.9981173
862626,0.02056374
862627,0.02331394
862628,0.9835351
862629,0.32014096
862630,0.8701663
862631,0.9600847
862632,0.88681966
862633,0.79313755
862634,0.086576626
862635,0.07338205
862636,0.059323676
862637,0.9479586
862638,0.024731554
862639,0.73960674
862640,0.026392138
862641,0.01778312
862642,0.2690147
862643,0.9673656
862644,0.003653381
862645,0.10453383
862646,0.06460354
862647,0.97935385
862648,0.82417095
862649,0.7393571
862650,0.12606575
862651,0.8997947
862652,0.9909613
862653,0.10298541
862654,0.40423524
862655,0.00533918
862656,0.829522
862657,0.8122702
862658,0.95108414
862659,0.95600075
862660,0.7530855
862661,0.023762975
862662,0.96013296
862663,0.10069279
862664,0.9689406
862665,0.03453337
862666,0.048052385
862667,0.98990047
862668,0.002713863
862669,0.5127486
862670,0.22424123
862671,0.025920518
862672,0.009018639
862673,0.022521205
862674,0.05740273
862675,0.9792489
862676,0.18392465
862677,0.24428245
862678,0.7569018
862679,0.04238204
862680,0.18907256
862681,0.9584209
862682,0.23934953
862683,0.0058136513
862684,0.6065438
862685,0.86467654
862686,0.11923509
862687,0.9067517
862688,0.008542731
862689,0.0799848
862690,0.0061810976
862691,0.03685284
862692,0.008109991
862693,0.99718195
862694,0.06670166
862695,0.031746283
862696,0.049016185
862697,0.6751744
862698,0.033064395
862699,0.9861426
862700,0.012492983
862701,0.9975727
862702,0.031336956
862703,0.966933
862704,0.024290843
862705,0.9283015
862706,0.99195653
862707,0.9887717
862708,0.19607341
862709,0.87842333
862710,0.0111639965
862711,0.0049538575
862712,0.01573731
862713,0.055524122
862714,0.004453522
862715,0.07033486
862716,0.030425608
862717,0.9983325
862718,0.0630038
862719,0.9698366
862720,0.008295262
862721,0.0359492
862722,0.0060675256
862723,0.95623493
862724,0.9535878
862725,0.9406405
862726,0.027071873
862727,0.72029656
862728,0.9976712
862729,0.12816064
862730,0.98161536
862731,0.8553028
862732,0.93581027
862733,0.87095743
862734,0.98938644
862735,0.026300889
862736,0.96094716
862737,0.20833933
862738,0.3088326
862739,0.0190388
862740,0.70200425
862741,0.6710277
862742,0.8162564
862743,0.054198027
862744,0.9868523
862745,0.35828882
862746,0.44269592
862747,0.84330004
862748,0.99745744
862749,0.98583674
862750,0.054440875
862751,0.9682123
862752,0.7470969
862753,0.088709794
862754,0.87721324
862755,0.38417736
862756,0.111527205
862757,0.039571878
862758,0.08935471
862759,0.011948684
862760,0.25762388
862761,0.1544598
862762,0.060908273
862763,0.99242437
862764,0.09960757
862765,0.0015906147
862766,0.6806464
862767,0.06669604
862768,0.03118686
862769,0.9730838
862770,0.025049329
862771,0.076112494
862772,0.030856883
862773,0.9910209
862774,0.30168676
862775,0.07391707
862776,0.021337677
862777,0.9311874
862778,0.9536034
862779,0.9615391
862780,0.9639465
862781,0.086309634
862782,0.8888976
862783,0.5753134
862784,0.66104627
862785,0.01680053
862786,0.26105046
862787,0.021699592
862788,0.97841537
862789,0.97525257
862790,0.98653144
862791,0.8124082
862792,0.17757908
862793,0.9938537
862794,0.7857237
862795,0.058888413
862796,0.3480256
862797,0.075019374
862798,0.030902864
862799,0.06781323
862800,0.007641726
862801,0.35599795
862802,0.05600566
862803,0.0041736476
862804,0.18835361
862805,0.022402909
862806,0.8089196
862807,0.98742545
862808,0.19434315
862809,0.78092796
862810,0.96563154
862811,0.9730634
862812,0.06035761
862813,0.97177637
862814,0.078117244
862815,0.025521437
862816,0.022952784
862817,0.96571743
862818,0.009327
862819,0.0056624175
862820,0.9565803
862821,0.01840584
862822,0.06942052
862823,0.8473867
862824,0.006553934
862825,0.9903792
862826,0.98326147
862827,0.03977243
862828,0.31519783
862829,0.6938581
862830,0.94652104
862831,0.9568024
862832,0.011991726
862833,0.72915196
862834,0.02309399
862835,0.010251751
862836,0.0937618
862837,0.015040514
862838,0.18188658
862839,0.99629605
862840,0.0051277466
862841,0.8226199
862842,0.16945912
862843,0.99590135
862844,0.027390841
862845,0.035582088
862846,0.012461404
862847,0.08922018
862848,0.047976248
862849,0.21383758
862850,0.892697
862851,0.11372133
862852,0.002250332
862853,0.04040816
862854,0.8987803
862855,0.059599735
862856,0.1415211
862857,0.027360631
862858,0.85995156
862859,0.978945
862860,0.98912716
862861,0.99652666
862862,0.23245633
862863,0.99134773
862864,0.010636214
862865,0.088302344
862866,0.9849603
862867,0.16623732
862868,0.3020288
862869,0.06542974
862870,0.023575671
862871,0.95778096
862872,0.29932243
862873,0.34080315
862874,0.89977694
862875,0.6550218
862876,0.99165225
862877,0.020508083
862878,0.007864822
862879,0.83254385
862880,0.46040165
862881,0.010760927
862882,0.004634741
862883,0.006080221
862884,0.086838424
862885,0.23795058
862886,0.6064495
862887,0.03067554
862888,0.7381363
862889,0.9986788
862890,0.046702564
862891,0.11832492
862892,0.049290523
862893,0.938105
862894,0.9921613
862895,0.70640624
862896,0.009284175
862897,0.004326775
862898,0.8792243
862899,0.9844943
862900,0.99008554
862901,0.039682135
862902,0.014749705
862903,0.20769288
862904,0.059130073
862905,0.9267671
862906,0.98574185
862907,0.68470675
862908,0.008241795
862909,0.049020074
862910,0.58780956
862911,0.8509807
862912,0.48213032
862913,0.95820326
862914,0.23819867
862915,0.7868547
862916,0.07810258
862917,0.9754414
862918,0.037290595
862919,0.010831764
862920,0.0077911806
862921,0.032979976
862922,0.94620353
862923,0.9802151
862924,0.82668805
862925,0.124137655
862926,0.9289537
862927,0.009383634
862928,0.51742554
862929,0.02852117
862930,0.123593435
862931,0.043661486
862932,0.18404076
862933,0.013467833
862934,0.9823036
862935,0.15074082
862936,0.99859077
862937,0.021609899
862938,0.3638456
862939,0.013465658
862940,0.04043509
862941,0.49413985
862942,0.06380122
862943,0.07848987
862944,0.0057694446
862945,0.1192177
862946,0.9876386
862947,0.9738661
862948,0.059545875
862949,0.98696715
862950,0.033039615
862951,0.0053320825
862952,0.41530177
862953,0.39832526
862954,0.4135601
862955,0.79140145
862956,0.8735613
862957,0.00584535
862958,0.5832612
862959,0.013143417
862960,0.020372003
862961,0.8686285
862962,0.035882253
862963,0.19925532
862964,0.00693048
862965,0.0034051826
862966,0.9585569
862967,0.7145831
862968,0.0029498888
862969,0.95510095
862970,0.0072093895
862971,0.75636303
862972,0.94261974
862973,0.9974101
862974,0.034868598
862975,0.24514364
862976,0.0116066765
862977,0.9457119
862978,0.8333634
862979,0.9344511
862980,0.9977088
862981,0.17129228
862982,0.89650816
862983,0.99756956
862984,0.9617301
862985,0.018208321
862986,0.13584805
862987,0.016658066
862988,0.90933007
862989,0.040553294
862990,0.85856676
862991,0.18447416
862992,0.62308216
862993,0.014907682
862994,0.011129538
862995,0.063036904
862996,0.26344562
862997,0.65911496
862998,0.41015172
862999,0.15923482
863000,0.98181546
863001,0.9785722
863002,0.9886301
863003,0.7979953
863004,0.8653281
863005,0.094955884
863006,0.12522867
863007,0.9955411
863008,0.36533454
863009,0.9805909
863010,0.021148238
863011,0.0055398596
863012,0.08583493
863013,0.13551284
863014,0.73936915
863015,0.09053693
863016,0.9351298
863017,0.1901399
863018,0.9624629
863019,0.06948804
863020,0.100289024
863021,0.98887724
863022,0.9390526
863023,0.14645492
863024,0.9994931
863025,0.6837246
863026,0.20641369
863027,0.90813637
863028,0.026909197
863029,0.22750138
863030,0.740731
863031,0.658304
863032,0.0123969745
863033,0.8855311
863034,0.95951325
863035,0.98475647
863036,0.29584402
863037,0.024326317
863038,0.13052554
863039,0.03229943
863040,0.5364397
863041,0.19665952
863042,0.267667
863043,0.053701088
863044,0.9205215
863045,0.99304456
863046,0.0032017543
863047,0.013623113
863048,0.9789568
863049,0.093938135
863050,0.83940554
863051,0.5838188
863052,0.992949
863053,0.56287926
863054,0.063955516
863055,0.0064581423
863056,0.89061236
863057,0.95286345
863058,0.13813254
863059,0.0129094785
863060,0.33649218
863061,0.99675715
863062,0.2519717
863063,0.982885
863064,0.07959254
863065,0.98825866
863066,0.029901769
863067,0.9770012
863068,0.9907719
863069,0.21677098
863070,0.8916036
863071,0.6441207
863072,0.04590114
863073,0.12014943
863074,0.90286446
863075,0.05729082
863076,0.97617984
863077,0.99616313
863078,0.96155715
863079,0.4317014
863080,0.3710415
863081,0.9931411
863082,0.9753291
863083,0.13617365
863084,0.043370698
863085,0.91946054
863086,0.3174104
863087,0.9717219
863088,0.1025268
863089,0.16200711
863090,0.81777483
863091,0.8424607
863092,0.18603829
863093,0.020203294
863094,0.9799787
863095,0.88585734
863096,0.02295675
863097,0.049271986
863098,0.008633111
863099,0.0037536034
863100,0.0053042537
863101,0.01656115
863102,0.0037227448
863103,0.0036190802
863104,0.0056563998
863105,0.002347758
863106,0.0075230873
863107,0.0011904235
863108,0.6484384
863109,0.027673725
863110,0.038562182
863111,0.01070409
863112,0.31509134
863113,0.61293924
863114,0.9931172
863115,0.060425192
863116,0.84451044
863117,0.08592084
863118,0.22946462
863119,0.95741194
863120,0.7907162
863121,0.87655497
863122,0.03336789
863123,0.00984432
863124,0.9276382
863125,0.56657153
863126,0.027880508
863127,0.11248182
863128,0.42095956
863129,0.75931513
863130,0.020147346
863131,0.02520666
863132,0.5214932
863133,0.009307227
863134,0.91370475
863135,0.047256015
863136,0.008306929
863137,0.21097799
863138,0.7658366
863139,0.0057730624
863140,0.998445
863141,0.0053286133
863142,0.9806024
863143,0.99223256
863144,0.9871439
863145,0.9717511
863146,0.038747404
863147,0.37814158
863148,0.014881475
863149,0.84324336
863150,0.028632212
863151,0.7401148
863152,0.09197647
863153,0.0114792595
863154,0.036820754
863155,0.33606267
863156,0.016820516
863157,0.0547073
863158,0.037871778
863159,0.4478072
863160,0.9971927
863161,0.014760634
863162,0.021284934
863163,0.11716805
863164,0.9911212
863165,0.005220963
863166,0.0053482745
863167,0.056994844
863168,0.94777703
863169,0.010615095
863170,0.5159644
863171,0.9987974
863172,0.10177078
863173,0.8382611
863174,0.40325266
863175,0.68930167
863176,0.9475297
863177,0.15883502
863178,0.311071
863179,0.0051379194
863180,0.016819695
863181,0.9839801
863182,0.002485264
863183,0.049793568
863184,0.5644475
863185,0.94205636
863186,0.23774499
863187,0.8929745
863188,0.8841955
863189,0.009702263
863190,0.017663976
863191,0.9402355
863192,0.027963687
863193,0.03048627
863194,0.050406277
863195,0.9651466
863196,0.9932576
863197,0.06759411
863198,0.058267828
863199,0.99293643
863200,0.041931834
863201,0.009829139
863202,0.986393
863203,0.99356174
863204,0.4749449
863205,0.9890279
863206,0.016016502
863207,0.013645993
863208,0.9790535
863209,0.016217377
863210,0.0006458532
863211,0.99815255
863212,0.6438268
863213,0.9320508
863214,0.9954651
863215,0.96283025
863216,0.03964097
863217,0.01303893
863218,0.7714095
863219,0.2883477
863220,0.9506773
863221,0.011619953
863222,0.5974246
863223,0.7852719
863224,0.93751436
863225,0.54173565
863226,0.045670487
863227,0.14578083
863228,0.99566513
863229,0.0057388423
863230,0.92663693
863231,0.03745812
863232,0.031413186
863233,0.31280407
863234,0.093274936
863235,0.9600917
863236,0.98090255
863237,0.05339083
863238,0.03288048
863239,0.028796894
863240,0.017809588
863241,0.30264288
863242,0.055493455
863243,0.8550104
863244,0.9606795
863245,0.43196043
863246,0.9886284
863247,0.6484145
863248,0.7939163
863249,0.04140954
863250,0.2420417
863251,0.97953933
863252,0.021170983
863253,0.013273694
863254,0.009739444
863255,0.0523915
863256,0.9961114
863257,0.928736
863258,0.992213
863259,0.01380808
863260,0.015118418
863261,0.0101414
863262,0.42897856
863263,0.9924408
863264,0.012346005
863265,0.025637709
863266,0.999671
863267,0.008637215
863268,0.29221913
863269,0.028305016
863270,0.05349947
863271,0.10254556
863272,0.82010853
863273,0.0049959924
863274,0.039001457
863275,0.055811994
863276,0.033109963
863277,0.01796203
863278,0.38935903
863279,0.8254961
863280,0.3496124
863281,0.89189434
863282,0.014234735
863283,0.0030201676
863284,0.014059657
863285,0.0919445
863286,0.007627007
863287,0.011673256
863288,0.014183523
863289,0.34925207
863290,0.83904797
863291,0.014177888
863292,0.025346488
863293,0.006673333
863294,0.7273665
863295,0.3307231
863296,0.09359379
863297,0.013964841
863298,0.38367274
863299,0.11942512
863300,0.91028357
863301,0.94745195
863302,0.053342886
863303,0.9947208
863304,0.8409102
863305,0.20769289
863306,0.019463772
863307,0.053572867
863308,0.037729584
863309,0.98869264
863310,0.99953854
863311,0.119576804
863312,0.07239743
863313,0.0045674164
863314,0.9927978
863315,0.9535635
863316,0.9904394
863317,0.9421617
863318,0.12302561
863319,0.99531376
863320,0.036212016
863321,0.14584741
863322,0.6899377
863323,0.12106471
863324,0.88648653
863325,0.23611529
863326,0.96923196
863327,0.008210915
863328,0.9935304
863329,0.9975481
863330,0.9984536
863331,0.7234144
863332,0.1066702
863333,0.8268235
863334,0.4909042
863335,0.9278273
863336,0.5852177
863337,0.9992799
863338,0.022754243
863339,0.007981833
863340,0.15755454
863341,0.1715133
863342,0.043967072
863343,0.013787523
863344,0.98915786
863345,0.59191597
863346,0.8076892
863347,0.04082673
863348,0.97937435
863349,0.88912874
863350,0.32069218
863351,0.26697218
863352,0.9959229
863353,0.9548362
863354,0.96936893
863355,0.9913281
863356,0.1587998
863357,0.07123568
863358,0.1246177
863359,0.5878364
863360,0.0695183
863361,0.06767164
863362,0.97202307
863363,0.022119438
863364,0.0495298
863365,0.0025088019
863366,0.0241248
863367,0.86474997
863368,0.015127411
863369,0.03720617
863370,0.015761022
863371,0.03877685
863372,0.108421214
863373,0.06582102
863374,0.99883604
863375,0.017978063
863376,0.76137763
863377,0.022725062
863378,0.9943818
863379,0.89153814
863380,0.28836268
863381,0.08009121
863382,0.046371937
863383,0.7223988
863384,0.010025739
863385,0.8982756
863386,0.07555613
863387,0.37667888
863388,0.2688073
863389,0.06916207
863390,0.82947695
863391,0.010452297
863392,0.09488929
863393,0.26239488
863394,0.9850468
863395,0.017041596
863396,0.4796881
863397,0.031715963
863398,0.9285396
863399,0.07668023
863400,0.9921973
863401,0.7873271
863402,0.13919859
863403,0.9920272
863404,0.56148
863405,0.943076
863406,0.5222838
863407,0.047429703
863408,0.28801435
863409,0.008250202
863410,0.75191677
863411,0.9882658
863412,0.072325684
863413,0.1297348
863414,0.9992151
863415,0.11350308
863416,0.09263722
863417,0.07672455
863418,0.8396927
863419,0.12552786
863420,0.034656975
863421,0.037037253
863422,0.93840736
863423,0.1494506
863424,0.57057494
863425,0.82792604
863426,0.95868
863427,0.45567548
863428,0.9854879
863429,0.99587727
863430,0.91673833
863431,0.9866812
863432,0.6396872
863433,0.6824751
863434,0.927832
863435,0.9452379
863436,0.11203511
863437,0.313075
863438,0.012841728
863439,0.018796448
863440,0.97906977
863441,0.9682156
863442,0.9805552
863443,0.37848938
863444,0.8970679
863445,0.97161895
863446,0.998458
863447,0.02091555
863448,0.89817053
863449,0.005491087
863450,0.0078848675
863451,0.9979923
863452,0.8504535
863453,0.010145744
863454,0.1000417
863455,0.99566174
863456,0.80091107
863457,0.98410875
863458,0.9952825
863459,0.18342286
863460,0.9769294
863461,0.0074474774
863462,0.4250313
863463,0.055091295
863464,0.018454362
863465,0.06894231
863466,0.09118615
863467,0.14390221
863468,0.7131694
863469,0.016061751
863470,0.99726474
863471,0.013886623
863472,0.22288609
863473,0.8789389
863474,0.7835888
863475,0.9547714
863476,0.98888683
863477,0.74147105
863478,0.09371233
863479,0.030513396
863480,0.021192923
863481,0.05007133
863482,0.20208396
863483,0.016949207
863484,0.3126264
863485,0.012024575
863486,0.96163154
863487,0.86222196
863488,0.17785305
863489,0.39298818
863490,0.83614796
863491,0.9526986
863492,0.41427794
863493,0.68009007
863494,0.9138297
863495,0.99348634
863496,0.05797645
863497,0.04706364
863498,0.9951167
863499,0.99847746
863500,0.89154243
863501,0.99296206
863502,0.005165806
863503,0.18816608
863504,0.021165801
863505,0.52686703
863506,0.99760425
863507,0.0038509245
863508,0.9663395
863509,0.13202038
863510,0.05912183
863511,0.6381048
863512,0.06771631
863513,0.0076095825
863514,0.18833762
863515,0.009558931
863516,0.030398853
863517,0.065145634
863518,0.018889861
863519,0.31054515
863520,0.5984781
863521,0.15056358
863522,0.2821857
863523,0.1888891
863524,0.98395723
863525,0.26556587
863526,0.99129885
863527,0.10077762
863528,0.11108677
863529,0.045053676
863530,0.0069193533
863531,0.52673936
863532,0.29199895
863533,0.7666059
863534,0.12975629
863535,0.006173854
863536,0.99738455
863537,0.0030687004
863538,0.7130046
863539,0.025541857
863540,0.12790814
863541,0.8927462
863542,0.9548901
863543,0.9317497
863544,0.047546025
863545,0.97224784
863546,0.015394491
863547,0.9438713
863548,0.0768006
863549,0.020198362
863550,0.29954568
863551,0.9670534
863552,0.8984059
863553,0.008720317
863554,0.25846115
863555,0.094389476
863556,0.07530454
863557,0.89083767
863558,0.73616683
863559,0.5192089
863560,0.0021131744
863561,0.5334853
863562,0.039157238
863563,0.9961075
863564,0.05517645
863565,0.993727
863566,0.046270974
863567,0.04043754
863568,0.13242963
863569,0.57556117
863570,0.6062019
863571,0.9885581
863572,0.98793626
863573,0.04207462
863574,0.39917958
863575,0.3406963
863576,0.9978606
863577,0.12166581
863578,0.5399061
863579,0.9727701
863580,0.8770557
863581,0.017985074
863582,0.9058691
863583,0.990896
863584,0.92828643
863585,0.859251
863586,0.11012409
863587,0.74536145
863588,0.051377613
863589,0.12715563
863590,0.03985643
863591,0.98666716
863592,0.98653346
863593,0.96815324
863594,0.0089554265
863595,0.020540815
863596,0.07372161
863597,0.6820624
863598,0.6897033
863599,0.0685763
863600,0.9906946
863601,0.015416542
863602,0.009358888
863603,0.98780775
863604,0.850009
863605,0.89987963
863606,0.94876456
863607,0.033311985
863608,0.00987009
863609,0.69138384
863610,0.08019346
863611,0.99706423
863612,0.051820945
863613,0.43829927
863614,0.004915479
863615,0.6847749
863616,0.57499933
863617,0.6971361
863618,0.9405686
863619,0.028170386
863620,0.023667485
863621,0.074475095
863622,0.45128292
863623,0.009740514
863624,0.052249685
863625,0.94068813
863626,0.9935333
863627,0.17314254
863628,0.9491149
863629,0.009605086
863630,0.27801862
863631,0.030257722
863632,0.04176254
863633,0.1856417
863634,0.17821454
863635,0.34017444
863636,0.9177203
863637,0.17480916
863638,0.9767455
863639,0.94262964
863640,0.010836055
863641,0.28961727
863642,0.4508015
863643,0.9887772
863644,0.024543993
863645,0.98756194
863646,0.10855199
863647,0.9903929
863648,0.9972586
863649,0.980375
863650,0.913424
863651,0.31620625
863652,0.020436695
863653,0.90281546
863654,0.9849379
863655,0.03527434
863656,0.81468415
863657,0.05887932
863658,0.91623914
863659,0.31378585
863660,0.074692674
863661,0.35475528
863662,0.0024931966
863663,0.21841177
863664,0.9901029
863665,0.97927964
863666,0.65984267
863667,0.8832167
863668,0.95955867
863669,0.81680095
863670,0.02277671
863671,0.27364746
863672,0.15310545
863673,0.99097663
863674,0.028306644
863675,0.05852761
863676,0.14370617
863677,0.7683338
863678,0.021033952
863679,0.016777067
863680,0.018502655
863681,0.09847274
863682,0.87132525
863683,0.9979798
863684,0.9370822
863685,0.009176496
863686,0.007455492
863687,0.9912312
863688,0.4188881
863689,0.07634028
863690,0.0792896
863691,0.8877342
863692,0.006256033
863693,0.37181434
863694,0.24101482
863695,0.028594114
863696,0.6129031
863697,0.23791006
863698,0.94853246
863699,0.9627612
863700,0.8356123
863701,0.11867365
863702,0.38560003
863703,0.7492587
863704,0.3321994
863705,0.96869135
863706,0.97154486
863707,0.8098768
863708,0.18319643
863709,0.73270476
863710,0.012484815
863711,0.39224902
863712,0.99382937
863713,0.008116718
863714,0.018631019
863715,0.64690304
863716,0.12767531
863717,0.030837014
863718,0.123056404
863719,0.6913876
863720,0.99013555
863721,0.18660018
863722,0.95037264
863723,0.15847328
863724,0.9206385
863725,0.13353714
863726,0.9770686
863727,0.026621
863728,0.92559934
863729,0.33502078
863730,0.87585753
863731,0.9916518
863732,0.52451664
863733,0.038339317
863734,0.3752305
863735,0.02468773
863736,0.12659296
863737,0.85515714
863738,0.9337667
863739,0.0024215104
863740,0.019914616
863741,0.0069821365
863742,0.025201308
863743,0.059010405
863744,0.9599649
863745,0.8669127
863746,0.070797354
863747,0.012220762
863748,0.056670047
863749,0.72123116
863750,0.060395744
863751,0.017412059
863752,0.99837875
863753,0.862961
863754,0.99748135
863755,0.8074691
863756,0.9893456
863757,0.01464675
863758,0.58886415
863759,0.9975685
863760,0.8948597
863761,0.99902856
863762,0.040898584
863763,0.0025365981
863764,0.9954712
863765,0.01362688
863766,0.9953637
863767,0.48520204
863768,0.82130474
863769,0.2691571
863770,0.98904103
863771,0.0068749646
863772,0.8797345
863773,0.0103129335
863774,0.009062323
863775,0.6403568
863776,0.029552499
863777,0.9700124
863778,0.5566343
863779,0.31405076
863780,0.9958188
863781,0.113002986
863782,0.011395587
863783,0.035114925
863784,0.09216689
863785,0.9246226
863786,0.99654675
863787,0.9984224
863788,0.5881
863789,0.5195447
863790,0.22459869
863791,0.3208899
863792,0.7849714
863793,0.0036315294
863794,0.99812615
863795,0.006364681
863796,0.008310871
863797,0.30988482
863798,0.007786027
863799,0.018856138
863800,0.10645312
863801,0.9920371
863802,0.0020397508
863803,0.9776336
863804,0.29987004
863805,0.99632937
863806,0.8102174
863807,0.77548605
863808,0.23985794
863809,0.71139926
863810,0.93808424
863811,0.0295223
863812,0.05300969
863813,0.96024466
863814,0.9867747
863815,0.1498031
863816,0.49741668
863817,0.9802293
863818,0.8998643
863819,0.021473605
863820,0.7843379
863821,0.09742642
863822,0.27684036
863823,0.02051749
863824,0.02290001
863825,0.13819346
863826,0.6742953
863827,0.012449616
863828,0.9551908
863829,0.9892172
863830,0.99224174
863831,0.053583484
863832,0.053611092
863833,0.02574348
863834,0.99623346
863835,0.96819144
863836,0.92338735
863837,0.014347414
863838,0.028215237
863839,0.05964349
863840,0.92566687
863841,0.034358613
863842,0.99792725
863843,0.44907385
863844,0.011626897
863845,0.039865702
863846,0.224098
863847,0.02216243
863848,0.9807255
863849,0.9234372
863850,0.2855444
863851,0.7630929
863852,0.01416817
863853,0.02136466
863854,0.025628941
863855,0.8029176
863856,0.46540946
863857,0.46283472
863858,0.95678675
863859,0.12881882
863860,0.914617
863861,0.061223377
863862,0.42043382
863863,0.6215705
863864,0.630857
863865,0.074411295
863866,0.9660726
863867,0.013843888
863868,0.9913955
863869,0.057474736
863870,0.74450105
863871,0.05460982
863872,0.86692804
863873,0.9979928
863874,0.013061739
863875,0.090655714
863876,0.94700927
863877,0.97975385
863878,0.9967933
863879,0.012199791
863880,0.54719245
863881,0.14099541
863882,0.014088651
863883,0.9093215
863884,0.36668772
863885,0.77532
863886,0.06398949
863887,0.1272776
863888,0.014966884
863889,0.028805012
863890,0.92815715
863891,0.7873614
863892,0.05895463
863893,0.84241915
863894,0.93248314
863895,0.32990664
863896,0.6664665
863897,0.27962238
863898,0.04259447
863899,0.9343171
863900,0.795247
863901,0.6610641
863902,0.032851383
863903,0.9821807
863904,0.9943434
863905,0.9967412
863906,0.045260448
863907,0.97823423
863908,0.51225525
863909,0.010413758
863910,0.041374896
863911,0.27072683
863912,0.94624996
863913,0.98949516
863914,0.026018742
863915,0.010142559
863916,0.54599094
863917,0.7175613
863918,0.012165676
863919,0.8623274
863920,0.049061958
863921,0.9534905
863922,0.008989984
863923,0.67735726
863924,0.9809555
863925,0.8761413
863926,0.15690908
863927,0.83804375
863928,0.8170172
863929,0.13723154
863930,0.9774785
863931,0.16686559
863932,0.9904917
863933,0.24296135
863934,0.011529792
863935,0.9623945
863936,0.9782026
863937,0.99043405
863938,0.014376061
863939,0.35460868
863940,0.279032
863941,0.017287403
863942,0.01707645
863943,0.94361097
863944,0.0076785446
863945,0.67124367
863946,0.96115124
863947,0.0537583
863948,0.9783189
863949,0.08378479
863950,0.9803942
863951,0.91878426
863952,0.9945623
863953,0.97448915
863954,0.1271113
863955,0.092922986
863956,0.9981125
863957,0.83737826
863958,0.066539526
863959,0.059926327
863960,0.674821
863961,0.80826384
863962,0.13395707
863963,0.22737992
863964,0.007998234
863965,0.9113729
863966,0.4981231
863967,0.014072808
863968,0.03645383
863969,0.58434606
863970,0.01097808
863971,0.995266
863972,0.5237887
863973,0.0145299155
863974,0.039788425
863975,0.9282253
863976,0.057171263
863977,0.96453345
863978,0.014639329
863979,0.9968538
863980,0.26955622
863981,0.884185
863982,0.9208493
863983,0.76726574
863984,0.120062724
863985,0.986416
863986,0.582538
863987,0.9392523
863988,0.020356223
863989,0.59064454
863990,0.992778
863991,0.04132373
863992,0.008600479
863993,0.9920917
863994,0.02081468
863995,0.122635856
863996,0.93569064
863997,0.017400643
863998,0.009853406
863999,0.744339
864000,0.03944294
864001,0.045525428
864002,0.9940835
864003,0.99835086
864004,0.33072183
864005,0.9857015
864006,0.95105565
864007,0.36136943
864008,0.65295136
864009,0.98920375
864010,0.99717563
864011,0.063023135
864012,0.024346093
864013,0.018259132
864014,0.01896685
864015,0.984997
864016,0.9774004
864017,0.019258713
864018,0.989411
864019,0.93389136
864020,0.8487601
864021,0.24661805
864022,0.023280054
864023,0.2525744
864024,0.89496005
864025,0.98165846
864026,0.995794
864027,0.2992849
864028,0.22744402
864029,0.0037999065
864030,0.8723848
864031,0.07610736
864032,0.058026016
864033,0.23232614
864034,0.8121082
864035,0.49500063
864036,0.10841444
864037,0.96341383
864038,0.010615844
864039,0.01688446
864040,0.008005606
864041,0.54738605
864042,0.807814
864043,0.98891383
864044,0.943432
864045,0.0014686687
864046,0.9973572
864047,0.93216825
864048,0.28676462
864049,0.0046709096
864050,0.10525124
864051,0.47869256
864052,0.7886022
864053,0.7158859
864054,0.9938062
864055,0.99049264
864056,0.029727787
864057,0.93397576
864058,0.5763234
864059,0.9879662
864060,0.27858508
864061,0.0026050971
864062,0.9948573
864063,0.026690563
864064,0.9868617
864065,0.43187487
864066,0.10013758
864067,0.99835813
864068,0.15059085
864069,0.91967237
864070,0.006240783
864071,0.006805063
864072,0.0022139777
864073,0.9880873
864074,0.014865109
864075,0.6515187
864076,0.82820946
864077,0.8930496
864078,0.009611813
864079,0.9717566
864080,0.99646795
864081,0.005178907
864082,0.9558628
864083,0.44252238
864084,0.9303657
864085,0.72485006
864086,0.09471407
864087,0.032008305
864088,0.20449182
864089,0.95557845
864090,0.004943346
864091,0.39595705
864092,0.020398775
864093,0.092599235
864094,0.27430177
864095,0.0034210905
864096,0.020277414
864097,0.8151917
864098,0.0058436873
864099,0.2524811
864100,0.09255302
864101,0.8666963
864102,0.94021356
864103,0.9954015
864104,0.9341525
864105,0.95334315
864106,0.9204977
864107,0.08710426
864108,0.0018007301
864109,0.9952297
864110,0.014324209
864111,0.13171966
864112,0.9956445
864113,0.79676765
864114,0.9870396
864115,0.014182322
864116,0.039983086
864117,0.02556432
864118,0.081004076
864119,0.87975186
864120,0.9984229
864121,0.096843004
864122,0.97233635
864123,0.90342736
864124,0.10750817
864125,0.98210704
864126,0.0107154
864127,0.25349864
864128,0.8926875
864129,0.0641276
864130,0.02498745
864131,0.18025242
864132,0.985721
864133,0.95898676
864134,0.015835997
864135,0.99690706
864136,0.1245606
864137,0.034313586
864138,0.036964167
864139,0.25876045
864140,0.051177345
864141,0.0063024173
864142,0.97004735
864143,0.0026338117
864144,0.9092478
864145,0.7907925
864146,0.986617
864147,0.89649725
864148,0.9849688
864149,0.05322139
864150,0.13002545
864151,0.92432433
864152,0.03491597
864153,0.06813891
864154,0.004809254
864155,0.034303915
864156,0.5972319
864157,0.9666608
864158,0.5897552
864159,0.0855674
864160,0.9772804
864161,0.43046796
864162,0.11848076
864163,0.0019994876
864164,0.17658265
864165,0.022820227
864166,0.9648236
864167,0.3664238
864168,0.036013756
864169,0.9738505
864170,0.18357912
864171,0.7482721
864172,0.98922116
864173,0.013770467
864174,0.005586424
864175,0.9725786
864176,0.28766575
864177,0.8158636
864178,0.8976098
864179,0.047972146
864180,0.9972522
864181,0.70766526
864182,0.99374
864183,0.6293751
864184,0.027229404
864185,0.1675038
864186,0.016381472
864187,0.99396324
864188,0.008115984
864189,0.8620518
864190,0.95248497
864191,0.013868362
864192,0.013953928
864193,0.18719828
864194,0.24171409
864195,0.9193643
864196,0.06205546
864197,0.98308164
864198,0.6464336
864199,0.79056144
864200,0.9712144
864201,0.13485226
864202,0.8979073
864203,0.1996088
864204,0.82268584
864205,0.05448188
864206,0.011827373
864207,0.011918674
864208,0.5728985
864209,0.013593577
864210,0.9986418
864211,0.9318358
864212,0.8729987
864213,0.08257065
864214,0.041116025
864215,0.0234036
864216,0.015157821
864217,0.055687316
864218,0.36513743
864219,0.7836102
864220,0.8201821
864221,0.9555334
864222,0.9757765
864223,0.96163994
864224,0.002138247
864225,0.90366596
864226,0.71818286
864227,0.018794192
864228,0.9547495
864229,0.428077
864230,0.77857006
864231,0.991663
864232,0.0144776795
864233,0.017760802
864234,0.05990689
864235,0.95813733
864236,0.89159024
864237,0.87635064
864238,0.71184695
864239,0.032170698
864240,0.009195039
864241,0.029782446
864242,0.7289836
864243,0.98802066
864244,0.86979437
864245,0.23323837
864246,0.9229827
864247,0.042614453
864248,0.99909663
864249,0.5176582
864250,0.90142876
864251,0.96421635
864252,0.8841646
864253,0.81293195
864254,0.99869776
864255,0.045169458
864256,0.025780324
864257,0.053609848
864258,0.9719837
864259,0.8659819
864260,0.4213063
864261,0.08101323
864262,0.686783
864263,0.006409427
864264,0.70112354
864265,0.31140515
864266,0.0025787284
864267,0.011105093
864268,0.2302036
864269,0.90497875
864270,0.981274
864271,0.36900523
864272,0.01883458
864273,0.022419943
864274,0.9795832
864275,0.09185681
864276,0.9717527
864277,0.02320569
864278,0.9977802
864279,0.0139513
864280,0.016695753
864281,0.99874294
864282,0.96392465
864283,0.05071662
864284,0.94367635
864285,0.99855363
864286,0.87385
864287,0.20417573
864288,0.100356236
864289,0.9815652
864290,0.99874556
864291,0.06366152
864292,0.0033831405
864293,0.27390182
864294,0.113958396
864295,0.10233413
864296,0.08726544
864297,0.025298957
864298,0.058605038
864299,0.029885173
864300,0.06130104
864301,0.9980492
864302,0.17585355
864303,0.098435946
864304,0.1890832
864305,0.9622739
864306,0.98413193
864307,0.020926416
864308,0.94780594
864309,0.7309929
864310,0.9673538
864311,0.051133767
864312,0.9298926
864313,0.037916593
864314,0.029929932
864315,0.9853698
864316,0.09220607
864317,0.116711564
864318,0.04502468
864319,0.9293773
864320,0.006666909
864321,0.9938754
864322,0.83927417
864323,0.84694225
864324,0.031181527
864325,0.052222006
864326,0.04214008
864327,0.018940704
864328,0.90850186
864329,0.102773726
864330,0.09904185
864331,0.11433972
864332,0.065904185
864333,0.014230052
864334,0.03694396
864335,0.9401018
864336,0.99441165
864337,0.99374956
864338,0.9929887
864339,0.07454505
864340,0.1916002
864341,0.17810111
864342,0.018334588
864343,0.11939449
864344,0.96379274
864345,0.3466733
864346,0.93435156
864347,0.02275498
864348,0.31967172
864349,0.056060135
864350,0.9930661
864351,0.26182678
864352,0.003740016
864353,0.19329429
864354,0.5405558
864355,0.8290721
864356,0.32325268
864357,0.9849319
864358,0.98334986
864359,0.01916074
864360,0.73086727
864361,0.9652113
864362,0.86100805
864363,0.034994777
864364,0.030853603
864365,0.9918317
864366,0.002937037
864367,0.04680135
864368,0.2257551
864369,0.12287775
864370,0.9824133
864371,0.028444061
864372,0.6693435
864373,0.008931564
864374,0.08882737
864375,0.16540289
864376,0.9665727
864377,0.99565256
864378,0.003920393
864379,0.43443114
864380,0.810111
864381,0.9833482
864382,0.098698646
864383,0.09427005
864384,0.17296559
864385,0.06843978
864386,0.40559524
864387,0.9870034
864388,0.07423824
864389,0.7373478
864390,0.10513289
864391,0.037967056
864392,0.025274394
864393,0.7596527
864394,0.015075819
864395,0.6383756
864396,0.996813
864397,0.6965022
864398,0.061090708
864399,0.9743061
864400,0.5666251
864401,0.110433854
864402,0.98338026
864403,0.025946459
864404,0.8963488
864405,0.017565852
864406,0.82987106
864407,0.9860183
864408,0.10259431
864409,0.5688117
864410,0.019722467
864411,0.8572856
864412,0.975046
864413,0.013121061
864414,0.06615093
864415,0.99604666
864416,0.012092308
864417,0.0037956997
864418,0.54879606
864419,0.8511778
864420,0.97235066
864421,0.008090433
864422,0.29524252
864423,0.06929154
864424,0.99094176
864425,0.8144137
864426,0.9438838
864427,0.87439454
864428,0.19754528
864429,0.04852023
864430,0.88360566
864431,0.02989475
864432,0.020324333
864433,0.99010116
864434,0.57684237
864435,0.021032587
864436,0.93049186
864437,0.10474245
864438,0.07861385
864439,0.057901017
864440,0.97985643
864441,0.004469002
864442,0.9949716
864443,0.5509301
864444,0.8632046
864445,0.8336559
864446,0.07868031
864447,0.7842463
864448,0.96013737
864449,0.022234378
864450,0.9806005
864451,0.9821303
864452,0.9871269
864453,0.99724984
864454,0.05777768
864455,0.9375325
864456,0.79384947
864457,0.99874365
864458,0.18133244
864459,0.9565246
864460,0.8885313
864461,0.998755
864462,0.993065
864463,0.8622383
864464,0.9933909
864465,0.9596865
864466,0.7666965
864467,0.7690326
864468,0.017085083
864469,0.97461116
864470,0.23909977
864471,0.9462739
864472,0.9974916
864473,0.015807956
864474,0.90456545
864475,0.0357903
864476,0.16814315
864477,0.83341694
864478,0.8822963
864479,0.18404528
864480,0.012959471
864481,0.026941868
864482,0.0038005006
864483,0.99292797
864484,0.061390508
864485,0.0924409
864486,0.8297308
864487,0.055795632
864488,0.5281906
864489,0.009445712
864490,0.15608495
864491,0.016590916
864492,0.501861
864493,0.0014651577
864494,0.88034004
864495,0.06608225
864496,0.96550596
864497,0.6925682
864498,0.32654643
864499,0.9208792
864500,0.04978678
864501,0.99233186
864502,0.5507541
864503,0.0060888287
864504,0.96374255
864505,0.054739315
864506,0.34231815
864507,0.0644513
864508,0.0052696844
864509,0.012660056
864510,0.27810687
864511,0.98618066
864512,0.020434726
864513,0.06076938
864514,0.5063023
864515,0.99567145
864516,0.9491811
864517,0.009633438
864518,0.0056498204
864519,0.010136826
864520,0.03665089
864521,0.94917935
864522,0.009588237
864523,0.97795475
864524,0.08698272
864525,0.46898922
864526,0.8205322
864527,0.18658572
864528,0.25201303
864529,0.030112034
864530,0.99120176
864531,0.01946916
864532,0.9583746
864533,0.1554062
864534,0.99865943
864535,0.9984414
864536,0.009319852
864537,0.10605841
864538,0.9848354
864539,0.891472
864540,0.03732789
864541,0.010742182
864542,0.020813573
864543,0.022653509
864544,0.00424081
864545,0.07341391
864546,0.09732073
864547,0.9393184
864548,0.015739247
864549,0.9728053
864550,0.61144435
864551,0.83212703
864552,0.12703347
864553,0.11303583
864554,0.68677104
864555,0.21178377
864556,0.07951312
864557,0.944284
864558,0.009404264
864559,0.9954773
864560,0.0023216726
864561,0.5324654
864562,0.8578834
864563,0.29741547
864564,0.72202337
864565,0.70259094
864566,0.9205253
864567,0.03681454
864568,0.9182036
864569,0.84932774
864570,0.8412657
864571,0.15088849
864572,0.06074515
864573,0.055936627
864574,0.32967252
864575,0.9839575
864576,0.8403847
864577,0.0023947328
864578,0.6992685
864579,0.059157874
864580,0.07088977
864581,0.98684627
864582,0.92790985
864583,0.049355835
864584,0.6320316
864585,0.25907308
864586,0.97517693
864587,0.13010667
864588,0.99532795
864589,0.99170625
864590,0.8445164
864591,0.8570696
864592,0.0033930102
864593,0.02248955
864594,0.9953102
864595,0.014911966
864596,0.8091383
864597,0.9060039
864598,0.0391495
864599,0.9945421
864600,0.40859142
864601,0.97203827
864602,0.9984803
864603,0.009275843
864604,0.014046095
864605,0.37011376
864606,0.0047471803
864607,0.780414
864608,0.023332642
864609,0.9729811
864610,0.02939947
864611,0.21399073
864612,0.94378024
864613,0.33881676
864614,0.99638176
864615,0.71131307
864616,0.9868111
864617,0.9971857
864618,0.047003154
864619,0.0057413084
864620,0.004916325
864621,0.009077612
864622,0.95122457
864623,0.16113283
864624,0.011320457
864625,0.010872638
864626,0.007967306
864627,0.9466996
864628,0.046599135
864629,0.09572234
864630,0.007613953
864631,0.90718615
864632,0.08466579
864633,0.11648022
864634,0.1571977
864635,0.27479213
864636,0.6814186
864637,0.012621854
864638,0.24881877
864639,0.012062051
864640,0.105335906
864641,0.074176915
864642,0.0069514816
864643,0.492275
864644,0.947453
864645,0.013379991
864646,0.03747935
864647,0.44891998
864648,0.85310787
864649,0.1518204
864650,0.019010535
864651,0.095164105
864652,0.88275874
864653,0.8647918
864654,0.57099324
864655,0.105813175
864656,0.9935454
864657,0.9895272
864658,0.089599505
864659,0.03507048
864660,0.0064974776
864661,0.99538785
864662,0.020977713
864663,0.18855448
864664,0.29627147
864665,0.8672778
864666,0.98929524
864667,0.9951438
864668,0.9535612
864669,0.03378156
864670,0.0027792428
864671,0.97980464
864672,0.011912222
864673,0.0038702372
864674,0.12503658
864675,0.016914953
864676,0.9905797
864677,0.77823627
864678,0.8847048
864679,0.9980971
864680,0.9966655
864681,0.24045137
864682,0.99151254
864683,0.96590376
864684,0.98963165
864685,0.027193688
864686,0.05472885
864687,0.93935335
864688,0.075877056
864689,0.993971
864690,0.3859508
864691,0.02771636
864692,0.0018653541
864693,0.58099073
864694,0.8746453
864695,0.9952655
864696,0.3346083
864697,0.010038251
864698,0.27762505
864699,0.049848165
864700,0.012924724
864701,0.22358942
864702,0.023476537
864703,0.040234834
864704,0.99552405
864705,0.7872788
864706,0.051770333
864707,0.33506942
864708,0.9872648
864709,0.004825035
864710,0.915938
864711,0.9397254
864712,0.9621907
864713,0.7435286
864714,0.9925861
864715,0.20849457
864716,0.9889464
864717,0.0114097195
864718,0.028639562
864719,0.10135206
864720,0.9553988
864721,0.3841813
864722,0.038608313
864723,0.9857028
864724,0.99245584
864725,0.7171554
864726,0.076660745
864727,0.9978117
864728,0.5921907
864729,0.085134655
864730,0.010097557
864731,0.036515485
864732,0.9795185
864733,0.98295105
864734,0.8404417
864735,0.97532946
864736,0.024810236
864737,0.011290332
864738,0.99337924
864739,0.2396948
864740,0.975645
864741,0.0045999456
864742,0.995927
864743,0.9946555
864744,0.026955428
864745,0.04317952
864746,0.84426075
864747,0.07192284
864748,0.9903619
864749,0.020741597
864750,0.10250528
864751,0.009038188
864752,0.19635421
864753,0.39234546
864754,0.93919367
864755,0.69052655
864756,0.011918272
864757,0.058562126
864758,0.20327708
864759,0.016794816
864760,0.9740031
864761,0.023685545
864762,0.051316723
864763,0.54325056
864764,0.51035005
864765,0.031673536
864766,0.6595228
864767,0.97470725
864768,0.9661138
864769,0.62390774
864770,0.011502589
864771,0.95108736
864772,0.12201706
864773,0.012586978
864774,0.97389644
864775,0.9602357
864776,0.029163104
864777,0.009104685
864778,0.029995617
864779,0.9171423
864780,0.028494641
864781,0.6682437
864782,0.9293671
864783,0.17121683
864784,0.011592286
864785,0.03662189
864786,0.022567965
864787,0.979711
864788,0.9955731
864789,0.09798976
864790,0.28037527
864791,0.013220755
864792,0.954953
864793,0.99839586
864794,0.28816217
864795,0.14054519
864796,0.91928643
864797,0.8664564
864798,0.92411
864799,0.7506665
864800,0.016203485
864801,0.31010085
864802,0.003270182
864803,0.9951731
864804,0.68809587
864805,0.15469843
864806,0.44000894
864807,0.9630774
864808,0.992965
864809,0.016300067
864810,0.9587873
864811,0.046173267
864812,0.7245792
864813,0.016987097
864814,0.018564712
864815,0.8892416
864816,0.013045842
864817,0.020546384
864818,0.99644744
864819,0.995816
864820,0.9839954
864821,0.8711621
864822,0.5837033
864823,0.8138016
864824,0.942302
864825,0.03983035
864826,0.5426018
864827,0.004282519
864828,0.15250264
864829,0.9295223
864830,0.9164853
864831,0.9728804
864832,0.27441487
864833,0.09981121
864834,0.96943
864835,0.73373115
864836,0.027761176
864837,0.5696659
864838,0.9975212
864839,0.9961549
864840,0.47826266
864841,0.83610755
864842,0.99666834
864843,0.036506973
864844,0.63650095
864845,0.34305173
864846,0.9401204
864847,0.9844308
864848,0.09438719
864849,0.41460106
864850,0.9335299
864851,0.87588215
864852,0.11597059
864853,0.99793893
864854,0.099117845
864855,0.018173609
864856,0.0146007575
864857,0.022728201
864858,0.93627894
864859,0.97431934
864860,0.2552174
864861,0.011473836
864862,0.8975843
864863,0.57906806
864864,0.41684145
864865,0.9330673
864866,0.050201725
864867,0.043593943
864868,0.54422826
864869,0.19789928
864870,0.9171876
864871,0.8537666
864872,0.99863535
864873,0.024417745
864874,0.97685134
864875,0.023385763
864876,0.98710334
864877,0.5808703
864878,0.99780685
864879,0.30112195
864880,0.061341897
864881,0.13485226
864882,0.028701773
864883,0.32534078
864884,0.5797108
864885,0.9743417
864886,0.026876915
864887,0.036540527
864888,0.9140587
864889,0.9969871
864890,0.96952206
864891,0.9138428
864892,0.9631749
864893,0.011210129
864894,0.014354114
864895,0.015360878
864896,0.9958576
864897,0.0042413035
864898,0.08715168
864899,0.99718076
864900,0.3982503
864901,0.34072486
864902,0.103161916
864903,0.9877387
864904,0.93445593
864905,0.017777745
864906,0.99496853
864907,0.15214211
864908,0.5238918
864909,0.7521614
864910,0.5701044
864911,0.96920824
864912,0.01264305
864913,0.99843067
864914,0.015646534
864915,0.60891306
864916,0.00653205
864917,0.16824275
864918,0.12928374
864919,0.29636562
864920,0.22255187
864921,0.7631484
864922,0.9973836
864923,0.97820556
864924,0.8250709
864925,0.9904254
864926,0.02743309
864927,0.9745877
864928,0.97333527
864929,0.96857494
864930,0.11616808
864931,0.9637555
864932,0.46896845
864933,0.5637023
864934,0.98350453
864935,0.058289737
864936,0.007529236
864937,0.2668776
864938,0.2153792
864939,0.96824205
864940,0.9285284
864941,0.85774845
864942,0.6968566
864943,0.8184936
864944,0.9890908
864945,0.019073222
864946,0.26377666
864947,0.4137479
864948,0.99963
864949,0.9639355
864950,0.99118954
864951,0.36327574
864952,0.5393287
864953,0.0070045143
864954,0.95710915
864955,0.06042268
864956,0.045499444
864957,0.009761214
864958,0.003769583
864959,0.9921669
864960,0.042002153
864961,0.88017607
864962,0.97757685
864963,0.1304042
864964,0.0059205685
864965,0.0046364204
864966,0.0804411
864967,0.9940707
864968,0.9966398
864969,0.98495615
864970,0.011297709
864971,0.086501084
864972,0.0023877695
864973,0.6873988
864974,0.6863148
864975,0.048758958
864976,0.012915766
864977,0.014458448
864978,0.9712451
864979,0.008124383
864980,0.99098337
864981,0.007347502
864982,0.95046216
864983,0.0036821468
864984,0.054131843
864985,0.010545516
864986,0.03636055
864987,0.53781676
864988,0.017448215
864989,0.031328645
864990,0.92979085
864991,0.03357348
864992,0.95366067
864993,0.008289146
864994,0.9760336
864995,0.7884371
864996,0.5811399
864997,0.026657185
864998,0.1715442
864999,0.012308608
865000,0.8539249
865001,0.13500237
865002,0.057123423
865003,0.118763775
865004,0.96100885
865005,0.04615234
865006,0.26330876
865007,0.5645147
865008,0.056804094
865009,0.309245
865010,0.06073269
865011,0.9912009
865012,0.2668762
865013,0.004889182
865014,0.021266818
865015,0.9992252
865016,0.99532765
865017,0.6202122
865018,0.0050571105
865019,0.46241006
865020,0.040369388
865021,0.6700237
865022,0.084888555
865023,0.9957657
865024,0.11751943
865025,0.15005593
865026,0.96098864
865027,0.023277324
865028,0.39621
865029,0.014014399
865030,0.20435351
865031,0.9739028
865032,0.69752944
865033,0.002517679
865034,0.7935091
865035,0.087795965
865036,0.07511689
865037,0.029821958
865038,0.140629
865039,0.0034863784
865040,0.0037841597
865041,0.10966615
865042,0.4917683
865043,0.072335765
865044,0.88535005
865045,0.86688507
865046,0.074922204
865047,0.8948657
865048,0.18167579
865049,0.039059184
865050,0.03433146
865051,0.0050315475
865052,0.7634483
865053,0.006521658
865054,0.054796714
865055,0.81625164
865056,0.3337949
865057,0.89204717
865058,0.8456023
865059,0.32076833
865060,0.3711022
865061,0.0063551837
865062,0.92978096
865063,0.79141974
865064,0.16422436
865065,0.33436126
865066,0.16611682
865067,0.0056592203
865068,0.020792365
865069,0.76623017
865070,0.9233245
865071,0.037005354
865072,0.9624467
865073,0.9468602
865074,0.82936096
865075,0.99726534
865076,0.02487093
865077,0.23682453
865078,0.37667808
865079,0.010740735
865080,0.98056334
865081,0.33002645
865082,0.0040729176
865083,0.23440215
865084,0.11317237
865085,0.076263964
865086,0.96996754
865087,0.020178191
865088,0.9683946
865089,0.30555472
865090,0.9184277
865091,0.29289836
865092,0.048902646
865093,0.030677961
865094,0.1721066
865095,0.025404198
865096,0.3733251
865097,0.9975382
865098,0.9452839
865099,0.030984381
865100,0.19241866
865101,0.98767114
865102,0.010578607
865103,0.019035492
865104,0.3506511
865105,0.96181303
865106,0.6141478
865107,0.5444365
865108,0.034358192
865109,0.020266691
865110,0.99798477
865111,0.02875631
865112,0.08598052
865113,0.9855635
865114,0.077394
865115,0.9983247
865116,0.015319413
865117,0.01074587
865118,0.94559634
865119,0.044061128
865120,0.04633128
865121,0.3943072
865122,0.8826796
865123,0.74681383
865124,0.012603516
865125,0.0695907
865126,0.01096231
865127,0.62579393
865128,0.9954598
865129,0.0049442463
865130,0.99551684
865131,0.66472936
865132,0.0392135
865133,0.9900385
865134,0.989167
865135,0.04760346
865136,0.023228807
865137,0.4268693
865138,0.07555838
865139,0.109626286
865140,0.005810677
865141,0.02007228
865142,0.5266185
865143,0.9319878
865144,0.028556228
865145,0.980228
865146,0.98518926
865147,0.055527873
865148,0.1827244
865149,0.9897737
865150,0.008093446
865151,0.005830162
865152,0.59680504
865153,0.7350531
865154,0.097104326
865155,0.5100131
865156,0.04164788
865157,0.0016252322
865158,0.25010294
865159,0.05256341
865160,0.99519855
865161,0.9391804
865162,0.904793
865163,0.9923479
865164,0.0067936275
865165,0.0041027637
865166,0.028080598
865167,0.33945197
865168,0.77927065
865169,0.033759315
865170,0.18800773
865171,0.06433674
865172,0.04484473
865173,0.9553832
865174,0.014652713
865175,0.78338826
865176,0.32436413
865177,0.05698789
865178,0.4780139
865179,0.9771445
865180,0.530066
865181,0.9388681
865182,0.9911356
865183,0.8834621
865184,0.496543
865185,0.99604475
865186,0.8895906
865187,0.24948378
865188,0.926993
865189,0.97717243
865190,0.0005212421
865191,0.037420806
865192,0.736604
865193,0.50237656
865194,0.8753493
865195,0.736269
865196,0.009429596
865197,0.60189927
865198,0.021656843
865199,0.11092723
865200,0.0055533387
865201,0.056729354
865202,0.0072530205
865203,0.7293306
865204,0.0035982174
865205,0.05828701
865206,0.011432083
865207,0.31615445
865208,0.07120223
865209,0.6896554
865210,0.008783564
865211,0.97425574
865212,0.9972993
865213,0.047644958
865214,0.23626222
865215,0.98851395
865216,0.979367
865217,0.97060645
865218,0.27368113
865219,0.8588525
865220,0.3926724
865221,0.011480808
865222,0.9944639
865223,0.21691607
865224,0.9275501
865225,0.27917
865226,0.011254849
865227,0.9974932
865228,0.60957515
865229,0.24419752
865230,0.16076513
865231,0.0030012857
865232,0.4619994
865233,0.9069313
865234,0.303794
865235,0.9015231
865236,0.6362382
865237,0.7989582
865238,0.046787582
865239,0.029027913
865240,0.8494725
865241,0.714893
865242,0.4668618
865243,0.116291046
865244,0.007485086
865245,0.024710426
865246,0.021782007
865247,0.5395422
865248,0.9670788
865249,0.45587528
865250,0.031498235
865251,0.007968839
865252,0.08188608
865253,0.9906008
865254,0.05543668
865255,0.9641948
865256,0.011061106
865257,0.8640795
865258,0.025751613
865259,0.021240195
865260,0.0047150943
865261,0.08661423
865262,0.98982334
865263,0.060090818
865264,0.6166923
865265,0.9598714
865266,0.9651035
865267,0.93937576
865268,0.19671108
865269,0.022048352
865270,0.20056549
865271,0.21911137
865272,0.008946824
865273,0.1970782
865274,0.028335504
865275,0.945191
865276,0.6282668
865277,0.019356456
865278,0.8132928
865279,0.93978786
865280,0.549476
865281,0.5165755
865282,0.4618318
865283,0.97832024
865284,0.63326395
865285,0.73526424
865286,0.13754047
865287,0.04098775
865288,0.9675303
865289,0.0044350256
865290,0.98673904
865291,0.0074583003
865292,0.9811585
865293,0.007418869
865294,0.040409956
865295,0.99431795
865296,0.9740302
865297,0.6394745
865298,0.91045636
865299,0.053332835
865300,0.9158921
865301,0.027796075
865302,0.3146817
865303,0.79257846
865304,0.8590069
865305,0.5800171
865306,0.2538968
865307,0.30512115
865308,0.99270093
865309,0.34191993
865310,0.9753037
865311,0.65148854
865312,0.0067948587
865313,0.660066
865314,0.5852466
865315,0.026648685
865316,0.005938529
865317,0.99931014
865318,0.013528619
865319,0.0056017376
865320,0.059084315
865321,0.73555624
865322,0.12385948
865323,0.7955212
865324,0.97428143
865325,0.96770394
865326,0.9207047
865327,0.00625591
865328,0.03679586
865329,0.6481296
865330,0.06590227
865331,0.033777148
865332,0.68469876
865333,0.0052417684
865334,0.014179471
865335,0.034825686
865336,0.76998353
865337,0.010639852
865338,0.8535048
865339,0.036986217
865340,0.95131147
865341,0.905678
865342,0.09500596
865343,0.55190194
865344,0.9274812
865345,0.9971098
865346,0.30176964
865347,0.014431431
865348,0.99203
865349,0.9949638
865350,0.9706067
865351,0.8551756
865352,0.023605768
865353,0.9688437
865354,0.99051523
865355,0.93463856
865356,0.9339276
865357,0.0064848857
865358,0.9101498
865359,0.013423804
865360,0.01260722
865361,0.039547544
865362,0.27899197
865363,0.7607839
865364,0.019422745
865365,0.97392243
865366,0.9976662
865367,0.0052120145
865368,0.03454303
865369,0.8316775
865370,0.19316055
865371,0.69841444
865372,0.963107
865373,0.012828112
865374,0.82391566
865375,0.9869434
865376,0.1941225
865377,0.010323507
865378,0.034804456
865379,0.8835042
865380,0.004974054
865381,0.023025893
865382,0.028832333
865383,0.03777969
865384,0.9684091
865385,0.006201648
865386,0.9630183
865387,0.77018934
865388,0.015996464
865389,0.0076845572
865390,0.009030243
865391,0.92947394
865392,0.015151404
865393,0.99822795
865394,0.011714459
865395,0.0336762
865396,0.7387773
865397,0.9924793
865398,0.013690667
865399,0.1664709
865400,0.06997766
865401,0.0036076503
865402,0.24398637
865403,0.07434939
865404,0.987915
865405,0.9288311
865406,0.95725733
865407,0.035097614
865408,0.20968157
865409,0.2662677
865410,0.874846
865411,0.6817628
865412,0.19154298
865413,0.22501634
865414,0.95312035
865415,0.9799424
865416,0.44179973
865417,0.011866847
865418,0.015218897
865419,0.066739365
865420,0.9066365
865421,0.0070120813
865422,0.1795352
865423,0.997639
865424,0.97252667
865425,0.9882051
865426,0.38644892
865427,0.97727054
865428,0.8548194
865429,0.29084116
865430,0.6659539
865431,0.12852782
865432,0.06115665
865433,0.58593154
865434,0.99263513
865435,0.08789218
865436,0.02040938
865437,0.9848396
865438,0.07969295
865439,0.975657
865440,0.9961524
865441,0.6402715
865442,0.07918444
865443,0.7532074
865444,0.9972258
865445,0.00894846
865446,0.9893938
865447,0.05095158
865448,0.11771704
865449,0.9236052
865450,0.6103101
865451,0.025328428
865452,0.10428456
865453,0.9937541
865454,0.99089545
865455,0.024313115
865456,0.87912834
865457,0.33698255
865458,0.98557645
865459,0.9487439
865460,0.38341442
865461,0.008606924
865462,0.32182238
865463,0.6752678
865464,0.020265821
865465,0.072213836
865466,0.40800115
865467,0.99022233
865468,0.012463026
865469,0.95527214
865470,0.89795065
865471,0.48038164
865472,0.013535207
865473,0.06339065
865474,0.9735129
865475,0.64130235
865476,0.66415644
865477,0.014015376
865478,0.07152391
865479,0.023114365
865480,0.004141464
865481,0.018410936
865482,0.9107522
865483,0.95782816
865484,0.03722166
865485,0.96073055
865486,0.64878607
865487,0.2532941
865488,0.9938398
865489,0.25130078
865490,0.97609866
865491,0.99759865
865492,0.020977663
865493,0.99633896
865494,0.024050217
865495,0.09357148
865496,0.051364046
865497,0.009166767
865498,0.009170918
865499,0.895047
865500,0.0044127963
865501,0.001090565
865502,0.68524927
865503,0.99698925
865504,0.028913338
865505,0.71201056
865506,0.988969
865507,0.018494587
865508,0.25175297
865509,0.8615261
865510,0.99941295
865511,0.00417485
865512,0.9292311
865513,0.91532826
865514,0.13859291
865515,0.98568016
865516,0.90590024
865517,0.017210105
865518,0.1302684
865519,0.004427104
865520,0.62140876
865521,0.0119867865
865522,0.023205468
865523,0.027689334
865524,0.9885778
865525,0.23585774
865526,0.0831158
865527,0.95866036
865528,0.04437835
865529,0.49968773
865530,0.99944365
865531,0.74507725
865532,0.020106653
865533,0.991482
865534,0.022890104
865535,0.2000233
865536,0.95125216
865537,0.925079
865538,0.53541136
865539,0.937507
865540,0.99799186
865541,0.995288
865542,0.9235261
865543,0.95754755
865544,0.74543506
865545,0.14806205
865546,0.29758972
865547,0.01644142
865548,0.9142472
865549,0.01202787
865550,0.28685665
865551,0.008788522
865552,0.011915892
865553,0.101494156
865554,0.09267519
865555,0.979195
865556,0.725726
865557,0.018376473
865558,0.5899295
865559,0.96099526
865560,0.0109502785
865561,0.15914094
865562,0.84259415
865563,0.52158123
865564,0.99906415
865565,0.05845846
865566,0.67221415
865567,0.9947466
865568,0.03380382
865569,0.011977978
865570,0.9827628
865571,0.92858297
865572,0.10987784
865573,0.91848373
865574,0.23182426
865575,0.03485456
865576,0.0016814591
865577,0.0032556443
865578,0.9641894
865579,0.16836773
865580,0.9558786
865581,0.10095336
865582,0.028184265
865583,0.004381348
865584,0.85511374
865585,0.077826776
865586,0.012917639
865587,0.5070838
865588,0.92260206
865589,0.9901654
865590,0.55144596
865591,0.6245338
865592,0.035358913
865593,0.7960642
865594,0.3290907
865595,0.0130862435
865596,0.9992428
865597,0.87424433
865598,0.67312384
865599,0.014725083
865600,0.026558738
865601,0.0963163
865602,0.055775587
865603,0.0035722817
865604,0.017934434
865605,0.09627662
865606,0.007918569
865607,0.8168173
865608,0.97339475
865609,0.6727182
865610,0.969052
865611,0.94633937
865612,0.016625449
865613,0.77895373
865614,0.048389442
865615,0.029358566
865616,0.99465406
865617,0.46905127
865618,0.93510723
865619,0.887964
865620,0.7822354
865621,0.0251867
865622,0.3516224
865623,0.993883
865624,0.2485817
865625,0.19300427
865626,0.8709069
865627,0.025257524
865628,0.9964534
865629,0.3987339
865630,0.63087887
865631,0.056168802
865632,0.024997706
865633,0.02457793
865634,0.89030945
865635,0.053879187
865636,0.51892304
865637,0.61055255
865638,0.82047373
865639,0.67942667
865640,0.0029506178
865641,0.8238263
865642,0.009132115
865643,0.9459425
865644,0.011943691
865645,0.16039053
865646,0.0214629
865647,0.092521295
865648,0.01157681
865649,0.03355265
865650,0.35074353
865651,0.007445302
865652,0.0055909175
865653,0.014606857
865654,0.55185735
865655,0.029614633
865656,0.02840989
865657,0.98920083
865658,0.51791894
865659,0.97032285
865660,0.9619251
865661,0.3060893
865662,0.8847693
865663,0.32075772
865664,0.019324861
865665,0.0047764457
865666,0.19998193
865667,0.99897635
865668,0.9921321
865669,0.01656626
865670,0.97601926
865671,0.15909344
865672,0.2153424
865673,0.75479317
865674,0.7756156
865675,0.9109951
865676,0.9580867
865677,0.025086569
865678,0.92389035
865679,0.8209343
865680,0.9673898
865681,0.2254951
865682,0.9807982
865683,0.038652353
865684,0.9754208
865685,0.0075786747
865686,0.32973823
865687,0.017250381
865688,0.5852776
865689,0.99857616
865690,0.13563031
865691,0.0047581187
865692,0.0030138823
865693,0.98922884
865694,0.9926032
865695,0.20570011
865696,0.99227226
865697,0.24624391
865698,0.08168734
865699,0.7792687
865700,0.005381503
865701,0.89433664
865702,0.41006863
865703,0.9401749
865704,0.9520372
865705,0.9805217
865706,0.99586284
865707,0.9948
865708,0.99126136
865709,0.012263767
865710,0.04134675
865711,0.50710475
865712,0.96264195
865713,0.8754383
865714,0.065789275
865715,0.055327423
865716,0.99744564
865717,0.00670107
865718,0.017828442
865719,0.40404892
865720,0.048242025
865721,0.008816008
865722,0.003600257
865723,0.0036269093
865724,0.0263333
865725,0.011405981
865726,0.9891367
865727,0.009570625
865728,0.041594792
865729,0.97824097
865730,0.94098634
865731,0.029729567
865732,0.021916468
865733,0.27881506
865734,0.059701838
865735,0.008944744
865736,0.9981036
865737,0.2736742
865738,0.025670744
865739,0.025178194
865740,0.8801646
865741,0.009654731
865742,0.67759764
865743,0.75633454
865744,0.29737502
865745,0.24735907
865746,0.0783199
865747,0.1921961
865748,0.2399494
865749,0.007217084
865750,0.24943113
865751,0.4944421
865752,0.005677266
865753,0.7207039
865754,0.98905015
865755,0.73776317
865756,0.9892821
865757,0.019753795
865758,0.8773726
865759,0.017011017
865760,0.49287823
865761,0.0075921183
865762,0.07504477
865763,0.017704733
865764,0.24982074
865765,0.11424796
865766,0.08112994
865767,0.828606
865768,0.3559133
865769,0.013931895
865770,0.8972081
865771,0.048639897
865772,0.14383127
865773,0.14029765
865774,0.10369076
865775,0.024016915
865776,0.0035527868
865777,0.98542905
865778,0.020945376
865779,0.99274474
865780,0.24100092
865781,0.9511495
865782,0.989571
865783,0.68799883
865784,0.8295915
865785,0.9988179
865786,0.024752783
865787,0.0794818
865788,0.11389297
865789,0.026485406
865790,0.51765764
865791,0.8579421
865792,0.006272453
865793,0.42165086
865794,0.9572524
865795,0.032478113
865796,0.015958998
865797,0.9090383
865798,0.040308442
865799,0.9952281
865800,0.30500156
865801,0.6592689
865802,0.68233716
865803,0.6055183
865804,0.48766306
865805,0.015234379
865806,0.022678677
865807,0.14025578
865808,0.0068448633
865809,0.98888564
865810,0.6976067
865811,0.029950254
865812,0.24552764
865813,0.26332384
865814,0.0056938343
865815,0.8093683
865816,0.93665576
865817,0.0053998195
865818,0.026386697
865819,0.95076257
865820,0.97006136
865821,0.022788085
865822,0.56931406
865823,0.96831274
865824,0.013917902
865825,0.00791836
865826,0.011519749
865827,0.04625711
865828,0.7526773
865829,0.8793232
865830,0.9884807
865831,0.24699153
865832,0.18245803
865833,0.007205085
865834,0.02486872
865835,0.023181945
865836,0.38423467
865837,0.99732447
865838,0.17380399
865839,0.95467615
865840,0.25598556
865841,0.11527533
865842,0.98952717
865843,0.098363236
865844,0.96892333
865845,0.9521267
865846,0.20513439
865847,0.04052674
865848,0.97692364
865849,0.8892434
865850,0.014770238
865851,0.9915817
865852,0.97855324
865853,0.68831545
865854,0.9968308
865855,0.20714538
865856,0.9985906
865857,0.095307976
865858,0.6379084
865859,0.99950385
865860,0.018415308
865861,0.03591972
865862,0.9532839
865863,0.032162514
865864,0.32996348
865865,0.2753608
865866,0.99874824
865867,0.7966635
865868,0.0030112984
865869,0.99709046
865870,0.0272311
865871,0.9650301
865872,0.96736854
865873,0.0051878267
865874,0.044110678
865875,0.05942726
865876,0.0360934
865877,0.99005955
865878,0.14048694
865879,0.13871828
865880,0.9814817
865881,0.47081017
865882,0.9460781
865883,0.95986485
865884,0.066473186
865885,0.87308115
865886,0.003246719
865887,0.038253464
865888,0.9983914
865889,0.99879146
865890,0.060794085
865891,0.99741656
865892,0.08305208
865893,0.1360601
865894,0.025493715
865895,0.01619738
865896,0.98489785
865897,0.30628258
865898,0.9181741
865899,0.98562646
865900,0.98576754
865901,0.29668838
865902,0.6339523
865903,0.022070846
865904,0.045369312
865905,0.024763811
865906,0.011662953
865907,0.124209225
865908,0.029750122
865909,0.7410719
865910,0.6960918
865911,0.9909936
865912,0.015982036
865913,0.1939257
865914,0.012168931
865915,0.99695283
865916,0.057363734
865917,0.013597649
865918,0.9850887
865919,0.004533004
865920,0.009272694
865921,0.028389242
865922,0.9912068
865923,0.282625
865924,0.024476888
865925,0.93074876
865926,0.0056117526
865927,0.8727741
865928,0.9943317
865929,0.51229566
865930,0.5655847
865931,0.98334515
865932,0.9617857
865933,0.52409554
865934,0.36032993
865935,0.99671775
865936,0.99575466
865937,0.014376848
865938,0.42136773
865939,0.88509107
865940,0.2378799
865941,0.5232437
865942,0.09275563
865943,0.9384343
865944,0.026896352
865945,0.99148035
865946,0.85559416
865947,0.99651307
865948,0.9897561
865949,0.97098225
865950,0.107477576
865951,0.009143967
865952,0.9370281
865953,0.004198709
865954,0.059977703
865955,0.03564357
865956,0.98942685
865957,0.97758675
865958,0.8495248
865959,0.27194434
865960,0.9018894
865961,0.028529765
865962,0.011552906
865963,0.9549669
865964,0.3846336
865965,0.19179453
865966,0.21491529
865967,0.12981494
865968,0.023389976
865969,0.44435048
865970,0.5093189
865971,0.028689854
865972,0.75240135
865973,0.46966285
865974,0.088832095
865975,0.96257645
865976,0.04727994
865977,0.976482
865978,0.98434496
865979,0.828296
865980,0.044213817
865981,0.009143868
865982,0.34553176
865983,0.10693921
865984,0.94775534
865985,0.21043663
865986,0.018750202
865987,0.05233307
865988,0.99053395
865989,0.013645701
865990,0.9559726
865991,0.021760926
865992,0.9325451
865993,0.9865594
865994,0.33120102
865995,0.75044096
865996,0.874912
865997,0.060887083
865998,0.99968
865999,0.98429525
866000,0.5099822
866001,0.025227245
866002,0.011766604
866003,0.20386426
866004,0.19559932
866005,0.14641574
866006,0.053924393
866007,0.9153835
866008,0.0066196006
866009,0.002371529
866010,0.03424108
866011,0.1750914
866012,0.015247329
866013,0.015725814
866014,0.961068
866015,0.9841004
866016,0.021660397
866017,0.90518224
866018,0.64755327
866019,0.007886235
866020,0.8958403
866021,0.9493963
866022,0.0007483922
866023,0.5773332
866024,0.90220577
866025,0.016682692
866026,0.10614547
866027,0.97646934
866028,0.9397722
866029,0.982373
866030,0.20194204
866031,0.8332825
866032,0.028910324
866033,0.9368224
866034,0.23755197
866035,0.004256789
866036,0.920679
866037,0.37153864
866038,0.107804656
866039,0.9614492
866040,0.99571514
866041,0.010540022
866042,0.85229206
866043,0.7417635
866044,0.9993782
866045,0.980781
866046,0.041435786
866047,0.9209044
866048,0.096921295
866049,0.19176245
866050,0.0064168437
866051,0.027743813
866052,0.83860856
866053,0.97438514
866054,0.9898797
866055,0.025087459
866056,0.11132333
866057,0.005008352
866058,0.12620986
866059,0.7813413
866060,0.99102074
866061,0.022771973
866062,0.94415843
866063,0.92107445
866064,0.20128769
866065,0.019344736
866066,0.7183278
866067,0.54409665
866068,0.30178672
866069,0.69648737
866070,0.8907616
866071,0.15418227
866072,0.95421576
866073,0.12175403
866074,0.9986358
866075,0.9996914
866076,0.34687617
866077,0.97581047
866078,0.9988686
866079,0.094987296
866080,0.004424704
866081,0.97553855
866082,0.990608
866083,0.93305457
866084,0.99257123
866085,0.19800006
866086,0.99446344
866087,0.040391106
866088,0.63151157
866089,0.034141455
866090,0.6251878
866091,0.98758197
866092,0.0012902733
866093,0.96451247
866094,0.8514785
866095,0.942939
866096,0.97618455
866097,0.01760038
866098,0.006194903
866099,0.99631155
866100,0.28528684
866101,0.53255266
866102,0.001467969
866103,0.3902078
866104,0.04635794
866105,0.134644
866106,0.78833055
866107,0.6429526
866108,0.9956932
866109,0.026998121
866110,0.105493054
866111,0.045444965
866112,0.9929005
866113,0.3274966
866114,0.010477431
866115,0.94673055
866116,0.4145059
866117,0.018387083
866118,0.9651873
866119,0.5194094
866120,0.9980292
866121,0.9285657
866122,0.94669026
866123,0.003973099
866124,0.08929182
866125,0.9139121
866126,0.020803435
866127,0.020039061
866128,0.0049467017
866129,0.18481192
866130,0.48089427
866131,0.20730266
866132,0.10683031
866133,0.9867166
866134,0.008243663
866135,0.99511766
866136,0.043818906
866137,0.8767777
866138,0.010960381
866139,0.8225513
866140,0.8357746
866141,0.9715365
866142,0.049773745
866143,0.020412771
866144,0.020440139
866145,0.013106439
866146,0.99042
866147,0.3252353
866148,0.0023631519
866149,0.023472266
866150,0.085013464
866151,0.86833775
866152,0.028139656
866153,0.21587338
866154,0.020412665
866155,0.0037475633
866156,0.35200208
866157,0.90344095
866158,0.28453216
866159,0.3224622
866160,0.20483501
866161,0.04809795
866162,0.026160438
866163,0.9728747
866164,0.019425407
866165,0.997389
866166,0.95132685
866167,0.3088931
866168,0.03702689
866169,0.057348255
866170,0.012661705
866171,0.97037846
866172,0.41794598
866173,0.97403586
866174,0.020669563
866175,0.7369583
866176,0.072058156
866177,0.20082949
866178,0.96771365
866179,0.18225265
866180,0.012074584
866181,0.99498427
866182,0.96319646
866183,0.045661435
866184,0.16828504
866185,0.570835
866186,0.009063926
866187,0.96154314
866188,0.10586317
866189,0.09218297
866190,0.57344604
866191,0.037149232
866192,0.99521744
866193,0.0034363116
866194,0.5890931
866195,0.46475437
866196,0.009506306
866197,0.97836083
866198,0.9451461
866199,0.38088995
866200,0.016022535
866201,0.99050015
866202,0.046588127
866203,0.5893103
866204,0.5728184
866205,0.997281
866206,0.94746125
866207,0.11975315
866208,0.99461734
866209,0.59397554
866210,0.7098841
866211,0.0034886124
866212,0.009746415
866213,0.8829975
866214,0.030808898
866215,0.0039204
866216,0.99103093
866217,0.092464626
866218,0.22804792
866219,0.6579183
866220,0.9018708
866221,0.8209938
866222,0.91437495
866223,0.8200039
866224,0.9828462
866225,0.5678349
866226,0.017573485
866227,0.99833894
866228,0.9829048
866229,0.0620357
866230,0.0055665644
866231,0.9466688
866232,0.03702639
866233,0.8647444
866234,0.95237267
866235,0.008687681
866236,0.96507895
866237,0.069107234
866238,0.6859536
866239,0.023963764
866240,0.025247172
866241,0.04080647
866242,0.9865031
866243,0.6916405
866244,0.8473002
866245,0.994817
866246,0.71865845
866247,0.16400743
866248,0.058872253
866249,0.04373684
866250,0.0013899576
866251,0.4824716
866252,0.50390244
866253,0.039615758
866254,0.005677874
866255,0.9967363
866256,0.31373858
866257,0.98600376
866258,0.008952587
866259,0.96939623
866260,0.005570097
866261,0.0056625474
866262,0.99842095
866263,0.60768366
866264,0.7435186
866265,0.9988297
866266,0.7342798
866267,0.9339683
866268,0.9563531
866269,0.0010912565
866270,0.14074464
866271,0.99010724
866272,0.7361796
866273,0.17153423
866274,0.6924163
866275,0.0064952704
866276,0.9760746
866277,0.97398967
866278,0.03023995
866279,0.8532957
866280,0.9136143
866281,0.028699704
866282,0.1863841
866283,0.9914436
866284,0.9891917
866285,0.00926243
866286,0.03557632
866287,0.914861
866288,0.19295862
866289,0.9903624
866290,0.7616677
866291,0.71260905
866292,0.98326075
866293,0.9669122
866294,0.76046807
866295,0.9790074
866296,0.24702325
866297,0.46644267
866298,0.09385583
866299,0.024283739
866300,0.040691264
866301,0.20684116
866302,0.30495977
866303,0.094146594
866304,0.18309048
866305,0.9333956
866306,0.015607557
866307,0.9741432
866308,0.7917528
866309,0.04624082
866310,0.01271048
866311,0.99632597
866312,0.1150004
866313,0.92977464
866314,0.10624333
866315,0.23637316
866316,0.0022198674
866317,0.96740454
866318,0.32887137
866319,0.028014181
866320,0.27730072
866321,0.64396155
866322,0.0060551176
866323,0.9962712
866324,0.004543378
866325,0.008736178
866326,0.87501216
866327,0.18409638
866328,0.6298123
866329,0.85393566
866330,0.8094564
866331,0.9897797
866332,0.19440769
866333,0.06489602
866334,0.9887021
866335,0.99663454
866336,0.10290841
866337,0.2726718
866338,0.3599168
866339,0.006825217
866340,0.8711053
866341,0.98341197
866342,0.004983846
866343,0.99279594
866344,0.0074304757
866345,0.99052656
866346,0.9948834
866347,0.022752818
866348,0.1971382
866349,0.6823603
866350,0.007383912
866351,0.9864367
866352,0.05769057
866353,0.02850484
866354,0.0040542874
866355,0.80013376
866356,0.0052440735
866357,0.043747526
866358,0.15262508
866359,0.025727913
866360,0.021554204
866361,0.039584223
866362,0.03771124
866363,0.99393183
866364,0.03768723
866365,0.05983088
866366,0.004249237
866367,0.74985355
866368,0.056753036
866369,0.9675919
866370,0.106472045
866371,0.19001648
866372,0.8738499
866373,0.99054134
866374,0.08506854
866375,0.09381035
866376,0.01212497
866377,0.7735271
866378,0.032821324
866379,0.04207439
866380,0.99581236
866381,0.37476
866382,0.030931596
866383,0.94671404
866384,0.0604477
866385,0.49856263
866386,0.0051619946
866387,0.17172502
866388,0.022341613
866389,0.99841285
866390,0.9865094
866391,0.1927741
866392,0.10916491
866393,0.27690068
866394,0.1200675
866395,0.01705011
866396,0.409953
866397,0.019372579
866398,0.8999094
866399,0.03420938
866400,0.72772425
866401,0.11245997
866402,0.021024516
866403,0.04604237
866404,0.2475688
866405,0.01363669
866406,0.9483001
866407,0.017893637
866408,0.08425243
866409,0.03395247
866410,0.007392551
866411,0.19455075
866412,0.9888444
866413,0.86398995
866414,0.422118
866415,0.06959998
866416,0.34056473
866417,0.23454072
866418,0.8850317
866419,0.000692565
866420,0.8740252
866421,0.5777025
866422,0.11378032
866423,0.8664571
866424,0.10557794
866425,0.3760606
866426,0.99677646
866427,0.826418
866428,0.8989203
866429,0.08540344
866430,0.25263798
866431,0.02442375
866432,0.9308009
866433,0.9132391
866434,0.9937908
866435,0.6193629
866436,0.9687949
866437,0.027918646
866438,0.03642739
866439,0.005519086
866440,0.03851341
866441,0.031680066
866442,0.07430077
866443,0.94406164
866444,0.04210161
866445,0.122253075
866446,0.92684716
866447,0.016125485
866448,0.331695
866449,0.017217355
866450,0.9705026
866451,0.019664409
866452,0.14985263
866453,0.68347144
866454,0.073749505
866455,0.011239382
866456,0.9847808
866457,0.003283423
866458,0.16112989
866459,0.020685231
866460,0.092436634
866461,0.0414671
866462,0.071174964
866463,0.9358632
866464,0.0066749053
866465,0.41594106
866466,0.009562356
866467,0.41985062
866468,0.018894473
866469,0.0109162
866470,0.14654902
866471,0.06413405
866472,0.28935015
866473,0.04730149
866474,0.98691905
866475,0.136024
866476,0.07485897
866477,0.027468672
866478,0.04092208
866479,0.12081928
866480,0.9930358
866481,0.9846616
866482,0.077858225
866483,0.88854265
866484,0.050878953
866485,0.97932035
866486,0.9975327
866487,0.013146896
866488,0.96671724
866489,0.16996588
866490,0.9822136
866491,0.102219194
866492,0.7327789
866493,0.015415623
866494,0.98707944
866495,0.55771923
866496,0.3862373
866497,0.0035416693
866498,0.020484984
866499,0.032585457
866500,0.92123175
866501,0.18462679
866502,0.5730624
866503,0.9998115
866504,0.24757293
866505,0.01417646
866506,0.18314487
866507,0.98699826
866508,0.03662586
866509,0.13913815
866510,0.96670675
866511,0.9728238
866512,0.031009559
866513,0.032032892
866514,0.8696333
866515,0.008793167
866516,0.65946424
866517,0.3323863
866518,0.9072806
866519,0.10726402
866520,0.94307756
866521,0.0051034475
866522,0.0031375894
866523,0.99326557
866524,0.98095036
866525,0.021640994
866526,0.972291
866527,0.8335121
866528,0.9977422
866529,0.95639
866530,0.29767647
866531,0.08347926
866532,0.9772598
866533,0.0035725734
866534,0.53798336
866535,0.005205969
866536,0.0524472
866537,0.00764514
866538,0.9916537
866539,0.005731405
866540,0.9417536
866541,0.3366991
866542,0.96047497
866543,0.99166197
866544,0.027940255
866545,0.03541097
866546,0.037097692
866547,0.018248968
866548,0.046408594
866549,0.0041000983
866550,0.4232563
866551,0.07710135
866552,0.980077
866553,0.98718655
866554,0.06516118
866555,0.08777041
866556,0.98445415
866557,0.8992807
866558,0.83953553
866559,0.9800186
866560,0.002302809
866561,0.07918667
866562,0.5909823
866563,0.99461377
866564,0.9366351
866565,0.9873454
866566,0.013622522
866567,0.9652321
866568,0.78768605
866569,0.008669281
866570,0.015208086
866571,0.12448454
866572,0.21987824
866573,0.59630716
866574,0.0027389834
866575,0.81105494
866576,0.06506896
866577,0.992478
866578,0.98447514
866579,0.014410238
866580,0.02433886
866581,0.33848912
866582,0.053937767
866583,0.8720783
866584,0.076601766
866585,0.88111186
866586,0.11495463
866587,0.6191468
866588,0.98008704
866589,0.18083613
866590,0.16021293
866591,0.020909598
866592,0.0943013
866593,0.031193558
866594,0.9267003
866595,0.020131154
866596,0.1432916
866597,0.025074255
866598,0.015972007
866599,0.007310785
866600,0.009205757
866601,0.0055292426
866602,0.026067438
866603,0.018995846
866604,0.28764176
866605,0.36671537
866606,0.9705531
866607,0.99661815
866608,0.015507946
866609,0.027905345
866610,0.025972392
866611,0.0058487663
866612,0.97310114
866613,0.97973615
866614,0.88768053
866615,0.9957252
866616,0.29684907
866617,0.23200288
866618,0.019086093
866619,0.058514174
866620,0.98815405
866621,0.9150935
866622,0.9916004
866623,0.1177269
866624,0.20791069
866625,0.9740527
866626,0.9582569
866627,0.98985803
866628,0.98246634
866629,0.1762768
866630,0.3368851
866631,0.07111074
866632,0.91558945
866633,0.034997992
866634,0.9995043
866635,0.9839272
866636,0.06697412
866637,0.07178799
866638,0.17471844
866639,0.58480203
866640,0.064758345
866641,0.1565151
866642,0.06770119
866643,0.21294479
866644,0.9899611
866645,0.0054685357
866646,0.96623373
866647,0.94518566
866648,0.7511108
866649,0.7733073
866650,0.7058282
866651,0.115191504
866652,0.78355867
866653,0.99501437
866654,0.9419588
866655,0.0063195834
866656,0.9796005
866657,0.11533651
866658,0.7375206
866659,0.9717999
866660,0.5817847
866661,0.3145151
866662,0.07810788
866663,0.5334441
866664,0.012145326
866665,0.99978065
866666,0.000840298
866667,0.59581995
866668,0.024491526
866669,0.9911144
866670,0.76184267
866671,0.048036728
866672,0.96929395
866673,0.29791504
866674,0.20470056
866675,0.9785469
866676,0.99759054
866677,0.9533551
866678,0.9890388
866679,0.95823026
866680,0.045541767
866681,0.9954725
866682,0.94191885
866683,0.0040426287
866684,0.19781402
866685,0.07223649
866686,0.6427141
866687,0.020335553
866688,0.5110854
866689,0.0058524683
866690,0.98728883
866691,0.04569337
866692,0.9440977
866693,0.30865243
866694,0.0076188818
866695,0.97402096
866696,0.007433428
866697,0.006515886
866698,0.17115745
866699,0.9870148
866700,0.48878258
866701,0.029710794
866702,0.23819932
866703,0.2198987
866704,0.11132722
866705,0.045746796
866706,0.3080511
866707,0.9060474
866708,0.1088845
866709,0.021246534
866710,0.998678
866711,0.5505065
866712,0.96422946
866713,0.9512288
866714,0.0017023239
866715,0.13849947
866716,0.93235564
866717,0.038004793
866718,0.9965631
866719,0.99330974
866720,0.8665573
866721,0.98191154
866722,0.0053136293
866723,0.15930991
866724,0.00970674
866725,0.07871727
866726,0.01438934
866727,0.9962895
866728,0.5004236
866729,0.8970245
866730,0.06415743
866731,0.03354904
866732,0.14677325
866733,0.4700812
866734,0.9630321
866735,0.97595197
866736,0.985099
866737,0.009665343
866738,0.70431924
866739,0.16251013
866740,0.23270464
866741,0.2319845
866742,0.050254583
866743,0.00463052
866744,0.10273734
866745,0.004622281
866746,0.009039143
866747,0.03217754
866748,0.18501258
866749,0.9296272
866750,0.030204691
866751,0.056460835
866752,0.950235
866753,0.012580362
866754,0.93486345
866755,0.32394654
866756,0.017900165
866757,0.37334487
866758,0.7367908
866759,0.8874422
866760,0.6547662
866761,0.97944075
866762,0.030013422
866763,0.039640773
866764,0.98789525
866765,0.95086485
866766,0.21843389
866767,0.99480146
866768,0.09633327
866769,0.033981998
866770,0.9659962
866771,0.06997664
866772,0.07743049
866773,0.6639985
866774,0.9288399
866775,0.9418856
866776,0.85246885
866777,0.9920056
866778,0.005267986
866779,0.0014428213
866780,0.6453769
866781,0.42868617
866782,0.36735433
866783,0.34056187
866784,0.5663678
866785,0.02731946
866786,0.98943555
866787,0.022069218
866788,0.9869872
866789,0.9926682
866790,0.9928552
866791,0.48008257
866792,0.96958184
866793,0.96418744
866794,0.2146067
866795,0.99378735
866796,0.93155843
866797,0.91315985
866798,0.39653268
866799,0.017003078
866800,0.047494903
866801,0.8760507
866802,0.011249003
866803,0.99160427
866804,0.008545099
866805,0.96143264
866806,0.041912295
866807,0.99337524
866808,0.071866505
866809,0.47995898
866810,0.02050072
866811,0.026497494
866812,0.041302
866813,0.20785755
866814,0.24842606
866815,0.17962596
866816,0.024234302
866817,0.24675575
866818,0.5422309
866819,0.016564185
866820,0.2179113
866821,0.9895001
866822,0.96940666
866823,0.0027503276
866824,0.02796727
866825,0.9971714
866826,0.05467967
866827,0.9768729
866828,0.030523758
866829,0.9643605
866830,0.015133964
866831,0.01885267
866832,0.32092333
866833,0.9806529
866834,0.6042746
866835,0.29850996
866836,0.94873434
866837,0.99051845
866838,0.016431985
866839,0.10746875
866840,0.20262207
866841,0.50625837
866842,0.011527405
866843,0.5751002
866844,0.0050100707
866845,0.01881916
866846,0.9768742
866847,0.0051638056
866848,0.00084292167
866849,0.12078332
866850,0.9300575
866851,0.039972223
866852,0.8593058
866853,0.0072154053
866854,0.99857366
866855,0.021093208
866856,0.033265382
866857,0.9952651
866858,0.07754919
866859,0.032244455
866860,0.9537076
866861,0.032715924
866862,0.009878537
866863,0.048342697
866864,0.016659893
866865,0.925321
866866,0.04585164
866867,0.33029544
866868,0.99465734
866869,0.9899942
866870,0.71658397
866871,0.060994454
866872,0.6057525
866873,0.008069987
866874,0.17910759
866875,0.5119447
866876,0.064024895
866877,0.24431394
866878,0.016732411
866879,0.04308679
866880,0.12577093
866881,0.9898455
866882,0.25102
866883,0.014592135
866884,0.21545854
866885,0.9163119
866886,0.13735847
866887,0.090501785
866888,0.99628097
866889,0.008571493
866890,0.024783071
866891,0.9804674
866892,0.008353383
866893,0.022079509
866894,0.61483943
866895,0.009737165
866896,0.94918185
866897,0.9830255
866898,0.013817781
866899,0.10423016
866900,0.67311376
866901,0.737195
866902,0.055043437
866903,0.97978175
866904,0.020952893
866905,0.055010457
866906,0.003889002
866907,0.88954735
866908,0.016481237
866909,0.18418264
866910,0.01291783
866911,0.0777509
866912,0.022477668
866913,0.9559808
866914,0.010855077
866915,0.055166595
866916,0.003796367
866917,0.9965561
866918,0.17973863
866919,0.6854713
866920,0.020229269
866921,0.067193665
866922,0.081704006
866923,0.20448804
866924,0.44822443
866925,0.59205043
866926,0.0037015823
866927,0.03290553
866928,0.93314314
866929,0.19470105
866930,0.89440715
866931,0.9657707
866932,0.3630417
866933,0.0050684586
866934,0.04711853
866935,0.75917536
866936,0.4162833
866937,0.012049309
866938,0.013416281
866939,0.099367514
866940,0.022795562
866941,0.070123546
866942,0.05706444
866943,0.9407997
866944,0.0018088506
866945,0.20230088
866946,0.9423772
866947,0.9874593
866948,0.92410934
866949,0.9898788
866950,0.703683
866951,0.015917711
866952,0.25936517
866953,0.9332471
866954,0.013932288
866955,0.0023879127
866956,0.95801246
866957,0.0025633746
866958,0.9505212
866959,0.060309738
866960,0.009935386
866961,0.18709663
866962,0.05126322
866963,0.9981611
866964,0.9072903
866965,0.06128649
866966,0.8396541
866967,0.94557035
866968,0.83235246
866969,0.029687181
866970,0.2065869
866971,0.92329574
866972,0.043422543
866973,0.14764936
866974,0.043903053
866975,0.99060476
866976,0.033922814
866977,0.010190604
866978,0.5502668
866979,0.9301589
866980,0.16979687
866981,0.9787686
866982,0.061011188
866983,0.92679226
866984,0.19318673
866985,0.1411435
866986,0.012148062
866987,0.95455027
866988,0.01809815
866989,0.78414667
866990,0.34807688
866991,0.9658023
866992,0.002601836
866993,0.62457526
866994,0.57351005
866995,0.024229925
866996,0.005983903
866997,0.05622219
866998,0.9218943
866999,0.82825005
867000,0.963889
867001,0.63431203
867002,0.9098712
867003,0.608008
867004,0.040266287
867005,0.9982803
867006,0.78442836
867007,0.94756824
867008,0.08321445
867009,0.026078196
867010,0.9995023
867011,0.022805221
867012,0.38944578
867013,0.046085104
867014,0.50934976
867015,0.018978586
867016,0.0031051321
867017,0.7189026
867018,0.17747203
867019,0.21068761
867020,0.9816783
867021,0.005921575
867022,0.06441643
867023,0.03730087
867024,0.7680168
867025,0.97589517
867026,0.01017062
867027,0.57518435
867028,0.037581265
867029,0.07925929
867030,0.19357906
867031,0.98090154
867032,0.07151445
867033,0.90234375
867034,0.069290325
867035,0.08772869
867036,0.18863367
867037,0.009065809
867038,0.03966312
867039,0.023721391
867040,0.9910302
867041,0.15671876
867042,0.11410411
867043,0.04217446
867044,0.071098685
867045,0.82934415
867046,0.005904917
867047,0.89765155
867048,0.73357844
867049,0.2133265
867050,0.99865973
867051,0.99716437
867052,0.6791253
867053,0.012372604
867054,0.9979676
867055,0.8327211
867056,0.88449544
867057,0.97058713
867058,0.58168554
867059,0.97362894
867060,0.68905616
867061,0.015909953
867062,0.868343
867063,0.82619214
867064,0.7219242
867065,0.0059031635
867066,0.012083066
867067,0.012101398
867068,0.9987645
867069,0.0122292545
867070,0.006073091
867071,0.052407876
867072,0.0981109
867073,0.10535428
867074,0.029540123
867075,0.07798169
867076,0.90506035
867077,0.9855448
867078,0.0064747715
867079,0.98583007
867080,0.42130053
867081,0.993672
867082,0.014011873
867083,0.012735558
867084,0.99542445
867085,0.0038827548
867086,0.014979393
867087,0.05911127
867088,0.7701436
867089,0.86988133
867090,0.22962633
867091,0.9993662
867092,0.99480915
867093,0.03776945
867094,0.9971901
867095,0.33001012
867096,0.69198895
867097,0.15230645
867098,0.004275118
867099,0.0045125713
867100,0.1741727
867101,0.8796607
867102,0.94692314
867103,0.484945
867104,0.6486896
867105,0.036589544
867106,0.0015425644
867107,0.003382221
867108,0.018373195
867109,0.0050273836
867110,0.30487275
867111,0.047467276
867112,0.03880143
867113,0.0009684345
867114,0.826514
867115,0.014200395
867116,0.09738297
867117,0.012921256
867118,0.006894389
867119,0.84191465
867120,0.7160061
867121,0.17997895
867122,0.94903874
867123,0.007318723
867124,0.10385482
867125,0.02501894
867126,0.8461282
867127,0.2035171
867128,0.4989571
867129,0.99792355
867130,0.0034950045
867131,0.0054587442
867132,0.84916145
867133,0.019605562
867134,0.98968625
867135,0.044605307
867136,0.004355298
867137,0.93583083
867138,0.90090847
867139,0.04951943
867140,0.014249543
867141,0.21148054
867142,0.97439015
867143,0.971985
867144,0.11333155
867145,0.4222387
867146,0.64910614
867147,0.44248447
867148,0.9891966
867149,0.2024953
867150,0.063605696
867151,0.061904315
867152,0.48485446
867153,0.24002221
867154,0.91540354
867155,0.9873868
867156,0.061281797
867157,0.8123541
867158,0.9342442
867159,0.040347688
867160,0.6332366
867161,0.05261291
867162,0.5424571
867163,0.93856907
867164,0.043664362
867165,0.08838656
867166,0.9921886
867167,0.86855316
867168,0.23392077
867169,0.076764524
867170,0.007745741
867171,0.98997664
867172,0.029328465
867173,0.9019911
867174,0.28381667
867175,0.9833698
867176,0.99682486
867177,0.18530683
867178,0.994926
867179,0.08016993
867180,0.9866619
867181,0.05098909
867182,0.011757263
867183,0.98743206
867184,0.9959808
867185,0.017378852
867186,0.99476385
867187,0.97839475
867188,0.008385612
867189,0.17167777
867190,0.8787533
867191,0.6113167
867192,0.17101067
867193,0.04628154
867194,0.1802129
867195,0.083048075
867196,0.007526688
867197,0.99220616
867198,0.012292277
867199,0.6401775
867200,0.051646914
867201,0.0008100844
867202,0.99156046
867203,0.02605892
867204,0.973128
867205,0.9878965
867206,0.9881704
867207,0.17094417
867208,0.0035027368
867209,0.019237917
867210,0.8997696
867211,0.8515225
867212,0.99050033
867213,0.6181967
867214,0.96231145
867215,0.86058754
867216,0.99875766
867217,0.94441175
867218,0.017443843
867219,0.60858506
867220,0.020307222
867221,0.9557787
867222,0.17857906
867223,0.8169015
867224,0.0055323434
867225,0.08670958
867226,0.9908942
867227,0.90760595
867228,0.9907513
867229,0.968957
867230,0.71457297
867231,0.96804637
867232,0.4552928
867233,0.97803575
867234,0.9984879
867235,0.98900753
867236,0.016253738
867237,0.6524307
867238,0.079399124
867239,0.07780133
867240,0.9954586
867241,0.306945
867242,0.787684
867243,0.044671487
867244,0.89135474
867245,0.047954418
867246,0.9054609
867247,0.98194087
867248,0.11910802
867249,0.0092052445
867250,0.013355428
867251,0.4658737
867252,0.98844504
867253,0.010818082
867254,0.98626035
867255,0.016852459
867256,0.051568337
867257,0.06307435
867258,0.030120391
867259,0.99682647
867260,0.053437006
867261,0.0062837256
867262,0.0037085342
867263,0.9629256
867264,0.89810896
867265,0.037978247
867266,0.42914212
867267,0.2508971
867268,0.33764207
867269,0.022891084
867270,0.9906119
867271,0.9675899
867272,0.009501999
867273,0.12295906
867274,0.57994854
867275,0.010252377
867276,0.41686487
867277,0.9912039
867278,0.55417204
867279,0.98076725
867280,0.1811234
867281,0.008688446
867282,0.016427174
867283,0.024113413
867284,0.020619828
867285,0.99230367
867286,0.93991053
867287,0.100212514
867288,0.7661
867289,0.017194143
867290,0.01052765
867291,0.039373502
867292,0.0058169104
867293,0.027075592
867294,0.027623944
867295,0.2297667
867296,0.18050304
867297,0.9962435
867298,0.8382056
867299,0.0355205
867300,0.0040972764
867301,0.21823993
867302,0.114062704
867303,0.023660157
867304,0.9270857
867305,0.6895474
867306,0.26484153
867307,0.9962572
867308,0.2327336
867309,0.91664755
867310,0.3766789
867311,0.50962204
867312,0.024700217
867313,0.96994346
867314,0.77665716
867315,0.8811625
867316,0.0018404712
867317,0.16273133
867318,0.088920884
867319,0.94345117
867320,0.0029679919
867321,0.8352235
867322,0.8092366
867323,0.06590247
867324,0.9643293
867325,0.1897805
867326,0.08728333
867327,0.9880705
867328,0.055771854
867329,0.99528337
867330,0.0036072857
867331,0.9484896
867332,0.9595066
867333,0.94331086
867334,0.024672033
867335,0.0701649
867336,0.96826535
867337,0.31438693
867338,0.989714
867339,0.011006327
867340,0.0314539
867341,0.25950897
867342,0.866412
867343,0.1967447
867344,0.9913143
867345,0.9608405
867346,0.9102169
867347,0.9579402
867348,0.021011712
867349,0.95325035
867350,0.2749588
867351,0.010197904
867352,0.98985004
867353,0.6822968
867354,0.99758434
867355,0.06561083
867356,0.99454033
867357,0.002910416
867358,0.993248
867359,0.11028572
867360,0.8051425
867361,0.03308548
867362,0.9150704
867363,0.004405072
867364,0.9154306
867365,0.9272232
867366,0.008149516
867367,0.97623235
867368,0.99474204
867369,0.23448043
867370,0.2559114
867371,0.024968665
867372,0.01634653
867373,0.845578
867374,0.069921896
867375,0.76772285
867376,0.031114407
867377,0.9757705
867378,0.6376493
867379,0.9172458
867380,0.9962897
867381,0.44380945
867382,0.0021408554
867383,0.9896622
867384,0.01510106
867385,0.9903762
867386,0.0052051735
867387,0.2707313
867388,0.047263227
867389,0.9870335
867390,0.1193251
867391,0.9041071
867392,0.96564794
867393,0.7632868
867394,0.89208734
867395,0.7996163
867396,0.95005506
867397,0.060362432
867398,0.0032575978
867399,0.0057003493
867400,0.95795697
867401,0.85733855
867402,0.99337596
867403,0.02672368
867404,0.049920034
867405,0.01062983
867406,0.99369514
867407,0.012260144
867408,0.005276115
867409,0.118915334
867410,0.64884067
867411,0.63183635
867412,0.9248427
867413,0.041143306
867414,0.26288685
867415,0.07041918
867416,0.087987706
867417,0.9625653
867418,0.04196359
867419,0.8965571
867420,0.85408646
867421,0.0066376813
867422,0.904057
867423,0.0079930555
867424,0.24203254
867425,0.46718517
867426,0.29764032
867427,0.84561604
867428,0.95536953
867429,0.7532911
867430,0.919111
867431,0.02232054
867432,0.27455005
867433,0.12468627
867434,0.0132860625
867435,0.9239221
867436,0.2728051
867437,0.01649027
867438,0.87127864
867439,0.07985277
867440,0.053292062
867441,0.7789695
867442,0.99920213
867443,0.0074601863
867444,0.2505183
867445,0.005235678
867446,0.0053462023
867447,0.009690407
867448,0.18099687
867449,0.9291613
867450,0.99238676
867451,0.09058021
867452,0.9638077
867453,0.7544482
867454,0.97241783
867455,0.014857374
867456,0.006574871
867457,0.8990496
867458,0.6995149
867459,0.97338635
867460,0.016201053
867461,0.0053548054
867462,0.9938875
867463,0.112892374
867464,0.9448945
867465,0.064215824
867466,0.9986339
867467,0.9672871
867468,0.19376326
867469,0.94398844
867470,0.030913945
867471,0.99398124
867472,0.00044560118
867473,0.1542742
867474,0.017775975
867475,0.9966676
867476,0.116896465
867477,0.99241644
867478,0.9984247
867479,0.069707744
867480,0.008042552
867481,0.07082398
867482,0.054332316
867483,0.30626905
867484,0.12984589
867485,0.0025972188
867486,0.9910394
867487,0.9839252
867488,0.027964815
867489,0.028316222
867490,0.3154834
867491,0.009579503
867492,0.009769942
867493,0.9801415
867494,0.7514527
867495,0.18320726
867496,0.14139414
867497,0.48492935
867498,0.93937165
867499,0.99710894
867500,0.9473424
867501,0.8746865
867502,0.93772084
867503,0.9913735
867504,0.01312045
867505,0.050857555
867506,0.07640371
867507,0.95257694
867508,0.016540285
867509,0.70447856
867510,0.2435581
867511,0.98602116
867512,0.9744816
867513,0.029018492
867514,0.8082744
867515,0.15005283
867516,0.99872935
867517,0.46131352
867518,0.028805004
867519,0.9475943
867520,0.86862546
867521,0.89349973
867522,0.0031503406
867523,0.020193003
867524,0.99528396
867525,0.9798304
867526,0.6697713
867527,0.06663951
867528,0.99182105
867529,0.025867295
867530,0.0035802894
867531,0.044042733
867532,0.026406663
867533,0.09343756
867534,0.86423045
867535,0.017970582
867536,0.014274359
867537,0.15923758
867538,0.45330548
867539,0.9836557
867540,0.9822474
867541,0.7737561
867542,0.036069103
867543,0.98280406
867544,0.09227054
867545,0.691042
867546,0.030825023
867547,0.94711614
867548,0.9957194
867549,0.2437753
867550,0.99932396
867551,0.4618473
867552,0.45740896
867553,0.10500013
867554,0.001648803
867555,0.08760929
867556,0.10726307
867557,0.0014683965
867558,0.039767534
867559,0.8446443
867560,0.029724529
867561,0.89122653
867562,0.17417772
867563,0.5308834
867564,0.009939645
867565,0.44912598
867566,0.019025462
867567,0.0070032286
867568,0.034121912
867569,0.2570858
867570,0.96143216
867571,0.14609306
867572,0.55475307
867573,0.005397504
867574,0.9294541
867575,0.06786807
867576,0.078896515
867577,0.014108716
867578,0.6981198
867579,0.0069458424
867580,0.97514474
867581,0.013346039
867582,0.5766211
867583,0.97171915
867584,0.99886185
867585,0.06564965
867586,0.013875723
867587,0.8913498
867588,0.5393049
867589,0.626174
867590,0.1976599
867591,0.8254445
867592,0.79738873
867593,0.02623703
867594,0.024490364
867595,0.9155131
867596,0.9995225
867597,0.98978233
867598,0.02683036
867599,0.72292113
867600,0.050349075
867601,0.021003509
867602,0.9092105
867603,0.51639163
867604,0.1664502
867605,0.9360951
867606,0.9742827
867607,0.21637037
867608,0.25338262
867609,0.98072314
867610,0.021507613
867611,0.0106139
867612,0.06996815
867613,0.041336507
867614,0.023450248
867615,0.9876946
867616,0.0039003782
867617,0.134447
867618,0.9863158
867619,0.8544907
867620,0.9935352
867621,0.112055175
867622,0.8596027
867623,0.26871413
867624,0.18990512
867625,0.080369346
867626,0.06619188
867627,0.01268518
867628,0.15737753
867629,0.17401609
867630,0.35934198
867631,0.054787166
867632,0.9047209
867633,0.031143717
867634,0.16273744
867635,0.0047190916
867636,0.01428344
867637,0.944075
867638,0.84803176
867639,0.4612047
867640,0.9919327
867641,0.017132588
867642,0.9883589
867643,0.6874738
867644,0.88176227
867645,0.983101
867646,0.35737008
867647,0.13598022
867648,0.13659072
867649,0.9603187
867650,0.96817315
867651,0.09813468
867652,0.06925208
867653,0.9423906
867654,0.5839077
867655,0.057869084
867656,0.9779689
867657,0.82798266
867658,0.762195
867659,0.0004240038
867660,0.000944898
867661,0.022251211
867662,0.0038645854
867663,0.97322494
867664,0.027463298
867665,0.9867134
867666,0.9517333
867667,0.791964
867668,0.15054955
867669,0.8669817
867670,0.015156671
867671,0.025293997
867672,0.29857942
867673,0.07816687
867674,0.4471702
867675,0.94457734
867676,0.9978601
867677,0.7998232
867678,0.9973885
867679,0.32643262
867680,0.9748107
867681,0.33263493
867682,0.33706897
867683,0.3946091
867684,0.006040667
867685,0.80013037
867686,0.05402674
867687,0.9380721
867688,0.992801
867689,0.8842389
867690,0.083669364
867691,0.9184965
867692,0.039389636
867693,0.9961958
867694,0.3751608
867695,0.0074185585
867696,0.41526005
867697,0.5996493
867698,0.02377942
867699,0.032252222
867700,0.3985699
867701,0.013560271
867702,0.9922951
867703,0.18382016
867704,0.0036104037
867705,0.33191425
867706,0.02399632
867707,0.99529904
867708,0.010703716
867709,0.9088374
867710,0.1733454
867711,0.9969057
867712,0.016199823
867713,0.6449036
867714,0.015755842
867715,0.002129121
867716,0.008405919
867717,0.059595194
867718,0.48535955
867719,0.13307685
867720,0.94631684
867721,0.020998219
867722,0.57351315
867723,0.97898215
867724,0.58317053
867725,0.62767386
867726,0.049851164
867727,0.8071533
867728,0.029202934
867729,0.5307919
867730,0.028616846
867731,0.25563508
867732,0.3417191
867733,0.97547555
867734,0.9794415
867735,0.9693673
867736,0.9697832
867737,0.9036264
867738,0.007886526
867739,0.99635386
867740,0.6180045
867741,0.8996841
867742,0.603907
867743,0.044436768
867744,0.25267738
867745,0.025189389
867746,0.2633405
867747,0.9830676
867748,0.9256153
867749,0.05370228
867750,0.2121999
867751,0.01754078
867752,0.9820038
867753,0.018239873
867754,0.0032357231
867755,0.17087284
867756,0.87731457
867757,0.45208305
867758,0.87239677
867759,0.87206864
867760,0.68747705
867761,0.2122474
867762,0.45317796
867763,0.307167
867764,0.8896941
867765,0.013580266
867766,0.004254628
867767,0.9870392
867768,0.2017891
867769,0.23575847
867770,0.011032563
867771,0.02286027
867772,0.42107332
867773,0.020163624
867774,0.95641226
867775,0.9928094
867776,0.92144686
867777,0.39285195
867778,0.23097257
867779,0.90198475
867780,0.34750146
867781,0.020761427
867782,0.012396412
867783,0.99786603
867784,0.9702431
867785,0.10345735
867786,0.7435796
867787,0.98679256
867788,0.043915685
867789,0.07388815
867790,0.930141
867791,0.87878126
867792,0.021136777
867793,0.64212036
867794,0.523239
867795,0.029933577
867796,0.2624995
867797,0.682197
867798,0.4209484
867799,0.9932079
867800,0.7450788
867801,0.9705173
867802,0.024054382
867803,0.06768461
867804,0.017011818
867805,0.03536425
867806,0.05512292
867807,0.99459034
867808,0.73323745
867809,0.99174607
867810,0.3730132
867811,0.580608
867812,0.1591171
867813,0.08116804
867814,0.9577744
867815,0.08164257
867816,0.95362437
867817,0.0113018565
867818,0.9408793
867819,0.83664787
867820,0.08483031
867821,0.9529048
867822,0.01183356
867823,0.8406655
867824,0.004195639
867825,0.8089371
867826,0.95159274
867827,0.91644835
867828,0.9105916
867829,0.008749754
867830,0.008863441
867831,0.116462246
867832,0.007952606
867833,0.993931
867834,0.994391
867835,0.024371631
867836,0.8233395
867837,0.966239
867838,0.42833242
867839,0.9890008
867840,0.86654615
867841,0.9417019
867842,0.5574777
867843,0.3816869
867844,0.85665756
867845,0.78640234
867846,0.22183044
867847,0.028877532
867848,0.99513364
867849,0.38069722
867850,0.31551355
867851,0.012777425
867852,0.9932724
867853,0.004965448
867854,0.20174758
867855,0.3417926
867856,0.11749974
867857,0.011947791
867858,0.90964746
867859,0.9701363
867860,0.41724476
867861,0.13832487
867862,0.97678316
867863,0.985643
867864,0.8476333
867865,0.37444478
867866,0.99914384
867867,0.99276084
867868,0.4430295
867869,0.9917717
867870,0.029189
867871,0.9956198
867872,0.019282827
867873,0.1609753
867874,0.9857864
867875,0.96669966
867876,0.12633933
867877,0.8719281
867878,0.1631937
867879,0.78627586
867880,0.99425524
867881,0.9434406
867882,0.01668902
867883,0.03006662
867884,0.989467
867885,0.41930032
867886,0.96911
867887,0.023226198
867888,0.06263288
867889,0.0037268114
867890,0.021963064
867891,0.36259028
867892,0.98258394
867893,0.93399733
867894,0.99913013
867895,0.00309574
867896,0.029660761
867897,0.02422313
867898,0.990569
867899,0.010817455
867900,0.03579069
867901,0.6161529
867902,0.02696625
867903,0.9492371
867904,0.009052405
867905,0.003413435
867906,0.67684126
867907,0.90794283
867908,0.049989946
867909,0.96408886
867910,0.9969716
867911,0.9393392
867912,0.080260366
867913,0.034821287
867914,0.98834395
867915,0.08474432
867916,0.31019706
867917,0.020039996
867918,0.0077900807
867919,0.32457
867920,0.30841735
867921,0.9594351
867922,0.09166881
867923,0.11730218
867924,0.9562803
867925,0.9857306
867926,0.7383635
867927,0.009125911
867928,0.38957193
867929,0.05109664
867930,0.045764867
867931,0.966716
867932,0.0094773825
867933,0.010202755
867934,0.75636566
867935,0.06345643
867936,0.013933126
867937,0.95613176
867938,0.9268129
867939,0.9996318
867940,0.9611446
867941,0.066101484
867942,0.4336512
867943,0.035634436
867944,0.12669018
867945,0.030501906
867946,0.3595065
867947,0.21432453
867948,0.29737127
867949,0.38393733
867950,0.8632388
867951,0.013687809
867952,0.99921584
867953,0.24542645
867954,0.32653224
867955,0.0063490844
867956,0.483446
867957,0.99582195
867958,0.9987736
867959,0.9867138
867960,0.668984
867961,0.5608995
867962,0.30685642
867963,0.018719267
867964,0.03472934
867965,0.2789677
867966,0.011984464
867967,0.983204
867968,0.8052882
867969,0.997107
867970,0.15330824
867971,0.8323499
867972,0.5311268
867973,0.9908409
867974,0.04650779
867975,0.9986373
867976,0.057204857
867977,0.91421974
867978,0.30394384
867979,0.0021574816
867980,0.11362275
867981,0.0533511
867982,0.04603249
867983,0.9396789
867984,0.9934768
867985,0.037181642
867986,0.43660775
867987,0.6814025
867988,0.96568406
867989,0.9345952
867990,0.018195383
867991,0.32973891
867992,0.98010266
867993,0.22258182
867994,0.057285633
867995,0.9704723
867996,0.02094206
867997,0.03460777
867998,0.9824501
867999,0.019501848
868000,0.091392174
868001,0.042413883
868002,0.0045949062
868003,0.15143533
868004,0.0041291765
868005,0.82022667
868006,0.49785465
868007,0.03185279
868008,0.030272584
868009,0.5671949
868010,0.99135447
868011,0.8518003
868012,0.8172312
868013,0.1432216
868014,0.05307535
868015,0.9980759
868016,0.9841116
868017,0.996832
868018,0.07061987
868019,0.23636383
868020,0.011998059
868021,0.99296904
868022,0.055040326
868023,0.11233576
868024,0.14113253
868025,0.0908812
868026,0.20046619
868027,0.6469125
868028,0.8996558
868029,0.9976221
868030,0.45020264
868031,0.14716312
868032,0.055940025
868033,0.7598828
868034,0.76913327
868035,0.01736272
868036,0.3823182
868037,0.057329446
868038,0.3490768
868039,0.085669376
868040,0.9398644
868041,0.12261455
868042,0.7967638
868043,0.923997
868044,0.9962877
868045,0.9102465
868046,0.022912873
868047,0.18551536
868048,0.079407915
868049,0.46418297
868050,0.081533134
868051,0.9899156
868052,0.050835095
868053,0.9488328
868054,0.9987223
868055,0.54953265
868056,0.9752119
868057,0.03546247
868058,0.23033606
868059,0.53551424
868060,0.050335456
868061,0.9517931
868062,0.871091
868063,0.52891827
868064,0.99930954
868065,0.04511276
868066,0.68115854
868067,0.17863417
868068,0.09501704
868069,0.98655355
868070,0.040311936
868071,0.42165253
868072,0.013585821
868073,0.009144518
868074,0.026308253
868075,0.38024
868076,0.8144561
868077,0.9632249
868078,0.7889344
868079,0.028334664
868080,0.115328066
868081,0.98331845
868082,0.08070185
868083,0.20526604
868084,0.5337564
868085,0.02186988
868086,0.00616654
868087,0.98423934
868088,0.8239041
868089,0.2686501
868090,0.96507263
868091,0.0077022198
868092,0.016050896
868093,0.6190858
868094,0.94518304
868095,0.08185144
868096,0.7934223
868097,0.07065858
868098,0.94353276
868099,0.037960827
868100,0.015198946
868101,0.40773275
868102,0.11930661
868103,0.012597889
868104,0.99301296
868105,0.24554351
868106,0.10127559
868107,0.00853506
868108,0.023578627
868109,0.9217042
868110,0.47995332
868111,0.03419516
868112,0.8468504
868113,0.058284715
868114,0.991009
868115,0.22480834
868116,0.0047330093
868117,0.026411176
868118,0.9965824
868119,0.081410386
868120,0.980507
868121,0.96195436
868122,0.050791234
868123,0.29613584
868124,0.24505328
868125,0.89228487
868126,0.66016066
868127,0.011650924
868128,0.0024633866
868129,0.0028221956
868130,0.9842671
868131,0.4704404
868132,0.9854711
868133,0.01244302
868134,0.6155905
868135,0.04558846
868136,0.0054202788
868137,0.075717844
868138,0.87261426
868139,0.0571541
868140,0.03714119
868141,0.047611468
868142,0.0236634
868143,0.006703847
868144,0.84970593
868145,0.13976972
868146,0.9645668
868147,0.011776838
868148,0.007409207
868149,0.9606998
868150,0.021861173
868151,0.023633042
868152,0.36810255
868153,0.024934141
868154,0.047199495
868155,0.0069295103
868156,0.02509947
868157,0.8129773
868158,0.5194055
868159,0.31008357
868160,0.013417943
868161,0.10068269
868162,0.1731706
868163,0.042401966
868164,0.65811944
868165,0.71245444
868166,0.99590015
868167,0.95171267
868168,0.5190574
868169,0.9653738
868170,0.75040436
868171,0.9773073
868172,0.0046270997
868173,0.9830572
868174,0.014778442
868175,0.1833894
868176,0.009105145
868177,0.009405752
868178,0.016505063
868179,0.9700016
868180,0.0573935
868181,0.531939
868182,0.0022590833
868183,0.9976821
868184,0.030694172
868185,0.10399609
868186,0.016792744
868187,0.9852798
868188,0.04176341
868189,0.97647303
868190,0.9354698
868191,0.019421162
868192,0.9797427
868193,0.0076983105
868194,0.48017442
868195,0.2124518
868196,0.0067564896
868197,0.6903288
868198,0.9870029
868199,0.015118907
868200,0.9491674
868201,0.62715364
868202,0.445628
868203,0.8536167
868204,0.015630316
868205,0.03826387
868206,0.0048918035
868207,0.9766326
868208,0.0012021168
868209,0.005819994
868210,0.04179828
868211,0.96052617
868212,0.040177483
868213,0.012155188
868214,0.99841714
868215,0.031115532
868216,0.76294553
868217,0.03731098
868218,0.90926105
868219,0.49613172
868220,0.9765164
868221,0.6724183
868222,0.01486826
868223,0.8326126
868224,0.017713185
868225,0.86581403
868226,0.06996404
868227,0.8369409
868228,0.030595839
868229,0.9546293
868230,0.10652208
868231,0.67506075
868232,0.7752588
868233,0.7332617
868234,0.056425586
868235,0.9948114
868236,0.010856092
868237,0.9592774
868238,0.0059421416
868239,0.03250072
868240,0.9624691
868241,0.015683902
868242,0.019730393
868243,0.9781909
868244,0.045484684
868245,0.24757227
868246,0.87426287
868247,0.99792916
868248,0.9602922
868249,0.20369191
868250,0.25650847
868251,0.8493552
868252,0.09858982
868253,0.0030302904
868254,0.9968662
868255,0.009865267
868256,0.039421547
868257,0.9939921
868258,0.002520788
868259,0.87114334
868260,0.9123137
868261,0.8742398
868262,0.27868992
868263,0.9816814
868264,0.9003727
868265,0.99106294
868266,0.19333237
868267,0.020675283
868268,0.99876034
868269,0.09139618
868270,0.99462205
868271,0.02568591
868272,0.07483903
868273,0.09739391
868274,0.8075901
868275,0.6083324
868276,0.73463976
868277,0.058311686
868278,0.0036405204
868279,0.030565223
868280,0.01701591
868281,0.9833745
868282,0.0105114505
868283,0.73895615
868284,0.9332383
868285,0.7348615
868286,0.027847722
868287,0.014891582
868288,0.014986331
868289,0.63478774
868290,0.025782723
868291,0.015109663
868292,0.824232
868293,0.02909553
868294,0.99770814
868295,0.95636976
868296,0.9842809
868297,0.16239008
868298,0.92084527
868299,0.04076703
868300,0.98867667
868301,0.015020254
868302,0.99766463
868303,0.010633662
868304,0.068556786
868305,0.002319464
868306,0.025897576
868307,0.29392552
868308,0.7776773
868309,0.020223884
868310,0.98709124
868311,0.26987183
868312,0.9700246
868313,0.16997561
868314,0.009160544
868315,0.8644374
868316,0.9954847
868317,0.9923238
868318,0.049389727
868319,0.03758659
868320,0.032870367
868321,0.99575984
868322,0.85079205
868323,0.9775104
868324,0.49610728
868325,0.006828906
868326,0.0035889407
868327,0.06830326
868328,0.08202335
868329,0.9781284
868330,0.9973939
868331,0.026040234
868332,0.84215707
868333,0.010037345
868334,0.97654146
868335,0.9766406
868336,0.9924317
868337,0.031235736
868338,0.7836901
868339,0.95025396
868340,0.8303269
868341,0.97390103
868342,0.07300721
868343,0.84543425
868344,0.73626935
868345,0.64256424
868346,0.90565896
868347,0.06205203
868348,0.019969601
868349,0.5872106
868350,0.77665114
868351,0.082411036
868352,0.0118559655
868353,0.8044913
868354,0.09473226
868355,0.08035537
868356,0.9091697
868357,0.07084884
868358,0.16536722
868359,0.95017743
868360,0.8975896
868361,0.89672434
868362,0.006707474
868363,0.016513705
868364,0.001967596
868365,0.9727212
868366,0.015396036
868367,0.08207819
868368,0.94884896
868369,0.13294154
868370,0.9710964
868371,0.989118
868372,0.14035445
868373,0.14008702
868374,0.26674944
868375,0.7731661
868376,0.9785546
868377,0.39246374
868378,0.15151814
868379,0.93905544
868380,0.75873715
868381,0.44055128
868382,0.06299522
868383,0.44359037
868384,0.98955774
868385,0.1369172
868386,0.99170196
868387,0.77302593
868388,0.043046944
868389,0.9498965
868390,0.22093377
868391,0.042100523
868392,0.57019234
868393,0.30449206
868394,0.3465066
868395,0.9935633
868396,0.9597908
868397,0.0058639785
868398,0.6549859
868399,0.011957179
868400,0.96104443
868401,0.5964202
868402,0.4788252
868403,0.0057912306
868404,0.9362854
868405,0.5175477
868406,0.79817194
868407,0.9990219
868408,0.9973755
868409,0.42281872
868410,0.90335035
868411,0.021303713
868412,0.52700454
868413,0.0108010275
868414,0.008672994
868415,0.8438982
868416,0.9931055
868417,0.93471336
868418,0.006292034
868419,0.99843323
868420,0.9863122
868421,0.003650625
868422,0.97955084
868423,0.02769886
868424,0.10034167
868425,0.9649199
868426,0.033889513
868427,0.049506303
868428,0.08441643
868429,0.5572184
868430,0.022169773
868431,0.16309506
868432,0.009261866
868433,0.96738243
868434,0.16829646
868435,0.9658896
868436,0.11180376
868437,0.6544344
868438,0.98888355
868439,0.9935758
868440,0.17407683
868441,0.45586705
868442,0.9540204
868443,0.22302023
868444,0.9914957
868445,0.3809436
868446,0.080840856
868447,0.86341465
868448,0.9909867
868449,0.9894877
868450,0.075645655
868451,0.15049815
868452,0.005136627
868453,0.9832949
868454,0.9674829
868455,0.08511457
868456,0.9414829
868457,0.046233647
868458,0.9988112
868459,0.023010937
868460,0.6086453
868461,0.019945359
868462,0.36213693
868463,0.7278712
868464,0.22522247
868465,0.75937366
868466,0.44366717
868467,0.6479407
868468,0.12237042
868469,0.72692764
868470,0.014062866
868471,0.6644781
868472,0.19968247
868473,0.8425139
868474,0.14259666
868475,0.032562423
868476,0.77206945
868477,0.9966928
868478,0.06158471
868479,0.014470436
868480,0.9611193
868481,0.8923007
868482,0.016530586
868483,0.23973021
868484,0.18589854
868485,0.6742302
868486,0.6405797
868487,0.9971241
868488,0.95891577
868489,0.008026572
868490,0.9435274
868491,0.9827096
868492,0.009474384
868493,0.0816215
868494,0.75120556
868495,0.82178956
868496,0.009957407
868497,0.23637101
868498,0.4215228
868499,0.06723682
868500,0.9923521
868501,0.039372474
868502,0.9228561
868503,0.632393
868504,0.93411005
868505,0.99425274
868506,0.8121624
868507,0.9979172
868508,0.88555574
868509,0.0037590875
868510,0.07310304
868511,0.0032271198
868512,0.03326927
868513,0.0056584436
868514,0.04977211
868515,0.30907935
868516,0.53461707
868517,0.28091812
868518,0.035522185
868519,0.079286784
868520,0.94804776
868521,0.015313972
868522,0.025713183
868523,0.18640414
868524,0.9519252
868525,0.044847857
868526,0.0031005535
868527,0.023702981
868528,0.9287061
868529,0.33670107
868530,0.38019055
868531,0.12232018
868532,0.078869544
868533,0.07828467
868534,0.9567728
868535,0.3309985
868536,0.02438394
868537,0.98914844
868538,0.97332335
868539,0.27585596
868540,0.18465853
868541,0.98312265
868542,0.09410235
868543,0.1060916
868544,0.9599588
868545,0.0078579215
868546,0.04819424
868547,0.032168284
868548,0.9234397
868549,0.13514961
868550,0.96497184
868551,0.0011997579
868552,0.010004021
868553,0.9951945
868554,0.98283595
868555,0.9227589
868556,0.87289584
868557,0.9334272
868558,0.95611453
868559,0.7800059
868560,0.9164659
868561,0.013620865
868562,0.99545383
868563,0.13940845
868564,0.005428662
868565,0.9938166
868566,0.28094313
868567,0.99793607
868568,0.9633101
868569,0.0017832402
868570,0.9309125
868571,0.47295284
868572,0.0053966427
868573,0.9315951
868574,0.25100395
868575,0.015777826
868576,0.040629372
868577,0.9552207
868578,0.008442079
868579,0.017814066
868580,0.19772722
868581,0.056844022
868582,0.9980624
868583,0.77134407
868584,0.99919945
868585,0.45054448
868586,0.089303315
868587,0.0499014
868588,0.84425026
868589,0.9993646
868590,0.04570589
868591,0.9989548
868592,0.84840703
868593,0.984993
868594,0.45349497
868595,0.9055019
868596,0.07754464
868597,0.32348478
868598,0.008122368
868599,0.022941753
868600,0.030499114
868601,0.99858624
868602,0.033542357
868603,0.006081338
868604,0.020825103
868605,0.05019484
868606,0.047769822
868607,0.46063095
868608,0.84051365
868609,0.5762276
868610,0.9302964
868611,0.14671324
868612,0.95382655
868613,0.080939814
868614,0.8671403
868615,0.98416543
868616,0.001987352
868617,0.18108453
868618,0.5842228
868619,0.051760472
868620,0.39603618
868621,0.043146424
868622,0.04134084
868623,0.026582211
868624,0.005855332
868625,0.003820314
868626,0.3355261
868627,0.8119158
868628,0.52215433
868629,0.92706275
868630,0.1776564
868631,0.13351998
868632,0.76547056
868633,0.16835955
868634,0.04116702
868635,0.30512807
868636,0.85163355
868637,0.59480834
868638,0.8325753
868639,0.99912995
868640,0.18935978
868641,0.0032605284
868642,0.63417834
868643,0.18492374
868644,0.9993323
868645,0.2958144
868646,0.9462878
868647,0.42927462
868648,0.051245227
868649,0.0033647174
868650,0.28966093
868651,0.9689739
868652,0.78495026
868653,0.9631265
868654,0.9962971
868655,0.7217345
868656,0.16508964
868657,0.70449007
868658,0.042348333
868659,0.7731566
868660,0.7895725
868661,0.5229078
868662,0.0035904688
868663,0.022175696
868664,0.013851293
868665,0.93843246
868666,0.9364723
868667,0.9533098
868668,0.015652386
868669,0.9209497
868670,0.09198001
868671,0.46443546
868672,0.9383381
868673,0.76653254
868674,0.85403687
868675,0.97137547
868676,0.09966933
868677,0.36632293
868678,0.99195725
868679,0.011796483
868680,0.9977087
868681,0.033652227
868682,0.5364363
868683,0.96554375
868684,0.9040008
868685,0.035183907
868686,0.20285788
868687,0.038102098
868688,0.9255507
868689,0.006199906
868690,0.14197908
868691,0.685851
868692,0.13830936
868693,0.91849184
868694,0.012369866
868695,0.021678193
868696,0.03917657
868697,0.5460063
868698,0.32457745
868699,0.9758805
868700,0.9942369
868701,0.027381836
868702,0.7213553
868703,0.015645312
868704,0.9969794
868705,0.02809238
868706,0.01276001
868707,0.007070604
868708,0.9967327
868709,0.9282419
868710,0.025711674
868711,0.2864106
868712,0.007630905
868713,0.0059855413
868714,0.38204163
868715,0.086248256
868716,0.19871601
868717,0.7241275
868718,0.032948215
868719,0.0048754197
868720,0.09277052
868721,0.6216968
868722,0.9851626
868723,0.36620077
868724,0.05508703
868725,0.02141703
868726,0.99695826
868727,0.008199088
868728,0.8726949
868729,0.008534871
868730,0.031987436
868731,0.56199884
868732,0.964512
868733,0.01102896
868734,0.49480236
868735,0.23079574
868736,0.98438406
868737,0.08588449
868738,0.011245076
868739,0.013844519
868740,0.03355935
868741,0.9325129
868742,0.117313564
868743,0.11487375
868744,0.82084465
868745,0.18467146
868746,0.99448276
868747,0.10457802
868748,0.7223856
868749,0.9051744
868750,0.4037449
868751,0.85622966
868752,0.8989915
868753,0.010878337
868754,0.06364858
868755,0.017697966
868756,0.08080457
868757,0.4510213
868758,0.08854326
868759,0.9230701
868760,0.016553344
868761,0.9952286
868762,0.1260494
868763,0.04239638
868764,0.03263945
868765,0.25379086
868766,0.71755916
868767,0.6350199
868768,0.9694987
868769,0.01359735
868770,0.012016245
868771,0.9984741
868772,0.009766308
868773,0.98670197
868774,0.80210614
868775,0.40535936
868776,0.029116409
868777,0.90602803
868778,0.03254823
868779,0.6406766
868780,0.26159102
868781,0.008934212
868782,0.92844373
868783,0.9964348
868784,0.90378696
868785,0.054482896
868786,0.00461696
868787,0.31683427
868788,0.96043247
868789,0.072414696
868790,0.98279315
868791,0.24196973
868792,0.19087265
868793,0.99825525
868794,0.99462545
868795,0.24372913
868796,0.41763312
868797,0.083899826
868798,0.102327526
868799,0.9749588
868800,0.035170272
868801,0.9698029
868802,0.87084544
868803,0.058972754
868804,0.1899035
868805,0.46374315
868806,0.998222
868807,0.28375766
868808,0.99840164
868809,0.00726225
868810,0.05936302
868811,0.8450174
868812,0.9103316
868813,0.99429524
868814,0.64327216
868815,0.9954939
868816,0.9807606
868817,0.058568574
868818,0.99319905
868819,0.871088
868820,0.9879605
868821,0.024731368
868822,0.81453353
868823,0.67849636
868824,0.02243422
868825,0.991418
868826,0.05609768
868827,0.014470771
868828,0.95522344
868829,0.9885629
868830,0.14856598
868831,0.9992393
868832,0.98940104
868833,0.044887472
868834,0.788851
868835,0.10766065
868836,0.1694566
868837,0.15440606
868838,0.7234416
868839,0.043650523
868840,0.9871503
868841,0.94004846
868842,0.010823687
868843,0.14197929
868844,0.3634079
868845,0.4656126
868846,0.6966245
868847,0.9828087
868848,0.03318048
868849,0.9893151
868850,0.004987523
868851,0.9936715
868852,0.87630355
868853,0.014367852
868854,0.023936536
868855,0.8308758
868856,0.009304307
868857,0.2531452
868858,0.45441473
868859,0.26559615
868860,0.1616831
868861,0.10922123
868862,0.9924526
868863,0.97324693
868864,0.017419776
868865,0.9753295
868866,0.9216844
868867,0.14294969
868868,0.12031644
868869,0.018282516
868870,0.47156978
868871,0.72631127
868872,0.904502
868873,0.008866299
868874,0.15082356
868875,0.03760347
868876,0.008782968
868877,0.9879267
868878,0.9967099
868879,0.98815894
868880,0.6138561
868881,0.9994284
868882,0.98889005
868883,0.9991147
868884,0.7528781
868885,0.023550225
868886,0.98516154
868887,0.17397673
868888,0.9864975
868889,0.818977
868890,0.991869
868891,0.98521143
868892,0.8775969
868893,0.0075433017
868894,0.99786526
868895,0.99075836
868896,0.8747804
868897,0.9886925
868898,0.6829683
868899,0.9593826
868900,0.9019953
868901,0.37851253
868902,0.708415
868903,0.02348763
868904,0.4839301
868905,0.090912715
868906,0.8624511
868907,0.16090187
868908,0.019791614
868909,0.0137153985
868910,0.8880077
868911,0.9472965
868912,0.14844695
868913,0.13547084
868914,0.9642368
868915,0.45068425
868916,0.2038331
868917,0.014132556
868918,0.017970137
868919,0.012481667
868920,0.42132115
868921,0.43828955
868922,0.20261858
868923,0.99890316
868924,0.9228548
868925,0.89671373
868926,0.9955679
868927,0.003075772
868928,0.65810174
868929,0.58923495
868930,0.021224584
868931,0.06720331
868932,0.06392222
868933,0.22279485
868934,0.990952
868935,0.015206573
868936,0.35045886
868937,0.36877578
868938,0.98143256
868939,0.76220095
868940,0.99667126
868941,0.9970401
868942,0.9608286
868943,0.78331393
868944,0.062738314
868945,0.018108606
868946,0.19493982
868947,0.98874587
868948,0.15990043
868949,0.9995993
868950,0.9087483
868951,0.9521222
868952,0.1047635
868953,0.9976609
868954,0.22375587
868955,0.100907266
868956,0.9871632
868957,0.073604
868958,0.9959012
868959,0.20361519
868960,0.87759453
868961,0.9973246
868962,0.8529537
868963,0.71857846
868964,0.16665643
868965,0.0018595331
868966,0.21097216
868967,0.9963225
868968,0.86412054
868969,0.9981692
868970,0.6730222
868971,0.012374118
868972,0.113493025
868973,0.25502118
868974,0.85532975
868975,0.016013987
868976,0.25201288
868977,0.8588343
868978,0.6453407
868979,0.049092315
868980,0.23992516
868981,0.6158723
868982,0.96001047
868983,0.98621017
868984,0.9008076
868985,0.6232263
868986,0.8711215
868987,0.74141717
868988,0.9660764
868989,0.22873498
868990,0.66986656
868991,0.07995637
868992,0.07535998
868993,0.12231155
868994,0.028906798
868995,0.067412615
868996,0.051161796
868997,0.010236663
868998,0.0030415168
868999,0.65905255
869000,0.8949107
869001,0.9806794
869002,0.84386545
869003,0.016683672
869004,0.69147843
869005,0.008050168
869006,0.27937233
869007,0.9919409
869008,0.009421951
869009,0.004103927
869010,0.99090314
869011,0.06308173
869012,0.9818601
869013,0.12913707
869014,0.87453055
869015,0.033397168
869016,0.011444206
869017,0.1144159
869018,0.007222939
869019,0.14055498
869020,0.5324942
869021,0.7015796
869022,0.037975263
869023,0.0016574287
869024,0.0062729884
869025,0.9021088
869026,0.83480036
869027,0.90958893
869028,0.77378446
869029,0.97037965
869030,0.021718126
869031,0.8907237
869032,0.31244582
869033,0.95953006
869034,0.9518629
869035,0.55248773
869036,0.018553957
869037,0.056684114
869038,0.07757632
869039,0.008787523
869040,0.9280251
869041,0.88623005
869042,0.014469361
869043,0.97786856
869044,0.017097099
869045,0.21756451
869046,0.04977478
869047,0.86528695
869048,0.07678882
869049,0.96615684
869050,0.13031554
869051,0.12801142
869052,0.65690565
869053,0.9051979
869054,0.006176674
869055,0.99811125
869056,0.94602334
869057,0.9784155
869058,0.4926919
869059,0.7242286
869060,0.03252212
869061,0.8342049
869062,0.06166876
869063,0.83635324
869064,0.009955083
869065,0.50224644
869066,0.7075924
869067,0.9757165
869068,0.77140546
869069,0.059308354
869070,0.35806397
869071,0.58146834
869072,0.99700975
869073,0.010549249
869074,0.99811184
869075,0.8449345
869076,0.109080344
869077,0.020566633
869078,0.0017137148
869079,0.38832903
869080,0.05807694
869081,0.8958162
869082,0.9949368
869083,0.439905
869084,0.3213752
869085,0.04575906
869086,0.9511914
869087,0.080213144
869088,0.056437425
869089,0.839595
869090,0.13558772
869091,0.92251796
869092,0.88904023
869093,0.013123528
869094,0.4093829
869095,0.024887973
869096,0.010841954
869097,0.75029767
869098,0.043457687
869099,0.9611126
869100,0.10746646
869101,0.04512266
869102,0.012765678
869103,0.99055964
869104,0.9715653
869105,0.23824796
869106,0.6868936
869107,0.79035676
869108,0.2584851
869109,0.94647574
869110,0.952942
869111,0.042471018
869112,0.9831012
869113,0.9516671
869114,0.9980918
869115,0.22646394
869116,0.26699156
869117,0.011628172
869118,0.0074400622
869119,0.61643773
869120,0.99272853
869121,0.8886627
869122,0.2575193
869123,0.99478877
869124,0.010508712
869125,0.06763046
869126,0.5189928
869127,0.94766855
869128,0.9508903
869129,0.996079
869130,0.99333835
869131,0.015240967
869132,0.9723656
869133,0.9976026
869134,0.15076762
869135,0.9363019
869136,0.022652041
869137,0.9538072
869138,0.384624
869139,0.6292781
869140,0.06536563
869141,0.4485829
869142,0.28328663
869143,0.045095865
869144,0.4525166
869145,0.9987519
869146,0.036846828
869147,0.99555826
869148,0.035652753
869149,0.9944706
869150,0.9683099
869151,0.6336715
869152,0.986646
869153,0.2203633
869154,0.0047120866
869155,0.0069065993
869156,0.050987132
869157,0.117393315
869158,0.98575974
869159,0.99965096
869160,0.95594287
869161,0.02252663
869162,0.9268483
869163,0.05467446
869164,0.023840288
869165,0.02329266
869166,0.9828485
869167,0.3301496
869168,0.91850054
869169,0.002016664
869170,0.9609616
869171,0.13260928
869172,0.97689724
869173,0.9463651
869174,0.21167411
869175,0.83563566
869176,0.16989803
869177,0.035085518
869178,0.022591192
869179,0.015240038
869180,0.03934769
869181,0.9981748
869182,0.98518425
869183,0.059022643
869184,0.07287529
869185,0.2143229
869186,0.40045822
869187,0.039894752
869188,0.9968169
869189,0.94894546
869190,0.0013872352
869191,0.9985651
869192,0.014087591
869193,0.98115605
869194,0.9381087
869195,0.011127656
869196,0.4046764
869197,0.59150606
869198,0.8516992
869199,0.9896345
869200,0.96114147
869201,0.24157304
869202,0.0035580175
869203,0.9538026
869204,0.6512914
869205,0.02498034
869206,0.9254364
869207,0.24239035
869208,0.18374205
869209,0.96400785
869210,0.048995256
869211,0.99163306
869212,0.9410567
869213,0.47030833
869214,0.028733198
869215,0.99289536
869216,0.2678979
869217,0.007716525
869218,0.97813326
869219,0.014329175
869220,0.016261686
869221,0.25565922
869222,0.7297964
869223,0.017232835
869224,0.50160176
869225,0.9709588
869226,0.9987272
869227,0.26254633
869228,0.783232
869229,0.95961726
869230,0.012787697
869231,0.96282715
869232,0.9916078
869233,0.1425345
869234,0.8295876
869235,0.93907714
869236,0.20599005
869237,0.9968848
869238,0.0034883935
869239,0.91235477
869240,0.7792449
869241,0.013392376
869242,0.9992242
869243,0.9922828
869244,0.95287937
869245,0.13274288
869246,0.0038042648
869247,0.4205575
869248,0.8140162
869249,0.99724054
869250,0.970636
869251,0.3423438
869252,0.79487985
869253,0.021431867
869254,0.00682184
869255,0.51903933
869256,0.10289877
869257,0.011223765
869258,0.023344465
869259,0.0139839705
869260,0.31165916
869261,0.95430267
869262,0.014829196
869263,0.9904336
869264,0.0652157
869265,0.90901566
869266,0.95381117
869267,0.013848468
869268,0.015624184
869269,0.9943511
869270,0.035369657
869271,0.33235103
869272,0.2635273
869273,0.94266295
869274,0.9743849
869275,0.119474314
869276,0.008673006
869277,0.14279772
869278,0.9798939
869279,0.6666776
869280,0.059786353
869281,0.9638939
869282,0.021258244
869283,0.027734099
869284,0.001896284
869285,0.01780886
869286,0.87450933
869287,0.02037482
869288,0.8186674
869289,0.032507572
869290,0.9250456
869291,0.08104199
869292,0.72363275
869293,0.004127775
869294,0.036786668
869295,0.65919137
869296,0.02692978
869297,0.84913754
869298,0.97221196
869299,0.005056592
869300,0.9790556
869301,0.03348969
869302,0.9895383
869303,0.12693572
869304,0.10836786
869305,0.012221765
869306,0.93802035
869307,0.9992417
869308,0.99701315
869309,0.97542334
869310,0.77874935
869311,0.14762464
869312,0.11665195
869313,0.018191552
869314,0.9875753
869315,0.47186637
869316,0.0414555
869317,0.9990698
869318,0.39987522
869319,0.17344704
869320,0.01533911
869321,0.9841016
869322,0.3671088
869323,0.9875916
869324,0.66068256
869325,0.09327626
869326,0.9977884
869327,0.46541682
869328,0.17800084
869329,0.8798764
869330,0.99312
869331,0.45367908
869332,0.056871157
869333,0.8664797
869334,0.19053963
869335,0.9926187
869336,0.052695505
869337,0.41313708
869338,0.9958876
869339,0.9033826
869340,0.99966544
869341,0.9864886
869342,0.019672073
869343,0.9930267
869344,0.45833212
869345,0.040411808
869346,0.8538246
869347,0.8924096
869348,0.89835846
869349,0.04750544
869350,0.026264768
869351,0.86288154
869352,0.996039
869353,0.21592224
869354,0.09123733
869355,0.0895613
869356,0.99953955
869357,0.14141953
869358,0.97782904
869359,0.94961995
869360,0.6626164
869361,0.12944902
869362,0.99438655
869363,0.029169785
869364,0.019789234
869365,0.07465297
869366,0.027338598
869367,0.9702757
869368,0.9721505
869369,0.9905172
869370,0.4748001
869371,0.977138
869372,0.99402833
869373,0.935992
869374,0.006106014
869375,0.017687459
869376,0.0048520914
869377,0.033142217
869378,0.9715965
869379,0.034808457
869380,0.7769557
869381,0.19082311
869382,0.0031202978
869383,0.993577
869384,0.005458572
869385,0.44723403
869386,0.010871516
869387,0.006207211
869388,0.9907737
869389,0.16080326
869390,0.99232674
869391,0.9941636
869392,0.08510075
869393,0.09851226
869394,0.8899939
869395,0.9481322
869396,0.9236369
869397,0.02340296
869398,0.972347
869399,0.010609502
869400,0.9981233
869401,0.70399404
869402,0.048599266
869403,0.9959154
869404,0.047383435
869405,0.9955722
869406,0.7976803
869407,0.17349708
869408,0.7758804
869409,0.9164724
869410,0.6449772
869411,0.09041629
869412,0.039515153
869413,0.097486846
869414,0.14774297
869415,0.038336493
869416,0.05931901
869417,0.9502408
869418,0.9973661
869419,0.97477955
869420,0.47458684
869421,0.039835226
869422,0.13082603
869423,0.9748601
869424,0.987254
869425,0.016796466
869426,0.0077643134
869427,0.97055674
869428,0.9930004
869429,0.01367718
869430,0.10341345
869431,0.96776277
869432,0.995448
869433,0.009286471
869434,0.8988256
869435,0.94125533
869436,0.0070512216
869437,0.08926023
869438,0.916185
869439,0.50413084
869440,0.9716236
869441,0.008855098
869442,0.23470092
869443,0.99112177
869444,0.6144454
869445,0.36086214
869446,0.7984519
869447,0.95977575
869448,0.89302456
869449,0.0030598568
869450,0.9946789
869451,0.017765343
869452,0.122239105
869453,0.8561903
869454,0.99067557
869455,0.5903811
869456,0.9992093
869457,0.8994061
869458,0.2818238
869459,0.025539361
869460,0.01639527
869461,0.044726342
869462,0.6133576
869463,0.8148826
869464,0.3636615
869465,0.018193271
869466,0.3767958
869467,0.953246
869468,0.07361237
869469,0.9962243
869470,0.96538657
869471,0.9757842
869472,0.015863359
869473,0.98059404
869474,0.92054445
869475,0.12400143
869476,0.97557163
869477,0.9269245
869478,0.7359416
869479,0.015629964
869480,0.41650355
869481,0.014401823
869482,0.11582065
869483,0.0067746565
869484,0.8388143
869485,0.36705834
869486,0.004611922
869487,0.02631891
869488,0.0942371
869489,0.1458034
869490,0.8351383
869491,0.0034742546
869492,0.093790114
869493,0.040404074
869494,0.0039144154
869495,0.99826
869496,0.511585
869497,0.0058800913
869498,0.016588941
869499,0.9947322
869500,0.052556016
869501,0.9845958
869502,0.97052515
869503,0.8787743
869504,0.978586
869505,0.0024894557
869506,0.13805316
869507,0.0039001098
869508,0.10004121
869509,0.2707588
869510,0.40790975
869511,0.024683272
869512,0.97730213
869513,0.21753483
869514,0.12738979
869515,0.9928959
869516,0.014573188
869517,0.9991029
869518,0.13196422
869519,0.98797685
869520,0.0069406307
869521,0.98557496
869522,0.37547183
869523,0.8787291
869524,0.021855425
869525,0.011795677
869526,0.040199094
869527,0.95007056
869528,0.01269152
869529,0.98976666
869530,0.11997825
869531,0.012174883
869532,0.99276286
869533,0.9974909
869534,0.006745417
869535,0.9749721
869536,0.042355075
869537,0.028763644
869538,0.96184295
869539,0.0029942407
869540,0.9346993
869541,0.99723935
869542,0.016310755
869543,0.72062206
869544,0.0055440045
869545,0.038029183
869546,0.32922816
869547,0.10016972
869548,0.9987842
869549,0.14750062
869550,0.12416865
869551,0.78696764
869552,0.02453199
869553,0.9272267
869554,0.98053366
869555,0.91979426
869556,0.91526014
869557,0.99322724
869558,0.9511357
869559,0.7944392
869560,0.007578523
869561,0.7615936
869562,0.93621427
869563,0.9844393
869564,0.08472568
869565,0.043240137
869566,0.48277247
869567,0.24517198
869568,0.050137717
869569,0.04582624
869570,0.0005083001
869571,0.040690437
869572,0.0409138
869573,0.99859405
869574,0.017050145
869575,0.17670225
869576,0.97099996
869577,0.9954397
869578,0.073939085
869579,0.99306726
869580,0.0033689123
869581,0.0052088248
869582,0.9633475
869583,0.9578971
869584,0.0017312819
869585,0.14661053
869586,0.9611585
869587,0.9934123
869588,0.042005956
869589,0.057728786
869590,0.974738
869591,0.06529303
869592,0.09369135
869593,0.059363157
869594,0.06875138
869595,0.9861119
869596,0.9972338
869597,0.39637238
869598,0.99311167
869599,0.730041
869600,0.02439512
869601,0.006925852
869602,0.3612182
869603,0.046350684
869604,0.70724964
869605,0.7155312
869606,0.048569396
869607,0.054260843
869608,0.078590505
869609,0.029582994
869610,0.060188573
869611,0.16010849
869612,0.097271904
869613,0.9530812
869614,0.05342426
869615,0.0064393836
869616,0.91705775
869617,0.9991825
869618,0.68111604
869619,0.9938898
869620,0.010328837
869621,0.0359421
869622,0.9755306
869623,0.04046554
869624,0.22042611
869625,0.11902516
869626,0.026215699
869627,0.99511516
869628,0.90196186
869629,0.8235505
869630,0.99620545
869631,0.9983329
869632,0.012127833
869633,0.95336473
869634,0.027334062
869635,0.08317052
869636,0.19468163
869637,0.9986621
869638,0.4964797
869639,0.86128557
869640,0.9955099
869641,0.022231141
869642,0.9929536
869643,0.14448701
869644,0.9079707
869645,0.8594644
869646,0.28931528
869647,0.99813163
869648,0.984673
869649,0.8474785
869650,0.92111224
869651,0.89925337
869652,0.989427
869653,0.09772452
869654,0.6080394
869655,0.24132407
869656,0.0071274554
869657,0.61387646
869658,0.993787
869659,0.018256294
869660,0.041699223
869661,0.9659403
869662,0.0137878405
869663,0.97656316
869664,0.11164759
869665,0.99922574
869666,0.9981743
869667,0.012678575
869668,0.81473476
869669,0.06802887
869670,0.009322962
869671,0.03257318
869672,0.9957497
869673,0.04205215
869674,0.94312274
869675,0.33583584
869676,0.95011
869677,0.16941991
869678,0.021987922
869679,0.23264305
869680,0.18861398
869681,0.010011293
869682,0.01139767
869683,0.73945415
869684,0.003080577
869685,0.99821115
869686,0.97409093
869687,0.012115525
869688,0.014324402
869689,0.99515164
869690,0.97342724
869691,0.030535359
869692,0.026060665
869693,0.025085252
869694,0.019308401
869695,0.9790234
869696,0.022047834
869697,0.74415094
869698,0.03897904
869699,0.082243115
869700,0.010228578
869701,0.008319701
869702,0.2307809
869703,0.9986933
869704,0.6578683
869705,0.07265229
869706,0.119900115
869707,0.99381256
869708,0.977892
869709,0.9924718
869710,0.5351668
869711,0.004480221
869712,0.021566186
869713,0.9982939
869714,0.041075706
869715,0.8023984
869716,0.20063451
869717,0.9777796
869718,0.22102758
869719,0.9537986
869720,0.007417291
869721,0.017962525
869722,0.790105
869723,0.011001033
869724,0.038043052
869725,0.119800076
869726,0.05699318
869727,0.82788146
869728,0.9387335
869729,0.32561904
869730,0.99285126
869731,0.90618324
869732,0.0028229554
869733,0.028324433
869734,0.9716847
869735,0.1961357
869736,0.020992951
869737,0.09687879
869738,0.0052109966
869739,0.010852942
869740,0.99576455
869741,0.029885195
869742,0.057593938
869743,0.38152495
869744,0.96728265
869745,0.10677919
869746,0.7713488
869747,0.89482677
869748,0.023899604
869749,0.29287004
869750,0.013639879
869751,0.86692464
869752,0.0093055675
869753,0.031049151
869754,0.9961815
869755,0.08676078
869756,0.98006713
869757,0.6695781
869758,0.44735092
869759,0.68981886
869760,0.996744
869761,0.010466282
869762,0.2646985
869763,0.007543142
869764,0.13040248
869765,0.16928826
869766,0.1315678
869767,0.97523344
869768,0.7503406
869769,0.2368258
869770,0.010866631
869771,0.9948578
869772,0.013444785
869773,0.012727412
869774,0.972832
869775,0.0075686835
869776,0.49260536
869777,0.97904503
869778,0.36526954
869779,0.9800516
869780,0.95598924
869781,0.7988708
869782,0.68836343
869783,0.112080485
869784,0.7272222
869785,0.102259696
869786,0.0035951554
869787,0.2793774
869788,0.94591504
869789,0.9864476
869790,0.34817034
869791,0.9866861
869792,0.8753954
869793,0.7597
869794,0.10255258
869795,0.16331282
869796,0.07296055
869797,0.14366451
869798,0.015078395
869799,0.013419931
869800,0.72002506
869801,0.33178407
869802,0.9968192
869803,0.9674091
869804,0.36569297
869805,0.9887757
869806,0.50112385
869807,0.26551124
869808,0.007558985
869809,0.98810905
869810,0.99388087
869811,0.43834022
869812,0.928735
869813,0.992903
869814,0.1813766
869815,0.94112
869816,0.68548673
869817,0.36366895
869818,0.025793198
869819,0.9439655
869820,0.987712
869821,0.072321095
869822,0.2824231
869823,0.07066447
869824,0.99441564
869825,0.008905878
869826,0.99048066
869827,0.035412904
869828,0.8658715
869829,0.4329915
869830,0.061937694
869831,0.102851495
869832,0.054072477
869833,0.9917555
869834,0.9864489
869835,0.012314141
869836,0.15901577
869837,0.010054568
869838,0.9738825
869839,0.99770176
869840,0.007665201
869841,0.76901245
869842,0.22879535
869843,0.6892854
869844,0.008323999
869845,0.9737296
869846,0.017604444
869847,0.6621998
869848,0.87464523
869849,0.1961901
869850,0.038471088
869851,0.9780781
869852,0.98861176
869853,0.51813567
869854,0.0765295
869855,0.23971698
869856,0.011476425
869857,0.017400322
869858,0.0057893037
869859,0.0687948
869860,0.01098528
869861,0.012843567
869862,0.13107584
869863,0.36407143
869864,0.5140673
869865,0.0913767
869866,0.16606563
869867,0.9694374
869868,0.3003769
869869,0.008298879
869870,0.7874119
869871,0.5396098
869872,0.84291
869873,0.013833003
869874,0.1174714
869875,0.93411636
869876,0.23078291
869877,0.99914724
869878,0.35769087
869879,0.92938304
869880,0.07672261
869881,0.00597216
869882,0.015438305
869883,0.37673804
869884,0.0931798
869885,0.97715074
869886,0.8512151
869887,0.01509615
869888,0.006569357
869889,0.9308298
869890,0.008301085
869891,0.4972598
869892,0.047951438
869893,0.941607
869894,0.015355466
869895,0.010231138
869896,0.31738418
869897,0.0018639734
869898,0.19897932
869899,0.33709592
869900,0.58471394
869901,0.0076215304
869902,0.80271363
869903,0.90776193
869904,0.51692706
869905,0.08627122
869906,0.22480729
869907,0.72132134
869908,0.13884667
869909,0.91933817
869910,0.8557611
869911,0.7963367
869912,0.26321098
869913,0.0028799842
869914,0.03455808
869915,0.95833945
869916,0.92756844
869917,0.99174696
869918,0.9179096
869919,0.018707998
869920,0.9235931
869921,0.02183792
869922,0.07547404
869923,0.44128296
869924,0.51853305
869925,0.52137285
869926,0.0737119
869927,0.9970027
869928,0.9160015
869929,0.9454955
869930,0.11901021
869931,0.98500264
869932,0.9222057
869933,0.6655121
869934,0.027236275
869935,0.13089877
869936,0.2028707
869937,0.16827711
869938,0.9822907
869939,0.042664643
869940,0.49354696
869941,0.53415394
869942,0.41412693
869943,0.99235845
869944,0.04527403
869945,0.95205915
869946,0.3353544
869947,0.51791173
869948,0.9369703
869949,0.23613857
869950,0.60527325
869951,0.013253838
869952,0.8554876
869953,0.041456606
869954,0.933889
869955,0.0485863
869956,0.10693517
869957,0.022111658
869958,0.9986483
869959,0.4615528
869960,0.99487305
869961,0.09949653
869962,0.9935556
869963,0.027586179
869964,0.9006338
869965,0.26517415
869966,0.026555393
869967,0.08390871
869968,0.08526431
869969,0.9416629
869970,0.010298998
869971,0.07773705
869972,0.14610888
869973,0.90500724
869974,0.042620387
869975,0.83818436
869976,0.96893764
869977,0.95180506
869978,0.0139068635
869979,0.98438966
869980,0.99845886
869981,0.9692339
869982,0.007699283
869983,0.027047286
869984,0.9196247
869985,0.9831511
869986,0.9062722
869987,0.013293887
869988,0.010795309
869989,0.05870836
869990,0.91140336
869991,0.9153185
869992,0.89198744
869993,0.006794962
869994,0.020811653
869995,0.028953752
869996,0.2023302
869997,0.9859202
869998,0.9503692
869999,0.0075182607
870000,0.0045634587
870001,0.996096
870002,0.16852655
870003,0.011058317
870004,0.003110626
870005,0.58183646
870006,0.0037392415
870007,0.20438829
870008,0.17361553
870009,0.9371641
870010,0.8141482
870011,0.9801282
870012,0.11075187
870013,0.007934006
870014,0.11901973
870015,0.37796158
870016,0.99645686
870017,0.010329072
870018,0.65056074
870019,0.023733705
870020,0.62352747
870021,0.998656
870022,0.5833784
870023,0.22539844
870024,0.13255486
870025,0.95830536
870026,0.059769742
870027,0.16119672
870028,0.4607238
870029,0.0048281364
870030,0.009464247
870031,0.95278865
870032,0.9254035
870033,0.014115671
870034,0.94099915
870035,0.53605735
870036,0.037208345
870037,0.092862956
870038,0.18897729
870039,0.046211787
870040,0.37994695
870041,0.8947401
870042,0.88703865
870043,0.9850601
870044,0.03361494
870045,0.31655195
870046,0.90970206
870047,0.001962522
870048,0.96952707
870049,0.13265657
870050,0.004532422
870051,0.014238442
870052,0.7104918
870053,0.0060769035
870054,0.0033980715
870055,0.007993873
870056,0.9667164
870057,0.99608904
870058,0.91937554
870059,0.77329916
870060,0.7880468
870061,0.027472947
870062,0.05474748
870063,0.9715996
870064,0.019122964
870065,0.37298518
870066,0.6866678
870067,0.993795
870068,0.026043665
870069,0.058570426
870070,0.20429681
870071,0.23862949
870072,0.022021057
870073,0.73749155
870074,0.15879822
870075,0.26649055
870076,0.6962045
870077,0.037262253
870078,0.6390319
870079,0.4247886
870080,0.9919045
870081,0.9808622
870082,0.9828838
870083,0.9796911
870084,0.96699935
870085,0.99301136
870086,0.020524934
870087,0.9170698
870088,0.21441108
870089,0.028491816
870090,0.9834944
870091,0.91383255
870092,0.9691113
870093,0.99499595
870094,0.15831017
870095,0.011283837
870096,0.3720399
870097,0.070012175
870098,0.08026329
870099,0.004594622
870100,0.5753383
870101,0.17612772
870102,0.93884075
870103,0.7800162
870104,0.9962451
870105,0.8900806
870106,0.019143421
870107,0.8709232
870108,0.89684004
870109,0.66546273
870110,0.78856426
870111,0.025849134
870112,0.9804768
870113,0.67984927
870114,0.02290867
870115,0.3620918
870116,0.954575
870117,0.88477004
870118,0.018631572
870119,0.96645385
870120,0.47278497
870121,0.38119936
870122,0.025714811
870123,0.95827085
870124,0.086807854
870125,0.9927463
870126,0.10108769
870127,0.009561978
870128,0.14439365
870129,0.8634785
870130,0.08088309
870131,0.008064585
870132,0.310721
870133,0.057915505
870134,0.024411272
870135,0.04355383
870136,0.024562469
870137,0.21633324
870138,0.060142163
870139,0.8771663
870140,0.007922246
870141,0.89974403
870142,0.9911338
870143,0.0437479
870144,0.0043332255
870145,0.9187441
870146,0.9351926
870147,0.009189503
870148,0.006677042
870149,0.0217407
870150,0.89780825
870151,0.067336015
870152,0.87543356
870153,0.029756686
870154,0.9885096
870155,0.08528153
870156,0.026688503
870157,0.75812423
870158,0.9959283
870159,0.15737845
870160,0.8942967
870161,0.41045827
870162,0.0031798314
870163,0.8120833
870164,0.99158967
870165,0.09290068
870166,0.56603163
870167,0.12347204
870168,0.28889784
870169,0.88863826
870170,0.33578756
870171,0.9949691
870172,0.009926704
870173,0.997381
870174,0.93870986
870175,0.070308566
870176,0.079008505
870177,0.30987948
870178,0.997803
870179,0.031861175
870180,0.026650663
870181,0.12303852
870182,0.013050096
870183,0.16076937
870184,0.98089796
870185,0.86052465
870186,0.85085636
870187,0.90953827
870188,0.88597125
870189,0.06921509
870190,0.01124787
870191,0.72338194
870192,0.9707576
870193,0.0012998765
870194,0.54796857
870195,0.100354426
870196,0.9753704
870197,0.009365987
870198,0.009033668
870199,0.8219474
870200,0.9907985
870201,0.9698803
870202,0.11488916
870203,0.10818857
870204,0.4076892
870205,0.58183587
870206,0.9604179
870207,0.99550736
870208,0.35170805
870209,0.034512937
870210,0.9983107
870211,0.9667703
870212,0.98474216
870213,0.92824984
870214,0.978965
870215,0.12909952
870216,0.9833636
870217,0.73327434
870218,0.9330291
870219,0.10035009
870220,0.941535
870221,0.36191475
870222,0.99546945
870223,0.18910436
870224,0.07659021
870225,0.110140085
870226,0.017290413
870227,0.027229814
870228,0.010908188
870229,0.99585146
870230,0.9690668
870231,0.1075137
870232,0.020652024
870233,0.009421
870234,0.94142413
870235,0.9960299
870236,0.020592425
870237,0.04236483
870238,0.98178506
870239,0.9856131
870240,0.040405966
870241,0.009985216
870242,0.45835644
870243,0.35280183
870244,0.07302468
870245,0.99015397
870246,0.81299615
870247,0.07757514
870248,0.03378694
870249,0.010277238
870250,0.02657478
870251,0.8914321
870252,0.38843364
870253,0.002771473
870254,0.08061399
870255,0.9594069
870256,0.031528514
870257,0.99371356
870258,0.26147676
870259,0.6431593
870260,0.57495475
870261,0.5880974
870262,0.26862
870263,0.7790216
870264,0.042322714
870265,0.9953593
870266,0.70061064
870267,0.40956527
870268,0.12413814
870269,0.93305314
870270,0.5708126
870271,0.09041093
870272,0.011968461
870273,0.007578466
870274,0.04671628
870275,0.023440283
870276,0.016124092
870277,0.9458093
870278,0.8127612
870279,0.1696088
870280,0.6750955
870281,0.9577242
870282,0.93363565
870283,0.9226147
870284,0.20051584
870285,0.74199665
870286,0.13802236
870287,0.6962075
870288,0.8522729
870289,0.9745077
870290,0.8665802
870291,0.93841195
870292,0.0032179947
870293,0.12418276
870294,0.2164415
870295,0.9928778
870296,0.49350435
870297,0.9959539
870298,0.7785698
870299,0.9479469
870300,0.0036124832
870301,0.9783681
870302,0.21565634
870303,0.013431939
870304,0.8837033
870305,0.996365
870306,0.9940301
870307,0.010681409
870308,0.54178554
870309,0.06334707
870310,0.014419263
870311,0.87060714
870312,0.8852376
870313,0.05331263
870314,0.9456957
870315,0.9099008
870316,0.2650267
870317,0.93304956
870318,0.49001265
870319,0.008497819
870320,0.8527253
870321,0.9938516
870322,0.08222904
870323,0.7929349
870324,0.011904296
870325,0.026340593
870326,0.6781654
870327,0.663662
870328,0.99377406
870329,0.14577428
870330,0.021869006
870331,0.96794033
870332,0.23668343
870333,0.9846063
870334,0.034794327
870335,0.5764687
870336,0.58533716
870337,0.15175655
870338,0.9919947
870339,0.1420888
870340,0.025885578
870341,0.11280128
870342,0.7089447
870343,0.115296
870344,0.95279646
870345,0.6078205
870346,0.89116776
870347,0.04443646
870348,0.98747957
870349,0.020082591
870350,0.008413659
870351,0.9877435
870352,0.01684327
870353,0.26219857
870354,0.16170914
870355,0.016598238
870356,0.05138112
870357,0.01369735
870358,0.05308589
870359,0.5752573
870360,0.18914458
870361,0.025456807
870362,0.003961068
870363,0.01646771
870364,0.97333133
870365,0.59990925
870366,0.10341715
870367,0.25152296
870368,0.093324214
870369,0.0075761816
870370,0.037283827
870371,0.121289164
870372,0.33363926
870373,0.0055533927
870374,0.97416115
870375,0.9981537
870376,0.16735476
870377,0.15714748
870378,0.99270356
870379,0.9982225
870380,0.7636263
870381,0.9541638
870382,0.9769396
870383,0.12117706
870384,0.0062189447
870385,0.99660236
870386,0.50027525
870387,0.99877757
870388,0.024511425
870389,0.9334456
870390,0.04361669
870391,0.0026484826
870392,0.006269343
870393,0.9105054
870394,0.008447444
870395,0.21347569
870396,0.3599453
870397,0.32410616
870398,0.98684514
870399,0.99169475
870400,0.07171659
870401,0.010451905
870402,0.96786356
870403,0.029889364
870404,0.020114291
870405,0.5144213
870406,0.024009062
870407,0.99202764
870408,0.96179056
870409,0.0065852813
870410,0.957224
870411,0.95045626
870412,0.7665888
870413,0.017259609
870414,0.02137344
870415,0.0092421295
870416,0.3762983
870417,0.014771851
870418,0.007252524
870419,0.9472221
870420,0.62323254
870421,0.20026636
870422,0.0069008614
870423,0.9871701
870424,0.9249872
870425,0.97690034
870426,0.038234405
870427,0.95958745
870428,0.99162734
870429,0.82913643
870430,0.9990052
870431,0.86479795
870432,0.8357157
870433,0.866284
870434,0.00796962
870435,0.5559707
870436,0.00380335
870437,0.9536404
870438,0.0084729325
870439,0.6094582
870440,0.08906205
870441,0.03595674
870442,0.9818016
870443,0.97936636
870444,0.542566
870445,0.0033428925
870446,0.8069254
870447,0.901199
870448,0.9719257
870449,0.004344195
870450,0.7321894
870451,0.8560442
870452,0.0032823202
870453,0.05912114
870454,0.34560138
870455,0.38072258
870456,0.87682384
870457,0.29894543
870458,0.16598944
870459,0.10237299
870460,0.29519862
870461,0.9894366
870462,0.121759616
870463,0.63808537
870464,0.80384004
870465,0.28784594
870466,0.118794
870467,0.09864387
870468,0.98996943
870469,0.9839504
870470,0.18927753
870471,0.033861782
870472,0.0015782673
870473,0.9817525
870474,0.22567585
870475,0.8288028
870476,0.5817431
870477,0.9649239
870478,0.75812924
870479,0.011859304
870480,0.76584
870481,0.9502996
870482,0.10234237
870483,0.6323993
870484,0.8739614
870485,0.028758125
870486,0.9081891
870487,0.68913937
870488,0.9896467
870489,0.62316024
870490,0.83290154
870491,0.08173333
870492,0.8924047
870493,0.99178916
870494,0.013163809
870495,0.97798014
870496,0.675944
870497,0.013774497
870498,0.87385005
870499,0.9889679
870500,0.03108133
870501,0.99452657
870502,0.013450679
870503,0.84649575
870504,0.20138617
870505,0.041413598
870506,0.11811721
870507,0.85010487
870508,0.05736561
870509,0.40706244
870510,0.015367429
870511,0.004546943
870512,0.010116619
870513,0.0105563635
870514,0.8396435
870515,0.7358739
870516,0.4229421
870517,0.4312331
870518,0.43611115
870519,0.99739933
870520,0.9454742
870521,0.88667905
870522,0.6591569
870523,0.005619007
870524,0.9840825
870525,0.33235574
870526,0.9963955
870527,0.085904464
870528,0.4266732
870529,0.92556405
870530,0.9415872
870531,0.051445488
870532,0.98959076
870533,0.15988198
870534,0.3354148
870535,0.37035045
870536,0.9850007
870537,0.81284606
870538,0.0028873663
870539,0.9041536
870540,0.4199803
870541,0.9866284
870542,0.99418056
870543,0.01173248
870544,0.9612563
870545,0.15752928
870546,0.022217069
870547,0.07933413
870548,0.98731965
870549,0.73076874
870550,0.12420103
870551,0.88548857
870552,0.16722372
870553,0.9417494
870554,0.9760672
870555,0.3450295
870556,0.011211021
870557,0.95563245
870558,0.061000478
870559,0.9702329
870560,0.01763598
870561,0.9581512
870562,0.0070129503
870563,0.99194676
870564,0.96515214
870565,0.007418095
870566,0.46206376
870567,0.0068651065
870568,0.9916778
870569,0.09070689
870570,0.97595054
870571,0.1434002
870572,0.9950304
870573,0.01959645
870574,0.496006
870575,0.005164978
870576,0.850612
870577,0.015780736
870578,0.9979364
870579,0.99787426
870580,0.002660339
870581,0.59312445
870582,0.95632297
870583,0.027486205
870584,0.953603
870585,0.98256373
870586,0.008885424
870587,0.011998367
870588,0.6080867
870589,0.037046395
870590,0.009974263
870591,0.9583813
870592,0.016603459
870593,0.015121264
870594,0.20724162
870595,0.018285336
870596,0.98363733
870597,0.27890366
870598,0.83704865
870599,0.02278579
870600,0.9689428
870601,0.0174974
870602,0.95008916
870603,0.90644056
870604,0.030220157
870605,0.030160282
870606,0.89608216
870607,0.0026861452
870608,0.9932209
870609,0.99953634
870610,0.7064822
870611,0.997131
870612,0.9865624
870613,0.3122695
870614,0.8841711
870615,0.0073281927
870616,0.09267524
870617,0.41726163
870618,0.9457651
870619,0.02517143
870620,0.0023790053
870621,0.9919346
870622,0.99546427
870623,0.10031196
870624,0.025171993
870625,0.0057292837
870626,0.82175183
870627,0.99174935
870628,0.8626965
870629,0.0066464744
870630,0.6282126
870631,0.08818996
870632,0.67932844
870633,0.9188871
870634,0.06638103
870635,0.062351912
870636,0.0066808118
870637,0.040774975
870638,0.04166724
870639,0.024412295
870640,0.98778796
870641,0.99633306
870642,0.012089955
870643,0.043311775
870644,0.620285
870645,0.11833693
870646,0.32631928
870647,0.99916875
870648,0.96474075
870649,0.0077974983
870650,0.033559445
870651,0.0122224875
870652,0.9927863
870653,0.015520555
870654,0.99764603
870655,0.99145746
870656,0.80166215
870657,0.7634888
870658,0.7380244
870659,0.53443193
870660,0.41145444
870661,0.0075896867
870662,0.69259316
870663,0.97084993
870664,0.027426805
870665,0.99362683
870666,0.9440187
870667,0.014719994
870668,0.99625385
870669,0.015352031
870670,0.01774678
870671,0.0019380286
870672,0.9894606
870673,0.27584937
870674,0.7625527
870675,0.99400854
870676,0.8885363
870677,0.024713818
870678,0.03232104
870679,0.10001236
870680,0.22713834
870681,0.5192448
870682,0.04182419
870683,0.100656755
870684,0.24811143
870685,0.9372302
870686,0.9993594
870687,0.98547137
870688,0.96546054
870689,0.98106027
870690,0.9980807
870691,0.6528235
870692,0.16725989
870693,0.8011087
870694,0.88809085
870695,0.98281175
870696,0.011199532
870697,0.026538128
870698,0.9806357
870699,0.041856565
870700,0.030162718
870701,0.9082042
870702,0.263318
870703,0.10415529
870704,0.9600914
870705,0.98029876
870706,0.33131197
870707,0.053910516
870708,0.044360563
870709,0.14059737
870710,0.0091554625
870711,0.919454
870712,0.98252624
870713,0.04876869
870714,0.92056215
870715,0.98887455
870716,0.25040355
870717,0.8600762
870718,0.9874861
870719,0.07328629
870720,0.85379374
870721,0.99886453
870722,0.19915636
870723,0.6217859
870724,0.010034043
870725,0.032469302
870726,0.4540995
870727,0.45270622
870728,0.998245
870729,0.9912255
870730,0.007511758
870731,0.17317504
870732,0.5352933
870733,0.022292335
870734,0.9797284
870735,0.041483387
870736,0.9954083
870737,0.2897943
870738,0.025876543
870739,0.008885244
870740,0.011003098
870741,0.8812926
870742,0.935737
870743,0.72402227
870744,0.62014055
870745,0.017200612
870746,0.019476525
870747,0.6561439
870748,0.49105918
870749,0.044139497
870750,0.019776788
870751,0.4735326
870752,0.9536421
870753,0.9639834
870754,0.48332125
870755,0.78266215
870756,0.0019525944
870757,0.7918316
870758,0.01062447
870759,0.34714448
870760,0.03280691
870761,0.7874018
870762,0.99612504
870763,0.89660656
870764,0.023209913
870765,0.21599649
870766,0.0063130725
870767,0.09230864
870768,0.017033745
870769,0.70668745
870770,0.997359
870771,0.11937606
870772,0.20387153
870773,0.079775415
870774,0.50919306
870775,0.010122567
870776,0.99476516
870777,0.54244834
870778,0.9844701
870779,0.20084031
870780,0.9900644
870781,0.9010723
870782,0.02948475
870783,0.016791264
870784,0.99460983
870785,0.9787385
870786,0.39259073
870787,0.28808755
870788,0.9783754
870789,0.99173796
870790,0.960041
870791,0.029631631
870792,0.56736153
870793,0.1418394
870794,0.25548697
870795,0.018041994
870796,0.006467236
870797,0.7960843
870798,0.9756736
870799,0.03449348
870800,0.0027903577
870801,0.91628015
870802,0.9278147
870803,0.8834021
870804,0.99608636
870805,0.03929676
870806,0.61513835
870807,0.7895542
870808,0.6015047
870809,0.9952328
870810,0.4080405
870811,0.9992503
870812,0.99766254
870813,0.6274024
870814,0.18754235
870815,0.016847767
870816,0.97961754
870817,0.7848722
870818,0.04226932
870819,0.9885326
870820,0.9655472
870821,0.01584353
870822,0.023917438
870823,0.5255949
870824,0.14718384
870825,0.9729228
870826,0.8536238
870827,0.04646461
870828,0.05940187
870829,0.8829473
870830,0.22140846
870831,0.08600836
870832,0.12630945
870833,0.62573564
870834,0.051708426
870835,0.89422977
870836,0.9774226
870837,0.8134662
870838,0.13579488
870839,0.0020819774
870840,0.0065905945
870841,0.023934525
870842,0.16815622
870843,0.0020490505
870844,0.013272707
870845,0.009138023
870846,0.12581779
870847,0.9988742
870848,0.30182156
870849,0.015051192
870850,0.43725622
870851,0.1863109
870852,0.9115391
870853,0.71581304
870854,0.168055
870855,0.82212466
870856,0.90659106
870857,0.9567419
870858,0.20240678
870859,0.93728507
870860,0.36961213
870861,0.9514942
870862,0.031108383
870863,0.08046928
870864,0.051262937
870865,0.9852164
870866,0.91499794
870867,0.9413661
870868,0.72943324
870869,0.9836949
870870,0.008549173
870871,0.21734431
870872,0.06615719
870873,0.95586264
870874,0.14319825
870875,0.00056610844
870876,0.01681032
870877,0.97807497
870878,0.99320674
870879,0.7822278
870880,0.19377756
870881,0.98266953
870882,0.33589986
870883,0.9510485
870884,0.36531278
870885,0.2129953
870886,0.03152836
870887,0.03934087
870888,0.5036841
870889,0.52366734
870890,0.19800815
870891,0.071819745
870892,0.5789218
870893,0.9587641
870894,0.14297545
870895,0.10839755
870896,0.017013844
870897,0.99612
870898,0.99089414
870899,0.024581416
870900,0.55296767
870901,0.01439147
870902,0.9964453
870903,0.9891353
870904,0.11954031
870905,0.011645134
870906,0.019279547
870907,0.7230617
870908,0.878652
870909,0.9858285
870910,0.96973044
870911,0.020241851
870912,0.06605431
870913,0.018128246
870914,0.15442623
870915,0.9354799
870916,0.9945066
870917,0.04333631
870918,0.080079176
870919,0.026857665
870920,0.936917
870921,0.6861479
870922,0.86493176
870923,0.9954438
870924,0.07477909
870925,0.9451369
870926,0.05143086
870927,0.005152522
870928,0.60702515
870929,0.9408854
870930,0.042312086
870931,0.72746426
870932,0.19430874
870933,0.016714375
870934,0.99647397
870935,0.13872895
870936,0.8316265
870937,0.43056482
870938,0.9898562
870939,0.93185097
870940,0.081698045
870941,0.014979202
870942,0.115865394
870943,0.62179524
870944,0.9973049
870945,0.99848205
870946,0.015408136
870947,0.88174844
870948,0.0011762211
870949,0.023194019
870950,0.18573609
870951,0.038630545
870952,0.967223
870953,0.9944686
870954,0.008430183
870955,0.052279316
870956,0.003912101
870957,0.30406284
870958,0.99354947
870959,0.9805323
870960,0.9769676
870961,0.7692422
870962,0.026771061
870963,0.9611398
870964,0.19635533
870965,0.18950474
870966,0.8733475
870967,0.005898729
870968,0.9702957
870969,0.022025868
870970,0.092973836
870971,0.64222336
870972,0.14937583
870973,0.015077396
870974,0.75043315
870975,0.4577338
870976,0.89174336
870977,0.97087234
870978,0.74005055
870979,0.052018024
870980,0.9964204
870981,0.27195734
870982,0.08346879
870983,0.9247196
870984,0.8658868
870985,0.99598026
870986,0.8525829
870987,0.15138213
870988,0.08028876
870989,0.953889
870990,0.7774342
870991,0.103651166
870992,0.01836819
870993,0.9899451
870994,0.9938206
870995,0.94397163
870996,0.005851461
870997,0.99530065
870998,0.61638737
870999,0.98757523
871000,0.9526977
871001,0.3183646
871002,0.5300883
871003,0.9080738
871004,0.099406354
871005,0.60794556
871006,0.002200909
871007,0.1073495
871008,0.99260926
871009,0.31331012
871010,0.9787874
871011,0.998681
871012,0.057984345
871013,0.9617704
871014,0.9976453
871015,0.574247
871016,0.33639163
871017,0.9100662
871018,0.99699056
871019,0.49375626
871020,0.05989967
871021,0.9905374
871022,0.0057782065
871023,0.03321247
871024,0.92362976
871025,0.0029253007
871026,0.9959334
871027,0.9888656
871028,0.4457429
871029,0.91252875
871030,0.02542017
871031,0.0069858693
871032,0.9972825
871033,0.04339196
871034,0.48348263
871035,0.68341124
871036,0.8361254
871037,0.22906388
871038,0.17515239
871039,0.0073482706
871040,0.117785245
871041,0.9970387
871042,0.16689643
871043,0.025281027
871044,0.04081798
871045,0.9625521
871046,0.9309181
871047,0.036046036
871048,0.18858325
871049,0.028864358
871050,0.9372913
871051,0.23571658
871052,0.9765879
871053,0.22987247
871054,0.97494787
871055,0.9746601
871056,0.022767799
871057,0.0068342383
871058,0.016714044
871059,0.003809819
871060,0.008949567
871061,0.79814976
871062,0.9584302
871063,0.98847485
871064,0.16923583
871065,0.21053606
871066,0.9897466
871067,0.430195
871068,0.01209925
871069,0.9888674
871070,0.8699541
871071,0.97809446
871072,0.95412874
871073,0.97975516
871074,0.998912
871075,0.00441982
871076,0.078412846
871077,0.004348813
871078,0.043759607
871079,0.9482117
871080,0.024760908
871081,0.22714485
871082,0.091752306
871083,0.49180576
871084,0.21294981
871085,0.20936626
871086,0.004686389
871087,0.0072512617
871088,0.41651297
871089,0.23214513
871090,0.9838346
871091,0.92252344
871092,0.51770324
871093,0.0067129666
871094,0.19689152
871095,0.99059343
871096,0.08357153
871097,0.9963459
871098,0.975475
871099,0.20625292
871100,0.034100864
871101,0.14174516
871102,0.64387834
871103,0.05172061
871104,0.013050995
871105,0.8010913
871106,0.14357468
871107,0.023009637
871108,0.9939083
871109,0.9958472
871110,0.12064959
871111,0.15888134
871112,0.9401172
871113,0.0724739
871114,0.8045569
871115,0.994472
871116,0.023977997
871117,0.99707294
871118,0.11281205
871119,0.09467814
871120,0.0135254655
871121,0.58075094
871122,0.9878981
871123,0.9942398
871124,0.058764465
871125,0.003850624
871126,0.010912569
871127,0.6503955
871128,0.008576812
871129,0.97420824
871130,0.0179307
871131,0.38048255
871132,0.011996662
871133,0.991683
871134,0.014799286
871135,0.5207882
871136,0.9276756
871137,0.9787314
871138,0.9515095
871139,0.9614842
871140,0.9672035
871141,0.7980072
871142,0.060014907
871143,0.018727023
871144,0.92616373
871145,0.018245844
871146,0.028441422
871147,0.0045589134
871148,0.64670146
871149,0.0675575
871150,0.99633473
871151,0.13227831
871152,0.030902246
871153,0.43929166
871154,0.021199644
871155,0.98696095
871156,0.93993074
871157,0.01538801
871158,0.7483519
871159,0.93785596
871160,0.9963948
871161,0.39980745
871162,0.98193204
871163,0.99082124
871164,0.00297815
871165,0.016848171
871166,0.24705502
871167,0.132972
871168,0.047509134
871169,0.9964777
871170,0.53205717
871171,0.015955988
871172,0.56724375
871173,0.9351139
871174,0.940117
871175,0.018129148
871176,0.043262947
871177,0.537602
871178,0.51104283
871179,0.9498588
871180,0.009451869
871181,0.23188043
871182,0.17046365
871183,0.9880893
871184,0.05004825
871185,0.14750583
871186,0.011714697
871187,0.08164799
871188,0.870832
871189,0.9926556
871190,0.61069596
871191,0.18429497
871192,0.11353882
871193,0.0862258
871194,0.9797871
871195,0.010235625
871196,0.5142075
871197,0.12724487
871198,0.058840122
871199,0.07905908
871200,0.06674653
871201,0.040999535
871202,0.5573004
871203,0.9646105
871204,0.012962151
871205,0.07641629
871206,0.015110398
871207,0.051773943
871208,0.06942053
871209,0.9970761
871210,0.17910974
871211,0.10912692
871212,0.756689
871213,0.089269385
871214,0.32442245
871215,0.011090396
871216,0.97975945
871217,0.9134153
871218,0.038960483
871219,0.042581722
871220,0.15607607
871221,0.037257344
871222,0.6855808
871223,0.25830922
871224,0.06320082
871225,0.965746
871226,0.9420239
871227,0.9564433
871228,0.99649566
871229,0.016836967
871230,0.5505038
871231,0.95516586
871232,0.560462
871233,0.6071054
871234,0.9679973
871235,0.017992385
871236,0.09418507
871237,0.035088178
871238,0.6038149
871239,0.19947645
871240,0.033026718
871241,0.86904556
871242,0.06515035
871243,0.32191944
871244,0.0104833245
871245,0.23149048
871246,0.088961616
871247,0.0044374815
871248,0.5311633
871249,0.02149587
871250,0.007163789
871251,0.025829142
871252,0.02075966
871253,0.03789241
871254,0.33431822
871255,0.9288852
871256,0.043633427
871257,0.21563658
871258,0.033972718
871259,0.20583564
871260,0.018326694
871261,0.9146416
871262,0.96044785
871263,0.022859532
871264,0.3064691
871265,0.027074594
871266,0.0236481
871267,0.96922654
871268,0.97505856
871269,0.13596933
871270,0.9539137
871271,0.603277
871272,0.5146583
871273,0.9977056
871274,0.85841656
871275,0.15145822
871276,0.019021304
871277,0.10924947
871278,0.049814224
871279,0.13067053
871280,0.009617675
871281,0.9936516
871282,0.96506894
871283,0.019467652
871284,0.011062065
871285,0.031730257
871286,0.0047797677
871287,0.015442135
871288,0.018972162
871289,0.12266431
871290,0.34554237
871291,0.09873976
871292,0.03220208
871293,0.01928039
871294,0.11644528
871295,0.9560891
871296,0.039746244
871297,0.973696
871298,0.94163144
871299,0.0139439
871300,0.030978438
871301,0.012131229
871302,0.62636095
871303,0.5997894
871304,0.82125443
871305,0.016205875
871306,0.0863426
871307,0.004745001
871308,0.028550463
871309,0.99670184
871310,0.008255777
871311,0.02652098
871312,0.0072195097
871313,0.0055510164
871314,0.30170506
871315,0.0449238
871316,0.15880391
871317,0.25814366
871318,0.9273033
871319,0.0015761135
871320,0.07478271
871321,0.9959438
871322,0.019642903
871323,0.43592498
871324,0.96011126
871325,0.99091446
871326,0.038708832
871327,0.9973892
871328,0.16311672
871329,0.1647492
871330,0.7522459
871331,0.7534919
871332,0.01644128
871333,0.002892115
871334,0.9479666
871335,0.021099301
871336,0.0033670717
871337,0.9477368
871338,0.10406713
871339,0.6017342
871340,0.98940945
871341,0.868438
871342,0.09280659
871343,0.97426677
871344,0.9919411
871345,0.98513126
871346,0.04280519
871347,0.9847612
871348,0.0008513039
871349,0.81237876
871350,0.034638695
871351,0.032190148
871352,0.9924069
871353,0.02238638
871354,0.9227323
871355,0.3031345
871356,0.97102666
871357,0.03826378
871358,0.135008
871359,0.05436293
871360,0.043355905
871361,0.95426154
871362,0.9738818
871363,0.36523134
871364,0.004679905
871365,0.032598417
871366,0.05464157
871367,0.03273896
871368,0.9898421
871369,0.032026734
871370,0.3549795
871371,0.9958977
871372,0.018115064
871373,0.12833914
871374,0.99120426
871375,0.4980802
871376,0.042963564
871377,0.015742881
871378,0.699952
871379,0.010324975
871380,0.021719875
871381,0.09878465
871382,0.8762288
871383,0.0050377417
871384,0.98943007
871385,0.03231148
871386,0.089732334
871387,0.9954626
871388,0.31048068
871389,0.031013086
871390,0.92795354
871391,0.92554575
871392,0.01434236
871393,0.99370086
871394,0.07210789
871395,0.7711636
871396,0.00491393
871397,0.96964794
871398,0.85975266
871399,0.015159801
871400,0.00815133
871401,0.3539616
871402,0.2749719
871403,0.008010633
871404,0.84119487
871405,0.01167739
871406,0.86267555
871407,0.44349235
871408,0.14065777
871409,0.9620796
871410,0.010998039
871411,0.013103535
871412,0.2390468
871413,0.0031780628
871414,0.7101167
871415,0.018730203
871416,0.98342866
871417,0.011325967
871418,0.6406155
871419,0.86468124
871420,0.015370911
871421,0.969593
871422,0.9692798
871423,0.07820079
871424,0.014763106
871425,0.024035396
871426,0.041854836
871427,0.21416974
871428,0.8555654
871429,0.02482158
871430,0.036796283
871431,0.98246443
871432,0.056002412
871433,0.07928679
871434,0.9753296
871435,0.06301686
871436,0.0072467565
871437,0.9333707
871438,0.9301756
871439,0.47737598
871440,0.019668005
871441,0.9130342
871442,0.68862516
871443,0.81315434
871444,0.16261353
871445,0.68888986
871446,0.3049469
871447,0.04512334
871448,0.93838
871449,0.13200185
871450,0.108532
871451,0.880051
871452,0.2269409
871453,0.9783301
871454,0.11347494
871455,0.98003715
871456,0.62185943
871457,0.02161869
871458,0.0804599
871459,0.3462385
871460,0.0017760271
871461,0.116419405
871462,0.792198
871463,0.14177132
871464,0.9954449
871465,0.7979616
871466,0.00976494
871467,0.0612114
871468,0.9196334
871469,0.99908555
871470,0.4899051
871471,0.24557132
871472,0.16896829
871473,0.9782337
871474,0.13075508
871475,0.03404858
871476,0.97808903
871477,0.22072981
871478,0.010327297
871479,0.052795973
871480,0.9119045
871481,0.63293844
871482,0.91374403
871483,0.59709716
871484,0.8389375
871485,0.5818698
871486,0.0083251605
871487,0.046654355
871488,0.086494856
871489,0.0698258
871490,0.57531977
871491,0.6721856
871492,0.30562133
871493,0.7922111
871494,0.007871015
871495,0.8897128
871496,0.11506839
871497,0.69772893
871498,0.07248179
871499,0.0026371507
871500,0.076584116
871501,0.98954386
871502,0.039702088
871503,0.6897836
871504,0.315753
871505,0.87969863
871506,0.012853538
871507,0.006148179
871508,0.5341922
871509,0.23014052
871510,0.93816984
871511,0.08860158
871512,0.9950216
871513,0.7777704
871514,0.062463723
871515,0.9879945
871516,0.027476447
871517,0.8223995
871518,0.99767256
871519,0.28613153
871520,0.35338962
871521,0.46526316
871522,0.8262297
871523,0.025990931
871524,0.750853
871525,0.20331377
871526,0.1594681
871527,0.034107253
871528,0.98948365
871529,0.035315886
871530,0.020360904
871531,0.095075965
871532,0.8880641
871533,0.99779254
871534,0.020489406
871535,0.9947904
871536,0.058128
871537,0.399015
871538,0.7425579
871539,0.29523236
871540,0.92885983
871541,0.1224719
871542,0.99797374
871543,0.34980407
871544,0.9487016
871545,0.80992764
871546,0.6705748
871547,0.11264948
871548,0.75326335
871549,0.8719993
871550,0.22368057
871551,0.91292286
871552,0.003116896
871553,0.8821858
871554,0.48860702
871555,0.9898087
871556,0.85958016
871557,0.08495176
871558,0.011527548
871559,0.039260387
871560,0.3659669
871561,0.993915
871562,0.9512517
871563,0.98684543
871564,0.022633761
871565,0.98250806
871566,0.98348653
871567,0.08706178
871568,0.9628153
871569,0.01892954
871570,0.9906117
871571,0.99612063
871572,0.17921776
871573,0.01432339
871574,0.5650041
871575,0.9546371
871576,0.11850992
871577,0.9993628
871578,0.15332915
871579,0.5414401
871580,0.92580646
871581,0.03795551
871582,0.9540763
871583,0.08933936
871584,0.073073566
871585,0.88734734
871586,0.9950328
871587,0.012038534
871588,0.0232581
871589,0.0061269775
871590,0.025031531
871591,0.0025025858
871592,0.9958222
871593,0.6318686
871594,0.030391585
871595,0.5402092
871596,0.0043944344
871597,0.79134214
871598,0.9905409
871599,0.9924616
871600,0.28221503
871601,0.9118192
871602,0.06977237
871603,0.0042346236
871604,0.9967097
871605,0.99903965
871606,0.3062221
871607,0.9935857
871608,0.93116385
871609,0.9916383
871610,0.022104273
871611,0.4708507
871612,0.8562244
871613,0.998689
871614,0.722282
871615,0.9102005
871616,0.6145438
871617,0.96689063
871618,0.43636572
871619,0.011379496
871620,0.99727786
871621,0.35953483
871622,0.011036958
871623,0.9662107
871624,0.015272513
871625,0.9376232
871626,0.0057304176
871627,0.963084
871628,0.47147024
871629,0.96509266
871630,0.029113067
871631,0.0059230234
871632,0.1289993
871633,0.95130634
871634,0.1658728
871635,0.05873248
871636,0.88938326
871637,0.9989483
871638,0.07406458
871639,0.8034636
871640,0.019985415
871641,0.95011055
871642,0.22253327
871643,0.14589827
871644,0.391383
871645,0.27285182
871646,0.15793037
871647,0.90938485
871648,0.06685774
871649,0.017397668
871650,0.03672703
871651,0.75122607
871652,0.009519603
871653,0.8604834
871654,0.29564455
871655,0.33113322
871656,0.5770383
871657,0.16981256
871658,0.9954021
871659,0.5432213
871660,0.62984335
871661,0.03151402
871662,0.013641072
871663,0.99617124
871664,0.99377805
871665,0.18322958
871666,0.9627292
871667,0.017127808
871668,0.02721182
871669,0.9875202
871670,0.64965004
871671,0.016189108
871672,0.8792212
871673,0.0034565947
871674,0.038984284
871675,0.062350705
871676,0.35685387
871677,0.7351638
871678,0.8147124
871679,0.7929815
871680,0.039207652
871681,0.25052458
871682,0.8832283
871683,0.9991304
871684,0.042038474
871685,0.013786204
871686,0.7732825
871687,0.24406068
871688,0.82354075
871689,0.08111755
871690,0.011264216
871691,0.89998734
871692,0.47865468
871693,0.16695191
871694,0.36207992
871695,0.97001827
871696,0.99719375
871697,0.96885407
871698,0.02293753
871699,0.0016567265
871700,0.75955355
871701,0.78543824
871702,0.06206712
871703,0.93565625
871704,0.9918097
871705,0.94274557
871706,0.019094268
871707,0.85584056
871708,0.9358621
871709,0.49787244
871710,0.9443106
871711,0.019559914
871712,0.9028142
871713,0.93999076
871714,0.9583256
871715,0.13290305
871716,0.10468168
871717,0.058144428
871718,0.6811238
871719,0.053633574
871720,0.089913025
871721,0.5821426
871722,0.6718357
871723,0.5451402
871724,0.7300532
871725,0.97246706
871726,0.012744196
871727,0.031722106
871728,0.04258226
871729,0.8865063
871730,0.06630096
871731,0.99744225
871732,0.36734676
871733,0.50173
871734,0.013215987
871735,0.04503542
871736,0.05134998
871737,0.9505794
871738,0.48909447
871739,0.91832733
871740,0.8334745
871741,0.014173275
871742,0.28634542
871743,0.6406926
871744,0.084645174
871745,0.8864268
871746,0.990059
871747,0.8359314
871748,0.014851545
871749,0.9784891
871750,0.019194882
871751,0.22062504
871752,0.026316417
871753,0.04522725
871754,0.97053975
871755,0.98586106
871756,0.14476132
871757,0.9624977
871758,0.08436449
871759,0.22472394
871760,0.8833822
871761,0.9930333
871762,0.28149107
871763,0.24441819
871764,0.8875005
871765,0.019792644
871766,0.13442858
871767,0.985868
871768,0.5650781
871769,0.0036595638
871770,0.08461277
871771,0.02418181
871772,0.1322004
871773,0.02437383
871774,0.007675484
871775,0.9437665
871776,0.23752077
871777,0.27958587
871778,0.006715593
871779,0.99932843
871780,0.03205675
871781,0.007711618
871782,0.6582208
871783,0.033889323
871784,0.97080374
871785,0.82781756
871786,0.21418045
871787,0.57443964
871788,0.011688884
871789,0.86183774
871790,0.011063302
871791,0.5902803
871792,0.47267622
871793,0.88409066
871794,0.9631029
871795,0.018860191
871796,0.979973
871797,0.7989392
871798,0.05266095
871799,0.9990395
871800,0.91104877
871801,0.008335166
871802,0.93511987
871803,0.0032634153
871804,0.020478094
871805,0.7664237
871806,0.025969323
871807,0.95686513
871808,0.9494504
871809,0.15250108
871810,0.21691416
871811,0.035626218
871812,0.004285896
871813,0.24330059
871814,0.0038501061
871815,0.05826751
871816,0.9230606
871817,0.03387212
871818,0.91449857
871819,0.09308137
871820,0.98524845
871821,0.844751
871822,0.009558584
871823,0.038164243
871824,0.0063440427
871825,0.08143335
871826,0.9239939
871827,0.06531842
871828,0.74265504
871829,0.90691364
871830,0.8413075
871831,0.9996129
871832,0.048674583
871833,0.011258969
871834,0.96452487
871835,0.014191256
871836,0.9561877
871837,0.9868593
871838,0.70601004
871839,0.9600489
871840,0.49473977
871841,0.9823423
871842,0.57409316
871843,0.026936473
871844,0.004913884
871845,0.13827798
871846,0.723755
871847,0.800734
871848,0.9387209
871849,0.068483
871850,0.0025218332
871851,0.006047758
871852,0.027527915
871853,0.98971814
871854,0.026831465
871855,0.70103204
871856,0.89803153
871857,0.9554727
871858,0.58132315
871859,0.09307086
871860,0.022949558
871861,0.99380565
871862,0.09137029
871863,0.08099068
871864,0.89719856
871865,0.9952872
871866,0.7680384
871867,0.08403163
871868,0.007010516
871869,0.019185688
871870,0.8796599
871871,0.012083407
871872,0.007159215
871873,0.48985592
871874,0.043257084
871875,0.027432457
871876,0.010734697
871877,0.001360771
871878,0.98146784
871879,0.99627024
871880,0.93129563
871881,0.3883745
871882,0.7677071
871883,0.010053985
871884,0.012227674
871885,0.9620831
871886,0.99437577
871887,0.9963466
871888,0.9466631
871889,0.085167184
871890,0.037708856
871891,0.73539454
871892,0.03161377
871893,0.0845881
871894,0.88459724
871895,0.07579865
871896,0.9983049
871897,0.024809306
871898,0.6530329
871899,0.948911
871900,0.18794438
871901,0.9107271
871902,0.9234261
871903,0.07310198
871904,0.8912256
871905,0.0154579235
871906,0.023039157
871907,0.21155864
871908,0.045163233
871909,0.027683398
871910,0.89738977
871911,0.046838157
871912,0.8652663
871913,0.69920206
871914,0.82053983
871915,0.18917285
871916,0.97217023
871917,0.3007254
871918,0.040750742
871919,0.9180337
871920,0.8964678
871921,0.8244001
871922,0.9618737
871923,0.22463043
871924,0.8864013
871925,0.22493906
871926,0.7172489
871927,0.8866181
871928,0.010347854
871929,0.008850791
871930,0.7069418
871931,0.9452927
871932,0.42329594
871933,0.965519
871934,0.9930781
871935,0.005890307
871936,0.0037738387
871937,0.94582593
871938,0.18208306
871939,0.9975301
871940,0.08147681
871941,0.51119244
871942,0.98606586
871943,0.016834563
871944,0.033187333
871945,0.018446695
871946,0.9960764
871947,0.8494389
871948,0.31516024
871949,0.2330246
871950,0.04102047
871951,0.016446646
871952,0.1634125
871953,0.9347935
871954,0.8185759
871955,0.16615479
871956,0.99765337
871957,0.5537304
871958,0.17975195
871959,0.024526905
871960,0.04171686
871961,0.99376214
871962,0.9859602
871963,0.99944836
871964,0.007635348
871965,0.99607855
871966,0.8918616
871967,0.72861505
871968,0.13045749
871969,0.034157317
871970,0.9758012
871971,0.99867547
871972,0.9966329
871973,0.5051929
871974,0.96829903
871975,0.36234692
871976,0.008539981
871977,0.969859
871978,0.9939031
871979,0.9979933
871980,0.7479557
871981,0.5156144
871982,0.94618213
871983,0.014895398
871984,0.039499417
871985,0.16820806
871986,0.94091403
871987,0.01611834
871988,0.014750136
871989,0.9944579
871990,0.0129378345
871991,0.23471604
871992,0.9878016
871993,0.960329
871994,0.008049822
871995,0.04013828
871996,0.05860211
871997,0.016095564
871998,0.009851195
871999,0.97957385
872000,0.19997549
872001,0.2040318
872002,0.36402643
872003,0.77696025
872004,0.007627028
872005,0.4775613
872006,0.21223888
872007,0.28049552
872008,0.9926462
872009,0.56070006
872010,0.046878938
872011,0.61516654
872012,0.007715792
872013,0.7995046
872014,0.7672195
872015,0.48645076
872016,0.5692304
872017,0.28703585
872018,0.004348612
872019,0.004026221
872020,0.36718112
872021,0.9477012
872022,0.86559784
872023,0.927736
872024,0.9423564
872025,0.43673223
872026,0.24774389
872027,0.031445887
872028,0.47696716
872029,0.9323096
872030,0.029958881
872031,0.07079164
872032,0.99781674
872033,0.91413164
872034,0.03766751
872035,0.92882365
872036,0.11915508
872037,0.082119174
872038,0.9965832
872039,0.028249022
872040,0.09759865
872041,0.092643134
872042,0.004526447
872043,0.9866402
872044,0.99418217
872045,0.96216017
872046,0.9809591
872047,0.06949504
872048,0.9996004
872049,0.97173905
872050,0.08950162
872051,0.032359824
872052,0.13806675
872053,0.969313
872054,0.96213245
872055,0.19371869
872056,0.17763653
872057,0.015210507
872058,0.8775957
872059,0.98237705
872060,0.03692746
872061,0.9937912
872062,0.026377365
872063,0.52683735
872064,0.040961936
872065,0.19980974
872066,0.79242826
872067,0.8593253
872068,0.99219215
872069,0.9869437
872070,0.01439561
872071,0.7464864
872072,0.5431163
872073,0.16925415
872074,0.0067307195
872075,0.01721313
872076,0.99707085
872077,0.5159006
872078,0.9941319
872079,0.021627162
872080,0.97626984
872081,0.45743906
872082,0.94140095
872083,0.31769383
872084,0.07673276
872085,0.39439702
872086,0.046299122
872087,0.019013176
872088,0.93478596
872089,0.06224116
872090,0.97663444
872091,0.04600141
872092,0.14358118
872093,0.056881767
872094,0.98568374
872095,0.54971045
872096,0.024742402
872097,0.96136725
872098,0.52476275
872099,0.24159588
872100,0.88534135
872101,0.94388175
872102,0.14620055
872103,0.5659455
872104,0.013964099
872105,0.06710023
872106,0.90327954
872107,0.8601777
872108,0.15096676
872109,0.34150648
872110,0.58708525
872111,0.9975877
872112,0.004607016
872113,0.18177502
872114,0.6823765
872115,0.005111968
872116,0.26087585
872117,0.97044367
872118,0.020707067
872119,0.004146975
872120,0.06849873
872121,0.028830634
872122,0.0066697993
872123,0.8561834
872124,0.042565256
872125,0.18022802
872126,0.22718826
872127,0.95175666
872128,0.8723458
872129,0.95842266
872130,0.5823145
872131,0.9933101
872132,0.71563053
872133,0.8182602
872134,0.5187111
872135,0.90622294
872136,0.8691747
872137,0.02353342
872138,0.0051951255
872139,0.020097287
872140,0.98766565
872141,0.91431814
872142,0.016688015
872143,0.9733269
872144,0.025671788
872145,0.4922644
872146,0.9854706
872147,0.25553453
872148,0.027290309
872149,0.98682845
872150,0.97188497
872151,0.9662042
872152,0.06325497
872153,0.1407303
872154,0.92386645
872155,0.9903002
872156,0.03979099
872157,0.9688082
872158,0.7518098
872159,0.97472167
872160,0.2002128
872161,0.34722358
872162,0.024908844
872163,0.99709725
872164,0.3025174
872165,0.052016005
872166,0.01169977
872167,0.9900382
872168,0.036562875
872169,0.2865695
872170,0.9194659
872171,0.0028378104
872172,0.020429652
872173,0.0031028714
872174,0.8861241
872175,0.18647107
872176,0.9922668
872177,0.028586095
872178,0.97273195
872179,0.05222794
872180,0.84980595
872181,0.983083
872182,0.9856019
872183,0.062891
872184,0.10247119
872185,0.022173462
872186,0.027785359
872187,0.8556155
872188,0.24638899
872189,0.94061077
872190,0.99650717
872191,0.061341282
872192,0.80697095
872193,0.013395187
872194,0.60964143
872195,0.33295524
872196,0.92973536
872197,0.019860754
872198,0.019405764
872199,0.004311026
872200,0.3555869
872201,0.20514256
872202,0.9696401
872203,0.0039461483
872204,0.007829512
872205,0.01208948
872206,0.01135707
872207,0.027381478
872208,0.0073636887
872209,0.93517524
872210,0.09688784
872211,0.8427148
872212,0.48692662
872213,0.88283014
872214,0.04472906
872215,0.82051253
872216,0.99826074
872217,0.9922964
872218,0.5591535
872219,0.04354684
872220,0.94991004
872221,0.019308329
872222,0.015221249
872223,0.04378399
872224,0.20561948
872225,0.26245755
872226,0.020109568
872227,0.35127822
872228,0.033121742
872229,0.2218795
872230,0.99179256
872231,0.6686222
872232,0.010066683
872233,0.038756926
872234,0.017560072
872235,0.9886799
872236,0.48555735
872237,0.30423468
872238,0.02410509
872239,0.9399373
872240,0.9654823
872241,0.990213
872242,0.06311019
872243,0.46879196
872244,0.9941826
872245,0.014089102
872246,0.0046118395
872247,0.76809156
872248,0.31224144
872249,0.8342318
872250,0.032266457
872251,0.0413666
872252,0.77316767
872253,0.5112455
872254,0.7209196
872255,0.96300316
872256,0.040579222
872257,0.9853436
872258,0.96211195
872259,0.9922966
872260,0.011717312
872261,0.43792504
872262,0.039873987
872263,0.06666445
872264,0.9815761
872265,0.029778307
872266,0.23433042
872267,0.024495395
872268,0.79641247
872269,0.79236066
872270,0.40607214
872271,0.008166745
872272,0.032665282
872273,0.032697875
872274,0.8713442
872275,0.8040579
872276,0.9830483
872277,0.81185186
872278,0.12239667
872279,0.12063296
872280,0.9904076
872281,0.037762422
872282,0.028191257
872283,0.020971559
872284,0.14524488
872285,0.9873098
872286,0.021959115
872287,0.99378335
872288,0.009809848
872289,0.98647875
872290,0.9994268
872291,0.9554211
872292,0.038267706
872293,0.8452456
872294,0.99840736
872295,0.5474985
872296,0.10763075
872297,0.20958912
872298,0.04806977
872299,0.98918414
872300,0.12088159
872301,0.9223251
872302,0.9532519
872303,0.38887852
872304,0.016957354
872305,0.258736
872306,0.90218616
872307,0.9996592
872308,0.9469473
872309,0.8352921
872310,0.73915243
872311,0.015612637
872312,0.71696085
872313,0.9942826
872314,0.9383609
872315,0.008923721
872316,0.56765115
872317,0.9945306
872318,0.9780472
872319,0.4389639
872320,0.9335206
872321,0.9920444
872322,0.7982052
872323,0.012691828
872324,0.02721232
872325,0.846756
872326,0.62896144
872327,0.97019774
872328,0.69926983
872329,0.57763004
872330,0.9888257
872331,0.24182162
872332,0.034172192
872333,0.007403543
872334,0.9812745
872335,0.977472
872336,0.0880437
872337,0.38236818
872338,0.8128134
872339,0.004314596
872340,0.7713439
872341,0.5598065
872342,0.011030827
872343,0.085829094
872344,0.3828555
872345,0.9632711
872346,0.99011314
872347,0.079174586
872348,0.9899882
872349,0.089411914
872350,0.02946486
872351,0.018445533
872352,0.16895798
872353,0.31092292
872354,0.008563916
872355,0.03229259
872356,0.035855655
872357,0.24718684
872358,0.42598903
872359,0.029689811
872360,0.2844082
872361,0.5081401
872362,0.9841878
872363,0.017667161
872364,0.04414759
872365,0.66222715
872366,0.62914884
872367,0.97979647
872368,0.46335316
872369,0.57856464
872370,0.9942013
872371,0.020063953
872372,0.6158509
872373,0.8963286
872374,0.657402
872375,0.9437064
872376,0.96381736
872377,0.3464082
872378,0.33260798
872379,0.062260754
872380,0.046274066
872381,0.8503746
872382,0.6629009
872383,0.91864955
872384,0.01886275
872385,0.7191531
872386,0.89836144
872387,0.8168226
872388,0.16753994
872389,0.047844574
872390,0.024950588
872391,0.09910818
872392,0.87755936
872393,0.12433654
872394,0.0017176734
872395,0.18707445
872396,0.006776805
872397,0.97849596
872398,0.9705821
872399,0.0040647895
872400,0.58797586
872401,0.9528283
872402,0.12086558
872403,0.026561236
872404,0.7095824
872405,0.80973476
872406,0.120551944
872407,0.010401893
872408,0.017233955
872409,0.009176039
872410,0.00817096
872411,0.29611158
872412,0.0016276634
872413,0.08825939
872414,0.022212299
872415,0.22554827
872416,0.0151326675
872417,0.013890672
872418,0.9134742
872419,0.95898706
872420,0.038408566
872421,0.018267216
872422,0.7364377
872423,0.08049728
872424,0.01332252
872425,0.4346841
872426,0.5232342
872427,0.012211675
872428,0.03379771
872429,0.0031535772
872430,0.008807661
872431,0.8077748
872432,0.9437188
872433,0.8794687
872434,0.14002718
872435,0.9036888
872436,0.04118287
872437,0.026209077
872438,0.983062
872439,0.0036608279
872440,0.04400307
872441,0.6709037
872442,0.39393365
872443,0.7108166
872444,0.64747524
872445,0.9059534
872446,0.4938004
872447,0.9967716
872448,0.20564002
872449,0.8834074
872450,0.2286636
872451,0.53315103
872452,0.94453365
872453,0.038024478
872454,0.01483629
872455,0.004836264
872456,0.013033457
872457,0.50013113
872458,0.3488721
872459,0.056606255
872460,0.5557749
872461,0.9523402
872462,0.17146015
872463,0.009702247
872464,0.6928041
872465,0.013324242
872466,0.07965279
872467,0.044318072
872468,0.99007523
872469,0.20391285
872470,0.90052307
872471,0.113795236
872472,0.81866866
872473,0.9885256
872474,0.06698862
872475,0.9835553
872476,0.24234083
872477,0.95167184
872478,0.01808066
872479,0.5725726
872480,0.03770967
872481,0.008456204
872482,0.096577175
872483,0.98276
872484,0.91600704
872485,0.010447667
872486,0.09866002
872487,0.8807045
872488,0.9957706
872489,0.44602555
872490,0.1336308
872491,0.061452508
872492,0.33630446
872493,0.019894943
872494,0.029080158
872495,0.0027359321
872496,0.479018
872497,0.96500236
872498,0.30360726
872499,0.7948542
872500,0.03494634
872501,0.090078354
872502,0.9130416
872503,0.98562425
872504,0.79097366
872505,0.0064343954
872506,0.11131226
872507,0.355402
872508,0.017430784
872509,0.11922499
872510,0.9778842
872511,0.94792783
872512,0.22090343
872513,0.66087794
872514,0.992947
872515,0.027175155
872516,0.99097604
872517,0.14901887
872518,0.032026112
872519,0.15596965
872520,0.21392806
872521,0.0031620832
872522,0.06877598
872523,0.49813122
872524,0.018934943
872525,0.93643755
872526,0.26648796
872527,0.9978408
872528,0.73343784
872529,0.084784284
872530,0.004174968
872531,0.072504714
872532,0.32661277
872533,0.97309315
872534,0.042569827
872535,0.013866871
872536,0.9972284
872537,0.025332712
872538,0.0034999573
872539,0.9428849
872540,0.72904664
872541,0.038542293
872542,0.020458654
872543,0.055349663
872544,0.7856421
872545,0.08864119
872546,0.98408425
872547,0.16375421
872548,0.9482085
872549,0.9643486
872550,0.95250064
872551,0.9408045
872552,0.68569976
872553,0.18020004
872554,0.9290377
872555,0.64970237
872556,0.031945713
872557,0.009133154
872558,0.998417
872559,0.12638655
872560,0.91690886
872561,0.9962797
872562,0.15225409
872563,0.0049168305
872564,0.0018698296
872565,0.31425792
872566,0.48034632
872567,0.6703565
872568,0.9916321
872569,0.95580393
872570,0.10997477
872571,0.029180957
872572,0.9719662
872573,0.47706625
872574,0.06303696
872575,0.7013409
872576,0.2859783
872577,0.9050591
872578,0.9985807
872579,0.002524131
872580,0.2562856
872581,0.041119784
872582,0.08296623
872583,0.7610514
872584,0.9962493
872585,0.07450826
872586,0.058395393
872587,0.5423383
872588,0.8620341
872589,0.9366252
872590,0.009399067
872591,0.864885
872592,0.25781685
872593,0.99398637
872594,0.48100153
872595,0.05117429
872596,0.0050890865
872597,0.97949517
872598,0.9872191
872599,0.9021509
872600,0.68533474
872601,0.048489872
872602,0.08787325
872603,0.6585523
872604,0.9821955
872605,0.86155456
872606,0.8500948
872607,0.9863034
872608,0.9876406
872609,0.78455436
872610,0.02145702
872611,0.9069396
872612,0.45284972
872613,0.012602778
872614,0.94593245
872615,0.764056
872616,0.37241143
872617,0.7252482
872618,0.78346974
872619,0.94750977
872620,0.9955257
872621,0.95303446
872622,0.0024165534
872623,0.05871123
872624,0.7138069
872625,0.87399215
872626,0.082401305
872627,0.16551292
872628,0.8697337
872629,0.08207963
872630,0.99842155
872631,0.9085963
872632,0.980242
872633,0.95458007
872634,0.64952624
872635,0.21841411
872636,0.039607048
872637,0.99186355
872638,0.06795435
872639,0.26964685
872640,0.100948736
872641,0.98827183
872642,0.11296863
872643,0.03896461
872644,0.023145188
872645,0.17329547
872646,0.170773
872647,0.85698307
872648,0.9925855
872649,0.9259212
872650,0.042420886
872651,0.012265161
872652,0.0017676257
872653,0.22924891
872654,0.115391485
872655,0.02525614
872656,0.40110096
872657,0.9009701
872658,0.8655706
872659,0.329288
872660,0.45150653
872661,0.5533539
872662,0.056761943
872663,0.59210503
872664,0.9987195
872665,0.98911047
872666,0.98395705
872667,0.031239897
872668,0.3736288
872669,0.08920552
872670,0.5962455
872671,0.76509726
872672,0.10382263
872673,0.9455614
872674,0.022007389
872675,0.019722397
872676,0.99841857
872677,0.0171898
872678,0.011589715
872679,0.07913706
872680,0.97477686
872681,0.049258776
872682,0.09360091
872683,0.98489034
872684,0.90556663
872685,0.9423096
872686,0.97823036
872687,0.016642803
872688,0.3135204
872689,0.97439
872690,0.8745876
872691,0.023194643
872692,0.03415939
872693,0.009808624
872694,0.9505797
872695,0.9970799
872696,0.11756191
872697,0.027975183
872698,0.021817539
872699,0.0331127
872700,0.8809417
872701,0.004966459
872702,0.9976084
872703,0.95478874
872704,0.9979719
872705,0.9897306
872706,0.02907049
872707,0.77391994
872708,0.23052047
872709,0.79618996
872710,0.7215825
872711,0.079040125
872712,0.012498389
872713,0.025425034
872714,0.11663501
872715,0.99428606
872716,0.2613925
872717,0.06382732
872718,0.1412863
872719,0.7939911
872720,0.9914228
872721,0.04023754
872722,0.0052496805
872723,0.6845932
872724,0.120540686
872725,0.9989988
872726,0.0055819536
872727,0.96661544
872728,0.022331301
872729,0.4549532
872730,0.005158038
872731,0.91731393
872732,0.9836776
872733,0.9985068
872734,0.7360896
872735,0.0027833022
872736,0.51516944
872737,0.061071824
872738,0.997712
872739,0.97362196
872740,0.5263309
872741,0.99224705
872742,0.8112999
872743,0.94737256
872744,0.041282095
872745,0.7941131
872746,0.99214244
872747,0.83902395
872748,0.0552104
872749,0.8999108
872750,0.69093454
872751,0.9987103
872752,0.7279496
872753,0.49816573
872754,0.026766201
872755,0.010769445
872756,0.029457267
872757,0.123150274
872758,0.97467065
872759,0.16120467
872760,0.034619153
872761,0.68385816
872762,0.9974271
872763,0.0049028285
872764,0.992738
872765,0.2723192
872766,0.29026175
872767,0.18993267
872768,0.9898818
872769,0.00642592
872770,0.7194438
872771,0.7253976
872772,0.0927275
872773,0.98521185
872774,0.22762644
872775,0.65021116
872776,0.016050493
872777,0.8932693
872778,0.9777639
872779,0.006486784
872780,0.97026926
872781,0.97455245
872782,0.0020306567
872783,0.082573935
872784,0.7935432
872785,0.002462489
872786,0.029795935
872787,0.08006845
872788,0.34789982
872789,0.33191264
872790,0.92665714
872791,0.06533682
872792,0.030873071
872793,0.017155344
872794,0.06291337
872795,0.045727156
872796,0.927933
872797,0.7981651
872798,0.1696039
872799,0.87603307
872800,0.0038108067
872801,0.33084083
872802,0.8161698
872803,0.061668843
872804,0.11254212
872805,0.8414186
872806,0.5246733
872807,0.60365015
872808,0.005100121
872809,0.816961
872810,0.0068032797
872811,0.64272773
872812,0.0692317
872813,0.002745802
872814,0.009067938
872815,0.0068911267
872816,0.28106785
872817,0.997697
872818,0.63761574
872819,0.99733806
872820,0.01749159
872821,0.4010147
872822,0.08444142
872823,0.88518184
872824,0.07212767
872825,0.661886
872826,0.98560166
872827,0.99331236
872828,0.6933206
872829,0.9459862
872830,0.012369445
872831,0.030146975
872832,0.14108852
872833,0.036528785
872834,0.9641275
872835,0.023661517
872836,0.70870066
872837,0.9874159
872838,0.96504575
872839,0.4350714
872840,0.47493345
872841,0.039470762
872842,0.006966335
872843,0.034143016
872844,0.47900742
872845,0.0040208786
872846,0.060495242
872847,0.10604493
872848,0.3744574
872849,0.8930019
872850,0.025966406
872851,0.032127492
872852,0.78341913
872853,0.66604996
872854,0.99713856
872855,0.2840856
872856,0.920646
872857,0.9970919
872858,0.09943789
872859,0.12519655
872860,0.93649715
872861,0.9217084
872862,0.007610685
872863,0.9714959
872864,0.0020988334
872865,0.067491695
872866,0.4757955
872867,0.20405574
872868,0.57886565
872869,0.994449
872870,0.9418673
872871,0.95267475
872872,0.7032669
872873,0.9842085
872874,0.0026322226
872875,0.55746967
872876,0.018997137
872877,0.008808
872878,0.97919756
872879,0.13685177
872880,0.8329728
872881,0.027141556
872882,0.9593648
872883,0.836721
872884,0.01179022
872885,0.8113686
872886,0.01708457
872887,0.022196105
872888,0.0055259666
872889,0.9986276
872890,0.059699822
872891,0.014168351
872892,0.92687505
872893,0.9248331
872894,0.99496317
872895,0.8302253
872896,0.07539915
872897,0.18301807
872898,0.9864389
872899,0.93575025
872900,0.07532468
872901,0.9729288
872902,0.9854307
872903,0.9990379
872904,0.88815165
872905,0.9947468
872906,0.9975084
872907,0.6794689
872908,0.96601534
872909,0.082548335
872910,0.002677004
872911,0.8751415
872912,0.781199
872913,0.087494865
872914,0.017686611
872915,0.9517772
872916,0.94001746
872917,0.008029553
872918,0.8861166
872919,0.0049312687
872920,0.998728
872921,0.022134954
872922,0.9268825
872923,0.3188652
872924,0.97984874
872925,0.73022586
872926,0.10266483
872927,0.99728036
872928,0.08148506
872929,0.99803483
872930,0.059939444
872931,0.9693177
872932,0.96471876
872933,0.045425657
872934,0.7982128
872935,0.03472996
872936,0.09185555
872937,0.98476654
872938,0.048798554
872939,0.003606446
872940,0.083257385
872941,0.050188776
872942,0.5884875
872943,0.07726811
872944,0.011670692
872945,0.0095117735
872946,0.026407093
872947,0.3708718
872948,0.99101543
872949,0.4846262
872950,0.14444037
872951,0.043495268
872952,0.3633196
872953,0.008488052
872954,0.77093375
872955,0.027257644
872956,0.08720486
872957,0.4495169
872958,0.018832833
872959,0.3708377
872960,0.07113334
872961,0.100362584
872962,0.025635162
872963,0.24638544
872964,0.9836684
872965,0.69208574
872966,0.90878636
872967,0.77853847
872968,0.9940235
872969,0.34745252
872970,0.012949042
872971,0.24752797
872972,0.13843912
872973,0.99255335
872974,0.94870645
872975,0.97422284
872976,0.6642827
872977,0.16340816
872978,0.89662343
872979,0.74587214
872980,0.8071014
872981,0.99275255
872982,0.013972722
872983,0.05464083
872984,0.12238873
872985,0.2749237
872986,0.034378327
872987,0.18421556
872988,0.99719954
872989,0.00084517326
872990,0.08559169
872991,0.9235729
872992,0.12309462
872993,0.6083296
872994,0.009408239
872995,0.0632474
872996,0.08711167
872997,0.049046956
872998,0.017989615
872999,0.63190854
873000,0.12564535
873001,0.96908677
873002,0.79759675
873003,0.19053029
873004,0.014567994
873005,0.97418725
873006,0.01198974
873007,0.0030201506
873008,0.006551001
873009,0.9888018
873010,0.957233
873011,0.33936602
873012,0.92025787
873013,0.010477046
873014,0.091227695
873015,0.01190367
873016,0.1753589
873017,0.906643
873018,0.98977005
873019,0.031775977
873020,0.14863046
873021,0.002729537
873022,0.008347244
873023,0.21199201
873024,0.9881387
873025,0.9558644
873026,0.41070867
873027,0.51748985
873028,0.054094203
873029,0.35827932
873030,0.9320486
873031,0.9896177
873032,0.98257697
873033,0.97699416
873034,0.9915656
873035,0.080036126
873036,0.027960576
873037,0.005838323
873038,0.29249203
873039,0.11654533
873040,0.14887217
873041,0.98216724
873042,0.019930152
873043,0.86686087
873044,0.08537748
873045,0.9893782
873046,0.9817179
873047,0.06319984
873048,0.041654155
873049,0.48828468
873050,0.99141216
873051,0.88668066
873052,0.92185426
873053,0.6816511
873054,0.15105318
873055,0.99923325
873056,0.19662398
873057,0.35091206
873058,0.19100738
873059,0.98887134
873060,0.996677
873061,0.8916722
873062,0.04010676
873063,0.2083873
873064,0.08570726
873065,0.6011185
873066,0.028947076
873067,0.98168665
873068,0.05784624
873069,0.2028089
873070,0.099730775
873071,0.9910833
873072,0.553885
873073,0.006935662
873074,0.009433558
873075,0.9978524
873076,0.10599333
873077,0.053451113
873078,0.18802582
873079,0.9925989
873080,0.99253327
873081,0.9787285
873082,0.9931255
873083,0.008196348
873084,0.030175433
873085,0.0019939414
873086,0.045276783
873087,0.83786726
873088,0.80137855
873089,0.999752
873090,0.96909887
873091,0.8708782
873092,0.1827132
873093,0.99259293
873094,0.60767144
873095,0.018362531
873096,0.992043
873097,0.1165276
873098,0.3928
873099,0.0636633
873100,0.19466807
873101,0.9364875
873102,0.01397544
873103,0.9475152
873104,0.0064314073
873105,0.9905273
873106,0.8947017
873107,0.9490853
873108,0.20108484
873109,0.008865849
873110,0.15018089
873111,0.0011141819
873112,0.29006302
873113,0.86387
873114,0.022293763
873115,0.19310792
873116,0.8815668
873117,0.14160745
873118,0.8995673
873119,0.0036629303
873120,0.049282573
873121,0.68123096
873122,0.7471925
873123,0.17745882
873124,0.020436075
873125,0.9961213
873126,0.26874408
873127,0.03330708
873128,0.82579273
873129,0.9027163
873130,0.9939339
873131,0.9802926
873132,0.44639167
873133,0.0988982
873134,0.05279113
873135,0.99017334
873136,0.70908785
873137,0.96528
873138,0.0033685945
873139,0.9485064
873140,0.9248938
873141,0.0007607167
873142,0.1251743
873143,0.4784007
873144,0.00078129984
873145,0.010165725
873146,0.97933614
873147,0.9946028
873148,0.23524393
873149,0.9830219
873150,0.9941423
873151,0.002272501
873152,0.061139815
873153,0.9867611
873154,0.09282488
873155,0.31076494
873156,0.0066516995
873157,0.114025936
873158,0.88082176
873159,0.073509455
873160,0.10265827
873161,0.18481173
873162,0.95832455
873163,0.9962872
873164,0.9980974
873165,0.9878106
873166,0.9901018
873167,0.03396411
873168,0.4993011
873169,0.9812279
873170,0.3320862
873171,0.04467696
873172,0.003109755
873173,0.6087682
873174,0.018218037
873175,0.44408005
873176,0.99711716
873177,0.061699215
873178,0.7269645
873179,0.0024088214
873180,0.9890527
873181,0.994786
873182,0.05386903
873183,0.95973283
873184,0.8865056
873185,0.8713037
873186,0.42595452
873187,0.99132454
873188,0.9402345
873189,0.21499014
873190,0.011224718
873191,0.014549889
873192,0.99176556
873193,0.045240343
873194,0.6906477
873195,0.9929718
873196,0.42925888
873197,0.37381366
873198,0.9894453
873199,0.7052879
873200,0.010332683
873201,0.9328654
873202,0.9302768
873203,0.99761015
873204,0.99492514
873205,0.015584813
873206,0.014459852
873207,0.13317882
873208,0.13460222
873209,0.057894602
873210,0.93686426
873211,0.04708508
873212,0.99383986
873213,0.004464104
873214,0.027523212
873215,0.7188744
873216,0.9993622
873217,0.99804896
873218,0.042155214
873219,0.38155508
873220,0.01620853
873221,0.044973586
873222,0.003978911
873223,0.98003864
873224,0.15351039
873225,0.3076297
873226,0.9752661
873227,0.010467301
873228,0.0024257863
873229,0.337082
873230,0.019559765
873231,0.04118011
873232,0.4582006
873233,0.5181739
873234,0.120730035
873235,0.9681281
873236,0.014931727
873237,0.2520072
873238,0.033277765
873239,0.6346438
873240,0.97456956
873241,0.88537145
873242,0.7431578
873243,0.30622992
873244,0.0054769865
873245,0.9312772
873246,0.98709047
873247,0.0562182
873248,0.054609433
873249,0.008322712
873250,0.10525882
873251,0.83710563
873252,0.0112130325
873253,0.06022249
873254,0.90216196
873255,0.75978357
873256,0.019556757
873257,0.015661975
873258,0.15384944
873259,0.29750976
873260,0.98306453
873261,0.066494234
873262,0.007820327
873263,0.06693011
873264,0.13923946
873265,0.20394325
873266,0.01738424
873267,0.077151395
873268,0.5364367
873269,0.025872236
873270,0.8389921
873271,0.14333001
873272,0.013807067
873273,0.076925166
873274,0.9994302
873275,0.99300605
873276,0.87574685
873277,0.9634279
873278,0.05564491
873279,0.06969987
873280,0.38506162
873281,0.054697692
873282,0.015436291
873283,0.0014632528
873284,0.008668231
873285,0.17736769
873286,0.9349285
873287,0.97893655
873288,0.010658886
873289,0.99065304
873290,0.016606517
873291,0.75292265
873292,0.977087
873293,0.003983408
873294,0.035645235
873295,0.009234011
873296,0.9646361
873297,0.334201
873298,0.96328574
873299,0.9934275
873300,0.120460786
873301,0.8877769
873302,0.19284947
873303,0.1514222
873304,0.13939172
873305,0.031666745
873306,0.0068894783
873307,0.9937799
873308,0.030415352
873309,0.093699254
873310,0.94809705
873311,0.9255023
873312,0.2381493
873313,0.006912348
873314,0.002743771
873315,0.86159366
873316,0.06312013
873317,0.049718257
873318,0.0014425442
873319,0.10118253
873320,0.6734288
873321,0.9862736
873322,0.0006811866
873323,0.019127099
873324,0.65944713
873325,0.9647471
873326,0.7145054
873327,0.010807143
873328,0.06782743
873329,0.9890992
873330,0.019762373
873331,0.31762415
873332,0.999125
873333,0.048177294
873334,0.4514136
873335,0.7273663
873336,0.026683308
873337,0.023467699
873338,0.013091932
873339,0.9620794
873340,0.99845064
873341,0.9966954
873342,0.09951281
873343,0.9774612
873344,0.8795397
873345,0.18369529
873346,0.9207309
873347,0.5691962
873348,0.014263922
873349,0.60563344
873350,0.0160448
873351,0.888876
873352,0.0070435936
873353,0.15656748
873354,0.6324088
873355,0.22522667
873356,0.0074845804
873357,0.039572455
873358,0.9501333
873359,0.9623239
873360,0.65358585
873361,0.9742076
873362,0.092613205
873363,0.006910314
873364,0.0027195509
873365,0.35610017
873366,0.018678874
873367,0.007900195
873368,0.07460114
873369,0.2941361
873370,0.95634943
873371,0.9252286
873372,0.96362627
873373,0.92033726
873374,0.9583776
873375,0.086547844
873376,0.024425697
873377,0.88619816
873378,0.6727017
873379,0.3717742
873380,0.99488777
873381,0.01013616
873382,0.033403557
873383,0.0029401614
873384,0.5872277
873385,0.46272394
873386,0.0075697033
873387,0.122724
873388,0.051882498
873389,0.07507398
873390,0.9242117
873391,0.6061763
873392,0.07976803
873393,0.64917564
873394,0.5024519
873395,0.91471195
873396,0.012997816
873397,0.01116186
873398,0.09066224
873399,0.98588914
873400,0.012004781
873401,0.80307925
873402,0.16816077
873403,0.9934315
873404,0.023905769
873405,0.16580711
873406,0.9850817
873407,0.12429552
873408,0.03687468
873409,0.99653095
873410,0.9844861
873411,0.010081584
873412,0.6342348
873413,0.8169344
873414,0.002365698
873415,0.9348017
873416,0.11454427
873417,0.75455236
873418,0.100031525
873419,0.022039685
873420,0.0066294726
873421,0.16469483
873422,0.99813306
873423,0.9864895
873424,0.95996666
873425,0.007655739
873426,0.9857222
873427,0.022048913
873428,0.15090843
873429,0.16661811
873430,0.0064352
873431,0.23345666
873432,0.9719516
873433,0.28516155
873434,0.045812543
873435,0.39190373
873436,0.4985543
873437,0.052485656
873438,0.11113243
873439,0.43042332
873440,0.86107063
873441,0.92634
873442,0.9984754
873443,0.9929674
873444,0.93954563
873445,0.95528144
873446,0.34421033
873447,0.032029208
873448,0.0319342
873449,0.9856684
873450,0.12699595
873451,0.8918811
873452,0.9740768
873453,0.6158359
873454,0.5992764
873455,0.9972737
873456,0.083122715
873457,0.9806707
873458,0.017809004
873459,0.011031154
873460,0.08160276
873461,0.8365947
873462,0.8723475
873463,0.20235741
873464,0.123352535
873465,0.8600594
873466,0.26907784
873467,0.040328693
873468,0.9964378
873469,0.60712254
873470,0.119295895
873471,0.8770906
873472,0.017568465
873473,0.022481382
873474,0.085838705
873475,0.4596693
873476,0.52555805
873477,0.9503034
873478,0.6376067
873479,0.01105576
873480,0.01375393
873481,0.0044600163
873482,0.7856153
873483,0.9976642
873484,0.9961531
873485,0.15931484
873486,0.0014846826
873487,0.9954874
873488,0.006704769
873489,0.9828751
873490,0.0066391756
873491,0.2399331
873492,0.22312829
873493,0.99763775
873494,0.51651585
873495,0.016271127
873496,0.9258424
873497,0.25228995
873498,0.26454288
873499,0.65461814
873500,0.9498421
873501,0.8071928
873502,0.32729378
873503,0.48477826
873504,0.12391895
873505,0.27303663
873506,0.07166189
873507,0.9844787
873508,0.9668981
873509,0.99057037
873510,0.12983762
873511,0.90073246
873512,0.99356973
873513,0.25800318
873514,0.015182766
873515,0.48850992
873516,0.0869783
873517,0.0124517605
873518,0.028998863
873519,0.43547112
873520,0.8644953
873521,0.018943995
873522,0.014351558
873523,0.023061492
873524,0.119453035
873525,0.98413587
873526,0.9551563
873527,0.261818
873528,0.07786922
873529,0.9952475
873530,0.033849612
873531,0.61327815
873532,0.22868347
873533,0.90287656
873534,0.9422046
873535,0.16765147
873536,0.99002194
873537,0.08933821
873538,0.7604469
873539,0.99913204
873540,0.9727777
873541,0.062483773
873542,0.9089402
873543,0.67106825
873544,0.97512144
873545,0.0440417
873546,0.9823215
873547,0.0059169168
873548,0.42965323
873549,0.332794
873550,0.99859923
873551,0.6258212
873552,0.86370134
873553,0.963246
873554,0.4889333
873555,0.12293944
873556,0.7512837
873557,0.045369398
873558,0.007914109
873559,0.5559477
873560,0.5080541
873561,0.8063557
873562,0.17504485
873563,0.4419503
873564,0.9596598
873565,0.25710535
873566,0.99730504
873567,0.94692993
873568,0.020987181
873569,0.0043819537
873570,0.0070311525
873571,0.18857586
873572,0.24384102
873573,0.9232845
873574,0.22716025
873575,0.020650245
873576,0.2114782
873577,0.9885709
873578,0.9383494
873579,0.90874225
873580,0.9955549
873581,0.014364358
873582,0.0033875392
873583,0.99560773
873584,0.5722466
873585,0.9953921
873586,0.07624243
873587,0.85938454
873588,0.04078392
873589,0.40930727
873590,0.017578531
873591,0.059820388
873592,0.075095296
873593,0.9881279
873594,0.89498186
873595,0.0073148618
873596,0.0019910927
873597,0.97641814
873598,0.9629806
873599,0.99409795
873600,0.7335588
873601,0.80104357
873602,0.015770843
873603,0.9419862
873604,0.97653145
873605,0.18414947
873606,0.016152492
873607,0.016558582
873608,0.12878469
873609,0.99360716
873610,0.008962138
873611,0.8902963
873612,0.07864947
873613,0.9947912
873614,0.9918908
873615,0.113168776
873616,0.69571525
873617,0.037681412
873618,0.37517703
873619,0.8646499
873620,0.19349474
873621,0.25585818
873622,0.5384102
873623,0.11412139
873624,0.951356
873625,0.6717001
873626,0.99698186
873627,0.028877169
873628,0.7050837
873629,0.011518382
873630,0.47208068
873631,0.16788903
873632,0.036525887
873633,0.016864177
873634,0.18740368
873635,0.9840495
873636,0.9331828
873637,0.98468244
873638,0.016073022
873639,0.0032242371
873640,0.96560156
873641,0.95999354
873642,0.64426845
873643,0.4164382
873644,0.05886089
873645,0.98968107
873646,0.037464052
873647,0.0038643684
873648,0.9744621
873649,0.06820449
873650,0.010043251
873651,0.0032432517
873652,0.3397591
873653,0.6910437
873654,0.90748477
873655,0.97616726
873656,0.58592916
873657,0.8728365
873658,0.49872565
873659,0.10665873
873660,0.6136294
873661,0.53779894
873662,0.2625278
873663,0.77167976
873664,0.045540422
873665,0.99743676
873666,0.00553852
873667,0.9822717
873668,0.07698382
873669,0.002122994
873670,0.21185282
873671,0.975455
873672,0.016113149
873673,0.09155011
873674,0.01905473
873675,0.9186272
873676,0.99686134
873677,0.85621655
873678,0.9555027
873679,0.008429715
873680,0.32885915
873681,0.99965227
873682,0.037710756
873683,0.8247129
873684,0.40812534
873685,0.4241666
873686,0.017696947
873687,0.37071878
873688,0.9788428
873689,0.97626996
873690,0.9496298
873691,0.9948567
873692,0.9905146
873693,0.067473136
873694,0.004226775
873695,0.008114813
873696,0.90636563
873697,0.016535114
873698,0.39534125
873699,0.016539946
873700,0.2163865
873701,0.16970176
873702,0.002680808
873703,0.9992426
873704,0.95268613
873705,0.9519518
873706,0.31806886
873707,0.98726285
873708,0.17675541
873709,0.9821401
873710,0.10835369
873711,0.012475055
873712,0.047890782
873713,0.13532716
873714,0.011088708
873715,0.948997
873716,0.9096594
873717,0.025437139
873718,0.8234625
873719,0.11559922
873720,0.99706316
873721,0.09927133
873722,0.4514431
873723,0.014533363
873724,0.01467173
873725,0.47844312
873726,0.024239238
873727,0.006007467
873728,0.0020964053
873729,0.056799702
873730,0.6704907
873731,0.091843225
873732,0.07293822
873733,0.18407312
873734,0.99309015
873735,0.95732546
873736,0.02920656
873737,0.01959085
873738,0.029736554
873739,0.08798885
873740,0.017292663
873741,0.9825041
873742,0.20933437
873743,0.048857175
873744,0.8639252
873745,0.9641589
873746,0.7911712
873747,0.9436221
873748,0.20324382
873749,0.9968357
873750,0.2647516
873751,0.34644938
873752,0.99671936
873753,0.547937
873754,0.18961808
873755,0.1338275
873756,0.9796872
873757,0.9588947
873758,0.19804001
873759,0.0071237194
873760,0.0060864436
873761,0.013337992
873762,0.9739796
873763,0.02085141
873764,0.7021159
873765,0.020327805
873766,0.06267081
873767,0.48405454
873768,0.006834084
873769,0.004078223
873770,0.7318028
873771,0.12763213
873772,0.01448229
873773,0.01903837
873774,0.33652753
873775,0.10896498
873776,0.9725138
873777,0.9982858
873778,0.30157477
873779,0.033345416
873780,0.9639275
873781,0.008414224
873782,0.30695233
873783,0.11967977
873784,0.14740372
873785,0.94016665
873786,0.047393747
873787,0.59670496
873788,0.023362217
873789,0.03714139
873790,0.991996
873791,0.018163703
873792,0.0049236696
873793,0.97953117
873794,0.99904114
873795,0.4224756
873796,0.5622493
873797,0.54831207
873798,0.9926426
873799,0.022843441
873800,0.9100871
873801,0.17774966
873802,0.055980194
873803,0.98778886
873804,0.99028426
873805,0.30492854
873806,0.02912307
873807,0.82071173
873808,0.9844244
873809,0.46438882
873810,0.97964716
873811,0.91325265
873812,0.029357856
873813,0.99021196
873814,0.99489117
873815,0.80389374
873816,0.38083673
873817,0.4015648
873818,0.5697772
873819,0.998595
873820,0.008607677
873821,0.050912064
873822,0.9914234
873823,0.9969773
873824,0.53243953
873825,0.018834753
873826,0.19558771
873827,0.85146385
873828,0.03310499
873829,0.040242855
873830,0.011559966
873831,0.060899083
873832,0.06300539
873833,0.027764844
873834,0.05089322
873835,0.9692296
873836,0.44202638
873837,0.5619271
873838,0.579725
873839,0.0149767455
873840,0.024004102
873841,0.5089196
873842,0.9554193
873843,0.001129923
873844,0.06322363
873845,0.812302
873846,0.61803293
873847,0.9089531
873848,0.08301259
873849,0.1038765
873850,0.03575457
873851,0.66219205
873852,0.9977102
873853,0.0022278032
873854,0.0052339947
873855,0.79159534
873856,0.03046164
873857,0.12853295
873858,0.9962322
873859,0.3407572
873860,0.7232839
873861,0.90979713
873862,0.95832765
873863,0.9017664
873864,0.03703112
873865,0.018909108
873866,0.041004933
873867,0.0063694706
873868,0.30278453
873869,0.97696394
873870,0.25949153
873871,0.10666925
873872,0.0013309463
873873,0.9488386
873874,0.04730615
873875,0.011051439
873876,0.73324823
873877,0.14528576
873878,0.31261143
873879,0.38372803
873880,0.988485
873881,0.9686965
873882,0.25119683
873883,0.9729384
873884,0.68928754
873885,0.99531597
873886,0.05437674
873887,0.014136447
873888,0.008577585
873889,0.96771157
873890,0.0037483769
873891,0.20160341
873892,0.0077298433
873893,0.6674145
873894,0.15874062
873895,0.37699264
873896,0.048278537
873897,0.960563
873898,0.8762276
873899,0.54322326
873900,0.9967078
873901,0.9470252
873902,0.9446899
873903,0.01171047
873904,0.628299
873905,0.80720925
873906,0.99362725
873907,0.98330474
873908,0.7668616
873909,0.004848347
873910,0.011088029
873911,0.96787703
873912,0.95790553
873913,0.9975602
873914,0.013223192
873915,0.037028722
873916,0.9129545
873917,0.03166685
873918,0.44207704
873919,0.91523874
873920,0.027179241
873921,0.92937005
873922,0.019221729
873923,0.21163338
873924,0.9988396
873925,0.90135044
873926,0.0549032
873927,0.045190822
873928,0.016322225
873929,0.3428947
873930,0.10738591
873931,0.027854627
873932,0.44343817
873933,0.8781711
873934,0.9697967
873935,0.009683878
873936,0.10871637
873937,0.036895942
873938,0.23288748
873939,0.5226821
873940,0.9983725
873941,0.0024392756
873942,0.014020026
873943,0.05891935
873944,0.4856637
873945,0.9518035
873946,0.022970617
873947,0.74260974
873948,0.535716
873949,0.88718826
873950,0.009954043
873951,0.96429324
873952,0.011016079
873953,0.933589
873954,0.95438755
873955,0.10253884
873956,0.99024975
873957,0.86087155
873958,0.88429785
873959,0.0070217755
873960,0.024623137
873961,0.9973835
873962,0.8174182
873963,0.9833337
873964,0.33095658
873965,0.9973289
873966,0.99739814
873967,0.6533224
873968,0.05445774
873969,0.06704411
873970,0.86645275
873971,0.3878473
873972,0.148638
873973,0.074679345
873974,0.994003
873975,0.78084934
873976,0.037699588
873977,0.99189365
873978,0.9763871
873979,0.052033454
873980,0.92525697
873981,0.9637017
873982,0.0047896267
873983,0.27914685
873984,0.8813118
873985,0.031582817
873986,0.031063292
873987,0.901224
873988,0.0038812642
873989,0.9979349
873990,0.95612955
873991,0.029948596
873992,0.01203909
873993,0.14761096
873994,0.50728357
873995,0.8929186
873996,0.0034487937
873997,0.9891629
873998,0.9371895
873999,0.0075599123
874000,0.011023967
874001,0.04450151
874002,0.9559629
874003,0.05081054
874004,0.97156876
874005,0.030324364
874006,0.98425484
874007,0.996277
874008,0.9719503
874009,0.98503387
874010,0.003562049
874011,0.21834388
874012,0.06252749
874013,0.3504987
874014,0.0092530055
874015,0.63125336
874016,0.03135394
874017,0.83940434
874018,0.9865564
874019,0.012589535
874020,0.9733259
874021,0.0349731
874022,0.105915815
874023,0.30047506
874024,0.036614012
874025,0.9921466
874026,0.75062656
874027,0.039350588
874028,0.80229616
874029,0.8055022
874030,0.42131487
874031,0.015299628
874032,0.7599927
874033,0.13577208
874034,0.0029894514
874035,0.106051154
874036,0.06211932
874037,0.0101416465
874038,0.28469762
874039,0.99627113
874040,0.9898721
874041,0.19426262
874042,0.012642173
874043,0.19134815
874044,0.04893413
874045,0.6373096
874046,0.036432497
874047,0.99832904
874048,0.031399764
874049,0.779435
874050,0.012034132
874051,0.17800656
874052,0.07104401
874053,0.011189684
874054,0.9561232
874055,0.99659055
874056,0.9706513
874057,0.34897614
874058,0.16831462
874059,0.9908042
874060,0.5117971
874061,0.1026123
874062,0.22499153
874063,0.2668857
874064,0.99795747
874065,0.16330802
874066,0.9747783
874067,0.8140032
874068,0.862909
874069,0.0050859973
874070,0.8422204
874071,0.9896623
874072,0.12282349
874073,0.9809381
874074,0.9732171
874075,0.011598189
874076,0.0038972874
874077,0.6489624
874078,0.9944284
874079,0.97649115
874080,0.18067525
874081,0.87926316
874082,0.95759314
874083,0.022804072
874084,0.042174987
874085,0.032455184
874086,0.13225728
874087,0.0075712968
874088,0.9573519
874089,0.0071744807
874090,0.15595992
874091,0.22672455
874092,0.58428854
874093,0.027926411
874094,0.13183996
874095,0.027276903
874096,0.7228184
874097,0.004241356
874098,0.0099599995
874099,0.025665727
874100,0.9926527
874101,0.29027715
874102,0.8733366
874103,0.01374716
874104,0.5278491
874105,0.13594282
874106,0.97844094
874107,0.29250866
874108,0.9945694
874109,0.9604871
874110,0.97912705
874111,0.5050965
874112,0.16333267
874113,0.9760166
874114,0.96842813
874115,0.014650365
874116,0.68683964
874117,0.18616398
874118,0.007975739
874119,0.024378104
874120,0.5954698
874121,0.62664557
874122,0.052141033
874123,0.006784756
874124,0.22827494
874125,0.057660673
874126,0.98331743
874127,0.113919035
874128,0.9797744
874129,0.7648543
874130,0.9981916
874131,0.041842237
874132,0.036959372
874133,0.9959129
874134,0.00706928
874135,0.0256488
874136,0.131425
874137,0.01572173
874138,0.9201766
874139,0.028376743
874140,0.026963675
874141,0.051526506
874142,0.92255175
874143,0.14026147
874144,0.029507808
874145,0.9751591
874146,0.83714145
874147,0.74547845
874148,0.01583426
874149,0.013732292
874150,0.9208375
874151,0.5178632
874152,0.0036137674
874153,0.96116316
874154,0.93344456
874155,0.00956469
874156,0.45793992
874157,0.036444735
874158,0.0028161285
874159,0.3157622
874160,0.81544805
874161,0.5467303
874162,0.07974651
874163,0.9751765
874164,0.030962778
874165,0.77151
874166,0.9987711
874167,0.9873816
874168,0.9952407
874169,0.9760374
874170,0.25813594
874171,0.9733505
874172,0.11354563
874173,0.025264274
874174,0.045618437
874175,0.052095816
874176,0.9756436
874177,0.003807719
874178,0.20883235
874179,0.76668906
874180,0.13318844
874181,0.01320937
874182,0.011441388
874183,0.15433657
874184,0.6623039
874185,0.9968552
874186,0.9800135
874187,0.087343365
874188,0.99671173
874189,0.9971986
874190,0.010064698
874191,0.04004734
874192,0.03213556
874193,0.99804497
874194,0.96495444
874195,0.11432024
874196,0.18936239
874197,0.0024672085
874198,0.998173
874199,0.032242812
874200,0.9928825
874201,0.016091224
874202,0.39571887
874203,0.8929953
874204,0.98670167
874205,0.97468734
874206,0.019159464
874207,0.890544
874208,0.9966578
874209,0.017994476
874210,0.02418141
874211,0.0039336653
874212,0.04193627
874213,0.008829714
874214,0.038816586
874215,0.014681896
874216,0.9249719
874217,0.8134497
874218,0.0043063676
874219,0.027490992
874220,0.06403056
874221,0.1931754
874222,0.9480163
874223,0.9548235
874224,0.022506153
874225,0.99214816
874226,0.7329978
874227,0.15102506
874228,0.20373224
874229,0.009456091
874230,0.31080508
874231,0.97722983
874232,0.029937461
874233,0.013932545
874234,0.98881423
874235,0.18105328
874236,0.0016398504
874237,0.064358525
874238,0.048426457
874239,0.80401456
874240,0.28295708
874241,0.020239718
874242,0.69432825
874243,0.15203017
874244,0.0071256235
874245,0.5343868
874246,0.12305519
874247,0.02875871
874248,0.81646264
874249,0.006652989
874250,0.6588571
874251,0.9996924
874252,0.99679375
874253,0.98843604
874254,0.2619343
874255,0.9934553
874256,0.9476353
874257,0.28773338
874258,0.75305885
874259,0.022097157
874260,0.2919765
874261,0.003876063
874262,0.13002898
874263,0.02087351
874264,0.5052139
874265,0.010324381
874266,0.22669479
874267,0.03123039
874268,0.019972049
874269,0.9820653
874270,0.9329811
874271,0.079067335
874272,0.7216347
874273,0.9440515
874274,0.76370865
874275,0.0549668
874276,0.99744105
874277,0.99604887
874278,0.9312948
874279,0.54065377
874280,0.99164385
874281,0.9951191
874282,0.87168175
874283,0.114274986
874284,0.23346874
874285,0.9644263
874286,0.4527638
874287,0.98973125
874288,0.99665344
874289,0.50515425
874290,0.97804075
874291,0.12401202
874292,0.55149627
874293,0.978426
874294,0.9605169
874295,0.020888153
874296,0.9098489
874297,0.98547655
874298,0.21728632
874299,0.6514636
874300,0.32103232
874301,0.8410083
874302,0.50693107
874303,0.3477048
874304,0.077084675
874305,0.019284656
874306,0.9933434
874307,0.1380642
874308,0.9740711
874309,0.96083814
874310,0.05786014
874311,0.6653727
874312,0.043376032
874313,0.013939172
874314,0.0118166255
874315,0.10189608
874316,0.8820136
874317,0.06137642
874318,0.54124296
874319,0.81457293
874320,0.020509398
874321,0.8652549
874322,0.7504297
874323,0.13330336
874324,0.19569683
874325,0.058981393
874326,0.46608064
874327,0.004862871
874328,0.9872806
874329,0.98894894
874330,0.12540568
874331,0.19241095
874332,0.9866009
874333,0.029124567
874334,0.6773373
874335,0.463998
874336,0.097761795
874337,0.056351542
874338,0.042647716
874339,0.27000692
874340,0.010082259
874341,0.19048014
874342,0.09072751
874343,0.9943632
874344,0.14579439
874345,0.97271967
874346,0.986894
874347,0.9921546
874348,0.010893192
874349,0.086533196
874350,0.052024968
874351,0.34184968
874352,0.4338174
874353,0.8564248
874354,0.17632739
874355,0.23850636
874356,0.97694886
874357,0.21342319
874358,0.8658628
874359,0.059370693
874360,0.004350778
874361,0.97722065
874362,0.07988064
874363,0.0073100748
874364,0.06418279
874365,0.07644056
874366,0.35228038
874367,0.045294307
874368,0.008415167
874369,0.9699305
874370,0.013177294
874371,0.47492212
874372,0.9916844
874373,0.023497846
874374,0.024007259
874375,0.82179105
874376,0.9558049
874377,0.10799299
874378,0.042511202
874379,0.9480145
874380,0.14864868
874381,0.28285652
874382,0.9985632
874383,0.0141399065
874384,0.97123325
874385,0.26073715
874386,0.022195764
874387,0.7176039
874388,0.88023543
874389,0.004773314
874390,0.98303974
874391,0.9055564
874392,0.08345719
874393,0.010824237
874394,0.011960834
874395,0.9972648
874396,0.92411685
874397,0.5067585
874398,0.25369203
874399,0.013467887
874400,0.76266813
874401,0.98706555
874402,0.0113893
874403,0.012766656
874404,0.9974642
874405,0.22904572
874406,0.98921347
874407,0.89396656
874408,0.472246
874409,0.02710833
874410,0.011048555
874411,0.12107049
874412,0.028655857
874413,0.9847348
874414,0.3837724
874415,0.09050212
874416,0.79259807
874417,0.8744122
874418,0.98401827
874419,0.99278164
874420,0.98255044
874421,0.01780254
874422,0.95918906
874423,0.8086584
874424,0.8492213
874425,0.39552438
874426,0.0717382
874427,0.39985806
874428,0.015792612
874429,0.018506808
874430,0.13006967
874431,0.98412263
874432,0.9859658
874433,0.8664707
874434,0.8200443
874435,0.31242305
874436,0.06680694
874437,0.00794306
874438,0.4201002
874439,0.9984625
874440,0.006419884
874441,0.19931911
874442,0.8647686
874443,0.015394402
874444,0.92348665
874445,0.05626174
874446,0.016755162
874447,0.99056244
874448,0.010529509
874449,0.98820966
874450,0.7867717
874451,0.3376271
874452,0.99797666
874453,0.33312052
874454,0.62295926
874455,0.120534346
874456,0.076690346
874457,0.01625527
874458,0.9671416
874459,0.013835117
874460,0.94560385
874461,0.018936843
874462,0.9992416
874463,0.7590741
874464,0.026383387
874465,0.74027556
874466,0.0023065796
874467,0.022000477
874468,0.11363043
874469,0.068068124
874470,0.11279847
874471,0.10774888
874472,0.04808538
874473,0.44750303
874474,0.9703286
874475,0.38051927
874476,0.04378968
874477,0.99126184
874478,0.9980612
874479,0.020049978
874480,0.9903562
874481,0.9830493
874482,0.8786609
874483,0.7253798
874484,0.016755149
874485,0.013552407
874486,0.8660836
874487,0.015392108
874488,0.40215322
874489,0.9814769
874490,0.1636304
874491,0.013385564
874492,0.982685
874493,0.056108717
874494,0.91841185
874495,0.7542202
874496,0.34196472
874497,0.98749655
874498,0.89222664
874499,0.9723687
874500,0.9770634
874501,0.78228843
874502,0.99441963
874503,0.1398819
874504,0.02291983
874505,0.13797612
874506,0.3574202
874507,0.876286
874508,0.9912651
874509,0.3748024
874510,0.0065475255
874511,0.94773936
874512,0.13144691
874513,0.7521547
874514,0.9956478
874515,0.9558744
874516,0.9931972
874517,0.0031793471
874518,0.209384
874519,0.929711
874520,0.098154016
874521,0.98003983
874522,0.002425335
874523,0.9703476
874524,0.52790266
874525,0.013029134
874526,0.94340837
874527,0.0049074655
874528,0.35610616
874529,0.8675006
874530,0.029065453
874531,0.02878036
874532,0.80514413
874533,0.9703646
874534,0.61353505
874535,0.048555586
874536,0.0010131684
874537,0.8854523
874538,0.02358023
874539,0.0052113533
874540,0.8194441
874541,0.008798388
874542,0.9683848
874543,0.99252856
874544,0.0012801975
874545,0.017176013
874546,0.94265234
874547,0.0322666
874548,0.8062653
874549,0.790743
874550,0.7610573
874551,0.12941273
874552,0.5592475
874553,0.020435419
874554,0.96743715
874555,0.86845624
874556,0.008736791
874557,0.13805592
874558,0.7619783
874559,0.028197095
874560,0.028209873
874561,0.9971416
874562,0.018721703
874563,0.9934598
874564,0.62086344
874565,0.37961537
874566,0.05041704
874567,0.971148
874568,0.9980439
874569,0.9208324
874570,0.40769035
874571,0.9993877
874572,0.031420995
874573,0.3990167
874574,0.9971779
874575,0.018670985
874576,0.9527788
874577,0.893427
874578,0.022079628
874579,0.014091489
874580,0.8386845
874581,0.9379714
874582,0.5973078
874583,0.06544314
874584,0.9911723
874585,0.010448802
874586,0.01652998
874587,0.1630406
874588,0.052619163
874589,0.27991736
874590,0.9280083
874591,0.5774716
874592,0.9984306
874593,0.13534215
874594,0.8192911
874595,0.93857634
874596,0.0126788765
874597,0.9818015
874598,0.019000046
874599,0.005143005
874600,0.96903545
874601,0.23470959
874602,0.5508451
874603,0.56632787
874604,0.0049749725
874605,0.050464842
874606,0.95188725
874607,0.97046345
874608,0.016475784
874609,0.9903174
874610,0.9242167
874611,0.22921398
874612,0.96468186
874613,0.029272344
874614,0.98912704
874615,0.9058046
874616,0.017927099
874617,0.07268511
874618,0.06415185
874619,0.41017666
874620,0.92733705
874621,0.024445966
874622,0.026768215
874623,0.98233104
874624,0.9562588
874625,0.41036606
874626,0.99551976
874627,0.23325394
874628,0.006527737
874629,0.3579759
874630,0.91748154
874631,0.97549963
874632,0.93231773
874633,0.0030085533
874634,0.8434669
874635,0.010233653
874636,0.033447213
874637,0.9577608
874638,0.9288736
874639,0.81333244
874640,0.98768896
874641,0.15172878
874642,0.004180375
874643,0.83647776
874644,0.25464216
874645,0.7021169
874646,0.03710214
874647,0.14948791
874648,0.6557587
874649,0.9954859
874650,0.4247726
874651,0.017059226
874652,0.01812033
874653,0.24466479
874654,0.02881537
874655,0.07215685
874656,0.09029126
874657,0.14839694
874658,0.13581903
874659,0.9932853
874660,0.9773577
874661,0.9640285
874662,0.9834338
874663,0.99667513
874664,0.7418598
874665,0.80869377
874666,0.8245427
874667,0.010070507
874668,0.028442513
874669,0.017210055
874670,0.27393737
874671,0.95340544
874672,0.24360965
874673,0.9689867
874674,0.32297283
874675,0.009690257
874676,0.92142963
874677,0.85960245
874678,0.9771294
874679,0.84852123
874680,0.028592113
874681,0.0020867765
874682,0.84147024
874683,0.15335019
874684,0.9616508
874685,0.09417885
874686,0.005768878
874687,0.7555845
874688,0.99743897
874689,0.92519414
874690,0.05779871
874691,0.13490693
874692,0.024546653
874693,0.54556406
874694,0.014954094
874695,0.5291841
874696,0.110057384
874697,0.97666895
874698,0.15521534
874699,0.010332848
874700,0.93042696
874701,0.0109733995
874702,0.9232047
874703,0.814528
874704,0.010843925
874705,0.9283935
874706,0.02498774
874707,0.7514652
874708,0.9427261
874709,0.9902817
874710,0.9929081
874711,0.14349724
874712,0.008373463
874713,0.048230156
874714,0.016932555
874715,0.11679409
874716,0.026162049
874717,0.8902807
874718,0.99240196
874719,0.117449015
874720,0.8717457
874721,0.9965584
874722,0.95703954
874723,0.0064575328
874724,0.579527
874725,0.98617303
874726,0.6646372
874727,0.9916983
874728,0.0029614926
874729,0.8779671
874730,0.032774024
874731,0.99615335
874732,0.94574213
874733,0.29489696
874734,0.9982819
874735,0.89187646
874736,0.92179656
874737,0.6575503
874738,0.99471074
874739,0.03852743
874740,0.974231
874741,0.0073656878
874742,0.048057556
874743,0.7163022
874744,0.02493568
874745,0.18611425
874746,0.9239355
874747,0.2751286
874748,0.9642548
874749,0.99958897
874750,0.37463427
874751,0.9667021
874752,0.0052180286
874753,0.02241739
874754,0.15529737
874755,0.99078155
874756,0.15912509
874757,0.33096248
874758,0.8438056
874759,0.9871786
874760,0.23405099
874761,0.020379405
874762,0.09516887
874763,0.0006981626
874764,0.9733947
874765,0.24028097
874766,0.048259515
874767,0.9910787
874768,0.93330365
874769,0.006992142
874770,0.960438
874771,0.9867967
874772,0.0009948978
874773,0.21460705
874774,0.89737076
874775,0.9649164
874776,0.7921564
874777,0.2953055
874778,0.02649121
874779,0.030349094
874780,0.20232293
874781,0.88191193
874782,0.13033949
874783,0.98339784
874784,0.26714957
874785,0.9847158
874786,0.023839314
874787,0.9921023
874788,0.013668863
874789,0.023667581
874790,0.5684112
874791,0.02043032
874792,0.40705633
874793,0.02912615
874794,0.9209516
874795,0.99854106
874796,0.11114794
874797,0.009935305
874798,0.3234347
874799,0.0958561
874800,0.19492388
874801,0.0067917574
874802,0.07833371
874803,0.7979611
874804,0.061736967
874805,0.99827576
874806,0.21841526
874807,0.029722096
874808,0.022697527
874809,0.031009104
874810,0.85484076
874811,0.41850108
874812,0.76924205
874813,0.9987993
874814,0.9675039
874815,0.7866665
874816,0.030712293
874817,0.9697419
874818,0.0035543027
874819,0.41668287
874820,0.28768748
874821,0.6368693
874822,0.84402555
874823,0.014055401
874824,0.9956045
874825,0.01599812
874826,0.9987996
874827,0.69095284
874828,0.112217225
874829,0.24067464
874830,0.9809525
874831,0.9933733
874832,0.91900593
874833,0.9188167
874834,0.024139326
874835,0.5595326
874836,0.1180591
874837,0.99395704
874838,0.12773381
874839,0.9335197
874840,0.64061
874841,0.06738485
874842,0.005019601
874843,0.04024151
874844,0.0077150096
874845,0.99326175
874846,0.05076054
874847,0.113604
874848,0.001791159
874849,0.7122755
874850,0.055656616
874851,0.13825706
874852,0.026867276
874853,0.06835306
874854,0.23548666
874855,0.0031525108
874856,0.09411025
874857,0.9971961
874858,0.0396522
874859,0.52873254
874860,0.57633173
874861,0.9878832
874862,0.25052384
874863,0.015127521
874864,0.0273497
874865,0.9992501
874866,0.14999554
874867,0.39073277
874868,0.09349568
874869,0.93006253
874870,0.3858036
874871,0.17182207
874872,0.009045777
874873,0.07543428
874874,0.06429603
874875,0.9647544
874876,0.5004754
874877,0.5761748
874878,0.024128392
874879,0.45659697
874880,0.012037953
874881,0.08586314
874882,0.14539324
874883,0.23195979
874884,0.010227545
874885,0.0026966783
874886,0.53388333
874887,0.30739707
874888,0.033657447
874889,0.04317225
874890,0.105555244
874891,0.3197031
874892,0.03168595
874893,0.13148105
874894,0.022193018
874895,0.5733402
874896,0.021728173
874897,0.060593545
874898,0.08959981
874899,0.033953797
874900,0.62406456
874901,0.015293816
874902,0.060104907
874903,0.98681074
874904,0.0014052992
874905,0.9815693
874906,0.0047122873
874907,0.89371705
874908,0.34711218
874909,0.032482978
874910,0.20558254
874911,0.07253765
874912,0.17775957
874913,0.9212032
874914,0.991143
874915,0.56183934
874916,0.9780736
874917,0.9643189
874918,0.04160723
874919,0.77981037
874920,0.97499114
874921,0.9973906
874922,0.00782749
874923,0.0015750162
874924,0.021768354
874925,0.89122206
874926,0.0103804
874927,0.13085301
874928,0.6640246
874929,0.33612978
874930,0.9817286
874931,0.55584866
874932,0.9749193
874933,0.96110815
874934,0.03795314
874935,0.0039503127
874936,0.95803237
874937,0.4364279
874938,0.962672
874939,0.9991646
874940,0.045101985
874941,0.3494937
874942,0.76174194
874943,0.0074217925
874944,0.9752976
874945,0.3200114
874946,0.45346013
874947,0.030098151
874948,0.08884112
874949,0.013499428
874950,0.013569222
874951,0.92100734
874952,0.94852275
874953,0.7889423
874954,0.012994144
874955,0.99843407
874956,0.19739679
874957,0.051819734
874958,0.63684994
874959,0.9309703
874960,0.034954824
874961,0.97863907
874962,0.28522965
874963,0.9888098
874964,0.9638663
874965,0.16183312
874966,0.0053545246
874967,0.028563328
874968,0.9877141
874969,0.50397843
874970,0.10915917
874971,0.3489213
874972,0.067403235
874973,0.3682976
874974,0.004152475
874975,0.023469288
874976,0.88939077
874977,0.038889654
874978,0.99696153
874979,0.996845
874980,0.037451014
874981,0.34608972
874982,0.087167814
874983,0.9960616
874984,0.2014721
874985,0.98936975
874986,0.06290449
874987,0.96091604
874988,0.004042214
874989,0.9852847
874990,0.012563542
874991,0.25673702
874992,0.014410913
874993,0.4038792
874994,0.21919702
874995,0.9893956
874996,0.013188563
874997,0.6322271
874998,0.024239056
874999,0.005552009
875000,0.004537709
875001,0.09003239
875002,0.47853833
875003,0.2176615
875004,0.97680426
875005,0.13372387
875006,0.9964512
875007,0.031143408
875008,0.9972675
875009,0.07557862
875010,0.9909221
875011,0.9263955
875012,0.30682248
875013,0.9967571
875014,0.48864025
875015,0.16274913
875016,0.7815077
875017,0.033224955
875018,0.97652584
875019,0.98136675
875020,0.09704745
875021,0.0134100495
875022,0.3830087
875023,0.10308759
875024,0.5147177
875025,0.99866116
875026,0.5984399
875027,0.025181679
875028,0.81578803
875029,0.18223332
875030,0.9909694
875031,0.06800987
875032,0.8622353
875033,0.029959334
875034,0.99031544
875035,0.9694881
875036,0.0031480908
875037,0.059825454
875038,0.097522356
875039,0.08043328
875040,0.055849515
875041,0.80856645
875042,0.9858968
875043,0.4127959
875044,0.044022255
875045,0.051203534
875046,0.8985606
875047,0.96268755
875048,0.98971677
875049,0.9122395
875050,0.030781813
875051,0.99240464
875052,0.4914818
875053,0.04481248
875054,0.02053805
875055,0.9885275
875056,0.0029113682
875057,0.0077936207
875058,0.29919845
875059,0.22007784
875060,0.013209651
875061,0.07949634
875062,0.88887626
875063,0.849587
875064,0.110250056
875065,0.9798429
875066,0.020048743
875067,0.86246866
875068,0.040028825
875069,0.022673488
875070,0.11522423
875071,0.93805176
875072,0.36802897
875073,0.2761414
875074,0.5697532
875075,0.0045323633
875076,0.90776074
875077,0.020035814
875078,0.8032162
875079,0.15158443
875080,0.74824834
875081,0.124669194
875082,0.0029878197
875083,0.3461903
875084,0.61611897
875085,0.1274569
875086,0.0132014025
875087,0.008064186
875088,0.013803085
875089,0.028064325
875090,0.9936378
875091,0.71262217
875092,0.75826687
875093,0.9855298
875094,0.037460297
875095,0.01301019
875096,0.06635685
875097,0.8938394
875098,0.011380054
875099,0.24277548
875100,0.0048162392
875101,0.9853861
875102,0.008600778
875103,0.9992076
875104,0.9921873
875105,0.027930137
875106,0.9793221
875107,0.92748666
875108,0.9097644
875109,0.9976574
875110,0.06416529
875111,0.91005653
875112,0.940431
875113,0.9889691
875114,0.9976994
875115,0.006321035
875116,0.9932549
875117,0.039317757
875118,0.09514392
875119,0.99838126
875120,0.009560864
875121,0.25204492
875122,0.89125055
875123,0.38366958
875124,0.006859393
875125,0.998573
875126,0.0032463898
875127,0.8745468
875128,0.8926427
875129,0.03848175
875130,0.46008015
875131,0.9974712
875132,0.08956133
875133,0.013016945
875134,0.11871254
875135,0.030283414
875136,0.045441836
875137,0.009809495
875138,0.92899984
875139,0.01637071
875140,0.7920493
875141,0.2165595
875142,0.9933145
875143,0.3804379
875144,0.93402416
875145,0.042666443
875146,0.0034298007
875147,0.9579891
875148,0.0140766725
875149,0.024464881
875150,0.06481996
875151,0.011801187
875152,0.022891447
875153,0.28484395
875154,0.69941413
875155,0.2929176
875156,0.116275534
875157,0.24347474
875158,0.01897519
875159,0.9935247
875160,0.998479
875161,0.29031014
875162,0.016700838
875163,0.021434577
875164,0.99213046
875165,0.9704373
875166,0.21167943
875167,0.22077194
875168,0.9912078
875169,0.06465048
875170,0.9977091
875171,0.98239934
875172,0.1676296
875173,0.06672598
875174,0.991934
875175,0.17354664
875176,0.00350825
875177,0.011199913
875178,0.006723252
875179,0.03972119
875180,0.6863103
875181,0.016911639
875182,0.18619883
875183,0.9975186
875184,0.0041335733
875185,0.05982721
875186,0.9594199
875187,0.016191367
875188,0.9154458
875189,0.96972156
875190,0.023359586
875191,0.015649006
875192,0.03811925
875193,0.99597347
875194,0.9639666
875195,0.98959064
875196,0.20148492
875197,0.9901458
875198,0.022331322
875199,0.1014921
875200,0.9548247
875201,0.97734267
875202,0.9962431
875203,0.7696217
875204,0.99966305
875205,0.0038906985
875206,0.99166656
875207,0.97976285
875208,0.11253962
875209,0.7332624
875210,0.05180002
875211,0.0085799135
875212,0.12303277
875213,0.9868212
875214,0.8469004
875215,0.027969554
875216,0.06516612
875217,0.16432507
875218,0.7070518
875219,0.2690733
875220,0.93698746
875221,0.036679447
875222,0.9865491
875223,0.99926627
875224,0.011632078
875225,0.5146184
875226,0.8415868
875227,0.4722666
875228,0.15888448
875229,0.31110042
875230,0.9651228
875231,0.020030461
875232,0.0045890342
875233,0.006045218
875234,0.0058942344
875235,0.054321185
875236,0.90292937
875237,0.6884415
875238,0.28406504
875239,0.72038233
875240,0.07055699
875241,0.947977
875242,0.019681094
875243,0.0016114926
875244,0.8874469
875245,0.8683164
875246,0.06828393
875247,0.13988861
875248,0.018548477
875249,0.032187894
875250,0.38766253
875251,0.070042916
875252,0.22962102
875253,0.989361
875254,0.026450746
875255,0.05541754
875256,0.80188966
875257,0.10914713
875258,0.0184931
875259,0.9941142
875260,0.040278815
875261,0.3792373
875262,0.09093602
875263,0.19107005
875264,0.02637459
875265,0.5681502
875266,0.019082673
875267,0.023554426
875268,0.010015451
875269,0.19399565
875270,0.9312626
875271,0.97752404
875272,0.86062276
875273,0.038571212
875274,0.17095515
875275,0.99777746
875276,0.9976503
875277,0.076661475
875278,0.943146
875279,0.042864937
875280,0.046607852
875281,0.13231876
875282,0.9429573
875283,0.3106319
875284,0.0073095122
875285,0.0066372333
875286,0.0024771972
875287,0.8060274
875288,0.10397103
875289,0.023467274
875290,0.039411094
875291,0.96299255
875292,0.18502869
875293,0.011004768
875294,0.061621092
875295,0.995233
875296,0.18600681
875297,0.76760423
875298,0.8781677
875299,0.0049836393
875300,0.0051617646
875301,0.25339863
875302,0.15838584
875303,0.13882145
875304,0.9826602
875305,0.09564641
875306,0.011829038
875307,0.9530145
875308,0.041699044
875309,0.9972399
875310,0.996994
875311,0.21383198
875312,0.4008208
875313,0.66926545
875314,0.0028818806
875315,0.7642096
875316,0.0032830467
875317,0.15816715
875318,0.029902458
875319,0.022843093
875320,0.9259226
875321,0.93211305
875322,0.08076557
875323,0.013016956
875324,0.9798315
875325,0.9992
875326,0.9443037
875327,0.0045768265
875328,0.006243137
875329,0.99486655
875330,0.6836322
875331,0.90680146
875332,0.9915299
875333,0.9895081
875334,0.0037047127
875335,0.04275798
875336,0.98238736
875337,0.9262291
875338,0.76339376
875339,0.80560106
875340,0.010750821
875341,0.08537582
875342,0.9834134
875343,0.044627227
875344,0.947688
875345,0.9916495
875346,0.8343989
875347,0.87931466
875348,0.9955867
875349,0.0038900124
875350,0.87053466
875351,0.025113922
875352,0.8802376
875353,0.9239848
875354,0.38120177
875355,0.22818825
875356,0.010494125
875357,0.03652168
875358,0.99243414
875359,0.98789203
875360,0.042493526
875361,0.040662915
875362,0.020488841
875363,0.043944206
875364,0.011623929
875365,0.38617584
875366,0.80322903
875367,0.93976575
875368,0.007980093
875369,0.79159117
875370,0.4775147
875371,0.5830667
875372,0.96528
875373,0.18959439
875374,0.030659208
875375,0.6888032
875376,0.080009215
875377,0.18279514
875378,0.00816025
875379,0.07928932
875380,0.5722562
875381,0.022349
875382,0.16874304
875383,0.0022799557
875384,0.9470751
875385,0.2286745
875386,0.10318321
875387,0.93399787
875388,0.8201425
875389,0.99816394
875390,0.60536325
875391,0.9952122
875392,0.95340765
875393,0.9991851
875394,0.014496423
875395,0.039355397
875396,0.93790615
875397,0.73814964
875398,0.58836806
875399,0.00998169
875400,0.13730203
875401,0.16064347
875402,0.002231484
875403,0.91175926
875404,0.9789509
875405,0.006026158
875406,0.00398936
875407,0.54053146
875408,0.027443066
875409,0.90938807
875410,0.004141496
875411,0.2453781
875412,0.98833305
875413,0.08923763
875414,0.08272834
875415,0.38437006
875416,0.054449588
875417,0.9768728
875418,0.11407631
875419,0.010260029
875420,0.9920651
875421,0.3973856
875422,0.0124407485
875423,0.0015770242
875424,0.10658813
875425,0.6764975
875426,0.9719061
875427,0.028347775
875428,0.9465084
875429,0.019027036
875430,0.8398435
875431,0.34988505
875432,0.02921427
875433,0.71864176
875434,0.94875634
875435,0.40756238
875436,0.06661474
875437,0.0008465451
875438,0.9492697
875439,0.8896455
875440,0.81023437
875441,0.99261934
875442,0.016959071
875443,0.9817943
875444,0.9939192
875445,0.8960532
875446,0.010134943
875447,0.030713396
875448,0.79892856
875449,0.038294382
875450,0.98116624
875451,0.9990681
875452,0.05836981
875453,0.0113215875
875454,0.94315755
875455,0.45666564
875456,0.9140001
875457,0.97949314
875458,0.49561286
875459,0.338864
875460,0.21973476
875461,0.38117936
875462,0.35115463
875463,0.86068606
875464,0.0088344645
875465,0.21420908
875466,0.3340517
875467,0.45369816
875468,0.99662036
875469,0.95642924
875470,0.07910441
875471,0.0051107057
875472,0.30001846
875473,0.994154
875474,0.957784
875475,0.13681646
875476,0.010991331
875477,0.03666956
875478,0.5560293
875479,0.011663262
875480,0.42965204
875481,0.009842708
875482,0.09682958
875483,0.19336116
875484,0.9809791
875485,0.15280515
875486,0.5253367
875487,0.058409058
875488,0.004134316
875489,0.0014566621
875490,0.004021637
875491,0.0036130392
875492,0.8533076
875493,0.5257653
875494,0.90457547
875495,0.017763784
875496,0.92032194
875497,0.7690575
875498,0.023028597
875499,0.029339045
875500,0.42049462
875501,0.9844784
875502,0.12577769
875503,0.04772163
875504,0.004511748
875505,0.99061084
875506,0.34305224
875507,0.2541491
875508,0.4760512
875509,0.7084502
875510,0.6895414
875511,0.91949797
875512,0.31838542
875513,0.818249
875514,0.14097469
875515,0.044563923
875516,0.0066344873
875517,0.9967334
875518,0.0105874725
875519,0.02356731
875520,0.99875987
875521,0.24883732
875522,0.9695254
875523,0.09527049
875524,0.023451233
875525,0.99864566
875526,0.44768572
875527,0.79083675
875528,0.5399692
875529,0.90334046
875530,0.054600522
875531,0.9150159
875532,0.011173515
875533,0.9587295
875534,0.01676752
875535,0.98910856
875536,0.095246166
875537,0.49001274
875538,0.028059136
875539,0.99503326
875540,0.08546552
875541,0.46253982
875542,0.9974407
875543,0.02803525
875544,0.925977
875545,0.027914446
875546,0.019479968
875547,0.9995177
875548,0.08759509
875549,0.96335244
875550,0.02332748
875551,0.1679167
875552,0.03798707
875553,0.99469
875554,0.7172617
875555,0.89608526
875556,0.01877366
875557,0.027995141
875558,0.9777932
875559,0.9648798
875560,0.10142985
875561,0.03255815
875562,0.99607635
875563,0.079020366
875564,0.0041923695
875565,0.10169249
875566,0.052898128
875567,0.96844846
875568,0.98446923
875569,0.27410138
875570,0.40551144
875571,0.051836386
875572,0.94776404
875573,0.07729472
875574,0.99075294
875575,0.2567361
875576,0.044978105
875577,0.08162805
875578,0.96172655
875579,0.21389902
875580,0.06695527
875581,0.9881913
875582,0.038347483
875583,0.98882544
875584,0.0646209
875585,0.0031462295
875586,0.056431517
875587,0.99915034
875588,0.010331068
875589,0.048401132
875590,0.041946903
875591,0.0050269994
875592,0.27725416
875593,0.0052939327
875594,0.4200803
875595,0.09085646
875596,0.080356576
875597,0.033858195
875598,0.0058652563
875599,0.16121945
875600,0.9887777
875601,0.99482036
875602,0.93046874
875603,0.9384886
875604,0.004154375
875605,0.9897006
875606,0.017459925
875607,0.9869135
875608,0.04039833
875609,0.9800421
875610,0.8716252
875611,0.63124
875612,0.035366297
875613,0.9199685
875614,0.24368964
875615,0.023904404
875616,0.99558616
875617,0.053902663
875618,0.6640583
875619,0.11504311
875620,0.025464999
875621,0.052656338
875622,0.015834218
875623,0.9708483
875624,0.93966407
875625,0.22165456
875626,0.116922736
875627,0.0105447555
875628,0.061435632
875629,0.0035696803
875630,0.49518657
875631,0.96801215
875632,0.13112642
875633,0.04180136
875634,0.2300938
875635,0.045406632
875636,0.17001098
875637,0.43850768
875638,0.035325654
875639,0.003142721
875640,0.017165262
875641,0.80210245
875642,0.08212725
875643,0.99725926
875644,0.06542421
875645,0.18255201
875646,0.9961091
875647,0.003652868
875648,0.98998183
875649,0.8152416
875650,0.9868642
875651,0.004425318
875652,0.9856407
875653,0.013807773
875654,0.87152684
875655,0.9781609
875656,0.012201326
875657,0.1806283
875658,0.9172211
875659,0.021527171
875660,0.8208381
875661,0.14088817
875662,0.5113449
875663,0.03086208
875664,0.018953828
875665,0.9938444
875666,0.33149177
875667,0.9981854
875668,0.8937615
875669,0.05843162
875670,0.0033474725
875671,0.9941486
875672,0.041593086
875673,0.46133077
875674,0.07255148
875675,0.9498974
875676,0.14070882
875677,0.97181
875678,0.89898
875679,0.0049367547
875680,0.07656121
875681,0.13885856
875682,0.31761917
875683,0.0061306395
875684,0.34792075
875685,0.6434242
875686,0.6080438
875687,0.08650812
875688,0.7419948
875689,0.48453742
875690,0.9318687
875691,0.70216495
875692,0.73234856
875693,0.9863387
875694,0.93718386
875695,0.60972005
875696,0.13407722
875697,0.9802832
875698,0.006276355
875699,0.82870704
875700,0.49244052
875701,0.12168767
875702,0.01350555
875703,0.98796326
875704,0.13503623
875705,0.9882223
875706,0.9528771
875707,0.9258071
875708,0.03048939
875709,0.1878966
875710,0.65240157
875711,0.9959214
875712,0.9321239
875713,0.9590073
875714,0.99316645
875715,0.008177875
875716,0.045150235
875717,0.37986198
875718,0.061546884
875719,0.020685472
875720,0.99897337
875721,0.7559742
875722,0.0056961393
875723,0.028177679
875724,0.943019
875725,0.064089656
875726,0.4552224
875727,0.98164725
875728,0.963733
875729,0.13238207
875730,0.15928447
875731,0.97335804
875732,0.02710416
875733,0.0040871734
875734,0.07348487
875735,0.1648768
875736,0.008762699
875737,0.43141514
875738,0.12431925
875739,0.054908402
875740,0.9229225
875741,0.942428
875742,0.9742617
875743,0.34115738
875744,0.4765038
875745,0.99532104
875746,0.17766082
875747,0.0025651942
875748,0.8896539
875749,0.034253128
875750,0.95293725
875751,0.99549407
875752,0.029091109
875753,0.21002363
875754,0.78415245
875755,0.18330991
875756,0.6642782
875757,0.8930162
875758,0.86221826
875759,0.21518612
875760,0.9848268
875761,0.4758495
875762,0.94652075
875763,0.274563
875764,0.01162855
875765,0.07100656
875766,0.9682405
875767,0.037854
875768,0.002591514
875769,0.11577068
875770,0.9777659
875771,0.44349203
875772,0.26763895
875773,0.21230245
875774,0.16751514
875775,0.98478144
875776,0.99889934
875777,0.83841765
875778,0.033940956
875779,0.8637949
875780,0.9662896
875781,0.7932612
875782,0.9955656
875783,0.9456322
875784,0.87638324
875785,0.9827695
875786,0.09275979
875787,0.007859686
875788,0.9702169
875789,0.021681916
875790,0.03465668
875791,0.019941755
875792,0.010920528
875793,0.029320564
875794,0.99709654
875795,0.041015618
875796,0.97780275
875797,0.01673059
875798,0.09681742
875799,0.89191157
875800,0.95462143
875801,0.9033741
875802,0.9522892
875803,0.081505336
875804,0.9816777
875805,0.9729196
875806,0.99840915
875807,0.93792534
875808,0.01079348
875809,0.99595606
875810,0.9988483
875811,0.11095671
875812,0.019538844
875813,0.9629717
875814,0.9637117
875815,0.99486625
875816,0.97986573
875817,0.58441794
875818,0.5938293
875819,0.12560198
875820,0.4491379
875821,0.9766876
875822,0.2727847
875823,0.059040047
875824,0.059530817
875825,0.062832676
875826,0.70325756
875827,0.01855575
875828,0.17291245
875829,0.028660797
875830,0.91738725
875831,0.03517122
875832,0.7999594
875833,0.0077335695
875834,0.9963872
875835,0.985165
875836,0.05535981
875837,0.7647875
875838,0.9380746
875839,0.58920485
875840,0.04791338
875841,0.91708463
875842,0.9829879
875843,0.9714643
875844,0.035979368
875845,0.6174879
875846,0.016716331
875847,0.15711074
875848,0.046388578
875849,0.048728157
875850,0.024929546
875851,0.035679806
875852,0.9273312
875853,0.04235401
875854,0.07131425
875855,0.03235801
875856,0.03900746
875857,0.8628182
875858,0.89705276
875859,0.986713
875860,0.58382404
875861,0.99803746
875862,0.0028768845
875863,0.9205208
875864,0.96608424
875865,0.010205927
875866,0.9903562
875867,0.0071668606
875868,0.0603915
875869,0.94512683
875870,0.9964009
875871,0.53319734
875872,0.018342294
875873,0.77483785
875874,0.05929997
875875,0.12871096
875876,0.029478692
875877,0.15594111
875878,0.0074131005
875879,0.015580668
875880,0.9921941
875881,0.008897006
875882,0.48165846
875883,0.07677211
875884,0.3841956
875885,0.31674707
875886,0.033897962
875887,0.91563374
875888,0.0025495882
875889,0.034610778
875890,0.46407703
875891,0.10315174
875892,0.014521163
875893,0.011154949
875894,0.16096076
875895,0.08452966
875896,0.9353845
875897,0.93012977
875898,0.8870177
875899,0.9417319
875900,0.09423437
875901,0.8939095
875902,0.039827198
875903,0.9828415
875904,0.016328454
875905,0.012903138
875906,0.3608195
875907,0.28229967
875908,0.001742496
875909,0.0078068683
875910,0.09970215
875911,0.016194561
875912,0.99865514
875913,0.25030002
875914,0.5950472
875915,0.9986119
875916,0.842297
875917,0.010619717
875918,0.0063366815
875919,0.98843724
875920,0.9455048
875921,0.5923071
875922,0.12545827
875923,0.15388945
875924,0.997548
875925,0.046670444
875926,0.5349909
875927,0.022275029
875928,0.99775285
875929,0.9098449
875930,0.4233279
875931,0.13929172
875932,0.88184273
875933,0.019674523
875934,0.99897766
875935,0.70811117
875936,0.9535588
875937,0.0117661515
875938,0.6407994
875939,0.21382083
875940,0.013471327
875941,0.566236
875942,0.031576112
875943,0.6142395
875944,0.011300824
875945,0.011410527
875946,0.030175008
875947,0.99909246
875948,0.9964525
875949,0.008209316
875950,0.37060052
875951,0.6393319
875952,0.026747718
875953,0.02467823
875954,0.078299366
875955,0.061440706
875956,0.104274526
875957,0.040953033
875958,0.95492315
875959,0.0070555117
875960,0.9793247
875961,0.6875834
875962,0.9885267
875963,0.52978843
875964,0.26764566
875965,0.02128831
875966,0.96485454
875967,0.030977957
875968,0.045795225
875969,0.011393036
875970,0.8450373
875971,0.18589532
875972,0.9236692
875973,0.8709623
875974,0.98604053
875975,0.64336747
875976,0.9878112
875977,0.00288194
875978,0.08438547
875979,0.10955464
875980,0.0221137
875981,0.013283651
875982,0.10877575
875983,0.32546943
875984,0.7956986
875985,0.16398634
875986,0.028658682
875987,0.8720932
875988,0.9665858
875989,0.11740086
875990,0.006358317
875991,0.1513996
875992,0.08510816
875993,0.0110535715
875994,0.032219473
875995,0.038708836
875996,0.068462744
875997,0.99184287
875998,0.24983022
875999,0.005882984
876000,0.066112995
876001,0.92987806
876002,0.007844213
876003,0.010754127
876004,0.048168313
876005,0.089368485
876006,0.00662704
876007,0.09354684
876008,0.43724355
876009,0.19428584
876010,0.9692671
876011,0.008149733
876012,0.93588626
876013,0.001873179
876014,0.35304573
876015,0.9895296
876016,0.68262583
876017,0.97846466
876018,0.14764263
876019,0.83650017
876020,0.060355887
876021,0.082081735
876022,0.98978
876023,0.9989189
876024,0.20771933
876025,0.0112370355
876026,0.160388
876027,0.06175294
876028,0.007628161
876029,0.03235251
876030,0.034557436
876031,0.033860557
876032,0.8726314
876033,0.97900784
876034,0.007375712
876035,0.32832167
876036,0.9461008
876037,0.62931406
876038,0.9125674
876039,0.004156705
876040,0.17525297
876041,0.020043354
876042,0.98896194
876043,0.5272534
876044,0.93724966
876045,0.99924487
876046,0.05543926
876047,0.03518364
876048,0.99025106
876049,0.008130047
876050,0.9508841
876051,0.98895645
876052,0.98141694
876053,0.9566566
876054,0.0067831944
876055,0.0997629
876056,0.48060864
876057,0.10560721
876058,0.0042662215
876059,0.28869265
876060,0.91626954
876061,0.57451594
876062,0.97689867
876063,0.81417197
876064,0.8115749
876065,0.99839175
876066,0.90623105
876067,0.21292078
876068,0.19752471
876069,0.73966604
876070,0.9553639
876071,0.033927925
876072,0.009140531
876073,0.47597525
876074,0.9966648
876075,0.13235936
876076,0.9962991
876077,0.08320297
876078,0.029524786
876079,0.72736967
876080,0.94847035
876081,0.26875812
876082,0.28959274
876083,0.4245284
876084,0.08891357
876085,0.98650223
876086,0.015939137
876087,0.6339583
876088,0.9941074
876089,0.004076115
876090,0.03525739
876091,0.59809613
876092,0.9893762
876093,0.9946938
876094,0.9721246
876095,0.20348543
876096,0.9914562
876097,0.074714296
876098,0.9833342
876099,0.95091784
876100,0.01132681
876101,0.9935612
876102,0.721877
876103,0.80959076
876104,0.8658036
876105,0.033122912
876106,0.037435703
876107,0.6710991
876108,0.997825
876109,0.94422174
876110,0.008180042
876111,0.99909407
876112,0.7777153
876113,0.038966894
876114,0.7106072
876115,0.0028822285
876116,0.93207383
876117,0.0259866
876118,0.5322855
876119,0.59503573
876120,0.5407475
876121,0.99507266
876122,0.6888977
876123,0.05875605
876124,0.22705719
876125,0.032619264
876126,0.5868881
876127,0.77049255
876128,0.9594389
876129,0.62151504
876130,0.48482585
876131,0.026316129
876132,0.04353962
876133,0.37658092
876134,0.8628828
876135,0.98117197
876136,0.04956437
876137,0.035118666
876138,0.0064559453
876139,0.45861968
876140,0.33084178
876141,0.025746288
876142,0.86299354
876143,0.0052902675
876144,0.09360736
876145,0.9968729
876146,0.99923706
876147,0.2977454
876148,0.95995486
876149,0.0737919
876150,0.8592444
876151,0.9954822
876152,0.054304633
876153,0.01112172
876154,0.94793534
876155,0.99224263
876156,0.5918452
876157,0.11069385
876158,0.0125602465
876159,0.13313593
876160,0.08311948
876161,0.9623405
876162,0.099854805
876163,0.7181709
876164,0.8668003
876165,0.6496427
876166,0.66775894
876167,0.075279295
876168,0.12684196
876169,0.13268074
876170,0.008440515
876171,0.99705803
876172,0.889943
876173,0.9851572
876174,0.9952078
876175,0.99589753
876176,0.24207574
876177,0.56279695
876178,0.022245048
876179,0.05480428
876180,0.995034
876181,0.11099763
876182,0.96670324
876183,0.16331023
876184,0.99506366
876185,0.112933375
876186,0.0058303764
876187,0.111154094
876188,0.98520344
876189,0.0038899537
876190,0.17792773
876191,0.5426042
876192,0.017157577
876193,0.9997696
876194,0.099904746
876195,0.67731214
876196,0.02920766
876197,0.66158175
876198,0.049574528
876199,0.9774575
876200,0.8608646
876201,0.87457865
876202,0.9381299
876203,0.14378382
876204,0.96220857
876205,0.17893392
876206,0.5936241
876207,0.99407065
876208,0.000403354
876209,0.05012127
876210,0.41455483
876211,0.013709014
876212,0.040483624
876213,0.20598759
876214,0.086491026
876215,0.01366034
876216,0.11180866
876217,0.075326204
876218,0.016318657
876219,0.9303249
876220,0.055518813
876221,0.052585755
876222,0.69817185
876223,0.072855055
876224,0.0864376
876225,0.9558705
876226,0.005756218
876227,0.9948618
876228,0.32079822
876229,0.02084108
876230,0.8878221
876231,0.124449894
876232,0.0044223997
876233,0.002010371
876234,0.017818384
876235,0.14528906
876236,0.2485472
876237,0.106669165
876238,0.90915656
876239,0.18478459
876240,0.02959345
876241,0.35395223
876242,0.91583157
876243,0.07650659
876244,0.716095
876245,0.0033142897
876246,0.11991914
876247,0.05761298
876248,0.11395626
876249,0.22528625
876250,0.38678008
876251,0.9992511
876252,0.5945734
876253,0.71359223
876254,0.15662138
876255,0.01602666
876256,0.9799141
876257,0.95356077
876258,0.62373924
876259,0.0069852867
876260,0.24452853
876261,0.15016836
876262,0.9909878
876263,0.9837334
876264,0.098749444
876265,0.033188883
876266,0.8167606
876267,0.9776449
876268,0.32923523
876269,0.5370321
876270,0.9974901
876271,0.038790815
876272,0.03789645
876273,0.30833888
876274,0.018199366
876275,0.64245474
876276,0.3990397
876277,0.9975736
876278,0.962176
876279,0.6102791
876280,0.5207708
876281,0.7343252
876282,0.98278475
876283,0.97138673
876284,0.011798557
876285,0.7716731
876286,0.37077722
876287,0.85059035
876288,0.9958283
876289,0.07375842
876290,0.099886164
876291,0.07133695
876292,0.084300876
876293,0.006948588
876294,0.013804389
876295,0.017353546
876296,0.026981197
876297,0.0924768
876298,0.103453524
876299,0.11115256
876300,0.14995699
876301,0.89739656
876302,0.10871835
876303,0.98552865
876304,0.8400318
876305,0.95310265
876306,0.110175535
876307,0.78728426
876308,0.9760648
876309,0.8881085
876310,0.9781132
876311,0.20470838
876312,0.9786034
876313,0.12461471
876314,0.034458883
876315,0.009441895
876316,0.8523588
876317,0.13213749
876318,0.10928164
876319,0.036611896
876320,0.010215966
876321,0.9547604
876322,0.5487848
876323,0.001648884
876324,0.014637301
876325,0.11439274
876326,0.43170127
876327,0.5091649
876328,0.6814993
876329,0.9993469
876330,0.686323
876331,0.011482594
876332,0.16178577
876333,0.08080487
876334,0.025980338
876335,0.5385077
876336,0.0033740778
876337,0.015486053
876338,0.5471492
876339,0.018306652
876340,0.99894106
876341,0.11499578
876342,0.018962054
876343,0.92133296
876344,0.20737089
876345,0.066388555
876346,0.9518639
876347,0.86084425
876348,0.11146125
876349,0.009085792
876350,0.9874919
876351,0.9965892
876352,0.03040345
876353,0.91089803
876354,0.9886578
876355,0.13323921
876356,0.9069
876357,0.09147227
876358,0.083804384
876359,0.6679156
876360,0.565281
876361,0.160069
876362,0.21653864
876363,0.17459884
876364,0.15462717
876365,0.0050737644
876366,0.012464901
876367,0.032813672
876368,0.040134646
876369,0.05006089
876370,0.088699535
876371,0.99230814
876372,0.08190763
876373,0.93583614
876374,0.83299136
876375,0.042577863
876376,0.15766893
876377,0.0485256
876378,0.010039466
876379,0.9772494
876380,0.112665065
876381,0.9909427
876382,0.029596243
876383,0.00417266
876384,0.62917054
876385,0.009031709
876386,0.0027495814
876387,0.95941377
876388,0.9877031
876389,0.9986149
876390,0.0030865667
876391,0.014511648
876392,0.053038836
876393,0.32649297
876394,0.9801438
876395,0.85294104
876396,0.034009397
876397,0.7729644
876398,0.012855485
876399,0.0287925
876400,0.052799106
876401,0.8381752
876402,0.96373516
876403,0.54317474
876404,0.96873295
876405,0.6334143
876406,0.0074863005
876407,0.025442297
876408,0.003256003
876409,0.009012569
876410,0.908496
876411,0.1909362
876412,0.016969798
876413,0.0704295
876414,0.06731647
876415,0.010361035
876416,0.96953297
876417,0.18981373
876418,0.07181258
876419,0.9439291
876420,0.93543863
876421,0.3421088
876422,0.096509784
876423,0.45097744
876424,0.056982514
876425,0.9523173
876426,0.3392205
876427,0.030938292
876428,0.6042634
876429,0.11020008
876430,0.0038958988
876431,0.9228524
876432,0.2391279
876433,0.93716264
876434,0.035826914
876435,0.993922
876436,0.010107594
876437,0.74069226
876438,0.2911433
876439,0.06074418
876440,0.04473963
876441,0.97938216
876442,0.018854436
876443,0.9711506
876444,0.98771876
876445,0.7881737
876446,0.9930596
876447,0.9892218
876448,0.9912989
876449,0.916086
876450,0.3403563
876451,0.9482224
876452,0.06440794
876453,0.85764116
876454,0.0021141807
876455,0.881515
876456,0.9715683
876457,0.18364698
876458,0.88885283
876459,0.9995492
876460,0.03006962
876461,0.13077217
876462,0.9968686
876463,0.3492359
876464,0.021347716
876465,0.062027853
876466,0.6058388
876467,0.013472955
876468,0.041715268
876469,0.889104
876470,0.106451824
876471,0.028823378
876472,0.028014554
876473,0.934887
876474,0.80202526
876475,0.9857458
876476,0.20815144
876477,0.17672403
876478,0.1678413
876479,0.022842012
876480,0.016120505
876481,0.22131164
876482,0.17834297
876483,0.76630986
876484,0.999132
876485,0.04772518
876486,0.86513877
876487,0.88322514
876488,0.77665436
876489,0.05723082
876490,0.9945481
876491,0.99444026
876492,0.9616767
876493,0.5750998
876494,0.972454
876495,0.9881376
876496,0.99576813
876497,0.9921975
876498,0.79645187
876499,0.9461062
876500,0.87166667
876501,0.9868714
876502,0.9979645
876503,0.5240022
876504,0.3438624
876505,0.45558172
876506,0.99606955
876507,0.8580552
876508,0.9555519
876509,0.008669477
876510,0.026639482
876511,0.055187013
876512,0.14039554
876513,0.9783779
876514,0.0063628173
876515,0.6260986
876516,0.7239563
876517,0.9504812
876518,0.99053025
876519,0.9893111
876520,0.7069223
876521,0.97374487
876522,0.04805694
876523,0.0227735
876524,0.7658483
876525,0.99642277
876526,0.0048416723
876527,0.9983172
876528,0.0034953915
876529,0.036269397
876530,0.99514705
876531,0.5443588
876532,0.018808676
876533,0.006984705
876534,0.013991197
876535,0.07019546
876536,0.15006858
876537,0.02336825
876538,0.94725895
876539,0.86848396
876540,0.03200987
876541,0.1506126
876542,0.9952789
876543,0.038732264
876544,0.006439117
876545,0.1203441
876546,0.9704623
876547,0.26193008
876548,0.97817856
876549,0.39897305
876550,0.09756066
876551,0.002958324
876552,0.30819675
876553,0.06776939
876554,0.038823552
876555,0.9927626
876556,0.07085476
876557,0.02770723
876558,0.0028451553
876559,0.016581178
876560,0.053147677
876561,0.0350491
876562,0.9811491
876563,0.31352848
876564,0.14690542
876565,0.99875593
876566,0.026008535
876567,0.9827056
876568,0.0463759
876569,0.008430684
876570,0.96448934
876571,0.014171719
876572,0.018729277
876573,0.009931637
876574,0.011840406
876575,0.1459805
876576,0.9339383
876577,0.019164257
876578,0.9578203
876579,0.9975494
876580,0.9420062
876581,0.034252886
876582,0.004917155
876583,0.13251165
876584,0.057380483
876585,0.0043000537
876586,0.022224206
876587,0.9951322
876588,0.03256691
876589,0.06507341
876590,0.4331742
876591,0.68734264
876592,0.8223661
876593,0.42858523
876594,0.0086785
876595,0.06901724
876596,0.14878209
876597,0.9864227
876598,0.31839687
876599,0.27661732
876600,0.037444912
876601,0.12999561
876602,0.985948
876603,0.04555268
876604,0.53901553
876605,0.006510443
876606,0.99872607
876607,0.9666988
876608,0.16509661
876609,0.04657508
876610,0.016990904
876611,0.9598166
876612,0.6072333
876613,0.94026756
876614,0.88645285
876615,0.9976701
876616,0.9292799
876617,0.008929864
876618,0.9951933
876619,0.8584403
876620,0.9935149
876621,0.2819364
876622,0.7235391
876623,0.9771161
876624,0.70196927
876625,0.78863555
876626,0.014211917
876627,0.014560446
876628,0.9725411
876629,0.023422316
876630,0.06304193
876631,0.98591584
876632,0.7588892
876633,0.99756604
876634,0.017885253
876635,0.014518676
876636,0.0029115637
876637,0.045988075
876638,0.01065891
876639,0.9822517
876640,0.9690531
876641,0.18702184
876642,0.019193448
876643,0.010700066
876644,0.5965605
876645,0.9819214
876646,0.07196698
876647,0.9189152
876648,0.9634253
876649,0.17467284
876650,0.9417598
876651,0.6949926
876652,0.991433
876653,0.08595643
876654,0.9848237
876655,0.9929409
876656,0.20968275
876657,0.94475394
876658,0.027969752
876659,0.013367169
876660,0.88922065
876661,0.391144
876662,0.0028756466
876663,0.28408444
876664,0.96557295
876665,0.9889447
876666,0.57872343
876667,0.3895913
876668,0.78589314
876669,0.024287835
876670,0.97811425
876671,0.0030874026
876672,0.08192915
876673,0.16897349
876674,0.008087013
876675,0.83504987
876676,0.010618921
876677,0.70314395
876678,0.7529095
876679,0.93174934
876680,0.0322226
876681,0.14337833
876682,0.1329279
876683,0.07327707
876684,0.9882634
876685,0.104789004
876686,0.72824484
876687,0.81253326
876688,0.5177103
876689,0.26861522
876690,0.9839699
876691,0.035346612
876692,0.9802401
876693,0.9890989
876694,0.1353792
876695,0.99556863
876696,0.0014897132
876697,0.98403203
876698,0.084837794
876699,0.02961288
876700,0.82552224
876701,0.05467448
876702,0.010861855
876703,0.01738883
876704,0.013220709
876705,0.09629421
876706,0.61861646
876707,0.018161392
876708,0.06575434
876709,0.032463167
876710,0.96381617
876711,0.24278551
876712,0.06150072
876713,0.0040675835
876714,0.63381094
876715,0.21107212
876716,0.9941852
876717,0.95216405
876718,0.07000057
876719,0.03012479
876720,0.35950744
876721,0.99196905
876722,0.96587795
876723,0.057928476
876724,0.894487
876725,0.040116332
876726,0.047072105
876727,0.07433601
876728,0.9990419
876729,0.99598914
876730,0.44149274
876731,0.7024064
876732,0.99582136
876733,0.98932934
876734,0.98661083
876735,0.03329058
876736,0.03870125
876737,0.97536117
876738,0.13301909
876739,0.10639752
876740,0.96120393
876741,0.024189547
876742,0.27715957
876743,0.074808314
876744,0.09366796
876745,0.03695426
876746,0.0951132
876747,0.9549627
876748,0.28367782
876749,0.87647134
876750,0.2505353
876751,0.035072546
876752,0.00783841
876753,0.9473807
876754,0.97064173
876755,0.5218143
876756,0.49801826
876757,0.068414345
876758,0.9583285
876759,0.9945344
876760,0.50762004
876761,0.750446
876762,0.14968911
876763,0.0074323006
876764,0.090962276
876765,0.7422368
876766,0.26800168
876767,0.010794019
876768,0.03427338
876769,0.74477696
876770,0.13626687
876771,0.052034713
876772,0.08068359
876773,0.98490816
876774,0.037780304
876775,0.027989952
876776,0.0032713166
876777,0.99746084
876778,0.008582326
876779,0.0052814763
876780,0.257146
876781,0.0221801
876782,0.4965313
876783,0.59116644
876784,0.0146150105
876785,0.97039944
876786,0.9913454
876787,0.094909094
876788,0.9650805
876789,0.9969027
876790,0.0028952465
876791,0.66195816
876792,0.04823885
876793,0.39050612
876794,0.23125595
876795,0.5398768
876796,0.11156178
876797,0.013562317
876798,0.6848464
876799,0.926861
876800,0.5375837
876801,0.9733588
876802,0.8132315
876803,0.097134784
876804,0.046797786
876805,0.18464072
876806,0.81679654
876807,0.89598596
876808,0.99818593
876809,0.9896071
876810,0.9585576
876811,0.16472855
876812,0.99313813
876813,0.034454115
876814,0.023549927
876815,0.94213533
876816,0.9786742
876817,0.4879434
876818,0.033513978
876819,0.30210155
876820,0.6975916
876821,0.053010754
876822,0.93120193
876823,0.016578458
876824,0.17036268
876825,0.006475483
876826,0.9925568
876827,0.0567576
876828,0.9970771
876829,0.006485505
876830,0.48392144
876831,0.9468927
876832,0.12671643
876833,0.037466496
876834,0.30193335
876835,0.8430243
876836,0.2663831
876837,0.3145863
876838,0.789368
876839,0.05522466
876840,0.16984734
876841,0.39167374
876842,0.0034623449
876843,0.014233261
876844,0.0471237
876845,0.0034152654
876846,0.99869096
876847,0.87577677
876848,0.35657895
876849,0.056526054
876850,0.98380035
876851,0.063988686
876852,0.46546543
876853,0.02137516
876854,0.0058679814
876855,0.18883732
876856,0.9970497
876857,0.47330952
876858,0.08048284
876859,0.9724645
876860,0.9924166
876861,0.9514749
876862,0.9973558
876863,0.032653503
876864,0.01186629
876865,0.9830729
876866,0.0012072526
876867,0.018960567
876868,0.7726589
876869,0.0142528415
876870,0.4131033
876871,0.010687364
876872,0.021401718
876873,0.97986734
876874,0.079556294
876875,0.57466775
876876,0.65822697
876877,0.95901877
876878,0.9714941
876879,0.013661799
876880,0.9584933
876881,0.018870914
876882,0.9876076
876883,0.8548149
876884,0.028820885
876885,0.08349405
876886,0.058079105
876887,0.023332614
876888,0.95693207
876889,0.17131262
876890,0.8116113
876891,0.98612994
876892,0.70994586
876893,0.07876567
876894,0.7195579
876895,0.3005704
876896,0.01594923
876897,0.04531845
876898,0.009208445
876899,0.6975198
876900,0.012995639
876901,0.054588538
876902,0.0051862625
876903,0.98400885
876904,0.05904167
876905,0.027918205
876906,0.99248147
876907,0.007992296
876908,0.03787779
876909,0.036817655
876910,0.02657804
876911,0.01266282
876912,0.98040825
876913,0.9966417
876914,0.012751075
876915,0.82749134
876916,0.0015963018
876917,0.011862011
876918,0.7757247
876919,0.020687256
876920,0.062767714
876921,0.6611576
876922,0.68603003
876923,0.00063381554
876924,0.0023954497
876925,0.040109105
876926,0.018185988
876927,0.8322278
876928,0.019055214
876929,0.23245513
876930,0.6403656
876931,0.91599035
876932,0.00360311
876933,0.0021001282
876934,0.4355388
876935,0.8275303
876936,0.015001066
876937,0.9507122
876938,0.24048382
876939,0.008156401
876940,0.97811884
876941,0.99440193
876942,0.058790166
876943,0.7523117
876944,0.5558923
876945,0.07453418
876946,0.72132385
876947,0.3024712
876948,0.9477163
876949,0.03112654
876950,0.23506114
876951,0.059398554
876952,0.9460918
876953,0.03658962
876954,0.92406756
876955,0.020932179
876956,0.21830806
876957,0.62224835
876958,0.6428453
876959,0.1271488
876960,0.7734699
876961,0.09622823
876962,0.8940197
876963,0.0636155
876964,0.026685946
876965,0.9905977
876966,0.057790518
876967,0.47993007
876968,0.5731637
876969,0.17257547
876970,0.060023602
876971,0.39694723
876972,0.0054578106
876973,0.59298635
876974,0.007574411
876975,0.98984325
876976,0.9995017
876977,0.617682
876978,0.99374264
876979,0.5859565
876980,0.16615716
876981,0.3716628
876982,0.034077108
876983,0.24379678
876984,0.014351366
876985,0.14294712
876986,0.89705133
876987,0.97379696
876988,0.15511596
876989,0.9746068
876990,0.009745877
876991,0.15888476
876992,0.9980142
876993,0.021662967
876994,0.9099806
876995,0.32138035
876996,0.9238436
876997,0.9658101
876998,0.29355162
876999,0.017369978
877000,0.32081383
877001,0.01143948
877002,0.024043707
877003,0.97512233
877004,0.8285119
877005,0.029332742
877006,0.04444915
877007,0.8940667
877008,0.83608663
877009,0.81411195
877010,0.08934412
877011,0.9197643
877012,0.36554885
877013,0.9674264
877014,0.45747173
877015,0.96588
877016,0.93537515
877017,0.03427253
877018,0.115462095
877019,0.022481099
877020,0.11322218
877021,0.007170557
877022,0.9920261
877023,0.9562037
877024,0.8117399
877025,0.98905885
877026,0.016547976
877027,0.15042463
877028,0.06550416
877029,0.9960031
877030,0.9895349
877031,0.0058139227
877032,0.95725393
877033,0.07411559
877034,0.9916598
877035,0.97251856
877036,0.9729017
877037,0.098371424
877038,0.094746135
877039,0.38802272
877040,0.92266107
877041,0.011169009
877042,0.31524178
877043,0.8830562
877044,0.70358765
877045,0.9392793
877046,0.0073097385
877047,0.1860891
877048,0.99763596
877049,0.24993962
877050,0.16699834
877051,0.018161662
877052,0.006552747
877053,0.3653263
877054,0.99178535
877055,0.055940546
877056,0.6255709
877057,0.0105602145
877058,0.1602208
877059,0.021582901
877060,0.9956209
877061,0.08876372
877062,0.9995676
877063,0.09366636
877064,0.22626412
877065,0.04042255
877066,0.9267311
877067,0.47480202
877068,0.0068333484
877069,0.69517475
877070,0.9768056
877071,0.96217346
877072,0.03143983
877073,0.027483206
877074,0.044035677
877075,0.9845892
877076,0.6167973
877077,0.0095374985
877078,0.8560103
877079,0.6505078
877080,0.015987162
877081,0.007943485
877082,0.7870494
877083,0.0094118845
877084,0.07214278
877085,0.99817026
877086,0.0011776295
877087,0.14588864
877088,0.025818616
877089,0.9992189
877090,0.9429486
877091,0.99731356
877092,0.9870038
877093,0.038146634
877094,0.23755589
877095,0.84781635
877096,0.003072435
877097,0.0450985
877098,0.1501658
877099,0.6153583
877100,0.035635065
877101,0.9952773
877102,0.9350232
877103,0.0034203953
877104,0.019233122
877105,0.94803435
877106,0.06893012
877107,0.0077155926
877108,0.025818475
877109,0.23877074
877110,0.0008248755
877111,0.026122496
877112,0.17512107
877113,0.08119179
877114,0.17864896
877115,0.99859405
877116,0.19365874
877117,0.038038846
877118,0.822418
877119,0.7539889
877120,0.08758102
877121,0.9908488
877122,0.011764446
877123,0.09225135
877124,0.06837088
877125,0.00601804
877126,0.2521059
877127,0.9886005
877128,0.23713289
877129,0.40840355
877130,0.94513106
877131,0.07538588
877132,0.77349174
877133,0.22317442
877134,0.9865326
877135,0.00847694
877136,0.9989683
877137,0.31978387
877138,0.7844701
877139,0.004942398
877140,0.7611718
877141,0.9255183
877142,0.021856923
877143,0.5000122
877144,0.24746346
877145,0.8250644
877146,0.4435879
877147,0.21683893
877148,0.03487503
877149,0.30617332
877150,0.00312084
877151,0.78805226
877152,0.13095042
877153,0.019613927
877154,0.16384163
877155,0.99428034
877156,0.08064502
877157,0.998705
877158,0.019874696
877159,0.014507666
877160,0.3970638
877161,0.8041419
877162,0.016239142
877163,0.0014953285
877164,0.66130644
877165,0.015202584
877166,0.72457945
877167,0.0948438
877168,0.6679349
877169,0.80714
877170,0.057268508
877171,0.6709594
877172,0.7556436
877173,0.9924288
877174,0.83163613
877175,0.20246877
877176,0.9173925
877177,0.008749051
877178,0.5342836
877179,0.07389053
877180,0.010441024
877181,0.014292789
877182,0.8430801
877183,0.34353852
877184,0.08313864
877185,0.09715189
877186,0.09494713
877187,0.98865384
877188,0.1705583
877189,0.9800215
877190,0.04412878
877191,0.02597396
877192,0.6755794
877193,0.97367823
877194,0.008836221
877195,0.015751997
877196,0.8496072
877197,0.9986204
877198,0.40880212
877199,0.63845813
877200,0.98897636
877201,0.930343
877202,0.089795835
877203,0.0061665056
877204,0.0032824865
877205,0.001252827
877206,0.048091877
877207,0.97455984
877208,0.03669004
877209,0.960124
877210,0.0153011
877211,0.017987318
877212,0.9457557
877213,0.9820373
877214,0.19320522
877215,0.0038365033
877216,0.8582595
877217,0.008196953
877218,0.8855392
877219,0.24675152
877220,0.18425064
877221,0.47898299
877222,0.94492304
877223,0.07767628
877224,0.9902599
877225,0.9962887
877226,0.5024775
877227,0.90710485
877228,0.026585743
877229,0.20861527
877230,0.021089017
877231,0.17198434
877232,0.02652859
877233,0.037160724
877234,0.8898933
877235,0.010654072
877236,0.22794805
877237,0.9957753
877238,0.84614575
877239,0.10266197
877240,0.6791063
877241,0.99835116
877242,0.88659877
877243,0.017349128
877244,0.066707835
877245,0.8237591
877246,0.9575738
877247,0.9681069
877248,0.012884254
877249,0.79230124
877250,0.9930218
877251,0.17467935
877252,0.8307462
877253,0.112245575
877254,0.9014848
877255,0.009071732
877256,0.008164632
877257,0.032481726
877258,0.23381808
877259,0.014767048
877260,0.55573446
877261,0.0722735
877262,0.024084527
877263,0.6751705
877264,0.025766551
877265,0.24066795
877266,0.74419117
877267,0.013113697
877268,0.99797714
877269,0.9885608
877270,0.2232077
877271,0.029148053
877272,0.13993542
877273,0.02735925
877274,0.04640433
877275,0.2723378
877276,0.31662577
877277,0.03615181
877278,0.99794066
877279,0.06685696
877280,0.20378283
877281,0.9986755
877282,0.008057781
877283,0.024811117
877284,0.51437074
877285,0.0074241916
877286,0.15232442
877287,0.99737644
877288,0.44934428
877289,0.83221686
877290,0.011971385
877291,0.6836786
877292,0.020340996
877293,0.9443946
877294,0.98588914
877295,0.7704673
877296,0.9511362
877297,0.9866768
877298,0.98899114
877299,0.025150146
877300,0.029822566
877301,0.94648546
877302,0.016687792
877303,0.124862514
877304,0.036694836
877305,0.97923255
877306,0.99245566
877307,0.03032027
877308,0.056245398
877309,0.9916356
877310,0.008951243
877311,0.18244676
877312,0.042635113
877313,0.12792446
877314,0.9654372
877315,0.99660766
877316,0.006907287
877317,0.9846701
877318,0.009817731
877319,0.996375
877320,0.004972182
877321,0.12922464
877322,0.04187443
877323,0.12179771
877324,0.0041798614
877325,0.032598533
877326,0.76408356
877327,0.39318162
877328,0.994176
877329,0.9924092
877330,0.9983065
877331,0.03625537
877332,0.99400246
877333,0.018983277
877334,0.10975014
877335,0.09124786
877336,0.007405661
877337,0.08325244
877338,0.95957065
877339,0.9756084
877340,0.98462296
877341,0.9592973
877342,0.22371754
877343,0.25178635
877344,0.6628346
877345,0.09252152
877346,0.8058816
877347,0.50319934
877348,0.040935267
877349,0.007603939
877350,0.9896355
877351,0.4982288
877352,0.99818015
877353,0.903049
877354,0.0877114
877355,0.18987726
877356,0.99899024
877357,0.9594273
877358,0.95692796
877359,0.92400324
877360,0.009296104
877361,0.0074191066
877362,0.24212036
877363,0.90871406
877364,0.7520933
877365,0.99956584
877366,0.93007433
877367,0.20880592
877368,0.5614441
877369,0.99909526
877370,0.021201884
877371,0.025446575
877372,0.99743974
877373,0.99437517
877374,0.9717684
877375,0.008197222
877376,0.049388506
877377,0.5790361
877378,0.99761736
877379,0.01630525
877380,0.114458755
877381,0.01882708
877382,0.99777883
877383,0.01613935
877384,0.044191934
877385,0.004392677
877386,0.8775467
877387,0.8641665
877388,0.99723864
877389,0.026596744
877390,0.86807853
877391,0.042051226
877392,0.012000916
877393,0.13563699
877394,0.5017029
877395,0.9733382
877396,0.7259097
877397,0.04605767
877398,0.5567193
877399,0.031906154
877400,0.9898865
877401,0.9849716
877402,0.9467573
877403,0.18840699
877404,0.9324307
877405,0.55001134
877406,0.12349622
877407,0.012616547
877408,0.043730214
877409,0.011874708
877410,0.9739437
877411,0.014859361
877412,0.012709459
877413,0.8989809
877414,0.9944819
877415,0.019844826
877416,0.0027444917
877417,0.7956125
877418,0.08419874
877419,0.012602944
877420,0.4208896
877421,0.4962978
877422,0.17913762
877423,0.9809226
877424,0.07023724
877425,0.98614836
877426,0.9176225
877427,0.6338402
877428,0.33271587
877429,0.0136591215
877430,0.08088988
877431,0.006261985
877432,0.9380789
877433,0.91772085
877434,0.08268151
877435,0.070577644
877436,0.44670385
877437,0.22601183
877438,0.03556248
877439,0.33807263
877440,0.17181934
877441,0.0584566
877442,0.91472787
877443,0.9205513
877444,0.07694842
877445,0.04317732
877446,0.0064097065
877447,0.10378268
877448,0.14015031
877449,0.5684913
877450,0.026575744
877451,0.4019461
877452,0.94944537
877453,0.67410207
877454,0.06431428
877455,0.938936
877456,0.0133422315
877457,0.9959105
877458,0.97593164
877459,0.0072804186
877460,0.98008806
877461,0.025639802
877462,0.5218088
877463,0.00942089
877464,0.004466654
877465,0.6042598
877466,0.9569208
877467,0.8997406
877468,0.028406942
877469,0.12622711
877470,0.19000593
877471,0.04563818
877472,0.029095616
877473,0.7860438
877474,0.6443426
877475,0.25960115
877476,0.01337814
877477,0.9682597
877478,0.91746366
877479,0.09944749
877480,0.07009701
877481,0.0097223455
877482,0.059469305
877483,0.021578576
877484,0.80218625
877485,0.013877195
877486,0.15789557
877487,0.01616313
877488,0.99216306
877489,0.0030252808
877490,0.98311526
877491,0.01614272
877492,0.85346997
877493,0.9394414
877494,0.004921406
877495,0.56470746
877496,0.023042453
877497,0.9041165
877498,0.0044517075
877499,0.04311628
877500,0.6114501
877501,0.9774188
877502,0.0028803626
877503,0.1361052
877504,0.29468524
877505,0.02323096
877506,0.0017240669
877507,0.05150352
877508,0.8227608
877509,0.9490192
877510,0.26267588
877511,0.018036073
877512,0.9949024
877513,0.25038728
877514,0.008696206
877515,0.9957232
877516,0.26549646
877517,0.2611164
877518,0.020041421
877519,0.99848247
877520,0.99636364
877521,0.01070952
877522,0.9952612
877523,0.98025167
877524,0.015817888
877525,0.95532346
877526,0.050742228
877527,0.9944233
877528,0.64641285
877529,0.91717255
877530,0.99372387
877531,0.31909555
877532,0.0070860684
877533,0.11267099
877534,0.9440293
877535,0.2770248
877536,0.38677847
877537,0.032641433
877538,0.61351424
877539,0.07379724
877540,0.43332714
877541,0.1324854
877542,0.9982579
877543,0.5923938
877544,0.9836204
877545,0.9870721
877546,0.080483094
877547,0.024404753
877548,0.048900746
877549,0.015912797
877550,0.05607863
877551,0.024258114
877552,0.701069
877553,0.0045728097
877554,0.526257
877555,0.014955789
877556,0.9896779
877557,0.88205385
877558,0.79385304
877559,0.6774086
877560,0.97280097
877561,0.67078125
877562,0.9174166
877563,0.031481236
877564,0.120427884
877565,0.06386534
877566,0.011169069
877567,0.54922104
877568,0.9266907
877569,0.014023332
877570,0.58641803
877571,0.7718884
877572,0.8335835
877573,0.99378955
877574,0.9905491
877575,0.8982764
877576,0.27714962
877577,0.9807172
877578,0.09745854
877579,0.0047789216
877580,0.54396725
877581,0.0703349
877582,0.17006865
877583,0.04807075
877584,0.23622711
877585,0.0051211845
877586,0.9332063
877587,0.8056639
877588,0.98762167
877589,0.024271455
877590,0.9940872
877591,0.375947
877592,0.8868532
877593,0.99872214
877594,0.6599431
877595,0.6244156
877596,0.079943985
877597,0.122125834
877598,0.99413717
877599,0.03832436
877600,0.01042653
877601,0.9575201
877602,0.77986807
877603,0.0061490173
877604,0.0046753436
877605,0.82679915
877606,0.14104617
877607,0.96025914
877608,0.28042865
877609,0.064794034
877610,0.8603823
877611,0.94472885
877612,0.0066174045
877613,0.012973605
877614,0.77918243
877615,0.07562077
877616,0.2118881
877617,0.23766738
877618,0.90961725
877619,0.03311435
877620,0.9035239
877621,0.008973805
877622,0.7891096
877623,0.8951693
877624,0.67725307
877625,0.07988913
877626,0.023715317
877627,0.115065716
877628,0.8935969
877629,0.026707845
877630,0.020792032
877631,0.9762659
877632,0.0032412095
877633,0.0040400964
877634,0.021106854
877635,0.0032340223
877636,0.025816623
877637,0.9687741
877638,0.022197558
877639,0.9980409
877640,0.9778012
877641,0.8363338
877642,0.97600186
877643,0.009856992
877644,0.022161275
877645,0.009929441
877646,0.15048125
877647,0.9871532
877648,0.97120285
877649,0.18814138
877650,0.91068274
877651,0.9937402
877652,0.9106709
877653,0.9697543
877654,0.9944541
877655,0.9328972
877656,0.98717004
877657,0.06276244
877658,0.005202171
877659,0.02889625
877660,0.005459725
877661,0.8541135
877662,0.0062074335
877663,0.0056669787
877664,0.9591115
877665,0.19987272
877666,0.2386256
877667,0.09679347
877668,0.8998854
877669,0.0024631412
877670,0.21348062
877671,0.548963
877672,0.011424839
877673,0.008322341
877674,0.04662222
877675,0.0063578472
877676,0.9610764
877677,0.21200332
877678,0.9677117
877679,0.97922534
877680,0.43274066
877681,0.64478165
877682,0.20116735
877683,0.0074160825
877684,0.045959897
877685,0.98011863
877686,0.9979858
877687,0.7529359
877688,0.0054245363
877689,0.12535992
877690,0.30952656
877691,0.012878485
877692,0.6480352
877693,0.00072430965
877694,0.9749223
877695,0.8138527
877696,0.98154616
877697,0.9939966
877698,0.7032336
877699,0.036073998
877700,0.040144444
877701,0.060177825
877702,0.1284579
877703,0.96697736
877704,0.004388717
877705,0.3828282
877706,0.96719503
877707,0.99623644
877708,0.054865964
877709,0.7643482
877710,0.20969
877711,0.06866418
877712,0.022920324
877713,0.48513165
877714,0.03380621
877715,0.70621806
877716,0.0841208
877717,0.98398167
877718,0.99266064
877719,0.0036583669
877720,0.9853868
877721,0.88476723
877722,0.98759973
877723,0.96011114
877724,0.02913605
877725,0.031012544
877726,0.83892184
877727,0.8547532
877728,0.029933289
877729,0.94075507
877730,0.99612266
877731,0.062746264
877732,0.042235482
877733,0.9809716
877734,0.00783871
877735,0.0047994507
877736,0.10083906
877737,0.032292783
877738,0.07315709
877739,0.019678991
877740,0.04301321
877741,0.93503463
877742,0.1010191
877743,0.9865827
877744,0.9820696
877745,0.006918814
877746,0.058504984
877747,0.21978904
877748,0.006478313
877749,0.99852777
877750,0.62161386
877751,0.15332697
877752,0.0099445805
877753,0.6872088
877754,0.019600363
877755,0.9906807
877756,0.66696763
877757,0.014244948
877758,0.7174891
877759,0.11800765
877760,0.18533155
877761,0.05384762
877762,0.9909892
877763,0.111135334
877764,0.19152364
877765,0.99650747
877766,0.601771
877767,0.0043491004
877768,0.10797318
877769,0.9149314
877770,0.99823695
877771,0.21711397
877772,0.5676326
877773,0.96672183
877774,0.089521274
877775,0.34903193
877776,0.95131093
877777,0.018403886
877778,0.49191564
877779,0.25032246
877780,0.06951773
877781,0.0084981285
877782,0.8448484
877783,0.14694098
877784,0.020507166
877785,0.30601692
877786,0.13107969
877787,0.6349508
877788,0.008793268
877789,0.99669427
877790,0.08752908
877791,0.75987184
877792,0.858287
877793,0.5901272
877794,0.09787971
877795,0.004482327
877796,0.7578113
877797,0.56285393
877798,0.078875
877799,0.18794835
877800,0.99035704
877801,0.52191997
877802,0.055734545
877803,0.0012117842
877804,0.35686892
877805,0.16800585
877806,0.053759146
877807,0.89892584
877808,0.06334509
877809,0.9991946
877810,0.9016826
877811,0.012793817
877812,0.03801173
877813,0.021885911
877814,0.2615842
877815,0.1604781
877816,0.98180056
877817,0.006749061
877818,0.051010087
877819,0.14204857
877820,0.69108945
877821,0.98357177
877822,0.048368163
877823,0.96876377
877824,0.33852375
877825,0.6644408
877826,0.5674847
877827,0.7028829
877828,0.056297686
877829,0.12074549
877830,0.98547214
877831,0.8989626
877832,0.47948474
877833,0.22113876
877834,0.98938435
877835,0.28904653
877836,0.022269553
877837,0.99365586
877838,0.99529624
877839,0.88670886
877840,0.15566225
877841,0.9970053
877842,0.97022265
877843,0.19313847
877844,0.004267271
877845,0.7895555
877846,0.20947596
877847,0.010724037
877848,0.98230696
877849,0.027466213
877850,0.89173466
877851,0.1523293
877852,0.008433075
877853,0.18933526
877854,0.6787422
877855,0.0047840048
877856,0.69986385
877857,0.80627084
877858,0.030137092
877859,0.997893
877860,0.32709008
877861,0.70365155
877862,0.9976964
877863,0.009628614
877864,0.014407742
877865,0.05500374
877866,0.9737823
877867,0.021353766
877868,0.0791025
877869,0.02602239
877870,0.0042985594
877871,0.95183843
877872,0.032912984
877873,0.40402782
877874,0.009304465
877875,0.015034091
877876,0.004438959
877877,0.0080054505
877878,0.06638641
877879,0.14022817
877880,0.015224889
877881,0.9779959
877882,0.0507529
877883,0.13041179
877884,0.0071926536
877885,0.04749316
877886,0.869017
877887,0.9904905
877888,0.9804471
877889,0.94744337
877890,0.87797534
877891,0.9938626
877892,0.8811451
877893,0.99773437
877894,0.0163536
877895,0.027869243
877896,0.960647
877897,0.6261145
877898,0.6929553
877899,0.14643097
877900,0.74187046
877901,0.04271693
877902,0.8411844
877903,0.94571257
877904,0.0148219
877905,0.40342066
877906,0.17603947
877907,0.7438989
877908,0.98056245
877909,0.63120043
877910,0.9835596
877911,0.014714742
877912,0.12243137
877913,0.0179729
877914,0.218959
877915,0.01467512
877916,0.17456387
877917,0.39775044
877918,0.010928811
877919,0.9926743
877920,0.007685587
877921,0.9897789
877922,0.08146453
877923,0.008315037
877924,0.9396265
877925,0.9742422
877926,0.75633
877927,0.8778554
877928,0.045610353
877929,0.9247674
877930,0.21524885
877931,0.03799711
877932,0.9752699
877933,0.06805448
877934,0.01627149
877935,0.007583688
877936,0.98502237
877937,0.749294
877938,0.98076314
877939,0.018230021
877940,0.017570006
877941,0.910766
877942,0.9596358
877943,0.92417204
877944,0.9712012
877945,0.007013049
877946,0.9931457
877947,0.75608814
877948,0.063358344
877949,0.59725165
877950,0.004092397
877951,0.009516491
877952,0.48718458
877953,0.76293457
877954,0.10459044
877955,0.701247
877956,0.07277397
877957,0.9876411
877958,0.89598465
877959,0.9757351
877960,0.2157346
877961,0.025877764
877962,0.090110846
877963,0.59206563
877964,0.18411255
877965,0.178451
877966,0.17323795
877967,0.4973541
877968,0.05782045
877969,0.018231353
877970,0.97385645
877971,0.9753455
877972,0.68145365
877973,0.99062145
877974,0.8594988
877975,0.045573633
877976,0.45807132
877977,0.022641633
877978,0.38320208
877979,0.08232755
877980,0.010530728
877981,0.103321895
877982,0.99887955
877983,0.16692483
877984,0.9036565
877985,0.95562065
877986,0.555293
877987,0.50440365
877988,0.68356794
877989,0.5961503
877990,0.9836281
877991,0.99161327
877992,0.34790134
877993,0.57525945
877994,0.0031870771
877995,0.062399343
877996,0.9891605
877997,0.017829943
877998,0.053186145
877999,0.027051251
878000,0.13129333
878001,0.12779321
878002,0.9259746
878003,0.012391321
878004,0.021444006
878005,0.9176079
878006,0.3322616
878007,0.24768633
878008,0.032012053
878009,0.14932156
878010,0.9635668
878011,0.052608363
878012,0.07636073
878013,0.9759729
878014,0.7013399
878015,0.118800044
878016,0.24854755
878017,0.07565542
878018,0.014804158
878019,0.96563244
878020,0.023386963
878021,0.9778396
878022,0.8363949
878023,0.5049376
878024,0.4874034
878025,0.9898947
878026,0.76340604
878027,0.14353962
878028,0.94285125
878029,0.99378884
878030,0.016811747
878031,0.023289306
878032,0.59588873
878033,0.009083919
878034,0.9763341
878035,0.7574025
878036,0.8238755
878037,0.7026329
878038,0.0096832095
878039,0.96525514
878040,0.5462334
878041,0.0009419094
878042,0.732025
878043,0.99006706
878044,0.14907447
878045,0.04272788
878046,0.005855498
878047,0.93164706
878048,0.59024954
878049,0.0296029
878050,0.9547325
878051,0.09347067
878052,0.046262514
878053,0.9540338
878054,0.0949431
878055,0.9657725
878056,0.0015706315
878057,0.8438171
878058,0.98606396
878059,0.9146048
878060,0.013909313
878061,0.0034119943
878062,0.21185333
878063,0.9983112
878064,0.99725664
878065,0.0062661134
878066,0.2881799
878067,0.7734969
878068,0.21461262
878069,0.016746191
878070,0.8193813
878071,0.004545007
878072,0.47404507
878073,0.95302397
878074,0.99754304
878075,0.92549723
878076,0.9364919
878077,0.010772974
878078,0.23988178
878079,0.9875402
878080,0.9510071
878081,0.50421786
878082,0.080008574
878083,0.9557121
878084,0.950618
878085,0.91651803
878086,0.7035352
878087,0.019431405
878088,0.97886634
878089,0.33406705
878090,0.016781434
878091,0.07643865
878092,0.05851338
878093,0.99705213
878094,0.015827242
878095,0.49928808
878096,0.29976994
878097,0.057253264
878098,0.010200986
878099,0.754791
878100,0.4823198
878101,0.19790559
878102,0.65603656
878103,0.0065687853
878104,0.0057473443
878105,0.2906576
878106,0.032571778
878107,0.28966242
878108,0.01761294
878109,0.7207236
878110,0.95113385
878111,0.9979521
878112,0.009524667
878113,0.025321646
878114,0.035645463
878115,0.98030734
878116,0.89908135
878117,0.95339525
878118,0.9849821
878119,0.9749319
878120,0.15636656
878121,0.00823479
878122,0.8354539
878123,0.49802944
878124,0.68819475
878125,0.39579117
878126,0.50216913
878127,0.0101543665
878128,0.028234007
878129,0.9962114
878130,0.98304725
878131,0.96877164
878132,0.97914577
878133,0.7646101
878134,0.82012045
878135,0.9930661
878136,0.33654755
878137,0.95741403
878138,0.006336319
878139,0.10624924
878140,0.6338043
878141,0.56092966
878142,0.960014
878143,0.9914696
878144,0.96242523
878145,0.99749726
878146,0.93605894
878147,0.07605133
878148,0.13335903
878149,0.17460527
878150,0.008950008
878151,0.469659
878152,0.028895311
878153,0.9957987
878154,0.32711405
878155,0.05344665
878156,0.59474576
878157,0.9906302
878158,0.004911864
878159,0.9974407
878160,0.13284302
878161,0.036179353
878162,0.0071990117
878163,0.99283993
878164,0.05201413
878165,0.059898928
878166,0.9929175
878167,0.0029258553
878168,0.03301317
878169,0.023983419
878170,0.010941456
878171,0.015981695
878172,0.5861747
878173,0.97541547
878174,0.2757231
878175,0.599254
878176,0.98384273
878177,0.8127736
878178,0.053142264
878179,0.04056134
878180,0.9912298
878181,0.9881847
878182,0.93382764
878183,0.3985976
878184,0.051003505
878185,0.41859847
878186,0.013754139
878187,0.9550875
878188,0.9597401
878189,0.13394278
878190,0.042265862
878191,0.26662317
878192,0.32226583
878193,0.019074207
878194,0.69299734
878195,0.26779225
878196,0.9843886
878197,0.7710828
878198,0.8829691
878199,0.5482557
878200,0.005764343
878201,0.8909581
878202,0.014349349
878203,0.006531233
878204,0.0092531
878205,0.09988691
878206,0.99595875
878207,0.8670286
878208,0.07648906
878209,0.8785316
878210,0.23149082
878211,0.9431348
878212,0.41119003
878213,0.027427552
878214,0.34172285
878215,0.0027204468
878216,0.061331473
878217,0.4069439
878218,0.9511505
878219,0.050873205
878220,0.08421158
878221,0.026917126
878222,0.44891715
878223,0.69090676
878224,0.98265475
878225,0.0060892226
878226,0.70876044
878227,0.3171319
878228,0.9315953
878229,0.010434236
878230,0.007947482
878231,0.7232589
878232,0.010629167
878233,0.022113666
878234,0.090248235
878235,0.21176559
878236,0.815494
878237,0.9978218
878238,0.016035791
878239,0.9852002
878240,0.011203647
878241,0.13284788
878242,0.02938526
878243,0.7670001
878244,0.9433578
878245,0.98964095
878246,0.06775683
878247,0.97985804
878248,0.98157847
878249,0.0111791175
878250,0.2780322
878251,0.030980693
878252,0.99436265
878253,0.4300596
878254,0.2881193
878255,0.003144418
878256,0.89639646
878257,0.9644876
878258,0.0062725428
878259,0.1968386
878260,0.0060232375
878261,0.6422728
878262,0.09813701
878263,0.08414074
878264,0.008554118
878265,0.99315226
878266,0.9521767
878267,0.9848903
878268,0.004463302
878269,0.92810684
878270,0.059413247
878271,0.9726484
878272,0.59970886
878273,0.023178259
878274,0.28401253
878275,0.7815213
878276,0.27017924
878277,0.99802405
878278,0.984627
878279,0.8415584
878280,0.0065632733
878281,0.9959748
878282,0.9621335
878283,0.1310383
878284,0.027054217
878285,0.32031
878286,0.27600312
878287,0.046738792
878288,0.957661
878289,0.017639596
878290,0.8835263
878291,0.3197332
878292,0.0070240693
878293,0.903523
878294,0.002030939
878295,0.37568116
878296,0.03068723
878297,0.99015665
878298,0.9984983
878299,0.35677576
878300,0.9772468
878301,0.871054
878302,0.35547012
878303,0.925886
878304,0.040398177
878305,0.03346459
878306,0.05231463
878307,0.95447826
878308,0.96933055
878309,0.029360738
878310,0.7807962
878311,0.8692496
878312,0.22779758
878313,0.99477494
878314,0.00607608
878315,0.56997496
878316,0.7646816
878317,0.17851667
878318,0.777614
878319,0.021547215
878320,0.011780856
878321,0.22165662
878322,0.21000993
878323,0.95846885
878324,0.02039288
878325,0.24269395
878326,0.995495
878327,0.90352595
878328,0.030222425
878329,0.41726983
878330,0.010027897
878331,0.6487106
878332,0.023260446
878333,0.9241258
878334,0.9232092
878335,0.96982163
878336,0.024172552
878337,0.23042253
878338,0.044262044
878339,0.032445308
878340,0.13227573
878341,0.523926
878342,0.13276276
878343,0.0176589
878344,0.98304623
878345,0.063424006
878346,0.009158401
878347,0.006615432
878348,0.049139135
878349,0.30449805
878350,0.98242486
878351,0.9577155
878352,0.95920193
878353,0.38834077
878354,0.86447215
878355,0.17874473
878356,0.94603187
878357,0.7295112
878358,0.83352095
878359,0.01603122
878360,0.31266922
878361,0.94930553
878362,0.9915429
878363,0.09873409
878364,0.70399207
878365,0.46323898
878366,0.09905825
878367,0.17986786
878368,0.70756143
878369,0.86269337
878370,0.98840755
878371,0.87750536
878372,0.2867655
878373,0.011944713
878374,0.017350122
878375,0.99581426
878376,0.018510334
878377,0.039271105
878378,0.01764796
878379,0.98253125
878380,0.041164592
878381,0.99641997
878382,0.029937407
878383,0.98353225
878384,0.864147
878385,0.6362901
878386,0.49372855
878387,0.033571564
878388,0.9836606
878389,0.108753614
878390,0.7844575
878391,0.40397996
878392,0.055549953
878393,0.37808323
878394,0.94923973
878395,0.004877738
878396,0.98267883
878397,0.009449475
878398,0.9834157
878399,0.997334
878400,0.9357095
878401,0.009923357
878402,0.01345958
878403,0.0187312
878404,0.69108295
878405,0.012378743
878406,0.9395347
878407,0.9226321
878408,0.0031691487
878409,0.13182354
878410,0.16935995
878411,0.0069681956
878412,0.014415765
878413,0.44836307
878414,0.87558925
878415,0.54792404
878416,0.007741143
878417,0.083516814
878418,0.99652874
878419,0.071395375
878420,0.3443046
878421,0.08685213
878422,0.7589652
878423,0.8250528
878424,0.9845194
878425,0.38926467
878426,0.4019476
878427,0.07888099
878428,0.8330202
878429,0.9800155
878430,0.9944758
878431,0.0034243981
878432,0.998407
878433,0.989475
878434,0.86107355
878435,0.033984754
878436,0.0054905275
878437,0.5527072
878438,0.9031248
878439,0.96265525
878440,0.06402952
878441,0.13139106
878442,0.032625426
878443,0.057820678
878444,0.976863
878445,0.9958083
878446,0.10441078
878447,0.97686416
878448,0.94258463
878449,0.91068614
878450,0.042362887
878451,0.7025549
878452,0.8343027
878453,0.99964404
878454,0.98839855
878455,0.94612825
878456,0.0022531622
878457,0.8947145
878458,0.8070834
878459,0.025011273
878460,0.9933844
878461,0.12988697
878462,0.38242194
878463,0.8507459
878464,0.9907165
878465,0.9879424
878466,0.017142298
878467,0.037854865
878468,0.0030422648
878469,0.9005072
878470,0.7520881
878471,0.7876956
878472,0.020704102
878473,0.13048515
878474,0.11990991
878475,0.4610265
878476,0.078022555
878477,0.9961344
878478,0.20132697
878479,0.46402735
878480,0.2151283
878481,0.8344138
878482,0.091256045
878483,0.08463062
878484,0.094384454
878485,0.026541712
878486,0.0715227
878487,0.003871201
878488,0.004322928
878489,0.013487877
878490,0.0748363
878491,0.879935
878492,0.010110418
878493,0.016634619
878494,0.9969907
878495,0.7459322
878496,0.005494245
878497,0.99782056
878498,0.86623514
878499,0.9036788
878500,0.0063266587
878501,0.8764626
878502,0.062222034
878503,0.053800385
878504,0.006265292
878505,0.42584708
878506,0.98735183
878507,0.9028863
878508,0.9974351
878509,0.20494959
878510,0.93856907
878511,0.1271841
878512,0.052202374
878513,0.98606694
878514,0.19783626
878515,0.019554932
878516,0.0029426517
878517,0.9904132
878518,0.05673441
878519,0.0064093443
878520,0.99527705
878521,0.85529304
878522,0.96441215
878523,0.9276111
878524,0.0053535206
878525,0.39585885
878526,0.015087038
878527,0.95732945
878528,0.025827114
878529,0.6408119
878530,0.42265475
878531,0.7905478
878532,0.055771306
878533,0.92156786
878534,0.045046326
878535,0.8582975
878536,0.8702839
878537,0.14033097
878538,0.10365622
878539,0.09243649
878540,0.019182596
878541,0.21189773
878542,0.3923542
878543,0.96034914
878544,0.048642054
878545,0.06405556
878546,0.020338014
878547,0.39022952
878548,0.7640991
878549,0.91799426
878550,0.027519878
878551,0.63308215
878552,0.43504393
878553,0.12254415
878554,0.37943214
878555,0.99609417
878556,0.0014105239
878557,0.6749289
878558,0.8331969
878559,0.2990293
878560,0.05770153
878561,0.96115935
878562,0.9775363
878563,0.022293108
878564,0.058825415
878565,0.6740054
878566,0.99832475
878567,0.123874485
878568,0.030032285
878569,0.6652019
878570,0.6805695
878571,0.99382967
878572,0.9886272
878573,0.9948103
878574,0.120362096
878575,0.32626662
878576,0.048394095
878577,0.7593293
878578,0.27305338
878579,0.5206347
878580,0.9095486
878581,0.2924151
878582,0.006291314
878583,0.9655727
878584,0.99494785
878585,0.65664136
878586,0.99185044
878587,0.9538264
878588,0.14043835
878589,0.9901234
878590,0.010769051
878591,0.24985352
878592,0.99090576
878593,0.1604542
878594,0.0039654505
878595,0.023396416
878596,0.9464387
878597,0.0042691715
878598,0.0031721343
878599,0.05204408
878600,0.013059635
878601,0.012325888
878602,0.42514884
878603,0.99233454
878604,0.9651104
878605,0.03486129
878606,0.9859644
878607,0.9487497
878608,0.76839405
878609,0.4516803
878610,0.11363339
878611,0.03168255
878612,0.8016795
878613,0.972904
878614,0.018849172
878615,0.04569593
878616,0.9789089
878617,0.99584216
878618,0.7234134
878619,0.008146193
878620,0.92205876
878621,0.023534335
878622,0.445293
878623,0.14721146
878624,0.90411794
878625,0.006313394
878626,0.9659045
878627,0.0033273862
878628,0.012110743
878629,0.951172
878630,0.97385967
878631,0.014463774
878632,0.8159703
878633,0.05749349
878634,0.012471514
878635,0.9579249
878636,0.0065685613
878637,0.93039876
878638,0.9661222
878639,0.9976175
878640,0.39709666
878641,0.0038110656
878642,0.0044244407
878643,0.028096404
878644,0.0021963771
878645,0.9490607
878646,0.006066685
878647,0.72831255
878648,0.9680532
878649,0.012274036
878650,0.024999658
878651,0.9875485
878652,0.1226379
878653,0.4857483
878654,0.019854337
878655,0.8858214
878656,0.88087916
878657,0.17781082
878658,0.0071081733
878659,0.98162085
878660,0.92679477
878661,0.95841837
878662,0.6511687
878663,0.12853852
878664,0.82011974
878665,0.9945194
878666,0.024838634
878667,0.9961085
878668,0.036057264
878669,0.27246797
878670,0.95838356
878671,0.048802122
878672,0.8081234
878673,0.008220102
878674,0.00533
878675,0.6382283
878676,0.9458028
878677,0.24036606
878678,0.025370613
878679,0.81651247
878680,0.017721007
878681,0.15106383
878682,0.6903435
878683,0.03793576
878684,0.0028674756
878685,0.038029112
878686,0.7659589
878687,0.027778352
878688,0.033426877
878689,0.025332263
878690,0.04931475
878691,0.010987522
878692,0.09989992
878693,0.9310889
878694,0.8773446
878695,0.18903072
878696,0.874568
878697,0.99696064
878698,0.20859872
878699,0.22324942
878700,0.9706582
878701,0.6856083
878702,0.47181326
878703,0.85271424
878704,0.15278853
878705,0.0068833274
878706,0.99584633
878707,0.01252116
878708,0.0057907067
878709,0.81560206
878710,0.018139204
878711,0.8682696
878712,0.023810154
878713,0.9040027
878714,0.015577814
878715,0.0048917066
878716,0.014839287
878717,0.9011145
878718,0.30024678
878719,0.8804982
878720,0.049066592
878721,0.012035724
878722,0.019203035
878723,0.9869725
878724,0.78159547
878725,0.9809424
878726,0.8669051
878727,0.02552332
878728,0.106368706
878729,0.011908645
878730,0.99725926
878731,0.013136962
878732,0.0678294
878733,0.12821037
878734,0.010035916
878735,0.8341395
878736,0.9714006
878737,0.83416516
878738,0.035623934
878739,0.36048704
878740,0.22802036
878741,0.02617713
878742,0.062047347
878743,0.01284673
878744,0.6292455
878745,0.9517415
878746,0.99858344
878747,0.9512089
878748,0.946895
878749,0.017501295
878750,0.16774072
878751,0.9923339
878752,0.93308747
878753,0.99502456
878754,0.98431724
878755,0.8598086
878756,0.007394336
878757,0.9961536
878758,0.0012341887
878759,0.98091733
878760,0.84115034
878761,0.9407708
878762,0.950093
878763,0.9988227
878764,0.040996913
878765,0.08132978
878766,0.009212967
878767,0.99908805
878768,0.8804319
878769,0.1698718
878770,0.65696734
878771,0.05220332
878772,0.9269621
878773,0.99294627
878774,0.9277041
878775,0.7852894
878776,0.08103913
878777,0.0086785145
878778,0.34111553
878779,0.25665778
878780,0.7564848
878781,0.99746406
878782,0.006628036
878783,0.56420386
878784,0.75761515
878785,0.99163616
878786,0.03761413
878787,0.023976637
878788,0.5777857
878789,0.9961481
878790,0.6490156
878791,0.0039089792
878792,0.10534312
878793,0.86506945
878794,0.18701567
878795,0.9472458
878796,0.014133889
878797,0.5006493
878798,0.11134291
878799,0.017615108
878800,0.80409074
878801,0.76104385
878802,0.062327474
878803,0.8119892
878804,0.98154753
878805,0.9343687
878806,0.6579091
878807,0.015151052
878808,0.020581271
878809,0.97718316
878810,0.94210726
878811,0.051455118
878812,0.57429886
878813,0.017219326
878814,0.035984863
878815,0.015277683
878816,0.19854149
878817,0.83185637
878818,0.2918854
878819,0.9639197
878820,0.30454063
878821,0.050674483
878822,0.035344336
878823,0.99463356
878824,0.98371434
878825,0.009356371
878826,0.69499564
878827,0.94712436
878828,0.99560094
878829,0.9500253
878830,0.25470012
878831,0.19168748
878832,0.010467521
878833,0.31641066
878834,0.96200883
878835,0.07483972
878836,0.06838476
878837,0.10179599
878838,0.3205953
878839,0.43396676
878840,0.65963876
878841,0.0022624445
878842,0.11702772
878843,0.052114047
878844,0.99835646
878845,0.04639596
878846,0.8517979
878847,0.011878736
878848,0.043535646
878849,0.21701019
878850,0.9376007
878851,0.5793469
878852,0.9856571
878853,0.007583675
878854,0.013698781
878855,0.17740218
878856,0.23623675
878857,0.012347697
878858,0.5871092
878859,0.027520675
878860,0.008356627
878861,0.59210455
878862,0.9931318
878863,0.9497533
878864,0.10522878
878865,0.9990092
878866,0.6784416
878867,0.9973643
878868,0.9876845
878869,0.1418994
878870,0.36022156
878871,0.98285913
878872,0.03794248
878873,0.65817106
878874,0.9344507
878875,0.0074171796
878876,0.4587442
878877,0.17430022
878878,0.10047742
878879,0.9935402
878880,0.07802369
878881,0.7985269
878882,0.0688685
878883,0.07530913
878884,0.6069186
878885,0.008014151
878886,0.9934204
878887,0.004283655
878888,0.8811678
878889,0.008814285
878890,0.99864364
878891,0.14649706
878892,0.97254676
878893,0.0152285695
878894,0.08765752
878895,0.45345595
878896,0.9964398
878897,0.008107558
878898,0.9965765
878899,0.10608137
878900,0.9435688
878901,0.06975673
878902,0.0036115167
878903,0.7819102
878904,0.77536666
878905,0.9532629
878906,0.8873113
878907,0.99267614
878908,0.99868447
878909,0.9924065
878910,0.9426652
878911,0.28759378
878912,0.021924425
878913,0.73810315
878914,0.010803734
878915,0.059284117
878916,0.6748252
878917,0.030320559
878918,0.0060003707
878919,0.99122554
878920,0.028812194
878921,0.9933082
878922,0.10840564
878923,0.362965
878924,0.00416237
878925,0.23613492
878926,0.66445625
878927,0.12808871
878928,0.08943415
878929,0.002277363
878930,0.9365631
878931,0.8377277
878932,0.9839759
878933,0.042121343
878934,0.003997896
878935,0.91663146
878936,0.9479448
878937,0.0028670658
878938,0.22784424
878939,0.4460667
878940,0.61323476
878941,0.9836982
878942,0.048272718
878943,0.40695018
878944,0.042069692
878945,0.03855683
878946,0.9864495
878947,0.13425668
878948,0.0476913
878949,0.0089685
878950,0.012742567
878951,0.8029676
878952,0.68571305
878953,0.035036385
878954,0.9985492
878955,0.005300044
878956,0.99155915
878957,0.7745048
878958,0.22322863
878959,0.76094115
878960,0.954805
878961,0.31822783
878962,0.02647927
878963,0.9251078
878964,0.8857964
878965,0.6519588
878966,0.76346594
878967,0.98556477
878968,0.03421458
878969,0.07017988
878970,0.44988948
878971,0.9710095
878972,0.010084247
878973,0.9458477
878974,0.014847722
878975,0.85240316
878976,0.024629954
878977,0.7581649
878978,0.99369633
878979,0.99307036
878980,0.76692927
878981,0.4175301
878982,0.7516758
878983,0.007997163
878984,0.06857036
878985,0.99915946
878986,0.37200305
878987,0.174043
878988,0.9982661
878989,0.5315777
878990,0.91804814
878991,0.13037004
878992,0.42241383
878993,0.10378805
878994,0.05994655
878995,0.61143225
878996,0.0077233147
878997,0.9955723
878998,0.9909691
878999,0.33680865
879000,0.020817231
879001,0.22495458
879002,0.9926416
879003,0.022785025
879004,0.042509526
879005,0.9636097
879006,0.69416183
879007,0.18006365
879008,0.03521646
879009,0.1032295
879010,0.043991357
879011,0.012686366
879012,0.822276
879013,0.8485983
879014,0.5969934
879015,0.031387925
879016,0.9988559
879017,0.050274465
879018,0.034313723
879019,0.48047233
879020,0.00783883
879021,0.21575159
879022,0.0967406
879023,0.013903116
879024,0.33870897
879025,0.92051893
879026,0.018067246
879027,0.36359432
879028,0.965587
879029,0.92919993
879030,0.01186445
879031,0.13961428
879032,0.04409451
879033,0.009824626
879034,0.2080993
879035,0.9029144
879036,0.61067355
879037,0.16157106
879038,0.020473126
879039,0.019315463
879040,0.7500294
879041,0.08250665
879042,0.98827744
879043,0.12588172
879044,0.4907127
879045,0.0069021345
879046,0.77426183
879047,0.99823
879048,0.91229844
879049,0.03947913
879050,0.016439583
879051,0.012761916
879052,0.9854529
879053,0.006512868
879054,0.4165625
879055,0.24523616
879056,0.01704501
879057,0.8946793
879058,0.9163009
879059,0.6887934
879060,0.14274651
879061,0.8580936
879062,0.014892478
879063,0.15097554
879064,0.03402627
879065,0.95293605
879066,0.01392016
879067,0.9929835
879068,0.024926854
879069,0.13187018
879070,0.07796331
879071,0.9339979
879072,0.382401
879073,0.9230115
879074,0.031957682
879075,0.7811515
879076,0.7489515
879077,0.99294245
879078,0.0052688746
879079,0.027137036
879080,0.0016226344
879081,0.99203503
879082,0.27473292
879083,0.96239483
879084,0.008651782
879085,0.04284536
879086,0.89956087
879087,0.004393027
879088,0.97670954
879089,0.75207716
879090,0.0069483323
879091,0.95190215
879092,0.02113691
879093,0.0123412935
879094,0.9845653
879095,0.014696471
879096,0.026363477
879097,0.42830297
879098,0.967487
879099,0.48743656
879100,0.12846853
879101,0.8987359
879102,0.0051098666
879103,0.02985703
879104,0.22138676
879105,0.0144036375
879106,0.73322016
879107,0.9702743
879108,0.03797061
879109,0.552358
879110,0.26856875
879111,0.7286262
879112,0.38438386
879113,0.90112287
879114,0.012341193
879115,0.017645158
879116,0.9124714
879117,0.021933004
879118,0.8123851
879119,0.12788461
879120,0.9913819
879121,0.99699813
879122,0.0030646543
879123,0.9939531
879124,0.02114489
879125,0.9287061
879126,0.026319183
879127,0.043796156
879128,0.0030241609
879129,0.79995227
879130,0.9483658
879131,0.97364265
879132,0.60038114
879133,0.9858851
879134,0.95316315
879135,0.9716257
879136,0.00998784
879137,0.13724637
879138,0.0032810718
879139,0.016545951
879140,0.026771136
879141,0.008097941
879142,0.62596494
879143,0.3662006
879144,0.066404276
879145,0.9949379
879146,0.35222518
879147,0.021952666
879148,0.06859551
879149,0.9880328
879150,0.53168786
879151,0.025938462
879152,0.8679366
879153,0.77313584
879154,0.00804373
879155,0.45083115
879156,0.93272024
879157,0.20677084
879158,0.9971744
879159,0.029744377
879160,0.9909665
879161,0.9898513
879162,0.92788225
879163,0.91267264
879164,0.3122597
879165,0.59035605
879166,0.19081086
879167,0.9813349
879168,0.95460343
879169,0.39333454
879170,0.312339
879171,0.025144193
879172,0.049739234
879173,0.72190654
879174,0.9793548
879175,0.99199253
879176,0.852966
879177,0.10752882
879178,0.004953374
879179,0.5845892
879180,0.7706407
879181,0.9940258
879182,0.09215713
879183,0.038229164
879184,0.65933883
879185,0.054115478
879186,0.04558198
879187,0.016564973
879188,0.006009184
879189,0.95752704
879190,0.14210616
879191,0.97826105
879192,0.47507212
879193,0.033662133
879194,0.7972234
879195,0.053687464
879196,0.01251905
879197,0.9987277
879198,0.45690817
879199,0.010949261
879200,0.08277113
879201,0.8504902
879202,0.9860816
879203,0.17588174
879204,0.15494344
879205,0.71702814
879206,0.010345977
879207,0.962602
879208,0.8932531
879209,0.04511756
879210,0.8546237
879211,0.87949073
879212,0.105314836
879213,0.4069082
879214,0.013347359
879215,0.97824347
879216,0.003541495
879217,0.011367513
879218,0.9715021
879219,0.015231821
879220,0.99765754
879221,0.044607736
879222,0.006371872
879223,0.99090886
879224,0.9558246
879225,0.055312857
879226,0.042740338
879227,0.0037988932
879228,0.63958377
879229,0.004037183
879230,0.07989452
879231,0.9899177
879232,0.046618685
879233,0.5836956
879234,0.011852925
879235,0.99977887
879236,0.21357583
879237,0.0005978282
879238,0.04460802
879239,0.015829071
879240,0.9077474
879241,0.93493736
879242,0.7036344
879243,0.17037171
879244,0.9008975
879245,0.36727297
879246,0.004162962
879247,0.022093136
879248,0.011744173
879249,0.83877337
879250,0.9498197
879251,0.50369525
879252,0.97681725
879253,0.63613683
879254,0.2007649
879255,0.5670444
879256,0.99711955
879257,0.994279
879258,0.10551721
879259,0.33526003
879260,0.91214705
879261,0.6052677
879262,0.04490809
879263,0.9924116
879264,0.46368653
879265,0.93268144
879266,0.006701278
879267,0.9765885
879268,0.21539336
879269,0.9830796
879270,0.3968126
879271,0.9879753
879272,0.03544242
879273,0.93803346
879274,0.34540313
879275,0.038281463
879276,0.39206973
879277,0.65991735
879278,0.29511672
879279,0.002953048
879280,0.8132386
879281,0.18167628
879282,0.039591696
879283,0.11047514
879284,0.012874495
879285,0.028170729
879286,0.21422207
879287,0.7958339
879288,0.011968477
879289,0.5162339
879290,0.0108763445
879291,0.9631226
879292,0.010171209
879293,0.63396543
879294,0.012079602
879295,0.744232
879296,0.9989475
879297,0.95518744
879298,0.958543
879299,0.09813842
879300,0.9860366
879301,0.98628193
879302,0.009400515
879303,0.9877667
879304,0.9943444
879305,0.008345826
879306,0.40770337
879307,0.99754864
879308,0.005172555
879309,0.94642127
879310,0.89118624
879311,0.99906635
879312,0.70368254
879313,0.20388202
879314,0.0028067485
879315,0.006365212
879316,0.34099504
879317,0.011895632
879318,0.964595
879319,0.013888192
879320,0.9909951
879321,0.043240547
879322,0.063969396
879323,0.007649659
879324,0.030295447
879325,0.2572651
879326,0.85560465
879327,0.7786457
879328,0.9837432
879329,0.8217696
879330,0.0076351743
879331,0.24217951
879332,0.1697606
879333,0.037554074
879334,0.04838374
879335,0.7567469
879336,0.9987062
879337,0.1007353
879338,0.6635482
879339,0.010633408
879340,0.35837033
879341,0.26170594
879342,0.052555665
879343,0.934806
879344,0.02446903
879345,0.117388524
879346,0.1413219
879347,0.7596661
879348,0.9632705
879349,0.6871253
879350,0.9572121
879351,0.23465979
879352,0.6979948
879353,0.007864905
879354,0.18651219
879355,0.008376224
879356,0.08421498
879357,0.24699736
879358,0.18586954
879359,0.0151624195
879360,0.9666844
879361,0.13197362
879362,0.34251326
879363,0.28706187
879364,0.05899749
879365,0.16284575
879366,0.39644367
879367,0.009041218
879368,0.15377852
879369,0.14766826
879370,0.9945787
879371,0.88478494
879372,0.6935052
879373,0.933912
879374,0.98102164
879375,0.002969216
879376,0.658189
879377,0.05060289
879378,0.98286605
879379,0.03989041
879380,0.03413297
879381,0.82771885
879382,0.12291926
879383,0.28163034
879384,0.9295262
879385,0.9880895
879386,0.057751663
879387,0.19401033
879388,0.9969365
879389,0.45342013
879390,0.4546838
879391,0.054291185
879392,0.84493273
879393,0.28696406
879394,0.34937692
879395,0.086358495
879396,0.8132743
879397,0.02000855
879398,0.47139332
879399,0.12007046
879400,0.9894891
879401,0.9258679
879402,0.0536151
879403,0.05182345
879404,0.9173924
879405,0.997196
879406,0.010440943
879407,0.067389145
879408,0.9773849
879409,0.19199412
879410,0.99139476
879411,0.010376049
879412,0.14641415
879413,0.99770796
879414,0.0074567017
879415,0.5267496
879416,0.6355084
879417,0.01635921
879418,0.022188917
879419,0.99921906
879420,0.5773483
879421,0.13975321
879422,0.108110905
879423,0.00651299
879424,0.036993783
879425,0.9678762
879426,0.9269745
879427,0.09245707
879428,0.97270554
879429,0.97517633
879430,0.6333095
879431,0.051135477
879432,0.9941853
879433,0.037677757
879434,0.4157116
879435,0.9324999
879436,0.90924495
879437,0.9924052
879438,0.9920808
879439,0.15125582
879440,0.04059814
879441,0.99255985
879442,0.9914049
879443,0.05109228
879444,0.2988572
879445,0.65156394
879446,0.0058475984
879447,0.4644518
879448,0.060525525
879449,0.3414648
879450,0.0075810193
879451,0.9711613
879452,0.2650097
879453,0.98527074
879454,0.8626842
879455,0.0029981672
879456,0.023435477
879457,0.00458783
879458,0.13380146
879459,0.99407727
879460,0.9615409
879461,0.953203
879462,0.18373588
879463,0.19631186
879464,0.043313853
879465,0.12952393
879466,0.38700834
879467,0.0100465445
879468,0.9536813
879469,0.025471203
879470,0.8967378
879471,0.97914356
879472,0.0026132711
879473,0.010394466
879474,0.09056461
879475,0.8799236
879476,0.8152899
879477,0.0041055707
879478,0.33157453
879479,0.3578074
879480,0.9224016
879481,0.17219308
879482,0.9200787
879483,0.7222016
879484,0.43676767
879485,0.017800944
879486,0.9161072
879487,0.054658994
879488,0.45484838
879489,0.052081168
879490,0.24437913
879491,0.5409972
879492,0.043507516
879493,0.9975076
879494,0.0012358068
879495,0.97040796
879496,0.78464675
879497,0.8677809
879498,0.037257567
879499,0.43808207
879500,0.7326561
879501,0.6824966
879502,0.7300019
879503,0.99810517
879504,0.95340717
879505,0.0044867042
879506,0.9404019
879507,0.30796054
879508,0.99889106
879509,0.01617665
879510,0.981347
879511,0.031569615
879512,0.9161503
879513,0.45020863
879514,0.03984312
879515,0.16593891
879516,0.6961679
879517,0.0070556514
879518,0.11183104
879519,0.07224467
879520,0.11299526
879521,0.97930646
879522,0.98601604
879523,0.99316275
879524,0.09334276
879525,0.9414165
879526,0.75849843
879527,0.81212425
879528,0.020619739
879529,0.08215475
879530,0.38643765
879531,0.023600668
879532,0.052457906
879533,0.8030149
879534,0.01972592
879535,0.015868936
879536,0.9952413
879537,0.0032269522
879538,0.034737006
879539,0.9572357
879540,0.15128694
879541,0.17794876
879542,0.069012046
879543,0.9945699
879544,0.107672565
879545,0.864311
879546,0.046366427
879547,0.002938432
879548,0.8807185
879549,0.027418155
879550,0.56675076
879551,0.22843276
879552,0.9922085
879553,0.8626609
879554,0.5888054
879555,0.45834082
879556,0.12113858
879557,0.6407563
879558,0.04840386
879559,0.0137308985
879560,0.94472694
879561,0.9652528
879562,0.99895245
879563,0.6432338
879564,0.995499
879565,0.34064278
879566,0.98818386
879567,0.06898418
879568,0.7301302
879569,0.10537564
879570,0.05569815
879571,0.4836172
879572,0.10616633
879573,0.94233906
879574,0.025821444
879575,0.028305253
879576,0.97931206
879577,0.13882925
879578,0.98259854
879579,0.10850034
879580,0.026713185
879581,0.94312453
879582,0.04530204
879583,0.869305
879584,0.6873143
879585,0.91204184
879586,0.98982465
879587,0.97583663
879588,0.80061954
879589,0.99161685
879590,0.007063441
879591,0.90665704
879592,0.8646484
879593,0.55624664
879594,0.7705088
879595,0.8512831
879596,0.9406946
879597,0.6956448
879598,0.09116977
879599,0.097089216
879600,0.99429023
879601,0.05770967
879602,0.76477057
879603,0.08783694
879604,0.9992496
879605,0.004524567
879606,0.78725326
879607,0.57512474
879608,0.032518685
879609,0.0055254474
879610,0.99886894
879611,0.070312366
879612,0.98987854
879613,0.96896696
879614,0.64162534
879615,0.752335
879616,0.05253333
879617,0.99626756
879618,0.8530414
879619,0.19214322
879620,0.12133147
879621,0.12418318
879622,0.997829
879623,0.7983781
879624,0.6084168
879625,0.036883175
879626,0.70068526
879627,0.9984258
879628,0.016992966
879629,0.007557918
879630,0.04254241
879631,0.99575424
879632,0.98159254
879633,0.9547534
879634,0.8994008
879635,0.6726522
879636,0.5946663
879637,0.9972094
879638,0.0025151132
879639,0.95969266
879640,0.87358296
879641,0.9907634
879642,0.99574244
879643,0.08688981
879644,0.9433677
879645,0.99416226
879646,0.019398447
879647,0.94623065
879648,0.34431696
879649,0.6408907
879650,0.033974245
879651,0.9564589
879652,0.47941032
879653,0.121081784
879654,0.10077103
879655,0.33404088
879656,0.9245267
879657,0.036548287
879658,0.009879435
879659,0.85347044
879660,0.038770325
879661,0.31854123
879662,0.36023307
879663,0.040366217
879664,0.16378911
879665,0.28012162
879666,0.27300787
879667,0.7042469
879668,0.9583522
879669,0.9877643
879670,0.9953384
879671,0.94842196
879672,0.0034003172
879673,0.016685855
879674,0.0057165376
879675,0.29361022
879676,0.85763234
879677,0.86402154
879678,0.49811798
879679,0.9364618
879680,0.015113113
879681,0.78218234
879682,0.0725608
879683,0.96248436
879684,0.97600806
879685,0.57568043
879686,0.98628473
879687,0.08367325
879688,0.009057825
879689,0.051361635
879690,0.006986339
879691,0.026132371
879692,0.021698155
879693,0.011823899
879694,0.75460976
879695,0.064804
879696,0.21153215
879697,0.47787547
879698,0.77147746
879699,0.99171865
879700,0.1091064
879701,0.42522463
879702,0.09816429
879703,0.9558683
879704,0.8932744
879705,0.08067033
879706,0.06650403
879707,0.99241066
879708,0.14300814
879709,0.15285473
879710,0.38503915
879711,0.1454282
879712,0.034105036
879713,0.029312912
879714,0.99204165
879715,0.9494163
879716,0.12071595
879717,0.22826102
879718,0.49100333
879719,0.25308165
879720,0.70079845
879721,0.35204712
879722,0.078278705
879723,0.99885046
879724,0.099428885
879725,0.006443586
879726,0.021549888
879727,0.98616564
879728,0.0608375
879729,0.830779
879730,0.012717061
879731,0.7967754
879732,0.1536515
879733,0.908309
879734,0.99513423
879735,0.39042345
879736,0.91537964
879737,0.5717013
879738,0.99182844
879739,0.0062120277
879740,0.15233667
879741,0.9749117
879742,0.007756036
879743,0.0092211515
879744,0.055707216
879745,0.6894941
879746,0.99509263
879747,0.33146998
879748,0.19962224
879749,0.017802592
879750,0.77796435
879751,0.006281006
879752,0.9699173
879753,0.42298907
879754,0.19097991
879755,0.07123405
879756,0.9978661
879757,0.4645755
879758,0.93439543
879759,0.91639465
879760,0.06145676
879761,0.01522455
879762,0.8223423
879763,0.17021313
879764,0.47634763
879765,0.00999312
879766,0.48674023
879767,0.448493
879768,0.052608028
879769,0.8449089
879770,0.0005431893
879771,0.80652684
879772,0.9936267
879773,0.7990258
879774,0.7348956
879775,0.9880267
879776,0.053149533
879777,0.8309222
879778,0.5571185
879779,0.017280187
879780,0.19717996
879781,0.0147406105
879782,0.7659168
879783,0.9930791
879784,0.98294145
879785,0.041869868
879786,0.039096486
879787,0.2695731
879788,0.975868
879789,0.3904543
879790,0.009441866
879791,0.96001613
879792,0.96315145
879793,0.035510793
879794,0.041228984
879795,0.33804357
879796,0.04607021
879797,0.9604445
879798,0.9989699
879799,0.052419163
879800,0.50485957
879801,0.3432337
879802,0.11392473
879803,0.2793032
879804,0.06514628
879805,0.98338866
879806,0.87951744
879807,0.103158325
879808,0.455037
879809,0.48888123
879810,0.04154727
879811,0.84899265
879812,0.8353743
879813,0.01845639
879814,0.061561726
879815,0.2054575
879816,0.48655304
879817,0.22365588
879818,0.69914126
879819,0.98770255
879820,0.9243702
879821,0.012574636
879822,0.2534456
879823,0.014836053
879824,0.993688
879825,0.0056625283
879826,0.9351216
879827,0.958105
879828,0.3760725
879829,0.03094143
879830,0.546136
879831,0.8948573
879832,0.024815954
879833,0.07674805
879834,0.052527297
879835,0.9901216
879836,0.8941649
879837,0.12221695
879838,0.025496244
879839,0.014236923
879840,0.99670255
879841,0.9893678
879842,0.09206756
879843,0.012052929
879844,0.008152719
879845,0.72499824
879846,0.011935929
879847,0.091979064
879848,0.5207684
879849,0.036123462
879850,0.99855655
879851,0.010058029
879852,0.9917151
879853,0.9843248
879854,0.9286091
879855,0.01515886
879856,0.85959566
879857,0.99386823
879858,0.9274124
879859,0.022034014
879860,0.940218
879861,0.93880725
879862,0.23893908
879863,0.87406814
879864,0.9297541
879865,0.003735987
879866,0.22671099
879867,0.06504427
879868,0.9881061
879869,0.8723955
879870,0.0052134525
879871,0.004925312
879872,0.13034424
879873,0.009852961
879874,0.020000033
879875,0.33634043
879876,0.0036940004
879877,0.08757249
879878,0.41241917
879879,0.8015095
879880,0.08823105
879881,0.02320074
879882,0.019885974
879883,0.053803824
879884,0.018037373
879885,0.04873127
879886,0.13489938
879887,0.995067
879888,0.09437923
879889,0.044667535
879890,0.0074771433
879891,0.9250673
879892,0.9951194
879893,0.114596814
879894,0.10641964
879895,0.94250214
879896,0.009269509
879897,0.8712466
879898,0.7870399
879899,0.9965756
879900,0.08581707
879901,0.940261
879902,0.6730431
879903,0.109172486
879904,0.9775456
879905,0.7526256
879906,0.0023934008
879907,0.014303486
879908,0.029969718
879909,0.41480678
879910,0.02871887
879911,0.08026372
879912,0.9845705
879913,0.7250254
879914,0.9996935
879915,0.97696936
879916,0.0050631566
879917,0.79138994
879918,0.004817686
879919,0.9961241
879920,0.975867
879921,0.99700534
879922,0.23600772
879923,0.9823447
879924,0.13157438
879925,0.07531734
879926,0.9585289
879927,0.09147962
879928,0.026181925
879929,0.046217527
879930,0.0028297591
879931,0.19613706
879932,0.29432255
879933,0.97228914
879934,0.17636494
879935,0.007593957
879936,0.03265877
879937,0.952584
879938,0.9318705
879939,0.008982375
879940,0.8314811
879941,0.9862107
879942,0.020746335
879943,0.97774136
879944,0.9593624
879945,0.9487386
879946,0.022544743
879947,0.034987435
879948,0.99017465
879949,0.024755511
879950,0.07650647
879951,0.14421722
879952,0.008014919
879953,0.015692301
879954,0.99279886
879955,0.9932012
879956,0.052791752
879957,0.0062002516
879958,0.9407572
879959,0.07493867
879960,0.78052974
879961,0.19261111
879962,0.9578079
879963,0.17125109
879964,0.03243176
879965,0.97998166
879966,0.31031135
879967,0.10669781
879968,0.19091268
879969,0.993111
879970,0.9856868
879971,0.9868028
879972,0.07938487
879973,0.97190046
879974,0.03155097
879975,0.82371575
879976,0.45316216
879977,0.3124888
879978,0.009021465
879979,0.4537108
879980,0.008874806
879981,0.8018601
879982,0.00844746
879983,0.09677844
879984,0.07959874
879985,0.9954929
879986,0.37533557
879987,0.99265087
879988,0.08369328
879989,0.0072056917
879990,0.71400756
879991,0.91417694
879992,0.55594695
879993,0.99228483
879994,0.018430477
879995,0.85495824
879996,0.12582773
879997,0.83926916
879998,0.008544955
879999,0.021197861
880000,0.010054399
880001,0.08971313
880002,0.48146582
880003,0.99856865
880004,0.029823886
880005,0.6010067
880006,0.9894837
880007,0.93721837
880008,0.56952775
880009,0.9742041
880010,0.025147507
880011,0.11090709
880012,0.8828523
880013,0.18624416
880014,0.43253702
880015,0.88762546
880016,0.19310229
880017,0.020469192
880018,0.8596412
880019,0.12728377
880020,0.94459605
880021,0.0027336823
880022,0.9886706
880023,0.34171778
880024,0.03468173
880025,0.01518469
880026,0.7913016
880027,0.34902462
880028,0.06620056
880029,0.0056237658
880030,0.14325932
880031,0.051594775
880032,0.36244017
880033,0.91317457
880034,0.97697675
880035,0.51310116
880036,0.03317995
880037,0.9193297
880038,0.16625635
880039,0.95132273
880040,0.047864154
880041,0.987359
880042,0.8839947
880043,0.12597236
880044,0.9854729
880045,0.044198237
880046,0.37902063
880047,0.07268466
880048,0.04482936
880049,0.96220064
880050,0.9382791
880051,0.031843476
880052,0.0023330855
880053,0.9924114
880054,0.103388175
880055,0.09157493
880056,0.93921655
880057,0.9781956
880058,0.013466024
880059,0.7845969
880060,0.9925925
880061,0.015151986
880062,0.068317786
880063,0.0076065366
880064,0.40915844
880065,0.9986107
880066,0.9798914
880067,0.9957129
880068,0.96384215
880069,0.009250903
880070,0.9859285
880071,0.9655885
880072,0.09837363
880073,0.12489444
880074,0.98383486
880075,0.9905265
880076,0.21132715
880077,0.7236347
880078,0.99271256
880079,0.2841717
880080,0.93889034
880081,0.14913914
880082,0.011871628
880083,0.9977351
880084,0.0074400557
880085,0.96516854
880086,0.9131912
880087,0.019501556
880088,0.91336393
880089,0.999166
880090,0.9336041
880091,0.9223097
880092,0.056969788
880093,0.08964515
880094,0.8685094
880095,0.035927873
880096,0.88063395
880097,0.22543736
880098,0.04137898
880099,0.96816236
880100,0.039074913
880101,0.19876839
880102,0.37741798
880103,0.023979593
880104,0.004366662
880105,0.19831793
880106,0.64035976
880107,0.93140495
880108,0.44068152
880109,0.03411919
880110,0.9919438
880111,0.048920527
880112,0.8300264
880113,0.963487
880114,0.15540023
880115,0.11169828
880116,0.805805
880117,0.93546015
880118,0.0089209955
880119,0.9889196
880120,0.03658578
880121,0.9935046
880122,0.0022383148
880123,0.7586587
880124,0.98023134
880125,0.98993725
880126,0.003497443
880127,0.9920181
880128,0.0067006582
880129,0.017101754
880130,0.044854976
880131,0.81985676
880132,0.57516134
880133,0.9914719
880134,0.021549663
880135,0.05081013
880136,0.33434474
880137,0.009271164
880138,0.02963166
880139,0.9646497
880140,0.0031625605
880141,0.9975306
880142,0.9124507
880143,0.9340553
880144,0.06064418
880145,0.4443542
880146,0.62944275
880147,0.9852719
880148,0.0066596055
880149,0.81015193
880150,0.98443043
880151,0.81971306
880152,0.04303889
880153,0.28939953
880154,0.7189535
880155,0.6905507
880156,0.016872594
880157,0.6513523
880158,0.82406235
880159,0.0067416597
880160,0.005267658
880161,0.6928934
880162,0.13270873
880163,0.027087174
880164,0.054385126
880165,0.04529025
880166,0.030910715
880167,0.029224722
880168,0.5462365
880169,0.640175
880170,0.87626797
880171,0.013344346
880172,0.24640673
880173,0.1991373
880174,0.03154146
880175,0.0761848
880176,0.110772505
880177,0.8520489
880178,0.99576366
880179,0.029072864
880180,0.99771756
880181,0.1712786
880182,0.42008087
880183,0.9529559
880184,0.018084722
880185,0.9833178
880186,0.7592151
880187,0.40651742
880188,0.99471676
880189,0.20672242
880190,0.35187256
880191,0.005826003
880192,0.9562051
880193,0.6606101
880194,0.24356517
880195,0.14267951
880196,0.71366596
880197,0.9972509
880198,0.70163715
880199,0.8569195
880200,0.6922222
880201,0.99342847
880202,0.4497651
880203,0.9941081
880204,0.99734855
880205,0.987224
880206,0.96473235
880207,0.6819824
880208,0.89117867
880209,0.97103804
880210,0.0038603847
880211,0.042404696
880212,0.018515797
880213,0.9412266
880214,0.45036042
880215,0.41250813
880216,0.0714562
880217,0.9657041
880218,0.9963753
880219,0.019771688
880220,0.007933318
880221,0.74306583
880222,0.0034892026
880223,0.8877886
880224,0.042622805
880225,0.035946358
880226,0.06676313
880227,0.76003367
880228,0.02892538
880229,0.09527072
880230,0.9976582
880231,0.19283682
880232,0.21855405
880233,0.9590396
880234,0.5902319
880235,0.035716128
880236,0.016012324
880237,0.0038229264
880238,0.020493723
880239,0.054759014
880240,0.39239904
880241,0.04404536
880242,0.826676
880243,0.023701722
880244,0.5857738
880245,0.9758311
880246,0.9406501
880247,0.02027274
880248,0.08866072
880249,0.042562887
880250,0.83492345
880251,0.012254068
880252,0.046509303
880253,0.02352767
880254,0.65321106
880255,0.060984552
880256,0.0059590135
880257,0.01952105
880258,0.07664111
880259,0.9406073
880260,0.036208637
880261,0.081569254
880262,0.14517929
880263,0.22845115
880264,0.9967746
880265,0.006692644
880266,0.7310843
880267,0.99681467
880268,0.008716155
880269,0.8845538
880270,0.7192378
880271,0.43369076
880272,0.1883256
880273,0.13633595
880274,0.021043602
880275,0.8736949
880276,0.28531238
880277,0.040956635
880278,0.99653125
880279,0.049872383
880280,0.5221015
880281,0.010751507
880282,0.042662017
880283,0.03331963
880284,0.99310267
880285,0.98042536
880286,0.26166406
880287,0.027979158
880288,0.9608436
880289,0.5823703
880290,0.66159695
880291,0.024923462
880292,0.99912995
880293,0.9825374
880294,0.0436802
880295,0.99292386
880296,0.06468792
880297,0.96946
880298,0.004979012
880299,0.023494087
880300,0.898099
880301,0.60689735
880302,0.2863404
880303,0.0032852977
880304,0.039317347
880305,0.009601892
880306,0.7166792
880307,0.0051687313
880308,0.022087807
880309,0.037577532
880310,0.794307
880311,0.019977123
880312,0.0900566
880313,0.90024984
880314,0.9876139
880315,0.051704265
880316,0.27727035
880317,0.2781765
880318,0.99617624
880319,0.069993414
880320,0.9895064
880321,0.7058786
880322,0.9694443
880323,0.047208585
880324,0.011405413
880325,0.0012212154
880326,0.016922006
880327,0.97948074
880328,0.31326222
880329,0.012655099
880330,0.99044406
880331,0.98544204
880332,0.9258374
880333,0.009534239
880334,0.008813232
880335,0.48625395
880336,0.98303115
880337,0.022282556
880338,0.9338044
880339,0.26660153
880340,0.9919973
880341,0.8722792
880342,0.078457564
880343,0.12915008
880344,0.24953794
880345,0.44896424
880346,0.01656212
880347,0.9972807
880348,0.9696731
880349,0.9765007
880350,0.94244105
880351,0.8241141
880352,0.62683755
880353,0.9243806
880354,0.38741082
880355,0.014565466
880356,0.18133941
880357,0.9959142
880358,0.89494735
880359,0.24457681
880360,0.006817743
880361,0.39201733
880362,0.9804911
880363,0.025249602
880364,0.2675429
880365,0.71171844
880366,0.022481611
880367,0.15390037
880368,0.99859273
880369,0.92884725
880370,0.025442798
880371,0.88345516
880372,0.4263781
880373,0.020904448
880374,0.9857478
880375,0.007928006
880376,0.5702755
880377,0.996779
880378,0.9227078
880379,0.089308344
880380,0.02375134
880381,0.95186853
880382,0.6770494
880383,0.994413
880384,0.0031213586
880385,0.93632376
880386,0.9941244
880387,0.97500765
880388,0.04364129
880389,0.04286796
880390,0.6393655
880391,0.15721266
880392,0.9110639
880393,0.72450775
880394,0.046827532
880395,0.99353576
880396,0.0180922
880397,0.012485079
880398,0.9756343
880399,0.9383295
880400,0.7570137
880401,0.04318155
880402,0.9787362
880403,0.047758073
880404,0.028265152
880405,0.07288043
880406,0.8013632
880407,0.25865275
880408,0.1787764
880409,0.9988322
880410,0.98148775
880411,0.98003036
880412,0.9648894
880413,0.6566735
880414,0.097324684
880415,0.9979876
880416,0.9656858
880417,0.99457794
880418,0.9569319
880419,0.078651085
880420,0.20817684
880421,0.013435952
880422,0.03699515
880423,0.9794072
880424,0.016194584
880425,0.40396202
880426,0.016517509
880427,0.29451036
880428,0.00485142
880429,0.0029986638
880430,0.26638997
880431,0.08394091
880432,0.1795868
880433,0.9816123
880434,0.61953646
880435,0.029139396
880436,0.1620678
880437,0.019829942
880438,0.08677481
880439,0.9976287
880440,0.05450305
880441,0.28142846
880442,0.96713674
880443,0.99280465
880444,0.0008207799
880445,0.9958894
880446,0.031095333
880447,0.99000174
880448,0.07836188
880449,0.9657279
880450,0.3689314
880451,0.2736163
880452,0.9521618
880453,0.1165655
880454,0.95993775
880455,0.40148
880456,0.97885686
880457,0.7038183
880458,0.92123526
880459,0.03574853
880460,0.03125726
880461,0.010528466
880462,0.8950778
880463,0.012748333
880464,0.060188632
880465,0.00957231
880466,0.0079008415
880467,0.14498928
880468,0.010991673
880469,0.008153932
880470,0.00300009
880471,0.54087955
880472,0.5988723
880473,0.02022859
880474,0.016721912
880475,0.32920042
880476,0.71322626
880477,0.9950637
880478,0.9161405
880479,0.69084567
880480,0.1340042
880481,0.062035356
880482,0.053602755
880483,0.37339315
880484,0.98682773
880485,0.98933715
880486,0.08460739
880487,0.15930426
880488,0.37084028
880489,0.7568326
880490,0.9551682
880491,0.009410883
880492,0.87273467
880493,0.9919966
880494,0.97111326
880495,0.32696888
880496,0.073804885
880497,0.1684572
880498,0.053863287
880499,0.8997845
880500,0.97832495
880501,0.7083887
880502,0.9964514
880503,0.036798254
880504,0.11480046
880505,0.014139758
880506,0.00779757
880507,0.63968575
880508,0.6832858
880509,0.96261466
880510,0.9940768
880511,0.95211333
880512,0.85542595
880513,0.7790079
880514,0.061275356
880515,0.023623016
880516,0.007061247
880517,0.049494192
880518,0.89727706
880519,0.8247305
880520,0.9979481
880521,0.7733464
880522,0.14419371
880523,0.97116524
880524,0.019094404
880525,0.9733856
880526,0.9990045
880527,0.64088553
880528,0.99403834
880529,0.04341781
880530,0.14549926
880531,0.31219366
880532,0.94998634
880533,0.053593077
880534,0.018947866
880535,0.05778528
880536,0.98143685
880537,0.007906841
880538,0.9019407
880539,0.38970497
880540,0.04454727
880541,0.06316819
880542,0.07687214
880543,0.5317546
880544,0.7797199
880545,0.15211873
880546,0.96852744
880547,0.5021423
880548,0.9822382
880549,0.037656385
880550,0.043333422
880551,0.25179416
880552,0.24684642
880553,0.023367032
880554,0.054122135
880555,0.014756026
880556,0.12847993
880557,0.01488865
880558,0.05432295
880559,0.989775
880560,0.36867934
880561,0.15246277
880562,0.5453491
880563,0.6253658
880564,0.941613
880565,0.54485524
880566,0.53725266
880567,0.13488126
880568,0.90222293
880569,0.20500371
880570,0.90092325
880571,0.015504969
880572,0.0024294057
880573,0.5789611
880574,0.7401042
880575,0.98288995
880576,0.4935373
880577,0.7563964
880578,0.0031692046
880579,0.024967423
880580,0.12841758
880581,0.36280602
880582,0.9359915
880583,0.0056642015
880584,0.1855924
880585,0.9979868
880586,0.017864797
880587,0.11771175
880588,0.3791944
880589,0.65978336
880590,0.0056274463
880591,0.8717905
880592,0.62596035
880593,0.882666
880594,0.79915345
880595,0.9900317
880596,0.5333962
880597,0.9858602
880598,0.00041569016
880599,0.850423
880600,0.34291667
880601,0.9104424
880602,0.9864915
880603,0.99546826
880604,0.943799
880605,0.015034121
880606,0.9908073
880607,0.081606016
880608,0.06967841
880609,0.046675336
880610,0.9966287
880611,0.8613149
880612,0.95845425
880613,0.99057794
880614,0.027157627
880615,0.012779345
880616,0.04174888
880617,0.021768423
880618,0.21954936
880619,0.9093812
880620,0.29546577
880621,0.9812646
880622,0.06822108
880623,0.9961709
880624,0.7274182
880625,0.9434138
880626,0.034533776
880627,0.029599922
880628,0.008170693
880629,0.12840657
880630,0.09816679
880631,0.97647274
880632,0.97064966
880633,0.3756743
880634,0.02097772
880635,0.61449724
880636,0.30138147
880637,0.9490799
880638,0.27631497
880639,0.98141587
880640,0.037724998
880641,0.9153544
880642,0.94473857
880643,0.04400547
880644,0.005136842
880645,0.9039033
880646,0.9526981
880647,0.010163763
880648,0.08469643
880649,0.9792949
880650,0.006765891
880651,0.84579515
880652,0.026579011
880653,0.06313522
880654,0.993985
880655,0.9860035
880656,0.96967113
880657,0.51457304
880658,0.9675662
880659,0.8844365
880660,0.24372485
880661,0.8571092
880662,0.017208997
880663,0.40502012
880664,0.0030342052
880665,0.40148458
880666,0.9340742
880667,0.015546804
880668,0.024412762
880669,0.0050119255
880670,0.98180866
880671,0.07205563
880672,0.998992
880673,0.99272686
880674,0.95841134
880675,0.10564877
880676,0.03426619
880677,0.016812794
880678,0.9690301
880679,0.43062708
880680,0.5178
880681,0.99648356
880682,0.0137567
880683,0.02173537
880684,0.04740115
880685,0.98888385
880686,0.02058343
880687,0.26357496
880688,0.07602288
880689,0.435997
880690,0.013089685
880691,0.118046656
880692,0.0056854375
880693,0.37768495
880694,0.89368373
880695,0.021803563
880696,0.016212523
880697,0.55514556
880698,0.9984634
880699,0.11006643
880700,0.9940665
880701,0.7223468
880702,0.8194622
880703,0.06809625
880704,0.2003555
880705,0.9934161
880706,0.007848334
880707,0.935533
880708,0.06828599
880709,0.92867553
880710,0.016448189
880711,0.9850105
880712,0.05483687
880713,0.24941424
880714,0.11275917
880715,0.9898927
880716,0.1010214
880717,0.03648568
880718,0.025041455
880719,0.9710592
880720,0.89314705
880721,0.0058164024
880722,0.148147
880723,0.9817523
880724,0.026419984
880725,0.0090540415
880726,0.6742867
880727,0.12683378
880728,0.0055016736
880729,0.5501883
880730,0.013924944
880731,0.7936592
880732,0.0155035015
880733,0.47725502
880734,0.86465305
880735,0.9661057
880736,0.010371327
880737,0.0070047444
880738,0.7882306
880739,0.9841433
880740,0.7002911
880741,0.25877434
880742,0.12989895
880743,0.9901431
880744,0.06330395
880745,0.9642162
880746,0.50661236
880747,0.5487054
880748,0.007994161
880749,0.8433532
880750,0.74620026
880751,0.83764315
880752,0.0127745075
880753,0.055560276
880754,0.73617256
880755,0.0054313177
880756,0.99238735
880757,0.99768966
880758,0.9803897
880759,0.9787368
880760,0.971071
880761,0.015994312
880762,0.8788286
880763,0.09652144
880764,0.016133849
880765,0.5721142
880766,0.29322678
880767,0.021611882
880768,0.88499105
880769,0.6097236
880770,0.97754234
880771,0.012738212
880772,0.060090076
880773,0.9893023
880774,0.5640942
880775,0.006286262
880776,0.9695334
880777,0.9977323
880778,0.9950838
880779,0.9888426
880780,0.9902421
880781,0.0060330234
880782,0.3088201
880783,0.019708246
880784,0.604828
880785,0.57710415
880786,0.095777914
880787,0.35030848
880788,0.82020414
880789,0.9953486
880790,0.07636991
880791,0.15656003
880792,0.38372174
880793,0.01435546
880794,0.99623966
880795,0.99316597
880796,0.8973695
880797,0.91249204
880798,0.22298133
880799,0.10663585
880800,0.05904801
880801,0.46901742
880802,0.014871345
880803,0.07221787
880804,0.014160667
880805,0.25919244
880806,0.84297186
880807,0.12829325
880808,0.014757693
880809,0.07692693
880810,0.109074965
880811,0.014017666
880812,0.9856392
880813,0.99957407
880814,0.011993792
880815,0.265047
880816,0.98122025
880817,0.0021634344
880818,0.47542584
880819,0.02697578
880820,0.010824969
880821,0.29252383
880822,0.057806894
880823,0.020014191
880824,0.046173777
880825,0.517807
880826,0.017376037
880827,0.47447467
880828,0.27741903
880829,0.8931878
880830,0.9320272
880831,0.10109664
880832,0.025369562
880833,0.050518893
880834,0.036449008
880835,0.99519515
880836,0.03646348
880837,0.9935301
880838,0.016970148
880839,0.9232042
880840,0.022995062
880841,0.77488524
880842,0.9702357
880843,0.9044898
880844,0.93959785
880845,0.98427737
880846,0.0113976365
880847,0.015991224
880848,0.99551564
880849,0.010651396
880850,0.0027922406
880851,0.9395237
880852,0.9272934
880853,0.03813246
880854,0.018675128
880855,0.03976274
880856,0.018070579
880857,0.8637057
880858,0.99514264
880859,0.98020864
880860,0.99883664
880861,0.008437776
880862,0.89751595
880863,0.9795115
880864,0.016398618
880865,0.20064771
880866,0.9980989
880867,0.9879364
880868,0.99697495
880869,0.8540671
880870,0.7987586
880871,0.0117978975
880872,0.9409522
880873,0.015350473
880874,0.0040602926
880875,0.033535853
880876,0.9977912
880877,0.9672227
880878,0.9814285
880879,0.024933994
880880,0.50114536
880881,0.010312855
880882,0.31119493
880883,0.88580453
880884,0.0591408
880885,0.12228163
880886,0.089067176
880887,0.029536873
880888,0.98857456
880889,0.36757183
880890,0.039086677
880891,0.52961385
880892,0.118633464
880893,0.022384234
880894,0.9966849
880895,0.034512144
880896,0.95252943
880897,0.04611635
880898,0.8944408
880899,0.037887726
880900,0.436875
880901,0.48667616
880902,0.99438864
880903,0.007335436
880904,0.99445784
880905,0.3295437
880906,0.27158153
880907,0.060661152
880908,0.9960867
880909,0.4513674
880910,0.97787726
880911,0.004059866
880912,0.96648175
880913,0.028349318
880914,0.016058264
880915,0.9980926
880916,0.6288165
880917,0.9828174
880918,0.24407905
880919,0.9994306
880920,0.9698531
880921,0.9977879
880922,0.4294828
880923,0.03405869
880924,0.40909472
880925,0.5134142
880926,0.42954156
880927,0.9961131
880928,0.008471514
880929,0.4457922
880930,0.98406196
880931,0.60407776
880932,0.6014499
880933,0.8082752
880934,0.8647132
880935,0.00846085
880936,0.12145717
880937,0.72288716
880938,0.0047011916
880939,0.5404809
880940,0.03966639
880941,0.30454203
880942,0.008457745
880943,0.97371525
880944,0.32431608
880945,0.7294862
880946,0.91143215
880947,0.008865952
880948,0.99848855
880949,0.92701113
880950,0.07569143
880951,0.3345049
880952,0.006242191
880953,0.92441815
880954,0.013103656
880955,0.030925985
880956,0.031986743
880957,0.4195197
880958,0.4378161
880959,0.01871569
880960,0.80091226
880961,0.021827495
880962,0.0523493
880963,0.80997676
880964,0.09174395
880965,0.98013824
880966,0.94758004
880967,0.9412432
880968,0.94987196
880969,0.07527013
880970,0.05505082
880971,0.04437716
880972,0.07884885
880973,0.83759147
880974,0.020555962
880975,0.94584376
880976,0.9047197
880977,0.016630998
880978,0.34151345
880979,0.89515084
880980,0.98849785
880981,0.98230785
880982,0.96625566
880983,0.7519897
880984,0.033199687
880985,0.112580426
880986,0.9831626
880987,0.15095496
880988,0.019798756
880989,0.9923942
880990,0.031392116
880991,0.99613607
880992,0.9910475
880993,0.4480274
880994,0.9451019
880995,0.9946136
880996,0.85197604
880997,0.94307315
880998,0.9889256
880999,0.03387589
881000,0.98961115
881001,0.160786
881002,0.8522085
881003,0.009757558
881004,0.89796853
881005,0.014591881
881006,0.992769
881007,0.3019197
881008,0.017138062
881009,0.009077311
881010,0.89896756
881011,0.3206948
881012,0.053094402
881013,0.016466893
881014,0.013529441
881015,0.19551201
881016,0.21572705
881017,0.07198058
881018,0.90484285
881019,0.969157
881020,0.2475575
881021,0.9764265
881022,0.7554569
881023,0.78854805
881024,0.5451069
881025,0.9711327
881026,0.060241267
881027,0.99045616
881028,0.08659301
881029,0.954995
881030,0.99035335
881031,0.9093386
881032,0.99867624
881033,0.09658332
881034,0.0068775215
881035,0.005273556
881036,0.009601831
881037,0.988507
881038,0.86627465
881039,0.76970476
881040,0.7752359
881041,0.9846122
881042,0.04660026
881043,0.98609114
881044,0.8839257
881045,0.81308055
881046,0.007593634
881047,0.8931464
881048,0.38122487
881049,0.060746104
881050,0.46641377
881051,0.9646763
881052,0.9970733
881053,0.9602519
881054,0.995042
881055,0.07788792
881056,0.82672197
881057,0.9923668
881058,0.01136645
881059,0.70540214
881060,0.010552284
881061,0.0033872095
881062,0.9696376
881063,0.044197425
881064,0.50802016
881065,0.019042343
881066,0.9943054
881067,0.031636477
881068,0.5309447
881069,0.9773226
881070,0.35432702
881071,0.012977266
881072,0.0060986276
881073,0.0033819922
881074,0.063520394
881075,0.3308405
881076,0.027463619
881077,0.093728565
881078,0.16574553
881079,0.017742394
881080,0.036386006
881081,0.034678537
881082,0.20775713
881083,0.38474968
881084,0.01188065
881085,0.99921435
881086,0.15026622
881087,0.6794743
881088,0.022436978
881089,0.044215173
881090,0.33548272
881091,0.0055433693
881092,0.9899597
881093,0.98875606
881094,0.9365271
881095,0.7808173
881096,0.061249245
881097,0.024344372
881098,0.028639397
881099,0.010335932
881100,0.0187035
881101,0.7881621
881102,0.9436484
881103,0.006862419
881104,0.993581
881105,0.027153786
881106,0.06743538
881107,0.005604719
881108,0.14607152
881109,0.020380067
881110,0.98439634
881111,0.007251218
881112,0.98906493
881113,0.13078073
881114,0.007381546
881115,0.6463425
881116,0.14842688
881117,0.124377355
881118,0.9866849
881119,0.012759744
881120,0.068457656
881121,0.019372927
881122,0.99049354
881123,0.8163791
881124,0.007664186
881125,0.77751255
881126,0.01852826
881127,0.9828173
881128,0.23766233
881129,0.35651746
881130,0.186845
881131,0.078103006
881132,0.06294621
881133,0.12061045
881134,0.9949713
881135,0.42896283
881136,0.032476183
881137,0.97517586
881138,0.99571943
881139,0.0062830485
881140,0.00466548
881141,0.055952583
881142,0.061560817
881143,0.06984156
881144,0.7876938
881145,0.012754565
881146,0.050338756
881147,0.008805802
881148,0.12645352
881149,0.11344905
881150,0.0049976306
881151,0.0036678452
881152,0.83970916
881153,0.95888966
881154,0.036705237
881155,0.9083564
881156,0.9193053
881157,0.009544304
881158,0.01882698
881159,0.95581764
881160,0.013719515
881161,0.21097037
881162,0.75512576
881163,0.42739427
881164,0.33169624
881165,0.04191066
881166,0.11995599
881167,0.7900233
881168,0.24563837
881169,0.6044318
881170,0.9876632
881171,0.1498577
881172,0.8824451
881173,0.9987857
881174,0.7056587
881175,0.12864979
881176,0.03824588
881177,0.38356164
881178,0.029375277
881179,0.56669307
881180,0.026037425
881181,0.9792316
881182,0.6920833
881183,0.1575006
881184,0.019840136
881185,0.97170615
881186,0.04036557
881187,0.04637152
881188,0.005554011
881189,0.94450474
881190,0.96345335
881191,0.13437685
881192,0.7459942
881193,0.060621586
881194,0.008381828
881195,0.029646482
881196,0.0113703655
881197,0.33617288
881198,0.9143068
881199,0.058844887
881200,0.9642098
881201,0.10916579
881202,0.8283855
881203,0.97406995
881204,0.054498207
881205,0.015712576
881206,0.45480403
881207,0.99656695
881208,0.24945873
881209,0.36806953
881210,0.9884462
881211,0.007888697
881212,0.15100215
881213,0.1425565
881214,0.99217683
881215,0.75395024
881216,0.99631786
881217,0.96024084
881218,0.014138965
881219,0.03493222
881220,0.1188703
881221,0.9857789
881222,0.010287296
881223,0.21055232
881224,0.18857396
881225,0.5140116
881226,0.860144
881227,0.9851838
881228,0.9895007
881229,0.9808995
881230,0.032159664
881231,0.012299888
881232,0.994904
881233,0.45903546
881234,0.048784878
881235,0.9488987
881236,0.8412116
881237,0.99155444
881238,0.3062554
881239,0.98720574
881240,0.9792276
881241,0.43152496
881242,0.99764824
881243,0.8230001
881244,0.4277313
881245,0.6213165
881246,0.5659901
881247,0.88916564
881248,0.99786234
881249,0.9949482
881250,0.037629515
881251,0.09644117
881252,0.9171641
881253,0.050237477
881254,0.0018332149
881255,0.02652944
881256,0.010736183
881257,0.7329606
881258,0.15723291
881259,0.047056686
881260,0.040865403
881261,0.0631423
881262,0.99625516
881263,0.9946963
881264,0.40399843
881265,0.024422593
881266,0.97137266
881267,0.17664418
881268,0.9846704
881269,0.62332094
881270,0.75668633
881271,0.9433313
881272,0.1170544
881273,0.02590685
881274,0.17467889
881275,0.09339188
881276,0.98506725
881277,0.9106767
881278,0.017409323
881279,0.34931064
881280,0.054764807
881281,0.016468527
881282,0.32940742
881283,0.26262045
881284,0.20447376
881285,0.9956638
881286,0.95368433
881287,0.66353905
881288,0.5707977
881289,0.24501833
881290,0.5830005
881291,0.026013844
881292,0.030579083
881293,0.112118885
881294,0.99013114
881295,0.97914916
881296,0.3998917
881297,0.9846845
881298,0.86279255
881299,0.008680773
881300,0.34983596
881301,0.26255876
881302,0.043260142
881303,0.9480495
881304,0.3166179
881305,0.7045635
881306,0.5434059
881307,0.026682455
881308,0.041567422
881309,0.9452143
881310,0.18545403
881311,0.99561036
881312,0.008136777
881313,0.6419403
881314,0.72716784
881315,0.95675075
881316,0.0065500345
881317,0.9769834
881318,0.68809634
881319,0.9116934
881320,0.004817383
881321,0.01528474
881322,0.9564109
881323,0.9941256
881324,0.3436165
881325,0.9591048
881326,0.9712014
881327,0.08849232
881328,0.99849135
881329,0.09465159
881330,0.23227194
881331,0.25906274
881332,0.8447886
881333,0.6805098
881334,0.9795093
881335,0.0074066315
881336,0.99977607
881337,0.035288844
881338,0.34563294
881339,0.9937263
881340,0.5266757
881341,0.030339362
881342,0.16397601
881343,0.4085407
881344,0.9977521
881345,0.14648053
881346,0.009798482
881347,0.79535985
881348,0.011230716
881349,0.99661994
881350,0.7537411
881351,0.008693733
881352,0.017976083
881353,0.9346397
881354,0.04214242
881355,0.83880234
881356,0.97164285
881357,0.33737847
881358,0.9675777
881359,0.97925353
881360,0.056110978
881361,0.06405389
881362,0.1887349
881363,0.99597555
881364,0.9533818
881365,0.2938276
881366,0.9972108
881367,0.57615256
881368,0.97089547
881369,0.89166284
881370,0.16303796
881371,0.8909045
881372,0.043459203
881373,0.13973826
881374,0.9854206
881375,0.9859127
881376,0.35735816
881377,0.9989058
881378,0.97393656
881379,0.10469158
881380,0.15405634
881381,0.05441423
881382,0.039010994
881383,0.31981927
881384,0.29289135
881385,0.029366529
881386,0.025621941
881387,0.0688152
881388,0.023184039
881389,0.0976719
881390,0.14089635
881391,0.97836125
881392,0.86222744
881393,0.019974269
881394,0.024739528
881395,0.008240385
881396,0.022671413
881397,0.019745478
881398,0.7109407
881399,0.93257505
881400,0.99516225
881401,0.01517212
881402,0.88620883
881403,0.286067
881404,0.97504026
881405,0.014471386
881406,0.979368
881407,0.15923384
881408,0.91540825
881409,0.029280026
881410,0.03179568
881411,0.681331
881412,0.07047645
881413,0.07452017
881414,0.008823587
881415,0.01417914
881416,0.005492065
881417,0.8862139
881418,0.9713385
881419,0.98636806
881420,0.9946529
881421,0.98400813
881422,0.99602884
881423,0.86014515
881424,0.17682576
881425,0.11617035
881426,0.7152727
881427,0.98689556
881428,0.08832939
881429,0.0104804505
881430,0.9532094
881431,0.044690188
881432,0.0124423755
881433,0.07552587
881434,0.93852466
881435,0.9688105
881436,0.73704416
881437,0.010100391
881438,0.18916938
881439,0.0043190876
881440,0.9837032
881441,0.03126662
881442,0.004819706
881443,0.019261587
881444,0.022317782
881445,0.035311703
881446,0.044093195
881447,0.8864775
881448,0.0033872123
881449,0.95605916
881450,0.11020242
881451,0.98337984
881452,0.11370435
881453,0.9669812
881454,0.04649305
881455,0.52237487
881456,0.07163469
881457,0.8146935
881458,0.7611356
881459,0.2340692
881460,0.023946011
881461,0.89778954
881462,0.89158285
881463,0.3058072
881464,0.9400915
881465,0.35665572
881466,0.021995064
881467,0.07261096
881468,0.9456644
881469,0.5398234
881470,0.023089724
881471,0.98406404
881472,0.043893784
881473,0.08196624
881474,0.05295362
881475,0.43998277
881476,0.4728441
881477,0.022749199
881478,0.50666225
881479,0.11900837
881480,0.07507971
881481,0.031590678
881482,0.026722185
881483,0.1921944
881484,0.9934658
881485,0.004553885
881486,0.007229265
881487,0.00707098
881488,0.002120039
881489,0.016547332
881490,0.9685023
881491,0.015431436
881492,0.99758404
881493,0.052468136
881494,0.008716521
881495,0.2727812
881496,0.044451725
881497,0.9885123
881498,0.030398797
881499,0.038937792
881500,0.44781467
881501,0.34490782
881502,0.027930912
881503,0.8955794
881504,0.10474515
881505,0.9548001
881506,0.015340351
881507,0.0037889169
881508,0.012331658
881509,0.024381049
881510,0.020168893
881511,0.9589827
881512,0.1810107
881513,0.03971573
881514,0.3221541
881515,0.010862408
881516,0.3217464
881517,0.89813524
881518,0.95228624
881519,0.009468566
881520,0.18568309
881521,0.0056218994
881522,0.8698724
881523,0.0039504054
881524,0.99323756
881525,0.97458583
881526,0.39810765
881527,0.4718656
881528,0.9774759
881529,0.8460848
881530,0.007833974
881531,0.9772589
881532,0.060160793
881533,0.0834084
881534,0.06338213
881535,0.9745217
881536,0.8973244
881537,0.7391015
881538,0.19856891
881539,0.9925866
881540,0.1138236
881541,0.12997755
881542,0.0017926246
881543,0.9696437
881544,0.0013417844
881545,0.0004954435
881546,0.25907254
881547,0.26611888
881548,0.08215526
881549,0.2348226
881550,0.8735823
881551,0.98179674
881552,0.1692554
881553,0.07261184
881554,0.9979294
881555,0.41856462
881556,0.068726376
881557,0.9881236
881558,0.08253511
881559,0.0026366361
881560,0.08396489
881561,0.9939766
881562,0.6286358
881563,0.95807475
881564,0.030280944
881565,0.99898386
881566,0.5188028
881567,0.07190077
881568,0.11610659
881569,0.91710705
881570,0.94983304
881571,0.8358941
881572,0.9959287
881573,0.9965611
881574,0.15279694
881575,0.99687874
881576,0.99713314
881577,0.9904167
881578,0.18601769
881579,0.9384499
881580,0.99087393
881581,0.9591828
881582,0.022633752
881583,0.98397434
881584,0.003138904
881585,0.7858503
881586,0.045575656
881587,0.93887156
881588,0.23925339
881589,0.9531114
881590,0.33547464
881591,0.029121563
881592,0.994706
881593,0.048794452
881594,0.08764552
881595,0.99632126
881596,0.97261554
881597,0.9985456
881598,0.3377059
881599,0.92970216
881600,0.995211
881601,0.9670837
881602,0.98949134
881603,0.034770787
881604,0.9882542
881605,0.08190957
881606,0.15411289
881607,0.261922
881608,0.013375146
881609,0.7398982
881610,0.9482329
881611,0.9957382
881612,0.33919725
881613,0.8461094
881614,0.999768
881615,0.84944296
881616,0.4839996
881617,0.94116855
881618,0.42495388
881619,0.302268
881620,0.98788303
881621,0.9723611
881622,0.71578753
881623,0.99838924
881624,0.99038166
881625,0.69492936
881626,0.9900633
881627,0.091961466
881628,0.23964725
881629,0.6043706
881630,0.7377777
881631,0.021019254
881632,0.9474056
881633,0.003936316
881634,0.5857966
881635,0.93266606
881636,0.009584021
881637,0.03914176
881638,0.9514579
881639,0.036975395
881640,0.025836486
881641,0.97493935
881642,0.011296379
881643,0.9034542
881644,0.05426266
881645,0.8728454
881646,0.9857619
881647,0.27575535
881648,0.9905641
881649,0.012929767
881650,0.8029468
881651,0.96917593
881652,0.006299412
881653,0.021135082
881654,0.0050090523
881655,0.98581296
881656,0.026500817
881657,0.889233
881658,0.9896883
881659,0.20221215
881660,0.544646
881661,0.15400197
881662,0.96686745
881663,0.9996878
881664,0.017073566
881665,0.99254346
881666,0.97677386
881667,0.6674123
881668,0.021793362
881669,0.008611667
881670,0.007528138
881671,0.99773186
881672,0.92207104
881673,0.2257653
881674,0.99401563
881675,0.9765125
881676,0.961943
881677,0.13166201
881678,0.96848345
881679,0.008669168
881680,0.9804736
881681,0.9928625
881682,0.8853673
881683,0.012004435
881684,0.35693467
881685,0.9200447
881686,0.80509144
881687,0.9879899
881688,0.8908912
881689,0.5956019
881690,0.009472815
881691,0.97015476
881692,0.6159106
881693,0.9313432
881694,0.06122028
881695,0.14693978
881696,0.021371428
881697,0.0653588
881698,0.036643207
881699,0.9787789
881700,0.98438
881701,0.9917218
881702,0.023166839
881703,0.97939086
881704,0.96569574
881705,0.13029197
881706,0.5611057
881707,0.16552745
881708,0.112757474
881709,0.59720415
881710,0.985173
881711,0.051093735
881712,0.9945308
881713,0.35479504
881714,0.98931915
881715,0.9483856
881716,0.11713
881717,0.19543487
881718,0.0060392027
881719,0.0064301896
881720,0.0013536238
881721,0.0042048953
881722,0.9950982
881723,0.03376992
881724,0.2498721
881725,0.36498195
881726,0.011493201
881727,0.47564393
881728,0.53126585
881729,0.93989575
881730,0.11922479
881731,0.043093577
881732,0.9801406
881733,0.65939736
881734,0.004053007
881735,0.994699
881736,0.099503584
881737,0.9617723
881738,0.94729185
881739,0.0039280155
881740,0.00262655
881741,0.008768112
881742,0.99824095
881743,0.006678093
881744,0.99625397
881745,0.10668407
881746,0.54825246
881747,0.25925624
881748,0.39320517
881749,0.97183836
881750,0.09669928
881751,0.04318442
881752,0.0014060098
881753,0.93872195
881754,0.9755481
881755,0.05371321
881756,0.014131973
881757,0.02098707
881758,0.027203161
881759,0.1771355
881760,0.1796316
881761,0.8346045
881762,0.8358451
881763,0.10836403
881764,0.18132311
881765,0.7553843
881766,0.032641694
881767,0.65640235
881768,0.0050752284
881769,0.025602674
881770,0.9843152
881771,0.9984535
881772,0.9757916
881773,0.99702495
881774,0.9480991
881775,0.20234567
881776,0.9915554
881777,0.08007273
881778,0.0010024526
881779,0.9108328
881780,0.0358678
881781,0.9543388
881782,0.98624337
881783,0.99943566
881784,0.97007036
881785,0.5403233
881786,0.52082014
881787,0.007589516
881788,0.97792923
881789,0.29088998
881790,0.016252603
881791,0.97341764
881792,0.016625408
881793,0.9874094
881794,0.20485082
881795,0.68052
881796,0.5129975
881797,0.8994021
881798,0.9462363
881799,0.83266944
881800,0.010854959
881801,0.0069756717
881802,0.92414135
881803,0.31186816
881804,0.8559245
881805,0.019609118
881806,0.9582869
881807,0.9872244
881808,0.82003903
881809,0.99572146
881810,0.24306178
881811,0.81689113
881812,0.027020276
881813,0.09554649
881814,0.9333472
881815,0.673437
881816,0.06565742
881817,0.9729132
881818,0.822197
881819,0.8006453
881820,0.37850633
881821,0.636513
881822,0.060337238
881823,0.99037266
881824,0.9961364
881825,0.9889892
881826,0.09355152
881827,0.015999256
881828,0.062390007
881829,0.009252372
881830,0.8883127
881831,0.96672684
881832,0.109058976
881833,0.8184228
881834,0.041727655
881835,0.08972066
881836,0.8915557
881837,0.9936483
881838,0.024606809
881839,0.15656829
881840,0.00430793
881841,0.9965949
881842,0.08797077
881843,0.05464917
881844,0.9680312
881845,0.9821886
881846,0.41878232
881847,0.8110572
881848,0.9685281
881849,0.9971224
881850,0.010699645
881851,0.98765594
881852,0.104983605
881853,0.9797712
881854,0.15232845
881855,0.9893172
881856,0.19602576
881857,0.004384608
881858,0.28946453
881859,0.02195004
881860,0.7448375
881861,0.0036438322
881862,0.98712397
881863,0.07852228
881864,0.48217595
881865,0.18169975
881866,0.0064238235
881867,0.08026378
881868,0.2080617
881869,0.9525794
881870,0.22156794
881871,0.12150277
881872,0.010425822
881873,0.06607628
881874,0.9208729
881875,0.21368517
881876,0.13695046
881877,0.5759381
881878,0.0754143
881879,0.9154433
881880,0.9898579
881881,0.68822217
881882,0.9897547
881883,0.98392904
881884,0.8404479
881885,0.4274637
881886,0.013048249
881887,0.98720634
881888,0.8028067
881889,0.10773097
881890,0.013553096
881891,0.80538696
881892,0.0020408311
881893,0.80462366
881894,0.20720923
881895,0.0066321176
881896,0.099267244
881897,0.81232405
881898,0.9085461
881899,0.9871236
881900,0.98642737
881901,0.016754083
881902,0.0026848568
881903,0.46871188
881904,0.20651539
881905,0.0031770738
881906,0.56980056
881907,0.24132222
881908,0.8877868
881909,0.04389498
881910,0.31920075
881911,0.6177647
881912,0.78597647
881913,0.79003376
881914,0.95000815
881915,0.9894413
881916,0.22141731
881917,0.071767755
881918,0.0061405953
881919,0.7106312
881920,0.9402774
881921,0.050441153
881922,0.9796531
881923,0.057500493
881924,0.24034005
881925,0.022083338
881926,0.89210755
881927,0.958287
881928,0.6967761
881929,0.9604515
881930,0.8174127
881931,0.0019701843
881932,0.093861185
881933,0.011635374
881934,0.0027969447
881935,0.99826974
881936,0.020475823
881937,0.58660066
881938,0.9558447
881939,0.5867666
881940,0.08261412
881941,0.077191286
881942,0.95706207
881943,0.99079734
881944,0.9927927
881945,0.7516528
881946,0.94413424
881947,0.009754042
881948,0.99349153
881949,0.99804693
881950,0.008084053
881951,0.9985806
881952,0.033975527
881953,0.9992222
881954,0.9939888
881955,0.9277055
881956,0.19497848
881957,0.0031474633
881958,0.9845534
881959,0.9804552
881960,0.9556062
881961,0.023239773
881962,0.92575896
881963,0.03557353
881964,0.94759935
881965,0.30381492
881966,0.11409676
881967,0.6298842
881968,0.76923835
881969,0.19563968
881970,0.05865143
881971,0.0813917
881972,0.008064388
881973,0.08708012
881974,0.9907251
881975,0.97520953
881976,0.004728079
881977,0.11353184
881978,0.26184312
881979,0.8353855
881980,0.9485885
881981,0.047336522
881982,0.872737
881983,0.013283872
881984,0.99153924
881985,0.56154144
881986,0.08947939
881987,0.99513054
881988,0.33866966
881989,0.008218916
881990,0.24844621
881991,0.014017701
881992,0.024315178
881993,0.99822354
881994,0.87523055
881995,0.95331603
881996,0.014229456
881997,0.9834895
881998,0.23265705
881999,0.040900454
882000,0.027031431
882001,0.9988978
882002,0.98051953
882003,0.013035028
882004,0.9723208
882005,0.02141638
882006,0.016759034
882007,0.17166358
882008,0.9625295
882009,0.9575429
882010,0.0476283
882011,0.99700767
882012,0.9689586
882013,0.5967586
882014,0.023841036
882015,0.8151759
882016,0.14018342
882017,0.8563094
882018,0.104865946
882019,0.99602973
882020,0.99676436
882021,0.014592997
882022,0.9936731
882023,0.005757775
882024,0.006074011
882025,0.018431831
882026,0.93970144
882027,0.9825074
882028,0.0315552
882029,0.786384
882030,0.84393346
882031,0.7269379
882032,0.9258629
882033,0.67679256
882034,0.9951932
882035,0.06636237
882036,0.94354975
882037,0.91658896
882038,0.89765656
882039,0.975552
882040,0.022166166
882041,0.9249747
882042,0.019937295
882043,0.012071533
882044,0.016768923
882045,0.9210264
882046,0.012548402
882047,0.07756363
882048,0.75249124
882049,0.19604322
882050,0.113389164
882051,0.96785724
882052,0.031385865
882053,0.033568133
882054,0.008236952
882055,0.006289402
882056,0.074419595
882057,0.006514489
882058,0.8823061
882059,0.016162183
882060,0.75560725
882061,0.13780689
882062,0.98953295
882063,0.1891814
882064,0.020800449
882065,0.011628798
882066,0.02532224
882067,0.75962603
882068,0.8730919
882069,0.07120654
882070,0.9888324
882071,0.003238885
882072,0.8005177
882073,0.3979497
882074,0.22231312
882075,0.0016785744
882076,0.4703494
882077,0.9965209
882078,0.5874251
882079,0.97953874
882080,0.64598894
882081,0.9947755
882082,0.10028825
882083,0.83790386
882084,0.012588383
882085,0.9991792
882086,0.5826231
882087,0.9926937
882088,0.013905666
882089,0.9856008
882090,0.03226865
882091,0.6882599
882092,0.9886302
882093,0.8918445
882094,0.8248602
882095,0.005137363
882096,0.009123202
882097,0.15836467
882098,0.012813649
882099,0.21959299
882100,0.3023079
882101,0.015690947
882102,0.078909084
882103,0.017656393
882104,0.049949177
882105,0.75833786
882106,0.53941405
882107,0.071963474
882108,0.016209923
882109,0.94433784
882110,0.12529303
882111,0.51155347
882112,0.9074632
882113,0.42163312
882114,0.32019418
882115,0.36753157
882116,0.83701587
882117,0.051316682
882118,0.96388507
882119,0.2783589
882120,0.9327798
882121,0.016709175
882122,0.9951657
882123,0.026628558
882124,0.9873671
882125,0.81080824
882126,0.9288486
882127,0.9983274
882128,0.045474473
882129,0.97733235
882130,0.4761683
882131,0.03461545
882132,0.92377484
882133,0.016644102
882134,0.0077433214
882135,0.9978521
882136,0.020137643
882137,0.02773047
882138,0.23294719
882139,0.011577356
882140,0.99080014
882141,0.18407592
882142,0.9964653
882143,0.24068727
882144,0.030152377
882145,0.018281963
882146,0.8329484
882147,0.7408148
882148,0.3767825
882149,0.014278688
882150,0.983616
882151,0.6287121
882152,0.9930574
882153,0.02658308
882154,0.27356157
882155,0.011191969
882156,0.005713779
882157,0.002985849
882158,0.18201962
882159,0.11034334
882160,0.17003265
882161,0.284764
882162,0.014193304
882163,0.41216117
882164,0.8508237
882165,0.996794
882166,0.014990823
882167,0.8690547
882168,0.0037057782
882169,0.005858343
882170,0.8350677
882171,0.9312786
882172,0.92511225
882173,0.02033098
882174,0.0073561724
882175,0.9683881
882176,0.99891114
882177,0.91947085
882178,0.28949785
882179,0.011520369
882180,0.8931912
882181,0.9874226
882182,0.9989399
882183,0.0022642552
882184,0.081072375
882185,0.1352802
882186,0.011240093
882187,0.8660302
882188,0.0073290705
882189,0.85721105
882190,0.1710338
882191,0.94395185
882192,0.8587822
882193,0.99963033
882194,0.99777496
882195,0.12692145
882196,0.18267901
882197,0.35669854
882198,0.6026886
882199,0.034563947
882200,0.11395088
882201,0.7300525
882202,0.92932904
882203,0.020259574
882204,0.9945651
882205,0.023289777
882206,0.07051915
882207,0.42044204
882208,0.07464044
882209,0.9764156
882210,0.015622981
882211,0.15748397
882212,0.005745167
882213,0.013524516
882214,0.016328275
882215,0.6317928
882216,0.28726906
882217,0.2613749
882218,0.6999492
882219,0.98492026
882220,0.9926436
882221,0.93272364
882222,0.9954324
882223,0.103688955
882224,0.9588558
882225,0.33839315
882226,0.067481585
882227,0.04352293
882228,0.9963711
882229,0.024342109
882230,0.009262526
882231,0.29208216
882232,0.04984237
882233,0.6113081
882234,0.055812392
882235,0.96636534
882236,0.08296493
882237,0.36394697
882238,0.01628124
882239,0.32368648
882240,0.99403834
882241,0.0045238575
882242,0.04767499
882243,0.03682159
882244,0.36568278
882245,0.010019023
882246,0.8665962
882247,0.8476128
882248,0.9989431
882249,0.6533795
882250,0.56114715
882251,0.24395612
882252,0.33216673
882253,0.8922572
882254,0.9937394
882255,0.4958807
882256,0.08727563
882257,0.019575931
882258,0.99366254
882259,0.012919125
882260,0.012345059
882261,0.0036105702
882262,0.99863625
882263,0.97339714
882264,0.012840394
882265,0.9912642
882266,0.03718245
882267,0.01838382
882268,0.9241625
882269,0.5092573
882270,0.033025242
882271,0.9899139
882272,0.08114156
882273,0.006147527
882274,0.21210152
882275,0.17006487
882276,0.06355889
882277,0.009288098
882278,0.003717977
882279,0.81626534
882280,0.02336864
882281,0.82029337
882282,0.7287303
882283,0.012576719
882284,0.016013317
882285,0.8417751
882286,0.1507606
882287,0.10957092
882288,0.004264097
882289,0.9660601
882290,0.49307752
882291,0.74139476
882292,0.90156555
882293,0.96282303
882294,0.005964812
882295,0.39210743
882296,0.94593465
882297,0.24484871
882298,0.011620545
882299,0.80303395
882300,0.04976348
882301,0.9940999
882302,0.08899742
882303,0.7042974
882304,0.99543357
882305,0.6708895
882306,0.54278064
882307,0.5962764
882308,0.06126929
882309,0.016137837
882310,0.14026958
882311,0.65420693
882312,0.6150329
882313,0.08362493
882314,0.004750319
882315,0.76118714
882316,0.9790603
882317,0.10941844
882318,0.0018787687
882319,0.9896052
882320,0.021432802
882321,0.016793003
882322,0.9053325
882323,0.82833576
882324,0.005018375
882325,0.80939084
882326,0.8189578
882327,0.1759385
882328,0.99544644
882329,0.9875483
882330,0.9486615
882331,0.08258868
882332,0.20938459
882333,0.9975022
882334,0.9954275
882335,0.15354525
882336,0.48668143
882337,0.024628356
882338,0.014020466
882339,0.9537814
882340,0.0067549404
882341,0.18762207
882342,0.31397042
882343,0.19282793
882344,0.81967354
882345,0.014179701
882346,0.921584
882347,0.99832064
882348,0.9167249
882349,0.5242403
882350,0.027322294
882351,0.9846278
882352,0.68775165
882353,0.009697165
882354,0.02851994
882355,0.08344324
882356,0.72925425
882357,0.017754568
882358,0.08190589
882359,0.11209452
882360,0.47662273
882361,0.4671732
882362,0.003738574
882363,0.055667877
882364,0.10068035
882365,0.007975537
882366,0.1378184
882367,0.17581661
882368,0.70702416
882369,0.007148563
882370,0.9286963
882371,0.01745558
882372,0.99809873
882373,0.8482764
882374,0.012462541
882375,0.025387494
882376,0.043645658
882377,0.95601815
882378,0.52473974
882379,0.9471772
882380,0.8985172
882381,0.6942835
882382,0.9271609
882383,0.53863394
882384,0.03316813
882385,0.13126306
882386,0.01351674
882387,0.0027740248
882388,0.04262097
882389,0.8036653
882390,0.12559335
882391,0.45959786
882392,0.27080652
882393,0.008727708
882394,0.1348749
882395,0.9611606
882396,0.9897151
882397,0.30553293
882398,0.11456779
882399,0.42740268
882400,0.32526463
882401,0.92335415
882402,0.9974392
882403,0.9792212
882404,0.013097707
882405,0.014600279
882406,0.21509394
882407,0.9977484
882408,0.90076965
882409,0.009592116
882410,0.23009789
882411,0.67046064
882412,0.6633116
882413,0.023600714
882414,0.6173143
882415,0.033142887
882416,0.9086733
882417,0.98233765
882418,0.2492686
882419,0.004256714
882420,0.95015055
882421,0.03899304
882422,0.29101354
882423,0.017836668
882424,0.31572804
882425,0.020141713
882426,0.9650288
882427,0.0066133887
882428,0.010991658
882429,0.9680832
882430,0.58494425
882431,0.99222183
882432,0.12126078
882433,0.1058189
882434,0.97148865
882435,0.99248594
882436,0.6665467
882437,0.94195247
882438,0.0162091
882439,0.8891379
882440,0.0048951996
882441,0.9621702
882442,0.80571944
882443,0.006148134
882444,0.9971225
882445,0.06594837
882446,0.0200577
882447,0.09029363
882448,0.2611714
882449,0.9889199
882450,0.49086332
882451,0.3063527
882452,0.0057404237
882453,0.023826193
882454,0.021719864
882455,0.98064363
882456,0.0051176427
882457,0.98911244
882458,0.0033590267
882459,0.34380078
882460,0.9860624
882461,0.9984635
882462,0.013148428
882463,0.19072942
882464,0.063548595
882465,0.79472625
882466,0.9976512
882467,0.6386979
882468,0.016107604
882469,0.91959924
882470,0.9150125
882471,0.7439785
882472,0.48774466
882473,0.818414
882474,0.22821957
882475,0.70047086
882476,0.061505485
882477,0.02022306
882478,0.8470269
882479,0.97051156
882480,0.04108779
882481,0.09545305
882482,0.99868506
882483,0.9655591
882484,0.003312488
882485,0.96660095
882486,0.9486047
882487,0.5797963
882488,0.9611033
882489,0.47010702
882490,0.12203768
882491,0.03234656
882492,0.18496537
882493,0.941914
882494,0.99969417
882495,0.055862617
882496,0.952635
882497,0.012949756
882498,0.87687343
882499,0.07936939
882500,0.047938123
882501,0.47329506
882502,0.10402273
882503,0.7338239
882504,0.99310154
882505,0.49182338
882506,0.24666944
882507,0.00335408
882508,0.0119370865
882509,0.011688848
882510,0.036857337
882511,0.050050646
882512,0.98820233
882513,0.99803483
882514,0.03140785
882515,0.94587076
882516,0.9334737
882517,0.9964563
882518,0.4971811
882519,0.075406015
882520,0.98699003
882521,0.011660452
882522,0.22402419
882523,0.08121358
882524,0.008039531
882525,0.33659944
882526,0.99160004
882527,0.06765539
882528,0.57083875
882529,0.013855649
882530,0.9119979
882531,0.17667536
882532,0.81923497
882533,0.7472203
882534,0.96491355
882535,0.995715
882536,0.99889755
882537,0.53667676
882538,0.038037118
882539,0.98137116
882540,0.06367011
882541,0.14199299
882542,0.99775386
882543,0.95198023
882544,0.78995824
882545,0.9404581
882546,0.01778495
882547,0.011209354
882548,0.99978256
882549,0.94351333
882550,0.18051812
882551,0.8931524
882552,0.25071093
882553,0.008467407
882554,0.06290109
882555,0.97945297
882556,0.041413724
882557,0.037320457
882558,0.02241278
882559,0.94564795
882560,0.0076081036
882561,0.9676561
882562,0.0009238224
882563,0.996359
882564,0.025502115
882565,0.29812777
882566,0.9900645
882567,0.20527798
882568,0.21624547
882569,0.9986703
882570,0.5101825
882571,0.9461745
882572,0.029765869
882573,0.9872703
882574,0.9985353
882575,0.9898388
882576,0.17352289
882577,0.995634
882578,0.48340335
882579,0.20758392
882580,0.99583215
882581,0.997976
882582,0.073822945
882583,0.9989499
882584,0.910167
882585,0.13577275
882586,0.0053665354
882587,0.018864395
882588,0.97715837
882589,0.03674884
882590,0.03699317
882591,0.021401025
882592,0.9968288
882593,0.9280442
882594,0.0032445262
882595,0.9785643
882596,0.59012383
882597,0.031587165
882598,0.07825641
882599,0.046102278
882600,0.102677435
882601,0.06855663
882602,0.028312588
882603,0.9571637
882604,0.7135524
882605,0.038523674
882606,0.98186505
882607,0.0077441377
882608,0.37315315
882609,0.2966925
882610,0.0599947
882611,0.023955153
882612,0.025386313
882613,0.0145193655
882614,0.0027302823
882615,0.06426627
882616,0.9469079
882617,0.010129868
882618,0.00393256
882619,0.009106087
882620,0.94027585
882621,0.038690433
882622,0.9769096
882623,0.006015586
882624,0.005789237
882625,0.03850114
882626,0.27402222
882627,0.7299365
882628,0.028210511
882629,0.9987147
882630,0.9960119
882631,0.016246254
882632,0.17247862
882633,0.94951785
882634,0.994648
882635,0.06658923
882636,0.6166028
882637,0.6907109
882638,0.92166984
882639,0.9804594
882640,0.40502292
882641,0.028756503
882642,0.3761666
882643,0.063049585
882644,0.15190865
882645,0.9672641
882646,0.95909256
882647,0.82220095
882648,0.026354704
882649,0.16850223
882650,0.6064099
882651,0.012441434
882652,0.07442378
882653,0.97589815
882654,0.99231774
882655,0.77173585
882656,0.2197775
882657,0.008014403
882658,0.9569935
882659,0.1810408
882660,0.9958464
882661,0.96895623
882662,0.02640198
882663,0.3339098
882664,0.9966653
882665,0.0039270525
882666,0.3907485
882667,0.98867387
882668,0.01727866
882669,0.05189005
882670,0.0416931
882671,0.012886075
882672,0.096244335
882673,0.071512856
882674,0.3289435
882675,0.9916974
882676,0.9969226
882677,0.9924563
882678,0.008228844
882679,0.37267506
882680,0.0038507157
882681,0.014082727
882682,0.9634347
882683,0.019651294
882684,0.02307824
882685,0.016234193
882686,0.57492566
882687,0.057006385
882688,0.7778945
882689,0.7535362
882690,0.013158921
882691,0.99544424
882692,0.8109073
882693,0.13645539
882694,0.5467431
882695,0.007854662
882696,0.99191374
882697,0.9959083
882698,0.0112403035
882699,0.05469081
882700,0.15003079
882701,0.86924094
882702,0.99853927
882703,0.89119613
882704,0.045110293
882705,0.30132967
882706,0.0054373173
882707,0.33107793
882708,0.14047228
882709,0.99516195
882710,0.57484525
882711,0.0035867328
882712,0.5561577
882713,0.036978886
882714,0.7058823
882715,0.9140619
882716,0.12583512
882717,0.5607915
882718,0.019432278
882719,0.07016974
882720,0.99430245
882721,0.7221389
882722,0.053305287
882723,0.0029175722
882724,0.017903022
882725,0.9837574
882726,0.0135781625
882727,0.007082904
882728,0.9731616
882729,0.7938213
882730,0.8940823
882731,0.92129344
882732,0.026306637
882733,0.10627389
882734,0.30547935
882735,0.013193048
882736,0.9948749
882737,0.06828885
882738,0.024875939
882739,0.025945699
882740,0.56742436
882741,0.801707
882742,0.013296565
882743,0.9902346
882744,0.9570367
882745,0.9592042
882746,0.05845441
882747,0.11863719
882748,0.9929296
882749,0.8416237
882750,0.019573536
882751,0.13018061
882752,0.052963413
882753,0.88560617
882754,0.9969015
882755,0.99829006
882756,0.41059983
882757,0.8560284
882758,0.019349318
882759,0.7475575
882760,0.99931765
882761,0.98131144
882762,0.058576785
882763,0.93111604
882764,0.9989514
882765,0.95412815
882766,0.0045651966
882767,0.05262971
882768,0.811779
882769,0.5365571
882770,0.9723612
882771,0.99717426
882772,0.11306888
882773,0.9331873
882774,0.25967854
882775,0.016103629
882776,0.26815653
882777,0.069413066
882778,0.967416
882779,0.98169965
882780,0.08655473
882781,0.99655175
882782,0.95505726
882783,0.9948815
882784,0.18442954
882785,0.53046596
882786,0.014972376
882787,0.99079454
882788,0.8549981
882789,0.005475113
882790,0.016046934
882791,0.16498919
882792,0.98517543
882793,0.022980813
882794,0.98707277
882795,0.6402889
882796,0.07106166
882797,0.9742782
882798,0.7484794
882799,0.7007544
882800,0.9974228
882801,0.9972222
882802,0.9798721
882803,0.018213239
882804,0.6044929
882805,0.02471106
882806,0.0069418587
882807,0.13974765
882808,0.25407982
882809,0.98528767
882810,0.27352902
882811,0.8449473
882812,0.043305486
882813,0.018895853
882814,0.055473946
882815,0.98255813
882816,0.20410769
882817,0.14748713
882818,0.077660486
882819,0.9519088
882820,0.7115801
882821,0.10226311
882822,0.98042476
882823,0.7012615
882824,0.12594809
882825,0.015361153
882826,0.029816719
882827,0.03952377
882828,0.07367888
882829,0.99600196
882830,0.007241353
882831,0.18842186
882832,0.613705
882833,0.23855712
882834,0.008335765
882835,0.4165824
882836,0.0036087343
882837,0.9706763
882838,0.9803086
882839,0.7696165
882840,0.9820886
882841,0.033743665
882842,0.98294437
882843,0.967693
882844,0.9658551
882845,0.1091244
882846,0.078510195
882847,0.005016782
882848,0.99373734
882849,0.18549556
882850,0.07598071
882851,0.0046880674
882852,0.92282367
882853,0.09601703
882854,0.01307327
882855,0.008871402
882856,0.46790147
882857,0.0023893882
882858,0.3806044
882859,0.014651373
882860,0.9960237
882861,0.02447895
882862,0.88468087
882863,0.97896975
882864,0.9866946
882865,0.09235775
882866,0.72910583
882867,0.99171555
882868,0.030153267
882869,0.9381136
882870,0.9981805
882871,0.83450365
882872,0.93724084
882873,0.031826533
882874,0.08826308
882875,0.0023045875
882876,0.010722897
882877,0.6810595
882878,0.7171408
882879,0.9956819
882880,0.048863303
882881,0.9928138
882882,0.5896101
882883,0.95766026
882884,0.935738
882885,0.043055408
882886,0.96347165
882887,0.91922975
882888,0.9271234
882889,0.7579716
882890,0.003129406
882891,0.016894095
882892,0.98988384
882893,0.94791883
882894,0.0011893726
882895,0.051156797
882896,0.04324001
882897,0.70456314
882898,0.0016122962
882899,0.08601653
882900,0.24052048
882901,0.9995857
882902,0.7249975
882903,0.98976725
882904,0.98786783
882905,0.8773845
882906,0.8376727
882907,0.012855707
882908,0.22613062
882909,0.23032485
882910,0.79241705
882911,0.41983664
882912,0.5546595
882913,0.08639615
882914,0.0713173
882915,0.97810435
882916,0.017277652
882917,0.979476
882918,0.3006847
882919,0.788269
882920,0.9269142
882921,0.61631006
882922,0.42165408
882923,0.9539394
882924,0.80571663
882925,0.98500687
882926,0.9744638
882927,0.23071985
882928,0.008754374
882929,0.95456326
882930,0.99931735
882931,0.04040838
882932,0.0027694297
882933,0.58083034
882934,0.98530656
882935,0.99542606
882936,0.78172755
882937,0.99383634
882938,0.0035121925
882939,0.88590765
882940,0.77243537
882941,0.20527971
882942,0.98969597
882943,0.9194556
882944,0.88739747
882945,0.9996056
882946,0.026830785
882947,0.005734928
882948,0.0815975
882949,0.02175047
882950,0.46365255
882951,0.13688608
882952,0.9751553
882953,0.20450787
882954,0.060356908
882955,0.023664331
882956,0.99753964
882957,0.9628527
882958,0.0151002295
882959,0.0701863
882960,0.9679473
882961,0.063496076
882962,0.13561349
882963,0.02700645
882964,0.6995572
882965,0.96641266
882966,0.9198203
882967,0.028928693
882968,0.19786043
882969,0.9682193
882970,0.0063782325
882971,0.029866684
882972,0.9033401
882973,0.99620235
882974,0.010137702
882975,0.0012294888
882976,0.013067106
882977,0.05681297
882978,0.6706564
882979,0.76492596
882980,0.38744324
882981,0.0028662374
882982,0.21885757
882983,0.97368634
882984,0.9733917
882985,0.24088915
882986,0.05212664
882987,0.4242292
882988,0.5916312
882989,0.8040196
882990,0.99801475
882991,0.014871493
882992,0.032581206
882993,0.59224707
882994,0.53565186
882995,0.99413645
882996,0.02932541
882997,0.99837136
882998,0.992892
882999,0.9859374
883000,0.98536617
883001,0.6160512
883002,0.9751814
883003,0.08188868
883004,0.009488666
883005,0.97230077
883006,0.9645699
883007,0.52149004
883008,0.007715067
883009,0.0113306185
883010,0.09552638
883011,0.025184592
883012,0.08368336
883013,0.014571684
883014,0.0113642095
883015,0.02003358
883016,0.021605883
883017,0.9996023
883018,0.7434646
883019,0.78430754
883020,0.74211454
883021,0.985251
883022,0.016885608
883023,0.004969258
883024,0.74133676
883025,0.0355617
883026,0.9919375
883027,0.011544894
883028,0.9256223
883029,0.020704908
883030,0.02950665
883031,0.8745544
883032,0.961941
883033,0.053393625
883034,0.0049486877
883035,0.9491952
883036,0.032749858
883037,0.1133365
883038,0.89880955
883039,0.92668736
883040,0.09154912
883041,0.98079807
883042,0.8077889
883043,0.8277398
883044,0.8930955
883045,0.9927236
883046,0.9806261
883047,0.9982908
883048,0.015383707
883049,0.021137351
883050,0.04179824
883051,0.022664892
883052,0.0033194674
883053,0.0068334234
883054,0.97786033
883055,0.23283806
883056,0.0910815
883057,0.87524927
883058,0.01175375
883059,0.84126383
883060,0.9966612
883061,0.9638346
883062,0.91091
883063,0.34014964
883064,0.027257698
883065,0.10850402
883066,0.14917393
883067,0.024843536
883068,0.091698274
883069,0.96673274
883070,0.004094984
883071,0.50388217
883072,0.39967033
883073,0.9306261
883074,0.15504879
883075,0.048493214
883076,0.9165218
883077,0.99577236
883078,0.0591759
883079,0.016328659
883080,0.9744728
883081,0.1150381
883082,0.9442538
883083,0.006522449
883084,0.14735177
883085,0.020145614
883086,0.10036481
883087,0.0045245457
883088,0.88129306
883089,0.1980815
883090,0.85493404
883091,0.9949046
883092,0.014793902
883093,0.36195654
883094,0.9858303
883095,0.0077733183
883096,0.099262975
883097,0.046536047
883098,0.042274643
883099,0.17002128
883100,0.96783787
883101,0.9837525
883102,0.99808025
883103,0.3332193
883104,0.086353846
883105,0.04983707
883106,0.99895626
883107,0.97903264
883108,0.99853176
883109,0.32845816
883110,0.9774669
883111,0.026453285
883112,0.9413234
883113,0.021095656
883114,0.99882686
883115,0.39445448
883116,0.17111287
883117,0.02726539
883118,0.9407171
883119,0.22419432
883120,0.6353946
883121,0.032950543
883122,0.21376443
883123,0.01762275
883124,0.105008505
883125,0.02727468
883126,0.019866109
883127,0.99378145
883128,0.6497667
883129,0.0438224
883130,0.014835764
883131,0.001442093
883132,0.9967468
883133,0.99953204
883134,0.99341327
883135,0.8598827
883136,0.31764233
883137,0.93987036
883138,0.022305492
883139,0.84184206
883140,0.91640466
883141,0.010102004
883142,0.97744125
883143,0.03760979
883144,0.08645625
883145,0.018356154
883146,0.7127868
883147,0.9867765
883148,0.041323207
883149,0.99744517
883150,0.9233054
883151,0.0885724
883152,0.28860757
883153,0.034888647
883154,0.13048646
883155,0.048523348
883156,0.9440935
883157,0.02153173
883158,0.08031809
883159,0.06860632
883160,0.6423585
883161,0.21627946
883162,0.045629777
883163,0.6767962
883164,0.01221348
883165,0.44026834
883166,0.61104643
883167,0.6901871
883168,0.9875365
883169,0.3487905
883170,0.8897778
883171,0.041826807
883172,0.37633094
883173,0.9103908
883174,0.15549555
883175,0.21354994
883176,0.2714978
883177,0.9919599
883178,0.867997
883179,0.020230245
883180,0.7836137
883181,0.9751717
883182,0.9666259
883183,0.087533034
883184,0.96010625
883185,0.011124853
883186,0.9921067
883187,0.08578608
883188,0.5530523
883189,0.9170602
883190,0.38669074
883191,0.0014646286
883192,0.9664278
883193,0.03158746
883194,0.99097836
883195,0.9941351
883196,0.053257227
883197,0.9847646
883198,0.040928308
883199,0.0024344637
883200,0.059098326
883201,0.0044334037
883202,0.20672607
883203,0.99610937
883204,0.9549248
883205,0.11139428
883206,0.024125181
883207,0.92573035
883208,0.119815394
883209,0.16672526
883210,0.7959244
883211,0.9784024
883212,0.017069997
883213,0.981836
883214,0.5753769
883215,0.6939413
883216,0.9052664
883217,0.27477038
883218,0.9853406
883219,0.06771789
883220,0.73986924
883221,0.022414219
883222,0.95100987
883223,0.20293447
883224,0.9673558
883225,0.9887633
883226,0.038432166
883227,0.9287411
883228,0.006692497
883229,0.9835868
883230,0.99531525
883231,0.02649335
883232,0.9770255
883233,0.035877768
883234,0.34817955
883235,0.167529
883236,0.6896341
883237,0.06265256
883238,0.7888305
883239,0.9149774
883240,0.9873146
883241,0.17319536
883242,0.25167927
883243,0.037812646
883244,0.65175307
883245,0.8405847
883246,0.39282033
883247,0.007053091
883248,0.494865
883249,0.0018745956
883250,0.018427635
883251,0.021795433
883252,0.8935142
883253,0.06000327
883254,0.78065675
883255,0.97807074
883256,0.9874095
883257,0.7474401
883258,0.05983465
883259,0.9774343
883260,0.01565583
883261,0.058718473
883262,0.7685004
883263,0.016748682
883264,0.79965085
883265,0.089726426
883266,0.93716705
883267,0.926998
883268,0.9916207
883269,0.3944645
883270,0.12446234
883271,0.16903058
883272,0.62455297
883273,0.9884109
883274,0.9777385
883275,0.68617046
883276,0.006169889
883277,0.021677025
883278,0.7340391
883279,0.13897651
883280,0.031155752
883281,0.4146868
883282,0.002261551
883283,0.6738462
883284,0.003995256
883285,0.18431117
883286,0.0021076936
883287,0.40838447
883288,0.36272365
883289,0.018284295
883290,0.95397234
883291,0.9857822
883292,0.0071151825
883293,0.092434704
883294,0.99340063
883295,0.3201657
883296,0.5804131
883297,0.034599036
883298,0.019616695
883299,0.9702906
883300,0.926837
883301,0.96678746
883302,0.08758451
883303,0.0370894
883304,0.01995476
883305,0.21419647
883306,0.678645
883307,0.019460276
883308,0.9680919
883309,0.10892779
883310,0.024203742
883311,0.97913677
883312,0.0054862592
883313,0.58954877
883314,0.38186312
883315,0.9585598
883316,0.4364968
883317,0.14242151
883318,0.78773326
883319,0.009631749
883320,0.025563471
883321,0.9357489
883322,0.0032997434
883323,0.022035958
883324,0.043655336
883325,0.2459792
883326,0.01692955
883327,0.72753024
883328,0.011545329
883329,0.0033727754
883330,0.03334316
883331,0.85934544
883332,0.049871624
883333,0.96854246
883334,0.9830404
883335,0.0713997
883336,0.068856895
883337,0.08516222
883338,0.011622218
883339,0.03572643
883340,0.42687285
883341,0.05228587
883342,0.21140438
883343,0.051150423
883344,0.67129076
883345,0.97442245
883346,0.0042031487
883347,0.002889473
883348,0.7922385
883349,0.20233771
883350,0.09306572
883351,0.110704236
883352,0.6890075
883353,0.89666235
883354,0.9837915
883355,0.4005068
883356,0.9795678
883357,0.986225
883358,0.47985116
883359,0.0052364487
883360,0.6581937
883361,0.4366919
883362,0.997712
883363,0.023374815
883364,0.02685749
883365,0.2161176
883366,0.98236156
883367,0.07744113
883368,0.6831583
883369,0.08459008
883370,0.0336297
883371,0.0525576
883372,0.0019183122
883373,0.9530492
883374,0.31130582
883375,0.012965534
883376,0.05706953
883377,0.99772686
883378,0.019756299
883379,0.9991953
883380,0.0154927885
883381,0.8557718
883382,0.09616888
883383,0.41952348
883384,0.08449852
883385,0.13668056
883386,0.019202657
883387,0.10701037
883388,0.09796147
883389,0.91352403
883390,0.0344119
883391,0.9950056
883392,0.7979906
883393,0.98053634
883394,0.0071517196
883395,0.9867275
883396,0.07930081
883397,0.022010868
883398,0.32813275
883399,0.124580346
883400,0.0058117276
883401,0.08825134
883402,0.66357845
883403,0.060395367
883404,0.3449523
883405,0.94147563
883406,0.79472315
883407,0.045701195
883408,0.42005557
883409,0.3202203
883410,0.05413787
883411,0.088171184
883412,0.98981035
883413,0.98048043
883414,0.019923348
883415,0.01949491
883416,0.8974665
883417,0.9884472
883418,0.04061351
883419,0.7893735
883420,0.055566363
883421,0.14119723
883422,0.008180769
883423,0.9760571
883424,0.9113648
883425,0.26651007
883426,0.9533402
883427,0.025802627
883428,0.68117505
883429,0.099619195
883430,0.027433064
883431,0.013690374
883432,0.9693429
883433,0.9272301
883434,0.027619606
883435,0.75798845
883436,0.013348409
883437,0.032379545
883438,0.9935014
883439,0.35525894
883440,0.09894915
883441,0.28799066
883442,0.52559465
883443,0.016457565
883444,0.35629985
883445,0.0036001906
883446,0.9764832
883447,0.21086536
883448,0.9786553
883449,0.9938405
883450,0.04855982
883451,0.055127833
883452,0.9942939
883453,0.46826798
883454,0.121556416
883455,0.37559602
883456,0.14801224
883457,0.11268416
883458,0.009368531
883459,0.7781227
883460,0.9364594
883461,0.031958282
883462,0.016485654
883463,0.9463414
883464,0.9783125
883465,0.08085915
883466,0.7715769
883467,0.98138994
883468,0.009041763
883469,0.045566313
883470,0.08004605
883471,0.012987414
883472,0.07121451
883473,0.9699271
883474,0.1476859
883475,0.7617826
883476,0.077564076
883477,0.056853477
883478,0.0321152
883479,0.9812423
883480,0.4942097
883481,0.018153843
883482,0.012337091
883483,0.93834066
883484,0.7321848
883485,0.7469607
883486,0.100546665
883487,0.933499
883488,0.4191892
883489,0.040162902
883490,0.80439687
883491,0.9459088
883492,0.02864293
883493,0.22815387
883494,0.024533488
883495,0.968295
883496,0.98869914
883497,0.22020349
883498,0.64270645
883499,0.016731894
883500,0.8137562
883501,0.16261727
883502,0.70197004
883503,0.081867665
883504,0.006951725
883505,0.07059544
883506,0.9917266
883507,0.857206
883508,0.96200997
883509,0.9952948
883510,0.95772076
883511,0.007899288
883512,0.79715586
883513,0.14670876
883514,0.03287549
883515,0.8428058
883516,0.30364907
883517,0.77858585
883518,0.9745142
883519,0.9773281
883520,0.0772983
883521,0.025955312
883522,0.26290148
883523,0.008227691
883524,0.04287264
883525,0.19385447
883526,0.9921824
883527,0.9777066
883528,0.9728045
883529,0.024240065
883530,0.0029766853
883531,0.9032359
883532,0.9729432
883533,0.99826646
883534,0.006116179
883535,0.23346992
883536,0.3995517
883537,0.9972326
883538,0.16702196
883539,0.11309375
883540,0.71945995
883541,0.012641503
883542,0.057077006
883543,0.007343571
883544,0.99317765
883545,0.9297541
883546,0.9869315
883547,0.9404907
883548,0.012594076
883549,0.008484299
883550,0.0043547964
883551,0.039416257
883552,0.89058244
883553,0.27149278
883554,0.014454679
883555,0.273609
883556,0.8463517
883557,0.62134004
883558,0.03312778
883559,0.016459037
883560,0.33358616
883561,0.06817981
883562,0.5777407
883563,0.01392887
883564,0.6830148
883565,0.78932583
883566,0.24547009
883567,0.023955032
883568,0.8139606
883569,0.12396713
883570,0.003712114
883571,0.7219841
883572,0.06436081
883573,0.55976707
883574,0.023449125
883575,0.11502376
883576,0.18065812
883577,0.016376926
883578,0.42601407
883579,0.0957696
883580,0.06705799
883581,0.97960335
883582,0.15096697
883583,0.0107884705
883584,0.9980457
883585,0.9836348
883586,0.33035427
883587,0.05873981
883588,0.9963375
883589,0.7170464
883590,0.9656544
883591,0.11560996
883592,0.32121122
883593,0.0579584
883594,0.14064662
883595,0.9307758
883596,0.03418773
883597,0.028639898
883598,0.92983735
883599,0.9348281
883600,0.035200924
883601,0.027085122
883602,0.032017685
883603,0.2818334
883604,0.79242325
883605,0.00850123
883606,0.70351017
883607,0.07435547
883608,0.9505392
883609,0.011704456
883610,0.98224884
883611,0.017871296
883612,0.032563146
883613,0.99802446
883614,0.1159739
883615,0.001443278
883616,0.012142351
883617,0.23758523
883618,0.83728707
883619,0.95072824
883620,0.012856184
883621,0.92559034
883622,0.99713403
883623,0.938696
883624,0.93294704
883625,0.2733243
883626,0.5951836
883627,0.32354572
883628,0.03084017
883629,0.9437406
883630,0.024391
883631,0.06237791
883632,0.2469467
883633,0.011054013
883634,0.39788282
883635,0.82992
883636,0.17190054
883637,0.017806096
883638,0.6779272
883639,0.9949653
883640,0.046632558
883641,0.02250594
883642,0.2791919
883643,0.009695612
883644,0.15915003
883645,0.072657466
883646,0.36038563
883647,0.6266642
883648,0.5569092
883649,0.4462967
883650,0.071120895
883651,0.9657589
883652,0.6363287
883653,0.017326787
883654,0.030968536
883655,0.008248495
883656,0.8602049
883657,0.9796827
883658,0.0073491577
883659,0.9131186
883660,0.052254535
883661,0.12488061
883662,0.67357063
883663,0.04722935
883664,0.9634767
883665,0.14988683
883666,0.16095448
883667,0.2651218
883668,0.9274776
883669,0.0241519
883670,0.042230338
883671,0.03600523
883672,0.71176714
883673,0.011060203
883674,0.0059394347
883675,0.99531764
883676,0.56926
883677,0.0066199875
883678,0.016741643
883679,0.99777013
883680,0.74205387
883681,0.010594187
883682,0.8809911
883683,0.82181627
883684,0.5688492
883685,0.99701375
883686,0.005615674
883687,0.7337497
883688,0.84336
883689,0.88419074
883690,0.9994583
883691,0.9357461
883692,0.16638951
883693,0.035538487
883694,0.003958295
883695,0.8010745
883696,0.942768
883697,0.21484119
883698,0.9356646
883699,0.0065763555
883700,0.037683465
883701,0.015501241
883702,0.48150122
883703,0.11641137
883704,0.2536582
883705,0.35227746
883706,0.044612907
883707,0.9961152
883708,0.99416953
883709,0.17899534
883710,0.9172963
883711,0.005659422
883712,0.9861852
883713,0.79967105
883714,0.77361315
883715,0.9942512
883716,0.99313915
883717,0.9994124
883718,0.7678437
883719,0.96373326
883720,0.025018994
883721,0.18265373
883722,0.2885578
883723,0.9506468
883724,0.033964586
883725,0.0029387136
883726,0.9753239
883727,0.010094249
883728,0.16162719
883729,0.9980993
883730,0.5603321
883731,0.020797392
883732,0.93974316
883733,0.016681967
883734,0.045315772
883735,0.9404962
883736,0.015113588
883737,0.6591977
883738,0.7629079
883739,0.984063
883740,0.826461
883741,0.11047996
883742,0.82818514
883743,0.81748235
883744,0.97801924
883745,0.005982315
883746,0.9875392
883747,0.9984168
883748,0.9910459
883749,0.9974407
883750,0.033328123
883751,0.021833032
883752,0.9383453
883753,0.96509635
883754,0.026560586
883755,0.0094605265
883756,0.00800027
883757,0.0040756366
883758,0.09455892
883759,0.9997287
883760,0.08878003
883761,0.0049103023
883762,0.01444335
883763,0.009385753
883764,0.31434175
883765,0.9839706
883766,0.016310468
883767,0.9623767
883768,0.8204128
883769,0.0045562643
883770,0.017172309
883771,0.051739745
883772,0.014677896
883773,0.98303676
883774,0.025226805
883775,0.90419257
883776,0.88087976
883777,0.32942313
883778,0.011325616
883779,0.05731921
883780,0.794804
883781,0.80101573
883782,0.7679762
883783,0.9916363
883784,0.0038738074
883785,0.99583125
883786,0.13466197
883787,0.82634926
883788,0.024499018
883789,0.66082454
883790,0.2134155
883791,0.6723866
883792,0.12395827
883793,0.28171426
883794,0.15609646
883795,0.053182606
883796,0.28154656
883797,0.061203748
883798,0.9478389
883799,0.06494856
883800,0.9497718
883801,0.9833107
883802,0.8696655
883803,0.019340837
883804,0.9901637
883805,0.037550412
883806,0.29718202
883807,0.8898996
883808,0.8909098
883809,0.99634737
883810,0.75163704
883811,0.116071254
883812,0.035417497
883813,0.4623406
883814,0.05086089
883815,0.32753637
883816,0.1014599
883817,0.022614058
883818,0.97198415
883819,0.02608978
883820,0.93932045
883821,0.014141352
883822,0.870401
883823,0.06573436
883824,0.8229176
883825,0.011065774
883826,0.90874827
883827,0.007753603
883828,0.3327406
883829,0.49851644
883830,0.6342089
883831,0.104635015
883832,0.98567796
883833,0.013792174
883834,0.99601436
883835,0.9752168
883836,0.023210464
883837,0.997882
883838,0.057034414
883839,0.46707618
883840,0.7060242
883841,0.019505346
883842,0.8444531
883843,0.38756073
883844,0.80416954
883845,0.5547694
883846,0.4688868
883847,0.4833181
883848,0.9580835
883849,0.36898392
883850,0.99980694
883851,0.100403704
883852,0.7399798
883853,0.9957604
883854,0.3759027
883855,0.745126
883856,0.9976515
883857,0.028248675
883858,0.009132119
883859,0.02128679
883860,0.24597657
883861,0.0073439563
883862,0.13226466
883863,0.30111504
883864,0.43633783
883865,0.045810476
883866,0.80760574
883867,0.93499696
883868,0.79937685
883869,0.6498773
883870,0.710183
883871,0.9752261
883872,0.9981995
883873,0.84454995
883874,0.08319014
883875,0.020127505
883876,0.21081954
883877,0.017050616
883878,0.90141344
883879,0.19068779
883880,0.019258585
883881,0.71117055
883882,0.9936342
883883,0.99196875
883884,0.8574649
883885,0.92385817
883886,0.24019122
883887,0.9066274
883888,0.87068266
883889,0.0011248555
883890,0.99820006
883891,0.770325
883892,0.112298995
883893,0.9793929
883894,0.98925734
883895,0.9916579
883896,0.77063113
883897,0.86554766
883898,0.7646049
883899,0.038018234
883900,0.9990773
883901,0.7348309
883902,0.019464772
883903,0.020768704
883904,0.99503744
883905,0.17862666
883906,0.33093607
883907,0.5620639
883908,0.030450812
883909,0.714072
883910,0.016768802
883911,0.012070704
883912,0.18410504
883913,0.013282881
883914,0.0715501
883915,0.07131599
883916,0.9497201
883917,0.94011056
883918,0.85962933
883919,0.46405163
883920,0.99527615
883921,0.94091177
883922,0.98500127
883923,0.9950174
883924,0.9708493
883925,0.16858843
883926,0.99628437
883927,0.9190756
883928,0.023652285
883929,0.016496781
883930,0.020349508
883931,0.46969995
883932,0.5700651
883933,0.99613863
883934,0.08825314
883935,0.007798489
883936,0.0015608883
883937,0.03042455
883938,0.9028408
883939,0.47454304
883940,0.07103472
883941,0.85182405
883942,0.99477226
883943,0.9570267
883944,0.9443742
883945,0.093291506
883946,0.1970392
883947,0.8120773
883948,0.03929948
883949,0.9990181
883950,0.9283741
883951,0.9990614
883952,0.008396022
883953,0.021925148
883954,0.8923962
883955,0.994715
883956,0.50786275
883957,0.07368251
883958,0.97916865
883959,0.9350812
883960,0.049043663
883961,0.903551
883962,0.96489847
883963,0.9776561
883964,0.008737994
883965,0.06722487
883966,0.050366007
883967,0.58629346
883968,0.04550939
883969,0.061662465
883970,0.98983276
883971,0.85386586
883972,0.99388885
883973,0.98836315
883974,0.95171493
883975,0.0039602933
883976,0.31613725
883977,0.19875844
883978,0.025836937
883979,0.35187772
883980,0.7982398
883981,0.1851666
883982,0.97375405
883983,0.98061323
883984,0.25260094
883985,0.99497163
883986,0.3129045
883987,0.016452212
883988,0.87910855
883989,0.97781765
883990,0.29611304
883991,0.034098156
883992,0.0077248877
883993,0.96276927
883994,0.9975158
883995,0.9840146
883996,0.24248251
883997,0.0005860165
883998,0.0018242985
883999,0.97434574
884000,0.7787832
884001,0.9952314
884002,0.021433562
884003,0.8536639
884004,0.75150305
884005,0.016999122
884006,0.042271238
884007,0.010896109
884008,0.0047198883
884009,0.65823436
884010,0.9749646
884011,0.9964779
884012,0.05108746
884013,0.060783636
884014,0.01925732
884015,0.023714267
884016,0.99829936
884017,0.6036685
884018,0.2153037
884019,0.79135066
884020,0.029672412
884021,0.038484365
884022,0.4423835
884023,0.0033332622
884024,0.009489326
884025,0.94649607
884026,0.953666
884027,0.027439365
884028,0.098633885
884029,0.9030556
884030,0.88440037
884031,0.99053216
884032,0.008231247
884033,0.12642255
884034,0.58924395
884035,0.084303096
884036,0.019771557
884037,0.46843514
884038,0.0072658667
884039,0.101468414
884040,0.0105682695
884041,0.962029
884042,0.05421814
884043,0.0027237989
884044,0.83573323
884045,0.005696533
884046,0.99175006
884047,0.86636937
884048,0.02353466
884049,0.9935737
884050,0.98504263
884051,0.12383451
884052,0.98311967
884053,0.09814482
884054,0.8925607
884055,0.099254444
884056,0.28932545
884057,0.012068954
884058,0.14104818
884059,0.06333131
884060,0.019906715
884061,0.68116456
884062,0.047160916
884063,0.04171084
884064,0.5330932
884065,0.072941475
884066,0.99623823
884067,0.013610112
884068,0.43554658
884069,0.033309963
884070,0.8093337
884071,0.03006038
884072,0.04983899
884073,0.0227012
884074,0.0021051182
884075,0.003918369
884076,0.94138825
884077,0.999459
884078,0.2055023
884079,0.99130666
884080,0.95292926
884081,0.9291828
884082,0.99938536
884083,0.98601574
884084,0.043488037
884085,0.99848866
884086,0.006173538
884087,0.01836795
884088,0.9799446
884089,0.1262162
884090,0.6774339
884091,0.6769518
884092,0.9895483
884093,0.9564636
884094,0.0027564068
884095,0.5007756
884096,0.027988901
884097,0.9471109
884098,0.9757178
884099,0.09596177
884100,0.66452396
884101,0.039441016
884102,0.016627232
884103,0.010014138
884104,0.1604447
884105,0.13369468
884106,0.22280294
884107,0.31542188
884108,0.013685316
884109,0.013608731
884110,0.0040997355
884111,0.0052090283
884112,0.95437646
884113,0.98920715
884114,0.889584
884115,0.9249631
884116,0.9515595
884117,0.11267422
884118,0.015179541
884119,0.99105084
884120,0.03312631
884121,0.14084888
884122,0.95655674
884123,0.9970137
884124,0.9935914
884125,0.8593688
884126,0.43497452
884127,0.97606415
884128,0.99278426
884129,0.9499667
884130,0.016326066
884131,0.034698665
884132,0.2603798
884133,0.09969604
884134,0.0055318726
884135,0.68300956
884136,0.11262474
884137,0.5205745
884138,0.0012936716
884139,0.94646907
884140,0.68335783
884141,0.029981406
884142,0.65876853
884143,0.04850439
884144,0.2702943
884145,0.004899009
884146,0.986663
884147,0.0073758136
884148,0.84028804
884149,0.14756672
884150,0.22313401
884151,0.97481215
884152,0.45968676
884153,0.9652245
884154,0.03391853
884155,0.014441437
884156,0.74090326
884157,0.7194435
884158,0.20232198
884159,0.0252635
884160,0.9141482
884161,0.05528751
884162,0.9033465
884163,0.6379752
884164,0.5852648
884165,0.14925925
884166,0.9731618
884167,0.99473274
884168,0.043030404
884169,0.9223728
884170,0.018481439
884171,0.025539782
884172,0.0026769238
884173,0.007705004
884174,0.9965112
884175,0.2308121
884176,0.057269745
884177,0.9760902
884178,0.9016714
884179,0.8950624
884180,0.025188647
884181,0.88054144
884182,0.039361984
884183,0.018257426
884184,0.9934629
884185,0.93178487
884186,0.037826695
884187,0.025641771
884188,0.9598106
884189,0.61281306
884190,0.05432008
884191,0.9361366
884192,0.28818327
884193,0.38771814
884194,0.73504746
884195,0.86319
884196,0.51050425
884197,0.920038
884198,0.026546428
884199,0.24538167
884200,0.98379344
884201,0.13104269
884202,0.051263273
884203,0.7354356
884204,0.10076903
884205,0.004758372
884206,0.97229207
884207,0.022706196
884208,0.92672235
884209,0.0054101953
884210,0.51470995
884211,0.0022380813
884212,0.960484
884213,0.9466531
884214,0.28210253
884215,0.68818086
884216,0.0140998205
884217,0.0047447802
884218,0.23610769
884219,0.19827965
884220,0.026773276
884221,0.025858488
884222,0.41613916
884223,0.07996856
884224,0.07093329
884225,0.31750745
884226,0.7927364
884227,0.07855263
884228,0.9914359
884229,0.41671675
884230,0.012675678
884231,0.9941292
884232,0.035647724
884233,0.10701971
884234,0.23784176
884235,0.016719623
884236,0.673751
884237,0.7851456
884238,0.03037481
884239,0.35153803
884240,0.9893966
884241,0.9959646
884242,0.8185691
884243,0.015627507
884244,0.97230065
884245,0.99868065
884246,0.03305214
884247,0.16428995
884248,0.5891262
884249,0.017823227
884250,0.37626135
884251,0.022465432
884252,0.015027802
884253,0.009156123
884254,0.5854634
884255,0.65762454
884256,0.0056652916
884257,0.065367565
884258,0.2541427
884259,0.7830367
884260,0.2514719
884261,0.009821039
884262,0.49215162
884263,0.961542
884264,0.049200922
884265,0.10328096
884266,0.69179994
884267,0.10122147
884268,0.98289424
884269,0.9732965
884270,0.0013689009
884271,0.95147514
884272,0.87751657
884273,0.99883646
884274,0.20626204
884275,0.94934297
884276,0.9973646
884277,0.21658105
884278,0.015471103
884279,0.02327867
884280,0.05664375
884281,0.13951057
884282,0.9643154
884283,0.81552887
884284,0.05006869
884285,0.08280006
884286,0.999589
884287,0.008288834
884288,0.04605946
884289,0.17107712
884290,0.9924169
884291,0.8840861
884292,0.9913476
884293,0.86123174
884294,0.020744033
884295,0.98747134
884296,0.0048997095
884297,0.028200552
884298,0.009720684
884299,0.91860914
884300,0.99385303
884301,0.01856044
884302,0.33256638
884303,0.05552138
884304,0.8955319
884305,0.0313485
884306,0.9935705
884307,0.97551525
884308,0.8791908
884309,0.21399212
884310,0.015141562
884311,0.47952184
884312,0.5318128
884313,0.042711105
884314,0.0069976053
884315,0.56806135
884316,0.0029782369
884317,0.91672665
884318,0.9891187
884319,0.061495516
884320,0.6831549
884321,0.06506643
884322,0.14470564
884323,0.04831763
884324,0.122021034
884325,0.009682831
884326,0.9110384
884327,0.9957862
884328,0.0056734607
884329,0.014042048
884330,0.9317558
884331,0.443515
884332,0.69575775
884333,0.70801747
884334,0.00245167
884335,0.041701604
884336,0.19864224
884337,0.9688928
884338,0.9808004
884339,0.054742325
884340,0.040426113
884341,0.44288307
884342,0.93194807
884343,0.9158195
884344,0.0022612354
884345,0.9912794
884346,0.011126284
884347,0.98458296
884348,0.9957583
884349,0.9762317
884350,0.1418856
884351,0.69793284
884352,0.0697901
884353,0.017637167
884354,0.10715538
884355,0.08622669
884356,0.3128156
884357,0.045327727
884358,0.9890522
884359,0.018809143
884360,0.70288944
884361,0.030137952
884362,0.010432752
884363,0.015485516
884364,0.044772938
884365,0.01758273
884366,0.9373349
884367,0.0007041978
884368,0.852591
884369,0.029767288
884370,0.02032547
884371,0.9161672
884372,0.024210148
884373,0.013968715
884374,0.36658174
884375,0.72565544
884376,0.55069405
884377,0.7635825
884378,0.01443917
884379,0.08956194
884380,0.9170611
884381,0.11178687
884382,0.022691693
884383,0.93917423
884384,0.9332872
884385,0.15776414
884386,0.9920577
884387,0.9320252
884388,0.20552537
884389,0.09496045
884390,0.06470932
884391,0.2817263
884392,0.8859999
884393,0.02853093
884394,0.01652005
884395,0.9798169
884396,0.8550629
884397,0.11343315
884398,0.997076
884399,0.03424065
884400,0.9928979
884401,0.025239877
884402,0.97720385
884403,0.116434105
884404,0.024991617
884405,0.976139
884406,0.98224115
884407,0.12643227
884408,0.0038082125
884409,0.4624073
884410,0.65189886
884411,0.050676603
884412,0.09903039
884413,0.88235736
884414,0.9969365
884415,0.14294031
884416,0.9812754
884417,0.009089835
884418,0.9929663
884419,0.45201254
884420,0.9424663
884421,0.02793124
884422,0.07807906
884423,0.74935234
884424,0.94167405
884425,0.048965763
884426,0.241456
884427,0.01760699
884428,0.9802705
884429,0.0041573383
884430,0.9482666
884431,0.335051
884432,0.8940547
884433,0.9991444
884434,0.21694401
884435,0.18905073
884436,0.9996072
884437,0.07774629
884438,0.00978525
884439,0.95829177
884440,0.002939939
884441,0.9653794
884442,0.97723323
884443,0.023053437
884444,0.98732233
884445,0.008281124
884446,0.9625206
884447,0.50029033
884448,0.6543584
884449,0.7897742
884450,0.9208982
884451,0.75810754
884452,0.010824024
884453,0.23078135
884454,0.0017544494
884455,0.034698546
884456,0.8549441
884457,0.86777997
884458,0.07246337
884459,0.89661855
884460,0.7418611
884461,0.99037904
884462,0.99242693
884463,0.06923868
884464,0.6666618
884465,0.998855
884466,0.99010473
884467,0.9994093
884468,0.9840737
884469,0.010646191
884470,0.082571805
884471,0.07286535
884472,0.008756498
884473,0.013396215
884474,0.65302306
884475,0.14802527
884476,0.0025243107
884477,0.5647128
884478,0.0026587425
884479,0.973442
884480,0.99322104
884481,0.15742509
884482,0.9407562
884483,0.0050171157
884484,0.029476581
884485,0.005365344
884486,0.13858129
884487,0.8050906
884488,0.017329004
884489,0.9956344
884490,0.9609338
884491,0.9986162
884492,0.016389051
884493,0.013255992
884494,0.684188
884495,0.66944045
884496,0.3663715
884497,0.014870204
884498,0.99967885
884499,0.34620222
884500,0.036142018
884501,0.01422519
884502,0.9906396
884503,0.0042439685
884504,0.9965915
884505,0.32729566
884506,0.78737175
884507,0.14906237
884508,0.47418672
884509,0.8808766
884510,0.030016858
884511,0.9571449
884512,0.013858891
884513,0.0022746203
884514,0.6373734
884515,0.05457259
884516,0.008829583
884517,0.7157221
884518,0.9784196
884519,0.45628488
884520,0.8732599
884521,0.8244741
884522,0.8452452
884523,0.85810804
884524,0.050864663
884525,0.0229712
884526,0.10530681
884527,0.3685847
884528,0.11215638
884529,0.9570557
884530,0.98696
884531,0.9408646
884532,0.98397994
884533,0.73957086
884534,0.006884615
884535,0.005818676
884536,0.94613385
884537,0.9453542
884538,0.0055541066
884539,0.017957091
884540,0.020744437
884541,0.80983764
884542,0.33227855
884543,0.86504257
884544,0.010816218
884545,0.101515785
884546,0.0064958096
884547,0.89427507
884548,0.16918479
884549,0.9958024
884550,0.009899409
884551,0.99917567
884552,0.9520433
884553,0.0060666865
884554,0.1387915
884555,0.007728807
884556,0.02009693
884557,0.97113705
884558,0.26454508
884559,0.012934113
884560,0.02516001
884561,0.001706723
884562,0.32312545
884563,0.9507291
884564,0.075110674
884565,0.038437344
884566,0.7606178
884567,0.005562989
884568,0.9984039
884569,0.7032869
884570,0.4230091
884571,0.42402908
884572,0.005827751
884573,0.102745354
884574,0.015095187
884575,0.59530425
884576,0.60139996
884577,0.004010451
884578,0.20465332
884579,0.4497841
884580,0.10717672
884581,0.6484016
884582,0.91263354
884583,0.6958988
884584,0.79327786
884585,0.005984308
884586,0.9937235
884587,0.25486183
884588,0.6384159
884589,0.9872117
884590,0.029127091
884591,0.93906933
884592,0.9927789
884593,0.092653096
884594,0.018580373
884595,0.98031366
884596,0.01087133
884597,0.010375953
884598,0.17413288
884599,0.009357999
884600,0.9350332
884601,0.106122956
884602,0.99491435
884603,0.022408701
884604,0.019380225
884605,0.45494914
884606,0.5788649
884607,0.9954964
884608,0.015979536
884609,0.40665594
884610,0.1492103
884611,0.22501706
884612,0.056532964
884613,0.7224114
884614,0.0508734
884615,0.058244444
884616,0.8503231
884617,0.0067640385
884618,0.9697547
884619,0.6430124
884620,0.63693
884621,0.00478767
884622,0.023408983
884623,0.029365271
884624,0.062112488
884625,0.998016
884626,0.9960574
884627,0.99875593
884628,0.97493553
884629,0.26281178
884630,0.270809
884631,0.11056168
884632,0.024375744
884633,0.07662064
884634,0.07440463
884635,0.42355216
884636,0.033190526
884637,0.04260719
884638,0.8563112
884639,0.00887257
884640,0.9964156
884641,0.015000269
884642,0.6493549
884643,0.1078929
884644,0.1919859
884645,0.9707876
884646,0.99608326
884647,0.47672713
884648,0.9840486
884649,0.04102579
884650,0.020483315
884651,0.26862156
884652,0.03583365
884653,0.093429826
884654,0.9905127
884655,0.0360222
884656,0.6755171
884657,0.25947607
884658,0.33953884
884659,0.0018935282
884660,0.36315316
884661,0.8953238
884662,0.015914127
884663,0.018883953
884664,0.9840034
884665,0.9964771
884666,0.08173804
884667,0.3606414
884668,0.5876882
884669,0.1554992
884670,0.24033536
884671,0.9913142
884672,0.023738477
884673,0.14586668
884674,0.00049620034
884675,0.03254106
884676,0.8054115
884677,0.22612426
884678,0.13845295
884679,0.5810095
884680,0.018190004
884681,0.13354138
884682,0.87734973
884683,0.035560556
884684,0.05193814
884685,0.933625
884686,0.025792245
884687,0.10009392
884688,0.03091539
884689,0.9828203
884690,0.9864446
884691,0.11003803
884692,0.9978718
884693,0.5945642
884694,0.022334024
884695,0.99005306
884696,0.856408
884697,0.8096318
884698,0.9941169
884699,0.88174206
884700,0.09507048
884701,0.31202543
884702,0.8934186
884703,0.5480027
884704,0.1906341
884705,0.5841321
884706,0.005208024
884707,0.045100693
884708,0.9961299
884709,0.0007828272
884710,0.8847712
884711,0.057503045
884712,0.9854794
884713,0.9718179
884714,0.8616603
884715,0.089368954
884716,0.035466548
884717,0.017251331
884718,0.04005544
884719,0.90742534
884720,0.004539226
884721,0.29971963
884722,0.9430932
884723,0.79418284
884724,0.5434856
884725,0.0073185246
884726,0.01763041
884727,0.0690639
884728,0.7388207
884729,0.89546925
884730,0.93897015
884731,0.018808795
884732,0.024446024
884733,0.7288825
884734,0.86896735
884735,0.9801115
884736,0.0065844753
884737,0.052660808
884738,0.28858528
884739,0.004827076
884740,0.8728543
884741,0.0011027921
884742,0.2694462
884743,0.028812233
884744,0.10062502
884745,0.31250167
884746,0.981132
884747,0.04521032
884748,0.998498
884749,0.039612543
884750,0.01669704
884751,0.99397874
884752,0.9504675
884753,0.98898643
884754,0.8599527
884755,0.017361112
884756,0.94366705
884757,0.9826421
884758,0.013140187
884759,0.0037118352
884760,0.0046242555
884761,0.9737747
884762,0.9625393
884763,0.0129380785
884764,0.020317132
884765,0.9963963
884766,0.86026293
884767,0.056413986
884768,0.013115954
884769,0.00753985
884770,0.99744064
884771,0.05158033
884772,0.9972733
884773,0.9981045
884774,0.014263575
884775,0.08302741
884776,0.54012305
884777,0.112971045
884778,0.009983406
884779,0.01989434
884780,0.44436657
884781,0.99963987
884782,0.5156193
884783,0.7111057
884784,0.9683141
884785,0.073277116
884786,0.9614186
884787,0.42108014
884788,0.30049235
884789,0.9902527
884790,0.81202227
884791,0.7570942
884792,0.98713094
884793,0.55216336
884794,0.85380596
884795,0.997152
884796,0.9959747
884797,0.9915937
884798,0.099674135
884799,0.9869066
884800,0.0060483757
884801,0.58107567
884802,0.6930456
884803,0.9720655
884804,0.48611793
884805,0.080096886
884806,0.021991497
884807,0.16794959
884808,0.29648292
884809,0.99655986
884810,0.9943324
884811,0.93405175
884812,0.36865908
884813,0.6312655
884814,0.0077756885
884815,0.9994503
884816,0.9820856
884817,0.98364735
884818,0.96769094
884819,0.6615807
884820,0.0302223
884821,0.89523566
884822,0.02429542
884823,0.0072056605
884824,0.14639014
884825,0.8515133
884826,0.122957855
884827,0.46097717
884828,0.24491051
884829,0.003384965
884830,0.9660625
884831,0.9948154
884832,0.015619588
884833,0.37777215
884834,0.9587693
884835,0.006344526
884836,0.008910621
884837,0.8392794
884838,0.7905476
884839,0.9213135
884840,0.98280686
884841,0.01212394
884842,0.010095436
884843,0.016742919
884844,0.22318436
884845,0.027108794
884846,0.98973984
884847,0.99723244
884848,0.114520565
884849,0.3085936
884850,0.028667346
884851,0.029870912
884852,0.009160085
884853,0.2655146
884854,0.8105516
884855,0.27071118
884856,0.7837782
884857,0.0044264053
884858,0.21106334
884859,0.01512621
884860,0.9730085
884861,0.021439467
884862,0.028724821
884863,0.015831817
884864,0.078716286
884865,0.0040171077
884866,0.012310329
884867,0.101739295
884868,0.998334
884869,0.9399477
884870,0.0034577856
884871,0.006890057
884872,0.99763626
884873,0.88797903
884874,0.03556905
884875,0.983453
884876,0.22210304
884877,0.020673238
884878,0.99428916
884879,0.92896295
884880,0.24148265
884881,0.997049
884882,0.08974528
884883,0.07610672
884884,0.011355132
884885,0.83072674
884886,0.0024270946
884887,0.016846633
884888,0.029954517
884889,0.14389974
884890,0.144503
884891,0.029660001
884892,0.8748545
884893,0.03000737
884894,0.011583165
884895,0.31777638
884896,0.0022307425
884897,0.13961175
884898,0.61001563
884899,0.57922465
884900,0.47408104
884901,0.9871124
884902,0.9712975
884903,0.06607567
884904,0.98554265
884905,0.6089643
884906,0.30678502
884907,0.99262565
884908,0.99070996
884909,0.010037481
884910,0.021642629
884911,0.023284279
884912,0.94430256
884913,0.8329314
884914,0.68851984
884915,0.012955749
884916,0.12394815
884917,0.9974281
884918,0.015764937
884919,0.8582511
884920,0.5345545
884921,0.11795812
884922,0.964984
884923,0.022877187
884924,0.9980005
884925,0.007896239
884926,0.18886109
884927,0.002265547
884928,0.1889075
884929,0.52521354
884930,0.04488747
884931,0.9895637
884932,0.13166627
884933,0.33869106
884934,0.97067565
884935,0.99951714
884936,0.19636358
884937,0.31070974
884938,0.8949833
884939,0.99384
884940,0.22175013
884941,0.97739804
884942,0.013217937
884943,0.08772361
884944,0.9709781
884945,0.7475846
884946,0.009083359
884947,0.03178027
884948,0.03220099
884949,0.025655694
884950,0.002431056
884951,0.99144936
884952,0.052194603
884953,0.98602366
884954,0.30032915
884955,0.4909963
884956,0.9390232
884957,0.99164563
884958,0.9250915
884959,0.9986986
884960,0.17628776
884961,0.029530525
884962,0.005056247
884963,0.03982298
884964,0.0084267575
884965,0.97506356
884966,0.032724325
884967,0.68881106
884968,0.9054935
884969,0.025122708
884970,0.082148485
884971,0.99238086
884972,0.98412573
884973,0.93282473
884974,0.9728837
884975,0.82993096
884976,0.9970194
884977,0.9746964
884978,0.2516919
884979,0.1113228
884980,0.012462975
884981,0.053433634
884982,0.99011725
884983,0.021429539
884984,0.082572766
884985,0.3629926
884986,0.02262069
884987,0.03526852
884988,0.32497236
884989,0.008623691
884990,0.8732889
884991,0.29922804
884992,0.9692496
884993,0.037894942
884994,0.9917442
884995,0.9841561
884996,0.034530576
884997,0.046173483
884998,0.18547195
884999,0.03071444
885000,0.02239076
885001,0.7447283
885002,0.050879348
885003,0.9531341
885004,0.24297279
885005,0.0029158043
885006,0.97090685
885007,0.025344238
885008,0.0069033066
885009,0.9630089
885010,0.012702805
885011,0.87760764
885012,0.017242026
885013,0.22684763
885014,0.4559842
885015,0.180719
885016,0.037151292
885017,0.31625575
885018,0.47755122
885019,0.79864997
885020,0.09375012
885021,0.031227207
885022,0.9619027
885023,0.02738629
885024,0.010137858
885025,0.019364404
885026,0.9863474
885027,0.99539346
885028,0.97678506
885029,0.2836779
885030,0.9951919
885031,0.42879784
885032,0.11459771
885033,0.07849922
885034,0.16481112
885035,0.02089145
885036,0.9280407
885037,0.01513672
885038,0.02055317
885039,0.008328367
885040,0.34665483
885041,0.9572178
885042,0.011476223
885043,0.6274464
885044,0.9384345
885045,0.47270876
885046,0.02489964
885047,0.010516621
885048,0.8035643
885049,0.021296853
885050,0.010037487
885051,0.44635352
885052,0.29897034
885053,0.89040047
885054,0.19143766
885055,0.9358673
885056,0.012135563
885057,0.9784909
885058,0.00808045
885059,0.034732446
885060,0.12456806
885061,0.34044927
885062,0.36108077
885063,0.98924375
885064,0.40126967
885065,0.9611578
885066,0.9914967
885067,0.0069469637
885068,0.041546814
885069,0.01166892
885070,0.9406149
885071,0.01695067
885072,0.95824754
885073,0.60907626
885074,0.021907046
885075,0.9965155
885076,0.950958
885077,0.98407346
885078,0.9826354
885079,0.00968202
885080,0.0019949665
885081,0.77356887
885082,0.9464495
885083,0.98483217
885084,0.019144513
885085,0.9840614
885086,0.39930716
885087,0.2673846
885088,0.02192105
885089,0.96098775
885090,0.99668723
885091,0.004971535
885092,0.4933135
885093,0.91345525
885094,0.9891312
885095,0.9154825
885096,0.2543352
885097,0.57274866
885098,0.016773779
885099,0.9867379
885100,0.8946395
885101,0.9784817
885102,0.07469698
885103,0.8789645
885104,0.9929881
885105,0.90821725
885106,0.030191105
885107,0.9973561
885108,0.4935722
885109,0.945481
885110,0.45763355
885111,0.70811415
885112,0.016154129
885113,0.9957839
885114,0.9985261
885115,0.804951
885116,0.8603157
885117,0.00948847
885118,0.025773188
885119,0.12552112
885120,0.96111476
885121,0.567035
885122,0.020909183
885123,0.010558555
885124,0.75462425
885125,0.052428544
885126,0.9035585
885127,0.12717737
885128,0.749106
885129,0.9490167
885130,0.9839841
885131,0.06991279
885132,0.75075424
885133,0.015055725
885134,0.99419326
885135,0.997758
885136,0.97400266
885137,0.99694073
885138,0.0020145949
885139,0.9804455
885140,0.8307129
885141,0.99193925
885142,0.9033376
885143,0.028711032
885144,0.108450845
885145,0.8304572
885146,0.9953307
885147,0.98113436
885148,0.6699253
885149,0.65503186
885150,0.0077810623
885151,0.009625135
885152,0.022799226
885153,0.6664789
885154,0.85695267
885155,0.98279256
885156,0.9513738
885157,0.9522752
885158,0.98359513
885159,0.9958131
885160,0.5618724
885161,0.92420053
885162,0.0134936245
885163,0.93665475
885164,0.024764128
885165,0.4158638
885166,0.9892692
885167,0.944288
885168,0.08074272
885169,0.05816194
885170,0.043755446
885171,0.08748451
885172,0.5698399
885173,0.53301615
885174,0.78489876
885175,0.27443916
885176,0.9393916
885177,0.9626675
885178,0.12735733
885179,0.024739921
885180,0.021314511
885181,0.99706155
885182,0.023348533
885183,0.99579597
885184,0.9489831
885185,0.8719585
885186,0.108817816
885187,0.04517322
885188,0.1855377
885189,0.70698106
885190,0.98768526
885191,0.9593524
885192,0.79048723
885193,0.013491275
885194,0.78173417
885195,0.8828844
885196,0.0060886294
885197,0.45580488
885198,0.24975416
885199,0.8890276
885200,0.13194369
885201,0.95024616
885202,0.8992888
885203,0.5320664
885204,0.52888405
885205,0.99321914
885206,0.96019435
885207,0.9854608
885208,0.92229944
885209,0.042645037
885210,0.024982655
885211,0.99706995
885212,0.06063006
885213,0.06881999
885214,0.02146244
885215,0.9224577
885216,0.100583434
885217,0.05040864
885218,0.21039823
885219,0.92576516
885220,0.52621573
885221,0.0068952325
885222,0.47694558
885223,0.09333186
885224,0.980664
885225,0.006701552
885226,0.062712446
885227,0.20810631
885228,0.6853095
885229,0.04210391
885230,0.016849123
885231,0.940243
885232,0.9865288
885233,0.008314805
885234,0.19179282
885235,0.9989701
885236,0.49808565
885237,0.0196627
885238,0.008233502
885239,0.026698932
885240,0.07005115
885241,0.98812515
885242,0.027959645
885243,0.006176847
885244,0.6492306
885245,0.008122338
885246,0.02076924
885247,0.027914435
885248,0.17485204
885249,0.9401
885250,0.035543673
885251,0.8333474
885252,0.11435099
885253,0.0074052033
885254,0.1880666
885255,0.14114447
885256,0.20123956
885257,0.007923411
885258,0.027162801
885259,0.50662065
885260,0.8663666
885261,0.25624722
885262,0.81695455
885263,0.7226401
885264,0.16388436
885265,0.027362484
885266,0.49290007
885267,0.9735931
885268,0.063325316
885269,0.777768
885270,0.016559154
885271,0.7597156
885272,0.0042583393
885273,0.38804156
885274,0.98501396
885275,0.30971044
885276,0.046419382
885277,0.94595504
885278,0.015568657
885279,0.8270404
885280,0.8627717
885281,0.9951291
885282,0.9178977
885283,0.14899112
885284,0.3352247
885285,0.06441021
885286,0.0047067422
885287,0.9934488
885288,0.9228071
885289,0.1281837
885290,0.99459255
885291,0.02908225
885292,0.9960933
885293,0.7718167
885294,0.6521534
885295,0.009185653
885296,0.15555124
885297,0.9612776
885298,0.014529953
885299,0.77528757
885300,0.03792837
885301,0.96370983
885302,0.010248568
885303,0.5136845
885304,0.7765869
885305,0.8800736
885306,0.03408902
885307,0.0067051924
885308,0.960246
885309,0.9769755
885310,0.99877465
885311,0.6790936
885312,0.989357
885313,0.9869656
885314,0.012144708
885315,0.980354
885316,0.99401647
885317,0.97123146
885318,0.99952066
885319,0.09755644
885320,0.8107715
885321,0.96030843
885322,0.9734179
885323,0.15690038
885324,0.99499094
885325,0.99024093
885326,0.023174137
885327,0.12758556
885328,0.96637136
885329,0.0005098986
885330,0.28097507
885331,0.9970838
885332,0.0048623434
885333,0.051082075
885334,0.9667851
885335,0.006967919
885336,0.050672192
885337,0.9683939
885338,0.92399675
885339,0.99303627
885340,0.03657306
885341,0.9743811
885342,0.07319693
885343,0.99727404
885344,0.015429458
885345,0.008918779
885346,0.99526507
885347,0.03837039
885348,0.9967362
885349,0.25691235
885350,0.100495435
885351,0.05894825
885352,0.053763606
885353,0.9154763
885354,0.017865863
885355,0.6267263
885356,0.88112307
885357,0.011793956
885358,0.9174397
885359,0.7669591
885360,0.9728033
885361,0.01678256
885362,0.124462746
885363,0.020330468
885364,0.08485188
885365,0.008476991
885366,0.02110914
885367,0.007214434
885368,0.67926997
885369,0.8502978
885370,0.009719866
885371,0.015592817
885372,0.81657946
885373,0.0072872266
885374,0.039249524
885375,0.3791219
885376,0.9796579
885377,0.9892974
885378,0.5346224
885379,0.4225557
885380,0.044238962
885381,0.9542206
885382,0.111907184
885383,0.9876174
885384,0.9316206
885385,0.0014218768
885386,0.050927706
885387,0.13953641
885388,0.03543239
885389,0.7220659
885390,0.0449643
885391,0.15571342
885392,0.9061502
885393,0.93813485
885394,0.9994019
885395,0.006478908
885396,0.112284414
885397,0.7181944
885398,0.010672884
885399,0.9937276
885400,0.85297227
885401,0.00581756
885402,0.011971157
885403,0.021913812
885404,0.962356
885405,0.055340767
885406,0.9948895
885407,0.9754794
885408,0.16843693
885409,0.040496398
885410,0.62967694
885411,0.019688549
885412,0.25921434
885413,0.46064913
885414,0.61931944
885415,0.0006183317
885416,0.22560102
885417,0.22666922
885418,0.9957067
885419,0.99940777
885420,0.8460641
885421,0.014856936
885422,0.04711404
885423,0.011549281
885424,0.698926
885425,0.0072787856
885426,0.004931779
885427,0.009316411
885428,0.98545635
885429,0.9866657
885430,0.9747022
885431,0.08935102
885432,0.02593632
885433,0.6408879
885434,0.5279276
885435,0.96339285
885436,0.06637153
885437,0.40214962
885438,0.0010086943
885439,0.02352105
885440,0.17836082
885441,0.652959
885442,0.09430282
885443,0.9881516
885444,0.17189354
885445,0.029780589
885446,0.34909606
885447,0.005391708
885448,0.017062474
885449,0.62823933
885450,0.031035699
885451,0.9596969
885452,0.014660827
885453,0.93730134
885454,0.9297788
885455,0.8359234
885456,0.45954633
885457,0.016205227
885458,0.5871876
885459,0.13931707
885460,0.07351834
885461,0.2051518
885462,0.9301946
885463,0.8845075
885464,0.14700788
885465,0.84666085
885466,0.3618582
885467,0.0496497
885468,0.028651487
885469,0.9133397
885470,0.104583085
885471,0.90519893
885472,0.014062836
885473,0.9777894
885474,0.87709296
885475,0.9717727
885476,0.5816319
885477,0.99150443
885478,0.84064305
885479,0.04300362
885480,0.056876644
885481,0.8712341
885482,0.96381056
885483,0.36232203
885484,0.9461898
885485,0.0387997
885486,0.06340748
885487,0.47888395
885488,0.9924042
885489,0.08909873
885490,0.98624945
885491,0.98923284
885492,0.41218266
885493,0.97423166
885494,0.8544684
885495,0.01758074
885496,0.028454814
885497,0.84939605
885498,0.04341004
885499,0.30670923
885500,0.13444686
885501,0.026883362
885502,0.9670477
885503,0.9552597
885504,0.9591375
885505,0.17142297
885506,0.04570211
885507,0.010733901
885508,0.9225835
885509,0.9601867
885510,0.18658969
885511,0.8036265
885512,0.0057488596
885513,0.56292087
885514,0.8962093
885515,0.21373427
885516,0.05159232
885517,0.014255087
885518,0.19364747
885519,0.016000614
885520,0.6431854
885521,0.10967677
885522,0.004397907
885523,0.9597117
885524,0.74230736
885525,0.05386667
885526,0.0008020371
885527,0.99695927
885528,0.99390304
885529,0.054846562
885530,0.6119619
885531,0.040784784
885532,0.94465464
885533,0.25688463
885534,0.017324349
885535,0.9381801
885536,0.6547012
885537,0.007888509
885538,0.004044153
885539,0.9986761
885540,0.94802415
885541,0.99494874
885542,0.9366514
885543,0.0067574363
885544,0.038295925
885545,0.27041382
885546,0.551759
885547,0.629518
885548,0.026739908
885549,0.2760442
885550,0.18868853
885551,0.34479994
885552,0.4665383
885553,0.17501557
885554,0.73262644
885555,0.3518474
885556,0.18065864
885557,0.04932955
885558,0.8262019
885559,0.008265686
885560,0.9951067
885561,0.045613468
885562,0.19304755
885563,0.95132345
885564,0.99812245
885565,0.18603975
885566,0.64178395
885567,0.997887
885568,0.49210358
885569,0.6225388
885570,0.7486378
885571,0.9951815
885572,0.45200598
885573,0.12464076
885574,0.61618286
885575,0.014640566
885576,0.016558826
885577,0.033042498
885578,0.016636595
885579,0.017060325
885580,0.039258856
885581,0.057767328
885582,0.0016611853
885583,0.027693773
885584,0.752272
885585,0.06672856
885586,0.0043543903
885587,0.104593284
885588,0.523172
885589,0.9518401
885590,0.98850435
885591,0.56289417
885592,0.0904921
885593,0.0075281276
885594,0.3327551
885595,0.053860143
885596,0.7088275
885597,0.18980524
885598,0.99851894
885599,0.9774959
885600,0.45693347
885601,0.20448129
885602,0.0639368
885603,0.9625714
885604,0.01760756
885605,0.87624353
885606,0.81100446
885607,0.7864641
885608,0.9734942
885609,0.802639
885610,0.99171406
885611,0.002912971
885612,0.7834997
885613,0.9611466
885614,0.8405142
885615,0.94691014
885616,0.9864072
885617,0.011979704
885618,0.053843096
885619,0.99546945
885620,0.12462664
885621,0.041899018
885622,0.0088969
885623,0.9498358
885624,0.002217965
885625,0.9719778
885626,0.011707716
885627,0.0079786
885628,0.0411333
885629,0.0077777766
885630,0.026735852
885631,0.96618
885632,0.9946131
885633,0.26546416
885634,0.011519995
885635,0.09068209
885636,0.023901679
885637,0.4274456
885638,0.011935225
885639,0.0035568846
885640,0.9150814
885641,0.0024930232
885642,0.020688258
885643,0.07009464
885644,0.96412027
885645,0.95123804
885646,0.7749557
885647,0.2118147
885648,0.9589628
885649,0.7098024
885650,0.8964235
885651,0.008099303
885652,0.3591293
885653,0.025427755
885654,0.9931979
885655,0.22513953
885656,0.07519082
885657,0.2779052
885658,0.22672516
885659,0.9945111
885660,0.0072953776
885661,0.8868594
885662,0.10714491
885663,0.31825724
885664,0.91271776
885665,0.2069036
885666,0.46475655
885667,0.9685664
885668,0.0014388709
885669,0.022192273
885670,0.6486701
885671,0.7452725
885672,0.014012901
885673,0.99553263
885674,0.9878862
885675,0.01732616
885676,0.0058146375
885677,0.9915615
885678,0.6051117
885679,0.04784409
885680,0.99365574
885681,0.96840924
885682,0.09519257
885683,0.09658128
885684,0.99124706
885685,0.06399114
885686,0.11673578
885687,0.19307087
885688,0.99746203
885689,0.02805132
885690,0.2416227
885691,0.20270503
885692,0.009313543
885693,0.07914284
885694,0.72173584
885695,0.058583546
885696,0.92576563
885697,0.44379145
885698,0.8219062
885699,0.99929184
885700,0.121617
885701,0.0027324294
885702,0.026322195
885703,0.018291198
885704,0.41533998
885705,0.05185796
885706,0.19453931
885707,0.9077816
885708,0.008407555
885709,0.9991586
885710,0.95661396
885711,0.0070339506
885712,0.95451254
885713,0.0043539517
885714,0.35260946
885715,0.9699758
885716,0.011988948
885717,0.31833085
885718,0.52644074
885719,0.5671841
885720,0.9045621
885721,0.87187123
885722,0.010380552
885723,0.00665869
885724,0.87589455
885725,0.020123957
885726,0.513024
885727,0.05845119
885728,0.015767502
885729,0.8915742
885730,0.9623629
885731,0.003516256
885732,0.0022861783
885733,0.017724052
885734,0.85526633
885735,0.06895924
885736,0.0065450864
885737,0.9728081
885738,0.98366535
885739,0.8046988
885740,0.012620605
885741,0.9488408
885742,0.9813492
885743,0.03624037
885744,0.06374343
885745,0.0073769013
885746,0.9680307
885747,0.0019717223
885748,0.99737394
885749,0.97479135
885750,0.99044937
885751,0.04385875
885752,0.010936349
885753,0.5851471
885754,0.11570984
885755,0.17069444
885756,0.05738492
885757,0.9542018
885758,0.9853781
885759,0.0035374768
885760,0.21943666
885761,0.009849506
885762,0.9347362
885763,0.09210372
885764,0.0052992897
885765,0.6178423
885766,0.9877729
885767,0.041257307
885768,0.96915185
885769,0.2203336
885770,0.96546215
885771,0.0038495734
885772,0.008601135
885773,0.8892913
885774,0.55497986
885775,0.83835465
885776,0.045306526
885777,0.19423482
885778,0.0034709848
885779,0.6773339
885780,0.006921079
885781,0.9625447
885782,0.97924805
885783,0.34201902
885784,0.011989087
885785,0.016597457
885786,0.91883594
885787,0.03505522
885788,0.017556239
885789,0.91757894
885790,0.016151365
885791,0.010578925
885792,0.28089908
885793,0.8066909
885794,0.013062795
885795,0.5990206
885796,0.0044690603
885797,0.34059978
885798,0.0587688
885799,0.029499168
885800,0.015588889
885801,0.5436981
885802,0.011879133
885803,0.98044586
885804,0.10705397
885805,0.027452499
885806,0.4619877
885807,0.0050079124
885808,0.04001154
885809,0.9687473
885810,0.011553703
885811,0.007848025
885812,0.9934466
885813,0.018111803
885814,0.8635858
885815,0.19732417
885816,0.90862846
885817,0.25995743
885818,0.0019920827
885819,0.78245634
885820,0.9057222
885821,0.6215555
885822,0.024215478
885823,0.026408814
885824,0.49632865
885825,0.054632597
885826,0.12926786
885827,0.75679773
885828,0.8145069
885829,0.99812967
885830,0.061995246
885831,0.005813963
885832,0.0873363
885833,0.70203257
885834,0.0181981
885835,0.10480866
885836,0.3390035
885837,0.98922247
885838,0.8134944
885839,0.48248446
885840,0.9834275
885841,0.9592513
885842,0.62317795
885843,0.012914796
885844,0.005232379
885845,0.8883313
885846,0.051757094
885847,0.024038926
885848,0.870775
885849,0.005484263
885850,0.99464726
885851,0.9529792
885852,0.9877591
885853,0.97504085
885854,0.012451946
885855,0.9638119
885856,0.089429334
885857,0.033962093
885858,0.6440256
885859,0.28956747
885860,0.102311514
885861,0.9237675
885862,0.30857512
885863,0.0025111104
885864,0.99368703
885865,0.8614069
885866,0.97377956
885867,0.90821254
885868,0.9612421
885869,0.056216873
885870,0.95029414
885871,0.9806856
885872,0.9848555
885873,0.3307401
885874,0.04956422
885875,0.27476546
885876,0.03621185
885877,0.9994244
885878,0.9648412
885879,0.016183473
885880,0.9612056
885881,0.7827376
885882,0.14612561
885883,0.9966605
885884,0.9754761
885885,0.9646647
885886,0.10326093
885887,0.868638
885888,0.44999513
885889,0.99762875
885890,0.84801996
885891,0.02560392
885892,0.7902004
885893,0.016683558
885894,0.9463888
885895,0.38486624
885896,0.14193726
885897,0.0023792041
885898,0.079493344
885899,0.95211124
885900,0.01434019
885901,0.9131677
885902,0.86943805
885903,0.049248107
885904,0.83302
885905,0.81912947
885906,0.84632736
885907,0.7953738
885908,0.9977538
885909,0.00434771
885910,0.17574382
885911,0.008186501
885912,0.030721523
885913,0.18447101
885914,0.0027648502
885915,0.012325942
885916,0.012001946
885917,0.13770369
885918,0.15710478
885919,0.00783495
885920,0.9974
885921,0.018204287
885922,0.98886895
885923,0.9953934
885924,0.0040826173
885925,0.98705626
885926,0.022766149
885927,0.5134766
885928,0.191971
885929,0.9790413
885930,0.92215145
885931,0.9964076
885932,0.006298312
885933,0.15247396
885934,0.9867022
885935,0.016900124
885936,0.84529877
885937,0.0036926966
885938,0.14070502
885939,0.9979925
885940,0.99771386
885941,0.9866002
885942,0.013714384
885943,0.019980494
885944,0.9747262
885945,0.018143538
885946,0.099234015
885947,0.9947771
885948,0.12201924
885949,0.9723704
885950,0.7012802
885951,0.05314585
885952,0.052442484
885953,0.99302334
885954,0.95580465
885955,0.013248339
885956,0.9898156
885957,0.0037868188
885958,0.34702277
885959,0.050077938
885960,0.027377505
885961,0.006371174
885962,0.97272176
885963,0.04197161
885964,0.032032937
885965,0.013622965
885966,0.048332207
885967,0.025750356
885968,0.93178445
885969,0.87856925
885970,0.014664294
885971,0.96734536
885972,0.0550856
885973,0.9953966
885974,0.012784855
885975,0.66721725
885976,0.008208857
885977,0.9939052
885978,0.0077523976
885979,0.9051483
885980,0.86806417
885981,0.012246514
885982,0.15446347
885983,0.1891675
885984,0.021451367
885985,0.0116868075
885986,0.029261002
885987,0.0033375917
885988,0.9979488
885989,0.2838536
885990,0.9953595
885991,0.5826454
885992,0.0070032096
885993,0.023214903
885994,0.5370703
885995,0.23898509
885996,0.13246754
885997,0.984493
885998,0.027400509
885999,0.011092089
886000,0.95136154
886001,0.009426129
886002,0.02245398
886003,0.20310146
886004,0.013811036
886005,0.99385476
886006,0.9747707
886007,0.98436356
886008,0.84347403
886009,0.0084181605
886010,0.056209143
886011,0.0130224945
886012,0.8487573
886013,0.08630328
886014,0.05951532
886015,0.8840339
886016,0.7216039
886017,0.0033115095
886018,0.9225701
886019,0.9482056
886020,0.12920399
886021,0.86337954
886022,0.72390544
886023,0.39122844
886024,0.9917686
886025,0.7721378
886026,0.025449803
886027,0.161995
886028,0.7456974
886029,0.9759614
886030,0.23608722
886031,0.814631
886032,0.9818574
886033,0.6266717
886034,0.9714057
886035,0.9981316
886036,0.2737882
886037,0.13962515
886038,0.44450235
886039,0.033504162
886040,0.60940087
886041,0.9902321
886042,0.7899236
886043,0.045058936
886044,0.256078
886045,0.28352532
886046,0.97943175
886047,0.2928288
886048,0.009694744
886049,0.2355663
886050,0.9777345
886051,0.9215468
886052,0.13287176
886053,0.13764767
886054,0.836311
886055,0.9945744
886056,0.17111814
886057,0.087229684
886058,0.07122851
886059,0.9789855
886060,0.015416747
886061,0.9881834
886062,0.962365
886063,0.95815986
886064,0.4903581
886065,0.5914878
886066,0.6489185
886067,0.998804
886068,0.014275238
886069,0.9734714
886070,0.64277476
886071,0.24604547
886072,0.9911741
886073,0.08994887
886074,0.99397534
886075,0.00405119
886076,0.7660516
886077,0.089964464
886078,0.007900205
886079,0.013244985
886080,0.4465385
886081,0.016382944
886082,0.9852798
886083,0.030571593
886084,0.98320556
886085,0.99813914
886086,0.013933058
886087,0.03819634
886088,0.078986384
886089,0.15274295
886090,0.02958131
886091,0.00916254
886092,0.030433645
886093,0.14277211
886094,0.6118113
886095,0.17513147
886096,0.0016668786
886097,0.014135158
886098,0.0022484846
886099,0.99554485
886100,0.008938647
886101,0.9973766
886102,0.041265614
886103,0.057656787
886104,0.6978117
886105,0.19520068
886106,0.99913555
886107,0.97459865
886108,0.16535653
886109,0.9988433
886110,0.03865837
886111,0.94754446
886112,0.95917636
886113,0.31222132
886114,0.00848816
886115,0.120041534
886116,0.96072614
886117,0.16160718
886118,0.12821874
886119,0.56736517
886120,0.99563265
886121,0.03648403
886122,0.8829553
886123,0.03698639
886124,0.9338827
886125,0.96574295
886126,0.13320774
886127,0.9787109
886128,0.6137431
886129,0.9819516
886130,0.5379462
886131,0.2438864
886132,0.19818652
886133,0.71269953
886134,0.06610237
886135,0.936543
886136,0.98509955
886137,0.22940719
886138,0.23259808
886139,0.0760601
886140,0.0076130913
886141,0.9879479
886142,0.009666535
886143,0.10334128
886144,0.99220204
886145,0.044384144
886146,0.9368396
886147,0.0042956276
886148,0.8333514
886149,0.06921039
886150,0.06884808
886151,0.9232487
886152,0.99070746
886153,0.9127096
886154,0.9916992
886155,0.9775144
886156,0.084540546
886157,0.19269457
886158,0.028795615
886159,0.43316534
886160,0.96673054
886161,0.3897365
886162,0.053012718
886163,0.0982893
886164,0.8638972
886165,0.11942219
886166,0.5025212
886167,0.24038443
886168,0.18000881
886169,0.94332594
886170,0.15410282
886171,0.99328077
886172,0.28825134
886173,0.015311012
886174,0.017879922
886175,0.99175113
886176,0.022997253
886177,0.59972227
886178,0.041958846
886179,0.0077746543
886180,0.01645113
886181,0.112103835
886182,0.0073321667
886183,0.89817274
886184,0.2865349
886185,0.28189602
886186,0.063466825
886187,0.060843654
886188,0.9931607
886189,0.7405267
886190,0.005280455
886191,0.96434546
886192,0.9981111
886193,0.76539016
886194,0.9930866
886195,0.033702113
886196,0.9115285
886197,0.013510014
886198,0.0036050524
886199,0.059919592
886200,0.6159741
886201,0.98843646
886202,0.08305496
886203,0.24388649
886204,0.14335144
886205,0.14377005
886206,0.02101544
886207,0.012041562
886208,0.9973575
886209,0.004819402
886210,0.0049578445
886211,0.10161932
886212,0.96345854
886213,0.9263992
886214,0.42411765
886215,0.049374733
886216,0.74953127
886217,0.9393197
886218,0.9988541
886219,0.028929066
886220,0.8156764
886221,0.07337917
886222,0.5117811
886223,0.09503255
886224,0.97203773
886225,0.990271
886226,0.17908922
886227,0.97994226
886228,0.82559514
886229,0.047874257
886230,0.5612185
886231,0.99164414
886232,0.006835574
886233,0.7825556
886234,0.10259734
886235,0.12368804
886236,0.5770308
886237,0.11493648
886238,0.85742
886239,0.02220909
886240,0.06390648
886241,0.25195557
886242,0.9572266
886243,0.6712278
886244,0.008264913
886245,0.43356663
886246,0.8601092
886247,0.068464465
886248,0.99668247
886249,0.004171987
886250,0.9969979
886251,0.16881934
886252,0.99526995
886253,0.06186826
886254,0.99224555
886255,0.97628355
886256,0.8758262
886257,0.9914178
886258,0.7859224
886259,0.09141079
886260,0.8426375
886261,0.74692917
886262,0.19580558
886263,0.99430424
886264,0.9967244
886265,0.9273162
886266,0.9906022
886267,0.0331561
886268,0.04746978
886269,0.6040393
886270,0.28712827
886271,0.010589585
886272,0.8958543
886273,0.009334767
886274,0.1450431
886275,0.96110505
886276,0.81195194
886277,0.9935993
886278,0.9868225
886279,0.43523943
886280,0.16201419
886281,0.8777709
886282,0.9706874
886283,0.8241302
886284,0.019257043
886285,0.024867125
886286,0.25460586
886287,0.76308113
886288,0.029804174
886289,0.99623364
886290,0.003261908
886291,0.96784985
886292,0.970917
886293,0.0032597133
886294,0.9594969
886295,0.02933978
886296,0.026442785
886297,0.07272448
886298,0.99696577
886299,0.060424898
886300,0.13510215
886301,0.69051474
886302,0.09288808
886303,0.10840364
886304,0.14010072
886305,0.020572882
886306,0.010659299
886307,0.25765604
886308,0.0050300104
886309,0.06603524
886310,0.57546246
886311,0.6228534
886312,0.99962926
886313,0.025933657
886314,0.003624336
886315,0.94371724
886316,0.19601612
886317,0.0739142
886318,0.8764813
886319,0.01873453
886320,0.5259551
886321,0.035473943
886322,0.57898223
886323,0.6211363
886324,0.89428765
886325,0.010507786
886326,0.02044354
886327,0.8936018
886328,0.32705924
886329,0.999232
886330,0.006675401
886331,0.9947228
886332,0.34846407
886333,0.99343777
886334,0.01523941
886335,0.08443482
886336,0.95467025
886337,0.97598934
886338,0.024620548
886339,0.9318935
886340,0.010961741
886341,0.03637692
886342,0.9625851
886343,0.05401972
886344,0.77608347
886345,0.055556096
886346,0.0038773185
886347,0.0091689695
886348,0.98385787
886349,0.99849886
886350,0.9961532
886351,0.7080785
886352,0.122324385
886353,0.95197487
886354,0.18771005
886355,0.976144
886356,0.99965596
886357,0.026591687
886358,0.034408346
886359,0.88578093
886360,0.011163825
886361,0.573675
886362,0.23587832
886363,0.148072
886364,0.9773739
886365,0.903937
886366,0.05201477
886367,0.68919224
886368,0.96602863
886369,0.97702736
886370,0.93193126
886371,0.0005723756
886372,0.98849136
886373,0.76796997
886374,0.005629625
886375,0.79579455
886376,0.037954804
886377,0.005232753
886378,0.752564
886379,0.04775695
886380,0.91305304
886381,0.4930878
886382,0.004386989
886383,0.16034013
886384,0.04629481
886385,0.16603917
886386,0.036164824
886387,0.05643621
886388,0.020988893
886389,0.03713257
886390,0.99000823
886391,0.0052168015
886392,0.8107206
886393,0.98806226
886394,0.9971372
886395,0.98017
886396,0.5876017
886397,0.94684017
886398,0.01537797
886399,0.8110997
886400,0.09696699
886401,0.87834644
886402,0.07620415
886403,0.003255323
886404,0.080913246
886405,0.033981524
886406,0.029906299
886407,0.0057716765
886408,0.9747655
886409,0.012483889
886410,0.802672
886411,0.0063774623
886412,0.97117597
886413,0.8086193
886414,0.006324815
886415,0.011494372
886416,0.7890202
886417,0.90872455
886418,0.015791189
886419,0.047810532
886420,0.93894476
886421,0.53692186
886422,0.007755826
886423,0.9472874
886424,0.99340576
886425,0.99612343
886426,0.99485976
886427,0.112463824
886428,0.9674014
886429,0.054604772
886430,0.12998924
886431,0.9812968
886432,0.9871029
886433,0.10446931
886434,0.99674916
886435,0.03031639
886436,0.67938346
886437,0.8229172
886438,0.99358857
886439,0.034606688
886440,0.1507623
886441,0.0029583222
886442,0.007531467
886443,0.8845768
886444,0.05976252
886445,0.016295755
886446,0.40176827
886447,0.47738153
886448,0.002336293
886449,0.25553897
886450,0.0016904942
886451,0.92729056
886452,0.17292224
886453,0.011822537
886454,0.0073180683
886455,0.8573127
886456,0.85657096
886457,0.9856858
886458,0.9745985
886459,0.9908353
886460,0.007185824
886461,0.99721766
886462,0.21220656
886463,0.10865696
886464,0.2814674
886465,0.072333485
886466,0.009332961
886467,0.99697393
886468,0.053531103
886469,0.9768986
886470,0.9350785
886471,0.98629344
886472,0.988083
886473,0.9953461
886474,0.13786423
886475,0.010980153
886476,0.96739244
886477,0.020058151
886478,0.9861524
886479,0.783503
886480,0.03846338
886481,0.91460526
886482,0.97620577
886483,0.32981235
886484,0.014239605
886485,0.0034211266
886486,0.14284773
886487,0.951485
886488,0.17353281
886489,0.7438577
886490,0.047217112
886491,0.11497401
886492,0.88134456
886493,0.011382917
886494,0.22246523
886495,0.001345118
886496,0.9624281
886497,0.036089506
886498,0.7177243
886499,0.9930287
886500,0.022051787
886501,0.1755678
886502,0.102320604
886503,0.98183596
886504,0.7911758
886505,0.066041164
886506,0.12107365
886507,0.9199694
886508,0.62598777
886509,0.03341473
886510,0.5920551
886511,0.99536467
886512,0.892363
886513,0.9407034
886514,0.08978732
886515,0.08931622
886516,0.97252077
886517,0.8488959
886518,0.18626653
886519,0.0021496415
886520,0.29113972
886521,0.99955165
886522,0.0022224735
886523,0.9567711
886524,0.007803671
886525,0.034502704
886526,0.87071985
886527,0.086108476
886528,0.03782746
886529,0.025825448
886530,0.9182882
886531,0.9963435
886532,0.103689045
886533,0.013442174
886534,0.27298057
886535,0.331312
886536,0.0126052685
886537,0.77596396
886538,0.40095946
886539,0.016375324
886540,0.02092375
886541,0.019382957
886542,0.9818883
886543,0.9888748
886544,0.7300282
886545,0.55359375
886546,0.78117025
886547,0.015217025
886548,0.0018984198
886549,0.16911177
886550,0.60066915
886551,0.9883872
886552,0.79498655
886553,0.96162003
886554,0.044222802
886555,0.060247574
886556,0.07812059
886557,0.594492
886558,0.7465976
886559,0.9481121
886560,0.005050581
886561,0.006874726
886562,0.9861183
886563,0.9556548
886564,0.7011441
886565,0.011106949
886566,0.94716686
886567,0.050396647
886568,0.0025906698
886569,0.86546826
886570,0.75558734
886571,0.017835358
886572,0.06322987
886573,0.9474829
886574,0.98891217
886575,0.32531494
886576,0.008183027
886577,0.9977561
886578,0.21063349
886579,0.11841737
886580,0.8619128
886581,0.02164208
886582,0.07856396
886583,0.02659405
886584,0.08506295
886585,0.2843489
886586,0.026158126
886587,0.009500643
886588,0.98956436
886589,0.0030272272
886590,0.007288832
886591,0.99149895
886592,0.97149974
886593,0.04087428
886594,0.039949916
886595,0.98035324
886596,0.24754922
886597,0.023015823
886598,0.97306776
886599,0.18264093
886600,0.19732219
886601,0.9524169
886602,0.8899858
886603,0.96341777
886604,0.4041622
886605,0.94512886
886606,0.76439047
886607,0.5384432
886608,0.7728456
886609,0.3427329
886610,0.89151216
886611,0.009572864
886612,0.8715242
886613,0.9975179
886614,0.011215444
886615,0.015657993
886616,0.40956098
886617,0.49989337
886618,0.990799
886619,0.9716971
886620,0.36748418
886621,0.9969549
886622,0.020971885
886623,0.056538988
886624,0.9930351
886625,0.90949523
886626,0.8813138
886627,0.630025
886628,0.8066642
886629,0.011785632
886630,0.7308152
886631,0.29569417
886632,0.98950756
886633,0.004994208
886634,0.007386603
886635,0.49586964
886636,0.0405788
886637,0.9884411
886638,0.020794248
886639,0.011449939
886640,0.0068948027
886641,0.051643975
886642,0.09973174
886643,0.58549494
886644,0.0041605853
886645,0.034396514
886646,0.9042658
886647,0.32358184
886648,0.88383913
886649,0.72146297
886650,0.7113465
886651,0.6549572
886652,0.0096047055
886653,0.3482508
886654,0.83762
886655,0.014438156
886656,0.027419783
886657,0.92285466
886658,0.023381729
886659,0.23830768
886660,0.0481603
886661,0.052213356
886662,0.96560824
886663,0.0026996115
886664,0.028736284
886665,0.6541641
886666,0.015886309
886667,0.16253525
886668,0.060060725
886669,0.004470611
886670,0.65626776
886671,0.014740919
886672,0.12103495
886673,0.9913869
886674,0.009818856
886675,0.047977723
886676,0.50379986
886677,0.0131690735
886678,0.94853556
886679,0.04781541
886680,0.6765001
886681,0.99793077
886682,0.010327547
886683,0.0045931833
886684,0.027474942
886685,0.014157339
886686,0.9891521
886687,0.9972586
886688,0.15542895
886689,0.22957605
886690,0.07395109
886691,0.019298065
886692,0.9943406
886693,0.8135742
886694,0.637784
886695,0.03167046
886696,0.014045843
886697,0.42739373
886698,0.9887946
886699,0.95952004
886700,0.27581358
886701,0.96253836
886702,0.013151844
886703,0.065250196
886704,0.010296293
886705,0.81828666
886706,0.03567513
886707,0.07250379
886708,0.1333116
886709,0.028694507
886710,0.51522124
886711,0.28669658
886712,0.8049225
886713,0.0043070726
886714,0.69033396
886715,0.020607369
886716,0.004629982
886717,0.63738173
886718,0.014793216
886719,0.85671055
886720,0.10489878
886721,0.94989574
886722,0.9857676
886723,0.2788321
886724,0.5883824
886725,0.18037552
886726,0.012094389
886727,0.9965826
886728,0.04035797
886729,0.0463538
886730,0.15880042
886731,0.9956098
886732,0.99253166
886733,0.45638758
886734,0.5316079
886735,0.9983024
886736,0.06910979
886737,0.99859387
886738,0.03770609
886739,0.94358826
886740,0.20380948
886741,0.01092361
886742,0.10057168
886743,0.92064655
886744,0.9919827
886745,0.009689516
886746,0.43889222
886747,0.4384389
886748,0.80879664
886749,0.91612315
886750,0.99845123
886751,0.5389602
886752,0.016424824
886753,0.979179
886754,0.85096693
886755,0.014228814
886756,0.96688664
886757,0.8450892
886758,0.9346081
886759,0.014583341
886760,0.03033967
886761,0.9875579
886762,0.9093969
886763,0.943253
886764,0.99171406
886765,0.9936243
886766,0.0034179415
886767,0.8980258
886768,0.06667104
886769,0.9739535
886770,0.24524237
886771,0.9934187
886772,0.99757844
886773,0.81693196
886774,0.020603992
886775,0.9970751
886776,0.015222872
886777,0.44541097
886778,0.061231133
886779,0.96864456
886780,0.41542894
886781,0.008554088
886782,0.90010375
886783,0.7424466
886784,0.5622866
886785,0.017512709
886786,0.00241387
886787,0.8105429
886788,0.0010627697
886789,0.48708653
886790,0.96463037
886791,0.32347724
886792,0.98451036
886793,0.97860616
886794,0.026221061
886795,0.47181126
886796,0.97940344
886797,0.8447398
886798,0.025287703
886799,0.96788895
886800,0.42226848
886801,0.7790364
886802,0.9791191
886803,0.5862746
886804,0.9598168
886805,0.01806353
886806,0.9711301
886807,0.9636197
886808,0.003711011
886809,0.95294327
886810,0.67675704
886811,0.951164
886812,0.67692125
886813,0.27171573
886814,0.678306
886815,0.5302066
886816,0.0038744882
886817,0.9372875
886818,0.9768454
886819,0.10228236
886820,0.23499349
886821,0.9490925
886822,0.105180606
886823,0.38112074
886824,0.9941073
886825,0.10484912
886826,0.88069993
886827,0.9992774
886828,0.38166794
886829,0.9483024
886830,0.9742404
886831,0.96065986
886832,0.016209638
886833,0.0012253823
886834,0.96779823
886835,0.021228671
886836,0.06555638
886837,0.96480256
886838,0.7940612
886839,0.19073802
886840,0.8759376
886841,0.11681259
886842,0.23510844
886843,0.37202293
886844,0.028088132
886845,0.998423
886846,0.19811884
886847,0.080893256
886848,0.9656427
886849,0.047603145
886850,0.14489476
886851,0.9915164
886852,0.07365875
886853,0.104177736
886854,0.5883995
886855,0.96834755
886856,0.016571984
886857,0.13345298
886858,0.012851551
886859,0.3130543
886860,0.99875814
886861,0.035880182
886862,0.00739893
886863,0.76840043
886864,0.99808925
886865,0.9933598
886866,0.020647386
886867,0.124240726
886868,0.9891429
886869,0.3624034
886870,0.22689977
886871,0.8354533
886872,0.99754876
886873,0.41346455
886874,0.067087024
886875,0.014386041
886876,0.9906899
886877,0.99575317
886878,0.012995445
886879,0.069044285
886880,0.9864142
886881,0.05755309
886882,0.99373955
886883,0.058930837
886884,0.032461543
886885,0.0753538
886886,0.92676514
886887,0.67903787
886888,0.99278426
886889,0.9352073
886890,0.9991629
886891,0.26345646
886892,0.8310005
886893,0.052006297
886894,0.01048518
886895,0.34500614
886896,0.007282199
886897,0.14551087
886898,0.33071008
886899,0.84248304
886900,0.93521404
886901,0.95865977
886902,0.0041948683
886903,0.7307134
886904,0.9606022
886905,0.32882285
886906,0.015464734
886907,0.9841701
886908,0.9545982
886909,0.8453777
886910,0.84414494
886911,0.074158505
886912,0.5278449
886913,0.026163314
886914,0.88546884
886915,0.04737867
886916,0.24179825
886917,0.0028896295
886918,0.9381584
886919,0.79497623
886920,0.08919871
886921,0.07296337
886922,0.22936632
886923,0.0338722
886924,0.035781946
886925,0.0053098644
886926,0.9560219
886927,0.26079655
886928,0.98101056
886929,0.33309814
886930,0.74133193
886931,0.84767014
886932,0.7057613
886933,0.122938305
886934,0.17687845
886935,0.887941
886936,0.045421667
886937,0.36123973
886938,0.6129573
886939,0.9821824
886940,0.15493332
886941,0.053285815
886942,0.4146793
886943,0.06543704
886944,0.7478812
886945,0.5205587
886946,0.95154434
886947,0.8716725
886948,0.955029
886949,0.6770069
886950,0.56495446
886951,0.7032899
886952,0.036483906
886953,0.83635557
886954,0.013014708
886955,0.93336207
886956,0.744322
886957,0.6241331
886958,0.9257319
886959,0.0071258824
886960,0.07801284
886961,0.011632524
886962,0.9934325
886963,0.9640663
886964,0.9928472
886965,0.8254518
886966,0.6672795
886967,0.04218867
886968,0.93422896
886969,0.0037134793
886970,0.900419
886971,0.4760598
886972,0.8968699
886973,0.2798822
886974,0.9870436
886975,0.043761544
886976,0.4084286
886977,0.851231
886978,0.47841454
886979,0.98205054
886980,0.037816092
886981,0.19780922
886982,0.027474586
886983,0.8236859
886984,0.016771
886985,0.8343111
886986,0.069858536
886987,0.99017227
886988,0.9684024
886989,0.9887729
886990,0.9635691
886991,0.014459431
886992,0.031612303
886993,0.85822743
886994,0.9879966
886995,0.012371045
886996,0.06997558
886997,0.020194015
886998,0.009418815
886999,0.95174795
887000,0.9928317
887001,0.039050754
887002,0.68367565
887003,0.089563996
887004,0.8005683
887005,0.45012584
887006,0.026057683
887007,0.052490246
887008,0.08212846
887009,0.12698165
887010,0.3537821
887011,0.281749
887012,0.740939
887013,0.66079277
887014,0.52328765
887015,0.6624408
887016,0.2508906
887017,0.011340611
887018,0.02845361
887019,0.64763
887020,0.7267569
887021,0.034195025
887022,0.99838203
887023,0.10303418
887024,0.014465747
887025,0.99899167
887026,0.992911
887027,0.40343678
887028,0.02215923
887029,0.8273612
887030,0.0091562485
887031,0.84551996
887032,0.76410824
887033,0.032954924
887034,0.004948215
887035,0.08050376
887036,0.14338285
887037,0.36740923
887038,0.30605987
887039,0.6077374
887040,0.011560925
887041,0.017091757
887042,0.6994703
887043,0.47267124
887044,0.08704827
887045,0.0062062196
887046,0.1480512
887047,0.9892982
887048,0.027618615
887049,0.9847429
887050,0.022089334
887051,0.9581599
887052,0.10820379
887053,0.015523116
887054,0.019025642
887055,0.016182851
887056,0.16577111
887057,0.010180858
887058,0.66230524
887059,0.98407316
887060,0.057777867
887061,0.17572324
887062,0.9309348
887063,0.8650577
887064,0.005457405
887065,0.93129706
887066,0.9436018
887067,0.9458279
887068,0.0061137797
887069,0.9689265
887070,0.99074537
887071,0.012798537
887072,0.10052554
887073,0.95014757
887074,0.2164906
887075,0.0054908087
887076,0.3189964
887077,0.97777
887078,0.12756766
887079,0.0048846444
887080,0.4064181
887081,0.024743881
887082,0.9957657
887083,0.0711455
887084,0.01915852
887085,0.13018997
887086,0.06506097
887087,0.031104334
887088,0.12893453
887089,0.016021322
887090,0.08427063
887091,0.15093318
887092,0.99937934
887093,0.11472853
887094,0.007816082
887095,0.98830783
887096,0.9633001
887097,0.011637225
887098,0.02079092
887099,0.0022813426
887100,0.7986196
887101,0.99610734
887102,0.57869494
887103,0.009135493
887104,0.105614096
887105,0.99898154
887106,0.9537976
887107,0.3203749
887108,0.91503024
887109,0.9868059
887110,0.016469013
887111,0.0029535075
887112,0.8789681
887113,0.3958398
887114,0.0058198567
887115,0.45971325
887116,0.033390366
887117,0.99847907
887118,0.06498945
887119,0.6747259
887120,0.011327981
887121,0.034120787
887122,0.4231821
887123,0.15664347
887124,0.9930561
887125,0.8406704
887126,0.5660906
887127,0.029545715
887128,0.124279514
887129,0.9962188
887130,0.0071997037
887131,0.022277353
887132,0.66083413
887133,0.009805829
887134,0.9831591
887135,0.13460374
887136,0.037151203
887137,0.94778883
887138,0.9660779
887139,0.71359175
887140,0.014869723
887141,0.8005116
887142,0.6346385
887143,0.8584815
887144,0.060447298
887145,0.8105005
887146,0.35399634
887147,0.0053623472
887148,0.90959597
887149,0.037885576
887150,0.9069458
887151,0.73263246
887152,0.34507078
887153,0.17173192
887154,0.99774826
887155,0.087466374
887156,0.90537703
887157,0.9869176
887158,0.057690687
887159,0.028306896
887160,0.09689631
887161,0.8999836
887162,0.9130147
887163,0.45571578
887164,0.1953648
887165,0.059721705
887166,0.8597709
887167,0.512721
887168,0.99607235
887169,0.82108915
887170,0.0076263472
887171,0.02554742
887172,0.126384
887173,0.15458071
887174,0.98427904
887175,0.029823873
887176,0.51765317
887177,0.9972498
887178,0.11077888
887179,0.03589604
887180,0.5041547
887181,0.007884268
887182,0.02612563
887183,0.022161879
887184,0.016800158
887185,0.011247883
887186,0.040968906
887187,0.033772178
887188,0.120834924
887189,0.027328344
887190,0.40506265
887191,0.005924131
887192,0.104165904
887193,0.33788857
887194,0.9995159
887195,0.9788757
887196,0.99731386
887197,0.68295705
887198,0.9344978
887199,0.046373624
887200,0.039498888
887201,0.97914374
887202,0.48161966
887203,0.9614597
887204,0.9645052
887205,0.08503379
887206,0.043839566
887207,0.00991658
887208,0.99434114
887209,0.97820807
887210,0.99354154
887211,0.5664152
887212,0.9766271
887213,0.92836446
887214,0.9983473
887215,0.7692054
887216,0.99788797
887217,0.9690915
887218,0.016844437
887219,0.3547938
887220,0.0117801735
887221,0.19187179
887222,0.9354087
887223,0.9298184
887224,0.9490438
887225,0.9101786
887226,0.21366543
887227,0.06765355
887228,0.0088090245
887229,0.52265334
887230,0.0727853
887231,0.02129709
887232,0.87672126
887233,0.045631535
887234,0.9860031
887235,0.0045395084
887236,0.9824072
887237,0.99339235
887238,0.9789068
887239,0.28881866
887240,0.99000984
887241,0.72069347
887242,0.98497057
887243,0.061557055
887244,0.01926288
887245,0.9963614
887246,0.8527571
887247,0.29049638
887248,0.42535657
887249,0.80516446
887250,0.05905518
887251,0.2670347
887252,0.77641046
887253,0.024208887
887254,0.98665357
887255,0.48409626
887256,0.029314656
887257,0.89324635
887258,0.91136
887259,0.032112166
887260,0.07415478
887261,0.2594102
887262,0.99634165
887263,0.013183153
887264,0.1731219
887265,0.6055426
887266,0.8440694
887267,0.62324274
887268,0.9684999
887269,0.8605954
887270,0.58638865
887271,0.028235406
887272,0.023189098
887273,0.10603348
887274,0.0044292174
887275,0.15938948
887276,0.018028347
887277,0.019217703
887278,0.011296643
887279,0.99856526
887280,0.057775836
887281,0.013956757
887282,0.4365529
887283,0.3323068
887284,0.9990282
887285,0.99843144
887286,0.37403464
887287,0.015734643
887288,0.32151544
887289,0.78140527
887290,0.12558648
887291,0.9987701
887292,0.83649296
887293,0.025630238
887294,0.06987057
887295,0.8812045
887296,0.31623048
887297,0.48428893
887298,0.8683788
887299,0.7484792
887300,0.9889584
887301,0.8550002
887302,0.74957895
887303,0.010819396
887304,0.9937461
887305,0.9900231
887306,0.98877865
887307,0.06376286
887308,0.9838292
887309,0.97020274
887310,0.044426568
887311,0.7630452
887312,0.8685137
887313,0.30366576
887314,0.17670263
887315,0.8049151
887316,0.024796685
887317,0.03462018
887318,0.3546986
887319,0.77663964
887320,0.009517163
887321,0.018348778
887322,0.016187083
887323,0.08935712
887324,0.49857393
887325,0.90518445
887326,0.3195796
887327,0.02229817
887328,0.77190316
887329,0.930964
887330,0.7634103
887331,0.0055154595
887332,0.15803331
887333,0.0005302066
887334,0.018952053
887335,0.09880078
887336,0.01114933
887337,0.083148524
887338,0.91284454
887339,0.99453586
887340,0.07668873
887341,0.005492531
887342,0.9011675
887343,0.9556972
887344,0.015803887
887345,0.8035264
887346,0.9935297
887347,0.9376657
887348,0.9071804
887349,0.99762106
887350,0.19482252
887351,0.3366172
887352,0.9744189
887353,0.3445741
887354,0.06533006
887355,0.027606321
887356,0.12572522
887357,0.5933089
887358,0.9539171
887359,0.6604649
887360,0.24917403
887361,0.25525433
887362,0.93508375
887363,0.98820305
887364,0.9909464
887365,0.8582568
887366,0.91144353
887367,0.05232418
887368,0.927029
887369,0.004488409
887370,0.89009905
887371,0.99829245
887372,0.028590754
887373,0.9647808
887374,0.99279
887375,0.27302405
887376,0.19231045
887377,0.095851734
887378,0.9912745
887379,0.779592
887380,0.1481383
887381,0.8427437
887382,0.023296664
887383,0.924108
887384,0.9854437
887385,0.9978738
887386,0.023114007
887387,0.25850785
887388,0.01290784
887389,0.015527746
887390,0.06235385
887391,0.98373383
887392,0.027686853
887393,0.9898916
887394,0.007247634
887395,0.9447
887396,0.011753046
887397,0.48904544
887398,0.9971579
887399,0.026021149
887400,0.04612375
887401,0.00910615
887402,0.6992537
887403,0.9932236
887404,0.5662616
887405,0.99054193
887406,0.01645579
887407,0.0109549975
887408,0.021127673
887409,0.010151459
887410,0.003773959
887411,0.9981388
887412,0.95029694
887413,0.13718863
887414,0.47577715
887415,0.1446712
887416,0.7905872
887417,0.31331354
887418,0.9574104
887419,0.992846
887420,0.090593964
887421,0.04852198
887422,0.20789315
887423,0.0050768843
887424,0.9850997
887425,0.97494984
887426,0.02231343
887427,0.9951457
887428,0.030503493
887429,0.9642187
887430,0.99532676
887431,0.013960145
887432,0.2985059
887433,0.6473425
887434,0.9944304
887435,0.2099175
887436,0.10330481
887437,0.0063949684
887438,0.65893924
887439,0.26455033
887440,0.9926704
887441,0.9841674
887442,0.9867182
887443,0.976747
887444,0.9793276
887445,0.96487784
887446,0.99715275
887447,0.9961796
887448,0.99778783
887449,0.9729689
887450,0.99511707
887451,0.0013558641
887452,0.91449916
887453,0.020533144
887454,0.6259148
887455,0.0055644144
887456,0.5505578
887457,0.056636076
887458,0.9141178
887459,0.005904236
887460,0.13310286
887461,0.98708975
887462,0.96001613
887463,0.03150729
887464,0.8281517
887465,0.039335676
887466,0.0066959304
887467,0.032241434
887468,0.15652588
887469,0.029659402
887470,0.048362814
887471,0.06525345
887472,0.3539496
887473,0.055031683
887474,0.0008074988
887475,0.06503044
887476,0.97213674
887477,0.6856041
887478,0.0152541455
887479,0.24620563
887480,0.9603593
887481,0.054842144
887482,0.002063657
887483,0.03667599
887484,0.07039854
887485,0.9986329
887486,0.95684636
887487,0.93316853
887488,0.012158646
887489,0.4589504
887490,0.97253585
887491,0.99664056
887492,0.997015
887493,0.9977618
887494,0.016653514
887495,0.0021204827
887496,0.9954568
887497,0.90157616
887498,0.99789274
887499,0.34648663
887500,0.45812696
887501,0.1026175
887502,0.23407775
887503,0.16110669
887504,0.029693186
887505,0.05041679
887506,0.028667402
887507,0.9373881
887508,0.926262
887509,0.87225074
887510,0.04064834
887511,0.059036527
887512,0.03827822
887513,0.807071
887514,0.5598963
887515,0.9933183
887516,0.0014475515
887517,0.14556842
887518,0.9473665
887519,0.0040264633
887520,0.019578027
887521,0.09011016
887522,0.4632895
887523,0.94850445
887524,0.9611281
887525,0.75456583
887526,0.9792956
887527,0.16081582
887528,0.9358554
887529,0.11807571
887530,0.01630347
887531,0.18379161
887532,0.9943658
887533,0.9788452
887534,0.8708764
887535,0.011466494
887536,0.037157107
887537,0.97187483
887538,0.028141234
887539,0.09385763
887540,0.1817215
887541,0.99922776
887542,0.8784083
887543,0.010279502
887544,0.025644312
887545,0.9594496
887546,0.95387185
887547,0.10917351
887548,0.9934709
887549,0.99301285
887550,0.07852085
887551,0.108617544
887552,0.98104626
887553,0.8036577
887554,0.52610826
887555,0.20712371
887556,0.008469971
887557,0.012695212
887558,0.33252987
887559,0.9853201
887560,0.044823
887561,0.1459221
887562,0.06694056
887563,0.006083766
887564,0.0051603755
887565,0.0012642973
887566,0.8942435
887567,0.08608181
887568,0.561162
887569,0.9988725
887570,0.95292795
887571,0.018229209
887572,0.99043155
887573,0.024648856
887574,0.9858772
887575,0.17051846
887576,0.09676732
887577,0.7593962
887578,0.4331478
887579,0.21366371
887580,0.97537506
887581,0.09261443
887582,0.4278623
887583,0.4092469
887584,0.017955177
887585,0.99535763
887586,0.008338714
887587,0.59497494
887588,0.9545273
887589,0.072797544
887590,0.005927666
887591,0.91739523
887592,0.009350865
887593,0.9529347
887594,0.9799382
887595,0.99096847
887596,0.9612993
887597,0.9767101
887598,0.9878738
887599,0.9490623
887600,0.7525725
887601,0.17214671
887602,0.15136372
887603,0.0040294253
887604,0.99884677
887605,0.8743644
887606,0.8126937
887607,0.0152484905
887608,0.95580316
887609,0.5341182
887610,0.06700833
887611,0.1977222
887612,0.08500706
887613,0.03843704
887614,0.44171363
887615,0.02802773
887616,0.006342357
887617,0.7261106
887618,0.031742416
887619,0.9291157
887620,0.029890928
887621,0.50182694
887622,0.56088865
887623,0.007473993
887624,0.8984579
887625,0.9983405
887626,0.94035214
887627,0.4040649
887628,0.14806613
887629,0.6667752
887630,0.033633422
887631,0.9692714
887632,0.22425058
887633,0.20934048
887634,0.9771575
887635,0.99808323
887636,0.96119523
887637,0.93662864
887638,0.8250041
887639,0.19803584
887640,0.1598162
887641,0.91475016
887642,0.8113483
887643,0.26281598
887644,0.2333388
887645,0.111416265
887646,0.97253007
887647,0.40548164
887648,0.055439148
887649,0.9034705
887650,0.16320375
887651,0.012227749
887652,0.009665361
887653,0.93398786
887654,0.024223015
887655,0.50687826
887656,0.1181599
887657,0.07929525
887658,0.09479176
887659,0.1250149
887660,0.00030354885
887661,0.1051924
887662,0.49690622
887663,0.06342958
887664,0.027210196
887665,0.98932356
887666,0.8136344
887667,0.08241472
887668,0.6381054
887669,0.99361384
887670,0.24894382
887671,0.97803473
887672,0.012739953
887673,0.015973996
887674,0.9344919
887675,0.0046308367
887676,0.3004105
887677,0.9748957
887678,0.6540469
887679,0.6050866
887680,0.031537984
887681,0.90099746
887682,0.8832631
887683,0.0270098
887684,0.9522568
887685,0.9988822
887686,0.9788859
887687,0.006676958
887688,0.9716071
887689,0.03239848
887690,0.86869454
887691,0.9987176
887692,0.99407387
887693,0.9925827
887694,0.15825525
887695,0.02990484
887696,0.4344563
887697,0.25874308
887698,0.91223115
887699,0.9965407
887700,0.90506935
887701,0.9855875
887702,0.9604077
887703,0.9974991
887704,0.9657884
887705,0.99895513
887706,0.025231335
887707,0.023408689
887708,0.9805813
887709,0.93127996
887710,0.20431946
887711,0.9977552
887712,0.09895302
887713,0.015068859
887714,0.037026055
887715,0.6511334
887716,0.0030488968
887717,0.5391179
887718,0.55392087
887719,0.102517895
887720,0.02364674
887721,0.033624582
887722,0.039140753
887723,0.51148534
887724,0.93144226
887725,0.72239995
887726,0.007611613
887727,0.85735667
887728,0.78237665
887729,0.27694282
887730,0.26350442
887731,0.89971954
887732,0.0072525167
887733,0.9981914
887734,0.65654206
887735,0.032747477
887736,0.9458649
887737,0.86450213
887738,0.99109817
887739,0.9879587
887740,0.6845833
887741,0.97872555
887742,0.98069656
887743,0.07530715
887744,0.9618056
887745,0.9752191
887746,0.018151172
887747,0.025266748
887748,0.7628982
887749,0.20259985
887750,0.84487605
887751,0.95009816
887752,0.9943304
887753,0.98179793
887754,0.97939056
887755,0.015650185
887756,0.919494
887757,0.99877095
887758,0.13291313
887759,0.99370223
887760,0.98303515
887761,0.2900755
887762,0.98747224
887763,0.9669738
887764,0.0048210328
887765,0.18406479
887766,0.2803971
887767,0.8821759
887768,0.053326353
887769,0.98407114
887770,0.9919788
887771,0.009807456
887772,0.32547322
887773,0.014311634
887774,0.9813237
887775,0.25511563
887776,0.0063540675
887777,0.035200093
887778,0.95455426
887779,0.111250184
887780,0.008141387
887781,0.20069848
887782,0.042661626
887783,0.005275407
887784,0.001275167
887785,0.99793804
887786,0.3494112
887787,0.99164927
887788,0.14660877
887789,0.0070547936
887790,0.23061134
887791,0.86778224
887792,0.95370287
887793,0.3697317
887794,0.9970596
887795,0.98832566
887796,0.9962371
887797,0.93180406
887798,0.89017874
887799,0.031668924
887800,0.9966088
887801,0.988396
887802,0.009551914
887803,0.013382746
887804,0.021847077
887805,0.12459635
887806,0.62019587
887807,0.07730004
887808,0.9731652
887809,0.28436524
887810,0.0175846
887811,0.71929485
887812,0.16562971
887813,0.050151363
887814,0.9605088
887815,0.91081667
887816,0.9895038
887817,0.04055944
887818,0.007908123
887819,0.21437696
887820,0.7601647
887821,0.9563959
887822,0.004140789
887823,0.08712389
887824,0.018979466
887825,0.1620061
887826,0.88726103
887827,0.28351444
887828,0.08536261
887829,0.10249605
887830,0.71744543
887831,0.012559654
887832,0.9957429
887833,0.19480711
887834,0.13023716
887835,0.9933554
887836,0.99516714
887837,0.015347461
887838,0.89964896
887839,0.01578515
887840,0.9662459
887841,0.007523087
887842,0.16194728
887843,0.9935864
887844,0.011996037
887845,0.02453036
887846,0.014612775
887847,0.005386282
887848,0.091985114
887849,0.0035850143
887850,0.18783285
887851,0.1051916
887852,0.30840886
887853,0.0026724264
887854,0.93868583
887855,0.09660611
887856,0.013908969
887857,0.9555446
887858,0.026121087
887859,0.83693147
887860,0.10850813
887861,0.9674463
887862,0.67354333
887863,0.99367005
887864,0.044362478
887865,0.010798005
887866,0.10603002
887867,0.94804573
887868,0.7570086
887869,0.42362788
887870,0.006149305
887871,0.99801826
887872,0.027812624
887873,0.14008012
887874,0.31224683
887875,0.030970981
887876,0.76089424
887877,0.9975946
887878,0.7781464
887879,0.965999
887880,0.9809159
887881,0.99159557
887882,0.03216769
887883,0.99907446
887884,0.13813931
887885,0.14541128
887886,0.90741324
887887,0.7998638
887888,0.017190486
887889,0.017590225
887890,0.20443404
887891,0.9750381
887892,0.2123429
887893,0.050724015
887894,0.9848584
887895,0.97800964
887896,0.06395102
887897,0.022810945
887898,0.0018114456
887899,0.5231987
887900,0.30341792
887901,0.7362709
887902,0.98464555
887903,0.9955508
887904,0.9736739
887905,0.022731697
887906,0.5752683
887907,0.9597428
887908,0.95835984
887909,0.012000558
887910,0.006086636
887911,0.9573743
887912,0.010054222
887913,0.21391582
887914,0.99925923
887915,0.95976067
887916,0.6392227
887917,0.11741972
887918,0.26064864
887919,0.9200916
887920,0.014203252
887921,0.018195443
887922,0.7956412
887923,0.68738014
887924,0.997719
887925,0.0029793023
887926,0.07267703
887927,0.05102288
887928,0.005118072
887929,0.45487022
887930,0.024375055
887931,0.019564262
887932,0.011697183
887933,0.9970238
887934,0.9916371
887935,0.006722628
887936,0.014986931
887937,0.587087
887938,0.13380757
887939,0.88571095
887940,0.761953
887941,0.015366629
887942,0.9945138
887943,0.014851722
887944,0.98295116
887945,0.97991025
887946,0.906441
887947,0.93734646
887948,0.12243253
887949,0.03751489
887950,0.16123496
887951,0.81629395
887952,0.015568489
887953,0.8362168
887954,0.013050272
887955,0.013212199
887956,0.91080827
887957,0.0034245404
887958,0.05367314
887959,0.0015041633
887960,0.993965
887961,0.059250146
887962,0.050677385
887963,0.98479575
887964,0.9687201
887965,0.14672644
887966,0.0051077884
887967,0.08257632
887968,0.038270496
887969,0.23653911
887970,0.40659872
887971,0.081041545
887972,0.9914901
887973,0.6737741
887974,0.8654101
887975,0.120134525
887976,0.8116034
887977,0.56156796
887978,0.97830623
887979,0.61812395
887980,0.97063327
887981,0.46734047
887982,0.0042138402
887983,0.09973103
887984,0.76070505
887985,0.042425707
887986,0.43585566
887987,0.009207669
887988,0.5898851
887989,0.9902156
887990,0.013062475
887991,0.9996162
887992,0.002895555
887993,0.06661342
887994,0.8335488
887995,0.028051767
887996,0.6228381
887997,0.694788
887998,0.0091331545
887999,0.98507917
888000,0.07734545
888001,0.021127366
888002,0.029998299
888003,0.0811736
888004,0.9659066
888005,0.0028860825
888006,0.9847437
888007,0.24150074
888008,0.008719831
888009,0.9907329
888010,0.9842909
888011,0.02861271
888012,0.031955346
888013,0.9975687
888014,0.23873849
888015,0.99741113
888016,0.009014298
888017,0.0222493
888018,0.82206
888019,0.00799696
888020,0.21488106
888021,0.0048565464
888022,0.3101254
888023,0.033982024
888024,0.9775702
888025,0.7182589
888026,0.97955287
888027,0.95026726
888028,0.89028955
888029,0.0015272559
888030,0.25015205
888031,0.5380424
888032,0.2203395
888033,0.980805
888034,0.020145364
888035,0.958499
888036,0.004945282
888037,0.95813775
888038,0.22461754
888039,0.099734634
888040,0.7672229
888041,0.039269883
888042,0.104541376
888043,0.015566863
888044,0.07618805
888045,0.71002674
888046,0.044312138
888047,0.9928606
888048,0.9457799
888049,0.7821094
888050,0.9816489
888051,0.032617174
888052,0.012616987
888053,0.008143171
888054,0.20555387
888055,0.002730283
888056,0.048653193
888057,0.9895081
888058,0.99579453
888059,0.13008977
888060,0.0190669
888061,0.0037411507
888062,0.9657878
888063,0.010401143
888064,0.9155376
888065,0.5541305
888066,0.04583288
888067,0.06728881
888068,0.0434328
888069,0.9803924
888070,0.51036674
888071,0.91318095
888072,0.021719782
888073,0.079387896
888074,0.8285926
888075,0.0032785218
888076,0.99800545
888077,0.0073801237
888078,0.23992406
888079,0.20843026
888080,0.9049079
888081,0.073985495
888082,0.32923195
888083,0.8918232
888084,0.961698
888085,0.9959675
888086,0.5794921
888087,0.8993854
888088,0.110074855
888089,0.98220336
888090,0.9729451
888091,0.9966835
888092,0.98519397
888093,0.9189208
888094,0.15003623
888095,0.9507662
888096,0.01030299
888097,0.354777
888098,0.25792265
888099,0.7096398
888100,0.3224038
888101,0.40891024
888102,0.0071350466
888103,0.2975161
888104,0.68305176
888105,0.84271437
888106,0.9120076
888107,0.6669493
888108,0.9447105
888109,0.16076069
888110,0.0010680638
888111,0.22076437
888112,0.02754864
888113,0.025517521
888114,0.99852324
888115,0.98936033
888116,0.9303085
888117,0.9962912
888118,0.01398068
888119,0.865818
888120,0.057581324
888121,0.023963746
888122,0.024951456
888123,0.06730506
888124,0.61748683
888125,0.3919536
888126,0.02182653
888127,0.068327785
888128,0.8639884
888129,0.9962399
888130,0.4302551
888131,0.004960361
888132,0.86810046
888133,0.013175936
888134,0.004691015
888135,0.5072689
888136,0.018773932
888137,0.97211975
888138,0.01611269
888139,0.060555574
888140,0.26753664
888141,0.9431164
888142,0.029561723
888143,0.9769074
888144,0.4204942
888145,0.124064535
888146,0.042846493
888147,0.998312
888148,0.9632298
888149,0.012873387
888150,0.01427953
888151,0.014206209
888152,0.040565528
888153,0.3191134
888154,0.5226374
888155,0.31275958
888156,0.9428035
888157,0.9592022
888158,0.008991117
888159,0.9979638
888160,0.004158087
888161,0.01388339
888162,0.7051498
888163,0.996776
888164,0.005597374
888165,0.0037050948
888166,0.07938915
888167,0.028083447
888168,0.032027643
888169,0.99480426
888170,0.9938035
888171,0.05160986
888172,0.4695009
888173,0.02677777
888174,0.74632186
888175,0.9732763
888176,0.9982012
888177,0.89656496
888178,0.050497353
888179,0.015474246
888180,0.96368074
888181,0.090792276
888182,0.013814066
888183,0.017385088
888184,0.009110906
888185,0.5280057
888186,0.30380857
888187,0.9838873
888188,0.80655515
888189,0.016407337
888190,0.15235163
888191,0.9852194
888192,0.55343235
888193,0.9983792
888194,0.029010927
888195,0.0077857524
888196,0.5790367
888197,0.98378605
888198,0.7426667
888199,0.09102101
888200,0.052042887
888201,0.97619385
888202,0.011121642
888203,0.044328675
888204,0.86853397
888205,0.76739776
888206,0.008861857
888207,0.998195
888208,0.9966144
888209,0.76068085
888210,0.28003186
888211,0.97681934
888212,0.88468885
888213,0.9683353
888214,0.07065503
888215,0.25513577
888216,0.97262436
888217,0.15017864
888218,0.76311606
888219,0.027314898
888220,0.8019475
888221,0.9818793
888222,0.021125507
888223,0.9586361
888224,0.83478355
888225,0.9777021
888226,0.19321921
888227,0.040770847
888228,0.1835661
888229,0.026389519
888230,0.058705747
888231,0.22835365
888232,0.13637353
888233,0.957916
888234,0.06992697
888235,0.07857846
888236,0.0075792177
888237,0.80690897
888238,0.9890287
888239,0.7708506
888240,0.8982382
888241,0.9782147
888242,0.027503332
888243,0.025219785
888244,0.16627488
888245,0.026764262
888246,0.9863966
888247,0.024760162
888248,0.33264416
888249,0.011683008
888250,0.016832205
888251,0.048046142
888252,0.96693355
888253,0.08239981
888254,0.022652777
888255,0.54390347
888256,0.9685605
888257,0.9725453
888258,0.08674358
888259,0.87056017
888260,0.9705225
888261,0.9600156
888262,0.98730075
888263,0.04782468
888264,0.9970018
888265,0.944034
888266,0.73747754
888267,0.08171752
888268,0.9939074
888269,0.99042577
888270,0.9969976
888271,0.9910351
888272,0.8834444
888273,0.952384
888274,0.89483225
888275,0.10074568
888276,0.71733433
888277,0.34112296
888278,0.966095
888279,0.7623215
888280,0.009484963
888281,0.66336286
888282,0.97627515
888283,0.98871684
888284,0.5842858
888285,0.15662438
888286,0.12331945
888287,0.868137
888288,0.0054141264
888289,0.581542
888290,0.12517062
888291,0.014885054
888292,0.9800896
888293,0.014580664
888294,0.9911327
888295,0.97103167
888296,0.022301517
888297,0.07898155
888298,0.96885216
888299,0.91675884
888300,0.11569381
888301,0.58975184
888302,0.9037359
888303,0.020801906
888304,0.540721
888305,0.18981884
888306,0.028492548
888307,0.039038993
888308,0.037320737
888309,0.9985555
888310,0.91945326
888311,0.026161134
888312,0.7438816
888313,0.9025299
888314,0.07651968
888315,0.040427197
888316,0.98701733
888317,0.029370042
888318,0.43356282
888319,0.9883304
888320,0.016838467
888321,0.016247546
888322,0.8290439
888323,0.74781334
888324,0.017257135
888325,0.8277893
888326,0.069090605
888327,0.009892818
888328,0.507417
888329,0.99248934
888330,0.70709527
888331,0.9550682
888332,0.9072099
888333,0.05830601
888334,0.012993522
888335,0.17229459
888336,0.009315982
888337,0.049378004
888338,0.019671112
888339,0.88609844
888340,0.024046795
888341,0.28023842
888342,0.073282376
888343,0.06653012
888344,0.0129840495
888345,0.0908667
888346,0.9613462
888347,0.3956852
888348,0.035480216
888349,0.21638925
888350,0.01725227
888351,0.05905875
888352,0.95090383
888353,0.120286345
888354,0.9588203
888355,0.98445797
888356,0.24255177
888357,0.07471501
888358,0.8261823
888359,0.025579866
888360,0.7983038
888361,0.0052977223
888362,0.90858054
888363,0.024458926
888364,0.77802175
888365,0.009967335
888366,0.061628778
888367,0.9746574
888368,0.026013348
888369,0.8983334
888370,0.76475704
888371,0.024085347
888372,0.00927051
888373,0.064941354
888374,0.990387
888375,0.94847935
888376,0.9901297
888377,0.009648255
888378,0.119967185
888379,0.9833276
888380,0.0037383917
888381,0.016002482
888382,0.6316606
888383,0.041231703
888384,0.95768476
888385,0.47665226
888386,0.48332012
888387,0.95617896
888388,0.30654308
888389,0.015176525
888390,0.02015628
888391,0.016935946
888392,0.0020950767
888393,0.0063611725
888394,0.26090455
888395,0.44875464
888396,0.011708683
888397,0.98752147
888398,0.24752258
888399,0.023056135
888400,0.9995678
888401,0.08958249
888402,0.012755954
888403,0.0134124365
888404,0.13125423
888405,0.056909844
888406,0.44084302
888407,0.017604861
888408,0.06974326
888409,0.43901128
888410,0.5050433
888411,0.17415515
888412,0.010682637
888413,0.922364
888414,0.018211218
888415,0.009020048
888416,0.45597777
888417,0.039592043
888418,0.12195334
888419,0.014348857
888420,0.008151544
888421,0.0317745
888422,0.9181871
888423,0.0044183275
888424,0.9630655
888425,0.99844116
888426,0.0419298
888427,0.87860096
888428,0.6378068
888429,0.5545071
888430,0.074844554
888431,0.14788368
888432,0.95925796
888433,0.999218
888434,0.97031146
888435,0.06653469
888436,0.13100989
888437,0.48643702
888438,0.024427906
888439,0.08402554
888440,0.92182434
888441,0.08928882
888442,0.81324995
888443,0.8699478
888444,0.829541
888445,0.98560977
888446,0.9968653
888447,0.0074692657
888448,0.9990818
888449,0.99364674
888450,0.0024456168
888451,0.41728577
888452,0.010551115
888453,0.01824348
888454,0.03859184
888455,0.99876165
888456,0.28766102
888457,0.58532774
888458,0.99746007
888459,0.19069318
888460,0.98342097
888461,0.9498983
888462,0.8423459
888463,0.027407283
888464,0.99390006
888465,0.631214
888466,0.04323608
888467,0.023816148
888468,0.0016750008
888469,0.0037870407
888470,0.018611556
888471,0.030237246
888472,0.42158195
888473,0.84752315
888474,0.68581164
888475,0.99272335
888476,0.9934989
888477,0.98278844
888478,0.89319414
888479,0.0231866
888480,0.10054438
888481,0.9967779
888482,0.0544457
888483,0.33563086
888484,0.71429133
888485,0.3750038
888486,0.52141905
888487,0.9399636
888488,0.17979369
888489,0.028801188
888490,0.2390617
888491,0.047958013
888492,0.03274163
888493,0.985378
888494,0.928957
888495,0.056621984
888496,0.0034607986
888497,0.021046758
888498,0.05977431
888499,0.46906114
888500,0.07234268
888501,0.98348325
888502,0.97194755
888503,0.99774206
888504,0.11415574
888505,0.5498917
888506,0.9914312
888507,0.08411453
888508,0.12559898
888509,0.1496445
888510,0.93985486
888511,0.88019466
888512,0.9780959
888513,0.8075372
888514,0.75560874
888515,0.5977412
888516,0.85103476
888517,0.28530076
888518,0.9658099
888519,0.8004506
888520,0.22002201
888521,0.9933554
888522,0.9967589
888523,0.1965299
888524,0.06816435
888525,0.039701793
888526,0.10968316
888527,0.18234003
888528,0.8063457
888529,0.10177514
888530,0.9440546
888531,0.49974248
888532,0.022421217
888533,0.009320019
888534,0.44833276
888535,0.044945307
888536,0.107013926
888537,0.22654256
888538,0.038710244
888539,0.89476836
888540,0.0041476963
888541,0.003481294
888542,0.523664
888543,0.05141219
888544,0.96580285
888545,0.3655093
888546,0.008808767
888547,0.98740137
888548,0.48247862
888549,0.6129214
888550,0.07319978
888551,0.116429485
888552,0.7917293
888553,0.10097159
888554,0.017868608
888555,0.011626178
888556,0.6207353
888557,0.019319657
888558,0.59123194
888559,0.123087704
888560,0.9981599
888561,0.6188487
888562,0.14519203
888563,0.9401665
888564,0.7882122
888565,0.0703105
888566,0.059573542
888567,0.00904352
888568,0.12331925
888569,0.8628596
888570,0.92432374
888571,0.6139877
888572,0.00560318
888573,0.9059123
888574,0.0422491
888575,0.9940271
888576,0.97886527
888577,0.02780746
888578,0.012421536
888579,0.5955708
888580,0.380107
888581,0.97951436
888582,0.9880277
888583,0.95541
888584,0.97689426
888585,0.019752188
888586,0.012771388
888587,0.9750101
888588,0.19267471
888589,0.9623325
888590,0.18206394
888591,0.9440174
888592,0.011963233
888593,0.012026544
888594,0.1927438
888595,0.25796986
888596,0.22970484
888597,0.995788
888598,0.050495528
888599,0.9797789
888600,0.65816873
888601,0.98854035
888602,0.059152454
888603,0.9363913
888604,0.011949845
888605,0.008617286
888606,0.9691962
888607,0.024680149
888608,0.9580187
888609,0.8228584
888610,0.27971092
888611,0.007840855
888612,0.8538468
888613,0.3279548
888614,0.9108288
888615,0.02079697
888616,0.6917366
888617,0.8768082
888618,0.022060186
888619,0.020122385
888620,0.95824623
888621,0.74578303
888622,0.7665431
888623,0.063062094
888624,0.22932161
888625,0.8529403
888626,0.18106803
888627,0.62426186
888628,0.24621925
888629,0.9979477
888630,0.073046334
888631,0.44886386
888632,0.040315628
888633,0.029000985
888634,0.9873375
888635,0.007868984
888636,0.13659248
888637,0.16687152
888638,0.96799695
888639,0.0019611851
888640,0.44740242
888641,0.23620054
888642,0.9628046
888643,0.026692111
888644,0.29565987
888645,0.030700292
888646,0.48076576
888647,0.18475556
888648,0.9820256
888649,0.0078449175
888650,0.010847691
888651,0.051063098
888652,0.0037439389
888653,0.36073807
888654,0.32293132
888655,0.08329013
888656,0.044624887
888657,0.011731871
888658,0.6953471
888659,0.8290406
888660,0.33064476
888661,0.098168254
888662,0.0064242724
888663,0.100141674
888664,0.9863211
888665,0.145634
888666,0.48784295
888667,0.17272143
888668,0.9898257
888669,0.13815111
888670,0.9065262
888671,0.008278085
888672,0.8471927
888673,0.017316317
888674,0.016306788
888675,0.0022526418
888676,0.046165414
888677,0.032472223
888678,0.70892334
888679,0.64619863
888680,0.65325165
888681,0.9897772
888682,0.06637618
888683,0.3351958
888684,0.9650488
888685,0.9968287
888686,0.0020112398
888687,0.73811126
888688,0.037014354
888689,0.025138836
888690,0.028907359
888691,0.042358074
888692,0.08511003
888693,0.43345135
888694,0.835209
888695,0.7226987
888696,0.10531701
888697,0.19295064
888698,0.022076042
888699,0.7894007
888700,0.025236707
888701,0.24187958
888702,0.996191
888703,0.9404677
888704,0.11570217
888705,0.27936536
888706,0.01013821
888707,0.0045320485
888708,0.005343507
888709,0.24030003
888710,0.99036235
888711,0.9732546
888712,0.8416745
888713,0.9866511
888714,0.965925
888715,0.00818258
888716,0.0021528776
888717,0.74945855
888718,0.02248242
888719,0.029312013
888720,0.0147938365
888721,0.855402
888722,0.036107324
888723,0.36310548
888724,0.03684522
888725,0.91402227
888726,0.35226256
888727,0.7783654
888728,0.8698109
888729,0.9119377
888730,0.9968432
888731,0.14593191
888732,0.3532123
888733,0.9952402
888734,0.4604894
888735,0.020923328
888736,0.48615977
888737,0.07813207
888738,0.7261778
888739,0.95742756
888740,0.8141819
888741,0.062150244
888742,0.06708659
888743,0.00837721
888744,0.03280478
888745,0.77961826
888746,0.9874711
888747,0.94119257
888748,0.021357875
888749,0.014222918
888750,0.2774067
888751,0.017746586
888752,0.0028385953
888753,0.07407589
888754,0.77432954
888755,0.012024378
888756,0.74940157
888757,0.013499145
888758,0.9903791
888759,0.839677
888760,0.29271945
888761,0.07794699
888762,0.99226755
888763,0.80954915
888764,0.04283901
888765,0.97650385
888766,0.05166115
888767,0.95675474
888768,0.54078865
888769,0.0039122403
888770,0.9394911
888771,0.015427758
888772,0.014839515
888773,0.052074544
888774,0.9949649
888775,0.014728617
888776,0.052659888
888777,0.99837136
888778,0.11731248
888779,0.9981377
888780,0.9792412
888781,0.797169
888782,0.73686063
888783,0.26544404
888784,0.003890821
888785,0.94856644
888786,0.99635726
888787,0.99795204
888788,0.046434753
888789,0.07033916
888790,0.41189295
888791,0.22258073
888792,0.95226306
888793,0.99668187
888794,0.047698386
888795,0.061429545
888796,0.010611051
888797,0.0030661519
888798,0.91414946
888799,0.009768756
888800,0.2031285
888801,0.9552109
888802,0.82762325
888803,0.005465172
888804,0.047846094
888805,0.1880925
888806,0.121660784
888807,0.014135061
888808,0.4850825
888809,0.04439135
888810,0.99299914
888811,0.009738171
888812,0.15996434
888813,0.99529654
888814,0.799794
888815,0.648247
888816,0.017872069
888817,0.79857975
888818,0.9858898
888819,0.99762475
888820,0.03361608
888821,0.99065125
888822,0.06821056
888823,0.012695485
888824,0.013322124
888825,0.9666517
888826,0.2884687
888827,0.9595241
888828,0.0070370575
888829,0.9788114
888830,0.9670113
888831,0.8441129
888832,0.10762063
888833,0.48808792
888834,0.21815671
888835,0.030027442
888836,0.045714915
888837,0.14227763
888838,0.02621656
888839,0.71962553
888840,0.9714891
888841,0.007715132
888842,0.97669196
888843,0.9273538
888844,0.03573185
888845,0.037176766
888846,0.81270665
888847,0.2033498
888848,0.070066415
888849,0.9807245
888850,0.0631102
888851,0.12155913
888852,0.114118755
888853,0.9839062
888854,0.9956083
888855,0.0058036554
888856,0.04120282
888857,0.057243586
888858,0.15351638
888859,0.014106303
888860,0.04098884
888861,0.8078712
888862,0.96689063
888863,0.08220257
888864,0.06743443
888865,0.014565085
888866,0.94738567
888867,0.45331204
888868,0.99658513
888869,0.0324256
888870,0.6723858
888871,0.8499685
888872,0.014828121
888873,0.0426682
888874,0.9925301
888875,0.9689639
888876,0.9981392
888877,0.98650074
888878,0.022382373
888879,0.0052280785
888880,0.8650589
888881,0.75920093
888882,0.9890431
888883,0.38709098
888884,0.08995068
888885,0.01667485
888886,0.01236375
888887,0.10820626
888888,0.09996833
888889,0.02542891
888890,0.92686933
888891,0.010140674
888892,0.03886898
888893,0.01263513
888894,0.82016283
888895,0.12086501
888896,0.2322819
888897,0.016836498
888898,0.9596089
888899,0.95851886
888900,0.041074872
888901,0.09523435
888902,0.012968213
888903,0.99060655
888904,0.66414404
888905,0.85354996
888906,0.86934334
888907,0.01936363
888908,0.008087733
888909,0.013154278
888910,0.95121694
888911,0.15542243
888912,0.99218005
888913,0.61826324
888914,0.00377
888915,0.0973947
888916,0.6799712
888917,0.52272534
888918,0.86973876
888919,0.22173272
888920,0.13836758
888921,0.6284853
888922,0.9976383
888923,0.79233235
888924,0.056852818
888925,0.3961549
888926,0.012792264
888927,0.074918434
888928,0.07067655
888929,0.18054663
888930,0.9801301
888931,0.8715969
888932,0.021330012
888933,0.03380384
888934,0.9445147
888935,0.17445005
888936,0.09687535
888937,0.9865256
888938,0.9764863
888939,0.07391308
888940,0.9875493
888941,0.4592719
888942,0.66368467
888943,0.023730751
888944,0.98009384
888945,0.047790404
888946,0.12615997
888947,0.14797288
888948,0.61206275
888949,0.24408486
888950,0.03825294
888951,0.06347987
888952,0.0063486844
888953,0.16083646
888954,0.07064536
888955,0.11313932
888956,0.75960565
888957,0.24312063
888958,0.4827488
888959,0.4154262
888960,0.9824281
888961,0.002279064
888962,0.18103293
888963,0.22333515
888964,0.7160667
888965,0.008742529
888966,0.016488325
888967,0.050826367
888968,0.30690488
888969,0.05102149
888970,0.8909489
888971,0.29578662
888972,0.010900909
888973,0.042886406
888974,0.044399086
888975,0.051191818
888976,0.6105318
888977,0.05231383
888978,0.052058727
888979,0.31135884
888980,0.04856162
888981,0.27713472
888982,0.24205035
888983,0.97552836
888984,0.95740163
888985,0.045233443
888986,0.32026517
888987,0.99576163
888988,0.007162002
888989,0.94783306
888990,0.35486466
888991,0.08733648
888992,0.9970728
888993,0.09895274
888994,0.27057403
888995,0.0052806865
888996,0.9617536
888997,0.023671446
888998,0.07222355
888999,0.024001945
889000,0.97339416
889001,0.35784996
889002,0.99391305
889003,0.32456452
889004,0.003678442
889005,0.040639587
889006,0.6041802
889007,0.5487225
889008,0.036520984
889009,0.017731853
889010,0.028622145
889011,0.24965736
889012,0.24448587
889013,0.24332835
889014,0.11410331
889015,0.3937099
889016,0.5961753
889017,0.013085372
889018,0.95595014
889019,0.6531443
889020,0.7225779
889021,0.7947047
889022,0.9896185
889023,0.95301276
889024,0.98950493
889025,0.25359637
889026,0.046668086
889027,0.96732354
889028,0.93935186
889029,0.77792835
889030,0.13871683
889031,0.01340028
889032,0.53041774
889033,0.09597258
889034,0.02616616
889035,0.92304116
889036,0.44518918
889037,0.03133929
889038,0.9959407
889039,0.08917977
889040,0.05198368
889041,0.99295735
889042,0.010512388
889043,0.5767959
889044,0.008492474
889045,0.9996252
889046,0.07731434
889047,0.9685854
889048,0.95086205
889049,0.122507825
889050,0.089326724
889051,0.055111207
889052,0.9940501
889053,0.9658628
889054,0.005837285
889055,0.9002583
889056,0.23956956
889057,0.28832802
889058,0.09582564
889059,0.9547216
889060,0.4728616
889061,0.10025036
889062,0.59195215
889063,0.03773252
889064,0.9820017
889065,0.93728244
889066,0.9527854
889067,0.986241
889068,0.7347541
889069,0.08346119
889070,0.8273783
889071,0.2538548
889072,0.7728821
889073,0.7245505
889074,0.9986846
889075,0.031615667
889076,0.33521104
889077,0.995135
889078,0.997782
889079,0.03551779
889080,0.968176
889081,0.23406842
889082,0.9598514
889083,0.843627
889084,0.99658567
889085,0.87878036
889086,0.16971199
889087,0.9574292
889088,0.24268273
889089,0.9728697
889090,0.99613756
889091,0.83959544
889092,0.9820824
889093,0.014825456
889094,0.004013813
889095,0.8619243
889096,0.36742163
889097,0.011607165
889098,0.9929075
889099,0.009783287
889100,0.02699719
889101,0.66174537
889102,0.9718683
889103,0.008828215
889104,0.6180511
889105,0.9521539
889106,0.96887815
889107,0.9027992
889108,0.7261256
889109,0.0315357
889110,0.07456802
889111,0.009723571
889112,0.36323774
889113,0.046324283
889114,0.940282
889115,0.9636435
889116,0.97632897
889117,0.053645626
889118,0.99738204
889119,0.92105734
889120,0.13860182
889121,0.98702294
889122,0.06797873
889123,0.68136173
889124,0.09606094
889125,0.98684514
889126,0.817923
889127,0.7086386
889128,0.98735607
889129,0.84132594
889130,0.052640457
889131,0.2502519
889132,0.022759076
889133,0.01442931
889134,0.05960166
889135,0.98567235
889136,0.9174646
889137,0.9804718
889138,0.9106835
889139,0.270961
889140,0.9858857
889141,0.008847972
889142,0.03425295
889143,0.004267967
889144,0.025188701
889145,0.010445352
889146,0.265941
889147,0.023682168
889148,0.025603447
889149,0.007216222
889150,0.8703797
889151,0.99936014
889152,0.02291274
889153,0.4717903
889154,0.04941484
889155,0.02468076
889156,0.43148026
889157,0.9476857
889158,0.019639172
889159,0.40274343
889160,0.05325392
889161,0.9926437
889162,0.03092344
889163,0.19642426
889164,0.8409149
889165,0.028517844
889166,0.45654738
889167,0.0041295243
889168,0.7710391
889169,0.07872601
889170,0.9239766
889171,0.069694765
889172,0.05055707
889173,0.88939357
889174,0.75955564
889175,0.86171323
889176,0.021711707
889177,0.030972037
889178,0.91216564
889179,0.98119104
889180,0.056502648
889181,0.8949393
889182,0.6948873
889183,0.9709433
889184,0.027554419
889185,0.9990126
889186,0.8200308
889187,0.0492744
889188,0.978662
889189,0.8900907
889190,0.9397023
889191,0.7526203
889192,0.0228039
889193,0.3135703
889194,0.9976208
889195,0.11150763
889196,0.040953737
889197,0.99795836
889198,0.33267277
889199,0.046167985
889200,0.0071934136
889201,0.8263825
889202,0.0844931
889203,0.7440497
889204,0.12147918
889205,0.9981426
889206,0.025212545
889207,0.13691193
889208,0.3557659
889209,0.98798376
889210,0.98242396
889211,0.019723248
889212,0.017387282
889213,0.14562553
889214,0.92890275
889215,0.96417886
889216,0.9813119
889217,0.9932867
889218,0.08382463
889219,0.23638901
889220,0.9803627
889221,0.066752195
889222,0.903379
889223,0.99152523
889224,0.005861962
889225,0.8477123
889226,0.90758926
889227,0.004052031
889228,0.0044369246
889229,0.9949822
889230,0.019360196
889231,0.0017010255
889232,0.79235303
889233,0.990362
889234,0.69026273
889235,0.8660223
889236,0.9814529
889237,0.91769135
889238,0.07907381
889239,0.9992281
889240,0.05121118
889241,0.029714834
889242,0.0067877276
889243,0.99837744
889244,0.18123578
889245,0.06622054
889246,0.9979992
889247,0.08016531
889248,0.9575408
889249,0.6848841
889250,0.049423926
889251,0.9457251
889252,0.010863313
889253,0.005430526
889254,0.029400256
889255,0.980458
889256,0.007296742
889257,0.0885243
889258,0.9578073
889259,0.9921846
889260,0.8026862
889261,0.007835802
889262,0.54133475
889263,0.06373283
889264,0.062743664
889265,0.067998126
889266,0.79614997
889267,0.9831715
889268,0.00438409
889269,0.9770222
889270,0.0032382803
889271,0.86194813
889272,0.19181144
889273,0.28588337
889274,0.7540129
889275,0.7557546
889276,0.010979738
889277,0.023308307
889278,0.046400256
889279,0.0058883484
889280,0.9105148
889281,0.0032440429
889282,0.08092827
889283,0.2822873
889284,0.84515214
889285,0.7101615
889286,0.78953874
889287,0.5534878
889288,0.053313497
889289,0.9900301
889290,0.020209573
889291,0.00797585
889292,0.21946877
889293,0.9896462
889294,0.19877104
889295,0.8723665
889296,0.4651015
889297,0.01081911
889298,0.8993426
889299,0.04151039
889300,0.9891256
889301,0.98757464
889302,0.32783836
889303,0.003557674
889304,0.06615122
889305,0.18954214
889306,0.8392565
889307,0.45900416
889308,0.012447247
889309,0.010012286
889310,0.08803363
889311,0.008930765
889312,0.036964826
889313,0.3858178
889314,0.99848354
889315,0.31337354
889316,0.008654137
889317,0.21490143
889318,0.8609884
889319,0.095192015
889320,0.4312672
889321,0.925732
889322,0.4454711
889323,0.13195774
889324,0.66046524
889325,0.15515375
889326,0.3383285
889327,0.17338419
889328,0.98006517
889329,0.999426
889330,0.9939595
889331,0.047485545
889332,0.42233664
889333,0.27895784
889334,0.9582605
889335,0.043645654
889336,0.916457
889337,0.9799424
889338,0.12175565
889339,0.011197197
889340,0.015208761
889341,0.98828477
889342,0.17498283
889343,0.043440677
889344,0.9847605
889345,0.2722349
889346,0.019565364
889347,0.35157192
889348,0.82901627
889349,0.16817078
889350,0.28389478
889351,0.98828995
889352,0.004264838
889353,0.0011287429
889354,0.95462066
889355,0.07967575
889356,0.97150433
889357,0.7604356
889358,0.99762285
889359,0.040690754
889360,0.9968717
889361,0.79914206
889362,0.9363893
889363,0.005256936
889364,0.7193788
889365,0.85208124
889366,0.7517719
889367,0.019324355
889368,0.015721267
889369,0.2831758
889370,0.048614085
889371,0.1569151
889372,0.9741007
889373,0.9762186
889374,0.9934162
889375,0.7719555
889376,0.84093064
889377,0.5373781
889378,0.9438341
889379,0.21559533
889380,0.9826301
889381,0.9952517
889382,0.34819695
889383,0.0042114435
889384,0.83406854
889385,0.0025758739
889386,0.96945447
889387,0.04642578
889388,0.86385375
889389,0.85904765
889390,0.8459892
889391,0.107237875
889392,0.96584386
889393,0.9103987
889394,0.016400248
889395,0.9978648
889396,0.9979426
889397,0.027334124
889398,0.94819677
889399,0.056659292
889400,0.99676526
889401,0.08864085
889402,0.22733763
889403,0.8891999
889404,0.98244333
889405,0.02403378
889406,0.007760234
889407,0.011588149
889408,0.2087124
889409,0.38220266
889410,0.9756773
889411,0.9270693
889412,0.022247422
889413,0.432268
889414,0.045737892
889415,0.050602995
889416,0.3997743
889417,0.09857541
889418,0.018086698
889419,0.061607648
889420,0.45119858
889421,0.012290062
889422,0.9459251
889423,0.40264526
889424,0.9462687
889425,0.9888339
889426,0.24356337
889427,0.3323688
889428,0.17995514
889429,0.24500526
889430,0.9960843
889431,0.08362195
889432,0.9951302
889433,0.5807013
889434,0.16303296
889435,0.8426082
889436,0.035955507
889437,0.9772367
889438,0.72030073
889439,0.93833405
889440,0.8929541
889441,0.007129523
889442,0.9937809
889443,0.26906294
889444,0.98352456
889445,0.066210076
889446,0.011133583
889447,0.009277107
889448,0.93477917
889449,0.9430008
889450,0.089353725
889451,0.011270026
889452,0.02070982
889453,0.97145844
889454,0.24459338
889455,0.14322576
889456,0.2725683
889457,0.08206483
889458,0.024539607
889459,0.27816954
889460,0.10460649
889461,0.36977342
889462,0.47802624
889463,0.6232822
889464,0.09756402
889465,0.7313273
889466,0.42342806
889467,0.9559799
889468,0.99416643
889469,0.022391504
889470,0.12500952
889471,0.72913533
889472,0.20434225
889473,0.9905844
889474,0.11179597
889475,0.7429325
889476,0.008388381
889477,0.023705693
889478,0.13992622
889479,0.9538803
889480,0.027656795
889481,0.08787873
889482,0.9693061
889483,0.15075216
889484,0.97364163
889485,0.107990175
889486,0.020032356
889487,0.9156378
889488,0.02215451
889489,0.99544096
889490,0.04593306
889491,0.012053521
889492,0.04761266
889493,0.98496103
889494,0.11292316
889495,0.9175272
889496,0.6335105
889497,0.69997936
889498,0.06326932
889499,0.90977365
889500,0.01567029
889501,0.0022195429
889502,0.16645145
889503,0.948364
889504,0.82543945
889505,0.37035537
889506,0.99615675
889507,0.0077041667
889508,0.9990927
889509,0.7702302
889510,0.9758067
889511,0.32171085
889512,0.97554535
889513,0.9951273
889514,0.4269021
889515,0.022773825
889516,0.95668876
889517,0.041846186
889518,0.104679585
889519,0.96006876
889520,0.81266415
889521,0.9881993
889522,0.9962654
889523,0.998382
889524,0.016230455
889525,0.9185278
889526,0.76758426
889527,0.070966884
889528,0.23468143
889529,0.9214719
889530,0.9990932
889531,0.8280356
889532,0.13098809
889533,0.99877214
889534,0.93198115
889535,0.0035464847
889536,0.57940793
889537,0.23871885
889538,0.5370327
889539,0.02494668
889540,0.12988815
889541,0.12887698
889542,0.09538043
889543,0.007822163
889544,0.9984128
889545,0.56908834
889546,0.936687
889547,0.98333293
889548,0.14444187
889549,0.9942663
889550,0.09161817
889551,0.96132255
889552,0.9974867
889553,0.9965795
889554,0.9852637
889555,0.8192832
889556,0.921142
889557,0.15257601
889558,0.95621985
889559,0.061725352
889560,0.99228626
889561,0.0094530415
889562,0.86611795
889563,0.40172023
889564,0.5419687
889565,0.9675791
889566,0.8910347
889567,0.60612357
889568,0.0730356
889569,0.20437367
889570,0.9778311
889571,0.008205529
889572,0.015997648
889573,0.027325144
889574,0.011316733
889575,0.46982422
889576,0.99960345
889577,0.94984496
889578,0.99376714
889579,0.6015297
889580,0.99685097
889581,0.9952832
889582,0.0066624857
889583,0.04669659
889584,0.0022239932
889585,0.050679073
889586,0.08947487
889587,0.95232505
889588,0.5542987
889589,0.7168575
889590,0.79038215
889591,0.13510953
889592,0.0070198677
889593,0.26294023
889594,0.1073357
889595,0.011600207
889596,0.9703024
889597,0.97661245
889598,0.9913051
889599,0.0033566577
889600,0.72719455
889601,0.16852662
889602,0.5571681
889603,0.080371425
889604,0.026050394
889605,0.33849895
889606,0.90840316
889607,0.9873923
889608,0.09628172
889609,0.012912647
889610,0.23021026
889611,0.106415614
889612,0.9995447
889613,0.9878322
889614,0.006340312
889615,0.91563207
889616,0.91419184
889617,0.5428684
889618,0.17803092
889619,0.38598812
889620,0.041780785
889621,0.10275832
889622,0.96191424
889623,0.9990917
889624,0.9235001
889625,0.9480681
889626,0.8012566
889627,0.06448595
889628,0.993193
889629,0.34082687
889630,0.088212624
889631,0.93794894
889632,0.9398811
889633,0.067004696
889634,0.046333626
889635,0.062235806
889636,0.0069802827
889637,0.007870643
889638,0.027797429
889639,0.84282583
889640,0.0171195
889641,0.043707956
889642,0.009270243
889643,0.82437074
889644,0.005731358
889645,0.046137318
889646,0.8616678
889647,0.1210358
889648,0.88512176
889649,0.01362988
889650,0.021310681
889651,0.033210635
889652,0.44281942
889653,0.52699697
889654,0.008718343
889655,0.98379123
889656,0.9482834
889657,0.022501625
889658,0.9606089
889659,0.043730102
889660,0.78220904
889661,0.99101734
889662,0.029517062
889663,0.099693954
889664,0.22350857
889665,0.0049547097
889666,0.0050914013
889667,0.40529266
889668,0.106033765
889669,0.9363555
889670,0.0065153213
889671,0.9968362
889672,0.9117365
889673,0.6850575
889674,0.0859441
889675,0.9216209
889676,0.997121
889677,0.43487492
889678,0.98978436
889679,0.9837925
889680,0.8810302
889681,0.93383825
889682,0.8174609
889683,0.18448596
889684,0.95919055
889685,0.97175354
889686,0.46947736
889687,0.9074036
889688,0.98439294
889689,0.033362184
889690,0.65677816
889691,0.94846463
889692,0.13847104
889693,0.3781237
889694,0.98595005
889695,0.0038084604
889696,0.98654103
889697,0.8202696
889698,0.39463663
889699,0.25416476
889700,0.9895796
889701,0.04185453
889702,0.88460934
889703,0.057848077
889704,0.011505413
889705,0.95627224
889706,0.98802555
889707,0.010714239
889708,0.032391593
889709,0.100033924
889710,0.019356243
889711,0.97889936
889712,0.40413284
889713,0.8437792
889714,0.21382199
889715,0.9971589
889716,0.9424877
889717,0.011867391
889718,0.018391887
889719,0.005367553
889720,0.020120107
889721,0.62305135
889722,0.9243244
889723,0.0042747073
889724,0.91650885
889725,0.93576634
889726,0.008760233
889727,0.88746727
889728,0.9980945
889729,0.9954848
889730,0.004395845
889731,0.6207842
889732,0.34452277
889733,0.05841245
889734,0.25906065
889735,0.060661495
889736,0.020894898
889737,0.014961026
889738,0.99685806
889739,0.071328126
889740,0.0142577505
889741,0.14958605
889742,0.007550276
889743,0.009056596
889744,0.48906916
889745,0.9951443
889746,0.73572963
889747,0.9740007
889748,0.07874949
889749,0.013654099
889750,0.24830377
889751,0.041541144
889752,0.8769276
889753,0.9057421
889754,0.1143373
889755,0.32230592
889756,0.97750735
889757,0.98231876
889758,0.99419165
889759,0.9663922
889760,0.092989236
889761,0.92718697
889762,0.9849104
889763,0.018022545
889764,0.034632146
889765,0.9978311
889766,0.16603112
889767,0.35909513
889768,0.16723283
889769,0.9640538
889770,0.32829237
889771,0.020546248
889772,0.9721178
889773,0.9919163
889774,0.8699405
889775,0.9915273
889776,0.12883016
889777,0.12623078
889778,0.020001207
889779,0.0018467414
889780,0.99398303
889781,0.063565694
889782,0.9323631
889783,0.51175565
889784,0.9288029
889785,0.9852412
889786,0.03058374
889787,0.76672274
889788,0.8587958
889789,0.068254866
889790,0.22523975
889791,0.17345713
889792,0.01722884
889793,0.91839254
889794,0.9824136
889795,0.9642038
889796,0.1595942
889797,0.02666366
889798,0.10586432
889799,0.9994771
889800,0.97100365
889801,0.07938273
889802,0.47854653
889803,0.9949463
889804,0.0029651015
889805,0.26934725
889806,0.12981108
889807,0.9142213
889808,0.026228514
889809,0.9294671
889810,0.97238636
889811,0.021494787
889812,0.043563254
889813,0.43390077
889814,0.9799667
889815,0.11196012
889816,0.9982693
889817,0.98685217
889818,0.41236326
889819,0.005014017
889820,0.25950408
889821,0.566305
889822,0.9968248
889823,0.7547024
889824,0.31596094
889825,0.009764984
889826,0.9962548
889827,0.016708603
889828,0.9569871
889829,0.0692862
889830,0.7968559
889831,0.6978706
889832,0.9954148
889833,0.99694365
889834,0.08979135
889835,0.003595254
889836,0.061605427
889837,0.20914066
889838,0.004626323
889839,0.018048849
889840,0.06726031
889841,0.2910738
889842,0.19320478
889843,0.7906191
889844,0.017824566
889845,0.04044676
889846,0.5263902
889847,0.005281211
889848,0.9784368
889849,0.99149185
889850,0.019455833
889851,0.19462985
889852,0.013271526
889853,0.10589095
889854,0.18459097
889855,0.99958485
889856,0.07140097
889857,0.53819597
889858,0.9901752
889859,0.21488377
889860,0.9847702
889861,0.998436
889862,0.02551629
889863,0.97119933
889864,0.8887871
889865,0.23384142
889866,0.9359689
889867,0.0598164
889868,0.009659855
889869,0.57533616
889870,0.0804238
889871,0.004985757
889872,0.117565304
889873,0.9521079
889874,0.9359733
889875,0.96362233
889876,0.16474769
889877,0.0041306345
889878,0.13085797
889879,0.021329278
889880,0.12001492
889881,0.026592253
889882,0.00899786
889883,0.8784325
889884,0.9321862
889885,0.021832783
889886,0.51666105
889887,0.011706399
889888,0.9725292
889889,0.13962564
889890,0.9742507
889891,0.8820158
889892,0.8128009
889893,0.15998463
889894,0.7223881
889895,0.022191778
889896,0.83319
889897,0.9763588
889898,0.8115067
889899,0.09027946
889900,0.02678877
889901,0.93766034
889902,0.9557369
889903,0.047404543
889904,0.86770236
889905,0.004001502
889906,0.81784177
889907,0.9984112
889908,0.9860413
889909,0.03144549
889910,0.087856
889911,0.03243674
889912,0.9823787
889913,0.04929097
889914,0.17411603
889915,0.10321923
889916,0.014776575
889917,0.11453671
889918,0.99858034
889919,0.1524241
889920,0.99356675
889921,0.029853899
889922,0.99511695
889923,0.98973435
889924,0.9575626
889925,0.9964621
889926,0.942876
889927,0.69389
889928,0.9779247
889929,0.99142116
889930,0.98559093
889931,0.9870806
889932,0.19126594
889933,0.8818685
889934,0.0034386476
889935,0.47696075
889936,0.8386093
889937,0.36037448
889938,0.8635016
889939,0.860541
889940,0.0025134925
889941,0.24535327
889942,0.9977776
889943,0.02382339
889944,0.02045604
889945,0.013370968
889946,0.065542445
889947,0.85609835
889948,0.45543697
889949,0.36487743
889950,0.12623389
889951,0.019426456
889952,0.30464163
889953,0.14792296
889954,0.9143929
889955,0.9618635
889956,0.33450243
889957,0.8958609
889958,0.05066576
889959,0.99643505
889960,0.957668
889961,0.94104606
889962,0.9838641
889963,0.10106133
889964,0.013481228
889965,0.9884864
889966,0.81783205
889967,0.006039475
889968,0.88679874
889969,0.010280542
889970,0.698793
889971,0.0128505565
889972,0.0065434407
889973,0.015866866
889974,0.9974666
889975,0.85538304
889976,0.5033616
889977,0.011667847
889978,0.65011364
889979,0.035391387
889980,0.02302746
889981,0.133292
889982,0.057789534
889983,0.63577235
889984,0.18576525
889985,0.010692017
889986,0.92130435
889987,0.11035374
889988,0.039313734
889989,0.96145695
889990,0.031966697
889991,0.8686929
889992,0.1589831
889993,0.9783538
889994,0.907312
889995,0.0739958
889996,0.985545
889997,0.56364703
889998,0.99294436
889999,0.0065331217
890000,0.7411007
890001,0.99635565
890002,0.71543115
890003,0.053882964
890004,0.25824347
890005,0.98242116
890006,0.8587905
890007,0.8358932
890008,0.025799207
890009,0.89250135
890010,0.9989788
890011,0.90798974
890012,0.08963505
890013,0.8900224
890014,0.020152006
890015,0.2649377
890016,0.044837423
890017,0.66207373
890018,0.57729787
890019,0.8757217
890020,0.96297413
890021,0.9624642
890022,0.018853541
890023,0.9592266
890024,0.05345569
890025,0.015031114
890026,0.17529435
890027,0.07236942
890028,0.74217284
890029,0.03697073
890030,0.022359075
890031,0.9952686
890032,0.99589497
890033,0.019817613
890034,0.14275923
890035,0.9272687
890036,0.004306054
890037,0.031729206
890038,0.21215655
890039,0.9836478
890040,0.15220654
890041,0.027888417
890042,0.04463153
890043,0.038416654
890044,0.047178343
890045,0.011011194
890046,0.6905315
890047,0.019765008
890048,0.08829466
890049,0.032558598
890050,0.022674536
890051,0.0014513314
890052,0.3410723
890053,0.06360322
890054,0.022524055
890055,0.03282696
890056,0.99453366
890057,0.14791036
890058,0.75491637
890059,0.20050569
890060,0.6552294
890061,0.7892503
890062,0.054969084
890063,0.29684848
890064,0.09405449
890065,0.02221154
890066,0.99246895
890067,0.9171944
890068,0.0053528612
890069,0.024957327
890070,0.93107283
890071,0.65733
890072,0.056686074
890073,0.58868927
890074,0.86676514
890075,0.82274526
890076,0.0927712
890077,0.38090625
890078,0.012009793
890079,0.76954484
890080,0.7438292
890081,0.007607099
890082,0.26726806
890083,0.0099197645
890084,0.018819204
890085,0.02749068
890086,0.99586546
890087,0.022523403
890088,0.041710995
890089,0.7610934
890090,0.0041911514
890091,0.84671384
890092,0.08959475
890093,0.9125476
890094,0.0048999526
890095,0.0042385287
890096,0.0098287575
890097,0.057868443
890098,0.98409396
890099,0.49895665
890100,0.0042509167
890101,0.9937115
890102,0.028946422
890103,0.04105096
890104,0.11344361
890105,0.0013434868
890106,0.07870353
890107,0.9683771
890108,0.99887264
890109,0.023254927
890110,0.059134632
890111,0.96467805
890112,0.8257449
890113,0.20085657
890114,0.009320298
890115,0.22455579
890116,0.2181788
890117,0.15859395
890118,0.92785186
890119,0.06449782
890120,0.98695695
890121,0.9907441
890122,0.26653755
890123,0.8988652
890124,0.029260043
890125,0.9335207
890126,0.92992854
890127,0.06568884
890128,0.024536394
890129,0.11606956
890130,0.9898946
890131,0.009341501
890132,0.7500894
890133,0.9257382
890134,0.07200752
890135,0.8269871
890136,0.47130984
890137,0.01666538
890138,0.39431155
890139,0.9688088
890140,0.8886639
890141,0.69460034
890142,0.037748612
890143,0.16551663
890144,0.07692167
890145,0.021086639
890146,0.007158756
890147,0.004936333
890148,0.039014533
890149,0.005963235
890150,0.17322521
890151,0.2755943
890152,0.062145673
890153,0.12808636
890154,0.8623256
890155,0.38910595
890156,0.97393084
890157,0.979009
890158,0.0045780805
890159,0.93201524
890160,0.9971736
890161,0.99697757
890162,0.46724302
890163,0.00325965
890164,0.10173595
890165,0.0040187947
890166,0.0042718193
890167,0.037761897
890168,0.99161756
890169,0.9196115
890170,0.40652123
890171,0.05016842
890172,0.052774828
890173,0.004916208
890174,0.12923151
890175,0.008904255
890176,0.021454906
890177,0.0034511285
890178,0.00940655
890179,0.99138814
890180,0.13589443
890181,0.8966107
890182,0.8660088
890183,0.012030263
890184,0.923143
890185,0.0074617076
890186,0.029387647
890187,0.010198604
890188,0.01630275
890189,0.22264746
890190,0.007312604
890191,0.019977733
890192,0.87109065
890193,0.36644858
890194,0.9843401
890195,0.9930358
890196,0.018865753
890197,0.3377163
890198,0.09716619
890199,0.034027807
890200,0.0017170552
890201,0.7104249
890202,0.6509159
890203,0.7674041
890204,0.016853232
890205,0.037816286
890206,0.98663944
890207,0.92835563
890208,0.99757934
890209,0.93159586
890210,0.85004354
890211,0.8618096
890212,0.0143141495
890213,0.041176293
890214,0.07528263
890215,0.8666167
890216,0.0032464522
890217,0.10583223
890218,0.017414859
890219,0.008661517
890220,0.051198
890221,0.08412654
890222,0.036405295
890223,0.9886348
890224,0.016305484
890225,0.007430989
890226,0.9904371
890227,0.16668227
890228,0.060791604
890229,0.02502717
890230,0.32082564
890231,0.8839306
890232,0.41033256
890233,0.45896178
890234,0.14987129
890235,0.04688842
890236,0.007925456
890237,0.04723604
890238,0.95440996
890239,0.93750656
890240,0.9509535
890241,0.85218847
890242,0.9968026
890243,0.020072035
890244,0.044754434
890245,0.0032216266
890246,0.026190089
890247,0.035250966
890248,0.9864002
890249,0.97967803
890250,0.4492689
890251,0.17729646
890252,0.9820993
890253,0.35867047
890254,0.66150796
890255,0.9662636
890256,0.9974208
890257,0.7952022
890258,0.05437135
890259,0.052217174
890260,0.031267107
890261,0.13997617
890262,0.010446521
890263,0.0117964195
890264,0.0069029396
890265,0.9847967
890266,0.9833187
890267,0.043078948
890268,0.7104179
890269,0.5223862
890270,0.3095406
890271,0.005265303
890272,0.044031613
890273,0.8357402
890274,0.023849592
890275,0.015828354
890276,0.022546817
890277,0.014690431
890278,0.010003397
890279,0.58167326
890280,0.068622895
890281,0.9504766
890282,0.0034699342
890283,0.03088447
890284,0.18447578
890285,0.84636897
890286,0.9450886
890287,0.010065856
890288,0.9884962
890289,0.9911928
890290,0.020638216
890291,0.12709269
890292,0.21001932
890293,0.44053882
890294,0.038702503
890295,0.94670075
890296,0.0113384165
890297,0.020877004
890298,0.96852654
890299,0.0064549865
890300,0.047456637
890301,0.6126143
890302,0.94707406
890303,0.012783342
890304,0.96293294
890305,0.7481283
890306,0.5262993
890307,0.013100787
890308,0.7213944
890309,0.9759925
890310,0.30382395
890311,0.017309528
890312,0.9881825
890313,0.03088146
890314,0.909295
890315,0.7643348
890316,0.766775
890317,0.0064916983
890318,0.0152231
890319,0.10117487
890320,0.038038135
890321,0.25344473
890322,0.9392241
890323,0.7855279
890324,0.071074
890325,0.98189616
890326,0.9975808
890327,0.9830334
890328,0.9886296
890329,0.6414361
890330,0.021623112
890331,0.99554825
890332,0.97505945
890333,0.8632833
890334,0.94802254
890335,0.91005754
890336,0.9566419
890337,0.033392753
890338,0.010958293
890339,0.6244164
890340,0.8155312
890341,0.9854248
890342,0.0041755605
890343,0.07578382
890344,0.021425925
890345,0.96025044
890346,0.3234902
890347,0.4682063
890348,0.99331856
890349,0.027514473
890350,0.00364869
890351,0.019596094
890352,0.018643295
890353,0.98062557
890354,0.059687585
890355,0.6149431
890356,0.09904173
890357,0.0415588
890358,0.9329844
890359,0.7726431
890360,0.40527543
890361,0.98656064
890362,0.16137584
890363,0.090548605
890364,0.987754
890365,0.9934591
890366,0.007050626
890367,0.014164511
890368,0.01214174
890369,0.8883254
890370,0.9682661
890371,0.099205226
890372,0.18278149
890373,0.052416593
890374,0.47463584
890375,0.7401622
890376,0.0103724105
890377,0.26831138
890378,0.9950452
890379,0.0621125
890380,0.9723164
890381,0.027088953
890382,0.3123467
890383,0.21593466
890384,0.10463312
890385,0.0077021252
890386,0.5175255
890387,0.13085414
890388,0.46664754
890389,0.63688636
890390,0.90462524
890391,0.8956381
890392,0.9932951
890393,0.95335054
890394,0.01386798
890395,0.028177135
890396,0.2738445
890397,0.88285184
890398,0.9208002
890399,0.92135596
890400,0.033131033
890401,0.08740835
890402,0.0024781127
890403,0.82465
890404,0.7396349
890405,0.9827293
890406,0.024537724
890407,0.880959
890408,0.054568045
890409,0.014294374
890410,0.9945011
890411,0.011899029
890412,0.65276885
890413,0.06225165
890414,0.011623463
890415,0.4774343
890416,0.9483875
890417,0.36416107
890418,0.0037347933
890419,0.99245477
890420,0.0072168065
890421,0.59749836
890422,0.84653753
890423,0.0033478376
890424,0.9865587
890425,0.009362024
890426,0.11401439
890427,0.99608105
890428,0.024069067
890429,0.9794538
890430,0.9361244
890431,0.03023697
890432,0.052453168
890433,0.008477723
890434,0.010792401
890435,0.054504387
890436,0.99820566
890437,0.26197672
890438,0.98949635
890439,0.0055102804
890440,0.97473013
890441,0.027413711
890442,0.21811663
890443,0.04066319
890444,0.1560094
890445,0.071340844
890446,0.1887414
890447,0.012180153
890448,0.3450128
890449,0.8259489
890450,0.034271695
890451,0.012143101
890452,0.98474425
890453,0.058142014
890454,0.056619078
890455,0.08115505
890456,0.017369783
890457,0.66905504
890458,0.8879322
890459,0.017054323
890460,0.9924401
890461,0.078892335
890462,0.705759
890463,0.007220273
890464,0.0024558548
890465,0.5506606
890466,0.012824409
890467,0.07956497
890468,0.94364905
890469,0.004905922
890470,0.049635235
890471,0.30072212
890472,0.022579115
890473,0.24077858
890474,0.41865757
890475,0.9971577
890476,0.005258442
890477,0.012967419
890478,0.9476644
890479,0.54916596
890480,0.020190578
890481,0.9937248
890482,0.0049581174
890483,0.99884593
890484,0.11733976
890485,0.8523383
890486,0.72584534
890487,0.5665748
890488,0.016201757
890489,0.990121
890490,0.5639561
890491,0.9760312
890492,0.8235187
890493,0.98814714
890494,0.006073605
890495,0.94372
890496,0.96628356
890497,0.704653
890498,0.75389946
890499,0.92766577
890500,0.9928829
890501,0.009251484
890502,0.024860734
890503,0.9774778
890504,0.057644885
890505,0.013325765
890506,0.91557777
890507,0.98746204
890508,0.99594235
890509,0.015861556
890510,0.59613216
890511,0.18819045
890512,0.99898577
890513,0.06486832
890514,0.008657734
890515,0.9526564
890516,0.2841793
890517,0.0075713284
890518,0.9947542
890519,0.99060667
890520,0.0054745055
890521,0.071106866
890522,0.062860884
890523,0.95581234
890524,0.19495049
890525,0.9692254
890526,0.029256927
890527,0.10223805
890528,0.90677476
890529,0.21192162
890530,0.0033727926
890531,0.91733235
890532,0.04330176
890533,0.99477845
890534,0.22535288
890535,0.07974943
890536,0.040066432
890537,0.7800245
890538,0.06920847
890539,0.06852187
890540,0.546015
890541,0.9886903
890542,0.41806167
890543,0.9923687
890544,0.14813249
890545,0.6591256
890546,0.74908876
890547,0.011250766
890548,0.8915314
890549,0.24965155
890550,0.20115039
890551,0.419123
890552,0.6911855
890553,0.020920351
890554,0.9084049
890555,0.9933692
890556,0.42509332
890557,0.40911394
890558,0.03604885
890559,0.006248445
890560,0.0227242
890561,0.9946208
890562,0.49910483
890563,0.9649808
890564,0.978616
890565,0.007587504
890566,0.024953898
890567,0.99196583
890568,0.011018458
890569,0.032283403
890570,0.9919328
890571,0.075256385
890572,0.99548507
890573,0.19032621
890574,0.31810868
890575,0.029251693
890576,0.028682072
890577,0.9931668
890578,0.003324024
890579,0.084997386
890580,0.039544877
890581,0.9210597
890582,0.35783127
890583,0.98922586
890584,0.043374993
890585,0.5442658
890586,0.9982553
890587,0.008814285
890588,0.022361837
890589,0.019914856
890590,0.025715213
890591,0.9034729
890592,0.5735373
890593,0.024833435
890594,0.115029246
890595,0.9969556
890596,0.99852765
890597,0.9883047
890598,0.23958676
890599,0.002202196
890600,0.3492821
890601,0.30978298
890602,0.044165384
890603,0.9162236
890604,0.15976681
890605,0.02742232
890606,0.009965492
890607,0.08941348
890608,0.037173077
890609,0.0032045501
890610,0.48300713
890611,0.2073298
890612,0.039147038
890613,0.9666603
890614,0.012162678
890615,0.020328116
890616,0.20719689
890617,0.12203945
890618,0.9890144
890619,0.4062896
890620,0.7544534
890621,0.8203626
890622,0.6980752
890623,0.020261107
890624,0.7570811
890625,0.993561
890626,0.59813535
890627,0.059281584
890628,0.06632252
890629,0.9826544
890630,0.014970079
890631,0.09905255
890632,0.030601148
890633,0.01659094
890634,0.052637428
890635,0.030433692
890636,0.99050033
890637,0.26030833
890638,0.13626297
890639,0.070128426
890640,0.09214958
890641,0.8763574
890642,0.036040846
890643,0.6910746
890644,0.83257264
890645,0.9558801
890646,0.3410384
890647,0.21163662
890648,0.6847201
890649,0.43462315
890650,0.43540084
890651,0.011262936
890652,0.010724959
890653,0.36366218
890654,0.95470196
890655,0.30243754
890656,0.27887756
890657,0.7273622
890658,0.064677574
890659,0.41001126
890660,0.8641442
890661,0.07654429
890662,0.6288733
890663,0.06430414
890664,0.98862475
890665,0.6263034
890666,0.008367208
890667,0.008311215
890668,0.7376658
890669,0.6512259
890670,0.011045854
890671,0.953894
890672,0.015084688
890673,0.9991293
890674,0.012134832
890675,0.5169088
890676,0.04706543
890677,0.12156705
890678,0.32235292
890679,0.13851291
890680,0.14028105
890681,0.8859471
890682,0.248689
890683,0.011509363
890684,0.002984315
890685,0.8914789
890686,0.027915211
890687,0.0825212
890688,0.98984367
890689,0.040548164
890690,0.08196035
890691,0.09354022
890692,0.68899566
890693,0.0013471964
890694,0.067446284
890695,0.9948383
890696,0.31680256
890697,0.61849475
890698,0.49010393
890699,0.5187675
890700,0.21007189
890701,0.7223971
890702,0.91806203
890703,0.9904344
890704,0.9826819
890705,0.5798612
890706,0.9967062
890707,0.92631173
890708,0.3752996
890709,0.015527332
890710,0.99679315
890711,0.32235068
890712,0.99582905
890713,0.9852289
890714,0.009475874
890715,0.009546176
890716,0.008709228
890717,0.58084834
890718,0.006889865
890719,0.39078438
890720,0.2305584
890721,0.98712415
890722,0.89530313
890723,0.9438343
890724,0.9458302
890725,0.93641317
890726,0.9790703
890727,0.098894306
890728,0.022300793
890729,0.06929515
890730,0.030587645
890731,0.08452101
890732,0.009847516
890733,0.024732895
890734,0.9994794
890735,0.854876
890736,0.9949409
890737,0.9555426
890738,0.7622041
890739,0.9328141
890740,0.120808885
890741,0.032354265
890742,0.99594384
890743,0.18992993
890744,0.48429406
890745,0.0036367073
890746,0.9865699
890747,0.032950997
890748,0.87237597
890749,0.9588454
890750,0.033658847
890751,0.20337114
890752,0.078394435
890753,0.060632378
890754,0.5445201
890755,0.9802591
890756,0.026143488
890757,0.9466806
890758,0.047783706
890759,0.5167298
890760,0.8661235
890761,0.042000066
890762,0.020700002
890763,0.39181402
890764,0.9618916
890765,0.9318366
890766,0.104739666
890767,0.5277843
890768,0.58881485
890769,0.47397622
890770,0.91531026
890771,0.9969766
890772,0.23031126
890773,0.9050943
890774,0.993687
890775,0.98334724
890776,0.9315214
890777,0.9937167
890778,0.045526877
890779,0.0017376473
890780,0.038760364
890781,0.011993354
890782,0.99883795
890783,0.015091167
890784,0.010473345
890785,0.051087093
890786,0.99004215
890787,0.037998118
890788,0.008662382
890789,0.23627086
890790,0.90366554
890791,0.08255854
890792,0.99674237
890793,0.7447528
890794,0.0076020006
890795,0.021363888
890796,0.10150266
890797,0.16929837
890798,0.061373573
890799,0.9692977
890800,0.98423994
890801,0.9852467
890802,0.9969197
890803,0.37364435
890804,0.7453283
890805,0.9929991
890806,0.10479005
890807,0.9982732
890808,0.035993814
890809,0.9966977
890810,0.0123248575
890811,0.022706628
890812,0.9810296
890813,0.010006943
890814,0.027220089
890815,0.99857295
890816,0.3409313
890817,0.98541474
890818,0.026755799
890819,0.6709357
890820,0.912308
890821,0.38478214
890822,0.18537906
890823,0.8293599
890824,0.24294518
890825,0.043661244
890826,0.9897121
890827,0.98328394
890828,0.98843104
890829,0.10230173
890830,0.006923327
890831,0.19442019
890832,0.06652966
890833,0.0041707307
890834,0.22168723
890835,0.13386616
890836,0.45224166
890837,0.0764238
890838,0.016143918
890839,0.99401724
890840,0.015852483
890841,0.06865534
890842,0.10848746
890843,0.5296413
890844,0.99125755
890845,0.074001655
890846,0.9725785
890847,0.52111906
890848,0.87664974
890849,0.34969673
890850,0.025843076
890851,0.014517892
890852,0.099906206
890853,0.07165454
890854,0.44192377
890855,0.01316522
890856,0.05293613
890857,0.96425045
890858,0.96419674
890859,0.56014574
890860,0.94489133
890861,0.017564341
890862,0.45153633
890863,0.0553879
890864,0.04561148
890865,0.10617475
890866,0.8972971
890867,0.96627086
890868,0.7442578
890869,0.0035713802
890870,0.57411706
890871,0.9116934
890872,0.06811625
890873,0.37825277
890874,0.528617
890875,0.006438988
890876,0.89615196
890877,0.054241564
890878,0.016588291
890879,0.97685415
890880,0.18863615
890881,0.8013085
890882,0.095456675
890883,0.83590215
890884,0.12397072
890885,0.43156737
890886,0.071943566
890887,0.06426894
890888,0.16907114
890889,0.9899748
890890,0.9670796
890891,0.7791753
890892,0.022986332
890893,0.13648278
890894,0.48723552
890895,0.9540301
890896,0.12341419
890897,0.99321824
890898,0.17335843
890899,0.9976692
890900,0.013902359
890901,0.9855597
890902,0.9775444
890903,0.28619295
890904,0.023430048
890905,0.8061227
890906,0.9084395
890907,0.5762116
890908,0.02067845
890909,0.9120023
890910,0.44906235
890911,0.94696397
890912,0.76894933
890913,0.054733727
890914,0.012592721
890915,0.9757532
890916,0.42540425
890917,0.99645853
890918,0.08774706
890919,0.0013713279
890920,0.011331862
890921,0.9829909
890922,0.97377354
890923,0.014222792
890924,0.43161386
890925,0.31247133
890926,0.98433876
890927,0.2121595
890928,0.97317433
890929,0.92499065
890930,0.021676838
890931,0.98655164
890932,0.013869171
890933,0.9979023
890934,0.12894599
890935,0.021161553
890936,0.105947375
890937,0.0050373194
890938,0.040275257
890939,0.9901208
890940,0.9768034
890941,0.033301078
890942,0.026523216
890943,0.52458453
890944,0.12932216
890945,0.96211123
890946,0.1422779
890947,0.24014522
890948,0.44388
890949,0.9986005
890950,0.99534863
890951,0.028051704
890952,0.43284607
890953,0.49477202
890954,0.009216707
890955,0.030154672
890956,0.002427311
890957,0.0021193875
890958,0.4023598
890959,0.04820677
890960,0.9739317
890961,0.92691624
890962,0.83785355
890963,0.11022965
890964,0.0539636
890965,0.0030558435
890966,0.95446163
890967,0.22991979
890968,0.9841627
890969,0.1381284
890970,0.0086948
890971,0.99895835
890972,0.34755144
890973,0.7759479
890974,0.8094688
890975,0.8881749
890976,0.23150416
890977,0.047187492
890978,0.005332588
890979,0.9980597
890980,0.9836388
890981,0.4325457
890982,0.43428427
890983,0.9962191
890984,0.8093579
890985,0.8348694
890986,0.4056789
890987,0.98145324
890988,0.49889725
890989,0.09488743
890990,0.32294804
890991,0.88370436
890992,0.9374689
890993,0.9971472
890994,0.29262823
890995,0.5095502
890996,0.008946961
890997,0.06424524
890998,0.9630792
890999,0.012398581
891000,0.9743305
891001,0.8770076
891002,0.02587959
891003,0.4041112
891004,0.14359301
891005,0.022669936
891006,0.020980634
891007,0.33192384
891008,0.99734145
891009,0.012045472
891010,0.9805302
891011,0.058567647
891012,0.002684813
891013,0.82642835
891014,0.95011085
891015,0.09852417
891016,0.9119329
891017,0.8474889
891018,0.10097232
891019,0.7270675
891020,0.9739149
891021,0.9856703
891022,0.96212524
891023,0.026143424
891024,0.0060346597
891025,0.04973244
891026,0.59636027
891027,0.6517198
891028,0.1939314
891029,0.004330561
891030,0.106332086
891031,0.004502967
891032,0.17327142
891033,0.019213848
891034,0.0029429647
891035,0.6315713
891036,0.0497921
891037,0.0119240945
891038,0.02069559
891039,0.010939951
891040,0.0072003333
891041,0.9861466
891042,0.99597555
891043,0.94824344
891044,0.95223373
891045,0.0032902595
891046,0.057423957
891047,0.50072724
891048,0.003263414
891049,0.012883663
891050,0.8606639
891051,0.90743065
891052,0.017981447
891053,0.1454257
891054,0.9790007
891055,0.009541234
891056,0.047020473
891057,0.054153197
891058,0.010978978
891059,0.7549406
891060,0.9741137
891061,0.15774062
891062,0.6083404
891063,0.3049261
891064,0.83159685
891065,0.22763966
891066,0.9192058
891067,0.009293879
891068,0.022277696
891069,0.9868435
891070,0.0021824683
891071,0.9900894
891072,0.026432618
891073,0.017001357
891074,0.06889938
891075,0.8961991
891076,0.20959339
891077,0.013481163
891078,0.020586846
891079,0.9922503
891080,0.9341729
891081,0.049162507
891082,0.062417917
891083,0.7179138
891084,0.16922362
891085,0.0156187825
891086,0.94449985
891087,0.012993595
891088,0.2360644
891089,0.061814114
891090,0.021073932
891091,0.11752598
891092,0.9436278
891093,0.9646132
891094,0.99596703
891095,0.9892954
891096,0.2983016
891097,0.018692117
891098,0.92238593
891099,0.8008107
891100,0.9245795
891101,0.055992845
891102,0.059069417
891103,0.09416032
891104,0.99090856
891105,0.93443257
891106,0.9351039
891107,0.94701207
891108,0.9910228
891109,0.16456491
891110,0.36012805
891111,0.7394811
891112,0.99374855
891113,0.9908803
891114,0.10028051
891115,0.066241324
891116,0.013672078
891117,0.97282803
891118,0.96667725
891119,0.9714728
891120,0.16664442
891121,0.99208
891122,0.14384368
891123,0.9969383
891124,0.90055877
891125,0.012180739
891126,0.5444523
891127,0.0054316167
891128,0.020783318
891129,0.9081298
891130,0.07170891
891131,0.020118665
891132,0.9279595
891133,0.03728185
891134,0.93094623
891135,0.013444336
891136,0.13068533
891137,0.9934925
891138,0.012362074
891139,0.98745084
891140,0.49450713
891141,0.09095689
891142,0.17779568
891143,0.30246544
891144,0.025406014
891145,0.9295995
891146,0.025961109
891147,0.7118462
891148,0.77597356
891149,0.991125
891150,0.41764203
891151,0.009195421
891152,0.04474104
891153,0.26665545
891154,0.054467004
891155,0.919607
891156,0.8788141
891157,0.04382944
891158,0.97930264
891159,0.2623732
891160,0.987591
891161,0.055043485
891162,0.007963331
891163,0.08050214
891164,0.022482555
891165,0.018812262
891166,0.5924327
891167,0.16342227
891168,0.010947183
891169,0.96724916
891170,0.99551857
891171,0.46643177
891172,0.37503496
891173,0.9619605
891174,0.010782849
891175,0.9892641
891176,0.0042673554
891177,0.1576339
891178,0.9329872
891179,0.98112494
891180,0.99508655
891181,0.988153
891182,0.9960571
891183,0.6838616
891184,0.44477865
891185,0.98647135
891186,0.039817583
891187,0.007578301
891188,0.8793321
891189,0.8926088
891190,0.44048557
891191,0.9191839
891192,0.99632967
891193,0.04985899
891194,0.005078463
891195,0.24762549
891196,0.8739996
891197,0.93275905
891198,0.6380032
891199,0.0028084414
891200,0.0142084705
891201,0.96182305
891202,0.9792833
891203,0.940746
891204,0.9964832
891205,0.028396212
891206,0.029180195
891207,0.017383885
891208,0.055974606
891209,0.041229934
891210,0.0060263053
891211,0.024798084
891212,0.33404946
891213,0.0046299295
891214,0.9179934
891215,0.0027773613
891216,0.13332626
891217,0.9524441
891218,0.014616845
891219,0.017692214
891220,0.0049213455
891221,0.9914964
891222,0.6379328
891223,0.11485871
891224,0.13746884
891225,0.833297
891226,0.011531809
891227,0.9354321
891228,0.6158706
891229,0.15392011
891230,0.8589735
891231,0.01398963
891232,0.94982386
891233,0.059720527
891234,0.83026874
891235,0.9831213
891236,0.061052207
891237,0.9377068
891238,0.00888261
891239,0.13952328
891240,0.13502993
891241,0.22421362
891242,0.11282263
891243,0.6504829
891244,0.040565975
891245,0.9284267
891246,0.039788216
891247,0.004718188
891248,0.57392097
891249,0.15716007
891250,0.10300547
891251,0.9766909
891252,0.06453503
891253,0.22816797
891254,0.0023735757
891255,0.49002713
891256,0.45954165
891257,0.9943831
891258,0.38213456
891259,0.9196619
891260,0.6133223
891261,0.71614456
891262,0.89026713
891263,0.99718237
891264,0.9842937
891265,0.40432778
891266,0.9959889
891267,0.03157959
891268,0.023936225
891269,0.020170083
891270,0.22677949
891271,0.0146895405
891272,0.015689034
891273,0.011064688
891274,0.5378151
891275,0.005604201
891276,0.9750632
891277,0.04617431
891278,0.03896273
891279,0.024999198
891280,0.9650607
891281,0.012359608
891282,0.011499319
891283,0.049429975
891284,0.36876702
891285,0.99733996
891286,0.018461056
891287,0.0060245534
891288,0.15424843
891289,0.008477766
891290,0.82230544
891291,0.89171875
891292,0.9895033
891293,0.48587978
891294,0.0111664515
891295,0.94433916
891296,0.7553322
891297,0.9971936
891298,0.06544973
891299,0.004833097
891300,0.038744252
891301,0.028175293
891302,0.3343433
891303,0.033607442
891304,0.34258065
891305,0.18290314
891306,0.021378718
891307,0.9919906
891308,0.9637513
891309,0.0080568995
891310,0.068336494
891311,0.07520314
891312,0.0074508544
891313,0.035758015
891314,0.36462134
891315,0.6360593
891316,0.5841462
891317,0.04676203
891318,0.9902648
891319,0.0033030608
891320,0.5071616
891321,0.0145179285
891322,0.99755025
891323,0.38385874
891324,0.43519473
891325,0.9701389
891326,0.05961823
891327,0.097489275
891328,0.2036923
891329,0.99507606
891330,0.014376773
891331,0.04355781
891332,0.92258763
891333,0.4415597
891334,0.1875573
891335,0.8346795
891336,0.17800096
891337,0.287669
891338,0.69459987
891339,0.037564773
891340,0.9916089
891341,0.97360957
891342,0.044180483
891343,0.2874072
891344,0.001044884
891345,0.019344093
891346,0.9466366
891347,0.04236463
891348,0.9930207
891349,0.18803926
891350,0.7506556
891351,0.78514904
891352,0.0139228925
891353,0.011735604
891354,0.0047505563
891355,0.988591
891356,0.97663516
891357,0.2695381
891358,0.52470124
891359,0.08108319
891360,0.98628944
891361,0.9519538
891362,0.9982176
891363,0.0053189984
891364,0.8901093
891365,0.016624354
891366,0.36069274
891367,0.99543196
891368,0.42606047
891369,0.08502749
891370,0.01260446
891371,0.06916802
891372,0.008729652
891373,0.18142068
891374,0.020664886
891375,0.69351155
891376,0.9637378
891377,0.94026303
891378,0.042153865
891379,0.99717814
891380,0.59148264
891381,0.9976748
891382,0.0072481874
891383,0.97749126
891384,0.97218037
891385,0.0747352
891386,0.9047787
891387,0.9800463
891388,0.5723257
891389,0.996902
891390,0.9948044
891391,0.012172243
891392,0.8930899
891393,0.63135636
891394,0.037221126
891395,0.041967202
891396,0.054200545
891397,0.8292556
891398,0.23567915
891399,0.44220927
891400,0.026916306
891401,0.039455056
891402,0.8837295
891403,0.033805262
891404,0.99763507
891405,0.99764144
891406,0.63800555
891407,0.01643095
891408,0.9621428
891409,0.0128181325
891410,0.18492447
891411,0.04126531
891412,0.026988747
891413,0.96201205
891414,0.009703502
891415,0.07429027
891416,0.9737232
891417,0.99370325
891418,0.99383116
891419,0.0072927987
891420,0.116829544
891421,0.4032551
891422,0.031462166
891423,0.22024637
891424,0.03275292
891425,0.91301966
891426,0.030319635
891427,0.8106262
891428,0.9938419
891429,0.030518318
891430,0.009718746
891431,0.97186255
891432,0.9377496
891433,0.23561119
891434,0.050782964
891435,0.08237143
891436,0.03103194
891437,0.9835404
891438,0.6513887
891439,0.043036997
891440,0.03632901
891441,0.9504311
891442,0.27884758
891443,0.9910513
891444,0.95486075
891445,0.97739196
891446,0.013634613
891447,0.9042564
891448,0.049165096
891449,0.99460095
891450,0.007589828
891451,0.13614014
891452,0.20523381
891453,0.6357839
891454,0.77636886
891455,0.7016246
891456,0.043990392
891457,0.06040824
891458,0.59090626
891459,0.09008333
891460,0.0076839644
891461,0.9983735
891462,0.07429585
891463,0.88320947
891464,0.013473826
891465,0.8653377
891466,0.9300543
891467,0.8671603
891468,0.8861944
891469,0.21684541
891470,0.054072946
891471,0.007501332
891472,0.006410938
891473,0.8743989
891474,0.071280554
891475,0.8897219
891476,0.91994023
891477,0.030430371
891478,0.7197291
891479,0.9967739
891480,0.13324213
891481,0.9704514
891482,0.9210183
891483,0.58916104
891484,0.005810931
891485,0.9769064
891486,0.098937675
891487,0.010136841
891488,0.99595
891489,0.1000605
891490,0.984817
891491,0.029535715
891492,0.3602059
891493,0.015066222
891494,0.88759017
891495,0.40350065
891496,0.42237648
891497,0.9371394
891498,0.63826716
891499,0.95003796
891500,0.93575186
891501,0.014947792
891502,0.8361844
891503,0.7746698
891504,0.39420426
891505,0.015925422
891506,0.00593097
891507,0.5296883
891508,0.26000276
891509,0.0070694024
891510,0.80078804
891511,0.99184096
891512,0.08042298
891513,0.981693
891514,0.015008251
891515,0.18265314
891516,0.39724678
891517,0.03129957
891518,0.9865398
891519,0.95508504
891520,0.995881
891521,0.7596405
891522,0.71679384
891523,0.0068952744
891524,0.07852003
891525,0.14132707
891526,0.9835239
891527,0.012257682
891528,0.9606059
891529,0.028564382
891530,0.008410821
891531,0.020267045
891532,0.17226303
891533,0.9958846
891534,0.091153406
891535,0.98250055
891536,0.8129674
891537,0.983529
891538,0.6938408
891539,0.998676
891540,0.003485206
891541,0.03350279
891542,0.6097436
891543,0.8584421
891544,0.9816989
891545,0.9956881
891546,0.08323924
891547,0.055190213
891548,0.14161976
891549,0.025682254
891550,0.9621924
891551,0.7383659
891552,0.084652394
891553,0.9986172
891554,0.15652019
891555,0.05847445
891556,0.015180586
891557,0.032227036
891558,0.78640336
891559,0.9788646
891560,0.014123653
891561,0.9946965
891562,0.92803836
891563,0.0050644036
891564,0.0383056
891565,0.007370279
891566,0.013321116
891567,0.98703265
891568,0.011781572
891569,0.98865116
891570,0.9436912
891571,0.9953012
891572,0.13254228
891573,0.7378183
891574,0.7482891
891575,0.91424924
891576,0.05182212
891577,0.008592432
891578,0.872717
891579,0.057594433
891580,0.9734821
891581,0.26855153
891582,0.00088311656
891583,0.01224692
891584,0.005370167
891585,0.8660699
891586,0.053146344
891587,0.37705457
891588,0.85763574
891589,0.9907617
891590,0.009460689
891591,0.05905921
891592,0.9626843
891593,0.78372395
891594,0.05997236
891595,0.9598969
891596,0.9906956
891597,0.9934615
891598,0.008749519
891599,0.0184171
891600,0.15411445
891601,0.26526523
891602,0.012084076
891603,0.01088747
891604,0.47167093
891605,0.02957873
891606,0.033873744
891607,0.9892896
891608,0.004376164
891609,0.009608284
891610,0.0056948904
891611,0.066182464
891612,0.8880781
891613,0.1442847
891614,0.0915851
891615,0.036527067
891616,0.018841466
891617,0.013947418
891618,0.58830935
891619,0.46593118
891620,0.0139055615
891621,0.9616329
891622,0.93881226
891623,0.2306625
891624,0.092166066
891625,0.14362243
891626,0.017894208
891627,0.025906501
891628,0.7500538
891629,0.07917241
891630,0.9833658
891631,0.22406644
891632,0.18123448
891633,0.076349825
891634,0.26380754
891635,0.6306275
891636,0.8533677
891637,0.16694772
891638,0.27234364
891639,0.71253824
891640,0.021022733
891641,0.014066404
891642,0.0076597324
891643,0.004089419
891644,0.024829263
891645,0.26913187
891646,0.77353513
891647,0.046012335
891648,0.9662492
891649,0.94005835
891650,0.9306031
891651,0.055755887
891652,0.01112985
891653,0.9688488
891654,0.9905401
891655,0.99303627
891656,0.73024523
891657,0.9787405
891658,0.013233751
891659,0.060743958
891660,0.28704655
891661,0.9739884
891662,0.97620267
891663,0.40025854
891664,0.6691965
891665,0.0032595359
891666,0.9961955
891667,0.27191666
891668,0.4425301
891669,0.042091798
891670,0.03345918
891671,0.9763647
891672,0.8673841
891673,0.6151523
891674,0.95305884
891675,0.9888124
891676,0.03051674
891677,0.028167507
891678,0.0071919234
891679,0.2097125
891680,0.937407
891681,0.9536454
891682,0.9972396
891683,0.9433661
891684,0.9902025
891685,0.1648242
891686,0.8273555
891687,0.1862779
891688,0.035856664
891689,0.9900371
891690,0.031824455
891691,0.002067988
891692,0.03879356
891693,0.94606245
891694,0.83821046
891695,0.91320026
891696,0.012719994
891697,0.12800428
891698,0.99291134
891699,0.003552258
891700,0.21595614
891701,0.048786003
891702,0.022207027
891703,0.741583
891704,0.024240213
891705,0.7396158
891706,0.3489911
891707,0.019632261
891708,0.96415883
891709,0.16940825
891710,0.625518
891711,0.9562568
891712,0.011283098
891713,0.027782377
891714,0.06472993
891715,0.8815863
891716,0.0057388577
891717,0.015215852
891718,0.75992304
891719,0.96485245
891720,0.007880417
891721,0.6097837
891722,0.27962255
891723,0.8836112
891724,0.95895624
891725,0.10872448
891726,0.983452
891727,0.82581675
891728,0.98951566
891729,0.58308905
891730,0.6097445
891731,0.10761818
891732,0.0063359486
891733,0.05072114
891734,0.03784454
891735,0.8146077
891736,0.08294386
891737,0.009092001
891738,0.9985006
891739,0.88611
891740,0.04645522
891741,0.14703462
891742,0.02532933
891743,0.988045
891744,0.03354816
891745,0.98897624
891746,0.0059972554
891747,0.025288101
891748,0.87083054
891749,0.04735844
891750,0.1650408
891751,0.9767044
891752,0.015637182
891753,0.053015992
891754,0.96323526
891755,0.9989182
891756,0.97720814
891757,0.03656298
891758,0.7984785
891759,0.009489557
891760,0.8759308
891761,0.041576345
891762,0.69869894
891763,0.014257877
891764,0.18732288
891765,0.014321932
891766,0.82942104
891767,0.038415622
891768,0.8589068
891769,0.8501835
891770,0.30907178
891771,0.008412581
891772,0.4857056
891773,0.9998082
891774,0.7037723
891775,0.96230996
891776,0.98725027
891777,0.98466194
891778,0.045462087
891779,0.060322292
891780,0.9375329
891781,0.07202708
891782,0.26580715
891783,0.85555553
891784,0.13233517
891785,0.6235525
891786,0.051823817
891787,0.035500944
891788,0.6003932
891789,0.9759722
891790,0.18486273
891791,0.2684744
891792,0.0071315737
891793,0.9318907
891794,0.75584567
891795,0.95884156
891796,0.44001034
891797,0.96715665
891798,0.3802558
891799,0.2144573
891800,0.25706762
891801,0.990344
891802,0.0035671995
891803,0.3117921
891804,0.8525831
891805,0.26424932
891806,0.6450829
891807,0.9972723
891808,0.43281567
891809,0.088091046
891810,0.7686093
891811,0.5020852
891812,0.092120826
891813,0.6846011
891814,0.027217932
891815,0.97358614
891816,0.42317224
891817,0.98518497
891818,0.10381386
891819,0.009308023
891820,0.20389307
891821,0.99755865
891822,0.00085343694
891823,0.9858881
891824,0.8767576
891825,0.9687586
891826,0.06433823
891827,0.91436875
891828,0.015182102
891829,0.25435948
891830,0.1781215
891831,0.8734307
891832,0.98649085
891833,0.090272695
891834,0.42048708
891835,0.97526765
891836,0.25985947
891837,0.0044216784
891838,0.76903075
891839,0.99675715
891840,0.98094296
891841,0.010696446
891842,0.027397133
891843,0.8131872
891844,0.9758059
891845,0.76975554
891846,0.55436975
891847,0.14401023
891848,0.6743039
891849,0.979292
891850,0.98659194
891851,0.9947309
891852,0.96285117
891853,0.053218458
891854,0.94177556
891855,0.9600345
891856,0.14511131
891857,0.9837411
891858,0.7805076
891859,0.99493146
891860,0.010843704
891861,0.008527987
891862,0.03347747
891863,0.90843475
891864,0.78983086
891865,0.009613732
891866,0.9986308
891867,0.9418219
891868,0.03626831
891869,0.98459953
891870,0.3519305
891871,0.6633696
891872,0.38510025
891873,0.9707989
891874,0.02608957
891875,0.9415551
891876,0.34952563
891877,0.0048789172
891878,0.006388707
891879,0.9595727
891880,0.20497182
891881,0.0067697004
891882,0.091202945
891883,0.9829397
891884,0.08616671
891885,0.9969902
891886,0.98709214
891887,0.9896716
891888,0.16525805
891889,0.12368962
891890,0.98291904
891891,0.45038357
891892,0.32611614
891893,0.053354636
891894,0.016704576
891895,0.9441744
891896,0.38720506
891897,0.010637952
891898,0.6084167
891899,0.042479258
891900,0.9708501
891901,0.7875522
891902,0.34573406
891903,0.9976844
891904,0.9694658
891905,0.9968062
891906,0.8373204
891907,0.06537773
891908,0.97971946
891909,0.14691749
891910,0.002813167
891911,0.42359477
891912,0.020692607
891913,0.9461703
891914,0.93182284
891915,0.9942482
891916,0.5914309
891917,0.9873209
891918,0.01069957
891919,0.7634462
891920,0.003162227
891921,0.07271196
891922,0.01744746
891923,0.05245615
891924,0.89296824
891925,0.91267836
891926,0.017982978
891927,0.9692893
891928,0.997946
891929,0.9901824
891930,0.69023645
891931,0.89793646
891932,0.9330118
891933,0.9638429
891934,0.021317776
891935,0.86762565
891936,0.9358839
891937,0.6597701
891938,0.977083
891939,0.63586456
891940,0.021114148
891941,0.3962391
891942,0.54955786
891943,0.022796877
891944,0.030200474
891945,0.92551893
891946,0.018663429
891947,0.033344556
891948,0.045729622
891949,0.21550098
891950,0.014319917
891951,0.00703343
891952,0.006881004
891953,0.004127135
891954,0.005608121
891955,0.90537095
891956,0.88604784
891957,0.091114536
891958,0.9933078
891959,0.05397532
891960,0.99794245
891961,0.006134661
891962,0.030266238
891963,0.22694416
891964,0.9827249
891965,0.21501648
891966,0.11830392
891967,0.62399375
891968,0.8811741
891969,0.104556814
891970,0.033446223
891971,0.0072054765
891972,0.65819496
891973,0.060550924
891974,0.68029165
891975,0.28079745
891976,0.03746744
891977,0.014089043
891978,0.0995153
891979,0.00413856
891980,0.010777191
891981,0.6213908
891982,0.88657844
891983,0.058480423
891984,0.41758382
891985,0.09094002
891986,0.02952194
891987,0.97307825
891988,0.2656568
891989,0.0040915506
891990,0.011446205
891991,0.030934215
891992,0.98647445
891993,0.05417143
891994,0.008624048
891995,0.89919823
891996,0.8546535
891997,0.0023755007
891998,0.86730105
891999,0.007645104
892000,0.96138555
892001,0.064564764
892002,0.7284479
892003,0.99360394
892004,0.7654541
892005,0.015040848
892006,0.07878009
892007,0.99878705
892008,0.01319943
892009,0.20125817
892010,0.99603426
892011,0.31260467
892012,0.96673
892013,0.8384519
892014,0.97910243
892015,0.87972957
892016,0.96690047
892017,0.6046363
892018,0.98009235
892019,0.0098361615
892020,0.43355232
892021,0.997172
892022,0.39395782
892023,0.042546697
892024,0.9842541
892025,0.99086654
892026,0.002717902
892027,0.19896358
892028,0.14233589
892029,0.007851322
892030,0.6668254
892031,0.26489347
892032,0.9433497
892033,0.970606
892034,0.97593856
892035,0.007337062
892036,0.18978766
892037,0.08291331
892038,0.61307114
892039,0.061430167
892040,0.1389367
892041,0.5545018
892042,0.08093858
892043,0.038271267
892044,0.8911873
892045,0.17011884
892046,0.99610704
892047,0.9889801
892048,0.38823855
892049,0.42718834
892050,0.9909948
892051,0.9904418
892052,0.09547184
892053,0.8818215
892054,0.021786422
892055,0.15625674
892056,0.021196306
892057,0.9495995
892058,0.95501757
892059,0.8896381
892060,0.73653316
892061,0.5024723
892062,0.019398434
892063,0.5983375
892064,0.013613298
892065,0.07332289
892066,0.6981664
892067,0.2662994
892068,0.9993603
892069,0.28341725
892070,0.22542664
892071,0.0045021935
892072,0.58092725
892073,0.9552947
892074,0.008212447
892075,0.019433074
892076,0.26182365
892077,0.0702053
892078,0.36732137
892079,0.19420955
892080,0.6319223
892081,0.8365793
892082,0.16725814
892083,0.0037119805
892084,0.9595846
892085,0.26056784
892086,0.0071805287
892087,0.99783725
892088,0.42623308
892089,0.88273436
892090,0.7117445
892091,0.040692445
892092,0.018338792
892093,0.9183186
892094,0.95277387
892095,0.98259014
892096,0.009593796
892097,0.10004931
892098,0.100299925
892099,0.86821353
892100,0.8111852
892101,0.0031192861
892102,0.9840978
892103,0.05655867
892104,0.014636571
892105,0.9138258
892106,0.96399236
892107,0.021104624
892108,0.9958551
892109,0.7502254
892110,0.37493756
892111,0.0042465366
892112,0.38459438
892113,0.9780578
892114,0.056424037
892115,0.035975855
892116,0.874394
892117,0.17462689
892118,0.02865932
892119,0.4204703
892120,0.34061944
892121,0.9921884
892122,0.99448526
892123,0.9643348
892124,0.980322
892125,0.070314124
892126,0.70397407
892127,0.2722078
892128,0.0077331485
892129,0.07195185
892130,0.09173165
892131,0.0064779813
892132,0.9219479
892133,0.8916945
892134,0.074631974
892135,0.17293322
892136,0.070951805
892137,0.0059866337
892138,0.92326635
892139,0.40483364
892140,0.46468773
892141,0.042254064
892142,0.02048394
892143,0.8145534
892144,0.99423313
892145,0.038621433
892146,0.0046191663
892147,0.09399713
892148,0.047794875
892149,0.55957055
892150,0.058968924
892151,0.015611578
892152,0.3560022
892153,0.45126206
892154,0.93633
892155,0.015728435
892156,0.95465267
892157,0.9946123
892158,0.99539644
892159,0.114682935
892160,0.28092587
892161,0.024895089
892162,0.013812334
892163,0.020032458
892164,0.10434766
892165,0.37980524
892166,0.36221433
892167,0.946019
892168,0.99612045
892169,0.1227948
892170,0.9372312
892171,0.121374145
892172,0.008847298
892173,0.42080712
892174,0.9946785
892175,0.5666952
892176,0.9682044
892177,0.012095933
892178,0.01611886
892179,0.1917472
892180,0.0059218463
892181,0.07329248
892182,0.8208184
892183,0.94754463
892184,0.16498569
892185,0.58960307
892186,0.9988768
892187,0.74911284
892188,0.9964919
892189,0.10959096
892190,0.86555207
892191,0.94655323
892192,0.76820254
892193,0.51749754
892194,0.012110889
892195,0.020301865
892196,0.98304087
892197,0.008431017
892198,0.9568299
892199,0.42013216
892200,0.63002115
892201,0.79715556
892202,0.02224975
892203,0.022931902
892204,0.89036196
892205,0.037814174
892206,0.017496655
892207,0.16234566
892208,0.9758842
892209,0.039967574
892210,0.20637411
892211,0.90421104
892212,0.022930944
892213,0.52957916
892214,0.9828352
892215,0.027636668
892216,0.6699619
892217,0.008767907
892218,0.9958594
892219,0.18264815
892220,0.99575955
892221,0.07854485
892222,0.92594576
892223,0.9988291
892224,0.9564992
892225,0.6800404
892226,0.032448933
892227,0.062809944
892228,0.8836672
892229,0.30180633
892230,0.19777474
892231,0.97523165
892232,0.9763554
892233,0.03941046
892234,0.99097323
892235,0.467521
892236,0.22805105
892237,0.036142215
892238,0.96265846
892239,0.012164732
892240,0.1347533
892241,0.20763335
892242,0.013748201
892243,0.14828625
892244,0.22174892
892245,0.020305082
892246,0.0918682
892247,0.9929064
892248,0.033887077
892249,0.0036770825
892250,0.2879568
892251,0.0076166685
892252,0.99551195
892253,0.88696855
892254,0.99709225
892255,0.6846213
892256,0.055384476
892257,0.047744844
892258,0.025815256
892259,0.9828032
892260,0.4988763
892261,0.0044987723
892262,0.8962851
892263,0.5707811
892264,0.17871913
892265,0.99708253
892266,0.037778284
892267,0.9882787
892268,0.97405094
892269,0.8072486
892270,0.04153598
892271,0.038520835
892272,0.68804544
892273,0.10211867
892274,0.018359926
892275,0.0770403
892276,0.18982539
892277,0.080136664
892278,0.89399886
892279,0.09883429
892280,0.088960975
892281,0.017454088
892282,0.3020407
892283,0.94482577
892284,0.009814575
892285,0.7376058
892286,0.9097628
892287,0.35922694
892288,0.012447267
892289,0.98793066
892290,0.09996169
892291,0.27849862
892292,0.3082713
892293,0.99943763
892294,0.3129029
892295,0.0019810311
892296,0.004215377
892297,0.23801611
892298,0.6426842
892299,0.89642334
892300,0.065415554
892301,0.98885113
892302,0.1893205
892303,0.00786676
892304,0.84949124
892305,0.7089231
892306,0.17638531
892307,0.09667047
892308,0.8492854
892309,0.74613696
892310,0.012559565
892311,0.18772204
892312,0.018668726
892313,0.97520936
892314,0.92132723
892315,0.00849243
892316,0.12510656
892317,0.007205869
892318,0.16543868
892319,0.98100996
892320,0.20069674
892321,0.003255513
892322,0.0052891355
892323,0.022632819
892324,0.7067537
892325,0.015308309
892326,0.020107253
892327,0.0033538896
892328,0.9684359
892329,0.88897496
892330,0.92893845
892331,0.012294591
892332,0.71859443
892333,0.35995397
892334,0.41651487
892335,0.807356
892336,0.06839333
892337,0.86802775
892338,0.09617934
892339,0.18197702
892340,0.0059370385
892341,0.98992646
892342,0.9347956
892343,0.9737449
892344,0.4967093
892345,0.99954194
892346,0.02320554
892347,0.9106523
892348,0.23609103
892349,0.017128821
892350,0.5847469
892351,0.5965758
892352,0.8816644
892353,0.99370694
892354,0.99202216
892355,0.09457081
892356,0.0034563106
892357,0.9968618
892358,0.14347968
892359,0.04512651
892360,0.37727603
892361,0.54975843
892362,0.9222732
892363,0.7545846
892364,0.9665625
892365,0.99863505
892366,0.012616521
892367,0.12584093
892368,0.33564958
892369,0.0130487885
892370,0.079210386
892371,0.01863651
892372,0.37961614
892373,0.0035530557
892374,0.81970596
892375,0.8468585
892376,0.9971558
892377,0.34842196
892378,0.06969504
892379,0.9669444
892380,0.99895155
892381,0.020870795
892382,0.6643138
892383,0.9943085
892384,0.6055795
892385,0.031420097
892386,0.19022904
892387,0.9771749
892388,0.9530573
892389,0.03906699
892390,0.25574744
892391,0.02933186
892392,0.019950796
892393,0.990763
892394,0.008811675
892395,0.013213974
892396,0.014720669
892397,0.76830536
892398,0.7772555
892399,0.997581
892400,0.012780358
892401,0.023632651
892402,0.91720784
892403,0.96499914
892404,0.4302974
892405,0.9919511
892406,0.517789
892407,0.012335597
892408,0.8978368
892409,0.97737646
892410,0.049655057
892411,0.11235014
892412,0.003240781
892413,0.5021638
892414,0.027713113
892415,0.6992924
892416,0.16055894
892417,0.034969717
892418,0.66653734
892419,0.9881401
892420,0.98651034
892421,0.04053151
892422,0.9905721
892423,0.99860847
892424,0.7380359
892425,0.093643315
892426,0.9499519
892427,0.012266067
892428,0.022726065
892429,0.006454845
892430,0.10747866
892431,0.009342685
892432,0.8421162
892433,0.9970657
892434,0.036637366
892435,0.954644
892436,0.067727014
892437,0.9961865
892438,0.53166574
892439,0.082095556
892440,0.004840144
892441,0.9916854
892442,0.01833412
892443,0.935691
892444,0.03567543
892445,0.008704536
892446,0.011713335
892447,0.059729174
892448,0.99501157
892449,0.014235711
892450,0.015775431
892451,0.037751533
892452,0.36606997
892453,0.79900193
892454,0.0023235723
892455,0.010012854
892456,0.9823019
892457,0.019138455
892458,0.21594927
892459,0.123154774
892460,0.012055131
892461,0.0070169484
892462,0.01064042
892463,0.59378886
892464,0.99131864
892465,0.019442888
892466,0.86796385
892467,0.86851716
892468,0.95156974
892469,0.44600895
892470,0.9978386
892471,0.972957
892472,0.003217616
892473,0.9536775
892474,0.99933517
892475,0.49970704
892476,0.5636419
892477,0.04810734
892478,0.020175755
892479,0.9447273
892480,0.9433913
892481,0.989859
892482,0.025058305
892483,0.049730755
892484,0.6445514
892485,0.99303067
892486,0.89547503
892487,0.54527986
892488,0.049440596
892489,0.8738977
892490,0.12527117
892491,0.053233724
892492,0.09513678
892493,0.2678102
892494,0.97203976
892495,0.004433417
892496,0.010215457
892497,0.93709236
892498,0.029797709
892499,0.99373126
892500,0.98591816
892501,0.33202606
892502,0.94031906
892503,0.965754
892504,0.27431357
892505,0.110798985
892506,0.9885326
892507,0.07118977
892508,0.08761822
892509,0.012312449
892510,0.01153799
892511,0.0073319334
892512,0.04567354
892513,0.12626077
892514,0.9898933
892515,0.9205544
892516,0.030286185
892517,0.641491
892518,0.0068306504
892519,0.02296723
892520,0.74574256
892521,0.01609726
892522,0.007924952
892523,0.5386876
892524,0.99046075
892525,0.9095775
892526,0.010440083
892527,0.9545335
892528,0.023040645
892529,0.2816832
892530,0.52900743
892531,0.9996271
892532,0.05991186
892533,0.9853814
892534,0.87757736
892535,0.05107774
892536,0.9801676
892537,0.99709904
892538,0.11921087
892539,0.9900713
892540,0.9977081
892541,0.5953609
892542,0.94074374
892543,0.010121565
892544,0.010161442
892545,0.81220806
892546,0.98341167
892547,0.9946041
892548,0.993675
892549,0.21036787
892550,0.81025183
892551,0.48293144
892552,0.9956076
892553,0.99853444
892554,0.9567432
892555,0.19217464
892556,0.012153823
892557,0.30412707
892558,0.90117884
892559,0.015631644
892560,0.9948288
892561,0.06432159
892562,0.0404773
892563,0.24944845
892564,0.041344367
892565,0.022574846
892566,0.8372414
892567,0.8242292
892568,0.98718774
892569,0.016128793
892570,0.027176421
892571,0.035000294
892572,0.024607081
892573,0.015120823
892574,0.4761104
892575,0.99049395
892576,0.90156144
892577,0.9879643
892578,0.9792731
892579,0.9806296
892580,0.0053039477
892581,0.20344669
892582,0.99642754
892583,0.70654285
892584,0.012378898
892585,0.9780674
892586,0.07761671
892587,0.89118123
892588,0.9664029
892589,0.026461035
892590,0.9758069
892591,0.027152585
892592,0.028838526
892593,0.9623502
892594,0.9162608
892595,0.8994342
892596,0.8411783
892597,0.92376333
892598,0.015344491
892599,0.35231677
892600,0.016311346
892601,0.7695374
892602,0.077513844
892603,0.109289534
892604,0.025464047
892605,0.0085250465
892606,0.0023183357
892607,0.016172808
892608,0.9982987
892609,0.02811493
892610,0.94624996
892611,0.15275833
892612,0.9978043
892613,0.031052787
892614,0.14295234
892615,0.98116857
892616,0.025010217
892617,0.016267795
892618,0.031764194
892619,0.24306683
892620,0.014492744
892621,0.008947566
892622,0.07501616
892623,0.116053514
892624,0.006125668
892625,0.978574
892626,0.46619093
892627,0.8237452
892628,0.08317574
892629,0.9394217
892630,0.8555144
892631,0.40366676
892632,0.8468142
892633,0.65450484
892634,0.8694109
892635,0.029833645
892636,0.17899166
892637,0.9440756
892638,0.029089764
892639,0.0087413965
892640,0.033768997
892641,0.80389583
892642,0.9759711
892643,0.45066044
892644,0.029176302
892645,0.9587256
892646,0.99896723
892647,0.87749946
892648,0.027271695
892649,0.008611776
892650,0.0074468497
892651,0.0040938053
892652,0.04653542
892653,0.16163425
892654,0.06444454
892655,0.20602155
892656,0.97521764
892657,0.13366663
892658,0.03083329
892659,0.008032175
892660,0.990118
892661,0.9740865
892662,0.032326218
892663,0.025152685
892664,0.0067822295
892665,0.06365972
892666,0.011615427
892667,0.98119456
892668,0.013997635
892669,0.9481293
892670,0.9429195
892671,0.8764778
892672,0.0038455967
892673,0.75302255
892674,0.041196797
892675,0.02487307
892676,0.0058064233
892677,0.99907976
892678,0.1145542
892679,0.993044
892680,0.08868172
892681,0.23764004
892682,0.09156808
892683,0.026522085
892684,0.9890417
892685,0.011411548
892686,0.013267871
892687,0.020120468
892688,0.99068564
892689,0.9875662
892690,0.53916556
892691,0.2687406
892692,0.004918007
892693,0.9948373
892694,0.057718914
892695,0.025937235
892696,0.11946061
892697,0.8761915
892698,0.27135414
892699,0.9869656
892700,0.011369442
892701,0.935059
892702,0.06876613
892703,0.97707045
892704,0.027339667
892705,0.9891066
892706,0.9925709
892707,0.74587196
892708,0.07760185
892709,0.020913638
892710,0.9242569
892711,0.91298085
892712,0.6631224
892713,0.09256317
892714,0.051873878
892715,0.03315636
892716,0.7614723
892717,0.09188433
892718,0.9748134
892719,0.15748294
892720,0.01992917
892721,0.010372622
892722,0.97295654
892723,0.1801832
892724,0.1436287
892725,0.17394905
892726,0.6725327
892727,0.06489169
892728,0.10695978
892729,0.6600208
892730,0.9583903
892731,0.030640258
892732,0.06650498
892733,0.25367802
892734,0.94506586
892735,0.085623026
892736,0.8372496
892737,0.9221643
892738,0.8414336
892739,0.96325713
892740,0.97497064
892741,0.5379866
892742,0.009337505
892743,0.022445746
892744,0.99172497
892745,0.08219788
892746,0.15302522
892747,0.042244326
892748,0.94731176
892749,0.8844833
892750,0.9483086
892751,0.23659898
892752,0.018274311
892753,0.021385312
892754,0.24379665
892755,0.043200754
892756,0.5228442
892757,0.9965806
892758,0.4643914
892759,0.028133271
892760,0.02808256
892761,0.39035928
892762,0.91762084
892763,0.8619017
892764,0.0037045164
892765,0.006563086
892766,0.48013943
892767,0.92880106
892768,0.283431
892769,0.06610631
892770,0.9989431
892771,0.012909697
892772,0.7264705
892773,0.052681196
892774,0.0809912
892775,0.8188206
892776,0.19163135
892777,0.72609365
892778,0.9308481
892779,0.7546436
892780,0.96682227
892781,0.06550656
892782,0.0035990477
892783,0.94077206
892784,0.9472766
892785,0.9337756
892786,0.95500606
892787,0.91536677
892788,0.955206
892789,0.40666747
892790,0.008995738
892791,0.046473626
892792,0.97931665
892793,0.010342805
892794,0.031738114
892795,0.9375149
892796,0.031582627
892797,0.9927854
892798,0.02589233
892799,0.03534981
892800,0.30846536
892801,0.008192487
892802,0.57971287
892803,0.9469631
892804,0.8413101
892805,0.003467847
892806,0.4049255
892807,0.13677113
892808,0.91779804
892809,0.22150686
892810,0.17105001
892811,0.98843336
892812,0.022527872
892813,0.48380554
892814,0.8220256
892815,0.949468
892816,0.0015272321
892817,0.35007572
892818,0.495553
892819,0.086086944
892820,0.9805284
892821,0.4935141
892822,0.27996308
892823,0.54781026
892824,0.6515235
892825,0.63402206
892826,0.40307218
892827,0.03850802
892828,0.699631
892829,0.8687333
892830,0.99299854
892831,0.95866996
892832,0.93418443
892833,0.05192198
892834,0.98209554
892835,0.89661366
892836,0.026493408
892837,0.25810796
892838,0.8663541
892839,0.3398359
892840,0.09600571
892841,0.39055252
892842,0.050426647
892843,0.25225544
892844,0.84256333
892845,0.9562733
892846,0.8905694
892847,0.14812088
892848,0.3390042
892849,0.8547726
892850,0.9920819
892851,0.47574344
892852,0.66318214
892853,0.14395797
892854,0.988585
892855,0.057968646
892856,0.048170775
892857,0.9302099
892858,0.050043687
892859,0.9684371
892860,0.74179447
892861,0.9917799
892862,0.9501293
892863,0.9237479
892864,0.07862883
892865,0.89219147
892866,0.9970001
892867,0.58726585
892868,0.8022233
892869,0.5963321
892870,0.1633529
892871,0.09818953
892872,0.7343669
892873,0.45561704
892874,0.0149914995
892875,0.25570065
892876,0.006223248
892877,0.13087411
892878,0.75302464
892879,0.03574181
892880,0.005900872
892881,0.9678507
892882,0.031060584
892883,0.98909205
892884,0.21804835
892885,0.98934424
892886,0.0369279
892887,0.8785464
892888,0.973958
892889,0.015622503
892890,0.789387
892891,0.024726871
892892,0.044671495
892893,0.027749773
892894,0.9319582
892895,0.7151829
892896,0.03459775
892897,0.9497739
892898,0.011774914
892899,0.08148286
892900,0.8162564
892901,0.005758705
892902,0.011087856
892903,0.9450364
892904,0.27791563
892905,0.6723988
892906,0.07428286
892907,0.008101633
892908,0.999225
892909,0.94462496
892910,0.9916997
892911,0.005490092
892912,0.0991376
892913,0.9903879
892914,0.7729562
892915,0.63959503
892916,0.91371673
892917,0.1482804
892918,0.022105012
892919,0.08004315
892920,0.0023706567
892921,0.088051565
892922,0.011778069
892923,0.87026685
892924,0.9914362
892925,0.003765428
892926,0.96167505
892927,0.70668095
892928,0.9801045
892929,0.84606296
892930,0.7975092
892931,0.25488648
892932,0.23706277
892933,0.045633234
892934,0.037975423
892935,0.29085273
892936,0.65180117
892937,0.16605625
892938,0.007978255
892939,0.6760091
892940,0.986307
892941,0.93710744
892942,0.44499493
892943,0.971268
892944,0.061481472
892945,0.9868719
892946,0.93743724
892947,0.93478763
892948,0.289812
892949,0.026250191
892950,0.013103407
892951,0.009970014
892952,0.86009073
892953,0.9878707
892954,0.32536575
892955,0.21070209
892956,0.69600445
892957,0.9986528
892958,0.592331
892959,0.05982587
892960,0.8855537
892961,0.9652064
892962,0.0034348674
892963,0.6988038
892964,0.9780005
892965,0.005626474
892966,0.9437856
892967,0.024026897
892968,0.012220092
892969,0.8253453
892970,0.07393544
892971,0.5665356
892972,0.012535777
892973,0.051873147
892974,0.60628015
892975,0.9741768
892976,0.021430122
892977,0.014351909
892978,0.0047146818
892979,0.043956194
892980,0.08944445
892981,0.05938498
892982,0.98483557
892983,0.96592844
892984,0.92637324
892985,0.014050155
892986,0.9930712
892987,0.8439942
892988,0.52928823
892989,0.036891546
892990,0.0013853009
892991,0.9964994
892992,0.065272644
892993,0.9658931
892994,0.035420388
892995,0.94825464
892996,0.97320735
892997,0.0050761118
892998,0.9441681
892999,0.032173857
893000,0.9075794
893001,0.9225535
893002,0.98998636
893003,0.98818344
893004,0.044713862
893005,0.95574665
893006,0.7492029
893007,0.07140915
893008,0.09937176
893009,0.06196302
893010,0.5263616
893011,0.08260441
893012,0.0052847234
893013,0.51416266
893014,0.010323226
893015,0.012803301
893016,0.6307372
893017,0.02664875
893018,0.8494972
893019,0.9067013
893020,0.3115002
893021,0.97975886
893022,0.012322266
893023,0.85634446
893024,0.2228542
893025,0.16656601
893026,0.048376523
893027,0.048212174
893028,0.9969497
893029,0.99599516
893030,0.99782187
893031,0.39769202
893032,0.9509204
893033,0.3130921
893034,0.95018184
893035,0.027781248
893036,0.166037
893037,0.03142222
893038,0.011354369
893039,0.111906536
893040,0.9943943
893041,0.95723784
893042,0.9171517
893043,0.059452433
893044,0.7928852
893045,0.9596461
893046,0.95366746
893047,0.25174114
893048,0.11060046
893049,0.047610197
893050,0.876035
893051,0.08645732
893052,0.0037777969
893053,0.9522641
893054,0.0032551696
893055,0.9957533
893056,0.00092951156
893057,0.98901826
893058,0.9603347
893059,0.053811297
893060,0.9330834
893061,0.70692503
893062,0.006338009
893063,0.35718322
893064,0.03155146
893065,0.4387142
893066,0.0454381
893067,0.9810889
893068,0.9892459
893069,0.029904362
893070,0.09512072
893071,0.98788595
893072,0.18139058
893073,0.11825664
893074,0.9950464
893075,0.018679097
893076,0.89881337
893077,0.99890596
893078,0.022877144
893079,0.9925034
893080,0.9607708
893081,0.22288197
893082,0.9603793
893083,0.7924258
893084,0.38673776
893085,0.031478714
893086,0.93842375
893087,0.9992407
893088,0.9417086
893089,0.9699818
893090,0.9703027
893091,0.43365884
893092,0.89834875
893093,0.96506923
893094,0.02095466
893095,0.056617916
893096,0.24229068
893097,0.06632372
893098,0.16565202
893099,0.9517865
893100,0.055149443
893101,0.99603856
893102,0.8238763
893103,0.90946645
893104,0.993443
893105,0.027987208
893106,0.015290236
893107,0.915294
893108,0.061922185
893109,0.9887601
893110,0.99394834
893111,0.0034554997
893112,0.0077503445
893113,0.053749826
893114,0.55621517
893115,0.9822818
893116,0.030668218
893117,0.81399876
893118,0.98316383
893119,0.03942804
893120,0.26074702
893121,0.96690136
893122,0.9645109
893123,0.028035995
893124,0.9736507
893125,0.42780143
893126,0.9602837
893127,0.73876715
893128,0.99570906
893129,0.9950502
893130,0.9765261
893131,0.93790734
893132,0.9956247
893133,0.7551272
893134,0.59724444
893135,0.029691648
893136,0.8098444
893137,0.97290885
893138,0.09514096
893139,0.030672835
893140,0.95842206
893141,0.13620354
893142,0.007703297
893143,0.8165098
893144,0.7758777
893145,0.9965531
893146,0.20295136
893147,0.96947074
893148,0.9907771
893149,0.8398209
893150,0.21830663
893151,0.29948515
893152,0.92148286
893153,0.831871
893154,0.005760922
893155,0.9567371
893156,0.06295249
893157,0.0034619577
893158,0.0021180902
893159,0.98442745
893160,0.020006794
893161,0.19020826
893162,0.122324295
893163,0.025174178
893164,0.025745278
893165,0.690688
893166,0.009278897
893167,0.018254222
893168,0.011006413
893169,0.74392414
893170,0.023766791
893171,0.9878619
893172,0.025952816
893173,0.0032322963
893174,0.038679868
893175,0.0055196728
893176,0.07833702
893177,0.99662
893178,0.99370724
893179,0.24635376
893180,0.005417295
893181,0.9816935
893182,0.077190235
893183,0.029431233
893184,0.9505699
893185,0.23628479
893186,0.17230026
893187,0.9841917
893188,0.041950297
893189,0.19737743
893190,0.9923985
893191,0.86682135
893192,0.062889114
893193,0.004652765
893194,0.11574171
893195,0.31794965
893196,0.9863357
893197,0.071936876
893198,0.5135547
893199,0.9754894
893200,0.1249704
893201,0.82243246
893202,0.802605
893203,0.3369483
893204,0.15688454
893205,0.9757878
893206,0.9630351
893207,0.027451582
893208,0.027844697
893209,0.018641379
893210,0.028206468
893211,0.9942676
893212,0.50276214
893213,0.7675425
893214,0.70275605
893215,0.8333007
893216,0.060835894
893217,0.63790774
893218,0.024910329
893219,0.9975518
893220,0.36554754
893221,0.86167765
893222,0.9952869
893223,0.90886545
893224,0.9846871
893225,0.9318973
893226,0.38166076
893227,0.9520803
893228,0.94198555
893229,0.10698022
893230,0.513006
893231,0.09840212
893232,0.5615146
893233,0.954217
893234,0.022464763
893235,0.5114044
893236,0.80995965
893237,0.987318
893238,0.013594817
893239,0.96879363
893240,0.013019907
893241,0.978821
893242,0.021327319
893243,0.3225589
893244,0.92188364
893245,0.043627076
893246,0.0048018903
893247,0.051378846
893248,0.9985268
893249,0.028988652
893250,0.55055285
893251,0.7401261
893252,0.03807429
893253,0.021203201
893254,0.024642808
893255,0.07746362
893256,0.9742921
893257,0.69628596
893258,0.9418903
893259,0.0855654
893260,0.02930168
893261,0.23693372
893262,0.017656596
893263,0.9860357
893264,0.094441086
893265,0.9975481
893266,0.9968603
893267,0.9912249
893268,0.25046143
893269,0.0029742513
893270,0.0032000686
893271,0.9820636
893272,0.017814897
893273,0.015669884
893274,0.018715337
893275,0.06800105
893276,0.9938601
893277,0.57938856
893278,0.028933689
893279,0.010406582
893280,0.33751202
893281,0.50277495
893282,0.047088113
893283,0.9978785
893284,0.98648584
893285,0.9662938
893286,0.7793298
893287,0.30678284
893288,0.11305128
893289,0.11178058
893290,0.09679041
893291,0.7625865
893292,0.00830879
893293,0.85729194
893294,0.01173632
893295,0.02230452
893296,0.9567286
893297,0.02224566
893298,0.13688678
893299,0.0010193029
893300,0.008323073
893301,0.65197116
893302,0.9737712
893303,0.99622166
893304,0.40801716
893305,0.03998389
893306,0.838833
893307,0.016447084
893308,0.017617678
893309,0.99828386
893310,0.04051519
893311,0.03329788
893312,0.9186342
893313,0.016496707
893314,0.99720335
893315,0.0062145162
893316,0.34137678
893317,0.007923045
893318,0.12307441
893319,0.0051375376
893320,0.9847193
893321,0.6976284
893322,0.97004104
893323,0.047022
893324,0.009589093
893325,0.013323271
893326,0.004285357
893327,0.63603467
893328,0.9769064
893329,0.9376747
893330,0.01177651
893331,0.16815847
893332,0.9433274
893333,0.8959905
893334,0.026502205
893335,0.97335386
893336,0.041291088
893337,0.9628519
893338,0.0037034326
893339,0.3306516
893340,0.9711948
893341,0.97261494
893342,0.012273956
893343,0.87932533
893344,0.004439025
893345,0.5304072
893346,0.8195228
893347,0.81239367
893348,0.959423
893349,0.05071938
893350,0.9369886
893351,0.85188836
893352,0.073696844
893353,0.9925713
893354,0.83431256
893355,0.9736247
893356,0.76903135
893357,0.09502657
893358,0.003423302
893359,0.977628
893360,0.1859397
893361,0.8509633
893362,0.3507309
893363,0.79941964
893364,0.0360574
893365,0.89168495
893366,0.98930717
893367,0.006042083
893368,0.91269964
893369,0.98725677
893370,0.6527754
893371,0.002629806
893372,0.015053647
893373,0.14604346
893374,0.8561415
893375,0.9751821
893376,0.13550302
893377,0.22104207
893378,0.39324212
893379,0.9455979
893380,0.04708331
893381,0.9954015
893382,0.061865725
893383,0.94286007
893384,0.08603437
893385,0.993943
893386,0.9964055
893387,0.75504166
893388,0.036335427
893389,0.989362
893390,0.030488595
893391,0.021458099
893392,0.6356827
893393,0.051491216
893394,0.074058
893395,0.5526522
893396,0.22981304
893397,0.16940218
893398,0.14232728
893399,0.2878696
893400,0.26703045
893401,0.04899262
893402,0.99870694
893403,0.21221322
893404,0.8483925
893405,0.06329035
893406,0.04214518
893407,0.5885087
893408,0.14267862
893409,0.9977906
893410,0.006051357
893411,0.5396469
893412,0.8209059
893413,0.032054532
893414,0.011520203
893415,0.41957548
893416,0.69807947
893417,0.0047571035
893418,0.40391654
893419,0.1212035
893420,0.51713395
893421,0.008104822
893422,0.08208205
893423,0.90481496
893424,0.9160994
893425,0.32748348
893426,0.6421149
893427,0.006122483
893428,0.5127925
893429,0.076690026
893430,0.98102665
893431,0.08882355
893432,0.26210493
893433,0.99003816
893434,0.9995768
893435,0.007802248
893436,0.006760276
893437,0.90057635
893438,0.9051586
893439,0.92056537
893440,0.005489129
893441,0.1775197
893442,0.8090949
893443,0.25711513
893444,0.019517181
893445,0.99845827
893446,0.010486354
893447,0.017816223
893448,0.93684363
893449,0.19912988
893450,0.14841764
893451,0.033680044
893452,0.9917282
893453,0.9458003
893454,0.97617614
893455,0.96369374
893456,0.99484587
893457,0.9300518
893458,0.008024773
893459,0.06883265
893460,0.9615187
893461,0.27281666
893462,0.08765849
893463,0.9880182
893464,0.5514362
893465,0.012371732
893466,0.055117145
893467,0.9708217
893468,0.78433526
893469,0.8894466
893470,0.5165515
893471,0.17429414
893472,0.31037644
893473,0.7109046
893474,0.0031884569
893475,0.9756446
893476,0.98101866
893477,0.16679215
893478,0.9982754
893479,0.0064838706
893480,0.0053061354
893481,0.1041851
893482,0.002231042
893483,0.46834996
893484,0.9938978
893485,0.9920979
893486,0.12174395
893487,0.3118739
893488,0.8215182
893489,0.017693445
893490,0.9834383
893491,0.7982166
893492,0.7440532
893493,0.013433634
893494,0.107809454
893495,0.5209386
893496,0.98208654
893497,0.76154906
893498,0.0059533017
893499,0.91658044
893500,0.046747573
893501,0.062433984
893502,0.06998955
893503,0.010702586
893504,0.42658454
893505,0.01350151
893506,0.9195404
893507,0.93705696
893508,0.0036452583
893509,0.028699253
893510,0.27480173
893511,0.951586
893512,0.27857515
893513,0.03667226
893514,0.61296296
893515,0.09413279
893516,0.7461299
893517,0.99264205
893518,0.06726575
893519,0.04779807
893520,0.648004
893521,0.58579135
893522,0.14909866
893523,0.33463544
893524,0.041446276
893525,0.006003904
893526,0.99481237
893527,0.9978296
893528,0.0316653
893529,0.040915657
893530,0.82846504
893531,0.06973713
893532,0.9154824
893533,0.0058233542
893534,0.0129695255
893535,0.96137863
893536,0.08526236
893537,0.27589253
893538,0.04624101
893539,0.108057804
893540,0.041648038
893541,0.89200664
893542,0.061201323
893543,0.998265
893544,0.2536258
893545,0.9940902
893546,0.5388585
893547,0.03538858
893548,0.039878074
893549,0.9867134
893550,0.37890625
893551,0.21493076
893552,0.983877
893553,0.8723028
893554,0.38988864
893555,0.006998389
893556,0.87895155
893557,0.00221418
893558,0.023735091
893559,0.26896027
893560,0.9710953
893561,0.93790233
893562,0.99586034
893563,0.9477522
893564,0.97684544
893565,0.94984984
893566,0.03789927
893567,0.0580817
893568,0.9466813
893569,0.22936559
893570,0.10826799
893571,0.07930243
893572,0.9496749
893573,0.99383813
893574,0.039022982
893575,0.01664567
893576,0.06300044
893577,0.45826924
893578,0.9505457
893579,0.97746277
893580,0.27202886
893581,0.97638726
893582,0.057849776
893583,0.012974429
893584,0.04557874
893585,0.5250666
893586,0.9847801
893587,0.024219941
893588,0.9983444
893589,0.9772891
893590,0.673068
893591,0.88691795
893592,0.27958053
893593,0.926537
893594,0.33802697
893595,0.9043028
893596,0.002557558
893597,0.2454179
893598,0.961952
893599,0.48545626
893600,0.0052624224
893601,0.98146755
893602,0.36114395
893603,0.9547853
893604,0.9803382
893605,0.57269
893606,0.9419899
893607,0.019564606
893608,0.98596597
893609,0.055777032
893610,0.99949896
893611,0.013233496
893612,0.6666045
893613,0.9609888
893614,0.0021454815
893615,0.0070374785
893616,0.6347697
893617,0.7442556
893618,0.37265074
893619,0.20182227
893620,0.19272095
893621,0.6638305
893622,0.50868744
893623,0.9846959
893624,0.32385
893625,0.20604256
893626,0.008693291
893627,0.8947805
893628,0.017050512
893629,0.96148413
893630,0.014504295
893631,0.0003497646
893632,0.99672854
893633,0.97130597
893634,0.9462507
893635,0.019286195
893636,0.2772952
893637,0.7794784
893638,0.9175463
893639,0.6480101
893640,0.6254083
893641,0.026870387
893642,0.0061675655
893643,0.013855301
893644,0.24832362
893645,0.98828816
893646,0.9653303
893647,0.04065401
893648,0.6117708
893649,0.4318408
893650,0.9264209
893651,0.23823726
893652,0.7292875
893653,0.21564785
893654,0.00541415
893655,0.779524
893656,0.99495816
893657,0.09854461
893658,0.9994011
893659,0.13816953
893660,0.2929419
893661,0.98860896
893662,0.9729849
893663,0.2631989
893664,0.020593803
893665,0.97391194
893666,0.034865532
893667,0.9980771
893668,0.05049603
893669,0.0641528
893670,0.7905794
893671,0.89139444
893672,0.032914653
893673,0.48320386
893674,0.8472339
893675,0.6741299
893676,0.12551874
893677,0.0090938695
893678,0.8537024
893679,0.09428355
893680,0.923893
893681,0.9683747
893682,0.24246815
893683,0.89463323
893684,0.5453349
893685,0.9901527
893686,0.12799513
893687,0.17734966
893688,0.38257813
893689,0.95069534
893690,0.22315544
893691,0.99342805
893692,0.8328481
893693,0.9524778
893694,0.35342193
893695,0.99940467
893696,0.68688226
893697,0.107026376
893698,0.05471208
893699,0.122163445
893700,0.002869768
893701,0.9618901
893702,0.018430157
893703,0.01578081
893704,0.9731564
893705,0.031214863
893706,0.9983507
893707,0.24850714
893708,0.47650498
893709,0.99001896
893710,0.51107013
893711,0.09305483
893712,0.015650427
893713,0.16702947
893714,0.9979558
893715,0.9893492
893716,0.87474847
893717,0.01216149
893718,0.071963094
893719,0.007149365
893720,0.32293475
893721,0.1218998
893722,0.010201432
893723,0.0086016245
893724,0.330604
893725,0.9919114
893726,0.013441186
893727,0.9627874
893728,0.9531446
893729,0.9804851
893730,0.34531024
893731,0.1503511
893732,0.99911284
893733,0.9988928
893734,0.9248185
893735,0.09022823
893736,0.98281944
893737,0.0073107956
893738,0.96502185
893739,0.010759197
893740,0.033298913
893741,0.01794576
893742,0.5696403
893743,0.9907502
893744,0.11974612
893745,0.014030243
893746,0.84644985
893747,0.98722094
893748,0.054008726
893749,0.999508
893750,0.98880297
893751,0.0054290337
893752,0.026476065
893753,0.037592318
893754,0.99275535
893755,0.97899824
893756,0.99601847
893757,0.008086475
893758,0.1628239
893759,0.009036534
893760,0.0214331
893761,0.02214601
893762,0.38025182
893763,0.02751852
893764,0.3489599
893765,0.2711016
893766,0.009483755
893767,0.018182348
893768,0.9838926
893769,0.0108131
893770,0.17510036
893771,0.16851264
893772,0.9940265
893773,0.0048860703
893774,0.963855
893775,0.9418435
893776,0.09458838
893777,0.9911788
893778,0.98987913
893779,0.9623297
893780,0.017873917
893781,0.09725248
893782,0.9882491
893783,0.35778263
893784,0.0035004974
893785,0.012247788
893786,0.043448467
893787,0.9576762
893788,0.0100027425
893789,0.0018299394
893790,0.7814772
893791,0.99725497
893792,0.09563825
893793,0.9856032
893794,0.030097354
893795,0.76207495
893796,0.012695911
893797,0.5732982
893798,0.818984
893799,0.6412106
893800,0.0129775265
893801,0.99746394
893802,0.008348339
893803,0.99650335
893804,0.0016496432
893805,0.8927381
893806,0.9597678
893807,0.976045
893808,0.5324922
893809,0.99071807
893810,0.0028259503
893811,0.31609
893812,0.11082154
893813,0.92134815
893814,0.3862683
893815,0.9053188
893816,0.9462469
893817,0.8387884
893818,0.86591613
893819,0.74353445
893820,0.0070548044
893821,0.03441254
893822,0.06967521
893823,0.21682757
893824,0.07632256
893825,0.71724236
893826,0.8575417
893827,0.29428476
893828,0.99209464
893829,0.39515063
893830,0.0074409395
893831,0.99714667
893832,0.012383969
893833,0.35000664
893834,0.6672314
893835,0.6923578
893836,0.081108205
893837,0.9822398
893838,0.6152385
893839,0.98170835
893840,0.40537068
893841,0.91404253
893842,0.64811784
893843,0.13781808
893844,0.94444245
893845,0.61962426
893846,0.25713015
893847,0.99961066
893848,0.986661
893849,0.02470348
893850,0.28737617
893851,0.95752937
893852,0.018602869
893853,0.029605843
893854,0.004132076
893855,0.030986954
893856,0.9912679
893857,0.8712996
893858,0.035920285
893859,0.96301734
893860,0.9944861
893861,0.9896902
893862,0.01250492
893863,0.4100811
893864,0.08785549
893865,0.7107541
893866,0.38338092
893867,0.937717
893868,0.9871056
893869,0.11975421
893870,0.99589676
893871,0.02937228
893872,0.022498231
893873,0.9870057
893874,0.7178876
893875,0.32648548
893876,0.8840577
893877,0.90639365
893878,0.54562604
893879,0.010717035
893880,0.0028435297
893881,0.21843067
893882,0.3227213
893883,0.01744771
893884,0.021285836
893885,0.5052631
893886,0.9814427
893887,0.983843
893888,0.0190546
893889,0.04498598
893890,0.82735044
893891,0.6160296
893892,0.07179806
893893,0.987532
893894,0.0019097698
893895,0.8130703
893896,0.77016354
893897,0.23693676
893898,0.9924647
893899,0.29299337
893900,0.26093912
893901,0.7479608
893902,0.9181427
893903,0.020656873
893904,0.9406033
893905,0.98151517
893906,0.9128715
893907,0.0043185493
893908,0.33646598
893909,0.06254368
893910,0.9526661
893911,0.6682094
893912,0.0054676114
893913,0.9970149
893914,0.31729323
893915,0.12188174
893916,0.7661458
893917,0.014873609
893918,0.052945606
893919,0.014293197
893920,0.5845879
893921,0.9593081
893922,0.010552837
893923,0.95980376
893924,0.0053649805
893925,0.8858319
893926,0.93573034
893927,0.982276
893928,0.8168896
893929,0.019778952
893930,0.03522619
893931,0.76683795
893932,0.9744032
893933,0.07628538
893934,0.038961217
893935,0.18559395
893936,0.11619855
893937,0.99896955
893938,0.0040092682
893939,0.9158273
893940,0.98419845
893941,0.8926215
893942,0.022968935
893943,0.042804413
893944,0.15592293
893945,0.008186768
893946,0.33970845
893947,0.93808365
893948,0.058542654
893949,0.47048017
893950,0.99827975
893951,0.13265407
893952,0.04438527
893953,0.236415
893954,0.016779093
893955,0.25255737
893956,0.28801182
893957,0.078940876
893958,0.20983037
893959,0.0069206567
893960,0.95185864
893961,0.17987344
893962,0.023268705
893963,0.004666838
893964,0.8952023
893965,0.019883616
893966,0.95626235
893967,0.25105715
893968,0.94905597
893969,0.7363763
893970,0.3882899
893971,0.044918463
893972,0.19633059
893973,0.07287959
893974,0.45516858
893975,0.04165589
893976,0.041660458
893977,0.016429765
893978,0.009067839
893979,0.060320288
893980,0.7725084
893981,0.08918032
893982,0.058042385
893983,0.93445534
893984,0.9939326
893985,0.9110338
893986,0.020096749
893987,0.080702856
893988,0.074846596
893989,0.9268672
893990,0.99328107
893991,0.978351
893992,0.57638824
893993,0.41992962
893994,0.65532964
893995,0.028307686
893996,0.8486333
893997,0.019056639
893998,0.71741766
893999,0.015189264
894000,0.011812044
894001,0.23235786
894002,0.99882126
894003,0.9729583
894004,0.78332806
894005,0.12679501
894006,0.875003
894007,0.98582196
894008,0.9818334
894009,0.11981227
894010,0.07005057
894011,0.056847252
894012,0.4417338
894013,0.98165506
894014,0.59000754
894015,0.04154704
894016,0.92934614
894017,0.0041003525
894018,0.9216403
894019,0.060665473
894020,0.8607831
894021,0.06164464
894022,0.98218966
894023,0.94668466
894024,0.06005159
894025,0.9813163
894026,0.99742115
894027,0.0040574432
894028,0.077828996
894029,0.3320265
894030,0.010158997
894031,0.32954782
894032,0.08724644
894033,0.0073643443
894034,0.9933977
894035,0.03713017
894036,0.86102766
894037,0.9981906
894038,0.5978152
894039,0.84817314
894040,0.8576294
894041,0.9931743
894042,0.038833924
894043,0.02668247
894044,0.99767125
894045,0.01563596
894046,0.9411361
894047,0.9943596
894048,0.2313816
894049,0.027734559
894050,0.9953175
894051,0.9930014
894052,0.9903872
894053,0.9224375
894054,0.06814258
894055,0.00964371
894056,0.5671513
894057,0.37250614
894058,0.012190314
894059,0.023280011
894060,0.077750735
894061,0.015953293
894062,0.7271747
894063,0.6244975
894064,0.61134994
894065,0.024282357
894066,0.86478806
894067,0.061910138
894068,0.13041967
894069,0.9891591
894070,0.29029468
894071,0.98604167
894072,0.01761736
894073,0.9561214
894074,0.99775004
894075,0.9917799
894076,0.97744083
894077,0.97567964
894078,0.015077951
894079,0.98781455
894080,0.0075164614
894081,0.0046631014
894082,0.010126237
894083,0.103411905
894084,0.029018294
894085,0.18753152
894086,0.19768268
894087,0.06819911
894088,0.996319
894089,0.067023925
894090,0.01707485
894091,0.032344636
894092,0.14451528
894093,0.014415556
894094,0.023476623
894095,0.50858366
894096,0.1777219
894097,0.031164587
894098,0.9857974
894099,0.031359807
894100,0.87919796
894101,0.9712459
894102,0.03637999
894103,0.20473781
894104,0.0058198073
894105,0.0055531636
894106,0.0053619556
894107,0.007654193
894108,0.071870916
894109,0.24052909
894110,0.99588096
894111,0.054585557
894112,0.0027641132
894113,0.12579942
894114,0.97683835
894115,0.22148873
894116,0.0076487744
894117,0.95278305
894118,0.009207075
894119,0.98558766
894120,0.9674805
894121,0.0083372975
894122,0.34730047
894123,0.029814666
894124,0.004656391
894125,0.055853285
894126,0.033086717
894127,0.090842836
894128,0.3738527
894129,0.54935884
894130,0.003201488
894131,0.1572954
894132,0.8747827
894133,0.76853
894134,0.9929552
894135,0.9636377
894136,0.96893644
894137,0.0010735083
894138,0.89432406
894139,0.028163368
894140,0.012160465
894141,0.007839298
894142,0.015766568
894143,0.10837532
894144,0.016393222
894145,0.94962513
894146,0.04779322
894147,0.3635078
894148,0.9574367
894149,0.9921339
894150,0.1457594
894151,0.007044932
894152,0.80477
894153,0.03222638
894154,0.02590253
894155,0.036235653
894156,0.116841935
894157,0.517482
894158,0.0036729053
894159,0.8323118
894160,0.01994566
894161,0.99877656
894162,0.9826617
894163,0.38595447
894164,0.12632543
894165,0.71619135
894166,0.037525557
894167,0.9877572
894168,0.99311584
894169,0.99447924
894170,0.33902013
894171,0.010260154
894172,0.032867216
894173,0.9453761
894174,0.06737061
894175,0.98776215
894176,0.4156711
894177,0.08255094
894178,0.45821378
894179,0.028910983
894180,0.9737227
894181,0.34585613
894182,0.09263816
894183,0.04919435
894184,0.89647937
894185,0.004920712
894186,0.9953556
894187,0.9441909
894188,0.050392553
894189,0.7458233
894190,0.9835126
894191,0.016173314
894192,0.8484482
894193,0.85003686
894194,0.9969987
894195,0.10141867
894196,0.028774478
894197,0.14982624
894198,0.47604424
894199,0.15797469
894200,0.023651917
894201,0.25635415
894202,0.84235334
894203,0.028601825
894204,0.9978569
894205,0.05938915
894206,0.050054386
894207,0.99687576
894208,0.005969768
894209,0.035572536
894210,0.003557424
894211,0.9814029
894212,0.022798209
894213,0.16912305
894214,0.42255497
894215,0.011071418
894216,0.22968815
894217,0.9924281
894218,0.018662985
894219,0.98940265
894220,0.6531889
894221,0.39592874
894222,0.2937892
894223,0.7999897
894224,0.9952016
894225,0.9393604
894226,0.94977033
894227,0.06288999
894228,0.06622495
894229,0.9975669
894230,0.0018830723
894231,0.9506916
894232,0.0017349384
894233,0.9812387
894234,0.010652637
894235,0.026797239
894236,0.14567807
894237,0.013875569
894238,0.08562009
894239,0.011687271
894240,0.007299144
894241,0.038739584
894242,0.036377735
894243,0.010186604
894244,0.33283323
894245,0.9967824
894246,0.7919286
894247,0.5605098
894248,0.58494925
894249,0.26580083
894250,0.8489272
894251,0.9595232
894252,0.9932795
894253,0.6053815
894254,0.8006141
894255,0.87780905
894256,0.12808512
894257,0.93341404
894258,0.050859503
894259,0.9933564
894260,0.8475555
894261,0.00808779
894262,0.0085422825
894263,0.9484079
894264,0.020177342
894265,0.99921274
894266,0.8943426
894267,0.94091886
894268,0.060621914
894269,0.13387975
894270,0.012270627
894271,0.9883945
894272,0.49122465
894273,0.9490374
894274,0.01288923
894275,0.49128187
894276,0.76043856
894277,0.8950459
894278,0.9410888
894279,0.99706167
894280,0.2479049
894281,0.42176983
894282,0.9580333
894283,0.09778778
894284,0.120351695
894285,0.9623461
894286,0.95663536
894287,0.97961456
894288,0.21197249
894289,0.03797867
894290,0.789413
894291,0.99601674
894292,0.914827
894293,0.9478545
894294,0.99372315
894295,0.5188364
894296,0.9218644
894297,0.062251568
894298,0.9977695
894299,0.99284035
894300,0.9952959
894301,0.7611495
894302,0.353383
894303,0.038394697
894304,0.957643
894305,0.027899362
894306,0.54161835
894307,0.886284
894308,0.1568468
894309,0.36887944
894310,0.07490519
894311,0.08309822
894312,0.02409422
894313,0.5526737
894314,0.96816695
894315,0.967402
894316,0.83112967
894317,0.017178543
894318,0.19948651
894319,0.0015631138
894320,0.10455366
894321,0.5389221
894322,0.45124218
894323,0.6227504
894324,0.013313818
894325,0.8817959
894326,0.018689074
894327,0.28879836
894328,0.67363393
894329,0.8331598
894330,0.99616003
894331,0.7986447
894332,0.011332253
894333,0.05310343
894334,0.009267425
894335,0.96887183
894336,0.111202
894337,0.22722042
894338,0.024704121
894339,0.28743947
894340,0.9696475
894341,0.9860346
894342,0.021473713
894343,0.011719396
894344,0.027546447
894345,0.02365959
894346,0.011963893
894347,0.10199875
894348,0.057533376
894349,0.16849789
894350,0.99231726
894351,0.8792192
894352,0.053630523
894353,0.08048616
894354,0.8290384
894355,0.70871735
894356,0.5714475
894357,0.010217614
894358,0.97430456
894359,0.25777826
894360,0.99456424
894361,0.03143802
894362,0.082038164
894363,0.04695675
894364,0.050601553
894365,0.008284403
894366,0.34867096
894367,0.022315288
894368,0.80941457
894369,0.018627197
894370,0.9603087
894371,0.61677843
894372,0.015080423
894373,0.5271841
894374,0.071304224
894375,0.43269384
894376,0.2584815
894377,0.27259502
894378,0.93506414
894379,0.010521943
894380,0.2683475
894381,0.85992473
894382,0.0275469
894383,0.04246533
894384,0.85841537
894385,0.013261229
894386,0.9949579
894387,0.05464925
894388,0.99592924
894389,0.012379283
894390,0.13002475
894391,0.0062185144
894392,0.02905285
894393,0.008731927
894394,0.07417315
894395,0.9866971
894396,0.84124005
894397,0.11032131
894398,0.66596925
894399,0.10912466
894400,0.99503505
894401,0.987804
894402,0.3165291
894403,0.043437243
894404,0.008556703
894405,0.25620985
894406,0.50890696
894407,0.9744235
894408,0.9694224
894409,0.5282148
894410,0.12695849
894411,0.60881853
894412,0.006179408
894413,0.9992834
894414,0.9177576
894415,0.035383523
894416,0.19366215
894417,0.36401963
894418,0.0520038
894419,0.94737375
894420,0.009181755
894421,0.021047698
894422,0.020397753
894423,0.3250393
894424,0.80021966
894425,0.9470854
894426,0.28301942
894427,0.4573457
894428,0.94295496
894429,0.23392706
894430,0.036197674
894431,0.020637432
894432,0.08405747
894433,0.9896244
894434,0.8202214
894435,0.01420684
894436,0.10645311
894437,0.080558345
894438,0.0027233977
894439,0.96165013
894440,0.066093095
894441,0.6012726
894442,0.039374884
894443,0.002468309
894444,0.13379005
894445,0.01928522
894446,0.9469203
894447,0.24035257
894448,0.007139654
894449,0.008188639
894450,0.9791472
894451,0.0192593
894452,0.99518454
894453,0.16977423
894454,0.032057762
894455,0.5985515
894456,0.04499752
894457,0.07723835
894458,0.04502412
894459,0.66161937
894460,0.9598544
894461,0.05351666
894462,0.066914186
894463,0.15346389
894464,0.98221874
894465,0.46428216
894466,0.5005598
894467,0.43709135
894468,0.93704164
894469,0.7628765
894470,0.04503557
894471,0.0055737654
894472,0.9989487
894473,0.1223288
894474,0.9723932
894475,0.09091055
894476,0.9977558
894477,0.5461169
894478,0.021651272
894479,0.9844557
894480,0.0064438116
894481,0.33738333
894482,0.7285203
894483,0.9938264
894484,0.011875726
894485,0.75727856
894486,0.99772465
894487,0.055270262
894488,0.8595817
894489,0.020889327
894490,0.9640058
894491,0.9932524
894492,0.0077032857
894493,0.7954366
894494,0.99160105
894495,0.17392254
894496,0.8514179
894497,0.04586536
894498,0.007186283
894499,0.09747558
894500,0.9822807
894501,0.3265268
894502,0.97316295
894503,0.9914455
894504,0.9976474
894505,0.016850851
894506,0.017199062
894507,0.6040222
894508,0.14284618
894509,0.018337432
894510,0.77185863
894511,0.044859543
894512,0.008957714
894513,0.9790055
894514,0.26516408
894515,0.9970669
894516,0.16933765
894517,0.9877027
894518,0.9798035
894519,0.9806845
894520,0.2602305
894521,0.037479356
894522,0.022958722
894523,0.10808007
894524,0.9263856
894525,0.63107777
894526,0.9883821
894527,0.9869977
894528,0.01612159
894529,0.8765814
894530,0.9900819
894531,0.43620604
894532,0.99688274
894533,0.05720947
894534,0.12747647
894535,0.29283753
894536,0.0046110833
894537,0.116768494
894538,0.0410519
894539,0.10124043
894540,0.17153023
894541,0.98796755
894542,0.9920387
894543,0.5550869
894544,0.4128824
894545,0.12605213
894546,0.65520245
894547,0.044906292
894548,0.996589
894549,0.009072826
894550,0.021709133
894551,0.90000695
894552,0.80354786
894553,0.007638581
894554,0.34565005
894555,0.013125178
894556,0.71495736
894557,0.023821417
894558,0.04770742
894559,0.8839095
894560,0.049755268
894561,0.94710934
894562,0.6157494
894563,0.8071085
894564,0.009352634
894565,0.041060112
894566,0.57530206
894567,0.52120245
894568,0.99833995
894569,0.9573232
894570,0.0027631875
894571,0.02025272
894572,0.2831608
894573,0.7479732
894574,0.030839637
894575,0.83948994
894576,0.26602858
894577,0.91207165
894578,0.002407503
894579,0.99013007
894580,0.8665575
894581,0.004822702
894582,0.91340244
894583,0.018447552
894584,0.9973545
894585,0.9895643
894586,0.6516206
894587,0.0017576029
894588,0.39800617
894589,0.034056544
894590,0.19382186
894591,0.047500756
894592,0.41938165
894593,0.18454912
894594,0.13258348
894595,0.9966621
894596,0.03410289
894597,0.8168789
894598,0.99110657
894599,0.6975242
894600,0.98741376
894601,0.85656184
894602,0.83563596
894603,0.94484997
894604,0.048396606
894605,0.045857135
894606,0.68293744
894607,0.00825046
894608,0.93404114
894609,0.2447353
894610,0.92922294
894611,0.012083491
894612,0.9908296
894613,0.6207319
894614,0.015738847
894615,0.0024359701
894616,0.9920995
894617,0.9958215
894618,0.8756903
894619,0.104050495
894620,0.9958198
894621,0.005887806
894622,0.6337521
894623,0.993269
894624,0.75602794
894625,0.9443112
894626,0.027909085
894627,0.98150456
894628,0.016516734
894629,0.99827766
894630,0.99594927
894631,0.022004182
894632,0.13004602
894633,0.9946164
894634,0.9980842
894635,0.40874055
894636,0.942679
894637,0.97179633
894638,0.98734033
894639,0.73248196
894640,0.9683829
894641,0.0056165666
894642,0.030512173
894643,0.9873963
894644,0.022101609
894645,0.022738041
894646,0.9837359
894647,0.44360602
894648,0.97830147
894649,0.99663
894650,0.98080945
894651,0.018607836
894652,0.960221
894653,0.97206914
894654,0.010491764
894655,0.04990795
894656,0.008586555
894657,0.011471318
894658,0.0052525057
894659,0.002281889
894660,0.99010414
894661,0.94084007
894662,0.9935149
894663,0.3040911
894664,0.53839517
894665,0.06023142
894666,0.99365795
894667,0.039005198
894668,0.027357427
894669,0.9400001
894670,0.24555108
894671,0.9793671
894672,0.22384933
894673,0.31643254
894674,0.3090729
894675,0.3131395
894676,0.46065107
894677,0.17015953
894678,0.9550525
894679,0.87119925
894680,0.24729942
894681,0.010288895
894682,0.7724872
894683,0.93658555
894684,0.87779343
894685,0.0031352807
894686,0.9811935
894687,0.9980165
894688,0.8056014
894689,0.045159843
894690,0.03532465
894691,0.9384241
894692,0.8139062
894693,0.71644497
894694,0.47480434
894695,0.2829348
894696,0.0490986
894697,0.541191
894698,0.018870017
894699,0.4944529
894700,0.99174106
894701,0.9928816
894702,0.008387061
894703,0.048926458
894704,0.20685528
894705,0.021480612
894706,0.15884799
894707,0.0074789543
894708,0.99821085
894709,0.026214981
894710,0.34693098
894711,0.9866692
894712,0.0026072748
894713,0.6716987
894714,0.04632454
894715,0.9504028
894716,0.35694224
894717,0.051905207
894718,0.104075514
894719,0.9952102
894720,0.024162024
894721,0.056051437
894722,0.9136185
894723,0.046034113
894724,0.9755952
894725,0.37931216
894726,0.14637876
894727,0.9993293
894728,0.9598688
894729,0.12634687
894730,0.06947599
894731,0.046000607
894732,0.0037234668
894733,0.38620883
894734,0.09804718
894735,0.16870303
894736,0.9965647
894737,0.009272434
894738,0.03104614
894739,0.17444037
894740,0.98789465
894741,0.003497281
894742,0.013363013
894743,0.8632831
894744,0.022890644
894745,0.90433484
894746,0.9751801
894747,0.008555578
894748,0.15100105
894749,0.89507425
894750,0.9919442
894751,0.6338016
894752,0.015024278
894753,0.009693955
894754,0.019595053
894755,0.012622773
894756,0.0025087192
894757,0.031024985
894758,0.0062314123
894759,0.9684439
894760,0.029712308
894761,0.00637359
894762,0.99171567
894763,0.0125621995
894764,0.01380906
894765,0.95970625
894766,0.0011788168
894767,0.23662643
894768,0.3733579
894769,0.053066693
894770,0.013223824
894771,0.9749597
894772,0.94864035
894773,0.0073794243
894774,0.030007776
894775,0.009583228
894776,0.0070020715
894777,0.09397338
894778,0.06705046
894779,0.96924555
894780,0.9924947
894781,0.9580268
894782,0.9973607
894783,0.01009272
894784,0.603232
894785,0.04436943
894786,0.9877276
894787,0.6322084
894788,0.011691256
894789,0.033200867
894790,0.9978837
894791,0.955884
894792,0.015828392
894793,0.090333134
894794,0.013367925
894795,0.72268337
894796,0.99068075
894797,0.87031126
894798,0.022597257
894799,0.0023808475
894800,0.20116365
894801,0.97060305
894802,0.124297604
894803,0.46192577
894804,0.021833416
894805,0.009683203
894806,0.98735213
894807,0.5631683
894808,0.019300982
894809,0.19929376
894810,0.057000436
894811,0.90152043
894812,0.99543655
894813,0.96024495
894814,0.40873593
894815,0.2593318
894816,0.0030781059
894817,0.98831534
894818,0.68794465
894819,0.98477566
894820,0.9887556
894821,0.13456856
894822,0.0103138825
894823,0.6872154
894824,0.47767144
894825,0.5814159
894826,0.9391037
894827,0.9139312
894828,0.3124456
894829,0.99262017
894830,0.9895499
894831,0.93939877
894832,0.26523995
894833,0.9862918
894834,0.052099016
894835,0.74077404
894836,0.022134043
894837,0.010637966
894838,0.97432625
894839,0.43484622
894840,0.03334585
894841,0.0074811215
894842,0.018241206
894843,0.9905659
894844,0.5060993
894845,0.61168027
894846,0.101102896
894847,0.31695235
894848,0.058648735
894849,0.0047094217
894850,0.9765536
894851,0.012551572
894852,0.19051209
894853,0.006676084
894854,0.9988839
894855,0.999192
894856,0.64166015
894857,0.80009073
894858,0.049381565
894859,0.790993
894860,0.9469631
894861,0.9927718
894862,0.015346214
894863,0.94285333
894864,0.93131596
894865,0.38899335
894866,0.42511865
894867,0.24368152
894868,0.3248967
894869,0.9334782
894870,0.014439071
894871,0.46642888
894872,0.05111087
894873,0.8626826
894874,0.07129924
894875,0.8774536
894876,0.0072160494
894877,0.43777588
894878,0.5484167
894879,0.743101
894880,0.0076146834
894881,0.98806787
894882,0.03694982
894883,0.02227706
894884,0.013135235
894885,0.991219
894886,0.006505451
894887,0.087364785
894888,0.006356289
894889,0.18307003
894890,0.24299252
894891,0.22439477
894892,0.9226724
894893,0.041147143
894894,0.88840234
894895,0.9943676
894896,0.005800344
894897,0.99801886
894898,0.734466
894899,0.96214116
894900,0.009046406
894901,0.13308834
894902,0.010524618
894903,0.016826069
894904,0.6582452
894905,0.39699793
894906,0.43116128
894907,0.021014603
894908,0.93205696
894909,0.037660044
894910,0.092323124
894911,0.036676638
894912,0.024957785
894913,0.33771014
894914,0.9497676
894915,0.6746186
894916,0.08847343
894917,0.0012506167
894918,0.08508034
894919,0.99420285
894920,0.94216925
894921,0.044493604
894922,0.032916564
894923,0.008272771
894924,0.97117233
894925,0.81130296
894926,0.029029887
894927,0.3699652
894928,0.21277866
894929,0.943778
894930,0.10643604
894931,0.69046724
894932,0.9790605
894933,0.998338
894934,0.9213806
894935,0.9730868
894936,0.080385745
894937,0.044739272
894938,0.012750863
894939,0.017208854
894940,0.07975859
894941,0.30125368
894942,0.59672844
894943,0.5493167
894944,0.9588044
894945,0.2619484
894946,0.013034505
894947,0.06343003
894948,0.9933332
894949,0.9616745
894950,0.042536363
894951,0.0037522672
894952,0.021404937
894953,0.03847485
894954,0.99601257
894955,0.53562236
894956,0.017305294
894957,0.011219563
894958,0.67311704
894959,0.8301844
894960,0.9958075
894961,0.92571807
894962,0.11590631
894963,0.05897571
894964,0.5253292
894965,0.30833325
894966,0.9901978
894967,0.98989385
894968,0.055884745
894969,0.017836273
894970,0.97046524
894971,0.030952994
894972,0.14185236
894973,0.037901085
894974,0.7791085
894975,0.9584638
894976,0.99928904
894977,0.19800535
894978,0.98176765
894979,0.9803663
894980,0.16118291
894981,0.09619635
894982,0.06089112
894983,0.86325943
894984,0.04881828
894985,0.6557792
894986,0.076599896
894987,0.06261424
894988,0.9873204
894989,0.01539581
894990,0.96386933
894991,0.04348973
894992,0.03278086
894993,0.073351026
894994,0.0065319994
894995,0.99552864
894996,0.024857536
894997,0.09659165
894998,0.043280326
894999,0.5942094
895000,0.16556123
895001,0.016176658
895002,0.047948766
895003,0.622387
895004,0.0042350674
895005,0.95336235
895006,0.8649516
895007,0.011094581
895008,0.9844755
895009,0.014546955
895010,0.98015887
895011,0.9839561
895012,0.24923334
895013,0.9673999
895014,0.0036099441
895015,0.99540687
895016,0.42366523
895017,0.2847381
895018,0.08319546
895019,0.9955481
895020,0.019064032
895021,0.30507207
895022,0.0054014474
895023,0.5225343
895024,0.7111562
895025,0.48228332
895026,0.16353682
895027,0.97660184
895028,0.974146
895029,0.61905694
895030,0.049689367
895031,0.0098036025
895032,0.0254267
895033,0.12104924
895034,0.83052623
895035,0.94347847
895036,0.7248553
895037,0.9972732
895038,0.1137052
895039,0.98591477
895040,0.12278502
895041,0.98686177
895042,0.9667441
895043,0.99774784
895044,0.96606946
895045,0.9918778
895046,0.96694875
895047,0.8733643
895048,0.045613542
895049,0.93899745
895050,0.053261496
895051,0.026834354
895052,0.99021184
895053,0.17680961
895054,0.9258088
895055,0.17320892
895056,0.9782481
895057,0.9575312
895058,0.8605338
895059,0.004366679
895060,0.09511729
895061,0.9856081
895062,0.9844501
895063,0.016637765
895064,0.7848455
895065,0.09058371
895066,0.9945439
895067,0.99691206
895068,0.998226
895069,0.9415519
895070,0.97246975
895071,0.036141023
895072,0.2924238
895073,0.65080017
895074,0.9961795
895075,0.9986826
895076,0.8726181
895077,0.12315392
895078,0.020863691
895079,0.9913669
895080,0.003082328
895081,0.8398287
895082,0.009650257
895083,0.12246854
895084,0.0036734152
895085,0.02074064
895086,0.94823086
895087,0.14717351
895088,0.023372412
895089,0.9734518
895090,0.9183897
895091,0.86683553
895092,0.22501104
895093,0.11565755
895094,0.24138972
895095,0.94044805
895096,0.006609897
895097,0.06641799
895098,0.004069881
895099,0.5182564
895100,0.13523489
895101,0.2537188
895102,0.11994869
895103,0.0498225
895104,0.99755704
895105,0.06788332
895106,0.7407852
895107,0.98195964
895108,0.98242277
895109,0.028369365
895110,0.012967771
895111,0.0121182315
895112,0.022684954
895113,0.92079353
895114,0.88770914
895115,0.9139617
895116,0.08856081
895117,0.83711696
895118,0.0077353455
895119,0.17389658
895120,0.07229729
895121,0.18910852
895122,0.9461553
895123,0.02538539
895124,0.9798198
895125,0.9682031
895126,0.038541667
895127,0.7662077
895128,0.9889136
895129,0.12943977
895130,0.018610124
895131,0.2614566
895132,0.9195223
895133,0.9894489
895134,0.96380115
895135,0.98378414
895136,0.97264576
895137,0.08874501
895138,0.07825974
895139,0.73083305
895140,0.75799644
895141,0.051985033
895142,0.021268914
895143,0.016026478
895144,0.96629953
895145,0.009592624
895146,0.002436485
895147,0.9835396
895148,0.5425582
895149,0.056351006
895150,0.05240821
895151,0.07053266
895152,0.65290964
895153,0.017374586
895154,0.03027733
895155,0.8027095
895156,0.016465425
895157,0.09525059
895158,0.013448729
895159,0.17332037
895160,0.0075005954
895161,0.386059
895162,0.02855526
895163,0.08489023
895164,0.63079005
895165,0.4751649
895166,0.06472042
895167,0.0069116824
895168,0.9983804
895169,0.010249914
895170,0.00977499
895171,0.89160156
895172,0.23217604
895173,0.4805498
895174,0.97753644
895175,0.9954228
895176,0.06275997
895177,0.18903533
895178,0.18285616
895179,0.96332353
895180,0.11595254
895181,0.93797195
895182,0.6246727
895183,0.8100399
895184,0.03356593
895185,0.9003752
895186,0.56211096
895187,0.034026302
895188,0.048878305
895189,0.7539094
895190,0.0047013084
895191,0.97952366
895192,0.99489224
895193,0.90923333
895194,0.9313377
895195,0.42161542
895196,0.89583266
895197,0.9833474
895198,0.8745598
895199,0.11812383
895200,0.999622
895201,0.034532025
895202,0.05904689
895203,0.061599843
895204,0.68402684
895205,0.008147401
895206,0.26101112
895207,0.92561316
895208,0.9953615
895209,0.9743824
895210,0.8743456
895211,0.76117694
895212,0.025589658
895213,0.9610062
895214,0.9752551
895215,0.13916121
895216,0.98295957
895217,0.061115224
895218,0.03793122
895219,0.11957787
895220,0.9940162
895221,0.043017704
895222,0.97657645
895223,0.22782518
895224,0.025266996
895225,0.007443703
895226,0.90218043
895227,0.99105775
895228,0.08879387
895229,0.006669061
895230,0.048797444
895231,0.24409232
895232,0.21193007
895233,0.7188025
895234,0.987222
895235,0.78450453
895236,0.059735894
895237,0.04158541
895238,0.8049982
895239,0.118070275
895240,0.99699855
895241,0.25821176
895242,0.95286906
895243,0.118061095
895244,0.8691388
895245,0.005939041
895246,0.008068489
895247,0.46799645
895248,0.010146134
895249,0.6702799
895250,0.38249862
895251,0.7200397
895252,0.98469645
895253,0.05307071
895254,0.99572796
895255,0.027668266
895256,0.99827397
895257,0.033956993
895258,0.72354716
895259,0.8778953
895260,0.966101
895261,0.5565149
895262,0.93013847
895263,0.025913442
895264,0.037082322
895265,0.0053789243
895266,0.8039263
895267,0.0035984856
895268,0.27416617
895269,0.774706
895270,0.6737679
895271,0.07697708
895272,0.442199
895273,0.66385114
895274,0.010192143
895275,0.77705175
895276,0.7850653
895277,0.021623604
895278,0.014793813
895279,0.93092865
895280,0.96666634
895281,0.9994457
895282,0.013927768
895283,0.008025185
895284,0.29369017
895285,0.88394785
895286,0.11215319
895287,0.018594692
895288,0.98552674
895289,0.8538246
895290,0.007114269
895291,0.99190617
895292,0.051871516
895293,0.2445023
895294,0.9776562
895295,0.3850585
895296,0.6657953
895297,0.9748968
895298,0.1145239
895299,0.11686663
895300,0.10059699
895301,0.66169876
895302,0.95838666
895303,0.012971746
895304,0.033318635
895305,0.02389845
895306,0.70544106
895307,0.031618908
895308,0.57879055
895309,0.21709725
895310,0.013786684
895311,0.2574116
895312,0.5376164
895313,0.06843165
895314,0.024654333
895315,0.010435773
895316,0.9332284
895317,0.011632084
895318,0.8763038
895319,0.9967438
895320,0.006417055
895321,0.10444126
895322,0.027010845
895323,0.3139588
895324,0.110261865
895325,0.009453177
895326,0.9882076
895327,0.99514943
895328,0.45107275
895329,0.008160293
895330,0.47926277
895331,0.41487345
895332,0.016382642
895333,0.014963776
895334,0.111410335
895335,0.62323534
895336,0.043220315
895337,0.020475656
895338,0.015019005
895339,0.004214951
895340,0.5848903
895341,0.010202615
895342,0.5361158
895343,0.99704206
895344,0.98525333
895345,0.014717174
895346,0.9823921
895347,0.13881052
895348,0.7262844
895349,0.035664394
895350,0.014662865
895351,0.17569295
895352,0.42811272
895353,0.046291776
895354,0.8182919
895355,0.004631849
895356,0.9622241
895357,0.011343889
895358,0.16915399
895359,0.1946177
895360,0.0557078
895361,0.9450002
895362,0.4852786
895363,0.9205629
895364,0.0041260202
895365,0.01939043
895366,0.058698714
895367,0.009212181
895368,0.01668877
895369,0.43722412
895370,0.02156416
895371,0.9494239
895372,0.8926678
895373,0.009021936
895374,0.9947347
895375,0.48369372
895376,0.29124087
895377,0.9885129
895378,0.17544505
895379,0.53459996
895380,0.97507274
895381,0.9310615
895382,0.004972129
895383,0.99519664
895384,0.8865962
895385,0.9945565
895386,0.84862375
895387,0.009068149
895388,0.108569644
895389,0.03598395
895390,0.0191724
895391,0.051741168
895392,0.082506895
895393,0.025744766
895394,0.9153022
895395,0.9059701
895396,0.44508988
895397,0.19098729
895398,0.99693525
895399,0.14520706
895400,0.99769825
895401,0.97071713
895402,0.8661623
895403,0.076217696
895404,0.4669656
895405,0.99555725
895406,0.26262853
895407,0.7920276
895408,0.44553638
895409,0.8211929
895410,0.0025674438
895411,0.20313813
895412,0.03165905
895413,0.11696196
895414,0.9086732
895415,0.8264328
895416,0.012966223
895417,0.43107003
895418,0.9921762
895419,0.06884401
895420,0.20875543
895421,0.05118157
895422,0.9954812
895423,0.061909746
895424,0.008360395
895425,0.8741462
895426,0.032300394
895427,0.023105074
895428,0.09403076
895429,0.94172025
895430,0.08634988
895431,0.9949193
895432,0.01152822
895433,0.9948882
895434,0.09076877
895435,0.16513827
895436,0.89982307
895437,0.2745844
895438,0.96269286
895439,0.99409974
895440,0.07957397
895441,0.36222655
895442,0.09052614
895443,0.75874054
895444,0.067589395
895445,0.5892413
895446,0.03417905
895447,0.10776188
895448,0.2579597
895449,0.99757695
895450,0.0025881007
895451,0.18498361
895452,0.9993344
895453,0.5570861
895454,0.055605646
895455,0.66085124
895456,0.98037976
895457,0.0020002825
895458,0.011125656
895459,0.14474988
895460,0.9693392
895461,0.9977833
895462,0.028811656
895463,0.99039245
895464,0.015324974
895465,0.15443422
895466,0.03836679
895467,0.96426725
895468,0.085028395
895469,0.25756377
895470,0.004315665
895471,0.07395548
895472,0.86744404
895473,0.87877107
895474,0.015345188
895475,0.006256153
895476,0.38733757
895477,0.09727347
895478,0.032920264
895479,0.25495264
895480,0.020732645
895481,0.39012182
895482,0.9911163
895483,0.6714521
895484,0.760049
895485,0.04698189
895486,0.0019320364
895487,0.8110796
895488,0.10015713
895489,0.19088046
895490,0.8203341
895491,0.026373185
895492,0.18128179
895493,0.017564183
895494,0.99381393
895495,0.8579241
895496,0.36364645
895497,0.092013925
895498,0.064239785
895499,0.0033853773
895500,0.97040623
895501,0.99768496
895502,0.026611896
895503,0.4932666
895504,0.025764491
895505,0.00055298326
895506,0.5102707
895507,0.9835683
895508,0.99726814
895509,0.04735641
895510,0.20412043
895511,0.7937947
895512,0.028645158
895513,0.15149394
895514,0.0866491
895515,0.6740663
895516,0.013868837
895517,0.9234012
895518,0.8216271
895519,0.006853979
895520,0.97976184
895521,0.97382486
895522,0.7776565
895523,0.0852976
895524,0.26254624
895525,0.82210654
895526,0.9827014
895527,0.009089228
895528,0.7206664
895529,0.22141105
895530,0.9938116
895531,0.3282478
895532,0.99752927
895533,0.685103
895534,0.46654788
895535,0.06973196
895536,0.9913492
895537,0.016137132
895538,0.9602748
895539,0.07150566
895540,0.83590657
895541,0.06084032
895542,0.98052496
895543,0.2246297
895544,0.9296175
895545,0.8929669
895546,0.056535497
895547,0.074523516
895548,0.9948478
895549,0.9939907
895550,0.36879945
895551,0.004692747
895552,0.1784431
895553,0.124209076
895554,0.15016004
895555,0.6340147
895556,0.9842855
895557,0.010745909
895558,0.9789533
895559,0.5109682
895560,0.014051628
895561,0.046200823
895562,0.9163174
895563,0.012233714
895564,0.91909456
895565,0.9987266
895566,0.9343917
895567,0.25159138
895568,0.9928823
895569,0.033378646
895570,0.97981095
895571,0.87250507
895572,0.13347542
895573,0.011751447
895574,0.028256405
895575,0.0019825145
895576,0.012967051
895577,0.16604675
895578,0.047035854
895579,0.5219625
895580,0.028609393
895581,0.03483013
895582,0.43171278
895583,0.11208636
895584,0.2721931
895585,0.030480795
895586,0.962188
895587,0.65898734
895588,0.15019023
895589,0.9991787
895590,0.7072874
895591,0.05021911
895592,0.9337833
895593,0.9767201
895594,0.31107944
895595,0.96956235
895596,0.98683417
895597,0.9981017
895598,0.9527521
895599,0.7951064
895600,0.98954475
895601,0.08647304
895602,0.024054443
895603,0.9376348
895604,0.6630238
895605,0.020760864
895606,0.025798881
895607,0.96940386
895608,0.035181317
895609,0.008086534
895610,0.019601543
895611,0.06090142
895612,0.017629424
895613,0.012067207
895614,0.019569028
895615,0.01360785
895616,0.47452572
895617,0.80404365
895618,0.9976946
895619,0.13834557
895620,0.6680366
895621,0.99596906
895622,0.5228764
895623,0.00847562
895624,0.5623481
895625,0.80586904
895626,0.31873325
895627,0.00800815
895628,0.9959694
895629,0.33414856
895630,0.8094338
895631,0.016567066
895632,0.9725248
895633,0.18720737
895634,0.0266076
895635,0.9449003
895636,0.8576943
895637,0.8158753
895638,0.4431657
895639,0.044591643
895640,0.97737193
895641,0.29751045
895642,0.2837505
895643,0.036847446
895644,0.99611604
895645,0.9225405
895646,0.7627649
895647,0.044622954
895648,0.046387997
895649,0.0882663
895650,0.09959067
895651,0.23610252
895652,0.3075384
895653,0.2731234
895654,0.039664984
895655,0.7957858
895656,0.1538785
895657,0.9690811
895658,0.019204224
895659,0.93166757
895660,0.42925966
895661,0.031781718
895662,0.99698514
895663,0.9368332
895664,0.9940431
895665,0.84423685
895666,0.9564782
895667,0.050239515
895668,0.020347781
895669,0.042862676
895670,0.82697767
895671,0.016935375
895672,0.21285574
895673,0.09005315
895674,0.04502734
895675,0.0160173
895676,0.011544169
895677,0.9910501
895678,0.023267012
895679,0.9309335
895680,0.9992066
895681,0.9752821
895682,0.86897445
895683,0.06775292
895684,0.19823456
895685,0.009379985
895686,0.28580952
895687,0.9962816
895688,0.0046888497
895689,0.036407158
895690,0.9297325
895691,0.14976135
895692,0.043877263
895693,0.9502872
895694,0.82088643
895695,0.9966922
895696,0.07182049
895697,0.005616309
895698,0.95048046
895699,0.08376866
895700,0.27870148
895701,0.28229976
895702,0.1182943
895703,0.0539067
895704,0.9343927
895705,0.035209008
895706,0.962482
895707,0.008919304
895708,0.8259843
895709,0.12141136
895710,0.016806692
895711,0.039158754
895712,0.65789485
895713,0.10839874
895714,0.023049172
895715,0.6198572
895716,0.9985056
895717,0.008162966
895718,0.37058377
895719,0.23319818
895720,0.038251247
895721,0.028908387
895722,0.6971157
895723,0.9939436
895724,0.07233678
895725,0.014645769
895726,0.0061471
895727,0.061446022
895728,0.9603694
895729,0.8948956
895730,0.00221702
895731,0.99468815
895732,0.16887254
895733,0.010244181
895734,0.99750465
895735,0.009898828
895736,0.36206672
895737,0.14710058
895738,0.92908436
895739,0.008660054
895740,0.99524635
895741,0.06801267
895742,0.10465404
895743,0.994607
895744,0.9977606
895745,0.6307376
895746,0.5284058
895747,0.9877682
895748,0.98758733
895749,0.0035468275
895750,0.02940204
895751,0.10965577
895752,0.9246878
895753,0.038464047
895754,0.50056815
895755,0.018976266
895756,0.8806799
895757,0.91509455
895758,0.9923314
895759,0.16991355
895760,0.9944411
895761,0.9916495
895762,0.22728634
895763,0.99759203
895764,0.1844167
895765,0.8609612
895766,0.7849664
895767,0.018000405
895768,0.25174135
895769,0.102640904
895770,0.96291333
895771,0.9889235
895772,0.07254297
895773,0.011141278
895774,0.19934796
895775,0.08800234
895776,0.03802502
895777,0.85991037
895778,0.15104409
895779,0.008645168
895780,0.55465746
895781,0.35731062
895782,0.9685118
895783,0.9804136
895784,0.34270087
895785,0.9878295
895786,0.8200959
895787,0.021111388
895788,0.9514856
895789,0.9672746
895790,0.22317016
895791,0.730392
895792,0.040473893
895793,0.9977778
895794,0.9938321
895795,0.89959437
895796,0.50370145
895797,0.98532903
895798,0.9574872
895799,0.016526947
895800,0.115533605
895801,0.056102343
895802,0.99214816
895803,0.008607825
895804,0.9679599
895805,0.028305355
895806,0.7275549
895807,0.9926456
895808,0.9842139
895809,0.0016151813
895810,0.9227377
895811,0.9718126
895812,0.021970462
895813,0.0033564945
895814,0.013937374
895815,0.9903159
895816,0.015773244
895817,0.26178867
895818,0.003215634
895819,0.058795586
895820,0.14603108
895821,0.0050970325
895822,0.8425302
895823,0.98787075
895824,0.9962826
895825,0.9584205
895826,0.028691657
895827,0.024494166
895828,0.9805368
895829,0.93630004
895830,0.9974089
895831,0.9115854
895832,0.004883281
895833,0.012870476
895834,0.08984196
895835,0.9982976
895836,0.7569971
895837,0.6548593
895838,0.028411115
895839,0.9904704
895840,0.056184035
895841,0.009510919
895842,0.28477448
895843,0.12569241
895844,0.7223905
895845,0.024430815
895846,0.99517465
895847,0.054071337
895848,0.33687645
895849,0.912437
895850,0.020061105
895851,0.191989
895852,0.027688105
895853,0.981637
895854,0.014973292
895855,0.964174
895856,0.19380389
895857,0.20068486
895858,0.83228385
895859,0.75952315
895860,0.7305772
895861,0.0033505799
895862,0.011452958
895863,0.9861262
895864,0.4725634
895865,0.73458534
895866,0.8036617
895867,0.014152631
895868,0.6565175
895869,0.010869907
895870,0.6210238
895871,0.8642562
895872,0.8269223
895873,0.15812533
895874,0.9818523
895875,0.9348823
895876,0.85383844
895877,0.5871193
895878,0.08397406
895879,0.9908579
895880,0.37266988
895881,0.97765654
895882,0.005267507
895883,0.0144974375
895884,0.31111774
895885,0.9611636
895886,0.010385545
895887,0.45784184
895888,0.027540494
895889,0.7528789
895890,0.0069336747
895891,0.013865486
895892,0.57909757
895893,0.0031523486
895894,0.08972597
895895,0.9952884
895896,0.06355188
895897,0.96741277
895898,0.8598275
895899,0.10119007
895900,0.95404714
895901,0.18663894
895902,0.18007798
895903,0.3948474
895904,0.10696594
895905,0.18087393
895906,0.0038871597
895907,0.01984708
895908,0.9794642
895909,0.011029271
895910,0.12961781
895911,0.0003875892
895912,0.9954829
895913,0.46274778
895914,0.98879457
895915,0.025958331
895916,0.10899023
895917,0.015321568
895918,0.0054064374
895919,0.020692311
895920,0.029301452
895921,0.01779506
895922,0.004156207
895923,0.9666165
895924,0.02257371
895925,0.6954323
895926,0.0115944315
895927,0.93153334
895928,0.03527212
895929,0.7461417
895930,0.09712903
895931,0.018520726
895932,0.14022374
895933,0.010471326
895934,0.27568695
895935,0.53330666
895936,0.9344547
895937,0.0713785
895938,0.0023960157
895939,0.0029257373
895940,0.024757922
895941,0.9551223
895942,0.5209088
895943,0.06462294
895944,0.020837002
895945,0.8904584
895946,0.8209189
895947,0.004249835
895948,0.78679717
895949,0.9082841
895950,0.24907538
895951,0.9895838
895952,0.8672067
895953,0.9752702
895954,0.019585207
895955,0.06345271
895956,0.02107721
895957,0.020741059
895958,0.42101142
895959,0.0424383
895960,0.031665266
895961,0.069404036
895962,0.8130422
895963,0.029054414
895964,0.0071052946
895965,0.9990408
895966,0.69238156
895967,0.48329562
895968,0.89741874
895969,0.07899453
895970,0.99603105
895971,0.016768124
895972,0.024530502
895973,0.0322353
895974,0.86550975
895975,0.8952379
895976,0.97695565
895977,0.026942931
895978,0.9942303
895979,0.009329098
895980,0.034131728
895981,0.92071015
895982,0.98398846
895983,0.33116782
895984,0.98218286
895985,0.9986484
895986,0.9078886
895987,0.018187257
895988,0.025107205
895989,0.9268996
895990,0.77268815
895991,0.09063814
895992,0.009939365
895993,0.992805
895994,0.008047861
895995,0.98143697
895996,0.08309114
895997,0.37186062
895998,0.9916258
895999,0.8738332
896000,0.96572834
896001,0.72826135
896002,0.97256005
896003,0.93901485
896004,0.011220258
896005,0.8481196
896006,0.9896832
896007,0.9116496
896008,0.06852253
896009,0.30438238
896010,0.017389286
896011,0.23719321
896012,0.5992458
896013,0.26663852
896014,0.3319165
896015,0.99132574
896016,0.3332513
896017,0.651499
896018,0.99013823
896019,0.59889877
896020,0.9985936
896021,0.316302
896022,0.3030561
896023,0.05003801
896024,0.04728113
896025,0.9785448
896026,0.66356766
896027,0.4270625
896028,0.17335849
896029,0.99291015
896030,0.073764615
896031,0.9854791
896032,0.37670642
896033,0.020514484
896034,0.57048225
896035,0.06220144
896036,0.44868392
896037,0.10876388
896038,0.8086787
896039,0.022636347
896040,0.9989817
896041,0.016919497
896042,0.94334626
896043,0.8944901
896044,0.98954546
896045,0.97605777
896046,0.97716564
896047,0.10059801
896048,0.0022090804
896049,0.0268974
896050,0.5932583
896051,0.078990206
896052,0.17465289
896053,0.58382535
896054,0.02215147
896055,0.06784631
896056,0.60218096
896057,0.038205355
896058,0.95501846
896059,0.24759889
896060,0.76702166
896061,0.03599583
896062,0.04468257
896063,0.9379285
896064,0.024506876
896065,0.0071903775
896066,0.0066927266
896067,0.21192214
896068,0.62148356
896069,0.003910007
896070,0.9678358
896071,0.00345123
896072,0.13533378
896073,0.98173904
896074,0.0692595
896075,0.20696984
896076,0.02479565
896077,0.92983687
896078,0.01949798
896079,0.9929483
896080,0.87937766
896081,0.19160856
896082,0.8782614
896083,0.9805843
896084,0.1707864
896085,0.99343306
896086,0.5268004
896087,0.022235265
896088,0.67009205
896089,0.003440031
896090,0.7026357
896091,0.56576794
896092,0.8798864
896093,0.011805016
896094,0.17001268
896095,0.31812015
896096,0.05988618
896097,0.294183
896098,0.035837557
896099,0.015105158
896100,0.09301193
896101,0.04528361
896102,0.9922319
896103,0.012745471
896104,0.26548624
896105,0.06923641
896106,0.86830056
896107,0.011214056
896108,0.06123036
896109,0.44335788
896110,0.87857217
896111,0.020185145
896112,0.9786389
896113,0.02664579
896114,0.99422336
896115,0.5260103
896116,0.6181318
896117,0.27145788
896118,0.008821797
896119,0.014197866
896120,0.42971903
896121,0.27758822
896122,0.84972
896123,0.9932993
896124,0.034452364
896125,0.95868194
896126,0.90970075
896127,0.38285965
896128,0.071833566
896129,0.036544047
896130,0.018053126
896131,0.41244468
896132,0.010799167
896133,0.0016625018
896134,0.009169275
896135,0.04664361
896136,0.88650054
896137,0.10115137
896138,0.026911924
896139,0.58885455
896140,0.044325512
896141,0.83457845
896142,0.03798811
896143,0.008990959
896144,0.9517249
896145,0.025507394
896146,0.024522286
896147,0.27243134
896148,0.9949254
896149,0.6151972
896150,0.9995212
896151,0.03680584
896152,0.8499562
896153,0.034808487
896154,0.49065804
896155,0.98034394
896156,0.06066931
896157,0.017255792
896158,0.75534
896159,0.9141904
896160,0.9279216
896161,0.022778787
896162,0.0537963
896163,0.3752659
896164,0.027356917
896165,0.0043362286
896166,0.88806343
896167,0.924923
896168,0.94803226
896169,0.75406516
896170,0.93333834
896171,0.9645342
896172,0.04924788
896173,0.66353637
896174,0.009342458
896175,0.06628752
896176,0.8141921
896177,0.9963729
896178,0.8446717
896179,0.1985468
896180,0.42295617
896181,0.9777027
896182,0.023479268
896183,0.033763643
896184,0.2182651
896185,0.9982773
896186,0.025382245
896187,0.017620556
896188,0.98326373
896189,0.958015
896190,0.0028455136
896191,0.9275893
896192,0.99157894
896193,0.010382489
896194,0.9640629
896195,0.2150043
896196,0.0146399895
896197,0.014849993
896198,0.9958819
896199,0.9769054
896200,0.123296216
896201,0.026868116
896202,0.7331595
896203,0.11716409
896204,0.9433393
896205,0.7520211
896206,0.95127237
896207,0.8248729
896208,0.016808173
896209,0.99635863
896210,0.5180811
896211,0.04509046
896212,0.9930592
896213,0.8252366
896214,0.9886314
896215,0.052056823
896216,0.017166872
896217,0.9965465
896218,0.016238853
896219,0.18282081
896220,0.37808764
896221,0.0026202577
896222,0.9956069
896223,0.9546103
896224,0.9075861
896225,0.8215944
896226,0.011252597
896227,0.004851889
896228,0.9667723
896229,0.61615366
896230,0.9544942
896231,0.8303963
896232,0.06634266
896233,0.6692179
896234,0.4149949
896235,0.21628755
896236,0.99805176
896237,0.8313687
896238,0.36743104
896239,0.9404892
896240,0.007198217
896241,0.091211215
896242,0.9481493
896243,0.83423936
896244,0.29424682
896245,0.7937291
896246,0.0064958716
896247,0.0074367225
896248,0.042825326
896249,0.97045004
896250,0.99442405
896251,0.04643724
896252,0.02793589
896253,0.14137736
896254,0.0030575371
896255,0.017823208
896256,0.2895394
896257,0.009490354
896258,0.047962908
896259,0.92997026
896260,0.97464514
896261,0.006995054
896262,0.26091644
896263,0.07043029
896264,0.9099033
896265,0.0618284
896266,0.3262785
896267,0.98657566
896268,0.88443416
896269,0.7749451
896270,0.03502501
896271,0.06731867
896272,0.07812441
896273,0.25333405
896274,0.004473053
896275,0.9930921
896276,0.012387168
896277,0.9723044
896278,0.01898746
896279,0.25626808
896280,0.003533925
896281,0.9992191
896282,0.9241786
896283,0.06780273
896284,0.875952
896285,0.111962415
896286,0.9904305
896287,0.041300185
896288,0.34503
896289,0.0021371972
896290,0.9856005
896291,0.5151068
896292,0.9997149
896293,0.92860365
896294,0.9721
896295,0.9639941
896296,0.019587332
896297,0.9648175
896298,0.9886451
896299,0.0054167225
896300,0.51958215
896301,0.0090391245
896302,0.83995175
896303,0.028029678
896304,0.9951856
896305,0.07635071
896306,0.013635954
896307,0.08628513
896308,0.1362997
896309,0.046570342
896310,0.97402894
896311,0.98685795
896312,0.6123296
896313,0.08588747
896314,0.018249944
896315,0.9787697
896316,0.0071252566
896317,0.98177034
896318,0.9997355
896319,0.43824786
896320,0.9925159
896321,0.9346477
896322,0.060967784
896323,0.8803862
896324,0.005022493
896325,0.01627611
896326,0.78288233
896327,0.86258274
896328,0.5376025
896329,0.228419
896330,0.19605416
896331,0.027069163
896332,0.98624253
896333,0.0374074
896334,0.98144037
896335,0.63674
896336,0.014728846
896337,0.93399584
896338,0.009617535
896339,0.93364286
896340,0.99957895
896341,0.9083962
896342,0.10384162
896343,0.9807826
896344,0.7095782
896345,0.009737619
896346,0.34232196
896347,0.08415167
896348,0.2756915
896349,0.06888826
896350,0.9624548
896351,0.8964292
896352,0.10353719
896353,0.07607336
896354,0.93394923
896355,0.5061115
896356,0.0020516366
896357,0.02560128
896358,0.8119359
896359,0.97985345
896360,0.7874932
896361,0.41919076
896362,0.11222989
896363,0.5169267
896364,0.2693802
896365,0.7636615
896366,0.84123987
896367,0.989475
896368,0.99399614
896369,0.2883013
896370,0.28674054
896371,0.8850641
896372,0.9429001
896373,0.038289957
896374,0.9606381
896375,0.0063763177
896376,0.023744728
896377,0.9920818
896378,0.8830149
896379,0.5843853
896380,0.98943627
896381,0.9201344
896382,0.9919538
896383,0.97432595
896384,0.54987437
896385,0.8368747
896386,0.991145
896387,0.6336423
896388,0.9573051
896389,0.09812296
896390,0.34639862
896391,0.013249701
896392,0.027651504
896393,0.6415006
896394,0.17130545
896395,0.50793195
896396,0.84080046
896397,0.026723772
896398,0.99458826
896399,0.018228859
896400,0.0016722585
896401,0.013875863
896402,0.03617046
896403,0.92062914
896404,0.04624672
896405,0.99910855
896406,0.30411482
896407,0.9544373
896408,0.007921224
896409,0.028046578
896410,0.047282618
896411,0.20483816
896412,0.009625446
896413,0.78329086
896414,0.008172312
896415,0.035349548
896416,0.9904649
896417,0.11363167
896418,0.81627357
896419,0.062703595
896420,0.011860348
896421,0.03138848
896422,0.031730235
896423,0.9746251
896424,0.017565904
896425,0.95539147
896426,0.96832466
896427,0.3688873
896428,0.9680151
896429,0.19815874
896430,0.0015769673
896431,0.01939487
896432,0.011437824
896433,0.010512096
896434,0.79398054
896435,0.020870604
896436,0.13407455
896437,0.0090727415
896438,0.99462485
896439,0.0158178
896440,0.41015804
896441,0.7053464
896442,0.046082113
896443,0.116924204
896444,0.97544754
896445,0.010354109
896446,0.008267522
896447,0.014215561
896448,0.99472964
896449,0.008402262
896450,0.028038288
896451,0.8707528
896452,0.29820597
896453,0.022068424
896454,0.023329336
896455,0.9525544
896456,0.9922664
896457,0.12335993
896458,0.9853283
896459,0.69283813
896460,0.99014497
896461,0.93357265
896462,0.0122955125
896463,0.3056653
896464,0.020252869
896465,0.98336565
896466,0.03170292
896467,0.18043892
896468,0.3653201
896469,0.8257569
896470,0.998847
896471,0.99106455
896472,0.82823414
896473,0.03764154
896474,0.91944313
896475,0.0073953234
896476,0.9648688
896477,0.5163145
896478,0.025907489
896479,0.023312181
896480,0.37909165
896481,0.005738411
896482,0.093094155
896483,0.8531319
896484,0.63023734
896485,0.43309456
896486,0.9985805
896487,0.056323715
896488,0.97204083
896489,0.1490948
896490,0.99895126
896491,0.13146812
896492,0.9993721
896493,0.84778064
896494,0.99429995
896495,0.14982992
896496,0.004388969
896497,0.82897115
896498,0.9731228
896499,0.992652
896500,0.99106956
896501,0.017781587
896502,0.14355579
896503,0.8148378
896504,0.015734889
896505,0.992685
896506,0.06970619
896507,0.9987381
896508,0.8125875
896509,0.57676965
896510,0.04250002
896511,0.0027400223
896512,0.023807285
896513,0.23930813
896514,0.054584354
896515,0.9537831
896516,0.036260776
896517,0.21001911
896518,0.18689108
896519,0.045105916
896520,0.3038263
896521,0.007783034
896522,0.10799801
896523,0.99296224
896524,0.99153155
896525,0.9995594
896526,0.23836152
896527,0.6248064
896528,0.99824893
896529,0.38460225
896530,0.16745137
896531,0.48133558
896532,0.99576914
896533,0.9632772
896534,0.9306861
896535,0.9879469
896536,0.9319844
896537,0.66543335
896538,0.014982564
896539,0.024953652
896540,0.8911833
896541,0.019291509
896542,0.83344316
896543,0.063270465
896544,0.068834595
896545,0.26302862
896546,0.005616331
896547,0.0594849
896548,0.24437095
896549,0.0168985
896550,0.010076297
896551,0.14837535
896552,0.0067378334
896553,0.12445956
896554,0.9960395
896555,0.97200274
896556,0.8733015
896557,0.41041425
896558,0.9417497
896559,0.13780962
896560,0.9814571
896561,0.008554066
896562,0.006276333
896563,0.028912801
896564,0.9094545
896565,0.894869
896566,0.015558613
896567,0.98811066
896568,0.06885511
896569,0.6544225
896570,0.42915764
896571,0.9810711
896572,0.20005539
896573,0.09805592
896574,0.011298005
896575,0.6744916
896576,0.03899843
896577,0.0176883
896578,0.15156826
896579,0.037259392
896580,0.011482857
896581,0.0099963425
896582,0.1942548
896583,0.7522045
896584,0.0046957536
896585,0.33503887
896586,0.3484425
896587,0.037367668
896588,0.008210825
896589,0.025302473
896590,0.6831758
896591,0.16576979
896592,0.04167999
896593,0.015205569
896594,0.027467083
896595,0.7870862
896596,0.023200555
896597,0.98388493
896598,0.014190717
896599,0.99755275
896600,0.26133913
896601,0.9794749
896602,0.04896164
896603,0.12490976
896604,0.2880446
896605,0.56410474
896606,0.047703937
896607,0.9881464
896608,0.02714652
896609,0.016514517
896610,0.053007156
896611,0.23928887
896612,0.064996585
896613,0.014213493
896614,0.98163354
896615,0.07647687
896616,0.96415126
896617,0.018345073
896618,0.8086947
896619,0.98664576
896620,0.0031475932
896621,0.16267101
896622,0.03793945
896623,0.9877752
896624,0.0024897647
896625,0.9642143
896626,0.09162332
896627,0.044066943
896628,0.8650146
896629,0.4233396
896630,0.86187285
896631,0.0062577073
896632,0.18927994
896633,0.96507907
896634,0.090117164
896635,0.5884681
896636,0.9067439
896637,0.10127215
896638,0.101030566
896639,0.00506652
896640,0.061086275
896641,0.99068177
896642,0.32627112
896643,0.31733313
896644,0.9939741
896645,0.37611276
896646,0.02779501
896647,0.061757877
896648,0.49639145
896649,0.52941257
896650,0.9582118
896651,0.035107218
896652,0.9981526
896653,0.88575554
896654,0.97819483
896655,0.79076767
896656,0.0041933083
896657,0.7406756
896658,0.9854887
896659,0.09982434
896660,0.024239643
896661,0.9723649
896662,0.99643195
896663,0.9197257
896664,0.99061304
896665,0.9622253
896666,0.7948127
896667,0.7339901
896668,0.99912846
896669,0.5675539
896670,0.9123698
896671,0.33528826
896672,0.0022226542
896673,0.70006335
896674,0.9716382
896675,0.012309609
896676,0.74925506
896677,0.5722836
896678,0.0013273933
896679,0.5356797
896680,0.9710565
896681,0.042885516
896682,0.0025140978
896683,0.8688796
896684,0.016415402
896685,0.9842507
896686,0.58849275
896687,0.037516333
896688,0.9934349
896689,0.1679707
896690,0.99348325
896691,0.80892456
896692,0.059899963
896693,0.69667107
896694,0.08115762
896695,0.8262886
896696,0.06826683
896697,0.9834032
896698,0.99031466
896699,0.86474544
896700,0.086639196
896701,0.816743
896702,0.7309015
896703,0.6735188
896704,0.978096
896705,0.13433221
896706,0.08655348
896707,0.9780181
896708,0.9790606
896709,0.9924721
896710,0.77934635
896711,0.73628277
896712,0.00854625
896713,0.9969504
896714,0.09586428
896715,0.9963689
896716,0.8651905
896717,0.9907097
896718,0.93896085
896719,0.99265736
896720,0.046049114
896721,0.020127192
896722,0.8532311
896723,0.060816705
896724,0.41443482
896725,0.43861303
896726,0.5742612
896727,0.5133546
896728,0.9919098
896729,0.2620999
896730,0.99829245
896731,0.17259884
896732,0.9773027
896733,0.018306803
896734,0.9959813
896735,0.041023538
896736,0.6135655
896737,0.0077173132
896738,0.97677934
896739,0.007007532
896740,0.071260504
896741,0.7765621
896742,0.0058065057
896743,0.4922449
896744,0.13300243
896745,0.94988334
896746,0.5362576
896747,0.8783384
896748,0.70425516
896749,0.9932132
896750,0.051248096
896751,0.47684646
896752,0.09446283
896753,0.0665663
896754,0.3875072
896755,0.9649577
896756,0.012246143
896757,0.62427855
896758,0.9254139
896759,0.9028059
896760,0.63142574
896761,0.014914165
896762,0.94921386
896763,0.10001603
896764,0.019921746
896765,0.60135174
896766,0.53846717
896767,0.123884514
896768,0.0018670637
896769,0.17693673
896770,0.8878709
896771,0.034861222
896772,0.9853337
896773,0.5082253
896774,0.9701023
896775,0.806921
896776,0.9956534
896777,0.21953543
896778,0.92904484
896779,0.014915651
896780,0.0041230363
896781,0.86864877
896782,0.5044623
896783,0.34087095
896784,0.012329541
896785,0.98521006
896786,0.38417363
896787,0.17994729
896788,0.639264
896789,0.9410424
896790,0.031082267
896791,0.0260441
896792,0.05176274
896793,0.99076545
896794,0.95232326
896795,0.997014
896796,0.28550005
896797,0.022566605
896798,0.006692008
896799,0.03332459
896800,0.091821946
896801,0.17871629
896802,0.013013562
896803,0.13383031
896804,0.2827408
896805,0.0068052295
896806,0.94099784
896807,0.064248234
896808,0.025766976
896809,0.2637542
896810,0.9830593
896811,0.013864162
896812,0.74369735
896813,0.9446168
896814,0.04291422
896815,0.020249527
896816,0.8231816
896817,0.99446607
896818,0.87121767
896819,0.11438373
896820,0.65141636
896821,0.777639
896822,0.98094916
896823,0.006813263
896824,0.99727094
896825,0.50574696
896826,0.50135046
896827,0.8760815
896828,0.119980775
896829,0.028148565
896830,0.837358
896831,0.33277816
896832,0.33652017
896833,0.068162106
896834,0.9929764
896835,0.9210611
896836,0.99606717
896837,0.01755074
896838,0.9876077
896839,0.5035819
896840,0.0104906885
896841,0.5390439
896842,0.53486377
896843,0.011733785
896844,0.006683656
896845,0.020610385
896846,0.014303031
896847,0.0133373765
896848,0.81803
896849,0.06769966
896850,0.9637737
896851,0.26843715
896852,0.5277363
896853,0.6751957
896854,0.008241343
896855,0.48553652
896856,0.38252372
896857,0.98343813
896858,0.01043823
896859,0.17119956
896860,0.013495826
896861,0.16274196
896862,0.009028085
896863,0.047872767
896864,0.003708059
896865,0.027368821
896866,0.004647127
896867,0.028861316
896868,0.9619876
896869,0.99391985
896870,0.9771258
896871,0.037471354
896872,0.055248823
896873,0.7309381
896874,0.90505624
896875,0.9968232
896876,0.9280853
896877,0.02209134
896878,0.25861168
896879,0.09382743
896880,0.7200021
896881,0.0132354135
896882,0.2235173
896883,0.99220574
896884,0.9964161
896885,0.5110571
896886,0.30751863
896887,0.03664667
896888,0.15598536
896889,0.97236913
896890,0.029058509
896891,0.016604416
896892,0.0038539218
896893,0.505488
896894,0.99214244
896895,0.22796986
896896,0.9158414
896897,0.56905
896898,0.0032230362
896899,0.009096438
896900,0.9947449
896901,0.4421204
896902,0.94768405
896903,0.9538809
896904,0.0042717354
896905,0.8786332
896906,0.0045290594
896907,0.8268739
896908,0.02488363
896909,0.18862748
896910,0.8086036
896911,0.090362
896912,0.02721781
896913,0.041072246
896914,0.08367729
896915,0.08470374
896916,0.041430067
896917,0.048427977
896918,0.5485893
896919,0.85038203
896920,0.178467
896921,0.9468311
896922,0.98428005
896923,0.026581246
896924,0.0065848064
896925,0.03592153
896926,0.016678687
896927,0.65323925
896928,0.342371
896929,0.15669732
896930,0.86002135
896931,0.55209816
896932,0.04543468
896933,0.9960332
896934,0.9910334
896935,0.29010686
896936,0.9913849
896937,0.9700916
896938,0.8400014
896939,0.14171216
896940,0.48076645
896941,0.007350157
896942,0.0237545
896943,0.17910782
896944,0.028468361
896945,0.04910341
896946,0.8378501
896947,0.015408229
896948,0.14166397
896949,0.6175003
896950,0.0025144012
896951,0.036189593
896952,0.015523022
896953,0.058785398
896954,0.6220447
896955,0.9867366
896956,0.9885263
896957,0.7897059
896958,0.09593554
896959,0.9657863
896960,0.050420597
896961,0.91940755
896962,0.59846103
896963,0.9872246
896964,0.33723572
896965,0.8162109
896966,0.0080131125
896967,0.8926628
896968,0.026414331
896969,0.48084414
896970,0.8197979
896971,0.9841609
896972,0.8251876
896973,0.12936074
896974,0.009977825
896975,0.73951304
896976,0.060108375
896977,0.00899636
896978,0.952655
896979,0.1879347
896980,0.99473226
896981,0.6472648
896982,0.9976343
896983,0.98771644
896984,0.1550838
896985,0.9783777
896986,0.13624424
896987,0.411013
896988,0.69035816
896989,0.036335092
896990,0.037729237
896991,0.95642084
896992,0.057877064
896993,0.05957963
896994,0.9768361
896995,0.98263603
896996,0.3196023
896997,0.9725602
896998,0.82683516
896999,0.76853305
897000,0.46980318
897001,0.5137158
897002,0.94775265
897003,0.9604662
897004,0.93732804
897005,0.99591064
897006,0.65827304
897007,0.02272133
897008,0.03158291
897009,0.97310764
897010,0.000975546
897011,0.3094339
897012,0.93555665
897013,0.031284913
897014,0.21302028
897015,0.0059327595
897016,0.026133323
897017,0.22718298
897018,0.26461864
897019,0.2702837
897020,0.13608147
897021,0.058941673
897022,0.71359885
897023,0.030907929
897024,0.998597
897025,0.07520445
897026,0.041534916
897027,0.8044433
897028,0.009185842
897029,0.9733594
897030,0.5581108
897031,0.00836033
897032,0.0034072215
897033,0.10580918
897034,0.15239301
897035,0.99713105
897036,0.021242786
897037,0.9970576
897038,0.7264447
897039,0.936458
897040,0.0131137045
897041,0.9395454
897042,0.9755229
897043,0.022230357
897044,0.9916407
897045,0.71120524
897046,0.115966074
897047,0.9981053
897048,0.3713464
897049,0.005848965
897050,0.0490435
897051,0.9730546
897052,0.990071
897053,0.9935192
897054,0.013809564
897055,0.027237691
897056,0.23813161
897057,0.0639631
897058,0.025326831
897059,0.010109934
897060,0.49137515
897061,0.62072605
897062,0.02653622
897063,0.9745173
897064,0.03511802
897065,0.33962962
897066,0.107897185
897067,0.68038976
897068,0.0774872
897069,0.77650315
897070,0.97143435
897071,0.66460156
897072,0.022149298
897073,0.37448257
897074,0.7075921
897075,0.5278177
897076,0.012644187
897077,0.001188365
897078,0.40073115
897079,0.03030184
897080,0.26058745
897081,0.02706689
897082,0.9360546
897083,0.06823493
897084,0.9849996
897085,0.4247334
897086,0.9887508
897087,0.065306164
897088,0.7886251
897089,0.23481326
897090,0.019457998
897091,0.080234446
897092,0.5294485
897093,0.019764397
897094,0.18980126
897095,0.10256932
897096,0.8865152
897097,0.011635823
897098,0.027204234
897099,0.9463221
897100,0.9274603
897101,0.030872643
897102,0.9975535
897103,0.004258545
897104,0.021208126
897105,0.025800468
897106,0.026503792
897107,0.8466331
897108,0.8203802
897109,0.03514355
897110,0.8661842
897111,0.9416541
897112,0.99826324
897113,0.9703623
897114,0.5705246
897115,0.026666177
897116,0.07598709
897117,0.56361455
897118,0.5669551
897119,0.9956901
897120,0.013842289
897121,0.49881357
897122,0.0049573914
897123,0.9629457
897124,0.029022781
897125,0.87634504
897126,0.10673351
897127,0.9655806
897128,0.11272833
897129,0.46098867
897130,0.95607805
897131,0.9828946
897132,0.31078342
897133,0.9853286
897134,0.91078925
897135,0.064553924
897136,0.0045871558
897137,0.21879508
897138,0.9878933
897139,0.29613703
897140,0.25422513
897141,0.031696994
897142,0.0094453655
897143,0.01567557
897144,0.61233747
897145,0.065235354
897146,0.71236825
897147,0.99538887
897148,0.9066762
897149,0.48504895
897150,0.6191095
897151,0.019183317
897152,0.06865359
897153,0.038562678
897154,0.015167463
897155,0.062093772
897156,0.9869914
897157,0.035322834
897158,0.067844
897159,0.028243378
897160,0.04982025
897161,0.8148876
897162,0.9956689
897163,0.009414429
897164,0.97891796
897165,0.89009315
897166,0.049981616
897167,0.19931427
897168,0.25472596
897169,0.9699517
897170,0.95101637
897171,0.43293223
897172,0.79969007
897173,0.036748253
897174,0.98332727
897175,0.103804566
897176,0.09729634
897177,0.8921962
897178,0.90067273
897179,0.009732483
897180,0.88611656
897181,0.96139157
897182,0.019255076
897183,0.0483439
897184,0.031547524
897185,0.99369216
897186,0.28966832
897187,0.060868748
897188,0.012431901
897189,0.006688435
897190,0.011378201
897191,0.97250557
897192,0.999382
897193,0.9779381
897194,0.014530843
897195,0.14442095
897196,0.014526482
897197,0.84339345
897198,0.9792986
897199,0.9657331
897200,0.8113335
897201,0.08097021
897202,0.1253295
897203,0.55757135
897204,0.91125417
897205,0.9958697
897206,0.98936266
897207,0.92975956
897208,0.01973709
897209,0.25949717
897210,0.8303803
897211,0.7280535
897212,0.020508945
897213,0.7342191
897214,0.01245686
897215,0.8891823
897216,0.03122554
897217,0.34761822
897218,0.00070552924
897219,0.09163034
897220,0.04861419
897221,0.048381835
897222,0.88579977
897223,0.20803094
897224,0.13194348
897225,0.9562958
897226,0.99116695
897227,0.34061292
897228,0.010692315
897229,0.86101925
897230,0.05922153
897231,0.5251374
897232,0.73303366
897233,0.6722124
897234,0.7296655
897235,0.12282951
897236,0.79560524
897237,0.5999017
897238,0.1084426
897239,0.99774754
897240,0.9973398
897241,0.002150581
897242,0.10187111
897243,0.99701285
897244,0.48153448
897245,0.7282704
897246,0.04065907
897247,0.022456884
897248,0.9800323
897249,0.16223292
897250,0.18393227
897251,0.0036660451
897252,0.91315997
897253,0.8679653
897254,0.9340356
897255,0.01147135
897256,0.7176069
897257,0.12049724
897258,0.01077609
897259,0.2477614
897260,0.21841046
897261,0.03175251
897262,0.5819253
897263,0.992045
897264,0.9906869
897265,0.046087384
897266,0.11002602
897267,0.92997015
897268,0.39420393
897269,0.100847736
897270,0.9819404
897271,0.69549614
897272,0.6898443
897273,0.089605466
897274,0.0045049964
897275,0.018333787
897276,0.1284588
897277,0.97272426
897278,0.99856293
897279,0.005745603
897280,0.0066012675
897281,0.9764087
897282,0.94198954
897283,0.04348749
897284,0.97207075
897285,0.89565206
897286,0.01535177
897287,0.9980877
897288,0.050472856
897289,0.08384887
897290,0.918424
897291,0.16371989
897292,0.9834564
897293,0.022297543
897294,0.1397413
897295,0.48604375
897296,0.86935484
897297,0.86426455
897298,0.11153096
897299,0.027613677
897300,0.011231735
897301,0.00631366
897302,0.969688
897303,0.22941466
897304,0.018947452
897305,0.6104235
897306,0.81771564
897307,0.9382664
897308,0.4296684
897309,0.50385916
897310,0.4974667
897311,0.019204851
897312,0.021674743
897313,0.4267621
897314,0.75166476
897315,0.70515203
897316,0.9865138
897317,0.9833422
897318,0.06595906
897319,0.067313224
897320,0.104071006
897321,0.03453181
897322,0.014335731
897323,0.0118175
897324,0.86322093
897325,0.9731991
897326,0.024500612
897327,0.79577005
897328,0.36208564
897329,0.026119614
897330,0.046549
897331,0.43051493
897332,0.9028573
897333,0.9104712
897334,0.9688866
897335,0.030292649
897336,0.97768575
897337,0.12945291
897338,0.8999308
897339,0.94736737
897340,0.20226136
897341,0.006123837
897342,0.9938122
897343,0.92503726
897344,0.014465954
897345,0.687417
897346,0.026388995
897347,0.9841233
897348,0.6804219
897349,0.6925015
897350,0.14284235
897351,0.6603445
897352,0.8865481
897353,0.014515006
897354,0.16680105
897355,0.0028238893
897356,0.9951427
897357,0.970222
897358,0.28520808
897359,0.99229866
897360,0.7007796
897361,0.9649443
897362,0.18355222
897363,0.9772884
897364,0.8394885
897365,0.22131576
897366,0.31530216
897367,0.3227975
897368,0.96499115
897369,0.22049434
897370,0.59668434
897371,0.4061151
897372,0.13324079
897373,0.6248325
897374,0.013415178
897375,0.0022064592
897376,0.08823281
897377,0.97844875
897378,0.90209997
897379,0.0035635186
897380,0.8968148
897381,0.58141416
897382,0.0022040245
897383,0.6331267
897384,0.23359759
897385,0.3635801
897386,0.9752322
897387,0.841105
897388,0.72303987
897389,0.009999404
897390,0.99164486
897391,0.98098105
897392,0.0076550147
897393,0.052841097
897394,0.9040111
897395,0.018632367
897396,0.07150917
897397,0.57865745
897398,0.8859879
897399,0.15719263
897400,0.0629234
897401,0.25585622
897402,0.37127164
897403,0.99665046
897404,0.03516115
897405,0.036550425
897406,0.9884722
897407,0.96199346
897408,0.541291
897409,0.998659
897410,0.030669378
897411,0.817529
897412,0.15857881
897413,0.84137386
897414,0.7556281
897415,0.08570833
897416,0.98954725
897417,0.99672353
897418,0.0841327
897419,0.025096048
897420,0.006463353
897421,0.12322216
897422,0.0376395
897423,0.017557334
897424,0.10512179
897425,0.112045236
897426,0.94984293
897427,0.9969623
897428,0.8653346
897429,0.027392749
897430,0.9672594
897431,0.042799637
897432,0.036928393
897433,0.997671
897434,0.99115306
897435,0.0030069258
897436,0.050916716
897437,0.00946628
897438,0.975613
897439,0.63554764
897440,0.97746664
897441,0.96511316
897442,0.2264199
897443,0.8799039
897444,0.9887763
897445,0.9830435
897446,0.6208894
897447,0.4653755
897448,0.017742932
897449,0.76416856
897450,0.120358124
897451,0.069184795
897452,0.012680337
897453,0.2550445
897454,0.9973947
897455,0.0111561995
897456,0.66328925
897457,0.99277276
897458,0.5814903
897459,0.99512416
897460,0.002041052
897461,0.67621976
897462,0.45473543
897463,0.008147951
897464,0.974542
897465,0.8798847
897466,0.6859861
897467,0.044108514
897468,0.98554415
897469,0.9549157
897470,0.9789139
897471,0.9501507
897472,0.9416623
897473,0.9930886
897474,0.89796126
897475,0.9526199
897476,0.16103122
897477,0.16252507
897478,0.09822166
897479,0.055994757
897480,0.46618384
897481,0.117626555
897482,0.039689206
897483,0.99525297
897484,0.9756659
897485,0.9967506
897486,0.9883165
897487,0.93104976
897488,0.028623203
897489,0.009322209
897490,0.012792716
897491,0.019566633
897492,0.05290187
897493,0.10534897
897494,0.76879543
897495,0.9841853
897496,0.023240846
897497,0.0039961645
897498,0.55562705
897499,0.30559218
897500,0.0062612505
897501,0.9270936
897502,0.09846812
897503,0.060358077
897504,0.46342084
897505,0.96822304
897506,0.018012192
897507,0.004046728
897508,0.009926056
897509,0.7184944
897510,0.028005682
897511,0.09535522
897512,0.05007356
897513,0.91344213
897514,0.015434139
897515,0.009607194
897516,0.14194661
897517,0.0278458
897518,0.98176473
897519,0.041760437
897520,0.031324685
897521,0.2466093
897522,0.03712347
897523,0.37325776
897524,0.079843625
897525,0.5909896
897526,0.8568017
897527,0.0063100415
897528,0.015989829
897529,0.0059859427
897530,0.72803664
897531,0.96390116
897532,0.9762266
897533,0.016758837
897534,0.21675271
897535,0.5259559
897536,0.2950252
897537,0.12372608
897538,0.041090414
897539,0.954704
897540,0.10518429
897541,0.7849115
897542,0.041570492
897543,0.981588
897544,0.025513005
897545,0.41344103
897546,0.9232801
897547,0.9745624
897548,0.99928385
897549,0.21243623
897550,0.9807508
897551,0.77702814
897552,0.9360336
897553,0.9883485
897554,0.0029045178
897555,0.05409137
897556,0.7478266
897557,0.99618673
897558,0.024125794
897559,0.98172915
897560,0.9094885
897561,0.32940707
897562,0.9954002
897563,0.8533177
897564,0.8038344
897565,0.006117111
897566,0.9944503
897567,0.96209055
897568,0.7761412
897569,0.014006289
897570,0.017609045
897571,0.3137932
897572,0.010045446
897573,0.964208
897574,0.98676246
897575,0.9538348
897576,0.017430792
897577,0.99679065
897578,0.83420616
897579,0.18861265
897580,0.9713125
897581,0.018644594
897582,0.019124158
897583,0.05114068
897584,0.8106094
897585,0.02172806
897586,0.91462356
897587,0.04729432
897588,0.5153495
897589,0.98481184
897590,0.014594879
897591,0.9996482
897592,0.008150533
897593,0.9954895
897594,0.98601025
897595,0.7977572
897596,0.5860982
897597,0.97574466
897598,0.037965678
897599,0.99736357
897600,0.0036963737
897601,0.036928177
897602,0.34186026
897603,0.96682197
897604,0.7035297
897605,0.07854046
897606,0.03441185
897607,0.9899999
897608,0.12402205
897609,0.11607429
897610,0.15852652
897611,0.37236965
897612,0.14588161
897613,0.6036579
897614,0.06740114
897615,0.98217165
897616,0.9808415
897617,0.9761052
897618,0.45343998
897619,0.9350332
897620,0.057811964
897621,0.0076939715
897622,0.013706294
897623,0.3356693
897624,0.21525739
897625,0.052168474
897626,0.010891478
897627,0.0131855905
897628,0.9885093
897629,0.03776018
897630,0.051205076
897631,0.739035
897632,0.008308736
897633,0.13287967
897634,0.5159665
897635,0.9959655
897636,0.0119752325
897637,0.94528556
897638,0.9619442
897639,0.05551591
897640,0.018494835
897641,0.0028276064
897642,0.2165778
897643,0.06533906
897644,0.00135634
897645,0.11358668
897646,0.0008258741
897647,0.96610034
897648,0.3147146
897649,0.9903705
897650,0.22785994
897651,0.9783032
897652,0.09021427
897653,0.12396857
897654,0.0150489565
897655,0.4939474
897656,0.76353747
897657,0.06662197
897658,0.9691891
897659,0.9109637
897660,0.93419874
897661,0.9910622
897662,0.4476961
897663,0.74322087
897664,0.8770927
897665,0.0072143916
897666,0.05765608
897667,0.49368823
897668,0.9891099
897669,0.66063994
897670,0.6773721
897671,0.8127792
897672,0.0043651415
897673,0.14746873
897674,0.929587
897675,0.99705577
897676,0.99500203
897677,0.9470851
897678,0.5246551
897679,0.042862333
897680,0.06281456
897681,0.013581198
897682,0.9478006
897683,0.07367226
897684,0.0052658045
897685,0.15289354
897686,0.022048391
897687,0.029498806
897688,0.121800795
897689,0.053914707
897690,0.296272
897691,0.5232131
897692,0.98675144
897693,0.96084154
897694,0.12642737
897695,0.017938644
897696,0.26006466
897697,0.030553326
897698,0.98618585
897699,0.9597951
897700,0.19834533
897701,0.0036746599
897702,0.023743773
897703,0.82075214
897704,0.06688244
897705,0.015254723
897706,0.059224352
897707,0.80467916
897708,0.9977585
897709,0.11552741
897710,0.0820367
897711,0.0031364197
897712,0.00443937
897713,0.6026068
897714,0.7645219
897715,0.44065973
897716,0.0015122832
897717,0.66163635
897718,0.11380375
897719,0.99236727
897720,0.9185112
897721,0.9997184
897722,0.8087331
897723,0.8386778
897724,0.61384684
897725,0.99639505
897726,0.42779988
897727,0.00572979
897728,0.9745829
897729,0.9975501
897730,0.9504304
897731,0.8987748
897732,0.012369195
897733,0.48217055
897734,0.51175976
897735,0.005573912
897736,0.026664399
897737,0.14827934
897738,0.9934416
897739,0.9347401
897740,0.94834614
897741,0.9849645
897742,0.82835644
897743,0.009314322
897744,0.9552407
897745,0.16889302
897746,0.963704
897747,0.025252128
897748,0.8841849
897749,0.0027055163
897750,0.31022835
897751,0.32277834
897752,0.16406612
897753,0.055436213
897754,0.9374007
897755,0.81521875
897756,0.14110251
897757,0.0034761361
897758,0.013427533
897759,0.9766591
897760,0.03996096
897761,0.036968067
897762,0.053606477
897763,0.037250552
897764,0.0034046413
897765,0.9970066
897766,0.014773763
897767,0.9727954
897768,0.0124260355
897769,0.06614826
897770,0.116197854
897771,0.9022881
897772,0.99920917
897773,0.35562545
897774,0.0075213974
897775,0.7461017
897776,0.5849473
897777,0.1346465
897778,0.9941904
897779,0.9877487
897780,0.97587156
897781,0.3545139
897782,0.0494763
897783,0.17125753
897784,0.9972504
897785,0.7352531
897786,0.9806279
897787,0.013326891
897788,0.026251609
897789,0.008573994
897790,0.0110859545
897791,0.06914316
897792,0.9657796
897793,0.9209525
897794,0.94082206
897795,0.9862913
897796,0.736915
897797,0.60630465
897798,0.38760126
897799,0.603324
897800,0.026557887
897801,0.9109544
897802,0.90217185
897803,0.8971618
897804,0.005300413
897805,0.025277866
897806,0.9885011
897807,0.009506691
897808,0.7773511
897809,0.24362326
897810,0.8071865
897811,0.23269895
897812,0.96576005
897813,0.8800337
897814,0.96686983
897815,0.88554704
897816,0.01716943
897817,0.15121865
897818,0.9368515
897819,0.90991074
897820,0.99859124
897821,0.05349658
897822,0.97876567
897823,0.2494368
897824,0.00778334
897825,0.98623693
897826,0.9802998
897827,0.21760574
897828,0.10407179
897829,0.99396694
897830,0.19243121
897831,0.9915047
897832,0.59482193
897833,0.0059300466
897834,0.9745321
897835,0.7387438
897836,0.7414009
897837,0.007343702
897838,0.033848483
897839,0.035963107
897840,0.81343365
897841,0.085070014
897842,0.023843784
897843,0.07646556
897844,0.7223904
897845,0.89150727
897846,0.5159435
897847,0.99298555
897848,0.6020998
897849,0.9043033
897850,0.0059706685
897851,0.03427905
897852,0.6212989
897853,0.12272551
897854,0.92449147
897855,0.10513109
897856,0.5289989
897857,0.18048215
897858,0.48003736
897859,0.9710978
897860,0.9167961
897861,0.3718649
897862,0.0042098872
897863,0.18308268
897864,0.9778361
897865,0.036490813
897866,0.033446867
897867,0.21449238
897868,0.19052503
897869,0.9963295
897870,0.72178054
897871,0.009248657
897872,0.024088422
897873,0.92159796
897874,0.06335771
897875,0.9616549
897876,0.11380086
897877,0.3099774
897878,0.008021976
897879,0.9485458
897880,0.73664564
897881,0.8038976
897882,0.8817161
897883,0.9666226
897884,0.004016515
897885,0.14703746
897886,0.0143045215
897887,0.05823213
897888,0.011189308
897889,0.021221671
897890,0.048801236
897891,0.85750294
897892,0.025825351
897893,0.076435916
897894,0.8098502
897895,0.016685843
897896,0.9785985
897897,0.96485245
897898,0.06313864
897899,0.16114153
897900,0.9910387
897901,0.83314675
897902,0.055705126
897903,0.9937309
897904,0.07743631
897905,0.030716607
897906,0.87634945
897907,0.9981396
897908,0.5811709
897909,0.96119785
897910,0.41642874
897911,0.94298935
897912,0.99628097
897913,0.028865209
897914,0.059304774
897915,0.009982997
897916,0.7269553
897917,0.99195033
897918,0.01921992
897919,0.10919814
897920,0.9608294
897921,0.0033137458
897922,0.31437773
897923,0.0063165603
897924,0.9897743
897925,0.92277014
897926,0.14461455
897927,0.014861064
897928,0.08096204
897929,0.6047749
897930,0.19669802
897931,0.0062728133
897932,0.64121133
897933,0.7841854
897934,0.011932293
897935,0.5009378
897936,0.6936077
897937,0.0019582682
897938,0.0066099376
897939,0.08663387
897940,0.14511962
897941,0.8868309
897942,0.9859468
897943,0.995903
897944,0.9396836
897945,0.034802277
897946,0.041541684
897947,0.27845252
897948,0.18096596
897949,0.78510153
897950,0.99548125
897951,0.38744056
897952,0.89479834
897953,0.0031801534
897954,0.70430285
897955,0.9892383
897956,0.01750104
897957,0.2323055
897958,0.01594203
897959,0.08861047
897960,0.9910134
897961,0.7918767
897962,0.085577965
897963,0.14655331
897964,0.99202955
897965,0.04430803
897966,0.45991835
897967,0.01933966
897968,0.9778367
897969,0.011428624
897970,0.085017785
897971,0.01723427
897972,0.03870477
897973,0.9516375
897974,0.1769934
897975,0.9060057
897976,0.2725031
897977,0.039396606
897978,0.9981744
897979,0.98587495
897980,0.9510419
897981,0.012683313
897982,0.41259566
897983,0.036307927
897984,0.96117693
897985,0.32781827
897986,0.14533594
897987,0.18752497
897988,0.8609782
897989,0.07172652
897990,0.07760004
897991,0.034513675
897992,0.020224402
897993,0.9838573
897994,0.035462566
897995,0.034438986
897996,0.10470169
897997,0.016267233
897998,0.0055067865
897999,0.84138155
898000,0.05137346
898001,0.92849374
898002,0.083121516
898003,0.052179717
898004,0.18727522
898005,0.9894504
898006,0.99699247
898007,0.009800011
898008,0.007107015
898009,0.27225536
898010,0.0058822143
898011,0.011872484
898012,0.009150159
898013,0.011024435
898014,0.20298156
898015,0.024726372
898016,0.853364
898017,0.018129693
898018,0.14429016
898019,0.9871475
898020,0.12120336
898021,0.010683412
898022,0.98921496
898023,0.040591877
898024,0.99192005
898025,0.6045017
898026,0.7653553
898027,0.00953075
898028,0.09432654
898029,0.99756145
898030,0.22883676
898031,0.63374645
898032,0.9950191
898033,0.71362585
898034,0.50654924
898035,0.9822947
898036,0.9918208
898037,0.0015743251
898038,0.06740626
898039,0.87113047
898040,0.037262965
898041,0.79615974
898042,0.08142468
898043,0.0070627443
898044,0.0029459093
898045,0.43984643
898046,0.99240786
898047,0.020112261
898048,0.9184033
898049,0.9962369
898050,0.38145208
898051,0.99203473
898052,0.93446386
898053,0.026256414
898054,0.030648012
898055,0.49580973
898056,0.10611656
898057,0.0037234947
898058,0.8706826
898059,0.03066516
898060,0.06649787
898061,0.055468325
898062,0.21484865
898063,0.9739783
898064,0.14056706
898065,0.0024872953
898066,0.08858896
898067,0.06264242
898068,0.016709786
898069,0.84904003
898070,0.17610745
898071,0.07551344
898072,0.026769577
898073,0.1043762
898074,0.8198221
898075,0.030859986
898076,0.77391636
898077,0.25338292
898078,0.12658896
898079,0.8659395
898080,0.97685015
898081,0.0032169167
898082,0.011767852
898083,0.04469117
898084,0.12715246
898085,0.012371688
898086,0.15817498
898087,0.015777586
898088,0.4658401
898089,0.020281658
898090,0.050629236
898091,0.8862143
898092,0.013410848
898093,0.95013785
898094,0.21084775
898095,0.059383202
898096,0.9520932
898097,0.085219495
898098,0.0027748037
898099,0.71834505
898100,0.5998688
898101,0.99640936
898102,0.040379893
898103,0.7316728
898104,0.32232556
898105,0.99925977
898106,0.99686944
898107,0.034848325
898108,0.48712802
898109,0.7592922
898110,0.049361207
898111,0.79206556
898112,0.2613495
898113,0.4292084
898114,0.059709314
898115,0.06605561
898116,0.9947902
898117,0.016091852
898118,0.93112624
898119,0.5010681
898120,0.02859921
898121,0.10586226
898122,0.9891806
898123,0.33320072
898124,0.25959787
898125,0.6909313
898126,0.10805789
898127,0.99584484
898128,0.010197421
898129,0.91572696
898130,0.13599594
898131,0.09933778
898132,0.99656904
898133,0.9727335
898134,0.9895294
898135,0.980681
898136,0.93900335
898137,0.052446846
898138,0.9743591
898139,0.043791536
898140,0.68815506
898141,0.7678034
898142,0.016106427
898143,0.17186248
898144,0.7332517
898145,0.015811749
898146,0.873318
898147,0.9971028
898148,0.062718585
898149,0.70153344
898150,0.979425
898151,0.012599399
898152,0.036001347
898153,0.0075663705
898154,0.93378174
898155,0.9777774
898156,0.019798182
898157,0.020229355
898158,0.81334674
898159,0.97898257
898160,0.04535445
898161,0.9874216
898162,0.0033459482
898163,0.003449856
898164,0.69861317
898165,0.94354135
898166,0.7895474
898167,0.8952281
898168,0.9573473
898169,0.011593074
898170,0.9433633
898171,0.96525824
898172,0.9653286
898173,0.0099465605
898174,0.20571691
898175,0.017999725
898176,0.34013176
898177,0.011417452
898178,0.008076923
898179,0.07086563
898180,0.55845803
898181,0.016152158
898182,0.032357626
898183,0.029146152
898184,0.63308495
898185,0.85256463
898186,0.9952175
898187,0.98579323
898188,0.96616834
898189,0.10739439
898190,0.93245375
898191,0.8665501
898192,0.022450361
898193,0.046115197
898194,0.03707234
898195,0.9677713
898196,0.005861981
898197,0.9451264
898198,0.8604666
898199,0.0051079
898200,0.06286007
898201,0.05408486
898202,0.6912334
898203,0.46146333
898204,0.98065776
898205,0.004007854
898206,0.98372334
898207,0.885883
898208,0.0064831404
898209,0.117912844
898210,0.6153859
898211,0.0032358568
898212,0.05313422
898213,0.0112366425
898214,0.47022656
898215,0.07647266
898216,0.7036076
898217,0.9798492
898218,0.98994315
898219,0.96813685
898220,0.98106563
898221,0.89535475
898222,0.99947643
898223,0.07175123
898224,0.9794686
898225,0.9078125
898226,0.93659914
898227,0.96778405
898228,0.88752687
898229,0.03795746
898230,0.48700836
898231,0.93676364
898232,0.1889534
898233,0.04534621
898234,0.49141788
898235,0.63917893
898236,0.7751701
898237,0.0017754645
898238,0.012874543
898239,0.14495245
898240,0.9985397
898241,0.77730733
898242,0.028743172
898243,0.96872234
898244,0.9951448
898245,0.122129194
898246,0.99188447
898247,0.13454044
898248,0.13245186
898249,0.993953
898250,0.9924385
898251,0.25192475
898252,0.98965305
898253,0.10379274
898254,0.9870764
898255,0.008892336
898256,0.99470615
898257,0.9442489
898258,0.37995258
898259,0.014702721
898260,0.13092595
898261,0.9938355
898262,0.93312943
898263,0.01229668
898264,0.0015536183
898265,0.0016551054
898266,0.36732215
898267,0.07347047
898268,0.9537467
898269,0.011071479
898270,0.9362409
898271,0.009178293
898272,0.2965845
898273,0.9747971
898274,0.19688027
898275,0.5721394
898276,0.90713984
898277,0.004597717
898278,0.00928058
898279,0.052614074
898280,0.8315973
898281,0.028347353
898282,0.9825331
898283,0.020728296
898284,0.06954766
898285,0.88720196
898286,0.75106716
898287,0.9632442
898288,0.2319893
898289,0.99957865
898290,0.01634724
898291,0.9492486
898292,0.23385969
898293,0.009155765
898294,0.060125012
898295,0.07877159
898296,0.52495927
898297,0.0112972325
898298,0.025896885
898299,0.03522423
898300,0.9287329
898301,0.110361435
898302,0.2479585
898303,0.99667263
898304,0.9665579
898305,0.8989967
898306,0.1124974
898307,0.096136644
898308,0.20368503
898309,0.017769087
898310,0.99615824
898311,0.040347874
898312,0.9824544
898313,0.85227406
898314,0.055199515
898315,0.9525549
898316,0.979855
898317,0.03388892
898318,0.3122903
898319,0.010433823
898320,0.6196745
898321,0.361915
898322,0.06596956
898323,0.99468184
898324,0.99858636
898325,0.96173674
898326,0.011717165
898327,0.9222509
898328,0.0042453455
898329,0.0050445544
898330,0.66837853
898331,0.6044229
898332,0.11281693
898333,0.01117306
898334,0.030501548
898335,0.013736468
898336,0.024561308
898337,0.07212287
898338,0.7178704
898339,0.9943463
898340,0.8948741
898341,0.96526796
898342,0.0569856
898343,0.19223434
898344,0.99882185
898345,0.123726405
898346,0.17285271
898347,0.68438876
898348,0.009268114
898349,0.013038524
898350,0.9929877
898351,0.042667404
898352,0.03772314
898353,0.7060455
898354,0.07022996
898355,0.19183764
898356,0.007899986
898357,0.064713635
898358,0.82645047
898359,0.98555046
898360,0.021166122
898361,0.03944549
898362,0.004860655
898363,0.152556
898364,0.12941517
898365,0.08258104
898366,0.9897075
898367,0.026360277
898368,0.9450722
898369,0.0045560347
898370,0.933329
898371,0.02233306
898372,0.79729927
898373,0.993864
898374,0.015275773
898375,0.3554933
898376,0.02624803
898377,0.9995532
898378,0.016126387
898379,0.007420101
898380,0.06693937
898381,0.3896711
898382,0.01321715
898383,0.84144723
898384,0.9585536
898385,0.97341263
898386,0.2853741
898387,0.96487236
898388,0.2756468
898389,0.991523
898390,0.010443007
898391,0.9850307
898392,0.99260664
898393,0.056806058
898394,0.9564361
898395,0.9426125
898396,0.06263253
898397,0.7459704
898398,0.02979633
898399,0.10843535
898400,0.078596815
898401,0.057440016
898402,0.010175936
898403,0.0026059472
898404,0.8384083
898405,0.0027169513
898406,0.64342916
898407,0.97921956
898408,0.0055156
898409,0.15086329
898410,0.47772095
898411,0.05930697
898412,0.046302386
898413,0.006455592
898414,0.9710264
898415,0.45781916
898416,0.9825677
898417,0.99783456
898418,0.9950275
898419,0.5900866
898420,0.6805709
898421,0.023391884
898422,0.7533264
898423,0.998216
898424,0.002110945
898425,0.27658528
898426,0.843302
898427,0.9911651
898428,0.44231653
898429,0.7127488
898430,0.022367517
898431,0.05620696
898432,0.042864144
898433,0.055683304
898434,0.57320195
898435,0.0032243857
898436,0.67423165
898437,0.007864346
898438,0.093788125
898439,0.18131262
898440,0.9751828
898441,0.004815817
898442,0.9530287
898443,0.99936473
898444,0.8543526
898445,0.8352872
898446,0.027163753
898447,0.4985246
898448,0.5728125
898449,0.80334693
898450,0.016356278
898451,0.110713325
898452,0.62302285
898453,0.003569603
898454,0.62718093
898455,0.019052427
898456,0.0032377397
898457,0.002658731
898458,0.9990415
898459,0.37276453
898460,0.007232754
898461,0.99359995
898462,0.9976364
898463,0.018658377
898464,0.0063271867
898465,0.9913335
898466,0.4786315
898467,0.5070357
898468,0.09507284
898469,0.03194852
898470,0.967775
898471,0.08567976
898472,0.40877134
898473,0.9961182
898474,0.04956166
898475,0.099846646
898476,0.9832288
898477,0.013091567
898478,0.17609543
898479,0.9509858
898480,0.015241834
898481,0.98926276
898482,0.92985123
898483,0.90151757
898484,0.019990578
898485,0.17303482
898486,0.066410705
898487,0.9996364
898488,0.97429
898489,0.42766055
898490,0.55362934
898491,0.7969596
898492,0.98850125
898493,0.049176108
898494,0.0020570224
898495,0.7742815
898496,0.007954308
898497,0.0485849
898498,0.99306685
898499,0.017254733
898500,0.051387243
898501,0.9789933
898502,0.044667542
898503,0.37605724
898504,0.9755369
898505,0.57954955
898506,0.9521069
898507,0.46072534
898508,0.0030740337
898509,0.007227907
898510,0.014486002
898511,0.00550879
898512,0.01103875
898513,0.111934446
898514,0.008881032
898515,0.016478201
898516,0.026664149
898517,0.18886897
898518,0.006306664
898519,0.11194968
898520,0.14114133
898521,0.009853471
898522,0.007395684
898523,0.037092388
898524,0.8620419
898525,0.08388871
898526,0.9982617
898527,0.22290663
898528,0.007369056
898529,0.02513973
898530,0.16155049
898531,0.19967037
898532,0.1956397
898533,0.9808219
898534,0.38629055
898535,0.03319333
898536,0.05740102
898537,0.65500283
898538,0.0056761154
898539,0.9952127
898540,0.46861947
898541,0.033319954
898542,0.9383819
898543,0.003856339
898544,0.99970007
898545,0.01789127
898546,0.9917741
898547,0.019720564
898548,0.11626164
898549,0.97834235
898550,0.96104395
898551,0.96966684
898552,0.0020750188
898553,0.9723343
898554,0.43193713
898555,0.024217177
898556,0.88866293
898557,0.9243022
898558,0.9730259
898559,0.31289563
898560,0.057958744
898561,0.7962148
898562,0.28763244
898563,0.081290476
898564,0.17312805
898565,0.1251117
898566,0.029676193
898567,0.8995882
898568,0.77405566
898569,0.9816357
898570,0.39171866
898571,0.9613239
898572,0.008092043
898573,0.9973628
898574,0.012902718
898575,0.73315847
898576,0.048677545
898577,0.35953054
898578,0.90401924
898579,0.73487747
898580,0.07910393
898581,0.29223374
898582,0.058874298
898583,0.9786371
898584,0.810123
898585,0.94330215
898586,0.004226399
898587,0.92500407
898588,0.022353673
898589,0.024831396
898590,0.97751015
898591,0.14733702
898592,0.9302821
898593,0.037734337
898594,0.05834441
898595,0.94351023
898596,0.07990517
898597,0.9892681
898598,0.08677204
898599,0.97178787
898600,0.26666564
898601,0.98818403
898602,0.016545467
898603,0.97738564
898604,0.25941002
898605,0.018507682
898606,0.17608097
898607,0.9516488
898608,0.70436025
898609,0.15976903
898610,0.96878123
898611,0.40993837
898612,0.7042756
898613,0.92520994
898614,0.9375055
898615,0.9639398
898616,0.9908712
898617,0.9994734
898618,0.04417876
898619,0.17668442
898620,0.0043321187
898621,0.77621245
898622,0.6794796
898623,0.004195937
898624,0.7016876
898625,0.9975152
898626,0.011721055
898627,0.013803134
898628,0.9510016
898629,0.018266896
898630,0.9947965
898631,0.9292114
898632,0.9853315
898633,0.99076426
898634,0.42867947
898635,0.6896667
898636,0.1767211
898637,0.67285764
898638,0.07995636
898639,0.061244972
898640,0.047271814
898641,0.0008974481
898642,0.97379947
898643,0.0044728834
898644,0.03308106
898645,0.92619383
898646,0.5332078
898647,0.34519222
898648,0.0036305732
898649,0.96471095
898650,0.0041459915
898651,0.010289438
898652,0.8895456
898653,0.9253416
898654,0.97083515
898655,0.030558893
898656,0.1130131
898657,0.10497944
898658,0.034777313
898659,0.024941526
898660,0.9989012
898661,0.027130935
898662,0.010325311
898663,0.99675536
898664,0.6692554
898665,0.90396804
898666,0.08170797
898667,0.019291576
898668,0.11214974
898669,0.0029424825
898670,0.011738632
898671,0.0031345482
898672,0.1041227
898673,0.76638216
898674,0.6814605
898675,0.90605557
898676,0.0917589
898677,0.015347421
898678,0.96686244
898679,0.5690181
898680,0.018725395
898681,0.33887413
898682,0.0399563
898683,0.8926242
898684,0.0022291725
898685,0.9991368
898686,0.047722578
898687,0.6113681
898688,0.0023884214
898689,0.05299479
898690,0.022416364
898691,0.98798466
898692,0.41122624
898693,0.020641008
898694,0.987068
898695,0.09803177
898696,0.93738276
898697,0.12678929
898698,0.11160619
898699,0.9961021
898700,0.27530742
898701,0.89602065
898702,0.30541754
898703,0.071602955
898704,0.009964092
898705,0.4350174
898706,0.25850597
898707,0.02559932
898708,0.0116618415
898709,0.02463078
898710,0.12080528
898711,0.9903449
898712,0.0041772267
898713,0.20806326
898714,0.028507091
898715,0.021739542
898716,0.9855944
898717,0.60828125
898718,0.9428657
898719,0.029568153
898720,0.010640942
898721,0.5197762
898722,0.97684586
898723,0.18130814
898724,0.014808978
898725,0.021301266
898726,0.9834232
898727,0.99789804
898728,0.98669446
898729,0.09265995
898730,0.0028508673
898731,0.0026990585
898732,0.01773467
898733,0.98338664
898734,0.9964802
898735,0.005063552
898736,0.024597574
898737,0.9869875
898738,0.9624472
898739,0.011665985
898740,0.8186293
898741,0.8443829
898742,0.6820015
898743,0.45934987
898744,0.0152952215
898745,0.014635151
898746,0.8978715
898747,0.9968504
898748,0.016742982
898749,0.19901429
898750,0.0069796867
898751,0.3863683
898752,0.24033418
898753,0.038954165
898754,0.0030338836
898755,0.0066115377
898756,0.12649938
898757,0.0999731
898758,0.09364339
898759,0.99221444
898760,0.12990046
898761,0.0064884927
898762,0.9729537
898763,0.029871156
898764,0.0929493
898765,0.95862335
898766,0.0014460202
898767,0.53859806
898768,0.13023873
898769,0.003922213
898770,0.6113533
898771,0.96035767
898772,0.23519093
898773,0.05313709
898774,0.0040014707
898775,0.45132035
898776,0.9941666
898777,0.037373327
898778,0.012607617
898779,0.02436985
898780,0.004056303
898781,0.9266597
898782,0.008428378
898783,0.006397448
898784,0.18394466
898785,0.0074665067
898786,0.9994538
898787,0.10036071
898788,0.009659737
898789,0.98275566
898790,0.68908334
898791,0.8606901
898792,0.042476937
898793,0.0015975166
898794,0.9977404
898795,0.0068343673
898796,0.046061605
898797,0.78286225
898798,0.9440907
898799,0.9207672
898800,0.9791104
898801,0.99204814
898802,0.076940134
898803,0.9924654
898804,0.30807024
898805,0.98189217
898806,0.023237694
898807,0.027809646
898808,0.983019
898809,0.32509273
898810,0.6516205
898811,0.11007634
898812,0.9980045
898813,0.037041448
898814,0.8297168
898815,0.08026329
898816,0.6634488
898817,0.8269373
898818,0.9930401
898819,0.9721066
898820,0.027539363
898821,0.014552718
898822,0.9885676
898823,0.77390814
898824,0.29774472
898825,0.422798
898826,0.05617034
898827,0.78930753
898828,0.034204755
898829,0.6296104
898830,0.051478058
898831,0.04229784
898832,0.040432997
898833,0.06856035
898834,0.76302516
898835,0.984356
898836,0.85957795
898837,0.99638474
898838,0.17122775
898839,0.025501432
898840,0.083301455
898841,0.0022250602
898842,0.99562585
898843,0.089987576
898844,0.9785507
898845,0.82146627
898846,0.040341817
898847,0.98454773
898848,0.9507363
898849,0.052606538
898850,0.91693467
898851,0.85069185
898852,0.020169783
898853,0.02668644
898854,0.011587716
898855,0.065760285
898856,0.13227825
898857,0.14676861
898858,0.0977938
898859,0.8730434
898860,0.67010653
898861,0.5686185
898862,0.047778193
898863,0.0072012763
898864,0.96239144
898865,0.99223167
898866,0.018631682
898867,0.9153166
898868,0.0041786316
898869,0.15178785
898870,0.0027138544
898871,0.08365107
898872,0.04848089
898873,0.5262384
898874,0.7751595
898875,0.9349539
898876,0.9644462
898877,0.9989692
898878,0.98919487
898879,0.0047728047
898880,0.023832586
898881,0.018588424
898882,0.8112737
898883,0.25063983
898884,0.5024596
898885,0.8717059
898886,0.59516716
898887,0.039358776
898888,0.9784133
898889,0.28346005
898890,0.083354115
898891,0.052227397
898892,0.99341905
898893,0.9604012
898894,0.25503182
898895,0.95589364
898896,0.07562774
898897,0.70516443
898898,0.99430937
898899,0.024239477
898900,0.9266726
898901,0.08926715
898902,0.06718614
898903,0.13303232
898904,0.031889174
898905,0.0059254435
898906,0.89829713
898907,0.09469306
898908,0.8986092
898909,0.98914343
898910,0.009403847
898911,0.04675252
898912,0.6947926
898913,0.0075504994
898914,0.97312415
898915,0.9906697
898916,0.6619078
898917,0.98016006
898918,0.38171917
898919,0.14609784
898920,0.015307351
898921,0.76921445
898922,0.011343655
898923,0.041530807
898924,0.99924564
898925,0.03072491
898926,0.03420326
898927,0.026434194
898928,0.5291374
898929,0.36302635
898930,0.9896202
898931,0.046596114
898932,0.28662443
898933,0.0039227796
898934,0.09918967
898935,0.4272117
898936,0.53603613
898937,0.93452257
898938,0.11390338
898939,0.074057035
898940,0.14740731
898941,0.21241847
898942,0.19684038
898943,0.0076601575
898944,0.924757
898945,0.7574063
898946,0.5945999
898947,0.0044373185
898948,0.1128155
898949,0.99095243
898950,0.19523358
898951,0.14090982
898952,0.964633
898953,0.017032914
898954,0.84177184
898955,0.019149024
898956,0.37148252
898957,0.032552693
898958,0.031944267
898959,0.30607918
898960,0.018724542
898961,0.6200154
898962,0.28584623
898963,0.48305926
898964,0.02367468
898965,0.024919763
898966,0.01144854
898967,0.004860843
898968,0.94280374
898969,0.8187294
898970,0.9309345
898971,0.0033405456
898972,0.9717055
898973,0.98438066
898974,0.9228522
898975,0.013393896
898976,0.0029821938
898977,0.9817442
898978,0.083495915
898979,0.006412325
898980,0.090970464
898981,0.9916903
898982,0.9908523
898983,0.5976136
898984,0.94804186
898985,0.079348296
898986,0.12640887
898987,0.19435056
898988,0.035811346
898989,0.001739825
898990,0.04224681
898991,0.042813268
898992,0.02741104
898993,0.988773
898994,0.040560417
898995,0.1651156
898996,0.9433512
898997,0.9841112
898998,0.026190454
898999,0.6715261
899000,0.0294929
899001,0.84717613
899002,0.0020372376
899003,0.087282136
899004,0.0030331302
899005,0.041085638
899006,0.075122625
899007,0.24907161
899008,0.040777013
899009,0.999383
899010,0.28819466
899011,0.033520643
899012,0.9884701
899013,0.012713123
899014,0.01150002
899015,0.98284066
899016,0.14297447
899017,0.17859805
899018,0.96657646
899019,0.20951201
899020,0.17786008
899021,0.0066328538
899022,0.5050021
899023,0.9691523
899024,0.86453307
899025,0.971743
899026,0.13466239
899027,0.014971987
899028,0.016050005
899029,0.0075389384
899030,0.9676403
899031,0.72456074
899032,0.0114283245
899033,0.0028422812
899034,0.9959254
899035,0.0066128215
899036,0.6010819
899037,0.33289266
899038,0.9960013
899039,0.9393832
899040,0.9579413
899041,0.8760037
899042,0.013128394
899043,0.16560139
899044,0.37280512
899045,0.99370116
899046,0.7844876
899047,0.27220273
899048,0.928185
899049,0.07507448
899050,0.12035815
899051,0.0074339877
899052,0.671975
899053,0.28757304
899054,0.022832103
899055,0.12304416
899056,0.568913
899057,0.119757205
899058,0.10870711
899059,0.96401
899060,0.8948498
899061,0.007347189
899062,0.32501587
899063,0.012092002
899064,0.99725103
899065,0.07736788
899066,0.88222367
899067,0.10601772
899068,0.08951111
899069,0.16057412
899070,0.189018
899071,0.99063694
899072,0.1891275
899073,0.9881206
899074,0.8972728
899075,0.005246756
899076,0.9494989
899077,0.9140775
899078,0.40274674
899079,0.05195135
899080,0.11294547
899081,0.34690082
899082,0.97947836
899083,0.6488362
899084,0.021238232
899085,0.4429518
899086,0.8174327
899087,0.93529975
899088,0.27372164
899089,0.006447632
899090,0.9889418
899091,0.9845834
899092,0.9763393
899093,0.15978734
899094,0.011629144
899095,0.99115056
899096,0.98407763
899097,0.017721426
899098,0.027570963
899099,0.14560817
899100,0.005758343
899101,0.11944331
899102,0.032586552
899103,0.87753344
899104,0.6474091
899105,0.7510835
899106,0.117788754
899107,0.00949217
899108,0.2567727
899109,0.9977118
899110,0.752371
899111,0.004884172
899112,0.9888435
899113,0.14434522
899114,0.024150282
899115,0.02226624
899116,0.050545573
899117,0.17165527
899118,0.022556126
899119,0.534233
899120,0.032535728
899121,0.7864893
899122,0.049825564
899123,0.9951231
899124,0.98899055
899125,0.13579023
899126,0.9303075
899127,0.22585261
899128,0.6549921
899129,0.1389194
899130,0.93779
899131,0.99180746
899132,0.06525416
899133,0.004992421
899134,0.024190804
899135,0.982204
899136,0.0070072655
899137,0.010266529
899138,0.8065636
899139,0.1678235
899140,0.9946599
899141,0.98310995
899142,0.025075864
899143,0.2100108
899144,0.21113908
899145,0.6451871
899146,0.92661285
899147,0.029438198
899148,0.41226262
899149,0.008164886
899150,0.006151396
899151,0.9969708
899152,0.9968041
899153,0.025831591
899154,0.24335776
899155,0.81817114
899156,0.006981532
899157,0.9967249
899158,0.81997395
899159,0.86571336
899160,0.7568822
899161,0.014873568
899162,0.9821732
899163,0.014989605
899164,0.7032412
899165,0.03405039
899166,0.24306594
899167,0.18928389
899168,0.99845165
899169,0.43262282
899170,0.036584783
899171,0.003249726
899172,0.0127197215
899173,0.00069945015
899174,0.008793967
899175,0.108150676
899176,0.03089842
899177,0.7272787
899178,0.96961635
899179,0.20155
899180,0.98750436
899181,0.0096856775
899182,0.042475663
899183,0.98589104
899184,0.4563045
899185,0.06284902
899186,0.039306402
899187,0.7467258
899188,0.021054484
899189,0.12139384
899190,0.99486136
899191,0.048364814
899192,0.034587614
899193,0.05725912
899194,0.98733336
899195,0.003221116
899196,0.010881777
899197,0.99680614
899198,0.009055453
899199,0.04351004
899200,0.86389726
899201,0.04814433
899202,0.96746695
899203,0.05691719
899204,0.007611706
899205,0.96193
899206,0.9844879
899207,0.7704103
899208,0.9224727
899209,0.9888568
899210,0.9575726
899211,0.1774165
899212,0.009930121
899213,0.86772263
899214,0.028945645
899215,0.57119167
899216,0.1284844
899217,0.015540432
899218,0.8455804
899219,0.3833154
899220,0.9617801
899221,0.03516124
899222,0.028916541
899223,0.040247038
899224,0.9060304
899225,0.5370508
899226,0.06513925
899227,0.007836059
899228,0.0052455827
899229,0.93026453
899230,0.114126585
899231,0.012256866
899232,0.22774959
899233,0.99846375
899234,0.08652496
899235,0.3095389
899236,0.99828345
899237,0.9964021
899238,0.008979744
899239,0.02171744
899240,0.9434259
899241,0.62267137
899242,0.059087075
899243,0.020740071
899244,0.1392915
899245,0.9835005
899246,0.12351562
899247,0.042052407
899248,0.3528573
899249,0.9905286
899250,0.008331488
899251,0.10673923
899252,0.00260171
899253,0.5911228
899254,0.9396089
899255,0.025615696
899256,0.9847717
899257,0.43472323
899258,0.38473147
899259,0.016490359
899260,0.0398831
899261,0.9668484
899262,0.22718552
899263,0.04024583
899264,0.005977979
899265,0.26981625
899266,0.9679122
899267,0.6026623
899268,0.009303963
899269,0.021564009
899270,0.4286808
899271,0.8677759
899272,0.8785498
899273,0.9548898
899274,0.00070253434
899275,0.011526163
899276,0.055175543
899277,0.1143122
899278,0.78229636
899279,0.3202057
899280,0.8767127
899281,0.8846405
899282,0.19459862
899283,0.10780245
899284,0.20680605
899285,0.16480455
899286,0.3065426
899287,0.0056354944
899288,0.28620264
899289,0.029358175
899290,0.013945073
899291,0.28039032
899292,0.011376843
899293,0.016544774
899294,0.34384185
899295,0.03668344
899296,0.9839213
899297,0.8412865
899298,0.9378685
899299,0.17321177
899300,0.96719146
899301,0.9751524
899302,0.58539426
899303,0.9823255
899304,0.7109914
899305,0.9093921
899306,0.025222618
899307,0.024350915
899308,0.41578186
899309,0.34881485
899310,0.02474551
899311,0.0052030925
899312,0.05771189
899313,0.9557549
899314,0.16919729
899315,0.014946598
899316,0.9512835
899317,0.0072612683
899318,0.07981673
899319,0.027595056
899320,0.0034556466
899321,0.8215002
899322,0.9459733
899323,0.9900478
899324,0.20207024
899325,0.9900355
899326,0.89473
899327,0.96257657
899328,0.56263083
899329,0.98547477
899330,0.8679495
899331,0.057237484
899332,0.040958308
899333,0.4669438
899334,0.02342363
899335,0.023934532
899336,0.010925236
899337,0.9585184
899338,0.98265725
899339,0.99005675
899340,0.10609527
899341,0.49098396
899342,0.9974157
899343,0.023871891
899344,0.017318249
899345,0.9807602
899346,0.7584966
899347,0.0037849594
899348,0.6913029
899349,0.037611328
899350,0.3456228
899351,0.34770232
899352,0.97281706
899353,0.21346498
899354,0.9793545
899355,0.008274779
899356,0.016149243
899357,0.93737686
899358,0.92135423
899359,0.012576631
899360,0.3252059
899361,0.0067594526
899362,0.9656053
899363,0.18809189
899364,0.9088768
899365,0.13105743
899366,0.010441909
899367,0.9925935
899368,0.9848449
899369,0.9962177
899370,0.7113121
899371,0.7390498
899372,0.076138616
899373,0.9064586
899374,0.017172951
899375,0.20270069
899376,0.21819568
899377,0.64019084
899378,0.061815567
899379,0.8941218
899380,0.14071673
899381,0.9419974
899382,0.53864026
899383,0.09063083
899384,0.006162299
899385,0.9671682
899386,0.9826331
899387,0.4371364
899388,0.035720207
899389,0.015664617
899390,0.0955566
899391,0.5924213
899392,0.9957259
899393,0.037970513
899394,0.9883294
899395,0.9519388
899396,0.025671862
899397,0.01685454
899398,0.8360977
899399,0.015014843
899400,0.24909791
899401,0.9840019
899402,0.021890879
899403,0.9941298
899404,0.012388755
899405,0.44758937
899406,0.015465474
899407,0.34237015
899408,0.0076954635
899409,0.745654
899410,0.9816856
899411,0.0025721046
899412,0.98422354
899413,0.8902136
899414,0.004710276
899415,0.0026152453
899416,0.12701818
899417,0.16661882
899418,0.019513888
899419,0.003924502
899420,0.077691145
899421,0.21085182
899422,0.038797207
899423,0.028541477
899424,0.6244235
899425,0.92661864
899426,0.17229779
899427,0.0058755144
899428,0.994895
899429,0.9858056
899430,0.27601534
899431,0.19875121
899432,0.07329947
899433,0.18782324
899434,0.8258953
899435,0.026689744
899436,0.6500505
899437,0.9239136
899438,0.7343761
899439,0.20474078
899440,0.32118052
899441,0.024509983
899442,0.96804523
899443,0.96903074
899444,0.9986443
899445,0.97095335
899446,0.14129385
899447,0.02426962
899448,0.6325643
899449,0.8206096
899450,0.020694647
899451,0.28285098
899452,0.97647
899453,0.2962711
899454,0.96411556
899455,0.04135094
899456,0.99284697
899457,0.005273994
899458,0.98444486
899459,0.43051502
899460,0.86510277
899461,0.5612818
899462,0.9785577
899463,0.07894349
899464,0.058155585
899465,0.6329887
899466,0.8105569
899467,0.86004364
899468,0.15261519
899469,0.9841
899470,0.9493001
899471,0.12179484
899472,0.73626345
899473,0.12133798
899474,0.96452886
899475,0.031906594
899476,0.10518934
899477,0.014166822
899478,0.0027810584
899479,0.29047176
899480,0.96494013
899481,0.9094883
899482,0.09329296
899483,0.037330456
899484,0.92281413
899485,0.1384082
899486,0.015174248
899487,0.039870344
899488,0.99454254
899489,0.9799343
899490,0.32483068
899491,0.9935722
899492,0.6998385
899493,0.93159455
899494,0.9973892
899495,0.056865275
899496,0.37218794
899497,0.551128
899498,0.997754
899499,0.10628627
899500,0.5484071
899501,0.013710171
899502,0.12019666
899503,0.029909613
899504,0.27861115
899505,0.18177529
899506,0.0045881364
899507,0.11538586
899508,0.040155374
899509,0.03080008
899510,0.94934195
899511,0.006062961
899512,0.9648081
899513,0.05718351
899514,0.93410563
899515,0.04007913
899516,0.80605966
899517,0.93787897
899518,0.9950274
899519,0.041193385
899520,0.5987921
899521,0.96212536
899522,0.09450262
899523,0.036286347
899524,0.14822087
899525,0.9406188
899526,0.97205377
899527,0.7541073
899528,0.79594904
899529,0.00282663
899530,0.9158704
899531,0.03269808
899532,0.8587884
899533,0.98345965
899534,0.34872273
899535,0.9958695
899536,0.13106975
899537,0.99884444
899538,0.99538326
899539,0.9883415
899540,0.0052836756
899541,0.020503774
899542,0.12476618
899543,0.96463346
899544,0.03049322
899545,0.81635046
899546,0.019137418
899547,0.007697823
899548,0.024533149
899549,0.78600645
899550,0.0052044783
899551,0.03186304
899552,0.99649125
899553,0.92378426
899554,0.014576861
899555,0.23974532
899556,0.054927837
899557,0.32741076
899558,0.048799995
899559,0.12248841
899560,0.9970989
899561,0.93615544
899562,0.016124334
899563,0.7963196
899564,0.015780888
899565,0.778357
899566,0.054810997
899567,0.66545534
899568,0.9523494
899569,0.6532436
899570,0.98450404
899571,0.7508022
899572,0.66518855
899573,0.8671289
899574,0.017580118
899575,0.9970341
899576,0.0131364055
899577,0.18072441
899578,0.0022764532
899579,0.9895039
899580,0.98898256
899581,0.042586647
899582,0.083950855
899583,0.9455805
899584,0.7045759
899585,0.07700598
899586,0.009186335
899587,0.008581016
899588,0.9989028
899589,0.38216236
899590,0.9764797
899591,0.49534404
899592,0.103157185
899593,0.33098468
899594,0.083653495
899595,0.33143893
899596,0.4153528
899597,0.39395398
899598,0.9932015
899599,0.9814634
899600,0.99673045
899601,0.0910977
899602,0.034970015
899603,0.072949596
899604,0.038059264
899605,0.93128353
899606,0.9857376
899607,0.63924414
899608,0.0024810801
899609,0.0103794355
899610,0.57187736
899611,0.004153624
899612,0.039797567
899613,0.9588279
899614,0.9914746
899615,0.08522277
899616,0.99478185
899617,0.7285422
899618,0.013853304
899619,0.0021659161
899620,0.057126306
899621,0.2151756
899622,0.7233881
899623,0.39352426
899624,0.8142095
899625,0.012254331
899626,0.9749055
899627,0.82233363
899628,0.034823082
899629,0.11532222
899630,0.79581606
899631,0.91704005
899632,0.66989887
899633,0.8556179
899634,0.062826894
899635,0.957224
899636,0.9230924
899637,0.98124886
899638,0.17322627
899639,0.0009626466
899640,0.98825276
899641,0.31887215
899642,0.008862136
899643,0.011710273
899644,0.25540578
899645,0.21797928
899646,0.04941074
899647,0.7071421
899648,0.0060093272
899649,0.98176056
899650,0.86616945
899651,0.0028698794
899652,0.018375628
899653,0.9883321
899654,0.013290167
899655,0.034736007
899656,0.9634267
899657,0.9758848
899658,0.027070481
899659,0.008093009
899660,0.004975776
899661,0.9453561
899662,0.07365635
899663,0.013690096
899664,0.76990926
899665,0.51586074
899666,0.99782586
899667,0.41586176
899668,0.4900477
899669,0.3824168
899670,0.004057974
899671,0.98288953
899672,0.24887948
899673,0.73880464
899674,0.9984539
899675,0.56679267
899676,0.11132126
899677,0.89189094
899678,0.7066656
899679,0.9970254
899680,0.9698979
899681,0.07070007
899682,0.29938695
899683,0.14384009
899684,0.9970879
899685,0.023149248
899686,0.014229124
899687,0.95127255
899688,0.07692352
899689,0.45033693
899690,0.034622274
899691,0.019971972
899692,0.080635026
899693,0.051185034
899694,0.01749276
899695,0.044569377
899696,0.018989744
899697,0.2827623
899698,0.07545011
899699,0.008830579
899700,0.96659267
899701,0.3852079
899702,0.99718606
899703,0.05804672
899704,0.6630414
899705,0.99045324
899706,0.9976302
899707,0.56645036
899708,0.5428317
899709,0.90630454
899710,0.1327258
899711,0.8734356
899712,0.9791036
899713,0.0017421142
899714,0.0009109658
899715,0.032375388
899716,0.012479994
899717,0.99346757
899718,0.78584653
899719,0.09271023
899720,0.036375687
899721,0.021172415
899722,0.99850893
899723,0.20048389
899724,0.63546574
899725,0.008471776
899726,0.933076
899727,0.27181974
899728,0.057616938
899729,0.44270507
899730,0.94066507
899731,0.94927233
899732,0.8956355
899733,0.01911454
899734,0.9251304
899735,0.2734978
899736,0.73446065
899737,0.0020246005
899738,0.3976354
899739,0.002182672
899740,0.27932602
899741,0.18238667
899742,0.9398463
899743,0.03122456
899744,0.98472875
899745,0.20264214
899746,0.13995063
899747,0.008712568
899748,0.8824385
899749,0.9981928
899750,0.6486443
899751,0.9502006
899752,0.99785227
899753,0.9679678
899754,0.87471515
899755,0.15974179
899756,0.11782193
899757,0.9692323
899758,0.50095814
899759,0.019871507
899760,0.043832377
899761,0.8703896
899762,0.9934339
899763,0.0378175
899764,0.8062825
899765,0.121508546
899766,0.051747553
899767,0.8527919
899768,0.98585224
899769,0.17630474
899770,0.9300277
899771,0.7653577
899772,0.16615817
899773,0.008146291
899774,0.03918545
899775,0.9725612
899776,0.9752563
899777,0.9954673
899778,0.93517315
899779,0.74538016
899780,0.02350148
899781,0.36632317
899782,0.7375997
899783,0.008138905
899784,0.06846658
899785,0.9730609
899786,0.646897
899787,0.2505561
899788,0.9791182
899789,0.06384959
899790,0.050190523
899791,0.029091394
899792,0.030783817
899793,0.13864319
899794,0.71846825
899795,0.3721514
899796,0.9934779
899797,0.68789506
899798,0.026326943
899799,0.042979814
899800,0.91939545
899801,0.9805113
899802,0.061174016
899803,0.021707011
899804,0.997564
899805,0.24327458
899806,0.96552753
899807,0.4010985
899808,0.9151777
899809,0.5349616
899810,0.66621315
899811,0.77597284
899812,0.033166993
899813,0.9924524
899814,0.020762341
899815,0.008428121
899816,0.02590471
899817,0.0017375019
899818,0.31143102
899819,0.01431483
899820,0.7048473
899821,0.02160909
899822,0.95991063
899823,0.61619955
899824,0.8574159
899825,0.019112058
899826,0.9987166
899827,0.9971321
899828,0.9063709
899829,0.060810275
899830,0.97370934
899831,0.0037314768
899832,0.9870301
899833,0.99754107
899834,0.80528283
899835,0.044598773
899836,0.7659817
899837,0.007933336
899838,0.46410656
899839,0.20968013
899840,0.11079779
899841,0.6738118
899842,0.050834525
899843,0.0816094
899844,0.05285512
899845,0.100197755
899846,0.9941983
899847,0.5007057
899848,0.980448
899849,0.99804926
899850,0.0019893132
899851,0.9471461
899852,0.998792
899853,0.99786234
899854,0.72230357
899855,0.0019590294
899856,0.8771804
899857,0.024818078
899858,0.91239196
899859,0.26729912
899860,0.12706673
899861,0.8005903
899862,0.82166594
899863,0.98102504
899864,0.06291158
899865,0.9062866
899866,0.10925112
899867,0.041652374
899868,0.034149677
899869,0.02729788
899870,0.8792282
899871,0.0039033229
899872,0.14252958
899873,0.0011904561
899874,0.21893266
899875,0.08183487
899876,0.17854212
899877,0.013261994
899878,0.701323
899879,0.9926578
899880,0.0066513596
899881,0.005360291
899882,0.04067865
899883,0.0244183
899884,0.9994216
899885,0.9668609
899886,0.13663581
899887,0.9437218
899888,0.99777734
899889,0.013458928
899890,0.026586957
899891,0.053996496
899892,0.007177083
899893,0.0057669743
899894,0.07860673
899895,0.016534016
899896,0.043853574
899897,0.9980148
899898,0.14510684
899899,0.09224054
899900,0.18948896
899901,0.048722364
899902,0.9818151
899903,0.8216653
899904,0.9976845
899905,0.1195338
899906,0.0230304
899907,0.015822442
899908,0.74849653
899909,0.03286025
899910,0.9852454
899911,0.009526223
899912,0.006384843
899913,0.96240705
899914,0.82097757
899915,0.027953524
899916,0.6880224
899917,0.007358295
899918,0.020596145
899919,0.6856018
899920,0.97140795
899921,0.3107479
899922,0.04396041
899923,0.8628497
899924,0.9235748
899925,0.91332436
899926,0.3504059
899927,0.96138984
899928,0.006586506
899929,0.012260981
899930,0.0016623277
899931,0.06000638
899932,0.9868265
899933,0.06403032
899934,0.027742308
899935,0.06271946
899936,0.10159647
899937,0.006371662
899938,0.03657148
899939,0.0061695334
899940,0.9260673
899941,0.0022812136
899942,0.07757726
899943,0.9973579
899944,0.04274041
899945,0.94060653
899946,0.91532695
899947,0.9879774
899948,0.050449178
899949,0.8186248
899950,0.27815762
899951,0.020217482
899952,0.03277746
899953,0.773965
899954,0.96229017
899955,0.42445454
899956,0.37389767
899957,0.9763417
899958,0.9698228
899959,0.0029421283
899960,0.96278316
899961,0.013737672
899962,0.9990314
899963,0.6234998
899964,0.0044206157
899965,0.036967456
899966,0.37928545
899967,0.11176771
899968,0.9837145
899969,0.9092496
899970,0.9976454
899971,0.79109544
899972,0.011481008
899973,0.0056379302
899974,0.010176266
899975,0.030197522
899976,0.004707403
899977,0.4403751
899978,0.99553144
899979,0.9536694
899980,0.018183768
899981,0.8597279
899982,0.27026504
899983,0.07094391
899984,0.016739726
899985,0.9861754
899986,0.94621396
899987,0.25166905
899988,0.9467505
899989,0.26595664
899990,0.9917276
899991,0.7228597
899992,0.39288354
899993,0.028743237
899994,0.48157927
899995,0.15103245
899996,0.6717672
899997,0.049727857
899998,0.18528464
899999,0.024514219
